80 10
46 22 47 13 66 29 25 21 14 17 13 51 68 44 18 41 35 35 26 43 61 12 72 11 52 63 17 44 45 31 30 6 31 9 38 29 37 24 46 35 47 59 73 21 17 43 77 38 66 54 71 53 52 40 30 35 21 55 79 34 73 77 56 36 29 6 44 47 42 74 65 24 57 75 51 65 78 41 6 36
14 64 80 54 32 9 74 29 43 11 55 17 51 62 48 39 7 80 28 2 3 32 12 11 69 47 17 13 68 2 45 62 51 40 16 74 1 51 44 40 41 29 55 51 76 53 69 35 15 31 50 66 33 16 43 2 19 11 79 20 3 26 29 27 31 35 44 59 26 7 73 80 24 9 65 44 3 5 28 26
54 15 31 67 10 52 30 49 4 5 56 38 46 46 13 63 58 37 78 28 51 1 4 78 3 25 69 24 33 74 46 74 31 54 14 38 36 69 19 48 57 26 51 17 18 65 63 26 31 68 34 51 76 76 55 20 66 64 67 49 46 50 53 75 78 21 15 49 44 79 66 48 73 46 55 48 7 10 45 34
40 52 46 30 48 43 23 26 56 58 17 56 55 18 73 22 79 53 20 23 1 67 64 39 4 34 17 38 43 39 63 13 35 40 3 21 6 63 23 51 42 38 76 61 73 2 12 10 45 14 10 74 26 63 67 22 5 1 54 65 23 70 61 13 33 31 11 8 73 6 55 63 14 75 57 41 14 64 69 33
47 62 1 75 39 66 65 11 52 55 19 11 4 8 76 61 33 13 59 7 79 37 69 1 14 52 47 48 6 71 39 60 65 3 23 1 76 51 54 29 56 37 3 34 47 56 63 3 80 49 77 59 14 70 12 24 56 49 33 44 62 32 65 28 17 62 19 36 44 78 56 21 26 36 65 37 45 63 12 22
27 52 7 67 73 6 75 29 57 40 23 36 21 56 33 25 12 19 26 7 62 16 78 47 59 52 34 62 65 35 46 47 66 69 43 40 27 23 5 23 38 51 66 67 32 64 28 80 62 61 78 72 3 47 21 51 45 37 68 12 19 43 3 39 62 36 1 24 46 39 21 46 1 62 19 37 30 56 15 54
62 10 28 39 20 37 32 13 63 61 76 76 61 10 7 72 18 72 64 53 30 25 54 68 34 41 22 68 54 3 13 76 29 80 44 19 30 45 60 39 26 37 37 56 12 20 14 19 1 41 27 9 60 24 35 37 42 28 57 64 15 37 18 18 42 22 61 73 43 79 53 27 25 17 40 30 77 41 16 73
2 24 47 65 25 79 25 77 31 13 3 24 23 44 27 28 12 48 18 29 78 56 54 29 80 50 11 60 32 11 40 70 77 80 14 14 62 6 33 20 56 49 68 62 8 2 62 13 52 73 14 38 70 36 13 65 56 60 36 75 38 78 30 66 37 15 26 21 70 61 24 49 48 52 65 45 11 78 18 43
46 10 73 23 39 73 39 4 20 42 32 48 48 35 24 38 71 56 52 58 45 31 63 28 43 70 53 35 80 38 53 12 62 44 48 30 38 32 5 26 43 40 46 3 32 29 58 60 66 3 17 17 73 32 53 22 47 29 73 69 60 35 77 47 59 24 60 40 18 38 6 67 55 77 51 46 5 11 75 52
46 75 22 69 59 21 16 63 80 2 43 51 37 52 42 55 52 19 6 17 60 5 13 62 75 18 6 5 62 56 55 73 26 32 42 32 42 25 33 9 31 1 30 80 62 55 31 20 24 40 64 7 47 37 64 5 2 77 1 35 56 80 78 48 19 16 45 19 70 63 74 50 1 56 19 41 23 70 62 19
77 66 38 68 35 74 55 67 34 74 77 45 9 1 68 7 5 13 27 40 6 36 42 59 69 40 33 43 17 23 36 57 36 52 58 31 9 27 21 21 40 65 78 31 27 2 26 42 20 33 55 32 46 69 45 71 5 42 54 80 16 40 67 4 65 43 49 75 9 72 3 39 38 48 39 6 41 31 62 77
62 33 70 34 63 73 18 65 17 78 68 8 80 54 73 37 51 73 33 28 74 45 19 11 65 17 14 74 62 9 46 73 71 20 75 3 25 69 35 50 39 80 36 80 52 72 22 76 73 18 75 38 8 29 56 39 68 67 18 31 19 22 35 16 52 44 25 63 16 50 33 2 59 2 58 69 26 40 61 30
42 54 77 46 48 49 71 26 76 25 48 73 21 22 34 15 58 72 4 28 75 64 72 18 9 49 63 54 76 78 3 46 74 65 66 16 68 24 17 42 68 28 73 74 17 65 61 27 41 25 58 7 43 60 36 50 45 32 19 25 49 64 9 79 66 1 42 4 11 62 3 17 2 37 66 39 49 34 43 24
59 33 14 68 55 25 47 60 11 56 16 71 57 17 56 21 7 76 38 43 6 52 8 14 77 22 41 30 45 45 33 26 23 73 75 16 5 2 48 77 22 2 18 68 42 56 18 80 52 74 64 55 4 45 1 74 63 58 72 12 15 19 51 68 9 63 78 44 67 42 35 58 15 8 54 66 41 4 67 8
53 24 68 42 41 63 9 60 12 37 43 73 55 34 23 26 53 78 32 68 24 39 45 37 75 5 55 22 60 30 24 4 47 1 30 26 33 71 39 76 38 3 62 72 41 23 30 46 45 56 44 11 75 31 3 69 77 12 21 46 40 75 53 48 53 38 49 17 46 12 3 9 8 67 1 18 39 50 54 32
20 36 54 26 67 12 55 4 71 57 33 58 61 79 44 25 36 47 30 17 3 68 57 18 66 17 31 45 58 12 12 73 77 62 63 39 51 10 60 42 65 20 65 1 70 31 12 26 50 53 77 64 72 25 23 14 42 18 29 36 2 3 6 55 37 71 45 18 80 65 58 68 11 75 64 33 78 57 54 52
64 11 60 19 11 24 3 46 21 67 78 21 80 74 57 30 39 47 61 47 4 56 76 53 36 28 47 27 68 23 14 77 38 29 66 9 69 73 80 9 65 44 65 66 20 17 45 24 70 75 11 63 54 21 62 12 7 31 69 30 56 70 55 40 41 79 62 32 75 61 27 61 16 42 11 69 73 16 11 44
78 75 31 49 5 78 30 46 50 12 70 69 27 34 60 49 59 56 30 71 61 7 43 69 48 64 64 2 61 60 42 73 47 16 36 61 45 23 38 12 18 22 5 10 36 23 42 31 6 36 46 70 43 7 41 61 27 49 44 5 61 26 73 63 68 23 22 54 78 50 17 40 17 24 63 39 46 39 64 35
17 59 27 42 28 48 3 26 27 40 36 48 69 52 4 44 77 8 68 1 15 60 20 8 22 14 23 50 29 75 23 54 65 68 80 65 30 53 13 34 73 66 2 53 3 6 66 51 72 29 11 58 19 13 60 21 63 73 78 33 41 59 69 21 76 12 14 3 29 72 71 27 69 50 75 68 43 42 48 32
27 52 21 35 77 37 10 53 63 67 20 27 9 24 49 13 50 26 25 66 59 19 28 69 33 55 59 20 34 11 52 3 59 23 73 57 3 53 20 19 50 71 61 10 30 21 53 53 21 78 53 25 22 52 67 20 47 50 31 50 15 14 32 11 12 51 26 5 25 59 69 12 22 34 76 61 65 20 39 13
51 17 57 47 1 23 24 26 33 27 52 4 53 58 17 54 80 70 70 61 41 18 55 56 51 71 16 41 73 14 70 8 56 11 43 33 45 78 33 6 75 31 33 72 43 79 11 29 2 66 64 45 26 17 65 72 23 15 56 7 78 56 43 7 34 18 73 74 27 68 66 15 48 22 52 21 28 51 68 43
75 26 26 20 53 47 44 31 43 24 67 51 28 15 56 70 72 33 37 23 9 17 5 67 29 11 7 48 76 71 30 18 17 45 19 5 40 35 19 35 19 8 24 7 28 73 59 54 73 57 76 74 47 9 31 16 35 61 36 52 35 72 48 69 27 27 29 67 41 16 61 48 18 19 28 1 37 5 41 43
59 27 18 7 37 17 55 23 54 7 72 29 76 35 30 57 40 4 74 41 49 74 59 79 59 64 1 60 68 11 43 70 75 66 69 38 62 22 21 70 55 18 66 77 74 69 68 42 38 57 42 21 69 10 1 61 23 7 17 28 70 67 22 27 14 34 72 12 6 71 53 43 13 31 61 64 60 69 78 6
6 77 42 29 64 58 33 48 29 31 26 16 49 59 79 32 35 73 4 64 71 68 63 14 9 75 34 20 16 50 45 52 16 56 32 51 39 22 73 17 1 47 24 19 11 2 55 6 23 44 74 38 15 36 59 60 75 38 12 27 11 72 37 36 52 41 15 59 47 21 17 20 68 19 75 74 52 31 58 48
9 77 26 80 32 48 23 52 73 39 15 44 58 14 60 76 14 48 56 14 79 34 36 8 17 45 20 48 22 41 6 2 64 20 68 70 68 76 78 26 31 67 4 55 5 55 28 41 46 76 16 41 4 17 10 48 18 43 61 51 40 13 23 65 50 42 78 12 34 7 54 64 68 36 59 35 63 23 67 39
66 63 12 53 41 16 63 34 50 34 17 65 79 12 70 76 8 22 35 54 46 41 29 26 58 24 68 38 72 20 72 6 62 20 39 5 64 44 46 71 38 6 10 72 61 66 32 66 11 70 3 56 43 60 68 58 7 12 7 4 8 19 15 18 36 19 5 27 25 12 16 20 31 69 48 45 75 9 25 22
70 6 6 78 21 4 43 28 6 24 63 38 10 25 77 55 54 23 9 50 9 12 42 79 13 17 65 62 33 24 73 34 20 60 7 78 79 14 44 5 5 61 26 51 54 25 80 76 77 66 2 22 39 50 52 32 41 9 37 60 59 5 21 21 40 75 60 40 51 37 53 52 75 29 28 1 33 11 24 9
51 58 59 29 64 53 24 7 41 6 38 55 68 9 60 7 34 37 79 56 4 73 38 70 10 67 53 36 19 29 4 80 73 33 24 20 16 10 79 79 67 75 7 2 3 74 14 36 20 48 25 6 23 28 72 41 59 5 43 54 2 72 17 15 43 22 3 61 41 47 3 66 55 75 54 30 26 63 23 41
54 79 25 3 60 12 78 8 49 14 65 21 5 11 39 14 55 46 19 6 13 4 4 21 62 53 13 78 9 62 77 25 33 2 71 40 54 7 36 19 79 26 14 71 75 41 39 63 48 31 49 73 63 64 31 3 70 58 79 57 8 39 6 69 68 28 15 12 60 1 50 57 35 19 70 10 22 30 49 45
41 1 66 26 4 17 38 12 70 40 70 27 29 66 22 69 65 8 48 69 44 74 51 30 48 1 61 79 6 40 20 73 53 54 41 63 1 35 20 72 24 12 31 56 30 17 38 70 50 27 23 11 8 52 67 25 69 57 53 35 60 77 54 78 15 41 69 77 35 2 25 57 65 49 39 18 39 14 19 57
60 25 18 31 23 36 66 20 13 4 7 37 48 69 22 29 9 60 27 66 37 57 20 7 74 64 6 8 77 22 80 54 12 25 78 75 32 77 16 39 63 75 11 33 51 79 55 66 1 65 43 16 30 79 48 37 78 40 23 10 53 12 17 16 53 13 51 74 41 63 27 47 14 63 63 16 3 24 58 40
11 15 34 15 9 78 60 61 8 47 22 48 18 46 38 62 25 45 11 24 72 48 19 72 78 7 2 57 25 58 6 18 65 75 6 16 51 5 29 26 6 50 48 72 2 6 21 66 52 15 77 13 22 17 8 19 55 52 64 73 5 73 6 36 12 39 54 76 21 63 43 79 29 2 72 62 43 11 1 30
53 9 42 22 20 70 70 48 60 43 78 68 77 37 45 56 26 62 3 75 32 1 9 68 51 39 55 54 4 76 68 47 56 50 25 35 23 37 71 2 18 51 3 1 77 45 11 57 9 58 12 23 27 18 49 66 8 6 49 70 49 79 31 18 62 4 40 61 32 4 47 37 61 49 10 52 41 46 6 10
28 49 77 23 12 75 33 73 80 46 43 79 24 45 65 14 51 78 21 73 6 48 27 75 39 48 50 26 63 23 58 41 36 65 38 64 18 44 60 10 50 47 41 56 65 74 62 4 20 21 57 63 11 9 49 46 17 65 32 49 4 40 4 47 62 30 24 80 36 38 69 31 72 59 79 41 6 22 5 2
20 47 54 17 73 26 18 72 18 34 34 47 53 40 6 49 50 19 26 72 1 32 13 34 45 68 37 4 14 71 13 68 56 78 64 61 75 45 74 72 77 26 21 25 28 72 25 40 58 33 46 2 11 28 1 79 68 9 70 18 68 5 65 44 60 36 26 25 31 22 71 24 45 46 25 9 11 73 3 37
66 74 66 7 80 72 51 77 55 50 48 69 63 66 35 70 20 20 10 72 51 41 69 50 24 71 44 30 15 33 50 52 38 70 59 73 58 55 39 72 44 8 64 63 7 50 20 29 76 32 24 77 65 9 50 44 70 12 8 19 8 71 61 60 72 18 10 53 74 3 19 14 27 53 65 48 60 3 37 2
73 30 17 32 42 52 50 36 2 48 67 80 46 68 65 70 46 10 17 45 35 50 13 1 73 70 66 2 60 8 80 79 2 6 74 2 80 4 9 26 55 28 73 18 1 9 64 42 29 4 10 44 51 8 12 46 4 24 8 37 12 13 41 43 53 27 20 44 3 30 67 50 41 79 1 47 12 4 17 55
1 10 67 18 58 66 18 33 38 52 65 25 25 17 24 56 23 28 58 43 52 44 12 25 80 77 59 17 2 79 15 42 47 54 8 42 16 76 72 69 19 18 34 73 74 60 43 63 68 62 24 47 43 75 30 57 25 1 13 2 11 52 6 17 66 67 33 48 42 8 73 5 46 24 48 6 44 67 43 31
69 30 33 43 79 70 6 51 36 59 6 38 2 31 70 4 24 55 6 25 12 50 7 37 76 3 77 73 73 61 23 50 55 71 14 61 18 2 75 69 47 10 12 55 40 27 6 3 14 31 38 1 53 30 31 69 62 54 24 23 37 6 26 40 12 18 40 32 6 6 2 31 66 59 42 5 67 21 21 9
75 11 75 76 44 40 59 15 19 61 26 77 18 5 51 80 26 28 80 20 62 26 67 64 1 52 14 14 50 31 29 22 37 20 27 69 3 34 54 12 80 41 12 63 18 75 49 63 56 66 54 33 13 52 54 56 80 67 60 14 21 4 5 37 27 56 20 36 36 62 75 64 50 16 8 31 40 72 30 28
52 79 21 9 71 7 74 52 48 39 18 14 43 9 22 2 8 39 39 79 14 25 19 71 26 75 20 52 64 25 12 69 63 39 77 32 41 67 54 69 37 40 67 32 69 8 51 33 27 14 77 3 44 36 49 8 57 77 38 55 34 25 62 51 43 65 53 76 23 50 53 3 80 15 75 43 45 66 25 14
44 57 39 77 20 35 56 52 79 11 51 31 43 9 50 34 79 27 59 42 35 75 72 11 30 28 32 3 27 51 74 6 1 28 18 19 69 29 58 65 16 28 7 76 52 46 11 14 4 43 26 63 64 29 9 2 62 11 12 41 15 37 49 17 80 22 14 8 47 4 54 77 36 80 65 48 75 25 2 71
36 41 40 3 27 41 12 77 1 64 22 50 3 59 40 8 72 24 76 1 4 79 34 41 73 78 53 1 10 58 9 20 79 3 28 42 43 2 69 40 55 54 53 78 44 69 68 33 29 76 31 44 72 42 10 79 15 11 12 55 58 16 17 39 78 37 49 11 73 62 17 29 35 15 43 67 36 71 77 46
13 36 73 28 67 41 23 66 31 30 26 75 43 57 26 46 19 26 76 56 76 13 22 2 62 53 55 59 21 56 38 42 47 71 52 29 14 68 27 14 61 79 52 62 51 74 50 63 70 69 71 66 11 49 70 54 8 2 41 5 67 36 51 23 36 52 58 58 54 57 56 47 41 79 22 72 39 40 19 77
19 21 64 64 6 33 37 70 30 3 42 37 5 72 2 72 70 4 45 45 23 25 4 18 33 38 54 7 32 68 80 66 8 53 34 9 80 40 66 25 24 65 54 17 27 67 52 63 36 43 67 53 56 79 63 58 8 44 49 8 70 26 45 21 32 69 31 70 34 14 11 13 53 33 41 52 1 23 30 79
74 16 50 51 80 66 33 22 29 56 6 49 26 22 4 60 20 11 33 4 26 3 24 23 8 10 6 25 44 33 66 64 40 3 33 10 17 47 74 16 5 55 57 22 68 72 24 72 58 18 9 53 10 73 27 60 45 78 54 41 28 18 13 50 55 34 70 67 79 76 69 66 53 39 22 24 21 51 36 44
55 35 47 70 10 31 57 26 53 67 10 40 75 44 10 44 67 46 53 65 10 35 23 9 60 67 21 24 37 7 28 23 66 80 78 43 33 50 70 65 22 10 51 18 35 20 77 19 5 30 55 38 36 30 53 40 37 69 68 73 16 60 18 53 7 68 58 11 66 52 39 78 47 23 28 62 56 56 6 4
19 54 55 49 58 46 59 66 26 10 33 52 27 16 75 7 74 77 1 9 32 51 54 46 72 6 28 51 42 79 9 46 4 28 43 14 16 20 9 57 22 56 25 66 18 58 34 70 24 53 44 23 6 17 67 22 78 67 50 36 4 48 79 57 49 12 39 4 70 37 45 24 56 68 54 46 23 32 67 51
32 59 47 80 26 29 48 37 2 51 10 32 4 69 43 16 49 74 26 54 67 67 59 49 18 53 3 26 15 17 6 9 10 10 5 16 8 18 78 32 60 58 35 51 9 69 63 29 43 27 80 76 37 77 4 51 34 55 35 23 21 78 45 21 4 67 11 42 69 16 28 6 56 54 75 1 21 55 56 26
76 37 61 67 64 18 42 54 12 35 26 44 80 45 39 30 72 44 69 42 67 17 69 48 35 61 62 13 78 12 34 63 2 76 36 64 40 19 33 33 25 39 3 50 3 15 26 69 58 46 35 40 68 59 10 30 31 44 60 70 26 16 59 75 52 62 40 12 62 6 22 14 77 47 11 53 56 6 46 49
41 33 41 59 21 23 3 9 38 16 18 46 58 30 35 64 3 62 46 42 20 41 37 21 51 2 38 56 5 31 50 43 71 21 10 37 79 27 57 39 5 65 33 47 65 27 57 4 11 19 4 36 27 76 70 25 71 36 25 73 62 15 59 34 39 80 80 29 22 54 36 21 8 53 41 37 17 37 5 74
32 57 62 11 79 45 49 55 13 70 4 67 71 60 60 15 31 17 5 31 41 12 24 27 74 69 80 15 13 49 74 60 20 29 2 17 18 18 63 69 73 70 49 48 56 69 28 4 20 56 11 4 35 59 25 27 53 22 20 23 20 46 72 18 49 7 48 30 65 32 78 16 35 66 42 5 40 6 10 15
55 15 19 47 74 4 52 32 4 64 63 4 15 25 76 13 8 77 76 43 74 1 71 4 17 29 19 66 27 45 1 68 74 35 42 61 55 2 53 3 78 6 19 55 41 79 49 11 3 43 54 60 37 53 28 74 49 41 78 36 34 51 14 62 63 25 68 35 4 76 22 13 1 22 46 6 54 69 59 69
13 11 75 70 61 3 34 29 50 13 19 46 18 77 80 32 72 15 53 56 67 42 56 60 63 73 72 34 69 73 39 75 34 24 42 41 65 20 75 13 69 39 14 43 76 48 55 74 35 80 42 61 44 40 54 46 75 2 73 34 63 8 51 5 69 14 5 7 9 11 18 65 12 12 25 58 26 8 22 78
7 20 63 38 29 23 72 54 6 30 51 38 6 33 47 42 48 77 42 21 4 7 39 62 33 8 15 12 12 39 3 3 38 17 16 80 73 6 39 78 79 6 48 29 38 43 2 5 76 3 19 41 29 2 40 56 74 37 5 69 4 40 30 77 14 71 52 39 61 68 55 71 44 64 3 59 36 34 30 21
19 6 22 40 26 56 57 25 18 71 74 12 67 2 7 14 15 51 52 20 40 70 75 73 78 71 79 74 60 19 19 66 73 31 69 38 6 50 17 79 20 2 76 18 23 5 43 59 39 22 28 5 75 50 31 24 69 18 47 46 35 46 79 58 79 52 37 29 50 18 11 17 21 61 6 69 62 9 55 32
1 56 38 17 77 66 79 50 11 77 45 8 64 68 61 68 45 7 73 67 14 80 40 80 12 19 6 59 68 58 65 16 11 9 80 70 32 5 53 41 79 3 8 74 67 26 75 19 63 42 68 54 2 7 39 16 27 53 7 59 18 66 49 77 17 68 49 78 42 31 75 79 67 8 44 33 29 49 4 68
11 63 7 56 63 26 34 18 39 3 80 2 45 38 66 31 48 1 28 60 5 58 14 42 30 63 18 58 20 69 48 53 37 67 76 23 2 51 5 5 40 69 36 60 46 72 36 68 49 8 42 76 15 59 57 41 24 31 31 44 3 35 68 78 14 37 68 42 44 69 56 75 72 63 13 1 42 50 36 17
37 60 33 35 68 8 63 43 41 73 39 41 64 33 68 34 17 51 21 56 6 26 70 70 23 67 45 11 66 10 17 31 15 25 16 45 70 10 10 43 12 75 17 62 46 15 48 35 1 78 71 3 65 76 29 39 21 44 41 55 1 79 73 34 70 12 27 39 75 39 32 13 67 66 20 9 13 71 1 78
56 70 37 73 35 7 4 79 51 58 59 36 16 79 65 8 54 58 2 59 39 73 79 57 11 64 54 53 78 18 5 70 65 57 13 3 29 58 26 56 68 35 28 47 2 57 32 11 45 8 7 45 41 68 29 31 25 75 39 1 79 6 7 7 31 80 11 23 49 60 52 70 51 9 64 44 61 71 10 72
14 39 32 51 30 47 24 16 6 47 14 73 18 20 67 41 46 65 17 5 17 40 25 72 35 6 74 53 27 59 5 78 57 6 28 19 76 74 23 12 26 8 36 31 74 31 25 34 26 34 65 59 63 71 15 44 2 80 2 61 31 58 24 78 10 15 27 79 54 7 59 48 6 74 68 62 62 69 42 72
43 70 70 69 51 23 40 59 15 26 61 39 17 21 3 45 13 40 61 7 49 40 17 24 75 50 12 69 65 60 59 55 74 6 9 45 8 65 57 33 68 66 17 34 9 69 58 9 72 28 14 78 52 43 55 17 3 58 19 50 57 13 51 28 70 40 35 57 32 52 1 78 36 76 63 6 9 3 66 40
69 46 79 63 63 27 53 22 7 31 1 58 20 36 22 56 80 44 68 68 36 37 60 45 6 79 24 20 14 29 43 76 47 26 19 53 17 53 32 45 16 70 73 40 34 14 23 52 16 48 21 30 37 39 65 74 68 31 75 49 43 42 1 2 41 35 5 61 18 7 15 42 40 74 70 42 67 9 20 40
52 47 74 8 58 25 12 50 47 31 73 51 67 32 63 41 57 12 24 12 11 8 19 53 31 77 21 36 7 69 38 48 35 46 17 45 70 61 4 35 61 31 4 5 13 62 40 47 17 51 69 55 67 54 71 22 66 11 79 69 28 66 62 61 49 30 29 14 6 60 16 34 2 75 9 45 49 3 41 57
22 20 28 47 53 21 20 48 34 68 8 15 12 64 67 5 2 25 12 65 39 48 8 40 58 66 24 57 30 53 71 27 76 27 61 79 13 53 50 71 57 20 24 62 28 71 20 40 20 54 35 57 35 72 70 37 12 50 13 25 76 78 69 35 60 24 73 68 46 31 38 37 74 67 13 14 23 74 15 26
25 44 34 12 37 15 4 77 50 28 3 70 44 74 35 71 37 6 17 69 27 70 57 12 11 8 58 58 1 59 17 8 19 15 31 74 23 63 2 17 76 75 24 23 59 37 32 66 24 29 18 63 78 56 80 25 57 67 56 60 36 59 74 45 65 51 41 10 11 32 71 69 74 74 1 56 48 20 40 12
15 65 4 21 31 61 32 65 79 27 30 15 34 6 1 71 27 21 20 65 26 49 64 10 19 71 77 36 31 2 63 69 55 58 16 8 66 27 25 65 6 31 68 65 16 5 62 20 4 26 48 19 42 29 41 66 71 63 9 55 43 49 17 8 15 6 57 14 34 30 46 47 24 53 49 41 4 28 28 60
3 16 52 67 13 27 33 52 57 49 35 60 76 38 17 54 2 58 62 5 17 75 2 21 44 44 75 69 43 56 67 68 65 1 13 2 79 16 75 27 21 39 21 24 65 76 23 2 66 40 66 12 66 56 59 44 45 55 24 70 13 39 34 4 47 22 19 19 26 28 67 28 60 25 69 13 80 43 63 17
18 6 60 51 1 32 80 73 59 51 41 48 18 26 57 50 74 7 52 11 42 33 33 23 80 44 52 57 66 60 70 3 15 68 47 21 68 14 5 24 46 79 22 58 56 29 22 41 45 67 26 36 63 5 43 42 43 7 33 59 23 45 20 16 47 20 60 60 73 46 24 53 59 4 78 66 61 5 17 38
73 60 69 75 45 16 15 62 72 7 40 49 34 78 23 67 74 7 43 34 62 80 34 51 50 63 19 22 10 75 71 48 17 40 11 16 64 65 25 32 40 7 5 17 42 10 43 23 15 76 64 31 50 56 31 32 57 80 17 75 25 26 62 79 7 71 7 72 23 52 69 44 28 8 74 3 56 9 53 5
61 62 17 20 24 31 70 40 47 33 76 73 43 23 1 57 35 13 7 36 19 64 57 35 21 43 73 70 75 50 63 69 31 74 22 13 39 46 6 28 49 46 75 51 78 7 58 61 5 60 67 65 78 3 15 62 41 59 48 78 44 50 63 27 27 31 4 43 76 33 25 74 17 6 52 57 78 1 73 62
47 4 36 6 35 49 11 39 4 54 49 74 62 44 20 55 75 9 14 11 58 63 37 73 56 6 35 74 51 6 34 76 1 11 38 1 20 54 76 14 13 1 36 15 37 55 26 52 29 80 68 51 75 61 44 34 17 65 23 62 53 28 5 30 53 35 12 36 60 76 54 78 68 18 26 80 57 39 60 36
30 42 68 79 10 70 12 78 63 49 1 39 27 44 57 17 54 20 51 40 21 2 60 75 18 5 30 37 34 11 61 75 30 62 44 66 79 23 49 60 28 78 24 14 48 18 48 9 58 75 37 26 70 30 19 31 18 9 40 51 8 13 48 24 26 8 32 57 78 29 62 77 16 21 20 44 43 27 58 73
29 67 19 28 61 34 58 76 9 12 17 30 58 23 33 39 12 63 78 42 15 65 71 44 77 43 55 42 13 60 39 73 14 79 32 8 80 43 65 39 71 76 73 63 41 61 51 42 70 66 19 19 36 65 51 56 48 28 55 64 78 72 64 6 8 35 36 6 40 31 25 80 2 70 34 30 33 36 39 36
31 77 73 31 22 37 25 69 26 45 64 74 58 63 77 33 52 56 4 80 63 35 9 7 52 19 45 41 61 37 47 39 1 70 41 13 77 16 3 29 77 46 54 63 58 9 5 25 76 71 42 22 8 5 7 39 33 51 38 38 72 66 24 8 46 80 65 65 21 42 9 6 12 24 79 40 19 15 22 72
64 36 36 9 77 24 46 60 58 10 48 43 75 49 48 14 21 35 26 67 25 11 22 28 23 18 15 42 29 38 73 60 60 75 28 48 40 1 10 69 41 44 41 12 4 7 76 57 12 70 48 50 27 35 27 47 59 70 78 76 12 55 41 46 29 12 24 13 35 20 21 9 35 42 2 45 63 58 68 19
50 61 10 17 49 44 50 79 47 27 8 59 61 64 57 37 58 75 68 61 60 12 2 45 36 16 11 4 57 38 22 34 52 50 67 75 32 21 17 29 80 14 66 64 43 80 13 78 36 12 66 36 27 45 60 48 16 25 13 36 8 32 59 51 64 17 37 40 13 25 18 66 65 35 2 73 55 78 31 14
2 38 43 71 77 7 56 13 73 70 43 48 51 25 65 41 72 31 45 41 53 34 46 3 11 34 77 17 27 17 60 36 66 54 16 79 67 71 48 57 58 80 45 6 57 57 34 53 80 80 8 14 20 25 23 34 77 3 16 29 66 58 75 27 35 58 17 44 39 3 45 72 13 58 48 29 55 58 34 43
6 62 57 66 37 17 69 46 49 26 27 20 59 45 41 26 10 69 2 33 71 13 38 77 9 29 18 12 66 21 4 18 5 29 67 22 67 1 36 19 47 50 3 60 53 9 12 44 58 9 36 61 61 10 38 65 19 14 3 21 5 60 16 20 36 33 31 52 52 61 25 41 17 66 28 73 31 38 48 63
30 64 54 8 53 49 50 16 71 24 25 37 9 21 56 64 20 31 32 27 29 48 37 22 35 77 10 39 43 71 40 68 57 44 69 61 53 22 55 61 15 9 9 65 67 36 35 65 17 49 71 36 80 46 4 63 11 77 45 50 28 58 45 37 13 52 28 34 9 39 20 37 64 67 10 55 48 20 78 28
55 1 47 30 63 68 76 56 17 51
9
