50 10
24 36 26 1 11 50 40 18 44 29 7 37 13 35 24 15 44 26 26 29 37 35 16 1 4 2 34 16 19 32 34 18 26 39 25 11 17 7 21 32 32 9 7 21 37 21 24 39 12 10
21 33 13 24 16 29 19 8 31 38 9 42 48 8 29 13 18 33 4 26 25 29 37 24 16 42 1 18 38 39 32 10 43 47 8 16 23 18 5 33 2 40 22 13 50 48 19 10 10 48
19 24 35 49 43 17 20 25 43 12 2 36 15 5 48 17 16 5 10 39 49 28 30 21 19 26 50 44 49 12 4 37 16 43 38 33 13 41 20 31 1 35 25 11 33 39 11 20 21 37
20 20 37 13 27 31 33 28 46 32 11 4 27 9 20 21 30 43 43 50 39 25 29 10 17 14 28 13 39 31 12 6 9 18 47 2 12 10 36 19 48 39 45 9 13 42 10 18 24 7
25 2 9 44 15 10 16 4 37 14 19 11 27 6 9 7 39 17 2 50 49 3 46 25 47 23 44 2 42 25 47 45 22 34 26 32 38 35 12 2 16 8 16 3 34 32 5 10 9 8
20 41 15 1 16 49 35 5 21 21 41 8 9 43 29 43 28 48 49 17 10 12 15 19 19 19 47 11 16 16 18 10 39 25 40 33 2 17 49 3 42 30 1 16 17 30 24 37 27 27
2 50 12 44 29 1 34 45 48 40 41 19 25 28 45 31 7 16 36 47 34 23 44 22 47 28 12 5 26 32 17 17 30 40 39 1 46 40 42 21 45 40 19 41 30 18 39 30 16 49
4 26 50 29 15 1 41 15 28 32 4 29 34 28 33 43 44 42 10 33 13 1 37 3 15 1 24 48 11 23 18 15 50 3 31 43 35 31 8 43 1 10 38 45 31 4 39 45 27 34
11 46 40 31 38 25 3 41 29 48 47 41 38 2 11 49 33 36 12 50 39 47 39 13 42 21 8 29 22 3 13 10 2 50 42 18 35 40 47 39 49 19 31 50 1 11 20 45 50 19
42 11 3 23 48 38 12 18 11 36 34 45 5 40 14 16 40 23 36 14 1 4 40 29 40 18 10 28 25 12 24 6 33 37 13 21 18 33 13 7 2 19 19 36 23 42 34 21 3 9
40 20 15 34 36 40 50 49 22 40 42 13 21 42 21 35 28 26 13 30 3 12 41 45 50 22 20 37 46 28 9 36 11 24 39 35 18 41 24 42 38 28 46 14 6 49 16 40 11 25
2 29 46 41 3 13 3 45 29 14 2 26 33 19 34 44 6 24 37 46 4 17 26 3 36 3 31 10 45 27 45 14 20 22 6 5 38 25 6 1 40 45 27 34 39 30 19 8 21 20
49 1 30 20 29 49 40 16 5 28 1 14 25 46 14 46 11 6 48 26 23 22 34 17 5 10 17 25 1 20 14 33 15 25 37 44 6 10 49 25 3 37 12 3 32 37 4 3 34 25
31 9 12 42 28 11 32 25 25 26 50 18 44 44 26 49 24 22 13 12 39 48 14 3 11 10 20 30 34 11 29 21 31 43 34 10 23 37 48 29 23 50 31 44 3 43 41 44 45 28
46 33 38 22 46 38 11 26 31 20 40 28 49 10 31 45 26 2 18 37 35 10 10 1 26 6 42 43 26 18 22 31 10 32 42 33 4 31 46 35 33 47 5 25 49 1 24 48 14 20
44 44 26 48 33 25 35 14 33 4 10 11 26 4 27 21 24 48 3 10 48 25 26 16 27 6 14 39 14 40 38 37 34 21 36 14 50 14 7 25 33 15 31 47 23 25 38 12 50 34
48 18 10 6 40 18 22 24 2 40 29 29 13 24 26 35 22 9 17 33 30 31 4 33 47 20 11 37 40 19 28 29 3 19 10 29 8 2 20 45 3 22 29 20 21 19 11 14 1 29
22 19 39 31 19 33 8 38 25 44 18 26 10 29 11 40 3 33 50 37 31 43 48 34 3 42 18 6 16 12 5 2 11 7 27 22 32 45 11 5 27 50 4 17 17 18 45 12 17 34
42 9 49 36 34 5 30 17 42 19 44 37 46 32 34 26 18 11 6 43 18 4 17 25 5 10 19 1 32 2 25 24 7 24 22 22 37 6 22 6 44 34 33 24 21 43 39 36 25 7
33 22 38 25 14 21 44 27 42 7 15 34 30 8 11 21 37 27 18 15 3 50 23 32 44 46 26 8 37 6 33 11 36 32 47 30 14 2 34 20 28 21 20 24 18 3 38 32 47 35
15 6 18 34 2 45 30 22 4 25 23 1 35 2 23 4 36 26 6 6 17 20 31 9 22 12 17 25 25 20 20 5 42 25 27 8 20 6 37 17 27 22 16 44 9 26 8 17 27 24
27 39 33 20 39 50 46 33 19 31 28 25 11 47 4 40 9 9 2 18 42 35 16 29 31 41 4 46 33 27 33 29 7 26 17 6 20 20 49 8 18 42 37 22 12 44 30 26 15 46
31 21 17 7 41 39 26 15 32 41 48 11 39 2 44 44 13 6 10 30 19 15 22 38 36 25 2 16 5 34 3 9 24 30 44 2 38 44 37 31 7 23 19 11 3 33 36 31 17 47
13 5 36 7 2 9 15 40 40 16 48 21 1 13 8 50 7 16 30 18 20 21 28 18 33 13 10 14 30 39 7 14 42 11 31 1 17 12 17 2 4 37 12 18 25 3 22 15 49 14
17 28 8 29 11 46 40 30 10 33 45 38 3 47 7 12 20 6 31 49 18 33 20 41 9 40 7 35 16 11 27 37 11 25 17 25 4 38 4 35 39 40 28 25 12 32 32 7 30 18
31 11 47 48 43 47 20 29 33 3 17 5 25 42 22 4 16 38 8 6 50 6 16 33 33 29 36 31 22 23 4 32 42 28 6 36 50 39 50 46 25 8 14 3 45 3 42 50 41 37
43 9 49 43 29 7 21 25 38 4 3 14 22 21 41 18 37 36 16 32 18 1 21 12 36 48 14 40 36 40 35 20 41 16 43 38 12 30 6 49 37 23 48 5 3 42 45 18 47 40
18 18 29 28 1 16 2 10 29 36 15 23 9 22 39 13 22 12 8 11 35 32 32 42 46 12 31 16 30 1 5 8 19 44 36 43 28 16 41 10 34 49 10 20 4 31 19 9 4 31
26 35 21 9 39 15 4 3 11 10 7 2 18 35 30 41 4 45 4 39 23 7 38 9 33 44 20 1 25 10 49 49 18 40 49 34 27 3 24 27 33 10 31 49 33 41 29 38 13 8
39 30 37 3 4 28 4 3 45 14 32 45 28 16 32 2 10 27 25 20 2 22 35 32 29 33 3 19 15 31 42 47 1 42 13 15 25 3 15 50 48 5 23 28 7 41 26 34 2 6
42 24 19 38 10 32 47 49 4 17 31 50 13 11 5 30 10 7 14 32 30 12 8 36 21 46 36 30 45 5 43 5 47 33 16 48 28 3 27 17 42 3 41 13 37 2 6 35 16 50
26 41 21 6 36 31 16 31 46 42 24 34 27 34 48 11 38 41 31 37 1 5 30 9 6 30 49 37 3 50 10 24 36 10 9 48 8 12 40 17 36 37 17 39 10 14 30 36 39 14
10 38 12 28 50 24 13 50 33 29 45 7 40 16 10 43 7 20 47 38 1 9 13 4 37 26 16 17 35 21 32 34 1 3 3 27 42 30 1 9 1 1 8 14 12 12 33 14 37 25
11 38 16 42 39 26 22 12 48 13 38 47 13 15 41 43 49 5 25 32 12 4 6 32 3 1 49 25 13 17 32 31 9 26 9 42 19 18 20 12 30 42 30 24 13 9 32 8 46 26
32 11 13 3 18 23 17 43 47 36 33 28 42 44 11 38 47 24 33 33 3 12 24 33 49 19 6 42 28 10 9 30 3 26 46 49 13 1 4 13 44 22 12 25 19 43 50 10 9 15
26 25 2 44 31 41 40 34 6 13 24 38 31 28 13 49 37 7 42 33 31 35 20 36 39 14 23 47 20 39 47 1 15 45 16 39 18 19 49 22 30 7 39 2 46 5 11 28 40 46
20 19 7 44 9 42 18 9 16 24 31 7 48 23 1 29 10 16 45 8 34 45 48 45 11 13 5 10 2 47 15 44 37 43 31 30 34 18 41 22 29 40 3 28 43 19 49 18 11 18
35 40 20 35 10 30 33 45 48 41 7 28 30 24 14 8 18 49 44 2 26 19 45 12 45 12 35 7 46 10 47 27 4 31 31 24 38 9 39 46 49 37 36 34 39 39 25 31 42 47
3 4 12 31 44 45 40 9 26 11 13 29 30 13 47 45 8 18 29 31 5 19 33 25 42 24 10 39 29 24 49 16 3 30 34 40 9 10 49 29 15 16 16 47 30 4 40 29 3 23
11 22 44 45 34 4 11 43 46 38 1 16 19 8 36 23 49 9 45 44 49 5 47 11 40 36 4 17 1 29 20 3 11 26 26 6 16 25 36 40 49 2 2 50 32 8 40 18 47 14
9 3 17 17 45 1 27 32 34 13 39 44 4 35 20 50 13 28 25 27 40 46 4 31 37 18 29 11 34 27 21 46 18 30 49 41 42 46 50 14 32 3 15 16 24 30 14 19 8 24
2 19 44 7 9 3 23 29 33 50 41 1 6 47 24 25 46 43 46 25 5 32 45 24 29 8 2 47 30 48 37 43 38 24 40 49 46 20 28 33 24 3 34 12 2 8 4 22 50 44
26 8 30 2 24 37 19 14 8 37 8 10 33 45 2 33 8 17 21 13 5 49 25 7 20 23 49 1 29 13 23 46 24 8 26 12 14 49 39 26 31 44 34 19 24 23 29 10 6 23
36 21 35 37 17 11 37 34 39 18 17 35 37 3 37 38 1 34 31 11 13 18 28 47 45 23 34 4 36 10 19 27 36 12 3 45 30 15 46 31 3 23 7 34 4 37 7 39 14 32
14 21 13 43 20 11 46 46 24 32 4 2 8 41 37 17 17 43 23 39 33 5 6 36 15 16 21 26 22 9 42 13 20 47 13 32 15 29 31 5 7 40 22 11 37 23 16 32 41 47
14 47 50 43 2 45 10 44 41 20 36 8 20 49 46 48 9 14 12 25 15 23 10 16 44 28 22 13 16 45 39 25 13 1 42 7 38 39 45 35 39 25 36 45 4 27 15 50 8 28
35 3 45 49 13 38 11 12 50 7 23 30 43 24 41 17 46 5 40 30 40 8 10 50 9 18 32 17 32 4 33 28 16 2 43 48 49 35 41 16 50 21 5 11 40 27 41 19 42 45
50 15 13 12 33 50 32 5 34 49 33 12 17 30 34 4 19 45 16 3 48 13 2 4 7 35 28 35 49 2 7 14 23 5 48 1 8 41 3 44 1 43 47 27 32 30 37 48 40 4
41 23 14 17 46 15 33 25 27 21 30 15 29 48 50 30 42 30 36 6 1 10 39 45 7 35 40 31 24 26 16 41 8 12 46 4 21 48 12 47 42 9 20 33 4 25 10 30 7 14
10 19 22 15 30 18 50 31 8 23 38 47 39 44 33 1 19 16 4 34 5 42 50 41 37 49 3 1 27 13 40 11 7 3 15 40 46 6 44 4 19 26 41 8 14 12 29 21 11 6
20 18 8 44 16 10 38 27 29 21
30
