100 10
15 6 53 33 55 10 95 47 97 41 10 12 98 64 59 87 82 44 83 91 4 100 19 74 34 8 16 47 7 42 64 59 78 73 36 89 100 8 31 81 20 41 28 66 91 30 38 43 75 12 100 1 81 35 65 77 9 68 23 20 14 14 73 10 27 18 13 30 24 93 83 8 51 12 6 14 30 77 75 82 53 58 12 7 8 28 83 82 1 83 52 54 50 68 57 9 25 90 56 100
83 9 6 93 90 94 69 2 67 57 58 80 51 53 11 26 12 38 67 95 59 44 78 12 45 22 89 86 29 97 86 85 56 98 40 27 5 5 82 51 52 22 64 6 28 4 33 17 55 33 3 59 12 68 100 34 83 82 95 100 44 65 38 9 9 63 1 53 1 68 78 20 7 76 77 40 93 2 31 55 84 66 93 25 96 94 31 42 23 73 50 93 70 44 31 94 62 6 16 79
21 27 96 22 39 68 100 9 34 99 50 74 26 84 94 97 99 97 66 66 88 3 13 84 20 86 30 16 91 22 100 39 84 17 24 28 53 61 78 37 26 78 81 3 34 61 14 35 26 90 38 82 84 9 66 100 72 3 2 25 31 98 63 84 52 99 39 56 43 38 59 37 83 31 4 45 63 70 46 89 29 92 36 58 8 27 18 40 60 24 64 76 61 56 45 89 65 87 27 53
22 6 75 8 72 30 13 83 40 57 55 93 90 29 83 62 68 43 42 62 58 55 99 88 61 76 4 57 21 16 43 28 29 83 61 63 17 13 79 1 44 47 27 41 40 63 36 54 58 40 10 6 93 24 43 77 1 84 42 69 91 18 48 26 96 33 53 36 33 13 30 88 67 85 46 26 31 23 36 9 65 84 40 29 8 63 25 43 94 64 72 97 26 26 7 14 3 89 100 19
75 70 50 91 89 24 33 9 5 79 91 24 51 87 60 38 79 53 5 90 77 7 52 77 20 83 75 48 21 40 100 86 7 60 80 38 34 67 82 91 45 86 85 6 11 90 84 96 82 80 7 82 13 66 9 30 42 9 3 17 2 19 49 78 51 13 25 39 9 81 15 89 34 75 2 80 86 80 14 50 100 9 92 100 74 66 9 17 16 90 37 5 63 37 12 18 62 5 30 53
31 40 64 15 76 17 40 70 3 29 76 61 47 91 97 78 66 84 21 46 78 19 62 13 34 71 93 33 6 91 28 98 33 5 81 99 20 70 98 39 53 75 52 14 35 14 47 46 62 13 54 81 1 78 17 96 77 16 53 62 89 12 19 63 44 24 16 73 79 88 34 31 29 27 72 39 70 34 60 79 6 25 67 79 79 77 78 7 75 6 56 54 28 13 20 21 4 53 12 74
93 58 44 1 76 4 27 17 20 23 55 57 3 10 60 34 37 86 49 76 81 8 53 70 76 16 63 38 87 23 94 67 78 27 78 6 73 97 32 15 10 96 91 84 50 75 46 62 59 53 5 86 62 35 45 93 39 9 27 93 49 84 64 92 45 96 36 82 92 3 31 46 57 48 31 53 45 76 71 9 90 32 5 13 30 87 39 86 44 32 81 46 56 22 21 90 42 69 55 16
3 66 63 57 97 14 55 63 87 97 55 17 53 99 6 7 8 81 31 52 61 87 68 31 23 3 12 25 48 100 93 46 23 47 9 45 9 94 22 33 92 100 56 20 8 73 100 60 3 94 53 82 72 32 45 69 95 49 20 94 96 10 38 91 11 61 57 82 69 9 12 62 19 75 64 69 80 89 78 80 58 38 23 68 9 49 66 3 3 20 16 18 94 32 6 7 85 38 79 33
47 97 91 48 74 23 46 62 94 33 88 10 85 9 85 41 18 43 85 84 64 94 31 39 97 41 86 59 47 44 68 4 69 22 99 6 23 49 33 72 20 12 53 79 10 28 5 45 42 42 31 42 30 76 74 11 66 3 19 41 14 11 44 9 5 79 70 56 12 42 49 96 5 83 95 81 61 12 75 26 14 98 62 22 4 62 70 42 53 21 92 83 91 46 62 35 85 43 23 82
45 52 10 26 1 15 32 98 21 61 37 85 5 29 36 39 87 17 12 58 54 2 96 85 48 33 59 30 73 93 83 94 46 12 35 8 95 10 94 9 1 16 45 51 20 56 48 99 77 22 43 20 14 39 37 98 61 98 55 8 45 28 12 64 55 21 20 98 91 95 48 79 54 47 31 68 53 61 72 69 74 3 63 15 82 44 58 77 35 31 5 75 97 46 48 78 8 75 15 44
3 94 58 47 34 41 24 18 27 70 13 26 5 55 99 83 65 23 21 49 17 78 8 67 63 96 75 14 44 5 39 78 46 70 92 78 25 33 21 73 1 89 100 73 76 68 76 100 39 18 70 56 65 33 87 27 31 24 97 14 37 38 2 28 7 50 26 91 62 2 28 81 39 36 14 50 43 93 63 65 22 18 65 42 44 2 94 65 35 51 69 22 28 61 4 62 92 92 66 35
20 68 1 82 46 13 77 33 30 1 10 5 86 52 96 74 20 99 87 15 19 61 98 51 15 3 4 43 26 56 50 72 57 2 18 39 15 38 35 94 59 53 100 54 69 93 58 95 84 47 25 68 60 67 44 1 27 34 60 2 37 22 38 10 75 12 40 45 39 36 49 99 27 65 4 14 5 48 8 28 47 53 71 2 2 89 24 25 72 29 65 51 53 92 25 27 67 82 70 83
12 55 42 18 60 36 43 23 32 30 57 12 16 85 2 42 98 23 97 58 79 94 92 96 36 69 85 43 94 87 41 91 74 69 63 81 61 37 90 30 2 78 26 68 28 73 20 31 3 91 86 14 72 70 31 26 63 35 66 87 68 2 98 71 39 85 17 15 69 57 83 11 41 23 58 56 35 52 57 23 47 69 79 2 91 50 45 78 34 97 49 92 33 86 72 16 2 100 81 99
98 4 92 70 44 69 66 75 100 36 32 39 69 19 61 15 92 22 75 38 12 54 45 90 27 82 99 47 64 18 36 48 55 69 90 52 98 88 99 23 29 9 36 4 10 60 48 32 82 44 50 60 99 44 47 59 67 79 20 69 73 57 62 27 4 13 31 91 4 88 7 33 38 14 29 47 63 71 31 24 65 89 13 36 5 39 29 61 65 34 7 38 67 28 11 30 22 71 12 17
79 17 71 17 55 55 41 91 62 6 61 21 98 41 23 74 83 18 93 8 44 69 58 20 77 1 4 41 54 78 41 86 8 10 6 49 70 95 43 100 71 94 92 11 78 42 72 97 68 32 27 39 71 12 83 13 94 56 76 56 38 65 92 18 67 64 94 61 71 98 21 16 84 14 16 78 5 22 85 53 91 99 56 46 63 65 37 19 49 89 33 38 12 32 16 81 34 93 45 90
66 45 47 45 58 96 24 19 3 36 63 41 43 42 25 91 78 57 49 96 3 29 70 44 28 15 45 72 37 74 45 51 99 97 55 60 20 92 45 13 10 5 62 21 99 10 32 25 1 52 76 46 83 92 90 62 34 14 33 4 91 2 49 17 79 46 1 42 46 87 35 45 58 31 59 58 84 79 54 22 27 8 49 58 11 79 3 24 53 33 46 52 36 20 26 10 3 71 29 19
66 50 75 62 30 69 24 81 44 20 70 90 73 16 14 1 37 4 23 16 90 23 79 44 1 88 47 16 22 37 12 41 43 62 11 50 33 31 56 87 74 68 72 19 7 27 9 31 69 51 15 10 46 100 76 39 33 83 4 82 77 58 3 15 97 9 46 94 26 61 99 23 27 44 40 93 49 48 87 34 92 51 60 38 2 32 39 17 20 11 74 28 63 78 12 99 6 41 54 7
3 13 44 18 10 46 98 6 23 5 20 77 63 84 12 51 20 19 14 26 45 23 27 100 51 15 28 44 22 91 17 44 57 52 53 16 38 99 67 13 95 10 73 28 21 80 76 17 6 24 87 96 90 12 95 9 35 72 10 18 1 73 28 31 82 69 35 30 6 96 17 15 26 7 17 38 16 8 99 51 61 53 45 58 94 85 17 91 80 52 38 11 20 3 26 22 17 82 14 25
33 31 51 88 77 62 97 34 22 59 59 35 28 100 84 55 33 31 96 14 3 81 97 3 4 22 29 4 6 71 51 47 52 38 7 2 84 15 48 50 69 79 98 94 17 15 73 79 44 29 89 72 1 24 2 56 7 49 78 51 41 10 76 98 29 17 46 87 16 21 4 69 95 29 23 54 76 81 83 37 50 86 30 72 13 82 43 20 65 57 82 42 47 75 57 73 59 97 79 11
90 79 84 54 66 33 25 72 92 97 58 66 7 54 96 23 72 67 15 48 29 92 20 93 11 75 94 9 66 97 1 96 73 52 45 88 82 12 27 51 35 81 84 5 82 81 87 1 88 80 52 93 55 17 54 61 93 69 62 40 88 92 88 85 85 10 98 76 95 79 77 22 23 45 36 36 12 78 29 60 41 42 26 80 49 9 11 54 26 71 88 99 95 27 23 44 81 44 45 87
34 63 58 14 4 9 42 96 92 32 11 92 40 10 25 16 90 71 63 67 83 74 97 86 35 9 15 44 65 51 44 19 54 44 45 89 85 2 31 20 6 75 79 41 20 27 36 62 76 51 2 44 54 94 64 69 2 68 37 85 9 8 95 88 67 50 14 28 66 86 95 80 64 84 82 99 9 6 25 89 53 19 53 43 3 85 80 73 46 87 86 60 8 77 30 15 36 44 76 31
69 87 15 53 48 27 45 48 33 77 62 94 8 59 26 88 83 8 75 94 67 38 89 23 24 70 56 97 33 28 79 68 38 45 81 89 33 97 80 8 40 58 68 60 53 14 53 92 40 86 77 74 19 75 62 18 66 63 42 99 70 55 94 98 69 65 62 36 43 71 94 93 22 34 55 36 55 92 5 47 53 49 2 56 5 28 83 91 84 9 9 79 82 59 70 1 65 1 29 14
36 30 58 62 22 76 19 99 40 92 31 57 47 37 33 43 16 35 14 3 65 99 56 91 67 87 71 36 75 79 71 90 44 36 23 91 72 3 7 4 75 27 87 22 3 100 70 50 11 34 39 55 8 97 21 56 74 27 45 18 97 41 92 38 27 83 16 39 65 10 3 7 10 48 81 59 23 18 72 37 44 13 19 17 14 59 50 76 75 68 31 21 95 45 23 88 47 99 57 91
13 13 14 97 12 19 49 75 57 95 2 37 4 73 77 20 71 53 47 70 32 38 17 29 39 86 92 92 40 17 87 90 82 42 79 23 82 7 68 43 5 75 42 100 65 46 78 6 8 37 47 87 83 36 52 81 88 30 81 66 57 11 66 34 89 74 62 67 100 62 83 62 66 49 32 27 48 81 21 85 14 97 25 36 62 83 89 58 56 19 49 54 72 82 17 18 35 21 4 25
91 6 67 79 5 70 21 69 29 21 53 92 87 24 52 75 46 66 9 80 68 84 44 93 32 47 57 83 15 42 57 45 25 14 21 100 70 69 54 49 64 59 50 30 12 14 9 43 76 19 47 14 21 91 84 24 41 98 28 52 67 3 64 47 31 73 22 17 65 38 51 58 43 32 23 91 12 65 84 28 18 34 17 15 38 62 4 65 30 44 68 41 14 39 96 26 13 71 78 2
55 35 54 29 68 38 10 59 58 51 56 69 99 61 85 96 41 66 15 93 11 42 80 19 10 29 5 64 97 52 81 22 15 67 67 22 53 4 68 88 4 80 21 64 6 34 94 54 48 17 99 85 58 2 45 54 80 71 19 50 31 58 81 10 88 10 75 76 75 20 43 10 49 96 85 89 14 49 93 34 36 81 22 94 35 64 84 98 99 18 58 76 18 13 34 49 19 10 11 59
17 68 9 54 69 91 88 15 6 94 59 23 43 74 4 36 88 61 64 35 13 34 53 52 60 81 55 30 80 82 18 21 14 41 82 82 66 33 51 69 67 98 5 54 66 49 38 90 35 40 12 93 83 23 28 45 27 44 97 6 76 34 8 70 44 45 89 75 97 52 39 100 31 41 44 65 39 54 16 43 13 95 65 9 11 38 78 17 54 59 93 65 55 46 99 20 14 57 28 91
77 34 24 51 13 26 82 95 87 3 62 59 93 72 58 52 54 77 56 33 71 36 37 7 34 69 66 45 26 19 98 24 47 57 28 94 33 29 2 59 70 31 2 16 94 59 74 60 45 11 81 9 31 19 56 69 67 56 90 98 98 36 63 85 80 38 84 40 86 7 77 33 52 11 58 62 16 59 41 38 1 35 1 72 58 41 74 58 85 9 33 58 45 14 12 100 53 54 35 80
30 1 78 11 8 13 96 100 6 46 1 7 53 37 22 68 58 98 32 40 63 12 6 55 8 37 35 74 87 74 15 99 81 77 33 99 73 58 30 92 32 17 49 78 38 80 55 70 41 49 67 95 1 17 7 83 66 25 80 71 16 39 43 94 97 90 12 16 86 65 7 96 73 30 21 41 50 72 2 7 47 43 46 32 72 57 57 4 18 74 67 31 48 4 60 12 92 79 36 68
2 79 1 70 48 12 24 27 82 18 40 49 94 91 9 17 97 11 100 16 9 24 13 75 26 78 93 1 23 52 25 81 54 66 16 27 58 31 27 53 100 78 92 98 27 87 71 49 38 39 87 62 50 22 87 71 85 59 71 56 29 17 91 62 81 40 40 6 86 20 89 81 71 83 97 99 87 93 40 70 45 38 89 100 20 19 99 83 31 56 89 84 70 42 76 17 68 39 40 28
95 34 66 8 22 94 7 27 74 72 56 25 70 74 70 97 64 77 49 81 36 55 51 20 87 67 19 16 55 67 37 4 40 23 99 64 33 15 36 97 3 20 7 90 17 17 27 76 17 94 47 92 45 50 57 53 57 7 85 44 85 25 77 65 43 80 60 34 39 6 99 13 3 75 11 79 24 21 28 75 46 58 73 3 81 91 87 74 53 33 56 24 21 66 70 46 99 100 21 35
47 72 16 63 43 17 45 17 25 6 42 22 52 2 47 31 48 14 60 36 77 89 68 14 89 66 44 19 34 46 99 86 64 88 88 15 97 98 18 55 65 11 22 77 33 30 90 17 3 91 30 73 2 82 13 55 4 30 15 37 2 91 60 56 22 26 66 94 35 78 90 56 52 59 21 90 15 8 4 65 69 45 67 92 61 88 47 7 89 23 3 35 58 92 15 37 91 45 25 58
34 62 35 28 98 75 61 36 21 32 3 91 97 69 38 40 47 65 79 24 25 57 13 70 59 71 34 7 18 76 3 28 80 90 42 90 43 68 2 50 64 23 42 54 27 55 63 40 59 82 49 28 47 9 71 89 19 61 61 66 47 45 100 86 67 86 100 53 46 84 32 42 10 84 92 62 87 21 67 25 70 47 18 75 73 40 11 20 73 52 13 52 41 95 18 46 94 97 54 76
10 80 45 74 81 72 90 45 96 55 35 52 87 87 8 17 36 40 100 75 19 31 45 69 97 6 36 42 46 2 36 78 25 4 30 38 23 20 82 78 6 49 27 73 73 16 56 13 4 64 50 73 16 81 49 23 55 60 9 31 55 44 25 84 38 57 55 61 18 33 51 77 76 5 50 82 63 10 99 86 11 70 5 11 37 32 8 31 43 88 40 54 93 11 11 24 23 64 33 71
44 58 18 70 15 5 81 91 84 26 62 43 47 23 16 27 88 97 59 8 96 36 56 4 81 49 38 52 85 47 68 80 71 50 34 61 14 37 4 39 41 24 59 46 8 86 57 89 82 1 90 24 71 2 26 3 89 73 21 31 64 66 22 55 41 3 1 69 37 45 59 99 9 99 90 80 91 6 64 55 84 70 90 22 82 43 54 82 83 11 92 48 51 67 99 34 97 59 11 47
61 37 56 21 23 31 21 59 100 16 65 36 77 26 37 49 94 12 88 69 38 19 92 77 37 50 26 22 25 48 75 90 33 48 29 55 1 69 22 11 65 41 4 32 29 19 19 72 68 67 52 78 83 77 31 45 84 83 17 63 65 83 55 10 38 9 3 90 2 14 94 46 52 46 92 58 34 54 41 25 31 35 48 72 32 78 8 48 82 35 80 55 45 38 54 57 86 30 96 100
10 48 21 77 44 84 30 90 72 40 46 90 66 10 90 71 31 52 19 21 40 60 94 84 12 82 83 88 92 69 57 94 99 20 48 6 62 56 79 72 80 82 18 49 99 3 69 98 49 43 75 85 69 47 25 25 48 78 7 13 10 47 94 36 46 88 7 93 77 10 51 16 10 8 12 37 81 62 89 63 20 52 51 51 5 25 51 86 53 17 28 69 99 81 70 83 91 20 18 13
53 77 32 80 52 6 30 2 22 78 6 40 22 16 98 62 93 96 54 29 29 28 76 30 81 15 60 49 12 66 10 74 54 33 69 56 39 87 86 24 92 20 78 60 16 64 23 99 37 1 85 98 59 73 90 26 88 50 76 55 55 36 48 73 20 22 26 66 15 97 5 73 82 6 73 14 78 35 9 48 24 28 95 44 89 57 48 44 15 48 91 58 8 23 57 42 76 72 47 68
49 59 61 45 12 5 85 77 89 43 99 45 26 28 4 66 35 77 61 67 72 92 94 22 17 83 26 69 59 58 7 79 42 98 49 92 39 24 98 99 70 49 36 32 90 64 7 75 48 50 91 81 64 1 21 71 57 66 28 94 54 94 48 35 100 1 76 51 6 61 61 39 97 4 11 41 97 68 84 70 38 76 61 34 60 93 75 100 95 63 70 17 84 1 64 90 13 1 19 48
81 42 57 53 87 70 50 11 1 86 98 89 84 54 5 29 47 20 37 86 85 63 41 62 65 77 2 4 4 66 77 55 36 19 2 56 60 45 68 65 18 31 96 28 23 69 81 84 65 47 73 79 25 6 75 79 83 58 97 65 94 71 91 40 9 57 59 79 86 29 34 35 16 65 16 57 36 73 46 23 34 69 6 10 16 31 36 50 9 47 37 17 16 10 2 59 64 59 59 88
10 91 37 29 3 33 53 3 61 66 78 98 77 77 92 14 15 6 36 98 48 23 33 25 73 35 37 51 3 83 25 97 80 66 20 46 90 37 55 58 16 13 74 53 85 3 11 15 89 30 66 41 53 21 52 34 61 99 99 63 84 68 64 43 13 98 76 19 86 25 11 84 5 17 19 90 49 18 10 88 4 89 92 32 53 21 35 99 30 20 44 46 44 68 39 94 83 18 20 34
16 24 82 65 54 85 40 59 85 47 97 33 4 69 21 1 19 99 33 61 86 19 71 75 7 28 69 93 76 84 57 85 16 51 10 90 68 56 70 100 11 51 89 52 67 15 75 2 77 32 22 83 85 34 47 79 54 74 1 12 72 10 27 7 94 95 66 34 47 58 61 57 54 44 27 30 47 14 39 36 32 95 2 11 15 76 34 69 25 52 51 86 36 68 75 35 8 36 15 28
97 64 96 48 22 29 69 34 69 13 68 5 88 91 77 11 91 87 60 39 68 41 82 89 9 33 68 5 19 89 83 54 2 24 10 59 56 60 95 42 47 63 23 35 56 56 86 40 2 75 22 13 75 40 69 67 64 56 76 72 33 54 79 5 33 58 16 29 1 71 31 54 96 87 70 75 48 45 80 61 74 83 100 99 85 35 38 52 71 84 20 8 54 15 16 6 28 62 63 32
98 29 46 34 15 94 49 10 90 46 76 53 26 45 2 65 77 50 28 13 79 53 74 66 21 20 33 68 88 46 3 16 47 24 54 40 84 96 18 51 51 27 87 87 3 61 20 85 12 16 4 95 80 75 91 90 7 7 49 93 48 22 54 7 34 37 26 24 88 94 7 72 37 24 85 66 59 80 7 35 32 60 33 47 27 25 77 16 13 75 58 8 6 48 35 31 36 75 13 69
57 72 29 44 61 40 27 49 15 80 33 67 48 67 12 65 17 39 70 24 54 69 1 71 46 39 5 99 17 93 91 85 91 70 52 81 55 25 56 13 93 63 12 27 60 5 73 87 26 55 59 76 9 39 60 36 1 74 41 34 72 93 69 59 72 51 51 6 28 9 63 68 72 61 9 5 48 84 56 13 17 38 95 40 56 76 68 5 39 83 61 25 12 56 40 46 10 58 96 52
83 26 79 15 36 64 56 33 90 94 44 18 37 100 52 98 97 9 33 7 45 34 53 84 31 23 73 56 66 69 77 23 45 64 97 93 15 96 68 10 13 53 82 28 89 9 9 1 15 73 68 25 87 19 48 43 64 45 23 40 3 65 45 56 49 4 57 94 20 3 79 1 12 27 78 71 64 69 15 38 7 16 54 54 11 93 6 48 25 95 46 10 77 62 71 67 59 74 58 28
1 35 45 56 75 48 57 42 75 30 23 51 41 65 73 86 40 63 25 78 7 48 55 93 48 57 37 91 70 73 3 36 23 78 60 93 28 59 87 14 5 13 58 44 73 12 45 67 14 50 30 3 77 17 76 16 62 24 19 54 96 19 88 65 60 60 10 84 43 66 3 13 35 67 78 49 66 15 13 13 77 11 79 11 7 30 13 69 97 53 42 15 5 80 9 55 47 7 29 18
37 41 3 98 4 46 59 89 18 59 14 60 42 43 17 9 42 21 7 60 26 21 70 90 14 21 90 11 48 49 31 68 65 81 14 37 84 7 91 85 17 89 14 21 78 33 47 62 54 66 88 91 35 2 90 10 27 59 36 3 42 63 51 85 76 23 100 63 77 57 41 79 37 88 63 43 67 68 85 25 1 65 31 56 89 17 39 11 53 90 59 81 95 45 73 36 18 52 73 27
38 9 94 44 47 57 22 9 14 18 19 56 74 71 95 94 1 78 80 55 52 22 89 95 73 10 60 91 66 96 7 14 53 71 7 89 57 58 12 61 58 6 55 66 5 87 92 35 20 79 15 61 78 18 16 69 28 62 30 67 87 85 56 12 22 7 84 28 6 69 24 46 47 31 10 1 20 65 64 90 27 26 27 51 80 98 12 52 45 34 91 98 54 23 96 2 24 11 54 41
3 5 33 18 94 37 47 1 90 73 20 58 74 43 92 17 24 43 92 59 61 5 29 79 92 10 82 7 22 61 40 88 28 84 13 79 41 92 13 44 53 61 73 2 92 100 29 76 90 7 25 69 50 2 69 53 36 8 57 47 9 27 96 59 85 50 29 59 41 41 62 73 4 73 19 46 82 99 18 100 36 97 16 60 45 76 30 89 31 48 62 11 42 73 89 64 77 47 28 56
30 99 25 66 27 49 98 38 90 69 83 54 25 58 34 69 21 20 30 23 51 4 8 22 81 34 57 65 23 22 4 55 4 4 13 64 12 92 54 46 43 3 27 94 75 56 41 35 45 40 83 58 84 24 35 10 68 9 28 30 20 49 69 29 24 21 56 57 96 90 19 15 68 44 67 12 66 41 34 47 85 55 61 78 43 67 46 13 16 94 45 43 23 91 43 25 35 11 21 95
58 25 66 52 79 78 17 87 35 73 53 17 67 83 33 70 86 10 72 38 69 43 24 55 30 11 70 94 17 30 3 75 57 31 8 10 86 67 24 95 97 63 86 64 32 9 35 36 42 11 24 23 6 13 35 71 4 39 32 65 84 17 60 21 32 38 18 89 39 68 78 77 45 76 85 63 60 21 37 68 25 24 30 4 30 14 81 17 11 53 10 25 76 19 15 4 1 3 20 8
59 65 35 46 66 80 83 81 47 44 87 54 52 20 32 74 55 47 84 84 91 29 50 94 14 36 45 43 41 34 81 95 27 22 58 76 50 4 67 60 53 97 84 93 66 66 80 13 56 72 61 57 59 73 38 49 70 56 8 95 40 24 29 83 90 86 30 35 92 78 29 76 66 65 75 48 95 20 95 59 76 84 43 64 42 68 51 88 13 53 79 73 34 7 9 33 76 22 51 70
7 50 62 39 60 24 75 66 3 67 30 85 75 18 77 86 88 33 43 40 13 41 27 69 56 90 98 98 83 25 11 82 30 35 16 66 93 9 53 85 80 28 35 33 16 45 8 43 3 25 82 88 12 20 63 79 12 42 24 59 86 97 66 59 22 2 5 96 96 96 15 18 68 94 62 10 1 38 55 36 88 57 80 89 64 65 87 48 76 52 64 24 17 100 20 83 91 51 62 30
77 26 19 88 37 43 35 24 94 80 8 32 53 70 13 99 16 11 78 15 94 58 29 6 18 6 27 12 59 13 3 5 72 11 24 21 40 40 87 52 69 43 38 12 8 68 9 28 81 33 8 81 87 85 55 91 37 79 60 97 2 20 94 93 87 7 33 30 8 58 80 77 86 57 14 17 11 92 75 94 66 39 62 28 92 70 88 1 19 83 89 94 48 23 98 96 100 61 21 42
95 11 92 58 64 62 52 3 25 76 63 49 5 20 37 57 91 55 79 22 61 31 92 37 86 53 3 69 53 75 68 13 67 27 90 52 20 20 55 27 18 82 55 12 26 79 14 45 66 54 83 55 76 58 82 51 63 26 88 22 11 34 24 23 63 8 93 37 76 52 73 82 28 85 36 33 11 23 44 55 4 6 45 4 51 53 58 30 37 89 38 81 1 59 12 49 62 26 39 84
81 6 92 40 34 67 8 15 87 32 42 42 72 75 70 23 75 55 81 37 16 15 26 69 84 86 72 25 66 54 78 77 10 41 84 16 53 14 28 94 22 73 57 88 46 95 24 76 31 8 88 10 93 43 3 92 2 3 57 87 28 85 94 12 54 52 78 18 68 100 21 63 65 52 73 76 24 86 13 63 86 45 25 40 82 68 71 77 96 62 26 84 36 89 3 64 10 68 80 64
84 71 27 7 51 59 6 61 98 11 79 95 58 31 43 31 45 14 16 89 6 74 94 16 3 26 29 81 37 78 50 93 64 51 78 96 34 54 78 5 3 54 80 6 7 99 1 25 42 29 23 57 16 29 68 31 88 28 25 76 7 39 11 94 20 10 22 40 71 76 88 50 33 26 68 22 24 93 96 42 94 49 31 6 83 37 32 87 60 7 41 69 55 29 56 81 39 43 59 48
36 41 89 98 73 62 71 100 48 68 98 64 86 84 6 21 99 47 43 53 70 21 89 10 73 35 67 84 25 52 30 56 38 51 18 11 62 64 78 2 85 54 38 32 5 53 75 35 58 29 64 29 89 73 100 24 24 41 2 88 20 53 88 97 52 82 11 31 91 49 36 1 70 20 53 86 1 10 55 11 84 50 75 14 61 40 53 11 46 67 41 76 17 73 5 59 74 23 50 98
13 95 45 25 62 59 26 30 34 61 11 42 5 37 33 40 74 33 99 66 8 38 96 63 93 51 95 44 35 8 10 40 10 46 57 44 46 26 71 42 65 45 6 30 92 43 61 27 80 53 27 55 6 52 31 78 100 63 43 25 5 100 2 49 75 33 28 34 47 31 37 64 50 52 77 9 30 84 89 47 91 100 38 10 27 10 38 57 64 18 64 2 19 14 89 44 47 59 31 60
5 80 49 29 63 27 11 70 58 17 18 9 47 100 56 64 23 31 62 100 66 88 50 20 69 46 1 11 93 45 100 38 39 86 91 65 85 49 49 39 30 45 100 52 62 63 51 20 64 54 47 89 5 2 91 5 60 64 53 84 31 92 89 14 47 7 7 47 13 60 51 98 53 39 99 38 75 49 46 19 25 61 57 42 39 78 35 27 50 77 81 48 18 67 86 45 24 96 13 51
48 32 57 47 18 96 41 27 35 45 26 38 47 91 69 78 9 89 18 7 94 93 32 20 24 91 30 90 29 1 45 88 73 43 68 70 11 21 98 70 99 59 78 3 76 50 19 34 23 48 51 28 76 71 47 72 49 35 4 61 29 26 96 28 84 61 5 97 90 14 51 28 56 18 47 62 72 85 84 68 47 59 37 31 24 41 32 13 47 24 1 40 32 18 15 36 29 60 32 90
23 51 54 51 24 93 15 29 41 4 15 96 82 100 55 84 50 82 12 24 85 10 32 19 60 38 26 63 79 93 97 84 67 5 74 54 10 44 2 93 79 54 30 50 58 88 13 44 37 10 25 61 50 84 73 52 89 20 1 89 68 32 43 6 1 85 13 82 80 5 8 89 74 55 64 75 38 79 15 6 35 54 27 6 55 100 55 67 68 26 1 95 70 64 75 54 17 14 43 16
15 100 56 51 74 20 48 11 43 5 65 74 71 74 48 41 6 70 23 72 76 7 44 1 16 100 5 39 8 48 78 64 22 2 16 3 22 43 67 7 31 88 97 42 38 32 12 46 3 33 84 97 53 38 59 75 88 30 100 18 31 20 10 55 74 44 25 14 100 90 65 36 91 75 96 7 7 4 93 10 66 9 66 54 7 51 76 89 97 38 60 61 93 83 1 88 91 100 34 75
33 26 17 67 51 99 85 65 53 31 9 91 12 81 15 18 23 80 15 31 44 85 57 51 49 92 62 100 36 66 61 86 79 39 94 76 83 52 26 39 81 72 76 28 3 72 48 84 23 57 65 76 53 95 92 8 51 8 71 83 11 21 81 37 94 48 35 55 79 48 60 37 69 35 10 100 14 89 99 45 32 90 33 61 1 8 50 13 76 31 38 43 41 55 5 52 20 70 11 57
34 70 78 14 17 78 59 38 1 54 59 33 32 54 64 58 48 3 84 63 77 31 73 43 66 57 30 26 53 1 60 7 47 72 7 67 57 6 40 17 56 43 64 77 90 43 50 17 76 5 31 5 21 74 48 76 22 81 54 93 31 8 94 44 51 11 76 82 12 76 35 78 85 14 88 48 48 7 39 28 74 62 74 49 87 61 33 70 20 88 95 88 90 98 47 7 75 50 14 30
86 26 4 49 43 14 38 26 32 27 5 83 82 68 35 24 46 69 37 32 75 50 8 33 93 76 65 69 31 57 10 86 97 82 12 66 94 64 33 3 94 11 19 76 70 76 35 21 56 80 66 65 16 82 21 6 35 53 8 80 80 2 22 80 44 58 94 60 1 17 35 66 10 7 45 38 58 97 62 39 50 7 51 54 97 69 53 75 24 55 91 39 97 33 91 66 96 14 16 43
97 30 97 93 14 50 8 9 55 36 47 13 14 48 97 76 42 9 89 15 27 32 56 92 87 11 5 53 69 31 11 10 68 93 75 42 83 3 10 80 70 37 15 67 89 12 37 45 26 38 75 89 26 25 69 92 21 32 97 56 78 24 21 72 92 24 9 12 85 20 94 26 14 14 100 74 87 50 15 5 15 55 8 62 90 48 10 56 61 100 88 96 65 14 49 18 36 58 63 49
35 5 30 55 14 93 3 5 97 94 21 62 60 63 50 43 32 83 49 10 90 94 76 7 35 94 78 100 21 63 19 21 3 75 89 55 18 27 34 3 64 35 33 36 36 61 3 52 100 57 22 25 61 56 77 86 44 27 23 95 23 25 40 5 97 27 3 87 20 47 78 40 69 54 51 9 99 49 5 20 58 67 28 40 40 18 76 73 18 44 81 68 9 60 65 51 77 22 90 44
22 47 5 80 98 88 31 74 2 23 34 66 49 19 20 42 1 99 90 15 3 9 83 45 38 74 89 37 94 31 62 93 13 77 50 70 49 35 99 79 58 56 33 64 41 28 34 83 5 35 17 37 81 23 27 43 56 84 40 41 9 100 86 82 35 18 73 79 51 44 48 28 39 50 77 51 63 8 93 68 84 10 5 33 81 99 13 29 82 80 30 55 97 49 6 7 2 100 7 72
69 82 74 62 45 86 97 93 90 93 15 41 49 22 65 16 19 85 49 46 96 86 25 20 12 31 77 53 80 7 73 18 31 9 4 47 20 34 66 20 12 77 61 27 93 39 62 89 17 10 80 54 33 42 76 20 100 83 46 67 84 11 76 28 93 90 65 60 38 4 99 4 35 100 43 38 40 51 50 34 30 27 20 84 46 84 16 30 13 81 55 100 65 12 98 39 83 46 52 11
79 12 70 22 15 90 93 6 35 83 6 36 9 63 56 61 72 100 48 12 3 84 55 97 54 32 99 31 66 46 100 67 64 24 76 66 28 89 28 53 21 44 71 70 84 42 43 82 10 34 26 88 63 33 94 51 47 47 93 41 62 1 46 82 79 9 46 25 36 2 19 13 93 63 63 15 61 58 7 44 16 22 50 81 59 36 76 33 72 2 33 97 47 10 35 31 81 88 19 65
67 96 69 3 67 16 65 28 23 16 50 57 33 77 25 23 10 87 6 48 37 42 9 43 21 95 73 8 91 46 86 70 57 94 90 65 39 26 17 11 69 18 10 65 6 39 85 89 42 4 83 52 87 84 72 60 80 61 29 56 58 84 4 24 19 12 17 22 29 29 3 47 25 3 36 38 29 46 56 61 77 65 5 29 9 34 44 85 55 52 21 45 98 21 27 28 14 9 52 23
24 16 30 80 62 100 24 37 23 20 43 54 62 67 28 44 38 63 46 91 12 86 98 68 65 50 61 99 2 38 61 100 42 40 46 86 86 97 90 33 78 60 10 25 29 67 93 25 26 11 73 9 90 61 83 52 69 69 99 60 64 77 56 12 72 7 35 33 61 40 69 67 38 79 67 6 8 24 64 74 11 53 53 100 65 38 31 18 43 80 68 2 28 65 47 31 42 98 5 51
94 63 95 32 83 5 31 77 83 49 41 13 1 91 88 59 83 27 4 3 64 53 67 73 10 20 69 7 85 73 32 3 80 5 13 16 4 53 62 74 54 43 10 93 46 44 7 7 14 74 71 14 53 88 87 13 86 63 54 53 4 43 81 69 30 83 13 24 45 10 98 78 73 3 83 62 67 48 75 17 53 78 66 27 38 14 41 44 71 78 56 32 54 14 42 24 48 31 2 52
85 73 1 11 16 97 33 10 76 88 43 52 78 66 8 46 3 15 50 76 29 40 77 3 28 58 45 42 51 69 27 34 100 36 96 15 74 18 39 23 70 35 3 97 69 85 43 58 21 61 56 35 44 60 73 24 32 88 67 93 53 34 33 38 97 64 76 78 42 82 50 49 31 90 77 1 9 39 45 88 93 12 66 79 4 44 10 66 29 94 26 10 3 51 57 58 59 45 91 96
11 8 84 53 20 42 63 9 39 83 100 32 81 23 3 38 21 92 79 92 45 97 52 71 63 90 91 66 12 35 9 48 100 82 31 54 62 88 12 61 25 77 12 15 19 59 87 27 33 81 27 13 46 88 63 98 97 29 44 81 35 82 35 42 6 36 75 21 9 14 88 55 41 100 82 54 56 72 25 24 32 7 91 62 5 72 72 57 32 75 27 53 93 61 39 34 1 64 59 64
17 87 41 39 80 8 51 52 91 9 74 83 17 5 38 61 21 80 9 59 86 36 45 56 6 50 17 58 44 82 98 27 14 84 10 62 14 4 44 53 31 7 17 70 4 16 30 9 40 38 74 13 42 97 1 14 64 72 87 31 34 7 94 54 89 34 94 41 71 7 53 79 19 85 19 36 39 66 43 72 37 78 95 8 59 86 50 100 31 51 19 51 45 92 13 91 12 52 1 88
43 25 29 19 12 92 51 76 95 36 86 18 57 23 23 27 34 20 2 47 60 54 46 46 60 56 29 42 7 33 78 89 79 57 96 77 14 37 5 33 17 62 3 42 61 42 81 50 26 71 55 30 55 91 31 40 80 42 72 63 70 99 72 84 6 58 27 32 85 58 70 22 11 99 53 38 47 54 58 8 16 37 54 82 96 27 1 45 31 7 2 68 69 65 37 65 25 67 75 15
61 39 65 77 75 30 91 30 77 29 8 13 3 54 42 32 77 100 93 16 22 52 83 56 44 74 88 4 60 35 70 16 81 47 6 19 28 91 88 69 3 47 14 62 10 34 91 49 66 25 69 84 35 68 92 86 79 66 10 88 77 58 67 10 34 28 24 64 99 18 8 47 28 61 11 52 48 100 41 26 49 62 93 39 16 86 72 57 35 43 21 87 94 61 54 31 64 42 65 47
27 100 81 68 13 83 89 31 32 64 82 55 9 94 48 78 46 28 93 92 3 78 65 25 50 61 63 93 6 21 96 28 44 31 73 42 24 9 36 62 55 8 57 66 9 7 65 74 32 66 29 98 26 91 55 86 39 51 97 67 61 23 44 63 82 1 21 80 88 12 60 97 3 4 42 97 27 39 31 45 24 94 11 8 6 44 99 99 21 36 37 44 21 10 76 4 23 100 96 23
54 32 27 61 77 34 59 71 87 84 28 50 79 85 91 47 76 95 69 71 83 60 14 83 15 12 35 67 24 51 75 15 82 96 52 42 8 26 43 27 58 16 91 94 99 81 40 25 44 32 9 51 12 53 55 27 63 18 48 20 60 85 84 20 100 67 28 41 46 22 17 11 48 69 15 92 82 62 66 50 25 84 19 60 30 29 22 36 42 74 55 20 81 74 31 32 66 86 4 60
5 20 1 81 44 94 63 25 88 86 18 34 51 32 11 5 74 23 46 43 5 10 22 80 28 36 48 65 6 38 49 33 33 23 19 6 85 55 79 59 14 43 44 56 29 41 61 18 27 93 50 31 63 47 96 16 83 45 88 25 59 85 30 8 3 95 67 8 2 96 19 55 82 33 65 66 82 53 42 39 15 4 9 84 54 1 33 21 11 43 27 92 57 56 22 89 78 61 85 69
24 75 92 73 97 22 18 91 16 87 22 52 2 37 79 73 11 33 34 48 72 93 48 25 23 84 55 18 44 83 49 63 34 19 21 26 88 74 40 65 66 77 49 1 60 37 7 88 8 29 54 61 85 41 5 1 14 45 33 28 4 10 5 41 17 9 15 35 83 95 93 1 14 43 73 60 67 51 17 36 96 68 54 88 27 61 95 94 86 69 44 72 16 24 62 94 22 10 17 2
4 68 56 70 78 46 96 75 99 7 75 28 75 67 42 64 38 57 25 38 9 97 76 60 13 61 1 29 94 99 60 36 50 44 36 99 35 93 41 18 35 90 80 40 36 80 58 79 9 86 58 69 24 60 99 46 40 75 69 22 66 85 55 79 16 82 39 56 97 22 48 67 2 94 51 21 89 24 43 27 94 70 6 49 95 68 22 4 62 72 2 64 29 87 84 20 45 89 7 7
22 42 7 96 40 85 97 77 21 79 11 12 34 86 3 88 46 21 80 27 5 65 96 81 1 46 58 25 53 8 80 70 40 86 84 11 95 95 74 27 96 81 47 81 47 21 47 35 53 55 44 52 73 55 39 65 92 50 8 82 38 34 10 39 96 77 41 92 21 13 4 52 21 83 24 91 22 83 90 20 12 87 76 56 49 50 9 27 90 37 71 76 46 32 88 25 89 17 70 49
15 82 41 60 80 75 16 58 91 54 28 86 26 39 89 58 86 29 38 71 28 32 81 1 67 38 55 1 82 96 32 1 65 22 74 69 85 28 4 62 9 77 38 57 93 99 30 94 14 65 85 38 15 12 90 71 64 3 59 77 44 20 70 13 81 71 53 26 49 58 55 79 3 27 61 52 14 19 46 40 88 49 24 97 16 70 22 28 10 65 57 12 81 20 24 36 59 7 89 10
94 57 33 3 55 64 6 59 50 61 28 11 80 7 25 94 22 24 53 89 45 20 4 24 64 48 50 92 68 75 29 26 86 85 30 9 78 35 88 96 90 99 69 60 24 30 52 58 71 96 91 9 75 62 57 38 33 56 31 85 14 44 13 88 83 72 37 79 53 50 14 62 81 25 90 64 35 4 19 23 30 13 22 20 21 40 62 2 49 90 58 10 4 26 90 83 58 87 27 71
46 17 25 68 71 66 12 44 94 4 54 23 46 18 74 80 2 22 83 63 50 1 75 10 16 25 16 56 83 73 40 25 10 40 67 29 69 15 95 58 74 69 48 55 49 74 12 80 94 23 54 66 90 99 56 46 84 38 70 93 57 17 40 77 43 32 64 36 3 13 15 45 43 70 75 71 90 74 26 58 24 86 82 52 57 97 31 100 87 55 59 2 26 92 90 35 9 16 16 76
80 70 77 64 83 9 58 88 75 28 6 21 15 7 22 5 38 12 100 60 66 34 63 17 100 98 16 7 66 86 76 75 69 7 35 6 16 65 33 57 37 73 21 72 93 49 17 57 35 43 13 32 51 41 82 38 51 87 5 16 7 94 51 73 6 44 19 66 4 13 15 51 98 74 56 87 75 44 97 51 45 29 20 62 24 26 95 95 4 83 5 22 28 1 47 74 76 66 42 31
31 23 33 97 32 34 100 76 100 37 72 4 75 57 46 88 82 83 76 86 45 100 49 25 6 12 61 89 76 95 33 58 83 23 18 36 57 2 43 33 35 77 3 6 28 48 16 82 83 48 30 4 51 74 72 9 51 9 84 73 47 15 65 47 84 34 63 40 91 10 98 67 48 3 2 20 69 93 39 72 60 44 23 87 60 56 99 81 84 68 42 25 81 63 94 77 83 70 45 86
41 21 74 99 79 67 4 14 53 45 26 1 19 62 5 7 6 42 95 74 36 97 99 69 36 13 45 72 19 57 61 21 25 83 36 34 12 95 78 39 70 15 59 83 64 56 22 63 99 56 61 89 79 22 7 99 19 97 33 95 26 69 66 40 34 59 22 2 30 19 51 22 73 15 82 49 4 93 7 94 72 79 53 99 47 71 89 71 71 36 96 45 41 69 31 75 12 70 21 74
43 55 52 64 17 49 1 43 68 34 49 48 46 60 87 84 22 29 68 9 36 67 27 59 97 33 6 93 83 94 33 84 78 37 75 29 90 39 32 54 49 51 100 20 42 71 4 71 55 14 94 32 63 43 88 86 60 78 81 16 62 64 15 18 75 59 61 91 81 26 43 12 36 25 11 88 25 95 82 20 66 72 14 74 57 62 47 1 43 7 11 54 25 50 25 15 81 99 40 88
90 62 94 90 16 19 12 94 25 18 74 35 2 31 100 54 39 49 68 50 98 64 48 62 27 55 41 78 82 64 38 54 70 18 22 19 32 55 20 98 77 76 14 89 43 90 19 7 20 76 74 61 10 42 20 93 81 18 21 39 79 63 43 84 92 50 76 86 61 71 57 65 70 57 60 53 36 95 42 12 46 74 50 57 45 94 17 31 52 8 10 21 13 69 47 84 95 26 30 20
76 26 65 45 23 56 30 39 97 29 38 28 30 41 38 70 15 34 89 74 34 55 87 80 60 58 84 35 33 45 4 33 30 63 7 98 17 76 3 39 92 19 49 99 83 75 40 40 70 39 15 91 80 36 98 29 43 18 57 57 94 11 52 80 78 1 77 22 74 35 31 83 70 16 82 68 50 98 87 63 8 81 96 75 19 62 50 31 39 1 8 88 31 88 68 22 80 23 72 70
61 64 19 33 82 88 2 4 53 95 24 92 76 22 66 73 28 23 63 6 61 24 54 21 97 31 64 24 96 32 93 37 21 45 66 35 10 100 73 30 16 61 45 14 92 59 27 52 80 16 52 38 25 75 65 30 61 15 48 35 63 9 90 10 48 23 8 26 48 54 91 23 17 16 67 44 42 60 74 13 44 82 25 91 10 27 23 69 42 8 79 95 45 14 45 34 24 53 3 74
64 67 94 43 83 14 17 17 97 96 3 47 97 44 97 87 38 76 36 53 67 6 68 4 48 22 69 97 8 67 52 78 60 47 22 9 69 38 33 54 19 72 22 43 57 15 17 77 94 76 6 11 74 96 77 59 45 53 49 96 7 40 83 83 6 24 34 62 9 15 37 52 80 14 59 57 50 5 36 54 61 56 41 89 21 69 69 69 52 100 40 70 49 70 34 74 35 100 68 15
76 31 15 32 68 68 61 67 59 82 7 30 71 50 98 25 70 12 68 80 81 68 19 84 24 53 20 65 97 43 63 8 56 86 14 98 7 9 45 16 10 67 30 16 15 56 65 29 76 17 55 4 85 38 33 56 16 85 39 51 89 100 66 71 82 2 10 51 94 92 94 67 51 74 8 71 55 85 54 33 85 2 74 3 57 25 84 64 68 59 19 70 18 33 75 2 26 19 5 29
20 83 60 6 38 85 68 33 65 1 47 71 100 59 98 25 66 85 32 52 52 49 76 25 20 62 42 49 14 89 27 95 46 69 95 94 76 69 17 30 10 36 93 86 54 34 17 6 72 11 22 57 38 7 75 44 83 58 64 89 98 49 24 1 25 68 32 32 6 9 20 25 31 4 10 89 38 16 19 84 14 9 15 39 38 63 93 46 64 31 96 9 20 13 9 74 39 78 77 76
80 10 31 68 47 47 20 99 90 31 7 16 66 71 20 2 75 32 22 65 35 21 14 6 11 32 55 77 38 95 80 90 43 23 66 45 13 71 87 56 39 13 30 2 35 42 1 24 10 29 45 14 41 97 23 49 56 4 6 17 13 88 100 56 88 27 53 66 51 18 97 46 88 58 18 33 46 47 67 80 62 46 90 15 13 23 96 35 70 66 64 5 55 17 31 72 31 41 61 12
50 88 81 44 71 21 80 2 32 92
53
