170 10
32 96 99 61 67 52 74 123 10 90 93 66 29 103 62 156 114 108 74 170 37 156 89 152 124 158 14 150 1 106 143 33 1 122 147 160 69 100 4 106 169 78 70 139 17 110 81 154 45 46 85 115 73 159 62 127 49 89 78 49 34 69 131 24 125 118 166 57 56 23 146 2 83 132 143 28 107 155 145 142 99 97 73 35 101 112 62 109 57 97 61 158 14 158 169 131 85 97 98 155 15 31 104 161 90 168 50 13 141 35 85 170 16 114 39 26 78 84 137 6 120 155 31 67 53 162 108 123 38 137 154 22 115 86 88 81 46 126 128 91 94 45 76 4 108 76 141 169 82 94 49 90 2 116 63 14 87 2 152 22 170 134 25 149 149 59 106 63 25 157
73 149 128 39 157 56 43 105 78 21 6 48 153 8 62 128 121 159 21 97 83 8 101 113 141 147 150 87 62 22 170 19 165 94 86 80 60 144 152 137 15 81 106 96 61 29 32 157 165 157 77 17 103 52 143 93 124 93 163 139 130 31 65 1 110 87 126 135 127 69 77 119 105 99 97 150 137 101 124 5 86 35 73 44 128 75 52 85 108 80 155 95 61 97 58 80 6 152 40 38 72 165 92 131 85 73 137 37 15 117 14 11 69 72 137 94 167 26 142 23 142 146 5 105 138 67 1 75 148 151 72 103 149 120 111 44 60 28 164 109 20 130 36 90 100 37 53 65 31 57 8 85 31 93 105 62 72 88 73 146 39 54 102 157 35 73 61 85 66 157
153 80 81 94 77 101 43 98 118 6 66 117 145 91 65 55 12 48 168 91 150 17 61 99 145 88 164 145 133 162 119 49 162 127 41 145 95 39 133 61 82 59 91 150 23 55 166 81 153 5 128 81 7 34 10 107 108 15 79 11 96 76 62 129 165 17 162 27 17 25 4 103 48 163 111 92 43 145 63 122 74 165 69 51 139 151 16 158 65 19 90 89 4 20 53 26 76 34 159 64 55 103 18 32 71 69 138 11 87 152 26 158 153 136 42 29 26 140 65 13 166 14 12 74 126 60 111 111 33 92 161 39 60 53 166 18 93 73 65 160 142 66 5 50 71 129 46 89 85 113 10 96 38 141 53 50 154 124 31 77 38 103 162 136 119 139 9 50 17 30
166 129 168 132 10 127 77 53 118 79 52 90 9 94 25 147 126 59 96 146 84 98 61 42 119 132 93 66 152 124 162 125 68 95 115 35 109 140 147 31 24 143 57 149 46 48 100 100 31 43 67 76 139 99 88 143 44 71 26 4 36 111 41 44 152 135 6 15 161 147 19 57 145 79 79 8 55 36 78 3 170 4 157 112 101 89 38 125 59 68 57 140 9 138 9 66 87 4 131 1 59 145 59 3 56 64 132 124 74 157 108 35 43 36 130 72 82 83 44 79 120 111 22 116 161 151 20 160 23 129 136 84 98 25 18 19 13 29 92 142 86 104 77 149 113 92 134 5 93 27 21 146 1 154 13 66 2 14 33 105 23 84 137 89 169 164 169 84 87 134
29 38 58 30 18 10 61 141 80 37 41 12 9 36 60 91 144 54 105 2 47 153 81 35 32 75 54 35 106 2 74 30 108 141 30 107 100 83 86 77 118 161 54 73 143 93 73 148 2 70 119 95 86 142 134 28 82 39 2 88 49 89 126 160 167 94 39 106 123 105 70 12 16 134 23 86 35 167 6 16 98 131 2 115 78 25 2 75 114 141 28 17 125 81 98 46 66 149 158 126 80 142 150 72 16 53 10 140 132 74 148 78 84 61 85 169 1 43 112 151 133 5 4 41 161 86 78 100 129 124 10 108 66 58 99 77 156 92 68 145 46 45 38 9 44 15 60 73 114 34 101 142 159 37 2 45 109 87 133 28 138 153 160 50 152 74 5 41 36 75
97 131 61 74 67 97 128 66 118 30 146 161 68 144 8 102 154 36 79 42 4 108 67 114 138 10 3 60 55 40 133 20 10 152 70 125 103 85 74 7 27 108 119 109 30 43 25 123 145 76 26 82 56 80 109 157 103 77 95 160 85 144 20 90 109 123 170 58 26 19 105 147 153 16 120 76 156 146 103 58 164 19 17 87 61 139 34 26 51 50 20 37 37 32 34 141 145 11 8 9 81 12 170 5 130 94 16 93 55 62 122 16 134 53 130 60 147 7 118 124 135 162 148 152 61 97 1 64 158 122 149 86 70 61 90 105 23 51 46 122 81 63 15 154 83 94 122 58 3 12 135 130 159 99 125 128 39 63 138 119 38 61 59 167 116 6 96 40 32 41
170 167 5 124 161 43 13 48 74 34 87 148 101 33 89 160 2 38 24 140 150 157 55 61 148 53 125 71 153 107 110 5 132 146 5 56 79 27 58 142 64 158 71 77 113 82 169 16 77 140 15 122 128 111 10 53 107 41 66 100 51 155 160 160 94 151 62 105 12 92 158 84 125 2 127 122 53 136 107 58 115 105 76 94 167 137 57 143 156 114 165 96 165 139 28 128 60 132 9 63 14 116 20 165 118 167 39 81 25 138 114 68 41 121 68 21 16 56 149 115 162 25 84 170 167 108 42 40 80 107 96 81 34 5 109 146 36 112 142 73 85 53 24 152 23 148 29 14 139 160 50 148 47 3 116 34 27 18 105 132 104 141 62 73 90 63 78 53 80 115
167 44 64 76 16 46 35 24 122 135 168 43 148 44 111 29 121 125 33 28 67 124 169 144 144 6 40 7 24 21 25 96 145 51 137 120 136 55 56 106 161 17 156 169 113 78 10 123 32 11 72 146 63 89 101 11 3 60 95 64 109 33 21 142 11 150 53 88 121 53 103 159 42 47 46 3 84 167 112 152 148 1 142 98 99 33 156 71 74 100 145 15 149 139 49 153 36 33 75 52 35 83 89 112 40 54 44 48 156 157 87 91 22 4 89 168 129 168 123 104 14 13 124 68 20 68 17 37 75 91 24 80 128 68 9 142 128 55 98 141 148 56 8 136 33 98 104 143 60 136 91 151 133 95 77 59 111 23 114 107 106 140 164 129 162 124 108 95 90 151
1 168 29 42 120 29 118 125 19 83 25 144 166 166 99 154 44 151 17 166 161 26 141 22 149 31 95 90 33 51 49 21 19 121 141 88 1 117 119 36 137 121 38 94 103 135 47 66 34 24 72 50 77 7 103 169 53 141 119 16 74 76 68 25 121 66 134 143 127 66 38 25 22 52 56 168 72 48 101 70 147 57 167 131 124 122 118 2 76 110 80 154 150 68 161 76 55 20 105 7 161 137 61 59 128 156 96 94 17 146 78 164 149 58 149 44 168 151 113 17 62 28 130 153 6 130 152 67 7 80 36 143 88 127 151 125 150 10 88 25 21 41 29 56 22 44 134 133 8 4 36 127 74 8 44 109 158 51 51 95 20 109 125 16 56 75 158 123 56 71
168 130 165 108 21 97 113 86 158 46 108 119 113 105 166 148 79 129 147 49 95 121 170 3 14 68 48 64 62 136 57 124 50 151 31 167 84 37 119 30 123 138 127 48 52 57 126 149 21 130 24 69 124 91 87 34 100 133 155 124 106 145 156 108 7 95 12 127 52 54 79 146 59 166 34 141 32 142 5 150 119 112 69 100 49 34 107 32 14 5 9 127 72 20 45 147 137 149 166 136 138 72 128 105 60 109 143 50 31 117 90 62 115 99 62 10 75 132 167 132 139 22 55 67 98 157 78 122 128 72 72 71 113 162 166 33 17 140 49 10 92 40 78 168 151 62 28 163 76 80 81 51 59 109 96 165 8 130 42 100 166 126 50 99 147 80 37 46 109 123
130 68 97 147 92 32 105 69 81 162 128 167 75 69 14 19 16 5 80 32 151 163 98 48 61 158 116 150 47 145 81 90 72 71 123 125 41 56 17 104 116 63 36 141 74 75 82 92 161 118 166 69 38 111 97 159 142 76 20 25 127 98 137 114 147 99 13 164 166 1 24 14 155 122 102 33 124 59 26 91 3 133 33 72 111 100 93 153 44 64 96 161 105 107 5 155 58 7 1 110 47 24 41 122 20 36 5 109 34 124 137 160 102 58 27 40 109 24 24 152 22 166 137 154 5 116 126 72 80 19 1 122 125 163 95 28 12 37 102 45 12 49 101 63 131 121 125 52 124 52 8 149 145 8 117 132 14 73 24 85 125 52 65 119 89 6 154 124 129 97
22 24 87 79 2 148 78 141 91 97 9 135 143 119 33 105 69 73 99 48 97 21 67 159 8 38 21 69 83 64 154 64 5 127 151 53 136 139 66 135 125 164 137 29 134 31 167 21 162 64 51 54 34 10 33 83 31 107 168 164 165 60 105 45 98 142 76 77 89 140 72 18 57 105 144 41 72 100 90 161 162 15 146 164 127 9 22 28 129 13 68 22 51 108 59 78 64 93 159 4 148 88 103 123 131 156 136 88 4 112 156 162 129 153 90 48 95 53 44 103 42 62 8 95 121 150 145 29 126 41 26 5 55 97 137 137 116 39 112 2 148 52 138 119 120 50 34 91 162 149 24 154 51 101 64 98 20 148 27 160 74 167 161 110 157 89 84 120 80 74
140 161 1 47 92 104 155 51 56 58 98 31 163 169 15 131 6 156 68 4 71 87 11 46 35 6 129 102 22 83 56 21 71 74 25 114 141 84 123 157 29 133 60 81 122 97 137 118 75 140 83 90 156 114 117 128 44 101 158 123 96 152 138 82 101 162 19 148 170 83 3 62 35 32 54 122 76 45 165 121 65 19 105 167 39 24 160 111 114 55 148 143 53 50 38 117 167 131 125 4 62 11 148 84 54 4 45 40 98 123 168 135 24 42 136 18 63 20 13 150 92 5 144 69 114 152 138 67 106 133 26 101 14 112 88 160 48 142 83 140 11 103 48 88 31 136 128 5 163 129 139 68 2 95 126 96 50 22 80 162 77 99 99 28 28 30 56 135 18 11
83 56 27 163 70 107 7 34 109 41 35 106 1 154 44 92 32 131 32 47 9 136 43 170 134 162 115 96 50 11 55 44 37 71 82 43 67 73 170 34 130 10 141 135 116 168 166 111 134 105 157 103 66 150 86 33 73 79 128 13 149 20 51 1 35 45 114 58 110 47 4 77 83 6 154 44 87 133 71 94 29 111 37 84 163 162 44 112 127 111 44 69 75 46 128 144 137 93 12 25 18 124 144 9 87 64 23 143 135 29 144 25 62 135 75 157 45 160 91 122 168 170 133 115 127 82 47 12 74 25 29 136 8 139 52 105 34 97 149 89 140 97 6 78 52 69 102 108 71 71 34 63 32 46 41 7 119 93 119 52 15 120 124 94 10 70 130 166 121 149
43 79 144 5 121 34 107 146 108 54 146 27 92 14 38 20 99 115 36 91 109 135 162 147 153 140 152 138 30 132 137 170 22 9 84 36 15 25 62 49 104 58 14 10 58 3 80 16 110 107 48 5 69 97 38 87 38 150 137 159 166 32 46 73 119 82 112 50 40 46 98 20 110 136 75 91 44 101 91 111 20 90 77 47 100 104 146 34 145 73 22 70 164 79 167 97 56 56 44 12 167 169 101 89 60 100 65 8 26 105 57 134 86 99 83 92 170 9 68 44 55 13 88 134 51 45 113 106 146 126 31 115 97 117 100 61 9 143 127 161 68 59 64 33 169 18 44 106 14 71 97 166 157 77 137 151 100 82 73 118 5 73 133 38 115 97 10 97 158 114
62 133 170 92 55 148 108 73 166 160 20 166 81 8 44 144 92 68 163 92 24 100 166 149 69 39 26 77 97 45 164 135 28 76 13 21 83 125 55 85 113 153 29 10 122 97 94 79 107 34 167 15 139 12 44 104 101 12 43 164 123 105 32 43 62 155 46 167 51 41 106 85 91 25 43 163 131 133 146 72 64 109 62 41 123 60 43 110 133 51 111 128 141 91 118 49 65 89 144 106 113 126 68 148 150 47 162 128 128 66 22 138 143 155 55 157 6 11 112 8 22 76 60 153 37 111 123 88 126 115 105 38 93 149 68 22 141 1 16 138 85 122 76 151 70 26 75 58 34 17 4 157 24 123 88 114 116 76 107 169 159 128 95 54 33 59 137 10 92 58
79 100 115 120 42 11 72 25 51 57 83 84 138 121 18 137 162 100 94 124 77 64 125 132 158 114 56 43 81 71 30 143 139 109 24 6 42 112 10 41 108 136 42 143 34 167 132 50 24 5 134 67 83 65 116 155 99 134 28 124 121 90 87 118 37 76 1 13 131 82 77 153 99 154 19 151 9 76 147 47 44 135 155 66 139 67 91 119 7 11 49 167 49 30 68 70 78 166 82 16 85 118 46 43 12 4 89 29 161 64 63 69 60 155 70 89 26 86 105 48 55 98 26 52 20 146 133 164 128 19 160 135 96 77 144 48 92 86 68 57 59 22 15 143 25 108 74 130 32 12 94 160 159 127 97 48 102 110 72 50 66 123 53 158 114 37 134 159 20 170
166 80 76 55 32 10 99 83 61 14 160 69 24 11 91 142 57 87 84 103 22 87 146 109 11 37 70 39 89 64 58 138 111 5 169 61 71 88 121 157 75 71 112 86 106 76 17 138 116 104 36 109 161 150 29 146 42 1 108 3 20 39 95 52 62 41 57 90 91 131 95 140 34 18 112 37 73 20 15 78 27 146 129 117 130 72 52 119 22 148 131 131 132 161 82 54 126 41 124 111 124 41 141 22 18 76 26 98 128 157 100 38 128 55 116 76 10 28 33 83 2 113 143 44 146 27 140 74 78 159 18 105 47 151 78 116 76 131 98 169 102 36 100 106 122 47 145 105 7 9 19 53 159 70 158 110 39 82 94 51 156 158 133 164 12 138 83 67 1 38
162 124 72 134 86 110 50 140 117 70 125 116 62 148 163 33 85 10 48 106 130 5 77 161 103 58 13 101 124 151 37 85 118 17 64 79 136 68 97 130 71 154 166 48 61 72 61 51 28 37 156 18 170 168 8 157 68 100 154 83 165 134 6 91 32 129 81 137 132 60 122 165 3 15 139 108 68 41 53 57 109 55 70 48 30 35 133 42 160 24 19 41 145 153 60 149 167 121 149 61 87 56 41 143 169 133 76 107 124 155 109 151 4 66 80 154 56 100 34 62 122 104 108 153 43 157 161 156 15 136 42 37 130 32 152 152 137 24 56 125 20 137 37 43 65 51 72 32 6 114 159 8 120 11 100 115 121 60 170 142 129 21 36 10 111 75 165 122 19 44
29 28 79 134 120 17 6 70 83 129 47 103 124 68 35 134 59 134 38 114 58 164 97 25 54 82 152 155 73 75 4 158 114 82 18 114 83 105 155 47 96 101 27 90 94 145 136 113 156 72 90 6 119 69 158 67 50 16 150 63 131 73 106 118 90 143 111 37 17 85 69 52 33 143 158 44 83 90 20 145 2 120 4 116 67 88 145 86 106 78 108 36 109 42 40 33 154 78 26 87 49 90 84 32 22 56 128 60 21 112 108 2 94 149 100 14 127 160 106 65 46 44 156 37 156 123 167 13 105 84 61 71 76 12 107 8 138 34 160 141 160 154 81 11 156 56 123 128 80 91 17 2 143 116 87 38 99 79 52 141 56 96 161 149 78 130 140 138 62 150
163 89 11 86 127 168 101 146 65 47 15 16 38 24 35 66 83 74 168 42 98 91 163 5 122 71 8 168 29 143 81 10 108 154 129 47 133 90 4 10 90 101 133 5 123 82 128 79 109 22 106 170 88 164 81 130 106 43 41 145 120 147 163 45 7 61 126 91 75 59 53 17 17 122 79 70 86 61 56 149 80 48 63 53 153 164 80 58 113 7 32 111 42 60 77 18 31 144 47 57 2 78 16 72 153 15 97 48 53 81 66 116 92 169 159 79 27 57 78 126 134 22 15 48 24 63 148 113 105 61 68 112 121 85 129 123 101 130 124 161 112 146 110 94 43 128 10 7 51 83 59 157 1 13 165 20 67 67 36 48 72 76 10 18 45 56 145 3 126 114
65 169 140 8 160 115 124 87 134 104 114 135 91 131 66 106 64 5 78 55 170 38 121 7 49 41 19 138 79 55 92 71 77 2 59 52 142 154 110 123 66 59 149 62 62 105 31 1 150 147 76 124 79 32 36 103 2 33 38 79 49 63 136 116 115 150 99 169 87 149 92 138 28 143 11 6 5 50 91 62 26 136 102 42 47 42 126 87 63 58 57 106 165 122 144 81 151 6 10 115 13 91 87 104 69 2 153 2 85 85 86 113 20 51 93 122 100 82 41 95 66 76 132 132 117 63 66 71 71 48 44 63 101 123 12 67 77 8 79 79 125 79 102 47 17 74 81 107 99 108 8 148 156 127 99 155 119 6 88 138 20 85 50 91 41 27 22 16 79 117
142 134 57 126 80 151 72 72 153 87 102 100 30 46 60 117 157 75 37 141 114 15 51 50 129 127 14 45 144 41 110 52 85 22 140 56 125 67 106 73 137 86 36 141 81 13 81 10 136 82 5 145 106 16 78 28 6 146 32 3 101 88 149 5 159 154 170 50 80 47 17 163 7 94 98 106 92 124 56 14 83 106 114 41 63 43 66 110 13 82 166 120 59 12 161 51 149 51 7 105 146 36 85 120 43 90 23 40 85 100 19 76 87 93 2 102 95 129 160 148 152 6 52 142 114 77 124 169 79 92 64 5 143 118 90 48 29 123 72 63 42 8 138 78 153 4 4 143 128 48 101 103 140 64 138 133 13 39 149 157 146 49 143 26 95 48 130 24 54 155
113 109 157 35 23 82 30 19 140 124 87 9 92 80 110 31 75 58 53 15 130 47 31 30 51 117 41 153 65 157 150 101 6 168 131 6 119 67 77 134 83 138 129 117 28 125 24 51 99 13 135 93 137 158 70 128 138 26 48 5 144 4 39 47 1 14 149 132 158 35 56 165 139 37 53 168 92 11 58 168 86 79 65 11 109 126 124 91 133 158 85 71 27 72 75 13 78 18 106 58 108 82 2 49 56 62 59 82 143 167 62 86 6 4 4 164 69 7 159 170 76 50 99 27 58 31 168 119 77 147 36 147 148 110 136 85 133 157 57 61 55 76 159 89 131 60 105 167 101 89 127 90 42 107 92 141 144 103 133 10 75 115 94 120 17 70 131 46 36 112
114 130 115 166 144 162 131 39 21 109 123 154 22 43 126 9 112 47 79 77 127 14 67 22 18 30 98 155 160 6 146 74 73 132 131 4 59 45 101 107 78 30 132 34 155 160 65 58 157 95 9 93 162 99 133 157 24 114 88 44 80 41 9 158 9 32 67 44 157 27 55 29 72 158 121 19 18 125 95 29 167 35 59 158 78 169 102 75 102 76 108 82 120 46 53 79 45 60 157 119 1 11 97 97 49 112 97 3 9 75 93 8 85 120 43 13 153 151 38 82 17 148 46 54 92 39 162 70 28 78 33 160 46 86 158 98 145 87 99 39 132 68 70 97 27 89 152 129 45 169 9 31 98 135 71 111 16 24 114 102 109 87 141 128 5 148 112 141 150 69
90 157 44 1 16 119 102 14 113 111 127 24 102 153 56 57 69 117 100 52 44 111 9 72 13 42 53 106 67 153 86 86 65 164 104 145 157 135 147 115 131 2 27 141 110 115 38 40 18 93 60 133 26 45 60 121 49 163 66 167 58 125 110 18 71 105 53 90 124 1 11 65 129 152 12 141 132 16 95 82 134 12 63 39 65 151 170 46 145 9 81 89 147 16 90 140 56 7 160 38 40 127 90 95 144 105 34 84 28 110 133 131 107 162 122 153 101 28 100 22 45 70 107 46 40 26 94 120 19 43 54 97 88 130 107 124 102 151 96 62 40 83 154 93 61 3 13 114 126 118 122 118 142 57 103 137 100 4 49 154 14 45 147 42 155 42 87 143 118 122
46 134 25 105 89 38 54 166 152 20 62 4 31 53 82 161 156 91 113 92 129 32 128 152 28 82 123 131 25 56 43 24 141 92 14 25 20 28 111 16 168 106 98 160 27 131 170 76 166 109 38 82 120 148 165 61 127 56 92 118 167 97 170 169 111 117 3 9 109 149 135 68 114 53 152 102 33 127 164 153 167 31 86 80 102 101 76 31 44 89 32 45 125 107 169 93 116 128 85 153 128 138 39 112 99 71 66 141 90 125 2 146 70 41 79 110 85 28 17 150 92 96 152 96 89 37 165 31 139 54 23 123 116 155 145 115 74 3 129 83 55 77 48 83 40 18 128 60 130 124 9 38 20 121 72 96 25 129 128 93 151 10 133 82 130 128 132 99 152 150
94 42 4 123 37 161 51 46 116 170 45 75 8 159 99 81 162 140 143 33 156 58 47 132 136 146 25 89 11 115 38 75 134 87 114 34 45 41 28 77 49 165 148 112 31 166 107 38 133 47 125 54 3 70 6 38 137 123 100 130 131 120 121 118 16 113 43 127 59 51 93 34 52 142 65 170 33 102 101 150 54 24 74 154 165 114 45 162 120 7 5 16 2 3 89 162 88 47 160 86 106 6 4 87 31 31 53 23 43 156 34 91 79 78 127 128 93 47 88 119 6 58 53 136 61 98 9 15 106 93 168 150 91 72 78 78 10 9 163 85 106 117 16 42 167 41 92 124 84 26 89 2 6 95 60 44 110 125 47 74 165 96 10 97 97 121 18 83 50 57
141 65 8 18 164 112 122 102 150 163 43 71 166 170 113 4 105 125 72 136 35 135 48 163 61 46 49 102 111 103 73 166 22 141 170 142 85 129 29 60 160 61 108 7 11 44 44 165 30 49 16 3 80 26 151 123 123 119 129 56 46 140 170 73 6 85 44 119 44 32 13 155 29 65 62 165 141 64 123 140 51 16 158 26 31 110 90 110 57 79 21 167 29 79 85 104 27 117 153 66 141 70 160 34 72 140 84 18 105 162 132 64 5 28 12 5 131 131 83 17 32 33 158 148 130 156 67 150 166 2 128 66 161 129 102 43 86 138 128 80 1 154 43 124 17 122 163 66 51 3 94 88 62 17 72 23 45 117 9 108 161 166 133 38 138 137 16 15 43 76
159 78 71 68 159 159 158 164 35 126 17 64 14 96 57 35 96 4 121 103 57 78 114 1 148 75 158 24 45 145 98 126 110 138 144 41 81 102 61 86 115 82 136 17 59 62 113 50 154 44 98 106 159 73 22 132 5 155 154 143 148 50 20 97 86 14 72 18 163 111 129 141 83 143 12 10 138 34 7 119 93 1 10 14 73 109 84 162 170 116 5 93 161 88 109 3 57 124 31 133 136 137 33 80 160 143 113 136 143 165 25 5 3 161 26 59 81 145 24 158 132 75 156 11 34 50 37 71 69 48 146 138 121 91 117 115 142 68 161 34 10 115 75 129 121 70 151 87 50 34 27 22 72 2 168 33 12 124 92 83 85 39 148 111 30 159 98 18 46 167
125 142 122 159 30 125 48 127 86 68 148 156 17 125 137 153 146 118 46 50 145 91 146 133 13 158 153 19 17 149 139 46 100 114 27 149 43 60 82 125 80 27 148 81 127 61 168 57 134 167 1 139 162 83 90 136 74 100 4 69 113 129 114 31 122 93 30 36 115 14 63 68 29 141 115 19 136 126 122 77 73 50 109 115 162 110 137 147 133 50 20 71 159 107 115 36 157 114 23 11 83 67 119 131 85 34 43 60 5 101 149 27 34 149 16 101 156 108 62 159 87 124 131 150 13 148 128 54 27 168 38 90 154 4 4 128 66 111 77 46 146 82 38 46 23 109 69 94 64 23 152 141 85 143 6 85 29 38 55 59 154 33 147 144 72 85 122 46 13 130
86 99 125 94 33 94 12 29 78 117 108 58 33 133 62 104 125 34 71 77 70 108 20 14 69 42 50 39 104 83 9 29 136 22 83 141 65 151 92 98 36 166 137 106 165 57 157 112 19 66 2 139 93 16 2 119 80 49 117 15 61 14 132 102 4 152 99 38 131 112 87 3 80 33 147 1 91 156 132 73 83 4 127 33 135 88 2 151 152 81 117 96 95 36 69 51 23 54 36 107 155 24 27 137 144 43 148 104 41 30 20 148 104 119 141 87 141 66 35 11 117 149 40 140 108 141 75 75 48 93 124 111 28 111 142 123 162 56 107 36 130 74 7 167 130 82 71 72 125 51 100 118 122 54 52 162 77 53 127 33 1 47 33 81 53 39 125 37 23 22
11 37 140 157 72 84 101 56 71 27 3 80 153 114 150 40 22 144 36 130 143 60 137 65 127 45 156 16 83 12 150 54 59 89 46 129 67 160 107 156 55 127 46 81 57 116 125 117 53 160 35 6 39 57 56 12 107 165 146 25 158 84 135 108 22 61 95 89 149 51 165 161 118 49 90 164 46 8 13 150 63 156 124 58 133 74 110 96 55 66 127 70 11 170 94 114 164 35 143 38 28 3 60 22 145 89 49 151 63 68 28 101 135 84 148 62 14 151 11 114 16 32 39 162 78 158 126 7 137 84 28 126 90 62 14 94 166 11 48 29 20 162 88 163 102 27 84 102 55 9 169 119 4 117 140 15 39 156 88 117 62 43 44 145 51 43 70 8 66 109
47 64 81 92 106 93 166 118 8 136 161 20 27 67 24 138 18 52 85 101 132 84 41 150 134 157 70 79 79 150 149 53 59 105 72 92 25 19 89 54 118 156 26 10 8 30 87 149 108 63 133 4 159 163 37 25 93 143 73 76 63 129 111 158 117 57 11 123 63 68 28 32 68 142 14 49 150 112 53 48 65 147 13 96 84 62 30 42 151 97 155 95 13 65 76 87 151 61 138 160 147 130 94 55 155 76 70 164 149 161 4 77 1 135 143 86 81 146 126 152 22 149 115 66 120 15 148 36 38 96 48 10 65 108 144 83 162 77 42 46 22 33 53 56 64 104 5 66 127 163 49 138 46 125 110 32 79 125 53 126 94 46 12 77 66 87 138 121 163 112
3 140 123 139 93 127 101 48 65 117 152 135 30 123 21 30 72 65 43 78 78 144 4 111 7 85 55 126 114 151 64 39 18 40 159 122 95 116 74 142 103 149 87 156 11 58 143 23 15 154 3 124 34 13 140 21 10 58 109 104 45 36 5 141 167 23 92 152 108 158 109 53 156 64 166 3 20 121 9 81 86 87 123 21 141 169 159 130 133 10 161 21 38 53 15 143 130 9 169 122 160 93 2 147 82 39 43 64 18 20 130 124 127 34 153 163 21 57 141 2 118 46 85 26 111 168 142 97 36 91 89 125 103 110 135 30 170 23 77 147 88 144 99 150 27 169 158 64 85 43 105 118 83 85 168 154 16 22 154 107 61 49 45 149 32 10 71 96 36 9
20 42 107 55 67 9 77 133 101 140 55 69 92 92 17 167 57 104 101 37 139 49 10 162 128 61 70 90 26 39 35 123 72 69 133 21 10 1 142 94 112 164 107 15 19 34 101 56 36 58 156 17 43 85 81 33 130 51 96 13 84 35 59 69 58 152 54 145 143 88 14 15 118 149 163 34 79 12 108 39 51 34 16 128 154 37 70 40 86 158 26 158 6 135 117 114 10 104 79 86 143 55 7 85 111 81 23 5 19 154 133 117 8 31 124 89 57 1 99 94 78 143 69 45 22 91 75 40 126 39 68 105 106 160 137 1 5 148 15 68 149 1 110 130 75 137 41 119 37 166 80 170 139 146 106 69 126 75 26 113 10 55 99 154 72 27 58 58 43 121
37 159 17 29 165 3 53 162 159 94 98 163 146 86 54 104 126 95 160 83 125 55 15 65 152 167 10 109 42 29 87 81 144 110 144 73 120 51 61 143 58 70 102 160 71 37 145 65 127 94 83 134 100 121 6 98 147 151 27 30 98 112 166 156 115 6 144 126 8 92 69 63 156 50 49 5 133 134 11 67 128 168 65 48 49 68 46 74 136 68 135 170 159 108 122 47 37 9 145 47 109 117 105 131 116 68 5 90 21 41 2 5 51 2 61 75 88 126 59 29 61 170 68 22 46 112 11 38 39 26 130 88 148 146 160 18 82 60 170 107 22 30 137 156 96 2 87 86 123 39 48 92 167 28 104 65 127 151 152 142 23 136 16 13 38 114 129 6 168 164
110 43 62 74 41 41 166 110 56 140 52 50 28 51 100 6 31 165 46 147 88 66 125 84 19 136 78 89 76 70 107 102 17 7 144 6 153 5 53 168 18 63 17 14 12 91 166 18 22 166 68 13 21 81 79 112 133 25 132 84 9 114 33 96 32 57 100 9 59 104 55 6 129 38 138 50 114 22 87 106 103 24 15 152 141 148 92 62 98 85 25 85 137 167 8 110 15 112 98 139 131 30 102 51 76 116 66 68 125 23 32 68 155 43 142 20 115 48 116 92 115 131 82 107 157 70 39 47 142 27 10 150 146 158 54 162 44 167 163 26 53 80 55 43 158 54 47 40 84 41 2 90 91 78 95 79 168 160 163 59 49 46 69 48 121 11 58 9 96 127
29 41 115 100 47 157 31 26 88 10 165 77 120 147 12 32 146 163 138 152 114 101 26 119 140 142 51 22 151 33 108 76 96 144 60 66 105 139 82 126 167 137 99 87 58 158 155 115 134 127 49 74 6 49 52 106 17 36 165 164 36 94 117 158 41 88 14 88 63 32 93 70 8 127 16 3 67 132 5 53 64 162 52 97 169 116 128 99 34 114 35 125 88 124 53 92 71 7 73 14 45 105 10 146 27 23 97 10 72 2 105 146 101 46 148 45 56 41 77 119 55 146 28 92 41 132 64 141 18 52 144 114 136 22 165 21 57 89 137 169 15 33 167 168 11 47 35 113 105 166 76 152 162 28 74 92 132 129 116 30 164 69 83 83 153 114 38 150 12 4
10 43 34 8 1 120 109 142 77 165 70 89 123 13 135 33 22 46 22 146 114 131 96 36 105 133 153 37 53 76 105 90 146 38 168 73 92 150 1 111 95 160 78 92 68 153 76 8 70 30 89 149 163 60 11 120 50 157 146 141 42 95 126 141 51 23 159 148 170 69 84 88 92 144 65 161 36 90 50 169 101 155 169 91 24 95 108 49 98 162 89 97 84 91 19 153 19 136 46 29 57 4 100 134 5 155 42 26 135 117 60 87 157 163 91 100 26 37 64 8 40 163 48 146 84 111 31 58 68 7 59 87 64 9 24 24 43 150 139 52 169 92 149 107 31 56 63 123 60 56 97 136 165 103 6 101 30 105 8 88 124 97 3 157 120 37 119 9 132 89
5 90 112 64 140 7 94 118 38 121 14 135 137 59 142 54 112 83 15 156 12 164 107 112 137 39 132 120 79 169 115 36 26 163 66 57 127 97 21 9 56 57 169 123 135 40 148 167 5 153 127 95 68 7 116 85 122 65 46 45 108 135 156 142 156 57 3 79 113 2 19 73 125 48 88 91 101 73 66 37 150 22 7 2 85 11 12 157 156 110 169 52 138 8 110 168 108 21 164 7 62 20 77 42 143 155 94 153 100 153 4 142 102 58 122 9 115 42 131 62 53 162 22 126 104 15 101 62 157 69 24 106 107 95 142 22 157 90 122 38 91 162 24 118 127 149 8 155 75 123 140 89 169 103 135 6 4 89 144 148 120 164 47 78 125 56 89 55 52 155
113 98 45 39 124 83 124 104 32 111 114 116 131 127 75 155 86 152 141 32 153 51 59 117 147 162 137 31 65 107 66 7 120 53 62 158 71 37 55 40 84 53 121 158 48 51 74 17 149 162 88 16 147 98 92 20 53 10 124 1 94 69 53 170 29 129 118 144 60 29 72 165 101 71 75 118 13 92 59 132 130 86 114 155 80 74 84 66 132 154 70 122 7 167 128 58 123 70 65 2 127 43 147 36 49 108 147 141 58 152 88 31 32 55 38 65 169 161 150 22 110 46 21 26 61 10 83 100 52 73 100 95 1 63 97 112 102 2 2 63 73 54 139 161 63 14 84 150 47 59 78 74 107 100 36 120 70 51 24 32 96 50 150 124 59 20 61 66 138 9
86 127 96 146 107 112 101 156 28 78 167 28 33 20 141 23 163 136 94 66 41 160 136 116 142 76 48 20 90 66 38 110 3 146 63 88 164 136 132 29 22 68 119 15 136 74 98 60 60 73 44 74 120 158 27 138 53 91 95 53 8 100 129 110 87 138 81 125 63 124 134 141 50 113 133 81 23 3 101 151 48 108 91 50 55 160 52 71 65 70 116 28 149 27 154 118 28 100 49 4 35 108 7 43 61 80 101 157 32 74 138 114 127 139 23 25 72 98 148 94 33 130 126 25 10 85 153 19 115 72 125 128 126 136 169 30 66 156 143 37 72 49 75 13 99 6 24 144 72 23 161 157 124 94 151 105 58 26 25 22 141 103 29 15 14 105 148 60 67 7
55 15 26 112 14 67 155 112 133 11 67 66 143 146 66 106 117 103 98 116 154 143 162 107 29 155 62 110 32 142 164 109 15 99 150 30 17 128 51 1 23 57 152 72 17 107 91 12 108 100 115 130 52 110 75 1 56 11 109 143 53 126 16 98 78 73 27 115 33 143 60 93 18 73 126 97 118 109 41 62 47 22 20 71 65 74 13 63 55 91 127 81 124 142 48 28 37 136 123 38 58 36 166 105 42 103 144 61 3 63 71 32 59 140 53 41 61 143 111 146 167 51 111 88 49 117 169 125 102 80 8 20 67 93 59 15 75 159 55 80 131 7 52 82 68 125 161 139 72 64 95 5 56 11 55 28 148 105 115 164 85 19 39 143 142 99 72 35 122 159
138 22 169 132 45 127 28 167 97 112 133 145 30 56 56 84 104 71 81 66 73 19 164 49 38 110 129 90 80 136 158 120 114 157 86 103 86 114 96 125 3 30 145 125 159 23 157 62 133 75 166 12 77 31 157 78 61 131 148 13 16 115 82 114 61 40 63 78 62 84 167 98 26 65 165 125 54 44 159 139 81 141 7 118 123 133 103 56 80 56 91 108 126 46 95 97 53 53 83 63 3 93 106 92 99 75 99 25 28 14 131 89 8 168 14 133 22 58 112 71 152 61 139 83 112 14 12 78 140 62 61 62 100 66 166 95 71 41 8 28 151 11 65 134 127 59 66 147 139 36 70 53 12 167 13 14 79 129 72 122 74 39 87 53 29 148 76 59 52 95
96 8 89 143 119 12 20 66 18 57 127 164 152 81 61 170 101 143 35 119 132 110 107 138 139 137 153 110 144 63 145 82 54 6 30 50 122 170 74 100 118 161 4 89 65 135 21 89 17 24 155 148 10 98 39 163 76 125 121 68 50 129 154 64 63 83 15 51 151 2 67 95 3 81 104 94 67 135 121 88 106 98 8 137 13 143 111 108 53 1 84 62 163 96 30 151 119 95 126 44 35 90 49 16 84 19 121 11 10 117 96 97 169 42 69 93 108 113 72 102 127 73 164 150 93 51 169 42 71 149 38 141 73 137 117 167 15 131 102 15 92 121 21 104 144 35 76 158 145 64 155 81 60 41 127 16 129 85 7 158 101 81 31 17 3 80 168 26 99 87
109 97 81 100 54 156 17 143 35 143 161 64 21 68 157 17 13 113 92 115 98 35 89 140 31 165 159 98 49 149 81 131 98 62 123 92 105 165 4 109 26 19 14 113 8 170 79 95 24 126 57 13 57 115 17 76 53 59 58 4 153 97 135 143 16 18 77 84 53 29 85 55 91 111 37 71 90 51 101 123 169 100 147 20 82 23 44 153 90 51 88 70 38 26 125 41 99 58 56 50 4 16 103 72 82 11 134 105 74 152 25 79 135 45 134 155 6 78 138 146 156 104 57 1 9 35 44 93 92 99 57 51 54 96 33 102 150 137 142 61 166 132 61 1 86 157 35 58 31 44 44 138 77 32 158 162 28 129 15 111 62 77 148 75 85 138 158 156 60 135
35 119 140 23 90 26 120 143 54 163 115 151 81 22 102 95 148 155 159 92 16 87 58 7 6 170 155 9 121 114 98 46 17 76 93 7 134 160 160 166 133 168 105 73 116 72 54 14 26 139 93 69 110 156 53 81 138 140 118 161 61 72 58 86 14 83 5 12 56 168 65 119 121 14 17 50 59 31 28 106 130 88 93 58 113 134 81 34 126 46 154 107 19 121 67 122 154 85 125 37 64 76 79 14 102 17 112 5 69 76 91 90 92 48 99 6 28 47 104 72 158 160 60 104 9 44 66 96 100 91 102 8 20 2 75 55 127 118 82 136 84 90 144 154 31 151 131 27 116 149 92 99 55 109 68 47 124 132 111 145 70 152 149 60 147 130 131 170 87 164
130 113 89 101 118 38 59 16 147 125 156 142 44 47 19 125 163 90 129 158 115 150 147 161 110 6 121 5 163 158 133 132 57 27 5 105 89 102 133 136 110 81 81 143 39 7 156 74 62 90 137 79 80 96 135 104 93 88 86 155 78 89 60 161 143 71 59 37 33 145 22 142 117 119 16 90 147 142 22 6 154 47 69 95 112 113 81 54 60 131 21 13 71 159 96 10 107 47 136 58 83 75 69 59 24 129 68 122 32 158 44 124 80 99 39 113 139 7 43 92 129 108 71 77 128 63 24 33 46 145 5 3 71 46 23 2 90 124 154 62 69 87 57 106 95 43 42 61 97 147 55 19 14 62 136 6 93 140 68 30 23 65 129 93 105 47 97 90 12 140
157 125 152 2 86 137 128 157 118 90 12 27 169 98 46 121 10 9 129 87 107 141 165 95 97 6 124 37 155 162 132 117 50 98 90 149 40 79 21 159 35 137 53 63 159 90 33 98 9 22 97 108 75 74 92 83 3 35 112 58 83 5 50 122 30 23 152 120 44 5 113 16 85 98 142 157 43 84 2 155 166 117 139 129 85 26 44 169 170 80 87 72 49 128 81 103 157 161 113 88 70 119 49 64 68 23 64 6 97 45 48 127 42 27 108 146 140 158 137 88 57 42 143 100 8 52 117 131 162 97 119 44 82 146 1 95 112 137 57 158 170 31 68 57 25 56 97 3 50 87 70 17 40 115 2 89 7 135 98 80 71 117 67 143 104 82 123 87 32 83
32 61 115 65 49 141 169 160 84 14 11 112 154 50 41 10 170 62 107 148 122 66 70 83 115 75 144 92 166 153 89 97 1 15 54 124 51 29 170 89 159 113 130 79 43 98 68 145 72 160 110 67 41 123 15 111 35 5 106 154 167 14 107 12 50 97 166 49 53 152 155 142 143 104 24 70 42 41 126 107 68 63 95 164 37 42 118 3 135 145 47 159 32 148 124 132 119 133 93 120 72 46 105 137 129 112 147 145 161 121 5 153 167 108 42 136 26 11 66 2 63 122 41 36 20 4 124 165 141 4 11 54 147 166 3 150 136 71 22 5 39 42 8 126 7 167 59 122 22 163 55 44 169 146 20 79 31 137 120 43 165 112 20 41 161 34 54 154 102 133
33 74 1 46 165 52 87 93 24 44 12 117 7 117 81 22 33 10 48 147 166 141 132 95 50 129 15 46 30 70 168 67 64 92 19 72 72 70 160 43 34 23 162 84 162 86 163 146 97 101 72 37 119 93 68 110 138 85 46 116 116 109 9 55 94 142 8 142 103 127 16 79 122 153 147 149 162 149 55 27 50 7 135 23 114 11 142 100 18 122 24 158 39 28 134 38 101 99 7 56 124 144 26 136 157 14 149 75 89 122 8 74 152 160 103 47 102 120 23 95 31 63 88 115 17 28 134 54 163 166 60 151 37 161 78 15 169 34 116 33 140 54 127 162 45 113 102 135 100 86 110 138 143 144 104 124 36 148 59 74 118 43 101 74 4 79 65 128 119 105
25 96 129 157 77 32 118 7 8 130 124 99 132 147 120 167 150 143 77 10 32 149 131 152 45 106 29 130 141 57 88 153 67 119 89 53 102 17 13 164 65 4 147 161 138 31 99 81 146 41 85 123 104 95 77 25 6 161 130 92 118 45 23 77 42 167 156 110 162 6 75 1 90 45 126 78 161 109 12 11 53 135 7 59 79 161 72 77 168 43 28 64 15 133 71 106 151 73 137 96 81 105 157 11 160 144 4 16 59 38 40 106 107 29 12 1 29 36 101 143 141 130 105 89 18 72 16 151 75 30 86 158 137 158 36 129 104 40 143 43 128 92 46 79 103 131 155 77 159 4 109 95 89 14 1 51 155 95 75 44 147 16 140 81 16 83 8 91 154 68
35 164 3 66 43 57 96 50 32 1 113 129 102 163 83 24 154 6 17 133 164 32 3 4 101 136 45 39 102 2 119 89 161 139 150 70 127 105 89 40 73 6 70 102 97 133 161 149 50 25 152 129 90 84 70 68 110 160 126 19 77 62 159 170 26 120 153 23 55 113 145 63 137 28 10 40 53 159 3 51 24 128 65 91 44 138 37 27 84 144 129 20 140 47 6 7 170 72 103 31 59 6 9 143 112 157 162 44 149 146 104 137 131 27 6 164 69 131 125 117 25 32 24 1 61 81 10 109 117 67 121 58 70 56 75 158 133 44 70 104 80 31 127 30 122 153 42 66 44 80 16 82 142 12 90 4 62 150 47 8 132 162 68 78 25 13 83 133 45 100
89 103 25 102 6 99 146 110 56 17 127 161 40 49 75 135 100 132 24 80 127 16 109 14 32 83 113 56 147 86 94 135 61 84 154 170 51 130 12 120 100 3 10 124 35 56 110 72 28 51 167 85 139 122 56 5 156 74 100 41 57 13 60 103 45 61 89 6 132 55 25 139 98 58 83 43 50 135 94 65 49 142 2 143 23 46 74 120 44 161 132 166 98 143 54 72 40 130 11 1 28 128 156 77 32 149 29 126 48 138 55 139 81 11 82 160 50 30 54 143 125 134 50 155 16 29 63 69 38 23 133 93 140 36 97 141 8 71 31 162 7 113 141 89 158 120 83 159 54 66 146 137 155 92 144 104 153 67 130 25 79 110 60 16 86 1 1 1 113 128
17 10 157 139 165 155 132 61 89 109 77 43 87 134 31 158 74 58 159 164 121 21 105 165 103 32 166 85 57 136 113 50 18 106 80 159 9 39 48 140 116 157 4 117 63 71 36 74 155 64 29 38 27 14 157 107 79 126 59 139 32 2 32 8 34 49 106 83 170 143 7 114 28 170 150 79 93 163 167 97 140 47 30 102 16 67 169 116 55 77 114 96 56 65 2 42 104 70 157 128 100 155 159 86 118 108 165 135 83 22 111 113 137 74 102 159 129 2 1 6 96 38 12 109 7 139 3 99 46 29 13 61 19 158 3 114 164 63 34 67 109 9 35 66 149 2 165 38 65 114 161 128 130 13 144 93 82 118 35 78 36 63 7 168 77 146 25 69 150 101
54 6 33 1 111 164 156 48 25 123 72 153 146 156 162 149 35 126 94 138 81 82 86 12 151 108 127 67 19 166 32 86 3 134 2 109 77 42 101 102 81 160 69 145 145 88 101 2 46 70 109 105 18 113 163 4 59 112 85 34 52 152 93 104 69 130 52 127 65 38 17 59 145 116 20 62 135 168 137 163 78 109 49 8 16 104 151 44 97 143 30 141 21 1 133 106 32 12 7 47 89 20 7 40 56 43 83 131 8 33 106 66 71 110 118 31 22 116 96 50 63 108 74 14 27 134 63 78 151 25 57 90 7 44 63 95 149 124 137 163 76 66 37 170 26 23 4 13 65 25 112 9 81 163 61 77 122 124 2 141 10 162 54 50 108 124 78 60 84 133
125 38 143 67 21 99 170 103 19 12 119 106 36 83 170 50 123 93 153 41 72 46 24 129 122 146 54 32 54 116 137 62 61 73 17 59 23 108 14 118 123 11 116 27 9 65 8 143 120 13 103 18 76 111 52 106 35 53 71 53 9 64 87 150 68 9 4 46 107 138 157 75 72 26 131 105 13 30 147 110 25 144 157 39 124 92 12 116 3 117 88 161 73 39 44 32 26 98 156 20 132 28 108 66 119 49 7 153 129 54 3 49 52 25 49 61 117 19 136 166 6 101 37 30 166 134 81 114 163 152 113 103 11 99 60 161 127 166 102 107 143 126 8 15 73 166 143 150 141 142 120 133 107 140 17 10 139 136 67 83 2 47 39 37 82 135 161 64 14 2
74 160 35 58 120 123 29 34 170 18 49 99 156 132 161 7 129 60 91 93 152 50 155 24 20 105 76 35 52 78 126 123 105 169 160 163 155 79 81 143 144 131 63 142 4 22 121 20 1 135 143 63 124 23 146 4 30 84 15 151 19 109 82 162 75 62 74 122 116 30 168 112 129 11 144 147 1 62 52 170 8 122 139 47 122 126 140 129 162 4 96 86 115 148 117 69 72 147 2 8 101 16 80 145 46 51 114 27 160 21 60 79 19 122 50 34 146 82 15 151 44 33 166 143 147 76 74 60 48 100 164 158 30 127 36 88 156 120 134 9 63 135 69 90 79 167 169 52 44 165 89 22 167 12 11 122 68 100 30 135 96 161 134 46 110 125 76 109 110 71
9 148 167 83 118 59 115 110 161 113 160 63 62 80 13 98 158 52 25 15 37 155 40 64 66 131 62 67 116 61 106 102 42 146 60 163 8 4 67 62 77 59 143 45 157 145 61 104 56 93 47 16 150 10 134 101 135 42 18 5 19 106 20 136 113 132 17 4 169 70 2 161 165 85 127 59 126 3 156 154 152 59 76 6 105 14 38 133 152 51 18 78 105 21 103 27 91 11 119 166 36 50 78 151 27 93 150 123 28 148 79 34 77 128 143 140 95 168 123 82 89 68 125 149 72 58 32 86 13 76 70 90 154 160 41 139 154 158 124 119 121 99 163 70 75 125 117 38 68 160 114 113 8 98 42 36 43 91 67 17 165 165 148 30 45 145 150 127 2 68
26 69 64 128 113 79 169 116 94 126 148 12 12 113 132 52 52 164 87 120 44 28 149 166 21 108 114 169 32 70 139 118 67 156 132 19 59 29 24 27 142 165 125 6 129 108 14 65 32 137 72 25 59 155 158 27 148 97 124 35 35 44 50 68 41 102 156 149 124 121 125 96 74 154 16 16 19 35 3 66 87 62 119 135 87 89 142 73 140 105 28 20 86 50 52 146 136 41 101 122 21 145 122 110 82 168 129 52 125 87 5 110 30 2 158 125 32 41 9 168 93 70 6 129 138 50 164 137 30 163 53 98 114 62 43 102 16 161 67 23 83 140 60 125 124 13 87 50 59 78 58 121 23 163 62 37 161 165 48 143 129 46 112 137 78 95 6 83 59 8
50 100 116 52 167 36 153 62 19 160 149 79 96 107 36 160 1 21 19 101 152 79 84 113 30 136 34 120 75 43 44 34 45 54 6 80 33 157 16 58 70 17 112 47 96 150 110 73 92 81 69 124 103 32 44 17 137 24 158 71 8 99 85 123 162 135 53 52 152 103 29 150 166 131 151 59 30 66 32 64 17 19 131 58 4 120 64 112 67 48 34 8 101 169 115 4 162 131 71 154 23 109 157 55 78 59 36 159 14 4 118 166 89 121 110 120 134 92 28 94 25 51 152 138 140 39 17 170 18 63 84 79 3 74 16 7 87 8 7 43 105 69 96 61 33 29 99 130 163 69 31 132 86 141 40 114 109 157 27 130 100 76 23 70 89 44 54 55 133 3
85 32 64 73 3 133 27 100 71 52 86 19 102 22 153 21 115 49 68 148 102 119 25 3 162 69 70 121 107 143 63 2 116 152 69 6 96 98 13 7 12 156 106 45 66 66 158 126 27 165 42 41 42 102 146 126 74 91 164 147 30 167 139 155 10 46 144 26 55 59 151 80 111 71 126 33 23 146 110 133 42 141 19 157 71 16 138 2 134 32 70 58 163 16 95 121 108 120 123 9 151 39 50 114 146 127 169 163 130 164 140 136 49 157 8 57 60 115 125 14 86 14 30 59 31 24 19 133 66 98 71 91 148 52 156 45 45 31 34 94 112 80 14 149 114 164 108 157 144 68 120 33 144 152 117 119 30 80 64 72 143 130 119 76 158 80 127 37 157 120
16 89 30 83 169 106 30 62 6 57 16 49 140 52 13 29 132 112 167 134 139 117 161 114 95 38 136 6 17 89 4 50 1 122 37 24 10 69 112 39 41 20 145 99 35 81 145 94 79 43 108 71 20 82 56 131 127 143 113 101 51 37 37 65 134 78 135 145 101 24 47 69 31 117 169 8 49 36 55 105 128 39 69 154 88 120 129 136 7 53 149 28 84 27 112 108 170 7 70 9 30 87 47 77 23 75 57 130 7 111 139 9 78 24 56 142 96 143 88 126 141 76 29 14 9 100 37 34 170 82 28 68 8 73 12 109 111 83 45 39 115 52 75 78 103 98 143 30 123 40 18 62 115 35 44 107 132 29 15 124 37 135 1 103 24 158 142 21 157 65
132 78 68 125 89 27 32 17 42 19 165 123 130 153 151 162 89 8 125 108 135 138 82 56 60 124 29 7 123 50 66 53 158 78 44 91 127 41 139 102 10 41 43 22 55 132 69 68 141 4 51 98 17 8 44 24 42 139 55 125 151 75 126 120 20 59 98 80 125 16 138 66 25 40 65 119 80 29 65 92 17 165 7 58 13 3 156 99 42 78 39 112 25 75 49 30 2 63 18 40 109 148 40 104 155 18 25 145 44 28 3 74 58 170 107 96 17 130 59 31 68 45 5 96 41 30 22 104 1 11 92 92 127 141 38 100 1 147 23 3 165 144 37 24 163 100 73 104 83 85 163 157 74 55 108 158 96 127 92 52 49 13 93 61 46 93 16 35 66 167
29 98 87 14 71 36 93 87 148 65 162 6 114 106 84 4 157 165 57 107 112 37 117 21 101 116 94 83 25 96 150 147 71 7 121 25 8 130 13 43 25 146 24 155 156 31 133 32 24 132 112 127 53 155 115 38 39 67 119 11 111 117 47 81 161 51 169 98 58 167 84 117 110 106 80 26 84 60 100 98 106 150 155 139 18 96 68 30 73 33 20 145 76 166 161 123 100 81 43 140 11 141 43 116 105 21 70 170 44 129 155 91 24 51 55 145 159 63 39 164 108 49 44 5 113 30 135 2 65 25 88 156 59 1 48 96 68 1 39 95 71 22 55 76 129 73 100 83 57 84 11 110 39 12 10 138 107 160 15 98 29 154 101 134 160 145 101 75 148 83
68 5 15 153 16 145 141 29 16 2 16 115 107 26 67 122 73 22 14 94 147 7 5 92 5 43 36 101 17 140 97 48 20 56 61 147 119 68 167 32 165 122 46 148 55 121 69 121 23 169 131 15 157 42 106 83 52 131 24 110 60 155 4 21 28 21 157 138 14 59 35 160 111 166 49 85 73 65 6 18 14 109 81 120 143 24 134 100 85 1 37 54 79 126 73 33 167 49 124 74 79 102 9 70 44 99 118 115 40 152 96 84 104 65 116 48 59 120 54 113 33 167 136 20 118 161 102 135 25 113 170 42 100 85 150 140 149 120 137 62 156 49 55 71 167 61 139 99 3 115 73 152 88 39 103 168 146 103 40 47 123 107 51 28 154 7 135 38 37 62
148 135 2 96 89 113 118 5 24 164 93 167 36 118 76 63 166 72 163 11 94 64 3 157 40 132 90 74 104 138 84 48 135 65 54 144 77 120 11 110 161 114 66 48 59 160 37 63 4 37 166 109 31 21 86 162 146 170 30 61 87 9 133 162 156 104 61 33 32 50 7 64 83 86 45 139 51 159 64 89 61 135 64 157 106 119 120 78 140 59 65 75 137 88 67 54 127 29 146 17 135 57 13 115 102 35 143 78 114 100 28 90 44 98 9 31 3 71 165 53 131 125 129 108 23 98 92 37 149 1 74 135 60 164 37 2 9 79 78 159 38 59 85 88 22 45 116 154 11 17 34 152 42 81 50 88 105 51 55 76 110 155 169 113 97 146 61 78 78 85
50 62 33 6 46 4 14 95 43 89 22 29 83 121 49 10 27 68 78 9 160 70 9 56 64 21 121 143 122 140 155 28 162 128 45 90 36 105 1 125 30 130 51 9 47 162 115 73 166 59 81 128 106 84 4 81 11 31 167 111 38 65 54 108 81 139 152 9 87 58 64 137 15 166 101 51 167 56 134 37 57 163 117 40 78 10 120 7 94 168 3 122 141 34 39 126 48 19 70 160 116 92 137 134 86 118 153 105 103 105 33 136 166 41 63 18 83 112 151 35 68 64 35 131 128 35 102 70 157 53 75 166 28 79 169 15 131 8 24 161 61 31 65 52 55 164 148 161 91 147 82 146 58 31 99 64 61 100 18 119 24 6 20 43 40 62 115 112 138 57
100 130 87 16 54 111 57 99 166 81 128 101 41 51 162 5 169 46 104 10 55 82 50 12 87 115 6 92 149 71 126 129 111 65 102 79 161 54 98 155 167 114 49 93 49 88 80 14 129 84 62 149 104 75 69 64 96 58 124 115 61 132 17 110 115 144 24 73 154 98 93 137 156 73 35 166 123 102 125 109 74 14 162 161 76 38 123 8 28 122 44 60 133 120 45 152 106 1 132 91 48 142 35 122 57 162 13 15 83 123 140 62 136 4 159 60 103 154 86 123 82 91 46 126 87 91 143 127 159 32 148 53 72 95 109 1 40 143 57 138 72 104 159 145 68 72 133 4 70 140 58 103 110 24 116 54 3 104 96 27 63 42 26 94 44 72 67 128 12 13
70 85 137 111 146 2 60 8 151 84 114 63 16 2 108 1 49 106 69 127 120 169 19 54 19 30 74 89 124 164 73 166 28 163 27 65 79 52 141 45 124 74 70 50 80 12 69 16 48 93 63 61 160 126 40 104 67 165 166 71 100 45 20 22 125 12 64 65 53 85 130 87 164 135 48 43 21 84 3 1 56 51 108 133 89 138 118 99 17 58 145 16 168 35 127 44 126 153 41 69 88 51 72 140 152 152 21 25 123 168 168 4 74 2 40 107 149 32 74 43 44 168 78 138 118 105 42 83 45 82 147 149 85 18 156 31 142 68 48 12 140 71 99 148 24 170 38 24 93 131 100 45 61 95 52 23 52 17 106 92 44 63 149 80 119 8 42 156 22 31
103 52 169 76 149 46 53 160 88 148 3 123 112 126 161 111 159 6 157 110 87 39 145 105 64 121 36 55 59 86 34 12 155 169 96 160 59 120 51 105 84 121 25 67 125 159 70 106 85 110 71 116 133 7 72 129 15 42 89 104 63 126 70 32 72 7 78 145 133 158 142 116 105 26 65 70 1 77 169 130 149 39 48 159 36 89 147 67 80 37 120 69 149 26 112 41 119 4 67 114 38 107 152 119 127 92 6 91 111 158 18 70 123 84 140 59 125 73 37 62 115 122 86 144 133 18 139 87 161 95 29 2 2 61 62 112 56 22 72 85 169 48 5 88 74 89 38 121 151 63 152 86 70 127 26 33 168 57 32 156 164 170 119 169 72 157 73 22 3 119
55 91 36 89 132 167 91 153 83 41 69 92 159 33 144 24 4 56 110 149 63 18 32 141 10 154 2 170 77 8 103 16 114 157 45 3 160 53 60 101 21 138 46 11 47 123 120 13 118 151 141 130 126 8 113 168 95 127 6 12 41 54 153 22 105 166 149 102 113 78 3 157 40 90 63 141 124 141 66 106 44 164 57 3 91 37 96 34 79 150 90 153 67 144 75 10 132 154 99 32 62 8 72 113 63 132 138 127 40 146 40 59 3 145 135 62 159 118 1 62 150 81 135 52 45 38 23 163 134 30 157 57 151 5 168 97 61 27 30 143 112 82 131 6 2 17 97 140 163 152 69 16 41 147 135 3 69 64 14 57 140 124 73 98 41 75 156 32 127 75
89 144 155 30 103 102 64 13 54 5 153 119 76 79 149 45 137 89 107 83 75 106 129 27 58 104 21 141 81 36 3 37 129 154 38 115 36 16 79 140 66 139 90 45 141 120 107 27 149 38 140 135 86 50 123 5 7 31 169 132 15 129 101 35 36 98 55 125 169 168 158 162 150 112 142 22 134 104 37 24 75 129 111 49 142 12 23 101 22 161 106 78 76 145 54 79 111 67 28 47 146 169 162 80 106 41 144 45 16 105 132 86 41 56 1 139 25 27 116 65 96 39 43 161 31 97 128 14 162 160 116 22 54 86 46 13 54 66 113 14 92 74 43 9 122 103 163 57 105 125 94 50 1 142 21 113 17 64 98 167 137 128 115 126 60 90 23 168 3 59
49 40 147 127 74 12 98 89 133 101 53 143 71 3 155 148 142 116 78 40 66 168 116 84 31 22 16 109 122 133 63 43 165 23 24 10 143 159 126 33 131 139 8 132 85 115 52 112 106 61 37 34 31 110 151 90 81 170 142 57 113 63 75 144 65 164 100 62 89 60 33 64 49 136 82 85 41 13 90 76 41 62 166 105 122 155 105 139 104 101 35 18 57 28 1 110 25 103 127 120 143 123 70 141 116 55 43 120 147 137 122 50 5 9 74 100 57 102 131 123 42 109 46 135 99 74 26 147 84 92 29 150 11 47 104 89 56 93 25 69 136 129 24 4 55 29 24 1 123 72 143 54 28 66 66 105 143 163 149 112 138 170 48 38 83 17 15 127 156 6
155 57 76 46 149 111 20 128 21 64 39 24 38 145 148 52 105 64 91 133 1 22 89 124 141 146 85 139 96 82 121 60 30 49 82 15 121 27 29 66 78 162 44 115 97 62 154 69 12 110 103 153 122 34 52 158 69 10 5 78 146 75 12 36 152 84 66 125 159 6 43 81 60 22 88 3 10 45 67 35 30 96 113 110 153 3 77 9 35 16 147 79 84 92 52 150 140 115 119 25 20 81 136 128 116 9 5 82 135 64 31 145 12 131 65 99 59 70 35 159 165 59 60 13 137 93 21 38 76 69 111 62 67 144 84 92 144 90 169 86 142 148 73 86 58 111 68 81 64 78 20 42 36 22 62 165 123 48 23 120 70 85 104 59 151 10 25 110 149 170
10 160 34 41 114 167 20 140 38 151 140 41 162 67 94 137 49 72 14 144 35 21 8 117 164 88 57 105 83 106 153 42 143 88 129 6 65 45 53 16 79 127 129 136 29 19 91 88 18 122 5 58 148 39 77 74 33 110 110 55 55 46 107 114 110 35 131 121 95 33 142 145 68 151 84 21 6 150 10 100 104 15 15 110 34 40 92 15 20 151 39 10 15 86 63 115 128 135 74 104 131 115 165 134 43 150 67 151 67 98 112 70 29 47 39 68 54 65 59 161 118 67 112 131 36 23 8 41 55 38 56 10 8 4 131 96 50 22 69 39 62 123 87 102 117 31 113 112 54 21 102 96 64 148 70 154 44 127 168 118 59 145 53 162 52 115 26 21 121 6
35 127 30 58 107 155 161 84 125 88 164 170 15 86 6 136 125 54 142 53 40 14 141 88 144 54 46 133 129 146 144 165 66 114 125 28 33 85 51 83 146 164 69 66 46 19 28 63 132 87 82 88 165 77 146 110 59 153 160 27 149 148 106 104 133 53 153 134 131 46 99 152 115 19 49 78 112 115 150 120 56 111 138 70 129 100 87 13 17 28 145 20 13 170 125 127 63 163 84 77 165 86 153 9 82 153 43 138 23 100 41 18 144 156 47 118 93 70 168 92 154 165 67 132 102 33 157 101 53 32 84 135 41 122 17 137 27 73 92 39 159 125 134 69 49 139 75 109 101 46 74 137 160 57 155 153 133 53 138 13 158 135 26 146 99 132 158 134 124 122
48 121 123 73 22 25 92 83 122 141 102 9 118 36 74 83 113 47 139 129 156 153 113 71 32 63 9 162 32 7 153 111 18 32 54 136 14 70 64 51 10 61 143 131 131 83 132 97 113 110 50 10 121 150 162 21 131 78 116 110 100 163 128 12 102 101 4 123 57 90 19 119 148 84 48 42 25 74 140 165 78 81 120 80 17 8 96 76 146 133 88 89 17 162 106 52 66 39 101 92 24 1 58 156 62 123 14 90 76 57 36 19 87 12 43 160 124 128 57 74 93 155 51 132 41 31 152 78 83 108 143 100 111 101 157 108 123 164 96 95 14 45 38 105 24 15 77 15 70 115 85 148 51 103 47 76 159 56 112 95 23 152 96 112 110 95 114 21 104 158
48 11 60 88 70 68 53 164 32 147 89 95 135 133 28 3 126 44 85 58 139 146 138 101 141 51 112 135 1 164 52 96 40 144 148 159 38 161 10 122 146 75 46 81 27 66 17 98 150 108 59 56 155 49 62 96 44 133 153 43 11 6 1 109 23 129 106 69 75 1 73 164 7 113 114 61 157 23 154 73 97 163 24 74 45 153 43 58 123 102 33 113 37 137 49 35 128 161 35 31 79 73 77 90 140 161 88 34 11 151 117 71 121 132 15 95 32 61 157 31 158 68 163 5 21 48 141 22 66 66 160 164 60 166 16 53 31 101 126 76 134 147 109 65 19 152 49 115 86 39 149 122 125 135 125 148 104 169 98 127 80 38 161 125 111 42 135 80 93 144
18 148 69 18 150 149 52 2 42 62 78 36 74 22 42 66 141 130 132 58 100 134 32 146 120 37 75 107 54 28 77 119 151 94 14 128 98 133 95 107 165 136 151 45 31 48 95 150 60 145 118 5 93 149 165 2 38 60 147 125 170 78 151 75 147 22 27 147 156 71 52 60 38 140 4 65 104 143 80 139 36 137 41 125 103 79 41 50 54 64 23 29 5 153 147 51 70 123 121 103 28 119 135 34 84 6 19 145 116 125 65 150 12 9 76 88 10 144 95 159 38 123 102 40 102 70 150 165 48 164 66 24 142 62 28 3 65 16 92 148 20 64 149 56 91 42 59 141 31 6 61 157 87 166 64 106 23 159 74 158 96 61 54 83 1 60 157 88 10 148
158 10 119 142 129 127 168 151 119 95 26 132 67 161 83 50 3 36 24 59 139 26 163 88 58 141 153 87 20 108 115 116 89 90 22 49 80 59 123 98 43 25 19 51 22 8 46 153 27 48 13 22 47 40 112 162 149 61 8 33 25 57 160 11 128 10 61 116 44 127 24 157 78 83 96 43 164 152 98 66 26 68 148 130 20 157 130 124 112 168 63 31 135 166 158 49 152 135 51 96 159 17 54 143 141 45 140 70 46 4 170 61 167 145 33 36 98 59 100 38 35 73 56 38 14 23 106 143 101 7 94 112 31 150 5 7 93 4 93 36 108 132 111 30 11 159 85 140 100 12 35 41 109 170 28 159 108 155 126 98 56 28 23 18 4 156 84 24 88 52
116 76 53 92 68 50 149 164 104 125 141 148 66 116 137 21 28 122 70 102 9 162 26 124 87 133 124 169 164 29 118 103 72 94 79 18 130 106 5 75 128 118 137 45 119 56 3 114 83 88 163 5 98 126 117 5 5 50 24 89 139 162 149 82 101 63 80 46 161 130 165 76 159 62 108 20 56 69 98 47 67 153 109 103 163 54 84 98 129 160 13 123 15 145 11 71 157 109 99 146 91 151 150 111 113 167 104 83 44 39 5 5 128 24 99 108 44 112 100 141 129 140 8 87 145 38 140 160 23 142 139 168 96 55 61 41 81 10 131 81 28 17 110 154 70 3 140 29 143 134 130 56 20 71 137 116 27 59 55 24 131 104 40 103 112 56 119 11 156 44
89 77 43 125 14 44 132 163 26 57 60 51 1 45 47 90 27 135 135 147 127 95 5 115 159 117 78 17 29 18 57 126 94 30 100 164 35 106 106 55 94 132 45 19 109 43 103 125 47 96 12 91 96 130 80 15 81 39 31 170 168 80 28 35 98 168 124 23 116 139 60 47 3 79 110 63 69 38 29 109 58 45 8 56 76 23 88 43 19 77 22 25 105 148 138 129 70 135 145 146 124 58 23 87 51 136 38 26 57 6 139 33 149 8 137 10 27 47 75 157 93 48 98 106 106 44 161 164 143 75 76 118 33 139 92 50 152 23 143 71 115 104 24 19 70 73 131 49 65 61 93 22 142 99 165 126 83 39 142 34 61 103 151 27 128 44 36 65 143 101
128 114 11 111 71 93 130 59 10 16 59 144 131 7 138 69 125 88 138 136 108 148 54 164 136 96 16 48 164 106 32 7 68 155 37 32 24 76 152 27 11 132 125 159 163 35 88 51 9 91 122 9 81 71 115 14 8 44 10 128 29 65 85 52 135 160 142 133 8 63 7 157 99 60 63 84 62 13 169 41 148 94 142 26 125 68 49 130 89 105 42 132 85 33 146 44 165 163 103 71 43 95 160 127 90 13 43 55 128 151 120 130 158 52 21 20 18 90 60 58 97 19 29 146 138 152 170 85 120 129 137 112 3 162 106 2 105 103 62 156 115 131 30 28 8 107 16 50 68 94 148 118 166 111 24 6 17 61 31 49 145 105 57 58 114 136 106 22 153 107
31 52 153 72 22 157 81 79 82 54 143 54 27 61 146 123 55 82 12 129 142 40 68 161 103 63 116 122 132 6 105 61 3 136 156 70 26 74 25 39 153 150 90 85 3 13 125 122 18 109 71 132 139 76 146 150 101 92 25 50 158 97 10 91 58 14 30 85 57 169 39 125 50 70 112 84 107 67 120 150 128 117 91 110 167 21 16 12 92 22 106 37 51 31 9 1 40 170 66 29 135 36 106 136 159 14 105 168 26 125 16 28 31 107 122 98 83 170 74 5 69 8 67 128 70 13 19 10 86 135 45 149 60 160 163 31 45 51 22 38 95 117 113 127 81 69 38 8 125 158 19 73 104 169 44 25 113 16 141 41 61 139 150 146 143 140 123 48 162 124
155 51 156 96 16 68 30 154 90 132 142 114 119 27 138 134 54 140 48 52 62 37 166 2 67 71 29 53 17 168 25 119 119 107 101 153 120 50 150 57 163 70 165 18 124 50 160 160 45 64 34 164 120 92 20 156 44 18 31 143 1 62 34 111 101 32 84 35 138 40 5 48 84 83 83 144 105 75 62 106 41 35 23 19 63 84 103 102 112 132 74 12 109 16 89 49 157 10 93 149 96 153 61 53 169 66 158 104 91 78 101 70 47 55 94 66 81 124 128 80 146 22 8 25 136 115 143 167 77 64 60 93 125 39 5 137 10 156 113 80 68 57 106 46 136 28 71 121 17 74 131 25 131 144 1 49 64 51 5 109 100 2 152 41 93 114 137 50 28 99
28 22 122 60 87 66 64 100 170 165 132 45 74 21 124 37 153 30 111 57 11 84 153 34 5 114 154 24 3 23 155 51 116 57 24 4 121 89 100 12 109 37 117 108 38 23 8 94 151 118 28 155 117 4 137 12 9 106 102 139 76 58 135 85 165 162 16 125 57 115 118 72 111 19 11 35 93 52 39 70 107 135 11 76 157 151 1 108 127 38 116 89 21 28 19 64 157 127 17 60 126 42 130 14 41 38 68 140 38 99 170 80 50 58 60 153 53 81 105 110 163 98 11 19 120 50 102 51 149 80 65 27 56 113 65 80 91 72 65 156 73 138 42 2 57 61 72 38 115 110 99 80 80 68 44 132 100 33 158 77 35 105 100 148 154 165 28 74 158 79
50 72 107 129 8 11 97 58 10 168 161 73 7 165 68 64 133 39 23 114 44 121 49 54 57 28 156 53 58 154 128 29 71 54 133 96 110 16 16 92 1 81 143 121 29 100 95 164 114 72 147 19 93 133 139 56 13 99 10 138 74 17 34 128 136 1 81 82 70 38 96 4 107 155 5 10 19 75 165 42 147 39 72 17 16 120 18 47 148 89 5 154 26 154 11 114 152 166 100 24 69 84 69 144 117 40 85 20 84 61 68 48 8 23 84 61 62 112 36 138 20 64 52 29 58 16 136 58 117 131 57 129 23 69 138 120 111 34 150 23 97 67 41 82 81 158 150 67 124 40 113 91 21 149 163 6 9 166 100 50 52 18 4 70 56 47 85 167 144 55
16 160 170 157 46 88 122 39 24 30 92 142 27 159 19 18 86 158 143 159 62 120 59 81 88 137 54 27 45 56 55 70 64 153 156 152 3 5 51 25 48 23 132 170 103 120 150 141 144 63 18 158 122 43 107 72 4 1 66 31 137 165 104 87 168 158 31 35 67 161 50 92 43 107 170 96 17 21 170 92 26 84 150 74 103 106 26 25 140 74 32 118 55 88 103 100 34 8 15 107 46 8 9 5 95 71 96 150 168 168 37 34 43 73 170 146 152 152 147 76 46 41 151 168 97 136 100 113 37 52 93 41 81 41 26 83 135 24 134 111 29 152 53 7 144 20 135 27 50 88 55 86 123 162 10 156 56 153 22 144 46 121 96 100 89 134 77 16 90 125
65 16 82 74 32 4 38 141 139 162 160 157 157 158 91 62 156 58 18 49 113 11 41 101 107 5 45 139 165 160 161 39 162 123 63 104 151 72 77 50 90 69 46 21 95 76 164 123 50 38 32 122 158 3 69 103 168 74 75 140 25 127 152 70 32 55 155 93 112 31 44 149 13 126 68 118 48 44 129 160 75 27 44 29 80 70 114 155 148 3 15 78 116 127 101 26 73 37 1 82 125 110 30 168 93 123 78 17 1 101 74 169 167 127 130 14 141 140 32 80 117 89 54 76 55 119 18 52 1 111 68 65 30 40 25 96 149 9 43 151 85 65 156 62 162 105 139 19 82 28 40 81 147 86 91 45 48 41 34 48 133 33 150 147 103 44 159 170 64 125
120 112 107 10 58 24 81 144 69 10 73 38 153 51 140 26 27 48 157 53 29 55 90 120 79 166 145 31 70 92 72 73 120 31 90 49 87 92 106 108 55 26 25 90 10 169 116 92 78 152 152 107 34 122 116 162 129 159 15 132 17 72 73 93 68 64 161 144 169 48 126 27 161 54 143 57 155 85 38 153 122 94 94 63 150 52 10 2 152 109 111 46 90 60 19 106 98 94 56 60 113 139 166 119 20 80 113 125 52 101 36 130 139 160 3 105 27 96 53 127 1 40 49 122 137 57 149 95 12 146 170 15 7 111 51 132 138 7 84 2 170 75 62 22 154 156 49 55 104 57 37 90 106 99 119 107 104 108 137 29 135 51 38 153 136 156 72 18 71 71
167 147 123 90 58 50 33 15 5 115 109 98 147 76 126 24 134 114 54 101 75 7 38 120 159 46 159 94 90 84 126 38 3 127 137 74 133 63 14 31 47 7 112 78 124 130 47 75 145 98 114 127 151 120 32 35 149 43 77 5 61 106 16 37 37 19 146 133 135 23 105 62 98 64 147 2 169 112 4 59 26 115 4 123 140 56 156 6 106 128 100 93 7 1 75 102 159 81 13 162 92 109 113 63 39 40 142 146 106 38 8 158 115 142 20 45 85 158 17 23 148 91 146 118 109 60 52 61 10 59 99 161 92 156 146 26 152 4 140 160 54 3 140 88 62 66 164 147 17 124 51 103 129 15 22 155 38 166 156 30 139 39 93 24 38 114 24 105 14 8
150 12 27 92 28 9 132 145 7 69 107 7 118 78 152 154 59 11 44 135 70 69 9 123 82 2 166 94 25 157 153 7 59 57 30 153 51 24 109 53 128 1 159 26 118 89 115 47 109 100 151 48 87 43 113 146 64 164 43 166 154 72 110 160 67 158 140 30 94 35 120 19 5 56 50 166 154 134 13 38 68 61 112 19 17 65 166 48 139 61 139 79 110 151 169 147 5 78 84 144 20 42 157 137 151 69 102 170 64 17 40 131 2 61 147 59 164 43 141 139 26 88 163 85 113 162 90 156 142 24 48 8 47 18 90 74 135 124 55 115 23 52 118 21 57 37 73 5 70 3 158 99 71 63 40 41 139 8 134 150 137 86 31 165 82 116 155 98 7 103
159 38 36 87 4 61 135 112 157 63 150 50 158 63 155 90 44 17 52 46 122 74 108 135 122 55 23 13 149 22 27 119 89 92 162 72 164 95 44 158 133 47 67 168 75 55 45 28 71 94 109 33 86 115 112 168 123 154 69 142 168 121 156 8 133 1 53 13 134 64 169 164 101 131 81 113 102 52 17 73 31 31 168 122 74 94 69 167 67 136 154 142 66 14 34 118 99 142 41 160 15 81 110 107 49 110 167 138 158 126 108 57 157 150 135 94 108 18 22 146 106 87 169 91 96 21 103 87 108 38 54 90 152 48 34 3 75 83 15 17 160 46 15 63 76 100 94 130 16 138 27 161 60 76 53 119 158 145 133 129 144 87 77 19 51 55 40 53 166 121
118 22 71 39 2 133 74 157 57 102 19 37 55 16 122 133 82 127 45 41 122 141 41 157 29 132 74 23 120 140 112 138 45 78 46 90 143 137 146 64 29 38 111 69 76 142 130 22 20 4 151 121 108 39 138 26 57 55 104 27 91 41 116 81 133 87 120 14 32 74 96 62 154 14 40 99 10 160 150 27 56 59 28 41 75 21 36 126 58 136 164 137 120 137 39 27 168 19 161 1 46 115 20 126 79 59 135 36 132 102 99 55 55 159 13 140 114 55 130 101 160 132 22 137 20 159 121 6 65 78 3 70 131 91 83 7 39 97 103 143 33 136 167 119 81 103 165 51 162 127 56 85 6 48 134 162 168 105 17 2 33 122 134 140 75 52 53 131 39 162
152 158 128 87 70 123 134 20 84 108 76 79 158 24 37 127 4 90 8 33 157 41 104 45 70 109 143 66 4 28 67 151 91 135 148 146 143 23 164 20 27 52 89 145 86 113 137 31 118 64 85 77 118 61 170 116 129 57 86 109 69 149 54 90 140 129 149 32 60 83 133 161 62 112 76 5 83 41 67 122 165 107 37 69 23 154 23 125 46 136 8 121 122 162 41 63 87 104 144 94 42 77 22 10 24 98 15 159 2 43 89 72 75 24 143 118 128 89 162 101 106 78 146 40 121 106 128 74 36 123 165 19 28 162 91 15 96 113 2 47 71 22 26 167 63 161 108 37 142 147 6 39 73 91 3 158 52 5 91 65 34 20 58 157 112 57 34 28 50 9
152 98 90 98 28 153 131 26 88 129 139 74 61 57 102 41 116 63 66 67 47 164 143 9 22 105 29 135 149 29 108 18 46 127 69 139 45 137 25 144 128 25 62 98 47 46 36 136 33 103 158 103 58 147 167 16 105 47 135 132 103 18 36 86 65 28 132 106 25 87 54 132 38 99 94 102 98 130 78 66 77 56 21 116 137 114 75 107 100 31 38 81 103 142 131 36 19 96 46 145 14 77 168 164 29 116 114 142 80 21 169 113 20 23 167 75 29 110 6 43 51 151 116 78 44 27 104 161 54 170 92 102 47 75 100 107 64 79 140 86 27 100 65 15 98 32 91 39 58 91 19 168 6 90 168 24 76 133 6 128 60 44 73 90 137 45 74 124 96 71
133 101 103 35 89 23 157 144 24 31 114 109 67 138 102 90 126 103 131 40 18 114 104 30 164 94 50 33 60 1 90 96 90 152 90 35 141 54 38 4 3 120 144 77 108 49 131 77 85 24 72 112 38 146 130 60 134 110 133 3 8 169 15 31 98 73 130 154 84 128 29 93 83 129 106 93 11 91 103 64 131 106 94 10 145 51 107 29 103 131 137 10 111 135 8 98 29 86 108 47 125 150 169 111 49 81 48 163 38 116 25 34 129 106 160 74 40 112 122 134 16 38 41 160 14 158 135 51 113 60 70 18 35 10 157 43 129 12 3 60 130 106 96 122 67 10 126 168 102 151 135 15 119 121 132 148 62 85 61 97 1 61 63 167 13 92 3 26 157 148
149 79 62 163 80 137 24 34 105 11 94 109 95 2 42 149 123 8 11 125 89 91 141 37 156 51 140 105 15 146 62 34 4 130 123 140 79 2 35 125 84 53 63 155 120 124 106 80 30 119 52 113 32 155 47 51 43 92 71 65 73 146 25 42 102 18 159 99 150 59 71 94 122 42 133 130 95 75 162 139 32 90 70 40 20 88 77 31 100 124 17 153 29 162 34 74 55 163 81 22 33 76 101 64 141 90 11 99 24 100 61 15 139 112 27 94 84 25 87 30 153 37 104 115 7 126 35 8 75 130 98 154 39 127 67 80 114 107 23 151 130 30 71 131 51 154 58 18 72 11 33 75 40 140 106 34 154 31 93 33 48 64 112 1 81 4 109 14 69 55
149 60 24 168 127 51 89 110 43 137 62 41 73 108 4 112 78 68 25 111 46 101 90 103 51 156 54 102 26 148 40 129 145 13 79 18 127 26 46 150 143 15 53 25 137 85 88 77 89 88 138 57 127 25 45 69 30 65 139 46 19 3 126 14 38 94 71 98 149 141 15 10 80 146 126 132 150 108 23 11 11 98 35 60 72 152 152 116 160 132 64 67 165 85 149 135 12 92 16 14 35 165 62 148 38 48 100 31 102 111 160 67 70 156 103 95 61 44 69 55 131 14 147 16 116 126 141 18 83 22 97 158 34 76 52 167 151 109 104 13 170 106 114 60 29 17 102 114 116 56 21 10 47 139 130 152 129 72 57 146 101 40 34 33 116 55 124 64 160 66
104 143 37 37 95 74 56 115 74 81 160 166 134 130 157 146 8 17 80 124 9 154 150 35 25 39 143 81 134 140 144 54 79 129 142 52 129 149 82 121 150 107 10 116 27 161 165 149 108 10 107 85 94 127 52 136 91 92 23 168 114 90 153 58 138 137 20 163 24 146 157 82 125 71 104 90 68 57 48 104 110 20 143 69 58 124 89 150 160 88 55 31 159 3 50 101 159 126 62 15 93 96 121 119 3 166 2 132 114 105 42 76 104 57 159 119 159 116 74 18 169 45 57 45 31 125 99 108 130 110 117 166 141 6 11 142 96 24 17 4 100 48 1 85 12 34 128 143 65 90 118 22 23 62 124 11 50 124 103 39 78 162 109 170 109 33 63 32 130 24
62 27 166 160 12 122 56 38 145 65 39 110 142 92 51 72 140 49 59 1 2 30 130 133 89 22 165 125 9 27 95 47 166 49 81 61 100 110 143 130 58 167 104 147 56 105 111 77 107 64 22 135 118 59 9 13 36 144 131 10 170 155 28 79 1 121 102 120 94 103 52 121 9 168 63 63 8 127 5 70 34 148 74 35 15 120 150 12 61 108 3 12 125 88 113 154 86 27 113 89 8 124 98 153 38 164 169 116 91 49 41 65 83 14 27 92 47 170 132 82 102 150 11 75 63 5 32 18 141 144 17 118 163 51 93 161 95 50 86 9 105 123 47 92 125 119 18 76 55 43 15 65 118 96 43 82 47 3 73 3 59 109 63 133 135 105 2 26 28 90
132 104 9 138 119 110 84 129 34 116 75 113 120 115 151 36 81 94 60 28 131 156 107 6 65 160 11 141 112 49 107 24 89 146 85 153 169 162 51 152 33 135 106 154 50 145 4 68 67 124 10 31 160 36 169 101 153 23 85 140 148 76 109 25 9 161 125 138 141 48 156 2 28 75 106 118 36 129 121 35 71 120 11 85 33 29 99 143 144 28 47 158 3 162 164 95 137 5 147 50 18 47 54 47 34 40 159 55 26 71 154 129 89 75 92 83 170 145 99 143 53 130 68 148 48 87 132 78 133 58 43 168 50 152 156 29 113 89 20 103 59 165 65 29 82 142 121 149 119 152 101 63 42 122 38 25 144 90 114 166 134 40 82 167 48 152 46 44 29 158
108 9 168 116 155 106 53 5 108 109 116 138 115 88 144 56 132 155 32 8 149 131 107 49 121 167 83 149 95 13 165 113 32 114 94 35 1 145 80 144 135 93 48 26 115 53 81 15 99 129 159 164 108 39 112 95 60 27 5 65 91 115 86 43 69 121 86 46 66 78 129 114 34 136 66 96 65 53 152 168 95 75 158 161 120 9 148 74 10 132 117 106 7 73 30 107 103 114 12 105 4 101 58 59 117 85 48 58 82 138 71 102 102 52 164 20 67 98 146 151 23 3 149 128 103 59 4 53 109 123 48 142 58 19 163 123 135 6 130 141 74 41 34 131 49 55 87 37 79 104 36 28 89 83 156 88 147 81 52 169 99 3 33 1 79 80 53 70 140 148
22 21 140 25 92 60 110 8 129 46 138 5 168 57 14 154 26 2 156 45 71 56 121 45 25 48 133 21 120 67 111 90 100 103 20 92 125 43 61 109 112 167 5 138 38 73 108 11 148 12 85 118 101 143 59 58 72 90 71 7 119 1 42 149 153 39 154 139 143 28 95 63 4 42 82 77 30 30 18 5 48 47 20 34 123 15 156 119 51 55 74 95 35 29 82 71 45 113 43 123 5 105 5 89 56 21 142 139 13 19 121 102 94 103 108 13 123 166 104 164 118 27 17 122 65 160 1 146 84 23 91 27 46 108 158 85 148 120 30 64 162 41 103 154 49 154 7 134 16 114 13 20 168 10 128 157 31 58 4 146 102 136 48 95 83 72 131 20 54 79
21 148 85 124 11 131 154 97 104 97 28 129 119 95 43 31 24 16 52 36 33 163 168 65 105 15 132 67 92 137 20 103 28 48 127 129 17 128 68 21 109 133 165 31 98 66 78 40 169 18 36 18 13 71 92 10 123 126 96 61 126 152 48 6 97 8 79 70 99 132 115 149 161 48 90 125 95 124 146 14 99 43 24 98 3 77 114 146 123 113 54 72 15 148 120 45 116 125 9 86 19 163 2 30 139 4 113 68 72 3 84 97 151 67 157 146 41 125 99 156 158 42 162 50 35 140 137 67 109 136 13 31 27 139 78 112 92 14 39 56 84 13 39 163 30 14 15 49 128 138 88 122 143 77 94 113 144 40 163 157 25 3 37 139 92 31 76 29 115 99
6 164 132 170 55 46 77 142 64 155 40 45 36 43 169 65 25 22 130 42 31 160 43 114 51 79 138 70 46 112 1 59 53 18 160 87 5 136 142 87 24 60 110 93 65 113 107 147 125 54 162 100 164 39 162 13 49 76 170 77 150 90 57 7 138 169 117 22 65 11 154 145 46 8 149 95 16 59 37 44 37 107 78 66 113 55 109 12 66 40 94 153 124 10 102 68 115 120 127 5 168 74 37 61 106 39 117 105 18 162 128 125 150 127 42 139 40 107 29 36 132 113 50 68 118 49 116 35 121 128 19 162 77 125 13 168 126 6 151 147 32 107 25 15 129 69 150 9 20 125 138 12 140 62 83 22 134 18 50 52 33 58 149 70 132 44 94 31 43 50
159 58 29 112 34 68 61 125 125 170 78 144 78 137 67 98 53 100 15 19 45 14 136 158 50 129 150 14 55 91 145 4 118 112 39 116 124 114 121 127 60 54 91 130 82 81 116 38 131 142 139 139 24 119 78 115 8 144 54 66 101 114 101 130 111 26 126 94 84 103 101 49 98 58 77 128 56 35 167 143 105 166 126 169 71 127 19 68 13 12 81 118 87 161 54 116 34 69 71 167 120 18 90 131 94 109 154 87 20 162 41 92 48 110 93 141 167 162 1 147 141 1 32 9 105 59 161 72 164 78 156 12 20 77 81 160 162 39 6 19 95 51 82 36 170 100 44 56 45 123 152 115 45 59 72 70 105 163 20 150 161 146 57 150 21 61 102 11 55 126
125 143 66 37 93 22 166 82 37 152 65 135 57 126 170 46 65 7 17 62 66 106 123 87 46 10 94 92 45 19 12 72 46 65 39 35 164 109 71 9 115 169 147 75 150 136 131 154 141 13 163 34 160 1 20 24 42 100 70 26 105 100 155 76 69 110 86 3 24 58 115 77 25 70 37 62 56 107 70 63 156 155 82 160 87 78 65 25 159 169 59 54 95 106 29 80 64 95 105 167 74 18 129 37 39 68 98 62 132 43 127 46 26 98 111 44 120 66 101 52 160 9 125 86 101 122 93 15 12 50 108 96 139 130 106 142 61 131 111 27 143 127 97 99 47 157 164 29 29 145 105 3 99 48 92 100 131 134 170 56 3 64 68 169 149 158 153 15 61 45
93 121 29 22 130 131 129 48 90 125 32 117 84 13 151 123 117 14 109 26 66 2 107 167 79 97 26 37 159 37 88 137 62 134 6 38 94 42 131 18 34 84 150 30 43 130 101 68 151 96 145 10 111 169 168 14 145 86 11 102 112 131 114 151 59 71 116 42 136 44 34 105 12 150 28 166 18 98 130 134 27 28 20 31 145 74 134 117 51 130 84 121 155 151 92 12 103 14 118 7 20 105 113 107 6 146 94 151 129 88 169 70 127 92 92 107 3 103 103 164 157 85 131 56 109 11 137 129 6 167 80 94 67 37 5 168 128 103 123 53 109 104 28 20 119 87 68 165 167 118 148 30 154 111 19 160 101 50 23 141 88 123 111 15 66 16 45 145 11 38
115 110 139 96 29 37 22 34 159 134 114 57 102 73 77 59 133 83 43 132 59 19 95 51 48 99 39 37 108 24 82 72 103 93 65 144 54 149 42 36 152 31 6 139 153 73 4 26 70 156 167 131 62 136 62 108 53 44 137 87 97 161 161 140 118 33 142 105 60 100 82 80 29 140 16 2 139 26 169 145 125 100 21 141 78 136 105 54 6 94 72 102 46 170 45 111 114 49 141 140 1 99 14 53 105 148 4 55 97 17 31 136 39 140 35 51 80 169 115 31 158 76 162 109 105 129 88 101 123 65 10 82 82 128 146 115 29 94 52 30 15 119 87 123 125 118 41 64 169 93 23 68 1 37 127 107 69 133 164 144 137 81 100 122 14 36 117 33 133 109
108 142 119 90 4 92 86 25 59 12 58 135 55 73 42 17 162 41 168 95 79 89 84 32 3 29 81 140 42 169 22 42 104 59 170 155 131 97 41 130 32 136 63 79 20 11 170 53 34 5 25 25 90 71 62 27 26 125 2 21 64 75 53 56 2 132 124 100 132 27 142 10 80 97 97 157 62 36 69 73 104 21 111 127 121 152 52 127 31 99 28 67 154 16 150 57 165 85 99 10 71 144 104 168 23 148 39 28 36 76 23 39 121 30 35 36 37 72 13 151 140 111 148 162 165 69 86 100 104 121 43 161 60 125 131 77 170 98 133 120 150 95 2 114 113 93 11 155 59 38 170 136 46 22 81 69 53 68 140 153 90 73 153 27 84 46 48 146 124 58
104 133 25 23 33 166 63 139 106 157 5 86 126 155 73 53 59 105 101 56 106 1 49 121 7 96 125 111 16 15 29 60 103 130 93 14 134 28 25 73 150 143 119 165 118 140 14 113 135 94 51 67 80 115 158 18 102 80 118 131 104 31 56 142 85 68 100 73 93 53 2 27 2 113 80 114 4 119 53 121 20 170 15 3 8 151 159 40 132 23 133 121 79 164 14 163 134 64 88 74 129 14 27 70 101 72 154 83 131 130 124 2 90 126 82 140 142 40 121 92 39 30 39 91 43 107 60 93 165 21 13 36 4 99 165 28 18 59 143 101 10 129 80 95 30 50 73 132 52 169 37 85 134 95 108 113 93 129 141 161 18 136 169 134 18 18 85 88 61 105
48 56 22 142 100 61 105 50 166 148 95 25 94 85 42 24 21 77 23 112 166 133 91 111 161 140 19 74 115 70 98 7 9 143 19 77 12 98 120 10 24 52 20 38 86 15 160 103 8 65 169 35 3 29 98 163 135 7 62 112 38 101 125 37 97 137 91 30 96 53 66 38 161 64 141 5 30 98 13 130 137 17 152 15 17 38 169 43 164 123 164 30 132 37 58 88 104 105 7 21 19 47 54 13 78 61 120 103 44 106 71 87 36 154 80 157 84 38 141 71 142 28 129 44 83 150 104 18 90 126 34 143 83 64 3 80 85 19 136 7 24 143 29 130 78 64 83 50 121 163 155 45 166 137 113 50 66 143 62 68 53 141 92 42 6 122 140 119 158 53
81 19 170 159 140 31 111 164 74 87 35 54 93 106 77 10 62 115 18 119 69 89 93 25 125 126 50 58 75 60 159 125 106 35 17 77 132 21 117 142 129 116 116 124 104 33 37 114 136 155 55 69 55 92 134 161 79 6 40 12 57 155 76 159 92 143 28 169 77 3 40 32 36 75 121 97 21 155 84 9 28 83 156 107 111 168 54 167 104 65 43 17 131 97 128 163 41 12 97 115 113 20 51 51 53 42 30 49 10 40 70 95 51 3 77 61 42 138 63 135 60 134 77 168 159 68 117 112 140 94 153 162 158 29 75 21 35 87 97 22 106 33 67 134 157 153 16 143 155 112 90 72 117 135 130 72 48 143 27 162 8 86 121 24 60 102 127 59 114 117
143 167 43 155 30 133 122 170 137 64 14 139 125 53 163 99 144 124 165 136 145 13 56 156 68 44 111 147 115 114 49 100 157 69 144 149 21 5 115 97 15 51 42 35 167 13 51 135 69 61 114 51 15 68 87 6 36 107 93 124 62 93 130 113 56 72 151 41 128 123 115 47 115 20 162 140 162 169 147 24 149 92 31 28 38 125 142 27 34 153 97 67 120 102 93 103 43 77 79 102 23 139 63 154 18 79 30 52 76 66 147 90 2 77 9 169 13 39 98 140 76 57 147 127 12 140 35 28 143 162 83 43 61 96 159 23 45 42 153 63 91 107 164 66 161 143 113 115 125 93 92 1 82 110 60 136 10 43 136 12 63 51 5 23 59 86 8 18 159 89
74 162 40 33 4 166 74 34 105 29 117 121 155 113 156 140 151 168 24 20 85 136 71 88 12 161 168 122 5 58 99 49 147 164 36 46 93 99 97 31 7 85 113 70 90 21 157 1 20 24 95 117 68 19 119 144 61 110 2 151 120 98 68 109 28 21 124 13 114 45 9 63 117 30 90 22 84 59 134 115 156 136 143 107 127 145 78 147 86 5 102 71 40 8 9 155 148 9 111 141 98 162 112 130 52 104 3 49 138 119 22 100 25 26 135 9 25 135 43 36 141 98 109 94 114 78 37 64 146 97 152 62 27 90 63 33 3 52 59 161 95 71 59 60 87 143 169 26 21 35 159 169 45 126 153 45 28 125 66 49 157 168 166 11 149 162 62 88 18 155
67 52 36 18 169 110 122 89 45 26 153 114 129 8 158 164 17 117 163 34 115 84 7 53 150 19 125 57 25 38 1 107 107 98 125 30 70 92 7 4 121 123 121 4 137 89 48 52 35 122 76 158 67 154 152 162 155 130 8 95 49 100 151 160 138 115 96 93 45 32 120 46 103 77 59 151 46 48 140 26 137 116 61 86 40 50 41 87 146 94 134 41 104 20 157 50 96 109 42 117 110 120 50 22 130 70 97 19 27 108 30 30 37 40 75 64 62 139 114 60 14 68 155 24 49 162 107 17 117 152 9 140 77 28 26 155 66 110 137 96 31 140 32 67 20 1 85 141 28 14 98 93 30 58 150 148 139 7 2 50 39 41 38 85 98 161 31 167 101 44
79 29 26 123 163 139 107 120 146 114 56 161 60 12 67 32 126 6 1 15 120 156 18 17 146 156 118 79 24 82 12 150 121 53 17 152 159 132 3 125 150 22 97 86 118 96 94 138 122 91 93 130 109 115 34 169 108 136 57 8 69 138 153 1 125 9 2 95 82 47 119 15 19 153 140 110 28 53 158 83 95 121 21 128 159 81 122 149 52 3 72 40 144 167 55 4 49 96 114 141 58 170 76 121 132 159 87 3 105 116 139 151 49 38 85 145 107 140 16 148 134 3 135 12 36 47 30 128 42 115 70 95 91 112 119 116 82 3 29 13 32 116 133 114 120 88 134 37 150 170 128 39 3 5 17 2 161 80 110 13 85 10 123 169 46 154 1 156 44 157
34 106 21 41 114 36 107 77 142 78 42 32 157 157 22 91 111 143 70 132 142 110 134 170 116 8 9 99 76 27 167 79 57 161 143 169 158 17 124 148 65 122 70 134 120 103 106 69 107 54 24 84 39 88 155 72 78 75 103 156 16 122 107 15 145 148 55 98 66 149 27 20 107 90 144 83 20 101 15 137 9 139 102 78 54 10 29 88 155 52 27 126 33 144 40 97 103 157 142 90 74 114 1 135 30 155 160 104 7 21 105 33 69 123 166 152 107 14 151 106 125 81 70 99 8 136 124 63 118 59 16 38 74 76 165 5 82 148 123 98 154 164 104 44 137 70 62 35 108 96 83 97 37 126 95 7 161 81 3 163 49 36 88 17 35 136 15 90 34 50
126 78 42 123 153 82 26 161 5 108 145 163 150 48 135 8 97 10 142 159 101 21 36 123 47 95 140 87 169 73 37 101 36 60 57 115 112 154 1 22 17 63 47 80 35 94 121 140 121 14 133 83 30 79 49 104 102 81 12 22 113 75 24 102 10 36 112 150 55 64 109 20 104 97 82 90 109 68 144 110 122 107 69 79 9 11 170 10 132 112 66 166 26 116 3 69 166 106 162 62 154 61 143 132 54 20 164 54 24 66 30 108 84 61 4 20 47 38 119 22 66 109 37 13 143 135 109 80 37 157 68 58 138 85 29 64 74 48 47 92 156 40 153 42 136 86 43 109 155 65 6 72 65 108 156 34 121 3 51 45 21 46 95 141 60 50 4 71 137 54
94 118 134 4 81 31 81 165 130 127 140 165 106 153 6 21 140 92 167 128 14 165 91 6 153 106 43 52 25 67 167 60 15 23 128 5 169 51 44 42 21 139 70 20 35 149 83 130 165 65 168 168 124 157 5 165 78 57 21 84 86 161 109 23 95 74 79 36 37 76 45 121 159 129 142 155 13 146 119 160 1 76 49 80 132 140 127 74 69 116 154 111 151 151 13 71 79 25 2 88 169 42 81 85 95 123 1 105 108 101 21 130 79 33 18 4 127 72 144 110 47 33 85 61 9 115 133 52 90 130 110 52 60 134 121 103 24 94 75 80 10 147 108 102 148 147 95 40 140 166 3 9 147 102 162 14 89 39 43 132 104 18 78 89 71 74 16 49 40 134
31 51 125 66 3 118 51 142 160 129 115 68 104 59 117 64 168 161 58 20 19 16 86 54 69 147 129 59 118 138 110 103 163 14 3 89 20 55 136 106 48 156 15 140 156 56 36 137 165 26 116 137 68 8 80 167 31 127 11 52 150 107 155 71 106 34 90 133 147 23 128 158 149 75 15 114 51 73 99 143 58 89 93 134 140 10 108 156 52 82 63 63 60 163 30 126 86 114 91 66 27 18 52 148 64 79 135 65 89 61 132 119 29 89 25 73 51 122 81 82 163 139 113 156 26 81 33 55 19 55 77 135 54 77 62 161 49 101 161 135 11 112 62 98 131 125 13 7 92 78 54 14 117 167 22 37 120 103 105 114 20 99 88 11 80 72 148 143 97 35
102 107 9 48 130 31 81 158 130 10 64 155 116 146 53 95 118 75 124 148 142 42 131 12 58 141 113 61 95 42 104 147 87 98 10 97 36 15 91 81 70 80 59 166 51 119 33 107 32 25 53 57 18 133 102 91 164 105 162 104 27 127 4 50 152 18 32 10 155 109 66 39 164 141 94 60 27 103 145 47 55 122 92 89 4 45 31 159 105 1 110 169 78 32 157 150 43 15 170 170 105 98 148 23 13 9 144 93 153 91 116 138 115 152 36 104 102 110 19 138 100 25 31 11 55 15 124 5 104 145 81 74 97 21 18 119 87 79 35 157 167 118 160 89 54 79 55 130 133 14 145 159 155 16 32 40 125 140 9 133 146 151 161 148 170 87 113 86 147 89
136 142 152 49 112 87 32 79 113 100 159 161 90 156 17 38 139 147 23 11 42 168 72 20 39 32 38 69 91 155 165 111 32 33 42 112 102 131 152 39 24 88 71 81 112 92 44 19 153 74 72 81 4 50 124 13 93 142 69 59 6 126 120 15 89 124 20 35 29 154 133 121 152 147 118 113 33 44 30 53 149 26 49 156 122 143 161 4 41 84 45 147 101 38 43 68 7 127 74 12 88 13 12 137 77 159 160 26 44 82 12 119 110 7 104 140 94 89 164 119 93 138 88 78 72 21 24 134 139 131 15 95 118 38 88 115 77 14 77 158 76 124 104 119 150 66 21 144 125 96 86 158 66 35 39 145 158 65 97 111 163 112 81 67 27 16 95 84 141 82
36 61 17 3 9 46 95 72 143 77 158 126 152 148 100 55 54 40 99 157 82 49 126 11 72 53 54 99 93 148 35 148 32 47 136 114 43 80 25 88 8 4 3 157 148 37 114 3 74 15 93 19 131 155 141 120 30 110 77 101 120 48 132 83 141 4 151 88 18 31 16 106 151 84 22 50 16 149 47 68 168 170 7 141 116 4 69 71 82 132 19 65 121 86 146 115 146 137 125 66 114 104 117 144 32 87 31 48 9 42 122 102 158 167 163 30 1 103 97 85 119 23 44 106 116 63 151 167 67 158 140 109 64 71 158 50 143 125 17 152 88 78 70 3 33 44 67 73 115 104 12 85 136 87 113 97 39 24 31 60 158 14 40 129 145 27 25 153 43 21
142 90 24 113 132 103 143 130 10 9 57 45 112 96 59 32 155 35 35 138 24 124 156 109 45 63 18 22 123 86 150 29 131 57 1 125 5 139 34 168 102 130 41 169 89 137 74 99 73 13 104 48 143 71 130 34 52 46 93 168 141 107 130 141 14 28 52 53 107 149 123 131 133 141 149 31 31 162 153 56 56 24 120 39 76 95 74 71 164 166 96 90 118 151 47 118 139 94 121 99 37 34 52 164 96 2 52 153 124 106 18 64 55 30 46 100 29 91 144 107 127 166 125 130 22 85 98 46 152 136 114 57 24 121 160 43 131 89 112 65 60 52 89 2 104 23 24 142 24 10 88 128 156 125 83 154 64 123 14 42 47 5 54 70 20 21 123 33 62 30
18 18 107 100 20 63 147 106 147 64 116 69 35 107 45 91 114 30 2 146 41 135 26 124 45 136 121 22 14 87 153 170 77 35 148 129 116 29 14 58 95 10 19 36 146 13 41 34 69 121 159 100 146 75 38 23 5 104 18 31 152 65 97 71 140 84 141 145 25 86 126 6 7 15 61 73 143 19 71 112 24 124 2 49 3 94 113 138 24 159 39 50 57 73 152 126 136 61 17 114 63 11 49 57 134 37 152 67 49 33 133 78 104 2 64 36 169 32 138 45 90 37 10 155 165 70 148 153 41 150 24 67 63 154 21 90 85 48 45 21 90 36 79 118 105 154 92 18 108 88 17 44 104 74 28 94 102 169 116 119 131 76 38 11 66 131 78 33 159 136
114 96 88 116 18 76 51 96 142 161 35 40 109 163 128 2 28 35 153 85 112 32 158 127 56 160 55 38 62 167 1 81 90 149 75 120 109 133 105 26 12 49 33 149 95 120 144 116 40 147 113 38 83 23 29 118 30 160 90 122 46 35 141 34 99 4 123 59 168 117 35 65 28 99 114 52 113 87 9 86 51 20 103 45 8 88 77 33 83 67 159 92 53 79 3 80 89 89 20 89 40 16 59 112 19 61 92 158 81 9 66 145 140 5 20 31 11 142 31 161 160 148 154 15 46 2 156 59 65 86 102 100 162 107 142 3 82 50 127 153 72 159 8 43 20 144 145 71 161 153 124 82 124 121 76 75 114 134 126 146 118 105 81 96 46 72 165 128 29 96
117 73 143 80 97 21 6 131 168 89 57 68 150 57 21 82 130 75 66 161 146 49 77 22 123 135 122 113 29 65 41 60 76 117 8 98 119 32 46 159 39 92 58 19 58 44 124 42 113 25 37 34 49 2 10 78 63 146 88 53 166 149 138 9 76 141 27 40 131 5 150 58 112 15 57 42 26 69 76 93 6 153 54 129 149 75 113 40 83 37 22 56 65 57 95 8 124 130 36 136 35 157 4 109 1 121 95 60 75 155 127 5 82 28 49 25 57 29 52 164 12 144 151 103 87 2 9 79 136 165 59 144 122 121 35 24 38 106 78 78 111 84 30 112 28 56 108 57 160 129 4 44 58 101 151 132 48 31 126 40 106 18 165 104 144 4 108 84 1 26
109 161 103 139 100 111 66 115 83 165 7 64 140 96 151 35 124 22 57 168 113 31 103 92 98 71 80 78 43 40 149 5 68 106 61 54 63 169 148 157 131 148 56 86 58 10 114 79 87 18 101 112 68 150 168 55 34 118 123 123 159 74 126 106 111 143 36 161 82 31 2 3 41 138 128 159 129 22 18 126 94 59 4 112 47 4 137 57 143 61 88 154 139 113 160 19 76 114 141 122 83 42 51 132 97 152 1 155 90 127 55 124 43 41 118 70 66 101 106 119 150 66 19 103 96 159 121 157 55 41 79 151 47 77 148 76 98 22 130 61 56 151 130 168 123 123 163 132 84 126 158 170 5 141 169 98 136 37 151 131 14 41 72 54 150 97 46 114 70 122
166 99 1 24 68 29 118 126 145 30 71 56 125 19 91 74 141 66 82 138 101 157 77 62 18 98 43 24 52 30 122 122 8 81 163 112 168 115 68 20 12 34 21 39 37 58 29 149 26 79 13 118 154 33 128 154 112 147 165 114 44 124 52 100 112 93 118 48 14 122 73 154 147 39 126 113 8 55 93 119 109 44 30 149 154 10 134 85 73 143 107 50 89 60 135 153 82 84 126 151 67 42 168 108 28 159 19 74 139 121 87 8 12 41 63 139 71 97 6 168 2 105 133 27 112 68 160 44 29 145 74 144 19 51 134 17 25 75 131 29 63 135 9 71 156 85 16 118 62 115 28 1 127 169 29 51 139 64 148 7 136 106 10 62 125 66 31 24 111 73
89 40 9 83 112 22 122 33 64 89 60 26 70 158 85 115 90 98 109 74 67 151 70 113 26 70 12 8 134 100 112 101 100 74 37 33 71 2 149 7 150 167 10 3 123 7 52 33 69 147 17 129 119 12 71 138 137 72 93 92 114 127 135 107 83 156 77 75 110 97 7 70 151 142 113 164 126 48 160 155 31 59 25 92 144 117 157 132 131 124 159 127 15 12 46 123 23 68 89 91 62 155 60 37 18 59 130 84 30 139 105 134 91 82 128 103 151 18 32 63 23 108 127 159 134 122 36 149 165 69 71 52 52 128 112 88 2 58 75 118 5 14 81 44 51 88 124 141 60 147 78 102 69 71 55 6 140 21 58 142 3 116 143 65 96 110 95 114 25 141
108 103 58 21 52 120 151 4 134 113 109 73 95 27 126 76 140 139 65 92 140 116 31 36 170 78 153 39 155 54 63 168 27 136 127 141 151 93 55 163 17 75 155 107 39 91 124 69 93 20 43 107 9 166 40 129 130 118 143 96 163 45 12 20 37 54 111 83 145 17 47 109 37 114 141 152 103 20 78 14 72 80 60 140 151 41 32 38 147 77 124 118 118 169 42 154 44 35 68 139 141 162 32 14 12 126 152 61 59 42 19 117 162 72 131 90 32 12 112 23 15 149 77 15 34 167 1 85 24 140 26 28 89 103 18 143 63 41 117 129 142 156 81 9 40 147 76 81 62 166 146 147 32 47 117 5 165 73 90 47 157 109 162 21 147 77 67 101 8 50
58 73 56 31 81 37 137 43 116 70 78 3 154 147 145 141 17 165 108 97 108 121 129 126 10 117 88 1 74 17 68 23 99 129 21 88 59 8 22 27 84 153 76 16 120 148 14 136 112 69 84 27 15 81 163 137 13 95 125 110 147 113 14 118 4 7 19 61 69 14 43 107 73 5 60 51 102 72 36 155 81 143 156 103 101 99 156 72 121 170 54 119 104 119 1 87 19 27 126 68 63 129 60 158 49 66 117 155 78 108 54 90 99 25 7 74 20 73 117 129 146 80 73 15 128 77 57 39 150 135 132 136 143 114 101 168 83 101 8 124 24 146 91 110 60 128 32 26 17 75 143 1 128 52 150 152 89 152 120 166 166 30 62 72 36 156 165 86 164 55
100 110 162 160 141 63 49 26 100 110 13 158 97 80 70 48 5 84 63 103 101 83 167 78 7 168 58 149 11 157 92 7 77 35 68 84 144 45 76 9 149 93 65 4 104 112 121 102 88 56 163 15 13 49 152 127 86 148 90 89 34 163 17 20 158 26 10 7 45 10 50 10 159 87 82 110 24 135 104 35 96 35 113 59 57 56 170 104 39 163 106 159 77 128 166 76 117 8 77 62 133 105 35 156 44 10 108 105 158 93 102 56 149 135 47 156 170 157 6 68 89 114 136 168 169 46 30 5 150 21 33 45 66 158 40 86 22 104 134 82 33 106 68 147 137 158 31 117 99 41 71 80 164 16 92 164 168 28 95 3 6 31 51 74 154 126 22 47 101 114
16 76 132 47 122 48 40 135 168 150 116 10 22 69 63 26 157 85 126 120 69 134 130 49 122 61 142 66 170 148 121 63 166 102 7 110 117 168 157 6 60 58 114 120 43 51 91 76 54 30 117 113 138 141 75 25 121 81 128 151 10 90 4 116 72 16 122 53 141 150 121 125 10 159 126 64 37 11 136 53 70 110 55 131 159 145 19 114 143 128 135 79 39 142 56 139 160 90 48 145 56 8 23 145 132 121 33 34 36 157 78 87 83 45 85 95 91 117 73 114 16 88 28 105 131 12 31 96 136 89 1 9 34 64 131 108 54 134 99 97 64 127 139 60 135 13 169 131 143 80 111 44 97 39 91 6 67 12 26 36 72 49 58 34 146 130 83 130 121 167
11 106 2 54 85 122 74 85 102 31 148 109 157 97 21 28 109 146 126 17 41 64 144 33 86 150 47 118 122 91 103 152 124 26 146 9 19 46 29 61 32 8 71 6 41 140 133 49 111 52 125 21 26 32 53 14 143 138 134 33 75 40 161 65 75 78 2 44 136 20 108 97 156 144 12 113 145 112 56 102 123 1 103 154 125 76 50 87 54 143 82 86 1 149 23 38 55 165 2 5 72 165 6 72 71 112 152 145 125 31 60 51 165 23 127 5 155 86 30 165 87 7 46 152 88 47 106 74 93 168 49 89 33 47 140 47 53 140 121 156 13 27 33 168 6 39 102 110 1 22 62 31 109 93 24 12 119 110 19 54 126 1 19 98 73 111 89 60 109 83
36 138 46 151 70 72 87 90 81 78 21 122 167 34 40 130 42 137 94 7 157 103 121 62 88 37 170 23 81 136 123 123 31 47 146 21 113 22 27 31 149 167 59 170 94 136 136 119 102 130 131 167 33 133 169 156 88 76 110 76 158 20 68 1 111 9 99 31 89 138 69 25 68 48 113 65 118 113 112 6 81 67 132 19 8 65 21 11 6 14 165 52 127 145 88 100 69 126 125 90 89 116 69 29 120 161 4 169 16 124 94 111 45 101 48 162 84 78 72 56 42 123 163 118 14 126 73 95 76 127 129 126 51 169 159 102 87 134 13 87 69 130 64 49 113 71 97 39 73 50 11 125 8 170 74 73 4 122 79 143 122 53 154 29 13 136 130 62 53 138
27 168 64 107 109 28 94 125 62 36 29 105 69 136 41 84 57 86 44 92 118 137 71 123 107 37 31 2 94 12 49 53 155 34 68 85 138 99 81 118 122 67 107 70 97 92 97 26 42 165 17 120 99 79 58 154 139 151 24 81 52 87 121 71 95 76 132 31 79 13 131 6 49 83 162 145 133 145 7 79 114 68 136 98 90 39 170 154 4 162 166 156 17 36 143 129 60 12 49 106 55 120 154 13 44 25 142 23 29 160 169 15 64 121 99 114 156 135 156 121 164 145 144 13 155 164 123 151 83 62 135 56 102 71 27 52 48 27 126 116 71 145 100 32 53 101 166 3 135 98 104 134 126 161 20 73 97 4 47 105 53 88 27 139 65 111 83 168 107 28
45 1 41 22 128 33 84 11 50 106 9 115 36 79 136 80 118 127 137 41 60 88 122 163 126 146 4 145 33 124 45 78 135 155 27 15 95 121 22 17 156 34 20 88 142 7 91 12 96 151 32 155 113 63 59 5 14 26 28 72 160 28 87 40 149 40 149 32 132 151 119 47 96 15 148 118 68 146 38 132 106 46 43 78 121 108 30 64 89 89 2 80 60 85 132 50 98 122 52 152 133 1 134 160 143 95 53 117 90 101 38 84 33 71 121 22 133 14 73 92 35 166 72 168 157 94 16 53 36 22 32 28 158 162 11 129 52 153 25 41 140 104 36 102 115 76 102 103 14 30 84 64 52 79 168 23 93 87 24 10 99 161 124 154 102 28 11 74 13 118
29 51 137 37 134 143 115 34 58 115 79 76 4 164 128 167 170 133 63 83 69 69 13 151 18 111 78 156 85 71 100 46 130 72 35 76 69 97 68 109 19 40 138 70 25 80 11 2 73 134 90 122 111 122 86 137 160 125 100 72 61 22 92 161 72 95 6 40 77 142 101 8 37 153 163 60 150 14 9 161 23 125 72 148 122 140 34 110 159 126 141 103 153 119 16 67 98 50 113 6 43 21 59 106 12 123 121 158 58 118 120 103 169 38 123 69 91 10 70 62 59 157 139 32 46 91 29 62 13 98 113 76 38 94 14 80 156 25 126 49 139 17 4 78 53 149 14 104 34 65 140 67 162 101 8 77 118 57 103 74 5 100 130 14 168 108 56 3 42 1
85 91 63 52 42 147 145 31 127 109 48 131 59 83 10 80 1 127 161 32 88 135 88 31 129 72 150 100 23 55 119 100 12 94 76 154 92 109 104 126 98 137 21 45 112 15 65 17 117 35 130 17 80 110 95 85 49 38 165 54 50 125 56 128 88 22 82 39 47 115 69 101 135 12 112 36 55 78 30 162 130 117 21 13 84 78 73 63 159 92 142 31 124 38 109 18 45 83 162 140 34 1 136 101 89 119 65 38 96 64 46 71 98 36 2 54 70 85 31 112 162 19 36 50 16 168 135 151 3 113 22 150 142 152 66 153 159 129 150 46 11 121 51 39 126 66 115 4 29 147 93 109 114 142 97 122 141 144 131 167 26 60 106 55 10 55 62 137 109 116
123 137 136 8 27 45 19 51 109 31 140 48 74 23 60 119 42 54 126 132 119 60 34 128 84 24 65 111 161 36 47 19 124 169 24 113 1 98 118 170 36 75 97 137 1 87 165 149 146 122 112 67 75 124 114 105 28 94 127 110 29 139 33 25 100 99 34 116 134 123 92 61 136 149 65 107 159 144 4 152 126 157 81 138 72 131 5 46 145 113 161 73 102 14 120 11 170 168 69 113 92 91 163 8 81 29 20 32 149 89 42 47 21 78 97 126 84 137 15 63 36 143 81 59 152 109 138 135 145 120 138 79 54 108 84 98 153 97 61 36 25 48 91 151 84 36 49 51 5 49 104 166 104 109 154 27 56 31 66 123 10 166 33 108 49 112 54 10 131 53
119 138 145 23 2 10 24 153 108 170 131 100 137 109 69 60 47 159 47 139 169 170 79 59 6 122 148 40 24 135 112 134 77 63 93 148 9 28 38 135 13 68 60 127 22 51 121 158 24 1 31 138 151 6 88 106 159 28 126 161 158 64 55 92 140 53 84 45 33 45 116 138 156 125 76 15 33 109 9 78 83 87 147 115 13 152 140 43 66 102 55 122 150 169 60 103 75 111 140 7 135 131 114 21 26 104 118 163 65 153 157 8 5 11 16 108 147 16 109 62 154 53 74 152 164 35 153 30 33 31 55 64 168 17 69 6 115 95 44 149 1 8 70 106 140 42 12 40 14 150 141 147 94 168 86 9 15 70 63 36 160 163 50 163 100 86 12 160 61 82
70 116 136 21 94 5 20 151 90 74 11 91 4 151 122 61 86 86 15 134 53 124 147 65 107 94 31 58 121 162 47 19 105 92 147 132 2 68 67 105 98 22 35 145 23 77 148 66 100 75 110 156 42 84 36 15 159 111 89 14 84 85 45 88 150 100 39 76 115 134 153 78 27 138 25 162 73 70 136 156 65 78 59 13 58 124 164 65 10 139 103 59 95 12 157 95 108 10 142 117 68 160 7 145 19 83 55 169 125 169 168 50 96 114 113 58 78 105 101 166 33 9 64 142 169 166 40 164 136 87 90 161 132 13 82 62 62 115 9 124 52 114 163 140 163 122 60 160 88 35 153 163 53 68 49 112 62 53 167 149 3 32 6 127 19 57 54 146 151 54
142 66 128 120 132 24 82 158 49 87 20 12 72 3 141 50 15 102 35 77 42 52 133 35 16 28 86 87 142 96 135 165 19 27 47 130 17 90 31 152 41 81 9 50 89 117 125 162 36 169 158 61 19 151 89 60 96 70 170 153 96 99 159 11 160 166 71 153 18 140 19 16 79 148 127 159 10 42 12 28 160 120 86 84 37 86 40 69 114 19 101 60 59 22 150 160 23 155 123 17 88 168 86 153 5 136 115 82 11 123 71 64 151 102 12 37 168 14 30 42 168 89 124 154 139 164 142 54 108 10 91 116 45 6 79 162 129 36 101 124 16 62 159 45 103 45 31 41 167 64 141 75 143 6 153 106 60 51 42 136 69 128 13 64 166 59 83 117 62 17
83 162 110 75 150 77 129 131 153 102 46 36 13 155 4 128 99 55 170 157 39 114 24 165 37 37 39 104 89 75 95 59 166 36 29 112 74 50 143 21 48 150 95 96 4 33 8 54 45 125 88 156 81 8 139 58 129 74 130 96 120 102 26 10 17 32 44 54 65 29 120 50 139 87 78 146 62 145 74 123 8 6 2 86 71 116 133 134 63 71 35 51 17 27 167 138 84 76 106 147 164 54 140 12 1 47 125 52 89 144 26 36 112 145 145 54 18 128 170 93 71 76 163 28 71 1 116 73 26 130 127 40 90 33 116 27 55 149 155 1 121 9 164 100 88 24 2 60 67 77 69 169 16 65 4 88 53 77 135 116 155 86 147 119 141 11 108 145 63 23
164 135 7 80 76 26 15 147 106 60 109 146 91 98 71 168 110 79 17 128 87 25 113 142 18 5 136 117 139 127 46 143 94 72 45 120 121 47 119 117 8 150 107 155 48 97 148 130 168 15 34 43 92 170 138 13 44 44 126 64 76 113 92 63 133 19 10 105 68 42 13 84 14 161 169 1 78 112 148 92 107 102 109 60 21 167 49 82 158 15 37 15 60 142 1 21 39 150 134 72 2 132 63 30 44 66 29 90 44 162 138 124 132 124 77 112 144 161 129 135 129 27 149 57 2 44 99 17 64 36 109 89 114 88 6 33 146 23 151 38 28 164 27 51 154 25 68 29 122 140 158 43 3 51 110 88 146 114 157 164 26 160 34 35 30 102 55 87 157 84
87 113 56 141 4 13 83 89 159 147 28 65 160 84 88 53 145 88 54 37 22 40 169 166 108 99 27 70 134 72 60 159 74 11 32 132 48 117 63 119 106 137 117 106 101 102 10 112 65 57 96 8 89 96 56 13 88 95 90 76 142 101 155 111 109 45 96 21 158 57 106 28 54 145 142 49 85 105 28 47 132 114 168 47 142 95 133 168 63 153 51 97 77 6 64 139 72 145 73 113 19 38 110 38 27 60 72 134 26 131 110 104 82 14 133 50 115 52 129 29 132 47 72 158 135 153 102 167 167 101 93 99 9 32 11 113 109 60 139 159 126 66 94 88 16 63 140 102 92 111 158 20 157 143 115 162 2 82 46 154 102 43 78 124 102 81 71 80 67 57
145 78 85 65 5 122 15 58 45 13 89 14 31 66 5 19 50 10 12 13 69 117 157 3 16 137 25 137 17 102 24 119 6 22 116 170 58 140 148 17 19 17 124 155 139 23 85 33 81 127 38 169 144 122 149 23 157 40 15 7 136 53 3 103 161 24 134 74 26 31 118 122 126 116 86 18 119 98 137 133 75 116 146 92 149 85 159 59 25 45 55 29 52 7 143 152 80 73 149 142 147 85 60 11 88 91 118 132 86 9 148 13 138 123 67 86 1 22 68 115 118 139 62 167 2 154 112 84 18 19 7 17 162 139 10 153 4 137 75 46 157 57 27 53 100 30 141 32 10 165 166 125 102 72 139 41 53 138 39 74 75 47 129 131 112 27 30 66 75 46
27 126 130 39 90 117 118 13 147 102 3 12 128 161 63 149 140 84 40 151 42 97 30 91 38 60 82 81 120 100 3 45 61 52 63 27 66 73 73 115 141 135 4 13 20 139 46 129 142 80 34 9 8 75 109 30 13 17 95 17 71 168 81 113 125 116 58 48 47 10 17 73 8 161 40 133 131 78 72 33 132 165 1 21 70 123 116 51 155 79 132 75 144 7 145 124 52 105 112 84 25 40 138 23 99 147 121 51 2 152 131 66 42 56 3 49 146 33 4 165 22 124 139 9 74 29 113 7 44 150 61 44 57 130 64 37 168 40 1 62 102 16 95 79 107 15 44 51 12 166 52 96 6 25 106 143 76 94 92 27 156 37 39 111 38 20 19 128 119 168
151 12 5 32 137 82 3 116 152 127 48 28 60 148 24 136 161 27 130 102 82 103 50 80 99 139 155 147 90 55 3 15 81 86 161 148 167 3 46 5 84 40 96 139 123 72 36 165 3 28 150 20 28 51 133 56 167 109 47 11 161 90 45 106 131 58 59 95 47 109 51 71 37 118 1 119 48 28 155 82 9 115 120 70 9 50 125 136 154 36 135 154 71 81 11 76 113 165 76 27 72 87 12 11 68 21 55 57 66 151 154 17 111 166 113 134 26 28 110 138 140 77 48 121 81 126 44 108 165 66 31 150 109 34 115 147 92 31 63 140 147 134 44 152 75 135 8 76 44 155 13 104 30 11 11 127 145 20 35 77 15 3 119 53 11 126 5 119 131 27
108 166 117 105 130 93 46 94 124 144 158 110 142 165 25 136 127 167 137 52 96 71 126 104 3 68 50 103 117 24 29 41 104 107 127 49 161 62 1 23 26 110 43 55 151 145 156 7 167 148 58 153 147 7 83 25 9 49 15 14 84 40 43 40 91 115 90 38 150 167 63 21 13 37 26 39 94 164 41 35 157 149 64 29 98 60 157 25 139 21 39 123 117 167 4 130 53 35 97 105 136 136 61 76 143 40 37 48 63 75 11 42 108 21 101 136 119 3 169 130 35 161 107 70 39 145 10 62 35 157 132 137 140 129 78 20 118 2 65 5 148 104 148 77 16 52 89 15 32 145 148 45 63 88 67 83 47 83 140 129 23 73 135 145 52 64 113 53 109 73
41 96 93 63 165 162 20 81 41 97 82 137 94 27 159 64 93 121 146 28 133 166 120 162 166 168 99 149 6 118 33 164 84 139 27 119 104 163 12 61 140 134 149 163 10 138 18 58 147 166 4 64 104 150 149 38 26 49 54 31 63 158 21 141 137 58 52 43 52 105 114 39 2 26 116 116 82 115 19 77 24 67 4 29 92 24 34 143 7 124 103 108 110 40 110 60 24 10 68 64 102 93 101 70 63 17 125 56 38 29 61 43 151 33 125 40 55 27 63 119 71 107 134 140 170 63 100 41 154 21 123 104 128 64 164 133 30 12 95 129 92 82 47 45 42 113 62 128 152 166 60 56 163 142 119 52 82 22 139 8 128 12 169 103 106 56 26 100 2 128
109 85 89 67 49 126 124 4 144 16 99 75 20 17 94 148 164 78 124 91 161 138 121 51 45 64 121 38 3 56 167 99 66 116 8 126 120 161 26 22 44 11 166 154 114 102 153 124 90 85 26 12 92 102 125 32 170 91 131 96 2 79 96 106 63 121 85 14 146 108 62 102 76 160 34 161 69 130 159 5 87 102 60 22 146 17 57 118 16 107 55 163 21 22 12 93 149 35 81 66 163 35 94 167 98 90 5 167 44 14 158 25 41 165 115 42 125 100 13 40 82 169 96 142 120 27 75 48 155 16 14 78 10 91 119 110 35 102 8 110 70 68 130 43 14 67 13 84 151 101 154 168 47 22 16 56 83 9 166 47 116 23 31 156 110 24 32 84 138 121
11 158 34 142 161 167 32 84 44 82 145 15 52 138 85 95 65 11 82 119 94 89 137 138 53 22 161 30 79 101 127 51 92 18 28 56 94 106 24 142 9 78 10 108 67 5 46 59 105 84 50 165 57 112 17 74 65 123 95 70 83 86 72 21 61 147 17 136 132 20 170 152 16 5 92 65 93 56 80 36 139 49 32 80 73 138 138 23 93 78 65 158 79 76 70 6 155 114 100 70 115 43 56 91 75 87 61 79 30 125 137 131 84 103 40 60 101 75 38 168 133 88 129 106 138 143 111 84 130 20 134 130 37 161 127 58 28 123 145 122 106 11 69 73 70 85 168 3 47 100 162 105 118 68 90 53 104 89 39 145 77 15 143 143 148 89 133 8 51 125
100 9 42 25 88 90 129 61 28 115 104 75 32 79 163 20 50 153 162 109 1 117 119 116 55 28 161 147 38 43 51 143 143 88 73 62 122 12 76 108 14 149 150 33 40 17 114 3 55 120 5 156 33 74 1 112 75 137 161 29 53 6 88 50 63 20 77 50 166 10 120 160 117 84 32 24 11 138 123 117 159 56 13 100 56 27 106 159 32 41 5 46 10 30 52 74 74 28 119 114 86 123 3 1 158 131 26 121 93 44 160 133 76 13 144 69 160 142 40 165 52 28 94 115 148 87 33 137 6 153 42 69 130 96 134 121 82 49 158 87 120 108 116 86 55 76 134 64 60 84 66 105 121 137 61 114 17 112 159 86 151 27 64 15 48 100 127 86 15 2
54 46 146 37 102 99 76 27 42 137 39 3 168 145 101 80 82 129 101 76 48 92 103 21 161 166 160 165 16 121 20 109 101 165 134 23 8 6 52 94 156 147 154 140 115 72 75 11 92 148 84 50 73 16 43 13 23 47 6 63 87 131 40 136 93 17 157 65 72 45 92 66 100 122 164 141 60 13 124 51 28 98 74 64 2 35 21 140 149 78 87 113 13 116 30 16 78 123 51 133 4 19 9 103 154 163 17 15 133 165 141 169 52 166 10 42 136 37 146 121 85 90 158 103 20 123 126 120 39 82 86 69 88 154 114 73 148 6 82 24 92 14 67 60 80 64 22 88 137 81 97 158 167 15 170 107 9 93 15 105 139 51 64 79 117 79 66 26 156 112
149 81 39 98 133 1 105 50 153 84 33 101 124 3 168 31 85 48 156 52 11 14 65 160 19 25 163 167 146 4 18 7 71 52 30 19 83 28 24 49 19 127 125 77 12 6 91 126 87 3 132 2 88 142 85 69 129 110 136 2 35 152 119 123 104 165 154 16 150 157 20 29 90 92 6 164 99 94 41 130 100 57 151 47 138 81 118 54 8 168 160 13 158 27 134 96 120 162 82 70 91 117 170 93 11 69 111 134 84 136 115 35 118 55 71 63 152 168 51 40 9 156 153 30 131 54 106 100 162 65 162 6 44 54 48 21 16 152 150 25 158 144 124 110 124 31 157 85 58 151 147 107 161 87 66 16 34 102 128 65 141 27 148 135 95 74 82 97 15 81
161 106 148 13 143 112 136 20 120 28 116 7 167 18 25 71 29 25 125 33 153 60 121 92 19 105 97 64 156 114 25 159 46 101 25 80 136 116 71 149 114 147 109 126 140 116 49 42 24 68 125 7 29 67 24 76 45 19 122 61 90 129 14 74 112 162 84 42 149 85 38 137 26 61 125 70 81 27 163 170 80 59 42 54 4 113 53 122 114 70 62 71 41 5 145 39 110 70 144 159 122 14 34 89 57 63 147 114 73 54 58 67 134 147 20 89 146 14 5 127 156 57 116 122 57 84 63 163 23 37 170 102 11 3 89 100 157 25 59 113 73 99 123 100 92 147 95 132 128 148 42 91 139 65 111 104 86 67 102 2 95 114 60 38 22 74 70 88 127 161
34 56 87 157 146 128 149 79 162 24 92 149 78 158 122 13 90 71 49 84 159 89 123 57 40 104 68 166 33 151 107 66 136 41 97 24 38 32 126 131 136 99 61 155 157 135 107 17 5 68 45 5 132 79 34 104 78 1 47 165 127 24 91 154 160 151 144 132 155 57 71 163 124 6 118 136 59 76 59 115 21 76 129 49 64 74 29 110 97 113 64 80 68 11 28 105 166 77 75 74 32 33 28 129 156 104 169 146 38 5 170 149 148 62 83 23 85 67 24 100 70 147 160 6 42 59 91 166 91 145 96 163 132 119 142 87 2 135 152 97 153 7 103 5 13 2 40 60 77 96 69 155 145 53 51 53 63 105 127 149 120 12 59 170 49 115 145 82 103 57
139 153 68 21 168 23 100 8 164 148 56 11 134 159 119 30 112 167 11 98 126 80 56 94 112 71 168 118 32 78 28 123 40 36 10 87 9 102 88 92 155 23 85 26 8 123 9 163 88 44 170 75 74 114 7 156 74 95 114 92 32 123 25 59 11 31 57 168 138 28 3 117 103 42 114 56 97 124 66 112 122 133 145 88 38 170 152 40 163 135 141 162 52 169 156 14 115 60 159 163 40 86 66 169 141 65 116 59 88 110 118 127 51 83 27 135 70 9 2 115 29 31 126 123 16 36 14 41 103 153 145 129 79 19 53 3 108 98 134 18 128 118 12 84 24 51 89 42 142 131 46 24 26 90 107 118 21 78 150 35 3 99 112 4 66 136 134 88 47 119
168 118 32 13 105 154 159 135 8 157 54 156 121 150 1 160 92 77 144 167 68 6 32 164 60 123 162 107 165 70 20 80 114 15 43 47 47 40 13 3 16 24 40 117 87 153 102 109 67 51 86 85 112 54 14 122 98 12 135 69 15 17 3 11 92 85 109 164 167 129 116 115 14 14 69 95 78 77 149 5 47 168 9 77 140 84 149 29 159 63 105 111 7 114 88 163 35 53 132 162 145 82 60 96 52 124 113 98 66 38 107 160 22 127 6 165 158 75 73 144 93 54 161 112 59 38 18 120 93 152 13 142 45 39 132 166 163 155 65 86 105 39 148 66 27 126 111 117 61 159 126 2 53 106 106 29 31 99 99 22 37 83 113 78 35 147 161 48 71 153
124 140 113 43 112 97 150 28 68 151 162 56 160 17 17 14 117 4 87 13 165 165 104 66 115 18 32 169 98 169 114 9 20 120 72 58 97 93 164 48 157 89 142 3 37 70 4 4 164 28 47 107 104 27 149 116 14 79 25 38 30 43 125 73 116 1 19 102 62 145 132 162 145 34 168 56 104 141 39 72 101 71 92 85 99 46 149 7 141 137 160 122 17 107 141 77 86 77 116 78 64 12 38 151 110 19 35 166 117 31 98 82 15 26 62 27 56 91 89 141 127 33 167 142 152 18 91 143 107 37 7 62 71 9 68 39 97 135 107 162 25 55 36 59 103 86 162 133 163 132 22 146 123 12 160 65 51 109 118 88 11 74 22 16 17 161 76 103 21 148
90 149 1 100 129 78 5 76 58 61 59 127 161 22 115 88 64 167 27 113 58 19 123 21 75 169 123 142 52 20 87 23 85 28 129 42 28 18 144 12 77 70 34 91 7 5 33 37 107 42 147 95 124 29 152 141 162 26 118 45 28 36 68 160 86 53 120 162 17 56 131 64 39 79 24 120 26 137 143 1 170 144 77 144 84 144 164 129 121 17 41 122 155 107 8 2 123 105 91 2 62 122 87 69 87 116 19 151 66 155 132 45 103 107 68 107 159 134 157 77 67 95 87 89 64 27 101 20 90 28 51 68 30 53 88 143 118 67 86 104 18 39 40 31 66 38 165 164 32 153 159 28 45 148 9 20 112 156 137 159 21 30 100 157 37 39 92 149 75 134
88 110 48 14 56 16 11 78 143 126 72 75 62 133 84 4 133 108 35 140 162 146 134 58 166 140 130 86 155 34 108 147 59 98 116 92 89 168 82 144 162 135 14 17 150 143 159 114 128 19 147 39 7 22 38 63 131 116 64 107 146 145 106 54 126 29 169 113 88 93 9 166 81 93 20 153 52 160 96 92 1 54 98 28 155 10 116 59 138 71 80 122 105 45 70 68 41 151 84 66 112 133 65 64 60 41 67 24 148 15 153 7 117 39 138 147 135 95 54 101 30 134 6 41 56 112 169 59 1 73 23 76 132 114 41 149 85 130 78 2 156 169 76 160 128 24 6 19 71 74 66 85 144 106 110 75 101 158 164 32 68 150 88 29 122 92 107 125 35 64
18 64 88 150 39 128 114 145 53 68 5 74 62 48 142 46 42 75 56 147 29 159 169 56 145 160 20 106 128 56 110 90 100 136 7 39 160 35 152 151 149 128 41 105 161 74 137 63 161 74 154 139 47 80 156 124 101 113 106 131 101 71 94 32 63 166 168 119 131 135 95 10 150 13 112 152 80 122 49 117 154 72 10 134 132 114 122 63 19 133 12 148 126 42 101 102 41 39 10 145 94 67 48 143 14 64 145 12 25 95 60 80 168 59 169 163 1 79 144 20 89 128 105 63 77 68 72 87 10 21 85 20 46 149 87 34 145 34 17 33 124 153 73 50 90 154 87 71 76 90 131 16 124 154 113 109 58 34 76 13 19 17 3 149 79 14 26 124 165 151
60 103 128 91 139 99 57 146 120 85 71 142 126 95 65 62 88 125 24 109 31 161 76 10 24 48 41 14 130 44 82 75 103 115 42 84 82 91 11 34 42 15 62 119 141 46 138 142 136 2 105 22 160 29 78 56 95 134 90 20 151 97 66 131 146 135 155 1 97 25 9 147 125 161 163 109 95 121 148 48 52 88 88 126 80 68 10 18 137 126 84 81 120 168 129 20 134 6 146 130 146 164 27 9 82 89 144 80 26 55 73 79 64 84 127 154 166 129 102 32 104 47 60 89 93 160 138 45 141 153 115 159 52 150 32 130 50 168 79 48 162 18 92 62 159 136 34 70 167 126 15 130 53 18 53 71 53 84 165 38 17 101 87 17 162 96 70 166 115 4
37 20 145 158 152 43 15 167 163 67
81
