900 900 200
22 648 1
678 299 2
27 457 3
256 64 4
394 732 5
146 140 6
660 260 7
250 606 8
607 715 9
51 526 10
584 242 11
855 451 12
896 426 13
592 386 14
842 33 15
108 272 16
70 78 17
733 552 18
563 346 19
435 796 20
855 285 21
40 277 22
134 316 23
371 707 24
510 628 25
375 162 26
752 243 27
606 227 28
896 626 29
737 329 30
442 741 31
312 817 32
528 154 33
810 751 34
282 319 35
500 251 36
867 199 37
675 618 38
875 453 39
397 271 40
896 813 41
152 576 42
110 540 43
274 523 44
497 300 45
442 669 46
1 428 47
108 862 48
625 581 49
334 131 50
243 22 51
292 193 52
474 288 53
656 413 54
354 463 55
467 874 56
431 217 57
223 204 58
531 802 59
874 356 60
434 259 61
492 583 62
439 589 63
123 473 64
373 876 65
737 44 66
136 622 67
781 3 68
800 872 69
190 655 70
199 340 71
239 821 72
346 28 73
65 772 74
385 368 75
489 198 76
545 79 77
108 70 78
313 474 79
815 373 80
640 362 81
261 513 82
40 698 83
883 58 84
72 160 85
284 315 86
329 520 87
27 885 88
705 369 89
628 235 90
168 541 91
586 143 92
497 348 93
471 361 94
2 104 95
325 275 96
851 40 97
267 302 98
46 855 99
388 69 100
22 504 101
463 168 102
756 879 103
586 196 104
150 587 105
143 330 106
71 23 107
158 716 108
65 284 109
453 614 110
664 651 111
236 264 112
671 663 113
189 678 114
155 80 115
60 55 116
581 764 117
471 705 118
743 5 119
753 811 120
703 830 121
590 61 122
293 699 123
111 458 124
178 314 125
533 668 126
452 467 127
345 342 128
1 773 129
767 124 130
491 562 131
676 646 132
52 313 133
226 518 134
228 538 135
410 824 136
538 326 137
837 261 138
198 808 139
819 378 140
140 383 141
104 767 142
412 843 143
72 722 144
595 72 145
519 595 146
646 66 147
536 350 148
857 191 149
448 804 150
625 282 151
409 333 152
732 873 153
764 153 154
777 731 155
50 401 156
687 586 157
273 747 158
284 310 159
415 180 160
533 327 161
440 894 162
86 853 163
321 515 164
431 850 165
180 719 166
108 760 167
63 95 168
524 629 169
643 774 170
739 613 171
426 858 172
11 537 173
559 566 174
313 281 175
50 213 176
412 136 177
433 273 178
155 686 179
880 508 180
22 109 181
421 376 182
671 189 183
119 222 184
689 89 185
628 799 186
537 754 187
96 216 188
60 122 189
463 568 190
212 422 191
570 367 192
223 8 193
681 110 194
872 12 195
590 460 196
400 645 197
525 854 198
705 517 199
463 155 200
559 37 1
374 462 2
7 450 3
4 107 4
474 233 5
753 256 6
698 637 7
37 371 8
803 338 9
572 224 10
167 132 11
7 399 12
118 780 13
670 664 14
83 409 15
342 497 16
446 660 17
589 47 18
377 492 19
617 359 20
220 575 21
366 793 22
340 771 23
374 307 24
410 283 25
342 770 26
614 174 27
717 688 28
896 652 29
726 635 30
237 510 31
354 489 32
269 768 33
341 351 34
408 123 35
410 404 36
658 478 37
609 867 38
860 16 39
705 17 40
559 471 41
894 632 42
854 507 43
452 558 44
881 56 45
670 320 46
191 87 47
72 638 48
349 144 49
189 466 50
89 636 51
141 588 52
742 494 53
683 117 54
78 597 55
292 809 56
692 391 57
65 775 58
257 701 59
687 511 60
391 897 61
1 564 62
415 292 63
152 810 64
268 398 65
682 812 66
44 244 67
469 530 68
426 405 69
191 420 70
345 152 71
137 495 72
53 226 73
433 250 74
700 461 75
310 211 76
659 658 77
469 415 78
745 765 79
249 763 80
334 221 81
168 45 82
390 207 83
325 604 84
671 691 85
270 603 86
354 304 87
659 880 88
94 253 89
623 138 90
728 30 91
239 179 92
329 159 93
677 531 94
814 892 95
811 161 96
128 694 97
595 488 98
236 633 99
659 757 100
582 48 101
573 175 102
586 825 103
254 612 104
893 423 105
37 19 106
60 882 107
439 392 108
275 230 109
602 484 110
721 548 111
390 91 112
671 573 113
6 662 114
594 20 115
185 886 116
345 417 117
764 228 118
113 542 119
498 524 120
707 92 121
145 402 122
867 274 123
328 10 124
680 165 125
811 130 126
497 234 127
489 366 128
484 447 129
626 452 130
575 424 131
709 294 132
726 328 133
80 641 134
549 208 135
749 877 136
867 591 137
875 834 138
518 100 139
273 225 140
878 819 141
445 287 142
445 172 143
843 295 144
544 667 145
366 74 146
737 430 147
361 509 148
193 278 149
857 343 150
659 857 151
328 866 152
71 169 153
592 891 154
463 785 155
167 895 156
829 841 157
640 611 158
762 776 159
321 803 160
659 703 161
48 642 162
570 868 163
80 2 164
519 550 165
363 276 166
595 544 167
13 846 168
239 365 169
313 670 170
832 135 171
315 522 172
606 806 173
131 738 174
498 580 175
191 438 176
114 127 177
245 506 178
570 239 179
552 297 180
671 94 181
859 181 182
343 309 183
747 481 184
617 476 185
274 113 186
46 717 187
63 385 188
491 336 189
579 682 190
351 332 191
323 704 192
376 139 193
334 598 194
825 238 195
572 128 196
392 192 197
658 83 198
337 742 199
531 734 200
143 308 1
377 27 2
811 237 3
273 414 4
799 826 5
679 387 6
811 898 7
426 325 8
363 445 9
693 565 10
571 115 11
592 249 12
478 347 13
583 828 14
287 887 15
354 871 16
678 521 17
803 847 18
341 171 19
549 190 20
646 370 21
445 735 22
391 547 23
753 500 24
346 607 25
575 797 26
867 296 27
329 52 28
404 229 29
611 431 30
464 482 31
595 469 32
361 425 33
325 394 34
697 142 35
573 141 36
177 493 37
40 721 38
721 60 39
815 783 40
56 396 41
800 687 42
809 883 43
675 206 44
542 305 45
178 312 46
683 696 47
654 148 48
238 255 49
678 743 50
745 893 51
532 75 52
298 116 53
666 150 54
412 245 55
563 331 56
871 29 57
791 11 58
191 218 59
377 444 60
372 158 61
753 737 62
476 98 63
50 875 64
882 317 65
753 449 66
345 246 67
171 869 68
234 118 69
342 25 70
715 900 71
809 571 72
347 702 73
152 724 74
765 286 75
269 134 76
744 15 77
787 836 78
454 860 79
463 609 80
508 654 81
687 755 82
792 248 83
342 147 84
775 673 85
334 766 86
485 289 87
1 337 88
300 739 89
880 584 90
52 656 91
189 200 92
800 600 93
232 252 94
123 407 95
344 379 96
764 68 97
419 650 98
172 166 99
442 490 100
608 512 101
626 563 102
592 710 103
23 170 104
372 590 105
488 21 106
567 344 107
288 9 108
175 263 109
167 502 110
135 195 111
354 640 112
659 677 113
498 220 114
466 437 115
491 188 116
773 725 117
40 888 118
349 740 119
478 440 120
559 593 121
516 786 122
764 119 123
862 842 124
775 90 125
791 602 126
849 483 127
250 65 128
125 535 129
292 129 130
810 661 131
676 546 132
89 126 133
125 683 134
37 173 135
159 491 136
742 439 137
791 456 138
199 899 139
485 676 140
487 649 141
717 389 142
639 749 143
394 878 144
463 745 145
739 790 146
570 353 147
354 448 148
899 400 149
745 472 150
100 794 151
388 837 152
426 311 153
381 133 154
15 298 155
37 789 156
379 527 157
871 634 158
70 730 159
759 96 160
363 416 161
882 435 162
758 844 163
341 183 164
433 1 165
431 572 166
407 322 167
680 384 168
515 442 169
44 498 170
857 53 171
60 536 172
171 105 173
46 85 174
329 6 175
668 247 176
340 863 177
491 411 178
176 532 179
288 441 180
293 177 181
53 750 182
386 112 183
658 787 184
448 232 185
128 695 186
6 791 187
123 184 188
726 781 189
675 553 190
824 827 191
506 831 192
855 689 193
588 429 194
15 852 195
245 585 196
463 680 197
377 720 198
809 557 199
378 665 200
567 265 1
250 390 2
256 822 3
54 236 4
626 533 5
559 421 6
250 214 7
831 470 8
324 693 9
811 579 10
40 406 11
345 675 12
581 838 13
566 418 14
207 621 15
632 835 16
391 577 17
774 608 18
248 301 19
145 486 20
367 713 21
18 454 22
452 97 23
273 782 24
714 861 25
720 761 26
27 777 27
590 86 28
553 480 29
385 7 30
72 102 31
519 840 32
347 625 33
867 178 34
433 364 35
349 352 36
813 114 37
72 792 38
891 833 39
550 487 40
585 397 41
791 617 42
700 528 43
707 395 44
264 13 45
654 569 46
625 57 47
880 258 48
765 339 49
270 479 50
811 623 51
709 31 52
23 666 53
65 807 54
737 412 55
463 762 56
811 610 57
367 697 58
875 71 59
346 54 60
699 501 61
545 210 62
340 219 63
39 215 64
830 266 65
73 816 66
462 864 67
721 551 68
354 744 69
345 753 70
206 567 71
180 485 72
302 746 73
613 67 74
799 73 75
169 545 76
867 41 77
394 475 78
469 570 79
471 815 80
433 718 81
856 223 82
50 849 83
7 111 84
94 549 85
410 403 86
899 870 87
118 434 88
691 257 89
287 125 90
500 410 91
601 88 92
155 334 93
611 709 94
452 788 95
410 881 96
80 291 97
442 137 98
116 748 99
584 306 100
888 318 101
423 615 102
426 349 103
498 280 104
141 267 105
203 465 106
737 354 107
623 163 108
122 38 109
210 357 110
87 727 111
559 382 112
679 631 113
44 692 114
415 388 115
362 798 116
84 231 117
809 848 118
250 464 119
682 795 120
840 653 121
789 455 122
334 543 123
640 372 124
304 209 125
881 733 126
81 101 127
765 800 128
726 51 129
319 106 130
475 477 131
630 432 132
108 620 133
369 839 134
891 690 135
33 529 136
23 43 137
478 890 138
806 706 139
488 674 140
433 756 141
453 63 142
487 514 143
486 36 144
837 714 145
44 630 146
509 187 147
345 736 148
586 685 149
496 729 150
313 679 151
670 120 152
773 534 153
73 202 154
409 121 155
93 865 156
361 443 157
230 446 158
423 355 159
345 643 160
889 859 161
576 50 162
623 146 163
896 408 164
415 18 165
896 324 166
564 818 167
500 167 168
506 290 169
685 784 170
726 752 171
606 889 172
787 182 173
573 26 174
382 436 175
787 321 176
324 377 177
354 108 178
354 93 179
288 555 180
81 823 181
121 884 182
519 194 183
811 46 184
223 647 185
198 381 186
421 639 187
840 851 188
6 145 189
818 240 190
489 39 191
469 433 192
234 205 193
113 32 194
756 84 195
56 769 196
415 592 197
431 241 198
471 832 199
172 49 200
811 896 1
135 582 2
363 293 3
807 82 4
570 269 5
427 574 6
471 499 7
707 496 8
345 519 9
167 856 10
836 62 11
306 323 12
816 197 13
609 303 14
836 723 15
758 700 16
726 672 17
228 503 18
557 76 19
711 360 20
775 99 21
634 24 22
845 14 23
498 505 24
61 845 25
896 671 26
789 268 27
687 619 28
293 77 29
866 820 30
492 468 31
159 151 32
659 681 33
558 380 34
344 186 35
451 203 36
594 254 37
501 554 38
377 759 39
576 393 40
733 708 41
320 374 42
691 601 43
887 4 44
658 201 45
371 778 46
753 262 47
625 561 48
693 594 49
453 212 50
272 559 51
515 644 52
363 805 53
834 185 54
195 657 55
203 726 56
319 358 57
579 35 58
20 59 59
724 711 60
385 560 61
658 758 62
669 34 63
28 627 64
324 419 65
884 287 66
550 605 67
391 149 68
510 814 69
343 335 70
53 525 71
877 596 72
264 578 73
632 341 74
158 279 75
94 556 76
108 728 77
394 176 78
122 829 79
32 599 80
274 801 81
745 157 82
595 624 83
279 427 84
443 103 85
699 42 86
394 270 87
753 659 88
420 164 89
567 779 90
145 375 91
792 516 92
168 459 93
860 684 94
435 712 95
321 156 96
832 81 97
345 363 98
90 616 99
473 539 100
