2900 2900 200
241 1586 1
104 296 2
21 789 3
2785 2567 4
464 300 5
431 2034 6
1298 11 7
425 1520 8
1447 2298 9
373 664 10
1001 667 11
2858 1031 12
148 1236 13
325 2378 14
2574 112 15
431 54 16
2376 1431 17
1491 1700 18
1084 1043 19
2804 1821 20
1481 1887 21
2634 1956 22
1125 2644 23
2848 2500 24
2397 1882 25
403 1805 26
2075 1635 27
598 2531 28
1528 405 29
2776 1462 30
1332 2112 31
2471 1144 32
1358 2031 33
647 2018 34
2152 1393 35
2822 1585 36
2436 934 37
1888 2557 38
1268 1818 39
566 2723 40
1551 1001 41
1426 2471 42
2213 1023 43
1032 2534 44
2733 387 45
821 490 46
1567 683 47
624 640 48
136 2294 49
1999 255 50
1432 1430 51
238 669 52
61 2861 53
569 349 54
860 518 55
385 1352 56
568 1964 57
2418 1661 58
1317 1982 59
819 1158 60
238 2135 61
793 1822 62
1284 1860 63
606 1313 64
2687 1146 65
1513 663 66
1158 1035 67
2174 1267 68
1772 1667 69
1523 923 70
2025 2335 71
1658 26 72
615 190 73
912 2594 74
1446 1299 75
2419 1103 76
1309 1319 77
1865 1227 78
647 2777 79
1863 2472 80
2092 1711 81
430 863 82
1325 1276 83
1121 1234 84
2845 1260 85
397 2661 86
697 1778 87
2816 2318 88
382 1422 89
2815 1333 90
504 549 91
2332 1913 92
1113 1807 93
395 601 94
882 1773 95
2216 211 96
1631 1157 97
1099 116 98
1831 1678 99
1481 1595 100
1220 1783 101
586 1842 102
1190 2489 103
968 324 104
765 433 105
2701 128 106
1529 1762 107
2683 2390 108
1016 754 109
602 1051 110
1019 2617 111
2456 904 112
1929 2516 113
848 2866 114
1305 837 115
2611 2559 116
565 1646 117
1325 1689 118
711 2589 119
1714 606 120
689 1543 121
2811 471 122
2397 2143 123
79 1009 124
1761 2450 125
2025 1723 126
491 2271 127
1390 673 128
1987 1206 129
2244 105 130
2379 2204 131
1937 1683 132
1940 1974 133
2396 2393 134
215 222 135
383 1216 136
761 1322 137
2783 1136 138
1874 39 139
1218 2087 140
2897 2105 141
1531 2764 142
1663 577 143
1305 1217 144
877 1952 145
1770 1265 146
1115 1366 147
2326 1707 148
2119 2279 149
1928 2206 150
2116 2424 151
887 1734 152
1294 886 153
365 2292 154
765 155 155
66 712 156
2556 320 157
2389 1443 158
2131 1413 159
2679 528 160
2332 2544 161
1142 452 162
1068 2692 163
1060 2414 164
1535 1160 165
2230 150 166
2256 2894 167
811 2667 168
2353 1495 169
2364 2713 170
1283 1320 171
231 291 172
2297 1300 173
1600 728 174
898 1588 175
2203 1387 176
2873 2310 177
2659 1621 178
1539 1572 179
1614 1228 180
2436 2674 181
2702 2596 182
878 1674 183
488 177 184
2339 2797 185
842 1424 186
2754 2224 187
1247 484 188
635 339 189
1197 1369 190
46 2389 191
688 2201 192
243 1345 193
1940 1111 194
138 127 195
302 1600 196
347 978 197
1770 2654 198
159 2785 199
1753 2665 200
734 1018 1
148 2339 2
884 1264 3
348 2707 4
1792 1072 5
724 2420 6
2861 408 7
588 2384 8
2240 2152 9
2468 83 10
1071 2790 11
2230 2086 12
1061 806 13
2037 2791 14
1446 365 15
703 1209 16
1069 542 17
1886 595 18
243 1132 19
2602 2191 20
834 2064 21
83 1110 22
1323 284 23
1249 1081 24
2014 107 25
2499 1546 26
220 2392 27
852 2863 28
1793 1918 29
2838 1719 30
1121 1441 31
1208 2629 32
636 1494 33
295 2038 34
430 843 35
2882 86 36
2548 1161 37
615 2771 38
837 1702 39
2776 1568 40
2605 2415 41
578 142 42
2041 1503 43
1495 632 44
1446 1535 45
2587 753 46
767 1185 47
1328 880 48
2055 393 49
2596 226 50
2064 936 51
2115 108 52
455 1920 53
1768 564 54
1145 1593 55
892 153 56
1195 2391 57
1654 2478 58
158 493 59
1036 2178 60
589 99 61
1823 1365 62
1824 1866 63
2564 569 64
1972 2681 65
2367 921 66
2517 162 67
975 1876 68
1477 2100 69
2751 1731 70
863 1929 71
2891 621 72
204 2302 73
2125 2360 74
597 1454 75
179 192 76
1451 1977 77
856 75 78
2724 1176 79
358 477 80
926 2609 81
1204 956 82
1969 1565 83
510 2504 84
1616 2836 85
1040 2506 86
1396 1576 87
1993 1055 88
692 713 89
357 871 90
1488 2754 91
2487 2613 92
1640 41 93
1140 989 94
2368 2041 95
2356 1297 96
1507 2711 97
1993 2621 98
1972 937 99
2723 2291 100
2406 179 101
2025 437 102
1263 1359 103
388 1875 104
210 481 105
2195 2410 106
2437 2256 107
827 1844 108
1675 152 109
2722 146 110
2367 1753 111
1221 189 112
636 397 113
210 596 114
648 2026 115
2573 2801 116
2643 2326 117
230 942 118
1090 184 119
438 1263 120
1361 2773 121
1325 510 122
1390 2156 123
1484 947 124
898 1644 125
2160 990 126
182 1467 127
250 2185 128
857 2600 129
1981 1856 130
157 1803 131
2406 2488 132
2693 1497 133
1869 1444 134
2237 1699 135
737 1925 136
1111 1708 137
2822 2266 138
1482 31 139
2528 1140 140
827 404 141
2088 1177 142
2440 1078 143
733 2883 144
979 212 145
1426 1010 146
2178 1615 147
2295 131 148
1411 1340 149
2620 1846 150
589 436 151
1281 560 152
2770 2555 153
351 81 154
2897 827 155
806 1569 156
2331 1336 157
1705 578 158
2074 1076 159
2609 1464 160
402 935 161
2419 2577 162
1637 1058 163
1702 1780 164
428 283 165
818 2756 166
1844 1181 167
1289 1757 168
965 2750 169
227 1169 170
1152 238 171
542 2658 172
2612 1279 173
444 678 174
834 2809 175
636 138 176
1256 1272 177
1001 2408 178
443 2348 179
1447 2225 180
894 987 181
2339 1746 182
2338 2535 183
1340 1592 184
1569 2484 185
1768 2468 186
821 716 187
1688 2431 188
1033 395 189
2659 1915 190
2246 1531 191
2104 91 192
1097 2585 193
2560 1472 194
2058 1190 195
1378 369 196
125 2173 197
2891 733 198
1132 1584 199
804 475 200
189 2882 1
1383 2865 2
1018 336 3
1104 1771 4
383 2639 5
194 2268 6
2144 2295 7
2606 2050 8
2891 2354 9
811 2426 10
1599 926 11
218 918 12
863 1496 13
430 2244 14
2537 1029 15
1234 1285 16
628 1769 17
1531 385 18
1598 580 19
2611 1126 20
1622 2320 21
2272 2022 22
726 195 23
319 1230 24
834 648 25
592 737 26
2051 1440 27
741 676 28
624 571 29
2533 1373 30
2306 924 31
2486 1921 32
2736 2159 33
1302 822 34
825 1368 35
420 1662 36
827 2487 37
608 613 38
1832 587 39
2424 2835 40
1970 2568 41
1106 626 42
2751 1738 43
1259 1666 44
139 2540 45
2500 985 46
2533 2676 47
441 951 48
1140 2416 49
341 682 50
2792 345 51
2316 1764 52
2724 2089 53
1888 1316 54
837 16 55
1215 495 56
650 609 57
1972 307 58
898 335 59
371 702 60
2328 2218 61
2091 2067 62
392 10 63
1103 1847 64
563 715 65
255 213 66
32 507 67
742 2186 68
239 1499 69
1574 1654 70
1617 1304 71
1919 2851 72
2679 1618 73
2260 659 74
968 2147 75
2681 1179 76
296 2108 77
2617 1582 78
375 583 79
811 420 80
2470 1682 81
1001 1991 82
156 2189 83
1541 2822 84
1735 2886 85
184 98 86
960 1098 87
1676 1192 88
1116 2735 89
1584 1799 90
1915 824 91
1166 2329 92
431 558 93
265 1332 94
2835 1449 95
2293 28 96
369 671 97
2125 1538 98
856 1763 99
1236 565 100
1758 154 101
879 457 102
1218 792 103
8 323 104
452 1147 105
1331 2533 106
2122 1213 107
2047 1534 108
1733 2033 109
336 1400 110
70 2073 111
1099 30 112
2874 2634 113
1595 1897 114
2823 2856 115
448 422 116
2390 1321 117
395 2766 118
1333 2899 119
1193 1560 120
1381 1657 121
1155 1488 122
1215 760 123
469 2396 124
1464 1159 125
1609 407 126
564 1039 127
127 1171 128
1236 2845 129
1350 1605 130
766 1375 131
151 1896 132
2105 1748 133
10 1086 134
2074 2442 135
949 2140 136
1097 1245 137
2634 1951 138
123 1911 139
1343 1659 140
2104 1802 141
2129 690 142
1021 476 143
2333 102 144
1234 2580 145
473 2399 146
2359 657 147
243 2858 148
66 250 149
1085 1902 150
852 1602 151
1574 78 152
1050 915 153
111 469 154
420 87 155
2601 938 156
898 1197 157
2109 1879 158
1373 378 159
2596 929 160
1461 969 161
392 426 162
638 1941 163
532 2056 164
911 467 165
619 799 166
1882 2255 167
1217 2 168
314 1439 169
66 1119 170
472 2015 171
1049 2653 172
1439 748 173
2151 2868 174
1565 1262 175
1416 2627 176
1531 2211 177
348 274 178
1430 1884 179
967 749 180
2272 1901 181
224 2435 182
1156 1041 183
793 2469 184
2260 534 185
376 654 186
878 1303 187
788 1857 188
187 1550 189
2379 165 190
2406 1278 191
960 2772 192
2692 563 193
519 2127 194
2651 2059 195
1422 1623 196
525 158 197
858 504 198
1315 917 199
1410 403 200
2814 2212 1
278 2423 2
1295 1040 3
2391 1334 4
1586 1012 5
223 855 6
1006 260 7
1738 2202 8
2651 2755 9
469 468 10
1563 2262 11
619 2284 12
463 483 13
1705 2799 14
2722 217 15
1769 1067 16
2352 1827 17
1010 2379 18
472 2554 19
406 2803 20
1551 109 21
425 2134 22
9 2239 23
1283 2536 24
1246 1874 25
2025 813 26
1218 896 27
2779 709 28
1473 584 29
22 1069 30
1933 1817 31
812 738 32
733 1770 33
2517 2514 34
2000 860 35
679 2641 36
1008 2841 37
1999 986 38
637 1417 39
2612 2550 40
1494 2479 41
1901 2023 42
987 2465 43
829 944 44
1305 2729 45
785 2013 46
2027 121 47
592 1514 48
1143 221 49
2171 874 50
2722 1994 51
2605 1554 52
1493 2725 53
1595 2823 54
179 334 55
1124 2005 56
324 2269 57
581 1909 58
529 818 59
2024 2309 60
1760 135 61
269 13 62
187 1 63
1704 1290 64
1361 2114 65
959 1117 66
783 966 67
1477 1125 68
2847 1989 69
1827 1354 70
1494 1619 71
544 964 72
2629 1107 73
964 2507 74
2355 1207 75
90 231 76
5 643 77
1624 313 78
2335 2163 79
2137 1092 80
1426 267 81
1820 1755 82
1894 2236 83
18 1175 84
424 788 85
2211 1516 86
452 2745 87
2656 2813 88
2415 2698 89
438 2603 90
816 1461 91
2839 2581 92
2291 1475 93
2786 2649 94
2362 805 95
113 1070 96
2831 701 97
2823 562 98
1217 2397 99
356 670 100
532 1984 101
837 1115 102
1490 762 103
2402 983 104
939 982 105
2064 519 106
1999 2061 107
2882 350 108
2270 2538 109
249 1469 110
1199 1410 111
712 1904 112
16 1553 113
1933 2162 114
231 2208 115
2067 724 116
2722 1032 117
878 1939 118
2781 2021 119
1427 890 120
448 868 121
593 1606 122
670 752 123
2605 2249 124
1736 1883 125
2733 2789 126
1010 597 127
2222 899 128
2482 1986 129
1627 1933 130
2117 2368 131
736 2337 132
206 1987 133
559 458 134
1999 2722 135
1790 364 136
733 315 137
1962 1940 138
1504 1855 139
1984 531 140
1231 2282 141
59 2019 142
1212 2434 143
264 239 144
2126 35 145
2365 2303 146
942 2521 147
559 367 148
1047 2482 149
1950 2740 150
1466 1248 151
1510 33 152
2043 2565 153
1795 2885 154
2481 2376 155
32 241 156
926 2052 157
641 1717 158
2533 2228 159
814 1003 160
986 2146 161
2406 1759 162
397 188 163
2006 629 164
204 1270 165
1097 1691 166
2501 1563 167
1397 2526 168
456 1597 169
2043 2898 170
2722 1870 171
424 2693 172
248 1088 173
628 1474 174
1416 2818 175
1376 234 176
256 2088 177
201 1541 178
1003 2595 179
2365 2518 180
744 2157 181
2348 2095 182
1848 732 183
2547 553 184
1773 1547 185
389 1212 186
834 888 187
2710 2511 188
959 2705 189
229 972 190
2341 361 191
542 573 192
2151 2738 193
1659 1953 194
2047 1163 195
2003 1747 196
1090 2769 197
431 225 198
2198 384 199
722 80 200
54 22 1
2376 1745 2
1217 2605 3
361 2413 4
2519 2439 5
319 588 6
2419 2025 7
1450 2438 8
2866 2490 9
1676 620 10
1432 2659 11
1305 3 12
2520 522 13
856 453 14
1716 1141 15
1061 1885 16
1148 894 17
2602 800 18
908 997 19
2718 1742 20
893 2699 21
1927 1457 22
2690 1491 23
1354 1916 24
1817 2118 25
1183 456 26
289 2346 27
1104 160 28
659 1651 29
733 1187 30
2138 1002 31
2042 1601 32
1618 1054 33
1874 2097 34
990 2485 35
1380 1923 36
702 2703 37
1479 823 38
1256 884 39
1498 2763 40
2135 559 41
2729 1528 42
980 42 43
1434 2597 44
2889 1696 45
1078 1784 46
792 2259 47
1929 1273 48
1849 1573 49
1803 115 50
1246 1254 51
385 2832 52
2390 1634 53
1564 2010 54
2765 249 55
2539 2622 56
268 2084 57
1999 2071 58
2607 2839 59
2821 647 60
1735 2804 61
2654 333 62
1956 1637 63
992 2138 64
896 1545 65
1870 1407 66
1550 2642 67
1288 297 68
1209 911 69
630 840 70
1993 308 71
200 2137 72
1954 2151 73
397 693 74
1994 2072 75
1267 58 76
726 696 77
2810 1848 78
2055 413 79
588 2037 80
2897 1383 81
1883 1930 82
2594 1725 83
843 755 84
2183 1483 85
1033 857 86
878 1849 87
1940 2082 88
1770 810 89
1351 999 90
2397 2260 91
508 372 92
1016 2233 93
430 1305 94
352 2444 95
1500 1280 96
544 1244 97
2423 1676 98
1551 2815 99
642 2400 100
673 616 101
943 1577 102
776 1517 103
736 672 104
1346 321 105
2557 245 106
559 2812 107
743 1065 108
1228 903 109
804 1741 110
2764 2519 111
455 550 112
2875 2209 113
1878 2340 114
443 1100 115
831 410 116
1817 1552 117
195 1831 118
1006 1331 119
488 444 120
882 2598 121
1016 1074 122
2882 794 123
1165 1878 124
1745 1082 125
309 1339 126
2692 256 127
1886 2499 128
745 337 129
2682 2363 130
1145 1415 131
2104 655 132
642 971 133
1934 1134 134
2528 2476 135
1790 604 136
104 1249 137
2104 706 138
1870 388 139
1488 2458 140
1571 2063 141
9 1151 142
1097 1890 143
1473 1239 144
1569 24 145
1947 1275 146
229 729 147
661 1391 148
1646 1997 149
1701 1404 150
428 2461 151
158 1735 152
397 253 153
289 1914 154
1874 207 155
2145 2850 156
399 744 157
811 1395 158
1057 1498 159
1631 133 160
1725 2685 161
248 761 162
1776 1143 163
2368 963 164
1067 1616 165
58 2322 166
1975 1726 167
148 1645 168
2437 2272 169
897 2319 170
1057 826 171
345 1238 172
1775 2283 173
2691 1664 174
743 2456 175
1884 235 176
2183 2024 177
1421 2449 178
2643 2615 179
2778 2593 180
1138 37 181
688 691 182
451 1716 183
1472 2463 184
782 854 185
2843 838 186
2666 45 187
976 48 188
1788 206 189
627 919 190
1867 2619 191
2368 916 192
306 2312 193
2286 548 194
2762 2422 195
2673 219 196
2256 2182 197
706 545 198
1724 386 199
1821 1036 200
472 2418 1
2232 2155 2
1226 866 3
659 687 4
1617 656 5
1133 820 6
1059 1104 7
2869 1480 8
399 2515 9
321 513 10
1445 2130 11
2655 1196 12
1631 642 13
1701 898 14
554 2371 15
2881 1416 16
2058 1193 17
627 2219 18
61 114 19
1867 1692 20
2244 742 21
383 1490 22
2867 2252 23
281 723 24
2843 486 25
265 2721 26
156 2583 27
2447 2748 28
1787 2733 29
204 95 30
2152 872 31
2632 765 32
566 411 33
1724 2734 34
1803 2492 35
1215 2495 36
1535 1328 37
1108 2491 38
2404 2569 39
512 1671 40
1695 327 41
1474 2648 42
807 2205 43
2442 122 44
683 2645 45
1695 834 46
1193 1309 47
853 442 48
1104 1356 49
2426 266 50
863 740 51
2215 2373 52
647 2726 53
444 1052 54
784 233 55
2681 1775 56
534 2277 57
1010 96 58
2845 280 59
471 2002 60
112 530 61
2690 1750 62
5 2075 63
1488 1820 64
1873 2520 65
1305 59 66
1859 246 67
1349 719 68
1612 1990 69
1559 1442 70
2746 1798 71
1863 2786 72
2814 2655 73
2634 1095 74
2765 801 75
2752 1123 76
1794 1706 77
1996 1701 78
1470 2879 79
1911 1429 80
1625 1348 81
2330 2677 82
2733 379 83
2693 1087 84
2212 214 85
932 1608 86
2654 853 87
791 892 88
605 2767 89
1702 2874 90
598 46 91
251 825 92
1506 1473 93
243 1042 94
477 685 95
2304 55 96
497 1105 97
2878 1924 98
2812 1425 99
2210 357 100
2421 2787 101
388 2139 102
1654 689 103
123 1367 104
2448 1363 105
2045 2054 106
908 1277 107
375 994 108
2058 1311 109
647 2702 110
1455 2719 111
2499 166 112
1108 139 113
869 2195 114
1953 1438 115
2840 2192 116
737 1740 117
25 377 118
1558 1420 119
2074 879 120
2775 1050 121
2367 12 122
1178 1958 123
1689 2160 124
1190 273 125
2697 2409 126
44 2724 127
2466 459 128
2781 1148 129
597 1533 130
1537 2512 131
1902 2441 132
917 1686 133
2621 489 134
1252 1983 135
5 2020 136
2281 1836 137
2881 1243 138
2337 1587 139
829 1343 140
431 2370 141
1952 1681 142
2845 1895 143
1777 1861 144
1020 1772 145
428 2807 146
1287 2238 147
1330 2606 148
776 2104 149
801 1792 150
2643 618 151
2768 1509 152
2090 338 153
1871 644 154
529 1946 155
2404 1893 156
2535 1323 157
2764 174 158
419 1390 159
2286 2631 160
2456 928 161
793 1788 162
370 867 163
1201 2878 164
864 1658 165
402 340 166
1598 1346 167
38 2311 168
1416 661 169
565 1992 170
2253 1736 171
680 958 172
2020 2663 173
12 29 174
1527 2196 175
392 1154 176
29 1377 177
1778 1127 178
1218 882 179
1677 1184 180
636 1296 181
1551 1523 182
593 1165 183
441 812 184
1846 2474 185
2544 2351 186
1820 1341 187
1993 439 188
392 1867 189
2415 775 190
2873 1698 191
1133 1198 192
2045 191 193
1989 1727 194
1061 2425 195
1563 2494 196
1456 925 197
1020 1570 198
1784 2030 199
1806 2000 200
1353 76 1
2218 2680 2
1863 808 3
375 841 4
148 1705 5
837 1446 6
1627 2436 7
1704 2349 8
2145 2876 9
736 1583 10
784 589 11
1411 1149 12
942 2401 13
1305 1019 14
2022 450 15
2564 2046 16
519 1406 17
2196 1938 18
1268 556 19
1927 398 20
479 2223 21
650 795 22
2504 1650 23
1738 1327 24
2662 448 25
2217 2096 26
2755 2265 27
2884 423 28
2884 2601 29
2117 641 30
1642 215 31
1863 118 32
1495 2691 33
1149 441 34
216 791 35
2071 2483 36
486 2381 37
2199 347 38
1780 1011 39
936 1966 40
2708 67 41
703 1737 42
2071 4 43
1518 1837 44
1784 2254 45
1869 2795 46
2241 1854 47
1784 1627 48
917 2640 49
1397 1493 50
67 2299 51
1959 1229 52
950 1591 53
2458 193 54
2710 2308 55
381 1713 56
1140 2778 57
1306 1877 58
1882 2117 59
105 229 60
1570 1962 61
227 2080 62
2022 1542 63
1240 2457 64
1573 2313 65
816 674 66
488 1025 67
1775 1324 68
1333 1200 69
1663 1482 70
2559 1478 71
2244 1246 72
770 1815 73
2643 1945 74
1625 2036 75
1535 310 76
1514 2286 77
1731 2275 78
2354 930 79
1794 1526 80
2883 1180 81
230 1093 82
2620 2864 83
1559 637 84
341 137 85
1880 2267 86
1595 120 87
1169 2892 88
2106 318 89
675 1960 90
303 60 91
36 2141 92
2742 1853 93
1465 312 94
2897 1790 95
2662 2480 96
130 1643 97
592 537 98
829 1477 99
882 1073 100
136 1349 101
542 950 102
1246 1793 103
2814 344 104
1328 526 105
299 2529 106
2429 523 107
591 557 108
1821 1765 109
615 756 110
2424 668 111
400 2232 112
92 2530 113
519 2305 114
2078 512 115
1888 220 116
1448 1452 117
785 1047 118
1115 2852 119
2711 905 120
2548 1641 121
162 2505 122
112 2356 123
660 1873 124
1010 1640 125
863 2451 126
296 2798 127
2739 1720 128
1416 832 129
107 750 130
1550 1743 131
2458 1636 132
2071 1155 133
1537 7 134
989 2387 135
1866 1053 136
2411 496 137
2215 1744 138
2448 301 139
1358 1205 140
2006 2668 141
1086 2101 142
1374 461 143
2214 1835 144
2183 2440 145
1379 567 146
689 1967 147
2453 714 148
1455 869 149
2194 202 150
1395 797 151
61 1823 152
2104 2620 153
1193 1379 154
2080 1937 155
955 1026 156
890 2467 157
1445 368 158
2773 169 159
2529 1721 160
2884 704 161
419 2884 162
2857 1376 163
1746 2800 164
255 1714 165
1627 1652 166
1083 62 167
2352 2007 168
44 2443 169
1086 698 170
2130 842 171
36 2091 172
429 764 173
358 2153 174
2281 2871 175
90 2245 176
308 555 177
1627 1510 178
1637 447 179
2226 2165 180
1577 1486 181
1539 1724 182
371 1845 183
2161 474 184
2765 1099 185
2521 1122 186
119 992 187
526 2221 188
497 1237 189
2022 1922 190
665 1575 191
399 1048 192
2340 2123 193
793 5 194
392 1574 195
2640 2672 196
2547 639 197
105 1102 198
1859 1614 199
1527 1931 200
107 1948 1
2690 306 2
1555 1749 3
1639 2675 4
1295 1139 5
2736 1620 6
2884 1971 7
1729 478 8
2620 726 9
262 462 10
2017 1841 11
2222 2367 12
1567 2237 13
202 1801 14
1880 1527 15
2796 848 16
615 1524 17
2074 443 18
1870 47 19
1724 1613 20
1316 2120 21
2729 2145 22
972 2285 23
2878 237 24
641 850 25
1596 2849 26
503 1084 27
1333 1888 28
982 110 29
1794 1607 30
877 1045 31
1228 2106 32
1325 1168 33
2891 697 34
1735 1342 35
1929 424 36
163 506 37
926 2234 38
598 1274 39
189 272 40
1629 2510 41
1497 258 42
1210 1694 43
70 2792 44
1173 204 45
2437 1268 46
917 2728 47
463 2078 48
2681 2751 49
278 1675 50
648 1049 51
862 981 52
1017 1167 53
1706 1385 54
1860 299 55
1724 1355 56
2353 2819 57
782 835 58
858 1419 59
845 427 60
59 624 61
544 608 62
2550 651 63
184 1712 64
2544 2385 65
1234 1453 66
1613 2788 67
1221 209 68
2845 787 69
646 435 70
1526 2573 71
1730 1214 72
2085 1191 73
2071 2720 74
2661 1899 75
399 2386 76
1592 2315 77
223 570 78
2332 864 79
2300 1152 80
1722 2669 81
496 2842 82
1772 465 83
2311 2257 84
992 993 85
856 2817 86
845 1906 87
674 322 88
2171 111 89
2491 1907 90
858 1872 91
2633 517 92
1354 1779 93
778 129 94
1448 1789 95
674 1668 96
421 2116 97
1310 1350 98
705 2752 99
728 973 100
812 1124 101
2404 2171 102
2654 1761 103
40 2584 104
2843 2820 105
1860 356 106
1339 1665 107
1290 2739 108
1439 2323 109
1389 228 110
1088 998 111
1195 649 112
423 149 113
1209 2158 114
2594 1624 115
105 1060 116
2253 2527 117
505 400 118
320 2808 119
2380 1293 120
57 1405 121
441 579 122
1723 2643 123
2246 1172 124
2088 342 125
2666 2624 126
780 1466 127
189 1501 128
432 2175 129
2482 2447 130
1265 2860 131
1742 271 132
1695 811 133
172 694 134
1955 302 135
2807 1017 136
1790 2331 137
1987 1450 138
1062 980 139
2870 2079 140
1097 786 141
2794 1201 142
504 730 143
2458 1679 144
503 2316 145
1794 2213 146
2573 18 147
366 2057 148
1617 2062 149
1886 2651 150
1045 758 151
793 2843 152
1062 1978 153
2230 1819 154
1735 900 155
1403 1231 156
1882 525 157
1343 2383 158
193 1809 159
837 2528 160
878 27 161
353 2673 162
1647 77 163
1929 2743 164
814 910 165
2881 660 166
125 2099 167
1333 952 168
2176 175 169
1295 790 170
2058 2240 171
796 1868 172
1460 2055 173
252 680 174
1490 2364 175
2516 2747 176
2168 1178 177
1636 688 178
1531 1351 179
1820 1886 180
1802 1944 181
217 2862 182
592 544 183
1361 171 184
826 2314 185
598 1219 186
2058 1663 187
227 2552 188
1596 1153 189
1845 2446 190
2458 1754 191
1711 2592 192
553 2421 193
78 875 194
1400 2417 195
2681 2891 196
1865 2366 197
1632 1648 198
2207 619 199
1827 2541 200
1310 2867 1
2014 178 2
2080 2650 3
2582 1580 4
2854 470 5
1446 2215 6
10 2048 7
2881 295 8
852 1513 9
1199 1071 10
827 2334 11
1867 2169 12
1572 2662 13
1121 1118 14
1154 440 15
231 1062 16
2427 73 17
2498 2455 18
1483 833 19
311 539 20
294 1639 21
1479 1830 22
2276 959 23
1219 2477 24
2029 2065 25
896 1156 26
1750 1109 27
920 2406 28
139 520 29
1827 2220 30
428 259 31
2007 2626 32
2633 1838 33
533 236 34
2481 432 35
1075 97 36
2625 1378 37
430 392 38
2080 1851 39
2462 257 40
449 1718 41
1976 1529 42
10 2612 43
2751 2493 44
757 1344 45
2327 208 46
1471 1434 47
394 2855 48
1218 2274 49
62 2742 50
2719 2325 51
1073 1785 52
896 1106 53
1648 1814 54
660 2633 55
1464 1402 56
2790 2701 57
2628 1282 58
729 759 59
265 1881 60
659 1056 61
2226 2343 62
1768 2838 63
1132 1833 64
1310 1728 65
2022 2359 66
2585 2570 67
1714 984 68
2897 2859 69
1076 2895 70
1717 623 71
2213 1532 72
3 119 73
2601 14 74
1708 2805 75
2390 1189 76
2853 399 77
1218 1776 78
315 514 79
1879 849 80
875 1256 81
2274 2736 82
36 2566 83
68 1669 84
389 227 85
628 1972 86
1281 69 87
697 1507 88
255 2697 89
2549 326 90
1396 1183 91
2815 2060 92
1166 425 93
806 895 94
1323 1850 95
660 1284 96
1028 914 97
1601 362 98
2618 2599 99
978 1810 100
943 554 101
2530 2250 102
595 1451 103
1396 2652 104
2071 1020 105
2872 594 106
229 1631 107
1447 2281 108
182 771 109
361 305 110
1045 2460 111
172 279 112
926 1131 113
2232 1337 114
1321 2448 115
613 17 116
2473 2646 117
1588 876 118
5 785 119
2242 1979 120
657 1687 121
2646 1412 122
856 157 123
50 2714 124
733 2853 125
2191 2816 126
1844 1969 127
2426 1811 128
2404 201 129
1461 1479 130
49 1034 131
1297 126 132
1742 1521 133
1634 2684 134
216 2198 135
2479 1235 136
2414 311 137
538 793 138
540 2888 139
1946 2887 140
419 123 141
2776 901 142
1340 767 143
1346 1787 144
1579 2394 145
157 244 146
447 2498 147
269 1021 148
2317 1016 149
470 802 150
759 2486 151
2632 1361 152
233 1865 153
1856 2148 154
962 1364 155
2013 2459 156
995 2746 157
1863 2107 158
1494 2241 159
599 1128 160
2074 464 161
852 2614 162
1622 2525 163
664 2124 164
1863 743 165
546 2289 166
722 224 167
1472 2829 168
2215 1796 169
1155 2900 170
2105 962 171
889 360 172
2177 2264 173
2390 292 174
889 852 175
479 1006 176
1999 878 177
1957 2177 178
847 65 179
252 653 180
452 1261 181
642 955 182
1820 2700 183
513 485 184
2370 2388 185
2732 2066 186
1358 2321 187
1446 856 188
2897 278 189
2732 390 190
2647 665 191
1505 1908 192
1619 125 193
2762 1357 194
2619 1508 195
2897 1225 196
180 492 197
1477 348 198
2368 374 199
684 2290 200
2896 2365 1
2871 498 2
2048 2452 3
164 2610 4
2397 2814 5
2232 2731 6
2429 2575 7
2055 783 8
646 1094 9
2452 341 10
609 945 11
2419 421 12
10 185 13
566 1358 14
1267 953 15
1738 2372 16
1815 2666 17
659 2179 18
804 1751 19
2388 2497 20
2018 995 21
1387 1864 22
2831 2350 23
2601 1445 24
2051 2164 25
1682 1362 26
2864 1044 27
2109 1421 28
1142 1455 29
265 2226 30
2051 330 31
1760 254 32
2390 1037 33
513 2188 34
2470 1502 35
1635 1101 36
1829 1182 37
2286 61 38
2261 1401 39
2632 2016 40
495 974 41
757 1394 42
1104 415 43
2620 183 44
2103 1617 45
1889 1077 46
884 2717 47
2053 2042 48
2178 2770 49
2359 2297 50
430 479 51
252 2377 52
2533 44 53
2702 2563 54
1748 897 55
1891 625 56
727 151 57
2229 1240 58
2679 707 59
2437 1130 60
829 1090 61
1345 2144 62
1883 547 63
2372 828 64
269 2352 65
926 1590 66
1256 781 67
1208 391 68
1358 1604 69
590 2227 70
1594 1057 71
2879 19 72
778 1221 73
778 1411 74
2566 2341 75
1192 1688 76
2237 74 77
304 1015 78
479 628 79
1260 1437 80
2612 1382 81
2053 1653 82
1411 2306 83
24 622 84
10 2828 85
423 1968 86
2339 2473 87
2425 2889 88
776 2574 89
2278 2671 90
2253 223 91
1747 652 92
1955 1013 93
534 2827 94
2489 1162 95
869 1834 96
2821 718 97
2875 186 98
2027 515 99
2268 1660 100
1089 2361 101
2238 1399 102
2327 2780 103
388 113 104
45 679 105
733 1975 106
2201 497 107
382 2380 108
433 1150 109
894 117 110
1482 1685 111
2215 2591 112
2517 43 113
231 2029 114
717 727 115
1564 2009 116
2361 2784 117
2042 1266 118
1665 2247 119
2295 1433 120
1130 2357 121
1494 1936 122
78 2103 123
2476 2694 124
1577 1384 125
931 2657 126
2815 645 127
538 1068 128
2615 1589 129
1614 1075 130
2105 891 131
352 933 132
2665 1813 133
645 346 134
1529 1133 135
1010 2762 136
1984 2744 137
25 1703 138
466 536 139
648 603 140
2705 1998 141
2075 747 142
481 2846 143
66 975 144
1047 861 145
653 1633 146
877 2630 147
2539 1257 148
2 720 149
2850 328 150
1219 768 151
943 2342 152
756 1670 153
1479 2336 154
52 677 155
2710 1598 156
1820 1174 157
829 243 158
320 2110 159
1302 49 160
1581 2869 161
343 194 162
926 455 163
1111 1840 164
2663 1825 165
2601 2873 166
1837 270 167
818 1927 168
1333 658 169
315 509 170
2139 2604 171
947 181 172
2745 948 173
2331 277 174
1162 2783 175
1009 2270 176
2477 8 177
481 533 178
292 1518 179
759 1027 180
1124 2430 181
2729 1014 182
399 2768 183
2141 1199 184
2697 1571 185
2474 836 186
2640 1730 187
827 717 188
2680 1008 189
1127 1795 190
1069 1038 191
2006 2710 192
2464 521 193
2451 2757 194
2007 1114 195
1786 1113 196
2683 2229 197
360 2502 198
1289 376 199
291 2069 200
878 2602 1
636 889 2
643 2044 3
689 1436 4
158 602 5
115 814 6
295 967 7
501 2587 8
343 454 9
2680 2445 10
2671 1959 11
1999 1360 12
1629 446 13
1246 2560 14
6 1758 15
1403 2830 16
1702 939 17
2165 1626 18
2768 52 19
1139 2374 20
2695 2093 21
1378 1943 22
2639 106 23
464 187 24
6 1250 25
1874 1414 26
68 1308 27
2071 2897 28
795 480 29
1005 2398 30
1051 101 31
2087 1852 32
2635 2081 33
1835 1709 34
503 751 35
1086 1551 36
1343 251 37
432 1208 38
1526 1204 39
2304 2625 40
2594 1046 41
1886 633 42
76 1684 43
972 2251 44
2766 294 45
1535 2053 46
1588 1335 47
2681 636 48
210 1812 49
2024 2203 50
738 708 51
899 2572 52
2022 1826 53
1651 2765 54
1581 977 55
1193 1347 56
2757 2142 57
808 1392 58
1632 705 59
2059 1211 60
479 943 61
1856 725 62
602 821 63
2786 2539 64
430 1999 65
248 2496 66
358 1581 67
2501 303 68
980 2344 69
320 700 70
917 1522 71
2024 1252 72
1452 2184 73
1506 1089 74
2884 1808 75
530 176 76
1022 2288 77
1175 1965 78
426 2222 79
5 269 80
2839 2462 81
1867 2687 82
136 1566 83
742 351 84
124 1828 85
2336 607 86
1256 2098 87
1154 287 88
2547 2402 89
88 2429 90
1772 1386 91
2456 85 92
2104 2058 93
1774 2509 94
1723 817 95
5 2551 96
1596 590 97
2884 472 98
1631 1423 99
813 1129 100
2047 2243 101
2004 847 102
2626 1317 103
1446 1097 104
1047 804 105
2039 2083 106
2692 778 107
1445 1218 108
661 2102 109
1859 650 110
2566 2834 111
474 1301 112
2335 502 113
66 414 114
642 325 115
2172 770 116
148 1549 117
1931 1715 118
1517 2433 119
788 1289 120
2853 1220 121
1416 230 122
1517 2607 123
2083 763 124
1485 63 125
1416 2427 126
1170 2453 127
2265 2287 128
548 2187 129
2256 1804 130
1704 1476 131
2603 1371 132
2335 634 133
765 885 134
2843 136 135
2602 1408 136
206 71 137
1366 2588 138
1595 1215 139
1610 1286 140
666 290 141
123 1506 142
1068 1781 143
2763 491 144
1076 1934 145
1060 438 146
939 2810 147
1631 1564 148
1116 540 149
1097 25 150
185 2327 151
2605 699 152
621 774 153
17 482 154
200 2040 155
2203 2695 156
581 1307 157
2361 2194 158
2189 1223 159
396 380 160
1659 815 161
2379 1919 162
1807 2781 163
1346 2660 164
40 262 165
1222 434 166
1995 370 167
1010 598 168
882 2782 169
1454 2686 170
2859 2632 171
538 466 172
503 2301 173
1197 2537 174
2376 2076 175
1634 591 176
229 298 177
1950 1557 178
1987 66 179
1387 1912 180
2821 529 181
2562 527 182
61 373 183
529 2837 184
1022 807 185
307 9 186
2347 2628 187
2601 968 188
722 1926 189
1596 2032 190
1325 319 191
2066 927 192
1208 1655 193
1950 2369 194
766 2475 195
740 2718 196
1097 88 197
428 772 198
733 331 199
863 1599 200
1843 2324 1
2379 293 2
1935 1066 3
603 741 4
1315 103 5
1689 1567 6
2458 2737 7
2362 1732 8
540 796 9
1612 2001 10
1719 2688 11
1358 40 12
575 2207 13
514 2166 14
2105 1794 15
2011 630 16
164 366 17
643 21 18
2519 1829 19
2883 172 20
2304 1832 21
704 180 22
1295 2562 23
729 1033 24
312 355 25
1666 2003 26
1221 1985 27
2518 1459 28
1116 870 29
1120 1292 30
1467 2330 31
2857 551 32
865 2576 33
2679 2085 34
2602 2890 35
605 2564 36
411 1489 37
2262 532 38
1219 276 39
374 68 40
234 2070 41
1523 2623 42
2859 2180 43
1408 1963 44
162 757 45
1217 2881 46
2373 722 47
882 991 48
869 264 49
2775 2129 50
898 79 51
1154 1949 52
2830 460 53
1215 2542 54
737 1555 55
423 1396 56
1324 2273 57
2683 431 58
2 746 59
1991 2150 60
661 2824 61
1334 1005 62
2589 354 63
1113 1306 64
2885 710 65
1284 1891 66
793 2307 67
1142 1695 68
1446 36 69
2244 382 70
1987 2481 71
829 1448 72
2843 488 73
1121 1388 74
775 1242 75
1279 1194 76
2634 199 77
1365 585 78
2845 2242 79
130 2121 80
2722 1173 81
2722 1397 82
628 2011 83
2469 353 84
826 2796 85
2339 1022 86
1010 2338 87
2375 1291 88
1768 216 89
1934 2806 90
1119 2280 91
759 2523 92
1455 1768 93
831 143 94
389 261 95
793 1677 96
421 252 97
144 1898 98
2 64 99
887 1816 100
1206 979 101
1969 170 102
874 2246 103
2093 1232 104
2790 1791 105
2390 638 106
1867 1612 107
2341 2113 108
818 1465 109
1846 1642 110
1362 1085 111
2612 592 112
449 1515 113
36 2261 114
1748 90 115
1091 203 116
1600 2043 117
526 582 118
856 703 119
2172 2880 120
2042 100 121
524 1760 122
495 2877 123
1003 2012 124
1460 1559 125
1108 798 126
1221 736 127
2501 2896 128
1778 265 129
2651 2706 130
706 487 131
2743 2854 132
1803 576 133
1127 6 134
532 23 135
2253 2217 136
2341 57 137
2756 1710 138
2174 2167 139
1388 2115 140
63 15 141
568 2358 142
1859 2404 143
837 2411 144
1425 2128 145
1648 881 146
759 2263 147
229 2547 148
488 2553 149
406 2216 150
1069 1314 151
1530 2586 152
837 2811 153
606 2235 154
2180 883 155
1570 2181 156
1865 2008 157
388 1739 158
628 2074 159
856 535 160
1219 1195 161
1908 1202 162
1528 1374 163
1873 2109 164
2135 631 165
2084 976 166
2536 304 167
827 1928 168
1855 1800 169
2184 387 170
1212 859 171
1572 2210 172
1759 2616 173
185 1629 174
628 164 175
187 769 176
2058 1460 177
2619 2382 178
1467 2090 179
3 902 180
1935 1007 181
1133 141 182
1061 1403 183
1691 2077 184
234 920 185
2330 2126 186
724 2122 187
538 2172 188
1883 1418 189
2601 473 190
1068 873 191
1570 1170 192
1981 1145 193
1010 1504 194
1564 1862 195
303 2618 196
706 617 197
1201 1806 198
1545 1030 199
2151 1389 200
628 615 1
1309 198 2
107 406 3
1551 1594 4
356 2760 5
136 1505 6
2074 1188 7
1307 2004 8
1138 2664 9
420 2579 10
416 500 11
2074 2821 12
32 2831 13
834 773 14
78 2347 15
493 1315 16
999 2170 17
104 845 18
1689 1766 19
1514 2470 20
776 1061 21
716 1255 22
2823 949 23
1483 2513 24
2210 2758 25
786 1596 26
941 1083 27
1827 161 28
2171 735 29
688 2775 30
2429 1288 31
2528 1428 32
1260 692 33
148 543 34
419 2732 35
1596 2647 36
2634 1059 37
1140 1226 38
211 1004 39
1802 89 40
166 2200 41
1517 1112 42
837 2683 43
134 92 44
1208 2197 45
1086 1722 46
2691 1673 47
865 2715 48
2373 2174 49
2353 1096 50
2857 2017 51
1107 56 52
46 375 53
634 1536 54
2659 1120 55
643 1210 56
1886 389 57
1352 242 58
532 359 59
2117 1544 60
559 1579 61
2620 858 62
540 197 63
717 686 64
1126 1797 65
738 2716 66
2770 575 67
1573 449 68
2261 1138 69
2413 2741 70
697 1283 71
1594 2844 72
2136 2558 73
1120 635 74
2022 862 75
703 288 76
1827 2231 77
1158 831 78
2724 401 79
156 684 80
2440 2682 81
2092 766 82
1222 511 83
486 2826 84
553 1839 85
561 1247 86
1142 503 87
1244 2548 88
2075 1251 89
1120 1222 90
2355 1253 91
149 681 92
818 371 93
2171 314 94
2181 2690 95
776 908 96
1149 816 97
1116 1241 98
1357 809 99
1531 1121 100
252 912 101
1576 1611 102
857 1164 103
1436 2793 104
1937 2730 105
1473 711 106
1305 419 107
2058 2833 108
229 32 109
877 494 110
1614 2524 111
1390 1729 112
667 317 113
2074 1426 114
1289 145 115
699 2119 116
834 782 117
2681 1471 118
1695 819 119
67 846 120
1432 2556 121
1505 2454 122
531 2276 123
1382 1548 124
1343 2571 125
2353 1733 126
114 167 127
389 1935 128
2483 865 129
2258 94 130
2394 2028 131
32 1108 132
1580 247 133
2507 394 134
1757 70 135
504 82 136
308 2296 137
118 1625 138
873 610 139
1874 1166 140
2634 1135 141
2013 282 142
2471 1380 143
5 1287 144
880 572 145
1142 289 146
1723 1900 147
463 1456 148
265 1649 149
73 1458 150
824 1690 151
827 2437 152
729 965 153
674 329 154
2714 745 155
757 2317 156
1291 1310 157
1489 200 158
16 1609 159
2359 1894 160
36 104 161
999 2590 162
581 941 163
243 1996 164
1376 2253 165
760 1224 166
1226 2893 167
1221 1961 168
2717 275 169
1382 893 170
210 2199 171
901 739 172
2234 2068 173
2382 363 174
916 2608 175
1599 675 176
1876 2176 177
1400 168 178
109 2304 179
1283 1271 180
1899 830 181
472 957 182
425 2395 183
1217 508 184
1036 1628 185
1368 2522 186
2720 1519 187
729 909 188
1976 1298 189
1056 1326 190
1394 662 191
2094 2092 192
129 1970 193
2354 1447 194
348 2131 195
1331 1116 196
85 218 197
598 2027 198
962 599 199
327 1954 200
722 2875 1
1246 2847 2
2483 2779 3
1614 140 4
1482 906 5
1403 1398 6
1397 2300 7
660 1432 8
2014 210 9
289 960 10
2730 721 11
863 1950 12
1142 1539 13
2334 666 14
1594 1329 15
1496 2696 16
1130 2508 17
1672 954 18
348 524 19
1188 1638 20
25 50 21
217 2635 22
1358 1381 23
1535 1064 24
8 281 25
1283 2872 26
963 1824 27
1015 2704 28
787 516 29
1353 1693 30
2864 996 31
542 734 32
383 2333 33
2208 1063 34
636 148 35
2152 1622 36
1752 2049 37
2518 2532 38
619 2774 39
2146 1294 40
382 1630 41
123 2549 42
2183 2870 43
1820 1561 44
2354 428 45
2440 2611 46
1502 2582 47
2207 1487 48
1089 1540 49
1325 1704 50
667 1955 51
90 1484 52
472 1318 53
2830 1435 54
838 2403 55
28 232 56
2172 147 57
2261 2578 58
1301 1756 59
1913 1910 60
758 2708 61
2501 163 62
2831 1485 63
62 263 64
938 2161 65
2809 1079 66
1695 2293 67
2425 445 68
2231 552 69
1736 1000 70
1679 409 71
2899 2637 72
295 2051 73
1154 2840 74
690 1871 75
863 2006 76
1857 2503 77
1246 2412 78
2807 2230 79
566 646 80
1649 1782 81
147 1463 82
361 2543 83
1599 358 84
1829 2761 85
111 130 86
732 1610 87
861 2776 88
2256 1537 89
622 2407 90
2881 1142 91
320 779 92
452 2656 93
1881 1530 94
2592 2405 95
2361 144 96
819 2125 97
2084 1858 98
2681 877 99
1121 1647 100
1090 1330 101
1123 285 102
2342 1774 103
1019 381 104
1332 2546 105
2444 1562 106
1788 1869 107
1410 1632 108
135 1558 109
1860 2353 110
529 451 111
1042 1302 112
2762 2759 113
970 546 114
2458 2111 115
2469 268 116
1334 93 117
1674 205 118
1535 2857 119
2456 132 120
2627 38 121
2566 2214 122
736 2149 123
2639 2132 124
1993 173 125
2354 2678 126
1076 2670 127
1852 2712 128
2581 1973 129
608 2794 130
1217 541 131
2078 1578 132
2499 932 133
2008 1372 134
2024 612 135
2376 1843 136
1476 1767 137
1307 2248 138
1244 1993 139
856 2679 140
1631 2419 141
38 1024 142
204 605 143
2489 2689 144
2482 1427 145
666 2355 146
628 2183 147
2408 611 148
2022 2464 149
88 600 150
1360 780 151
869 1880 152
1596 2047 153
2310 1233 154
1972 1786 155
1305 538 156
2437 614 157
962 1470 158
1704 134 159
2811 501 160
612 1028 161
2803 1269 162
2116 1492 163
827 566 164
1870 248 165
430 1859 166
1540 1672 167
289 2432 168
874 1312 169
976 1980 170
2469 1080 171
2301 2154 172
112 84 173
2375 1468 174
869 839 175
2871 417 176
1513 1091 177
2751 2545 178
1596 1995 179
2599 2466 180
1724 2636 181
1252 1892 182
1331 1947 183
2032 803 184
344 988 185
148 970 186
2089 332 187
1130 940 188
1689 784 189
628 1338 190
740 1353 191
1306 1680 192
2069 2825 193
2213 1603 194
861 2190 195
523 1370 196
771 2561 197
1477 2278 198
164 1259 199
512 1186 200
1283 2328 1
1148 913 2
2854 1981 3
2896 1258 4
2437 2014 5
1403 844 6
760 922 7
1875 1512 8
1217 2332 9
1180 124 10
371 416 11
2740 2638 12
2591 463 13
638 412 14
793 829 15
2874 561 16
2602 1137 17
278 1556 18
2483 182 19
2181 1656 20
105 1525 21
2470 2749 22
2697 2045 23
2248 2727 24
844 1917 25
1061 2168 26
667 429 27
531 1511 28
216 568 29
2104 2517 30
834 777 31
647 695 32
421 1481 33
525 851 34
1773 931 35
265 53 36
2238 2193 37
1499 1942 38
2581 2428 39
193 2136 40
2016 961 41
1999 2094 42
312 1697 43
188 316 44
1517 1976 45
321 2039 46
1336 240 47
2031 309 48
487 1988 49
544 505 50
1075 1281 51
10 383 52
2004 1903 53
448 2345 54
2819 1932 55
1888 1777 56
2171 343 57
2091 887 58
1504 731 59
1815 402 60
2094 776 61
248 1203 62
1806 1409 63
1778 907 64
2539 2753 65
1256 2802 66
1823 34 67
1972 581 68
513 418 69
1612 593 70
145 286 71
235 946 72
2474 2848 73
1218 1957 74
852 586 75
424 1500 76
136 396 77
1776 2375 78
411 1863 79
2475 2709 80
174 159 81
201 627 82
243 1325 83
1712 20 84
875 1295 85
1634 352 86
2124 196 87
754 72 88
1068 2501 89
2424 2133 90
2262 156 91
158 1905 92
1989 1889 93
1759 51 94
643 2362 95
1627 499 96
2108 2035 97
261 574 98
1572 2258 99
2680 1752 100
