1600 1600 200
1377 966 1
900 677 2
637 1438 3
1426 944 4
994 1323 5
640 1381 6
33 1225 7
1088 229 8
1175 1196 9
737 937 10
950 1011 11
852 1399 12
1597 758 13
520 217 14
739 179 15
227 215 16
1455 897 17
1366 1054 18
1109 861 19
1583 1339 20
648 964 21
996 1514 22
899 1240 23
105 818 24
828 128 25
260 711 26
1391 1535 27
1327 1590 28
260 343 29
718 1533 30
492 969 31
475 925 32
1467 1132 33
162 869 34
503 239 35
842 896 36
974 793 37
615 115 38
358 1020 39
821 728 40
600 583 41
423 963 42
1465 222 43
607 642 44
1417 829 45
1136 648 46
27 1251 47
1276 788 48
4 510 49
143 35 50
1464 1395 51
453 1329 52
326 1363 53
153 381 54
1521 1287 55
237 1079 56
375 1589 57
901 588 58
398 48 59
1141 310 60
952 765 61
1169 805 62
963 718 63
1053 998 64
515 1071 65
939 663 66
984 1310 67
780 1169 68
1448 44 69
515 601 70
645 947 71
26 1286 72
537 1500 73
80 1430 74
150 1184 75
982 1466 76
925 1410 77
492 1587 78
1097 402 79
931 160 80
601 1433 81
1386 794 82
1082 1074 83
66 1375 84
395 188 85
4 756 86
462 448 87
136 1341 88
86 546 89
239 684 90
1213 759 91
942 1117 92
1091 1145 93
531 775 94
987 1024 95
1551 245 96
34 766 97
279 931 98
375 270 99
796 1267 100
159 263 101
480 503 102
13 1282 103
23 184 104
645 439 105
180 522 106
580 334 107
643 302 108
375 1392 109
1258 355 110
1047 957 111
99 1038 112
819 19 113
116 64 114
950 404 115
1210 1511 116
85 513 117
1219 435 118
1126 22 119
505 1219 120
1440 811 121
1560 847 122
1558 183 123
572 923 124
914 491 125
1126 187 126
615 142 127
423 1483 128
1137 1149 129
213 1527 130
977 586 131
440 165 132
810 723 133
602 594 134
1189 873 135
915 1269 136
562 872 137
1337 397 138
190 225 139
918 1523 140
218 1246 141
1152 555 142
415 722 143
749 291 144
1399 548 145
122 306 146
477 976 147
930 467 148
520 577 149
503 624 150
990 1223 151
1159 1472 152
770 271 153
950 1515 154
131 327 155
558 1191 156
1071 249 157
1066 707 158
1022 200 159
1496 1163 160
1215 836 161
1119 848 162
1197 273 163
1056 566 164
1024 1338 165
420 326 166
131 1279 167
500 1436 168
1041 1482 169
860 1113 170
336 94 171
801 1370 172
515 370 173
1159 175 174
389 1322 175
242 371 176
1418 167 177
184 1400 178
1280 1355 179
1491 1517 180
605 171 181
982 482 182
1559 1538 183
558 486 184
131 314 185
1211 1441 186
1147 441 187
1410 88 188
252 1319 189
1413 114 190
348 1321 191
558 549 192
860 1552 193
480 1052 194
423 1476 195
1554 219 196
560 856 197
1464 99 198
818 1018 199
1329 748 200
878 713 1
1013 993 2
281 1234 3
670 1362 4
905 1187 5
1189 1100 6
743 835 7
306 1495 8
1491 1479 9
1542 1352 10
1502 1380 11
653 520 12
402 596 13
1006 1539 14
1056 374 15
346 237 16
1479 1131 17
838 824 18
561 1366 19
1066 752 20
1221 567 21
935 1155 22
1149 1175 23
593 962 24
972 770 25
278 994 26
330 564 27
963 1529 28
431 1384 29
861 1265 30
375 679 31
386 294 32
559 646 33
891 1166 34
194 634 35
1152 879 36
148 593 37
1031 1109 38
347 1016 39
656 986 40
486 1144 41
1287 108 42
315 460 43
459 1489 44
179 720 45
381 261 46
222 807 47
1211 1188 48
1380 960 49
948 410 50
1376 565 51
480 557 52
1195 1062 53
1417 721 54
942 1559 55
1149 1276 56
568 102 57
189 1431 58
1438 79 59
1 1205 60
101 851 61
136 362 62
1282 351 63
1559 676 64
1527 544 65
1567 445 66
1200 58 67
1597 737 68
1192 1428 69
152 1080 70
212 464 71
208 1497 72
1209 1096 73
690 377 74
1354 1275 75
1189 518 76
427 1306 77
503 1088 78
527 1046 79
939 373 80
653 201 81
819 23 82
1214 739 83
614 495 84
34 37 85
445 352 86
1464 626 87
1270 87 88
1229 832 89
1560 1292 90
1586 701 91
813 103 92
855 806 93
1104 1318 94
7 1411 95
1368 571 96
222 1312 97
582 932 98
1572 413 99
1280 1491 100
1315 1215 101
536 1290 102
717 163 103
1328 704 104
1053 899 105
1129 21 106
753 319 107
1504 540 108
995 1439 109
1519 164 110
149 800 111
1377 978 112
1047 472 113
655 837 114
1264 988 115
445 1569 116
1427 193 117
99 666 118
648 92 119
1291 1105 120
80 400 121
424 622 122
843 941 123
402 860 124
1479 267 125
277 1531 126
1118 1508 127
503 477 128
251 1060 129
782 390 130
1049 650 131
765 671 132
1250 27 133
69 1256 134
541 1574 135
26 242 136
485 750 137
1569 1167 138
513 843 139
1210 779 140
466 1214 141
1043 664 142
1233 606 143
212 415 144
642 1229 145
1394 1418 146
719 874 147
940 1493 148
1104 1422 149
1177 672 150
1239 457 151
391 430 152
1502 98 153
1194 393 154
718 871 155
1281 539 156
673 66 157
1097 1391 158
957 133 159
736 1475 160
334 1570 161
378 392 162
1092 649 163
851 1593 164
729 572 165
134 1368 166
37 376 167
1406 1085 168
761 1207 169
75 1156 170
407 582 171
1258 1452 172
732 838 173
1233 176 174
1364 49 175
230 1097 176
1444 1326 177
417 715 178
731 117 179
634 987 180
1466 1284 181
589 1566 182
1210 908 183
695 234 184
973 68 185
940 1562 186
1140 1173 187
1575 543 188
580 1194 189
133 383 190
1006 1373 191
849 456 192
122 1127 193
27 918 194
1503 627 195
1078 935 196
440 965 197
1129 724 198
518 801 199
314 761 200
782 476 1
152 344 2
34 1351 3
207 264 4
327 60 5
726 697 6
1513 1304 7
826 954 8
386 124 9
1463 1122 10
423 1396 11
577 46 12
30 1473 13
1180 1374 14
833 939 15
643 1328 16
1062 320 17
184 1519 18
414 1480 19
103 454 20
15 1524 21
1097 773 22
681 1450 23
952 1261 24
860 1238 25
76 274 26
385 892 27
1460 365 28
1548 551 29
969 1294 30
1098 283 31
301 36 32
763 257 33
731 67 34
1014 1209 35
972 1233 36
1521 1335 37
803 1544 38
1441 709 39
279 1417 40
996 1470 41
1100 1530 42
545 253 43
528 576 44
1250 615 45
229 470 46
252 910 47
820 875 48
1242 1220 49
577 1274 50
230 950 51
1557 1027 52
1297 1006 53
618 484 54
641 1044 55
1518 625 56
1047 989 57
607 6 58
1105 205 59
19 1289 60
1398 1226 61
1109 437 62
30 141 63
1473 1067 64
192 366 65
1164 1293 66
1233 1059 67
503 1342 68
1179 1405 69
440 1231 70
423 609 71
1391 1000 72
616 125 73
1136 678 74
1361 810 75
615 233 76
343 1165 77
957 331 78
1169 1330 79
703 317 80
786 866 81
444 831 82
933 559 83
1366 478 84
1527 1349 85
1020 699 86
1100 1509 87
374 1600 88
1167 1484 89
1440 1564 90
1258 867 91
1289 1069 92
227 1594 93
233 465 94
461 137 95
1242 1557 96
670 691 97
260 336 98
1053 922 99
950 426 100
526 275 101
225 1458 102
239 481 103
375 753 104
445 1277 105
26 653 106
1527 1049 107
650 764 108
417 1457 109
1566 1550 110
355 372 111
70 1061 112
1427 854 113
8 527 114
529 246 115
1579 644 116
873 992 117
1467 823 118
768 244 119
1013 630 120
1333 180 121
732 159 122
116 427 123
1339 1035 124
244 1126 125
336 325 126
1230 694 127
423 1204 128
1272 1314 129
886 636 130
1277 290 131
1079 509 132
1059 1525 133
4 1421 134
330 154 135
721 1130 136
1254 1586 137
987 780 138
185 368 139
64 34 140
1033 1072 141
1270 857 142
86 417 143
131 70 144
402 515 145
26 252 146
492 129 147
179 927 148
1521 1334 149
670 827 150
1256 1461 151
162 859 152
1045 1474 153
878 1023 154
1464 28 155
204 1007 156
1343 40 157
938 1429 158
231 547 159
1211 688 160
29 499 161
134 1252 162
1319 65 163
239 1585 164
1437 1432 165
903 1278 166
28 1192 167
995 618 168
395 692 169
408 12 170
786 657 171
558 858 172
423 52 173
974 1361 174
796 1255 175
957 952 176
777 1022 177
757 903 178
536 975 179
872 619 180
1441 409 181
860 585 182
1063 455 183
1359 881 184
803 1147 185
179 77 186
1357 995 187
1052 933 188
1005 1423 189
230 1159 190
1563 904 191
142 4 192
587 830 193
120 1445 194
99 1077 195
124 1305 196
146 680 197
1056 288 198
144 1089 199
1573 1549 200
901 550 1
1477 740 2
589 1372 3
1450 970 4
358 1337 5
1292 266 6
593 168 7
1565 1273 8
1056 315 9
490 863 10
173 536 11
1570 298 12
336 1506 13
1250 1047 14
29 855 15
339 673 16
1552 1025 17
1500 1004 18
159 798 19
1230 251 20
371 1584 21
1294 469 22
1097 15 23
1078 419 24
105 816 25
636 1157 26
1076 1270 27
1375 123 28
319 126 29
854 425 30
1343 272 31
503 714 32
103 329 33
1395 607 34
1521 342 35
208 877 36
1318 915 37
429 224 38
715 17 39
1548 916 40
263 1162 41
1035 1554 42
131 1134 43
1319 645 44
194 43 45
921 333 46
402 1543 47
183 1379 48
1419 255 49
602 7 50
1453 1222 51
1008 507 52
1026 157 53
878 971 54
1472 568 55
38 1090 56
174 1468 57
933 447 58
1570 1376 59
537 1232 60
876 140 61
1071 928 62
1396 909 63
595 905 64
446 265 65
878 1516 66
821 1571 67
40 1015 68
1274 1146 69
117 1065 70
732 771 71
572 1598 72
1544 826 73
653 358 74
742 563 75
494 452 76
1084 433 77
1396 705 78
858 845 79
1384 1287 80
685 309 81
76 32 82
1137 121 83
1136 106 84
503 743 85
1409 107 86
357 250 87
731 777 88
768 73 89
270 1331 90
1179 63 91
43 55 92
133 339 93
350 235 94
1521 241 95
1137 236 96
882 450 97
777 394 98
69 408 99
918 890 100
421 638 101
1388 1170 102
342 122 103
958 552 104
1222 864 105
1200 584 106
1544 1002 107
615 149 108
332 784 109
924 535 110
281 1596 111
1047 1136 112
339 815 113
149 69 114
1311 849 115
715 1091 116
881 145 117
1417 912 118
38 569 119
252 1250 120
21 112 121
619 1271 122
547 514 123
558 1548 124
1552 573 125
1071 304 126
1267 1164 127
1020 1201 128
797 1228 129
334 156 130
111 61 131
1129 659 132
1427 1029 133
737 1179 134
99 934 135
186 1311 136
550 1340 137
1437 1037 138
1570 1573 139
1320 1152 140
1181 868 141
1279 81 142
1195 955 143
1543 1137 144
421 453 145
277 951 146
517 360 147
1027 862 148
818 1259 149
1146 685 150
459 1263 151
846 888 152
475 1537 153
209 751 154
666 693 155
1275 1526 156
1575 797 157
1460 414 158
1104 458 159
1350 1244 160
1575 307 161
682 1369 162
1553 85 163
1214 1407 164
1263 1536 165
133 1078 166
1434 755 167
386 658 168
1188 614 169
316 852 170
1425 1107 171
1254 774 172
1211 884 173
64 150 174
777 134 175
851 1003 176
1007 1083 177
1340 292 178
1242 446 179
1044 1051 180
1442 1008 181
1252 641 182
358 746 183
461 791 184
1410 689 185
26 617 186
1076 1195 187
97 1416 188
39 2 189
1518 674 190
26 1258 191
1469 444 192
946 1308 193
172 197 194
160 268 195
179 556 196
867 512 197
1282 783 198
506 407 199
1542 762 200
957 1572 1
128 1378 2
428 1045 3
253 667 4
907 1541 5
512 846 6
198 223 7
206 613 8
1438 1288 9
789 757 10
1339 287 11
765 1005 12
994 357 13
1532 1393 14
492 56 15
1092 1010 16
963 1211 17
59 924 18
85 1110 19
233 284 20
1391 33 21
901 1324 22
1335 401 23
770 982 24
1436 683 25
461 1177 26
1470 1028 27
869 95 28
1354 434 29
230 1567 30
702 734 31
1168 554 32
958 1180 33
574 1139 34
1280 1236 35
1237 654 36
1504 898 37
1210 1481 38
1056 1597 39
1275 384 40
137 1142 41
169 41 42
175 30 43
117 1208 44
997 643 45
810 169 46
885 42 47
821 330 48
97 1424 49
963 920 50
865 226 51
328 449 52
1488 1 53
959 812 54
840 792 55
1064 1346 56
1324 668 57
515 595 58
751 1462 59
459 1459 60
1014 1087 61
1448 462 62
550 1528 63
754 356 64
1324 1295 65
1325 1397 66
703 911 67
1007 54 68
1125 1249 69
178 1469 70
1309 86 71
252 768 72
1222 738 73
1472 277 74
327 529 75
1175 726 76
1212 1119 77
331 578 78
1159 53 79
722 1406 80
263 640 81
820 139 82
843 894 83
833 876 84
1130 78 85
1532 538 86
1386 1486 87
1000 228 88
517 530 89
15 382 90
842 395 91
194 1440 92
329 517 93
820 789 94
342 498 95
307 1568 96
1029 1512 97
459 526 98
1507 212 99
1208 493 100
688 1496 101
840 350 102
939 1206 103
1428 1143 104
710 508 105
867 958 106
315 1505 107
1396 120 108
1082 475 109
961 1350 110
1560 1239 111
53 57 112
952 474 113
317 1501 114
322 1383 115
445 247 116
702 1348 117
879 621 118
1372 1241 119
577 808 120
503 162 121
541 665 122
230 1189 123
220 221 124
1113 842 125
26 974 126
335 1248 127
515 101 128
89 1412 129
802 1247 130
159 1503 131
596 220 132
487 1386 133
1521 1066 134
1066 1357 135
704 47 136
1061 999 137
886 1478 138
585 3 139
711 496 140
1143 303 141
204 945 142
272 8 143
1473 682 144
184 1095 145
939 1101 146
1352 1580 147
1367 504 148
532 741 149
7 24 150
1551 18 151
69 1414 152
546 388 153
194 136 154
30 436 155
645 332 156
314 946 157
252 230 158
1233 155 159
718 977 160
625 1057 161
466 1031 162
875 1154 163
291 744 164
963 1453 165
1447 1398 166
1470 442 167
851 795 168
1319 602 169
506 31 170
567 516 171
415 14 172
736 9 173
1339 796 174
1540 1199 175
1328 1577 176
14 763 177
445 1001 178
42 312 179
1588 1336 180
1059 195 181
771 1520 182
116 127 183
324 1041 184
813 62 185
833 652 186
1192 1172 187
1280 492 188
423 500 189
277 1307 190
1332 1151 191
1497 590 192
431 84 193
1567 135 194
722 1150 195
431 983 196
1047 670 197
1097 364 198
230 471 199
634 597 200
190 1245 1
989 1504 2
1472 174 3
1394 880 4
134 885 5
225 669 6
580 1415 7
116 209 8
974 1140 9
363 1390 10
1548 1050 11
857 1129 12
237 1116 13
231 431 14
886 1160 15
1079 1202 16
1280 173 17
867 1371 18
562 299 19
460 698 20
729 833 21
431 147 22
94 1257 23
1453 1582 24
882 369 25
993 629 26
358 423 27
499 90 28
732 1387 29
597 1181 30
1368 804 31
596 59 32
326 466 33
615 316 34
1005 97 35
1567 702 36
838 940 37
974 732 38
37 1494 39
1517 1404 40
1343 131 41
1335 749 42
1186 353 43
653 194 44
779 1224 45
889 1064 46
358 886 47
616 1592 48
1450 605 49
243 1316 50
527 1133 51
852 438 52
1324 256 53
369 1575 54
194 1343 55
1577 727 56
204 1547 57
645 391 58
386 340 59
1112 1556 60
686 1299 61
653 729 62
102 809 63
541 524 64
636 313 65
186 1558 66
1394 206 67
454 1141 68
156 1367 69
1149 647 70
1280 293 71
248 161 72
1337 656 73
901 1591 74
870 790 75
336 240 76
1105 191 77
1397 1281 78
1048 143 79
552 589 80
731 802 81
1031 973 82
27 731 83
955 1356 84
486 1108 85
1221 1301 86
1180 305 87
673 1048 88
572 29 89
134 560 90
213 346 91
1321 387 92
1181 533 93
1552 1325 94
752 604 95
1058 948 96
423 1283 97
798 363 98
1070 696 99
1090 686 100
260 1092 101
938 700 102
234 1297 103
637 733 104
291 587 105
1025 39 106
678 13 107
909 1437 108
1328 1460 109
1289 1043 110
1509 817 111
377 1499 112
810 1583 113
404 301 114
488 1442 115
417 1102 116
648 1266 117
749 591 118
1181 1268 119
1285 570 120
161 432 121
801 1365 122
1372 1075 123
948 735 124
1135 1403 125
122 603 126
873 411 127
715 158 128
1110 1426 129
729 198 130
1567 202 131
268 967 132
1112 660 133
1505 483 134
1026 599 135
1343 421 136
461 655 137
526 608 138
404 1358 139
402 399 140
467 451 141
938 443 142
544 782 143
89 295 144
23 980 145
324 243 146
1524 186 147
1583 231 148
810 834 149
1030 581 150
1134 185 151
537 1581 152
176 506 153
27 1364 154
1172 479 155
995 1190 156
645 1221 157
1406 262 158
313 403 159
5 1317 160
133 1212 161
1361 1200 162
92 1174 163
1335 1017 164
1343 1260 165
668 1058 166
242 745 167
230 1076 168
541 1094 169
715 889 170
813 1344 171
292 1576 172
1256 574 173
484 207 174
885 865 175
594 232 176
1275 1182 177
1188 716 178
910 1213 179
731 616 180
169 113 181
1529 695 182
1339 828 183
300 1463 184
1529 1553 185
358 420 186
579 907 187
1377 1385 188
845 781 189
1591 389 190
599 913 191
314 1377 192
41 335 193
1201 525 194
1061 328 195
175 461 196
1583 1070 197
493 979 198
103 463 199
630 1218 200
686 1485 1
327 561 2
1518 767 3
1368 405 4
1364 1354 5
501 1093 6
155 1359 7
1466 633 8
294 681 9
434 1477 10
43 151 11
85 1084 12
1283 531 13
1192 1456 14
1076 204 15
496 1216 16
383 1467 17
1024 269 18
593 1298 19
1600 210 20
420 480 21
1250 424 22
633 203 23
1049 1121 24
827 1197 25
883 598 26
1554 769 27
208 1158 28
1326 906 29
9 651 30
515 1560 31
1394 286 32
426 1073 33
717 712 34
457 192 35
1567 938 36
1092 1435 37
493 710 38
1570 1447 39
718 542 40
176 537 41
874 521 42
285 628 43
804 1402 44
733 1032 45
71 1114 46
777 280 47
385 378 48
876 883 49
1581 148 50
883 473 51
1282 172 52
1121 166 53
1324 254 54
670 502 55
1572 386 56
1354 1242 57
536 1353 58
279 825 59
1465 1320 60
707 190 61
1133 74 62
500 635 63
454 89 64
393 1123 65
1149 10 66
1109 1168 67
696 1389 68
736 528 69
1337 1588 70
817 1153 71
733 1446 72
270 76 73
222 611 74
1292 1082 75
1315 730 76
1559 1099 77
854 178 78
885 1185 79
548 422 80
401 1118 81
142 485 82
106 259 83
1274 348 84
1504 902 85
883 1138 86
1283 1053 87
339 1507 88
311 1296 89
358 238 90
761 1455 91
648 942 92
289 623 93
659 1124 94
1066 119 95
63 51 96
156 1565 97
608 153 98
58 96 99
891 367 100
1233 708 101
1285 1081 102
28 612 103
520 1448 104
974 1034 105
458 177 106
230 972 107
471 959 108
1409 921 109
1553 1033 110
703 38 111
358 900 112
1502 725 113
741 1561 114
279 227 115
1390 324 116
1195 208 117
1521 882 118
1438 930 119
291 687 120
1423 258 121
1071 418 122
1540 1183 123
180 1546 124
714 341 125
1052 375 126
1201 1599 127
702 742 128
1210 1019 129
1007 1315 130
301 138 131
1501 354 132
729 592 133
655 1068 134
53 1111 135
541 116 136
898 1471 137
694 956 138
222 214 139
1427 132 140
744 917 141
634 20 142
439 1502 143
1056 840 144
942 1408 145
434 1454 146
910 1030 147
616 248 148
29 553 149
278 130 150
817 1262 151
1001 1063 152
314 703 153
963 459 154
131 558 155
500 541 156
186 1280 157
777 501 158
1579 211 159
1412 895 160
559 990 161
1559 318 162
417 991 163
536 82 164
1529 50 165
1517 416 166
1222 637 167
227 323 168
617 1042 169
503 580 170
1258 487 171
432 1148 172
731 1542 173
987 16 174
1276 93 175
480 80 176
198 575 177
8 289 178
1236 1230 179
770 494 180
358 181 181
202 985 182
565 814 183
503 841 184
1323 778 185
1071 901 186
995 661 187
995 1009 188
423 379 189
1233 396 190
1527 1510 191
742 260 192
213 984 193
1427 803 194
511 308 195
1378 1498 196
1377 1419 197
1507 772 198
1572 997 199
1447 25 200
1586 1012 1
950 760 2
717 1193 3
873 213 4
711 1551 5
528 1300 6
98 1347 7
653 1518 8
1582 787 9
343 428 10
250 919 11
1521 1014 12
1048 152 13
587 1451 14
64 786 15
488 1578 16
713 199 17
1047 1013 18
1585 1186 19
3 285 20
104 72 21
1052 1534 22
185 511 23
334 146 24
713 914 25
22 1532 26
1534 406 27
404 1040 28
1342 523 29
402 1285 30
1569 380 31
1147 1235 32
1577 91 33
70 1333 34
532 361 35
549 1106 36
459 1056 37
445 1291 38
515 981 39
1048 926 40
358 1521 41
315 1425 42
1098 71 43
326 853 44
520 819 45
1076 105 46
59 440 47
383 870 48
7 347 49
974 278 50
239 929 51
223 850 52
379 887 53
1177 1135 54
1173 839 55
1327 1264 56
1136 717 57
803 218 58
1441 45 59
116 337 60
103 279 61
91 490 62
394 936 63
632 1443 64
537 534 65
1427 878 66
722 891 67
1450 545 68
501 1490 69
591 1217 70
69 104 71
354 620 72
648 1103 73
508 144 74
332 1112 75
897 1420 76
1134 189 77
1268 1055 78
1473 1176 79
297 639 80
128 1388 81
952 1086 82
634 489 83
957 532 84
399 1313 85
1453 1522 86
644 1555 87
493 953 88
980 579 89
471 5 90
1283 505 91
339 1444 92
951 1115 93
736 1332 94
721 1563 95
1519 690 96
678 1178 97
468 1098 98
1201 968 99
877 1449 100
979 11 101
1549 497 102
532 1303 103
226 949 104
118 719 105
681 747 106
336 821 107
885 109 108
713 600 109
98 281 110
1047 1210 111
1302 296 112
1045 1243 113
871 338 114
1070 196 115
1465 182 116
459 1401 117
146 1104 118
15 1198 119
1189 300 120
328 1227 121
886 1327 122
1263 1345 123
1313 1237 124
478 321 125
346 562 126
1065 1161 127
870 1036 128
1572 1540 129
696 282 130
718 519 131
1488 1125 132
149 632 133
411 1513 134
931 170 135
213 398 136
194 1488 137
577 1427 138
819 1413 139
871 1579 140
713 785 141
103 1021 142
1339 1409 143
260 1545 144
1198 799 145
26 118 146
1050 345 147
588 385 148
974 961 149
734 359 150
1553 820 151
1384 996 152
1208 83 153
1274 1026 154
719 754 155
779 706 156
1507 610 157
881 1254 158
460 736 159
209 1360 160
1311 297 161
1029 1039 162
1076 311 163
1158 322 164
501 110 165
896 349 166
1195 1465 167
420 1302 168
468 1253 169
1349 822 170
993 893 171
159 813 172
855 412 173
1136 488 174
856 1203 175
1502 1128 176
541 1464 177
348 111 178
552 468 179
414 943 180
1047 662 181
202 1309 182
145 1434 183
310 1492 184
884 216 185
1511 429 186
1371 1595 187
348 1487 188
577 1272 189
819 276 190
819 675 191
267 1171 192
703 75 193
1309 1394 194
1071 1120 195
1185 100 196
1125 1382 197
885 844 198
1390 631 199
721 776 200
