3200 3200 200
1022 2471 1
2174 1576 2
1560 2041 3
1618 773 4
470 1751 5
1388 157 6
365 3100 7
1672 924 8
121 596 9
1599 240 10
1731 255 11
2169 892 12
1721 2373 13
1706 392 14
2978 455 15
203 319 16
369 1801 17
1039 1127 18
368 1096 19
3196 1205 20
2382 452 21
2796 417 22
179 2476 23
2278 1767 24
2977 3189 25
110 1565 26
792 1768 27
2426 1918 28
367 1083 29
2093 2734 30
2729 1673 31
2843 2443 32
1139 1949 33
197 502 34
2934 2988 35
3132 1515 36
1754 3077 37
1208 1847 38
710 2208 39
3101 2381 40
2492 950 41
2655 2773 42
2330 2938 43
1455 920 44
1385 1071 45
823 2091 46
2204 2066 47
3157 2185 48
266 2626 49
2767 2156 50
214 1090 51
1700 1950 52
2469 1409 53
404 2158 54
3184 112 55
2990 1760 56
2959 535 57
1501 3148 58
1234 2573 59
1887 2497 60
2834 2308 61
179 1466 62
1176 886 63
1239 2120 64
2074 176 65
1120 1655 66
2648 3050 67
2511 2945 68
832 1952 69
1217 1154 70
428 378 71
2996 652 72
839 1594 73
988 3170 74
1652 2380 75
2738 2342 76
2033 1348 77
2897 3060 78
1141 613 79
2942 1460 80
2541 1898 81
634 1377 82
2969 1878 83
2441 58 84
329 900 85
1168 1115 86
2340 2454 87
400 1311 88
3185 1355 89
3058 1871 90
2261 667 91
2537 2606 92
3013 2650 93
92 2920 94
483 3129 95
377 1105 96
3047 169 97
2858 125 98
2113 2199 99
644 2623 100
92 1024 101
2601 213 102
2254 3036 103
2248 658 104
1105 310 105
1129 2648 106
1320 2106 107
3140 3190 108
2859 846 109
2699 1954 110
2646 877 111
99 707 112
2760 76 113
2138 2709 114
2643 878 115
313 1072 116
2714 1403 117
1530 1771 118
2429 1501 119
2676 741 120
3052 2864 121
249 2268 122
3019 1772 123
2372 2333 124
317 2311 125
1046 1066 126
3032 2943 127
1347 2236 128
1796 1712 129
850 2191 130
518 415 131
650 2018 132
936 2278 133
31 1819 134
705 2462 135
938 730 136
3149 457 137
1151 1313 138
1821 1427 139
2514 155 140
814 2932 141
3150 3031 142
1558 631 143
2714 1195 144
994 489 145
374 1109 146
2019 948 147
2688 612 148
2641 99 149
92 1074 150
2052 2614 151
2149 2572 152
1059 728 153
2677 1023 154
1351 303 155
2476 1256 156
2039 1874 157
1317 2318 158
919 26 159
1038 1419 160
3196 1962 161
2814 269 162
3198 2942 163
323 297 164
2839 1753 165
512 2100 166
1456 791 167
2858 2843 168
2365 190 169
705 2411 170
2202 2629 171
3080 339 172
1230 990 173
1157 1231 174
2909 34 175
3127 2240 176
2288 2271 177
2992 1103 178
1387 3175 179
2858 1723 180
515 2466 181
1643 2027 182
1239 2769 183
2467 604 184
2019 2791 185
1074 95 186
1857 3067 187
1532 2210 188
100 1850 189
917 151 190
1346 348 191
1438 1701 192
1298 1338 193
292 1490 194
2682 1688 195
2560 1277 196
2575 1613 197
2897 2840 198
2019 1585 199
1156 550 200
1802 2667 1
44 3184 2
2492 572 3
2829 1972 4
2266 1504 5
1401 527 6
2793 159 7
1112 1521 8
2280 368 9
128 2534 10
2365 985 11
161 2107 12
2860 2179 13
3060 1278 14
1383 2181 15
2869 2980 16
983 930 17
1939 2173 18
828 1761 19
2047 2131 20
1487 834 21
35 2259 22
1735 607 23
673 816 24
1511 665 25
2464 2768 26
2965 453 27
1670 2762 28
119 127 29
749 3107 30
1511 1329 31
820 2067 32
507 47 33
3134 1451 34
1892 1670 35
856 702 36
2361 2590 37
1345 770 38
1411 1680 39
596 1912 40
1386 954 41
921 1468 42
284 2012 43
2836 361 44
2603 1926 45
1318 2561 46
917 317 47
2618 1730 48
1114 713 49
1379 522 50
3072 536 51
1425 463 52
656 704 53
2977 829 54
1362 630 55
1491 695 56
2795 120 57
274 388 58
2207 1824 59
943 2350 60
2618 3052 61
2046 800 62
3080 969 63
2411 1285 64
634 2241 65
1943 289 66
2776 355 67
2198 2263 68
2446 2288 69
2226 2115 70
2314 207 71
651 1283 72
1167 875 73
2303 3103 74
252 2379 75
1844 805 76
1715 3149 77
3093 481 78
2300 1621 79
2578 1234 80
470 2634 81
1908 2123 82
3088 1292 83
733 1191 84
3027 913 85
2330 1415 86
139 569 87
2795 2818 88
1202 1137 89
1179 566 90
2568 2409 91
318 2398 92
2678 89 93
1677 234 94
2668 1629 95
932 2099 96
2686 446 97
2189 1405 98
1687 1325 99
2800 2141 100
2909 2546 101
1317 1310 102
2403 78 103
2344 912 104
1785 1242 105
1487 397 106
2513 761 107
2280 1690 108
339 2666 109
1166 2672 110
2177 14 111
2748 3162 112
859 1017 113
2016 660 114
2563 835 115
1010 3038 116
2541 498 117
1863 2753 118
1201 3153 119
2098 302 120
219 2914 121
1910 223 122
1219 2990 123
1582 1122 124
3158 837 125
1815 204 126
364 2334 127
2622 3113 128
2935 1206 129
194 497 130
1524 11 131
804 2162 132
2655 684 133
124 1220 134
861 1499 135
112 96 136
377 295 137
2386 2511 138
3126 2020 139
2704 476 140
1105 2005 141
2169 1644 142
100 1335 143
2874 2403 144
1795 1797 145
2578 1812 146
3075 661 147
1917 259 148
1877 2416 149
2379 245 150
1139 158 151
2818 1005 152
1487 2349 153
1485 1864 154
2652 2865 155
3111 1289 156
1322 1057 157
1295 833 158
1454 2258 159
3004 3074 160
610 2421 161
705 3057 162
540 1156 163
2221 2824 164
1138 2354 165
1356 3072 166
3033 279 167
1340 2547 168
3153 1028 169
796 1012 170
22 1385 171
207 1616 172
2609 1236 173
3075 2879 174
1747 1200 175
2253 1135 176
910 391 177
803 591 178
2879 62 179
2616 2143 180
698 763 181
92 2042 182
2180 748 183
1455 2603 184
329 3160 185
1703 1284 186
819 1204 187
2265 700 188
1784 2745 189
2121 2451 190
2502 1337 191
1702 1213 192
2601 2897 193
2710 2506 194
483 1538 195
4 699 196
143 2437 197
3065 241 198
238 2568 199
1622 2675 200
266 832 1
2169 1844 2
1782 87 3
2575 814 4
3009 2314 5
897 81 6
886 2956 7
1958 3139 8
2515 530 9
2064 1682 10
891 1091 11
2047 195 12
1630 1985 13
1264 2779 14
2420 683 15
1926 421 16
1263 33 17
2492 1120 18
917 1497 19
145 1738 20
1110 2117 21
1356 1471 22
2088 485 23
1479 896 24
1582 1883 25
2863 2122 26
214 1388 27
3194 1233 28
3092 65 29
2858 2631 30
481 2998 31
1244 2431 32
95 890 33
2038 1197 34
2471 1656 35
2896 2386 36
992 2925 37
45 1991 38
2248 357 39
3172 2195 40
1934 2000 41
1931 1884 42
1407 272 43
2858 620 44
2693 3034 45
837 1250 46
1203 1961 47
1346 1800 48
594 1244 49
1931 2030 50
180 1104 51
2152 910 52
1280 2696 53
175 3098 54
1813 1316 55
2912 2885 56
175 2064 57
1204 2400 58
286 1570 59
1519 2332 60
497 1931 61
637 3117 62
1137 739 63
2511 2331 64
2413 1151 65
409 1708 66
1704 221 67
2712 1653 68
1038 1967 69
791 609 70
35 1630 71
211 636 72
2149 1333 73
2803 1349 74
480 1003 75
2897 3138 76
1581 37 77
1640 2264 78
3064 1632 79
858 1685 80
1106 2358 81
2510 290 82
1634 2777 83
1158 398 84
2042 1009 85
1135 2399 86
733 2254 87
2448 2849 88
1024 2700 89
689 441 90
1092 1513 91
2416 982 92
2624 1851 93
2683 2795 94
2575 488 95
1181 1774 96
2338 1618 97
424 163 98
2604 2941 99
2853 2556 100
2045 2834 101
411 399 102
1260 2469 103
1506 1720 104
244 1553 105
128 1633 106
2968 2742 107
1353 1959 108
1649 2391 109
676 2440 110
520 682 111
2402 3199 112
180 30 113
2287 977 114
2652 518 115
193 2461 116
1918 1414 117
170 1084 118
1211 1930 119
347 2214 120
929 1080 121
861 192 122
102 2275 123
326 2319 124
742 1876 125
483 467 126
2977 199 127
822 1834 128
1529 999 129
1104 2474 130
367 973 131
3002 2764 132
2755 3111 133
3119 314 134
1331 3142 135
546 3 136
1792 1643 137
2540 1175 138
2529 2729 139
3075 2738 140
2897 206 141
3065 1294 142
81 1484 143
1519 1441 144
1785 1232 145
1891 888 146
1700 729 147
2257 1794 148
1840 670 149
2441 2552 150
1708 1474 151
2183 312 152
2088 7 153
1784 1675 154
1796 1297 155
2957 1601 156
1024 273 157
1654 2832 158
1042 813 159
596 2444 160
1777 2632 161
1622 1703 162
22 2900 163
1009 1698 164
3153 258 165
2935 141 166
671 2887 167
261 1126 168
291 430 169
714 747 170
1383 936 171
1270 1239 172
2441 2560 173
2777 2435 174
2314 133 175
782 2621 176
1042 1274 177
3156 1092 178
777 2869 179
2497 738 180
2684 3062 181
895 851 182
76 681 183
614 2060 184
2876 1257 185
2778 77 186
1175 533 187
2656 934 188
1497 2525 189
781 3084 190
3108 2517 191
1477 645 192
1867 188 193
3023 2313 194
1033 390 195
2108 2053 196
1570 1845 197
2441 1881 198
835 2323 199
927 2881 200
2648 946 1
2563 1166 2
1038 1795 3
666 336 4
696 422 5
2317 953 6
2055 1434 7
245 2252 8
2909 2624 9
1684 2189 10
593 3054 11
22 1908 12
2029 219 13
673 2276 14
705 2811 15
18 17 16
1510 1098 17
1683 2394 18
3052 2279 19
2762 1259 20
996 688 21
637 1646 22
1322 694 23
249 3196 24
2721 2520 25
634 281 26
1931 128 27
3080 2991 28
1931 3012 29
2138 2218 30
2080 804 31
1910 1317 32
1738 680 33
1996 49 34
1844 809 35
1512 92 36
2157 2868 37
1540 765 38
1599 2804 39
749 3179 40
133 2384 41
2624 2364 42
103 517 43
708 1586 44
1618 2146 45
2586 664 46
702 2890 47
470 605 48
2712 243 49
2080 2246 50
3020 1086 51
1540 2103 52
3117 3030 53
92 1556 54
2046 2986 55
2077 1781 56
1928 236 57
2007 679 58
1363 1790 59
2129 1890 60
3148 2133 61
2443 2550 62
1855 1145 63
1770 1957 64
2285 1461 65
470 1112 66
316 1426 67
120 2057 68
2739 1806 69
2311 1750 70
2280 69 71
1981 2138 72
3189 1869 73
2694 1125 74
3132 1799 75
2375 2484 76
790 2504 77
811 629 78
2319 1370 79
1901 2007 80
1735 448 81
1802 2689 82
2451 1168 83
1910 2848 84
557 2724 85
303 1669 86
796 382 87
190 601 88
614 916 89
1770 860 90
268 1537 91
1140 1067 92
1293 1390 93
1373 1006 94
1075 1108 95
1854 1251 96
5 2019 97
2106 1650 98
2714 2055 99
557 1782 100
290 2043 101
3006 2161 102
3056 2592 103
104 1948 104
137 2889 105
2926 2155 106
2306 1649 107
89 1846 108
1204 951 109
594 2114 110
3075 167 111
2437 1752 112
753 2142 113
996 1303 114
1830 2741 115
2365 1065 116
1886 3071 117
2591 209 118
1641 3120 119
79 902 120
2237 2855 121
980 1937 122
2853 1076 123
2910 606 124
252 313 125
1622 1557 126
264 1258 127
483 3156 128
3161 2293 129
414 3115 130
3011 1280 131
1652 1165 132
1469 1042 133
1152 980 134
850 43 135
2714 238 136
795 3168 137
635 267 138
5 1803 139
1728 1710 140
51 235 141
1203 666 142
547 2602 143
2863 1493 144
261 478 145
1615 2911 146
2872 2951 147
196 52 148
609 1582 149
5 1693 150
557 2201 151
706 3194 152
2420 795 153
2446 1160 154
1746 3134 155
1627 1045 156
1544 2326 157
725 405 158
2682 472 159
147 580 160
2636 3174 161
2825 2736 162
2492 705 163
1349 1382 164
1441 1778 165
2530 293 166
1630 2014 167
875 2785 168
2253 82 169
2940 1722 170
2163 2269 171
2724 2157 172
380 2479 173
2706 2088 174
1904 1061 175
2128 1560 176
2210 2187 177
2314 470 178
792 672 179
2054 2721 180
1104 2305 181
1933 2467 182
2178 2979 183
1042 1870 184
2129 595 185
687 2926 186
2181 1196 187
2273 949 188
2195 2231 189
1735 1982 190
1766 1943 191
2163 2882 192
313 35 193
3195 2025 194
614 2664 195
792 1507 196
977 353 197
2834 46 198
212 2508 199
2471 3086 200
134 1146 1
540 402 2
1331 3004 3
2121 2939 4
596 1713 5
1084 986 6
1160 1457 7
2745 1816 8
1391 2094 9
2339 511 10
3029 1097 11
510 2711 12
950 1356 13
1120 2765 14
1627 1362 15
1401 1711 16
697 3144 17
184 1478 18
565 2489 19
717 552 20
2810 2772 21
1403 812 22
2964 3094 23
540 1323 24
759 512 25
2995 354 26
2920 2274 27
3041 715 28
931 1574 29
3190 940 30
34 862 31
2221 2408 32
1312 781 33
626 2958 34
2285 1246 35
2337 1263 36
2848 2211 37
1079 1614 38
2197 1942 39
1310 656 40
1069 2183 41
1527 1053 42
801 997 43
1897 2670 44
249 1456 45
2201 1802 46
2312 531 47
806 2579 48
920 2663 49
2926 737 50
562 764 51
765 1376 52
1322 753 53
920 5 54
1625 3177 55
1858 2524 56
119 649 57
671 1324 58
779 1132 59
367 1929 60
2768 551 61
1928 40 62
3041 2819 63
1283 1552 64
2106 491 65
1415 1124 66
1205 2904 67
2383 510 68
1550 1077 69
1419 2076 70
589 618 71
377 1129 72
631 567 73
347 1238 74
1274 284 75
413 170 76
688 2719 77
3035 2593 78
2641 3198 79
3140 2898 80
656 1906 81
481 2449 82
2640 2884 83
2 2167 84
2479 938 85
2420 246 86
1276 1535 87
2365 3187 88
2977 2646 89
2301 1467 90
1977 2575 91
1056 2445 92
1219 2119 93
2601 2857 94
1818 135 95
214 2858 96
2219 2880 97
935 2351 98
1311 1927 99
213 894 100
3189 592 101
3019 2050 102
53 545 103
3132 2838 104
881 2292 105
2827 2180 106
31 677 107
1104 3183 108
1481 1453 109
2340 1039 110
2008 1610 111
1907 1837 112
1365 2478 113
695 1344 114
852 2243 115
1275 3101 116
2084 1974 117
1630 2190 118
1892 24 119
3161 1977 120
792 2077 121
1550 3191 122
180 2683 123
934 3040 124
2817 2335 125
2652 364 126
2128 740 127
540 1571 128
1120 3161 129
2529 3035 130
2001 27 131
972 414 132
1260 897 133
2853 110 134
1553 2382 135
1823 2563 136
2126 345 137
1360 16 138
421 1121 139
2962 1810 140
1181 885 141
455 1872 142
2552 2235 143
2194 1832 144
2992 3011 145
1863 495 146
373 2536 147
2301 1996 148
2695 1450 149
257 907 150
369 1495 151
2188 412 152
3172 230 153
1565 2137 154
2415 400 155
2601 2320 156
725 129 157
3052 1827 158
496 1189 159
2327 469 160
1824 2739 161
1823 2916 162
1139 2891 163
2330 2829 164
696 3058 165
2492 1479 166
2684 2510 167
2519 1472 168
2610 653 169
1727 2393 170
1876 1862 171
2328 2619 172
2469 651 173
2138 3180 174
3014 3028 175
669 2282 176
2860 373 177
906 2693 178
3187 424 179
2942 806 180
110 1868 181
1795 1626 182
593 2226 183
3183 260 184
2675 2355 185
2896 2307 186
676 1360 187
85 2507 188
2537 574 189
2411 2059 190
441 29 191
166 464 192
217 68 193
1308 351 194
2927 416 195
1202 647 196
777 2228 197
2540 1836 198
2716 2854 199
339 2277 200
33 1320 1
483 2541 2
3041 1514 3
2225 2871 4
1275 734 5
44 3087 6
1815 915 7
2314 2792 8
2205 280 9
144 2472 10
1282 952 11
1865 1314 12
2042 696 13
2872 926 14
861 1172 15
1676 2170 16
2454 2346 17
154 1182 18
1708 2679 19
807 1530 20
1487 202 21
1247 1522 22
2072 1365 23
2561 3045 24
1678 3049 25
1320 1185 26
2630 394 27
2578 2169 28
18 1919 29
2246 2758 30
1572 2037 31
2169 1899 32
1057 1549 33
2572 2800 34
899 1641 35
3196 3044 36
2491 2841 37
2192 3039 38
2704 3106 39
2964 1245 40
1581 3007 41
2098 276 42
2654 1227 43
2330 201 44
1708 1114 45
928 955 46
2544 2549 47
2253 755 48
100 2487 49
815 3079 50
140 2186 51
2347 3151 52
831 320 53
561 132 54
1022 156 55
1191 225 56
300 1055 57
335 1020 58
3097 1525 59
324 1551 60
2081 2285 61
1678 3010 62
2879 1742 63
2069 720 64
95 2357 65
365 2270 66
1973 1913 67
1797 2090 68
2509 2935 69
2131 216 70
1120 2583 71
967 2153 72
1399 1678 73
2149 1371 74
719 56 75
361 1446 76
2940 2918 77
2171 2255 78
539 376 79
1170 1143 80
2940 797 81
2430 1060 82
2316 751 83
3019 496 84
2648 2910 85
576 2370 86
3142 2223 87
1933 3173 88
1129 2528 89
2852 921 90
827 70 91
777 1287 92
631 1004 93
1077 2847 94
1208 758 95
1725 2933 96
1308 788 97
685 2567 98
1586 504 99
535 2701 100
2686 1714 101
1094 1459 102
93 3059 103
1824 3099 104
16 2861 105
17 2746 106
1327 21 107
317 1363 108
205 2635 109
1969 2383 110
252 1007 111
2533 19 112
1260 2526 113
1701 1381 114
318 2366 115
1871 1529 116
1978 963 117
1550 428 118
1420 325 119
497 1820 120
2967 3133 121
2801 2219 122
184 1272 123
22 2712 124
112 1496 125
1363 2681 126
2077 403 127
2241 20 128
1348 1073 129
524 1702 130
218 2685 131
1623 2615 132
2714 409 133
189 836 134
3175 3126 135
1379 723 136
2898 1709 137
395 2289 138
1246 2401 139
1320 406 140
1275 759 141
1720 1840 142
2831 2494 143
2843 270 144
2248 2159 145
2563 2543 146
982 2336 147
996 2127 148
3195 164 149
401 757 150
544 2299 151
2499 294 152
3116 2136 153
409 2046 154
437 1281 155
1168 2256 156
2678 918 157
1670 1500 158
1493 2035 159
1038 2464 160
1303 2080 161
2052 1178 162
2121 710 163
1274 2717 164
335 458 165
1347 1161 166
1786 675 167
1558 1442 168
1967 1088 169
1474 1598 170
1082 2102 171
430 106 172
2389 717 173
1747 1142 174
2655 91 175
2758 624 176
562 646 177
3139 322 178
2603 623 179
350 1852 180
2423 2759 181
509 2375 182
905 145 183
96 1328 184
1814 1113 185
3150 2755 186
2544 116 187
593 1532 188
1243 3019 189
1780 3047 190
1885 1531 191
1029 2029 192
291 743 193
2888 2835 194
2380 1798 195
862 291 196
973 285 197
303 879 198
2605 597 199
1219 436 200
2212 1606 1
3156 1506 2
2469 1357 3
261 1569 4
2636 2574 5
1493 1002 6
934 2230 7
917 1327 8
1904 1731 9
1639 1452 10
599 137 11
1117 2901 12
1838 1229 13
1310 505 14
2683 2529 15
58 2483 16
1024 635 17
2529 1958 18
1534 198 19
565 778 20
2314 3146 21
594 2796 22
816 1445 23
1188 2539 24
2320 3089 25
1362 2092 26
274 117 27
1388 2242 28
2315 143 29
2469 2470 30
1249 142 31
2895 1848 32
3032 2668 33
1401 1100 34
1186 866 35
878 961 36
2220 2597 37
3120 971 38
2430 2587 39
776 494 40
1969 1347 41
1538 179 42
2363 2737 43
467 2084 44
2381 2147 45
67 790 46
1129 2126 47
214 2591 48
3183 2450 49
1863 1647 50
26 659 51
2032 731 52
1511 1354 53
1506 2038 54
2291 321 55
1094 187 56
293 2894 57
347 1211 58
2548 386 59
2314 1387 60
2601 249 61
2639 501 62
719 2473 63
1383 882 64
920 2863 65
326 2566 66
2469 2751 67
369 801 68
1687 343 69
398 732 70
509 872 71
2340 3181 72
318 380 73
949 1727 74
3024 2424 75
3187 2680 76
1617 1737 77
1318 1079 78
917 462 79
929 1133 80
1465 2194 81
1034 278 82
1608 28 83
671 2706 84
1144 1747 85
1392 1309 86
2198 175 87
116 2516 88
2210 2851 89
1161 1262 90
74 113 91
216 1021 92
1184 966 93
1977 1683 94
1708 2774 95
2895 1031 96
1206 1070 97
2605 614 98
3021 944 99
1937 908 100
2829 2392 101
1720 265 102
197 1925 103
2400 556 104
480 1036 105
1571 1433 106
3189 1029 107
1729 2725 108
161 933 109
515 984 110
1123 942 111
1703 2221 112
2237 3026 113
965 555 114
691 3188 115
873 1318 116
2310 2 117
1360 1163 118
389 144 119
3003 974 120
1364 810 121
1803 549 122
1825 2608 123
509 1505 124
1203 575 125
3017 431 126
1689 2452 127
2811 1392 128
2642 1988 129
3083 2656 130
364 2389 131
1937 1326 132
927 2337 133
2684 2613 134
670 61 135
1038 3159 136
3000 2697 137
148 1880 138
857 724 139
3146 1792 140
2899 610 141
2253 998 142
447 1332 143
1131 1223 144
48 654 145
1713 2328 146
2062 2086 147
3037 1237 148
972 884 149
134 440 150
934 1498 151
207 3091 152
2992 1817 153
2160 1051 154
2583 1835 155
1065 2196 156
3180 3171 157
1914 84 158
998 2232 159
705 2237 160
2872 1766 161
2816 1350 162
1663 3136 163
995 1541 164
1188 548 165
1156 615 166
171 903 167
1307 466 168
1857 2875 169
1455 1510 170
2605 362 171
1935 1380 172
2344 514 173
843 3076 174
2201 64 175
180 905 176
682 2404 177
920 1483 178
1519 1306 179
2646 1110 180
5 1994 181
1671 2599 182
483 1373 183
740 1208 184
139 1796 185
759 2415 186
723 1268 187
1527 1887 188
3150 542 189
2253 1545 190
2198 2870 191
2977 1035 192
210 712 193
2712 2396 194
189 775 195
3034 1886 196
2338 2684 197
3075 2853 198
2852 1487 199
936 103 200
1041 342 1
1602 3164 2
400 2877 3
1228 2013 4
1152 1645 5
124 2710 6
2738 2512 7
2009 2458 8
1009 134 9
2508 1733 10
1176 3178 11
1521 2691 12
2887 625 13
1383 2406 14
2204 1970 15
2339 2740 16
2598 429 17
875 2362 18
1070 1896 19
560 3021 20
2368 1968 21
806 215 22
2710 2548 23
2678 427 24
1242 993 25
3196 839 26
2552 779 27
2056 2165 28
3097 1856 29
2927 2040 30
789 1261 31
1887 2129 32
2795 2976 33
2875 1987 34
712 1993 35
3054 807 36
139 689 37
3081 1639 38
480 2327 39
2748 2555 40
1513 644 41
592 1307 42
2095 1018 43
2303 3165 44
1124 532 45
906 3108 46
2703 350 47
1959 1130 48
1263 2618 49
3073 904 50
139 1411 51
774 1352 52
2502 2704 53
1933 641 54
2815 432 55
2129 2692 56
588 2475 57
2601 434 58
2396 401 59
1556 826 60
2582 2140 61
482 803 62
1352 1983 63
1287 48 64
3162 817 65
2977 79 66
3080 1176 67
3025 1336 68
1941 1464 69
1508 1288 70
57 1945 71
1105 3051 72
2970 648 73
1152 1550 74
2863 210 75
2128 250 76
61 146 77
2662 468 78
2589 1482 79
3195 979 80
1892 2188 81
1005 1785 82
2316 3195 83
1562 2899 84
911 1321 85
1310 2720 86
1976 3157 87
2285 1707 88
3034 767 89
2687 2202 90
438 359 91
1916 3080 92
1077 2006 93
2202 871 94
861 1212 95
1633 2846 96
595 2388 97
2149 233 98
1828 1489 99
2743 1136 100
1455 1047 101
2578 2921 102
507 1563 103
2676 404 104
1489 2754 105
201 1718 106
1661 1921 107
184 528 108
2084 2405 109
402 1267 110
558 2359 111
1566 3016 112
752 2283 113
1283 3124 114
1041 1882 115
186 1740 116
2109 895 117
2408 218 118
2794 783 119
811 1986 120
1797 191 121
1341 2895 122
2477 1981 123
693 2298 124
3014 972 125
1558 1271 126
144 3125 127
2706 2207 128
1713 1410 129
1343 2229 130
2360 2371 131
2652 1188 132
2059 1705 133
215 1398 134
1933 1400 135
852 1334 136
326 1299 137
2588 754 138
371 300 139
2775 2600 140
1156 426 141
777 776 142
1364 830 143
315 1159 144
3150 2496 145
1642 2702 146
267 1019 147
2888 1631 148
3075 2062 149
1024 31 150
2524 1665 151
2062 2660 152
236 1473 153
59 2322 154
1803 2801 155
1243 2455 156
1228 1990 157
1493 2917 158
656 2856 159
1158 253 160
2923 3128 161
2659 1248 162
1389 228 163
295 2578 164
2462 2121 165
1565 2306 166
1179 239 167
540 227 168
917 1916 169
2521 1578 170
252 1888 171
1967 787 172
2768 1589 173
1384 1724 174
280 2532 175
2474 1089 176
205 2577 177
3122 2078 178
1029 1147 179
920 1969 180
1845 1866 181
1423 1895 182
3196 1040 183
2250 1315 184
2165 1300 185
92 1910 186
1651 2589 187
1129 2081 188
867 2657 189
2577 438 190
1470 733 191
1953 1190 192
2916 1721 193
2716 2733 194
2499 1075 195
1571 1469 196
2830 2085 197
2237 433 198
1797 719 199
2712 1620 200
1620 976 1
2390 989 2
974 3022 3
242 2213 4
42 3042 5
479 90 6
1423 1290 7
2530 2374 8
217 3163 9
1033 277 10
1981 2083 11
2538 1822 12
2198 1440 13
2882 2749 14
1910 1157 15
2093 1628 16
1829 244 17
2899 2011 18
197 2290 19
2263 3081 20
2701 520 21
2381 1924 22
1105 2784 23
292 2902 24
1200 2836 25
34 674 26
1337 945 27
33 521 28
3025 425 29
852 2665 30
804 1366 31
1074 1615 32
2080 1773 33
3075 2250 34
2008 1148 35
2335 736 36
875 1904 37
2209 2503 38
33 560 39
2496 782 40
1411 2023 41
431 1591 42
359 585 43
673 842 44
45 3130 45
2636 799 46
507 93 47
201 2966 48
463 3197 49
126 1540 50
2572 499 51
2996 1375 52
303 1264 53
3146 2321 54
310 222 55
1566 1429 56
727 2093 57
1024 1679 58
1180 2422 59
2844 2071 60
1511 2032 61
2959 2594 62
2338 2309 63
140 316 64
1691 2812 65
244 181 66
949 881 67
1033 3102 68
1203 1699 69
1653 1224 70
15 1739 71
1092 3116 72
2453 577 73
467 152 74
1779 1662 75
171 1674 76
1983 3015 77
3033 2465 78
207 1379 79
373 1536 80
221 1215 81
620 1298 82
1966 1666 83
1088 2051 84
3021 2562 85
368 71 86
1201 534 87
557 784 88
2665 1486 89
864 1640 90
1716 2419 91
2932 1249 92
411 2222 93
400 503 94
2397 461 95
1933 3122 96
581 1199 97
1098 571 98
163 309 99
2693 437 100
596 1879 101
1940 2317 102
2338 2995 103
1120 1892 104
935 1286 105
2634 2963 106
1941 3154 107
1854 2509 108
2672 1663 109
249 4 110
604 38 111
2462 2748 112
3166 2620 113
2887 53 114
852 194 115
1584 1369 116
2062 1821 117
2150 991 118
2564 1936 119
1891 123 120
448 2175 121
121 2714 122
1592 54 123
324 1412 124
2652 18 125
258 1052 126
1891 2905 127
1208 2699 128
1022 3132 129
861 1831 130
88 1095 131
2137 2432 132
394 1116 133
311 39 134
1877 2728 135
1735 1684 136
1931 1391 137
2695 1279 138
2081 554 139
740 308 140
437 1607 141
1136 36 142
1969 119 143
1511 140 144
1227 1783 145
1754 2151 146
2817 2045 147
2464 1946 148
3002 1276 149
2473 2922 150
2166 2428 151
1766 1454 152
2130 2924 153
935 1470 154
64 1611 155
831 1667 156
631 387 157
2060 3001 158
1916 2446 159
1427 2873 160
2090 2876 161
943 1198 162
33 1056 163
295 180 164
2936 2266 165
2374 2369 166
1206 519 167
2492 1422 168
7 744 169
432 1777 170
2553 57 171
3023 1494 172
1229 1491 173
88 1857 174
101 1889 175
1139 371 176
281 51 177
2538 1270 178
1890 2048 179
1550 3009 180
719 2999 181
387 1164 182
2360 957 183
599 898 184
507 1054 185
2533 1068 186
2828 2530 187
2504 1475 188
2937 617 189
3059 3032 190
1560 1015 191
2572 1367 192
1998 2735 193
2675 1304 194
1310 1534 195
2 1345 196
19 2747 197
2795 2251 198
567 1339 199
2583 2303 200
3094 492 1
190 2291 2
1536 570 3
2935 2770 4
2565 1013 5
1727 2015 6
968 2193 7
2280 1584 8
2042 671 9
2121 2652 10
47 867 11
1584 1744 12
2411 1026 13
1910 456 14
3052 2112 15
5 1854 16
445 1743 17
1034 2348 18
703 525 19
2231 2216 20
1435 988 21
1077 2052 22
2314 407 23
624 50 24
651 2639 25
1651 447 26
1282 115 27
370 941 28
22 1920 29
1795 1608 30
610 848 31
1572 1102 32
2920 1401 33
2208 2776 34
1303 634 35
2501 1595 36
2858 3006 37
438 1141 38
3200 2324 39
880 1922 40
1379 2771 41
517 445 42
733 500 43
937 2304 44
3139 2203 45
1014 721 46
1756 2644 47
673 850 48
1353 166 49
1003 2004 50
2721 1964 51
238 12 52
1099 2538 53
1762 1416 54
2011 2378 55
2084 475 56
2477 3092 57
1168 2063 58
1181 275 59
1867 473 60
2662 2952 61
673 1677 62
725 10 63
1659 2402 64
2753 1210 65
1048 3114 66
2600 562 67
549 1636 68
1216 983 69
344 1635 70
2888 1998 71
850 2965 72
188 873 73
25 786 74
2099 2682 75
1954 1559 76
1120 2385 77
3129 2523 78
3158 608 79
2201 650 80
311 568 81
17 450 82
329 94 83
3028 546 84
2886 2135 85
2288 2485 86
2354 1726 87
637 825 88
1964 2082 89
1076 3172 90
1823 2953 91
175 573 92
1902 657 93
3023 1209 94
3090 6 95
1146 1555 96
3078 1010 97
1180 1554 98
347 2028 99
779 1839 100
1882 760 101
2648 1383 102
3145 3109 103
241 2429 104
2039 1001 105
5 2344 106
2695 318 107
1793 3152 108
2665 1217 109
2491 2931 110
166 1179 111
541 1011 112
2169 1518 113
121 2786 114
126 2565 115
480 1423 116
867 2809 117
1795 2775 118
1250 1476 119
1244 323 120
2820 1700 121
964 298 122
2601 3150 123
1045 1374 124
1386 752 125
3129 2622 126
3124 1567 127
893 66 128
1161 2558 129
1533 2845 130
1120 792 131
187 2073 132
500 2168 133
2640 2810 134
2416 643 135
676 1965 136
2250 1696 137
1194 919 138
558 2959 139
1911 411 140
2242 1293 141
2478 1748 142
2098 1343 143
3122 2828 144
1489 2628 145
2610 1180 146
626 1975 147
2603 2315 148
1353 1527 149
1001 1030 150
2079 154 151
93 2154 152
3009 1404 153
139 1201 154
2242 543 155
1527 2585 156
2842 2533 157
2177 1187 158
2355 2723 159
97 516 160
2751 1214 161
3065 2551 162
2099 1995 163
1976 789 164
1075 2797 165
1440 2752 166
669 1625 167
1547 263 168
2162 419 169
2464 2732 170
1459 2500 171
457 2654 172
3183 2101 173
801 2420 174
1238 2984 175
1899 1966 176
2794 306 177
1140 2808 178
1463 1428 179
810 2295 180
2456 1524 181
2824 2113 182
3162 508 183
2528 2178 184
99 1828 185
1254 1 186
518 588 187
2920 1153 188
2276 2642 189
196 987 190
777 42 191
905 324 192
576 3147 193
2126 205 194
2482 1542 195
3075 2039 196
2609 2491 197
858 513 198
2799 32 199
1759 2068 200
2753 15 1
405 486 2
687 3105 3
2057 2839 4
1914 2653 5
1920 845 6
2462 1941 7
2743 165 8
1708 929 9
1234 2302 10
210 2390 11
171 2360 12
77 2985 13
2614 844 14
1470 136 15
2332 1131 16
2442 1717 17
1317 1265 18
477 849 19
1140 1438 20
2201 124 21
2026 2912 22
1373 1657 23
80 332 24
1304 395 25
62 1754 26
975 3048 27
3184 1436 28
80 3056 29
409 2441 30
943 131 31
1958 2197 32
3042 442 33
2390 2418 34
987 370 35
402 820 36
2056 2453 37
1031 2588 38
2528 2365 39
2790 366 40
1351 2253 41
1702 2690 42
308 823 43
2209 1634 44
935 2978 45
2097 1517 46
2080 1139 47
1084 220 48
2330 1759 49
171 2368 50
1746 880 51
2743 72 52
581 750 53
2198 2267 54
1910 1746 55
227 2505 56
1277 1228 57
2648 1170 58
1933 947 59
2169 1202 60
241 1691 61
2498 1543 62
5 3140 63
2653 1418 64
3172 2412 65
1282 454 66
18 1694 67
1820 292 68
710 2636 69
1659 1687 70
140 1207 71
2613 1481 72
2953 2960 73
1701 2903 74
1857 1572 75
1538 1652 76
875 1877 77
1436 1081 78
1326 1184 79
1298 798 80
158 3110 81
1404 8 82
2415 1984 83
867 1704 84
2975 2783 85
1091 248 86
1060 2363 87
2209 1353 88
3033 3118 89
1108 1528 90
1381 772 91
3113 2436 92
147 3104 93
151 183 94
3073 2661 95
1659 1811 96
1105 2456 97
1382 716 98
1773 262 99
3014 2287 100
1152 852 101
2505 538 102
2446 2862 103
2990 229 104
937 690 105
2609 1407 106
2916 1928 107
1854 2744 108
217 1755 109
2640 2814 110
2207 2220 111
705 1038 112
1024 2760 113
1391 2150 114
890 2662 115
1276 1648 116
2519 1041 117
1375 2061 118
779 393 119
1151 2531 120
1949 2345 121
1548 2651 122
1347 1424 123
712 2564 124
927 1221 125
203 2970 126
3042 2002 127
1337 2097 128
450 1225 129
2918 254 130
2084 360 131
357 1396 132
364 2659 133
404 162 134
631 2906 135
54 2010 136
1920 529 137
1916 2079 138
1647 1395 139
3118 822 140
2439 769 141
167 975 142
2479 1562 143
1152 2457 144
2464 3193 145
199 211 146
2601 959 147
387 1664 148
91 628 149
2169 2996 150
2241 726 151
90 2586 152
2248 2284 153
1311 2518 154
1230 3041 155
1473 1732 156
2221 2859 157
1901 150 158
1511 2708 159
2954 2713 160
2654 3119 161
507 576 162
1132 1128 163
3014 3075 164
2766 2273 165
2600 383 166
1188 307 167
853 2527 168
3034 2448 169
1139 1260 170
2052 2407 171
1917 2442 172
1047 2705 173
3050 2174 174
1481 2352 175
342 709 176
1204 1430 177
5 3029 178
2937 413 179
3042 2676 180
2634 268 181
2437 2997 182
806 1932 183
96 251 184
937 2024 185
1461 2767 186
3014 2695 187
1327 847 188
829 3158 189
2047 1447 190
2523 2973 191
2285 662 192
2662 2297 193
2694 2915 194
3129 1914 195
1087 2482 196
792 1477 197
516 3078 198
2467 2036 199
969 1241 200
2827 139 1
1565 855 2
3167 1619 3
791 2611 4
2347 1566 5
72 493 6
2464 2961 7
747 1174 8
1677 1973 9
456 178 10
927 935 11
2009 611 12
1910 1763 13
1004 384 14
2604 1580 15
981 1734 16
875 2844 17
2344 1624 18
2098 1192 19
2481 928 20
2669 1784 21
268 718 22
2519 558 23
2687 2413 24
1463 2816 25
745 2750 26
1385 1435 27
286 3027 28
214 2492 29
1330 1119 30
2327 2886 31
3027 1235 32
3120 2480 33
1189 678 34
3200 1480 35
2276 1758 36
2693 1037 37
2013 582 38
1616 3024 39
3075 2514 40
2908 3155 41
1843 1384 42
92 2033 43
1491 231 44
1576 1592 45
3101 13 46
2043 420 47
100 1085 48
2329 1273 49
258 2580 50
2093 1935 51
2137 1951 52
1977 1183 53
1867 1947 54
1322 1622 55
2270 1769 56
100 2245 57
823 109 58
2578 25 59
195 1588 60
1857 274 61
230 375 62
1602 73 63
2841 3083 64
829 3085 65
319 2261 66
1684 714 67
1700 2582 68
548 3066 69
1893 1651 70
932 2316 71
2479 594 72
2119 2722 73
1630 208 74
2915 3127 75
2039 1917 76
1937 2638 77
1553 224 78
2011 1597 79
2209 171 80
1074 883 81
2935 2118 82
1455 45 83
2332 2866 84
1877 2008 85
2513 3068 86
344 2983 87
2613 2553 88
815 857 89
2253 2815 90
564 598 91
1152 2688 92
706 586 93
557 2521 94
939 138 95
1415 1997 96
428 2576 97
1519 2730 98
95 2248 99
1051 2367 100
3014 507 101
1720 408 102
2617 2172 103
1550 1169 104
1148 868 105
2777 1049 106
119 474 107
377 1243 108
2411 1364 109
402 2888 110
1877 1069 111
465 23 112
2070 487 113
708 2972 114
3055 1992 115
1839 1523 116
1792 1463 117
557 1140 118
1167 1818 119
1741 2164 120
2455 182 121
1248 443 122
3179 2044 123
1768 746 124
2049 2072 125
261 2936 126
2641 1043 127
2057 2022 128
1571 3025 129
1499 742 130
3009 1533 131
1254 2878 132
2937 995 133
1715 2486 134
2096 2822 135
2631 673 136
3132 3073 137
557 22 138
654 1000 139
286 2330 140
1560 1150 141
457 1934 142
1303 706 143
2745 774 144
3065 2075 145
394 3137 146
2568 1389 147
364 2637 148
1026 477 149
1886 2397 150
1415 2803 151
1926 2554 152
2456 1807 153
1430 1728 154
3050 2001 155
2080 1602 156
93 1808 157
2675 676 158
540 1823 159
1708 2434 160
2331 1907 161
1193 2584 162
2702 301 163
1140 347 164
225 2837 165
779 1516 166
2473 418 167
439 541 168
2330 1573 169
1140 1735 170
194 861 171
2978 2787 172
2578 2233 173
2309 2056 174
1130 1252 175
2859 1617 176
1158 1087 177
1562 2649 178
194 1101 179
2544 2757 180
3062 2703 181
706 1502 182
2605 480 183
262 2515 184
3161 2499 185
2603 626 186
2830 349 187
2784 1762 188
2355 2793 189
3042 2537 190
806 1863 191
1287 1351 192
976 2353 193
1038 2617 194
155 2763 195
1560 1022 196
517 1853 197
1454 876 198
1289 1509 199
1410 668 200
3193 909 1
1811 1780 2
1102 2658 3
3101 925 4
2330 579 5
2631 2790 6
1086 3082 7
1969 1858 8
1998 60 9
1321 186 10
1843 1359 11
2438 1623 12
1904 2923 13
2530 1186 14
2560 2144 15
3065 1638 16
2774 2919 17
505 3176 18
2451 2947 19
5 3002 20
1985 2286 21
1322 1341 22
557 2049 23
315 1378 24
2254 1609 25
946 2017 26
1684 3046 27
291 484 28
857 762 29
2646 2361 30
2757 1829 31
364 2239 32
2201 130 33
3025 340 34
2574 247 35
548 1859 36
2253 745 37
210 1194 38
2605 367 39
2646 3093 40
1331 2625 41
1260 2212 42
1911 1971 43
3010 639 44
3065 931 45
1969 637 46
971 2125 47
1880 1813 48
1604 2930 49
3173 161 50
2116 3023 51
2398 59 52
180 2217 53
1123 326 54
897 1861 55
8 1686 56
1230 100 57
1808 2110 58
1797 843 59
980 593 60
1913 1587 61
1627 329 62
2994 237 63
2310 1695 64
3198 2872 65
914 2501 66
2492 917 67
2059 1319 68
115 600 69
1141 563 70
607 1833 71
2563 3017 72
1303 2927 73
5 1933 74
2154 2616 75
2857 2149 76
3183 722 77
2994 2065 78
2316 2124 79
82 2160 80
2052 2992 81
686 2426 82
2411 2109 83
1052 212 84
1367 334 85
438 2098 86
3198 1855 87
1720 633 88
1795 1275 89
170 1741 90
2766 2468 91
325 1600 92
2464 1815 93
1797 891 94
1003 2896 95
2049 2070 96
3196 2940 97
2503 2034 98
1529 168 99
2530 2825 100
28 1546 101
2310 2842 102
1362 1979 103
1721 2813 104
2570 107 105
3172 2949 106
985 1408 107
1003 2410 108
1457 1025 109
1140 1627 110
467 858 111
2897 2686 112
2031 2206 113
2398 1305 114
1524 2414 115
133 967 116
2334 2946 117
147 1393 118
1027 2463 119
1011 122 120
2084 2833 121
2664 3020 122
1351 815 123
95 2301 124
1186 619 125
2821 1756 126
2215 9 127
2354 1577 128
2490 256 129
733 1266 130
2823 341 131
2320 2929 132
2841 1564 133
2632 2105 134
863 2176 135
1510 686 136
331 1417 137
873 943 138
705 911 139
1420 1093 140
120 981 141
125 2542 142
497 3061 143
1891 381 144
2492 286 145
1513 1330 146
3184 2009 147
210 160 148
481 547 149
1702 1526 150
3079 2569 151
3042 1462 152
2641 2111 153
2059 2265 154
2337 887 155
380 1439 156
543 821 157
1629 2987 158
2037 2535 159
1496 1488 160
2630 2687 161
1448 2493 162
125 1539 163
1735 1637 164
2636 86 165
387 703 166
832 824 167
2706 2969 168
2407 1048 169
2991 282 170
3054 2610 171
2197 749 172
839 266 173
2682 2794 174
1456 1923 175
2601 147 176
87 3169 177
1133 1342 178
2684 2545 179
2384 2950 180
1808 968 181
1586 2826 182
972 1893 183
344 766 184
2876 330 185
1891 1058 186
410 2698 187
977 3167 188
2310 2605 189
1969 692 190
3101 271 191
3075 2540 192
2492 1583 193
1002 691 194
2680 1697 195
1133 583 196
2601 2743 197
1243 63 198
292 2200 199
409 1144 200
797 2339 1
942 1508 2
2283 1596 3
725 1016 4
561 1789 5
773 2340 6
1909 1938 7
125 2630 8
1215 2627 9
2310 1776 10
584 958 11
2859 899 12
180 2519 13
3023 2003 14
2936 2955 15
2583 1989 16
727 603 17
2578 863 18
70 1050 19
525 2677 20
2086 1581 21
145 3018 22
2305 1905 23
509 358 24
2946 3053 25
1211 638 26
2293 1399 27
2218 283 28
727 1725 29
2688 121 30
214 1455 31
576 149 32
1792 727 33
1166 2820 34
2863 2957 35
845 956 36
1502 1034 37
2601 1295 38
3056 1901 39
1701 2438 40
917 1955 41
863 2806 42
586 1978 43
3041 1944 44
2576 2225 45
2481 2329 46
2362 2244 47
2430 1155 48
2347 2130 49
2457 1897 50
1959 2821 51
121 410 52
2680 1397 53
3001 1885 54
1167 515 55
2006 1642 56
3007 389 57
1461 1421 58
2622 509 59
1886 1014 60
670 2944 61
2375 1372 62
986 1413 63
345 363 64
980 1512 65
901 687 66
1133 2522 67
2529 2782 68
2695 1322 69
204 1791 70
856 1659 71
2688 1167 72
2951 356 73
2011 172 74
2603 2134 75
282 2595 76
1499 965 77
651 3141 78
995 1269 79
1140 2781 80
882 1437 81
1246 1826 82
2984 793 83
5 2948 84
803 1575 85
767 108 86
2373 1106 87
3189 2669 88
2121 1558 89
540 557 90
1031 1386 91
2897 369 92
749 1544 93
121 2198 94
1202 564 95
3108 970 96
2455 3003 97
3062 2054 98
3173 1692 99
3107 506 100
2342 1661 101
2636 889 102
45 1519 103
873 3166 104
1133 2761 105
2286 1240 106
1338 1963 107
2411 2460 108
1639 1788 109
475 785 110
1396 2182 111
394 914 112
3059 1749 113
1773 2954 114
471 2227 115
1612 2907 116
1392 622 117
3107 374 118
3058 1138 119
1046 771 120
1838 565 121
2648 1181 122
1326 444 123
422 1953 124
2838 3121 125
1156 1660 126
1519 102 127
2341 1346 128
2419 3131 129
546 327 130
738 3186 131
2585 97 132
1216 1443 133
1183 2272 134
596 1849 135
1176 2860 136
2208 1340 137
286 377 138
2414 2184 139
1042 1094 140
1100 3135 141
2823 2867 142
3014 346 143
2191 435 144
274 559 145
753 2215 146
2578 2163 147
1124 1177 148
637 2376 149
524 2934 150
1263 1082 151
2101 185 152
67 1548 153
1512 1431 154
960 640 155
3088 1118 156
1179 2026 157
1850 865 158
1440 3069 159
873 1203 160
1383 2874 161
2130 2425 162
1703 3095 163
2683 2108 164
873 701 165
1784 2647 166
2836 2095 167
277 74 168
852 2909 169
2113 922 170
669 2047 171
1642 2459 172
2853 932 173
1527 1902 174
799 217 175
3102 2612 176
2535 2260 177
295 3014 178
183 1787 179
1272 1860 180
753 184 181
1164 2928 182
2492 1903 183
360 2596 184
1823 2598 185
110 1838 186
1232 2513 187
2920 2177 188
2903 561 189
837 590 190
93 153 191
2405 1579 192
1038 67 193
696 1956 194
2464 2982 195
371 2387 196
2752 1603 197
616 2967 198
1356 2433 199
432 3090 200
986 2166 1
1550 996 2
1713 479 3
1438 55 4
906 3000 5
3037 3123 6
1155 2766 7
999 1171 8
1317 482 9
2959 2609 10
1858 2498 11
2598 2281 12
1630 587 13
19 1425 14
1537 2731 15
1942 2423 16
2898 1008 17
1532 2152 18
376 2756 19
2703 698 20
1407 1873 21
1914 2447 22
1026 1078 23
249 1255 24
101 697 25
103 3143 26
2016 1064 27
2631 2192 28
2920 2977 29
1934 794 30
803 85 31
1133 379 32
1270 83 33
1886 1282 34
2529 1805 35
1275 859 36
1949 3096 37
861 1331 38
791 471 39
259 200 40
2777 2205 41
940 2893 42
979 1062 43
2610 1394 44
76 1681 45
616 1032 46
1527 80 47
2411 2715 48
2977 1875 49
47 2204 50
356 2343 51
867 2830 52
2265 808 53
305 3112 54
2582 2294 55
398 1561 56
3075 41 57
1322 1449 58
264 1361 59
2622 197 60
2815 1716 61
1319 1999 62
871 818 63
3035 828 64
847 2089 65
58 841 66
801 901 67
1415 1612 68
2420 1485 69
1916 811 70
2344 193 71
832 2807 72
296 735 73
2403 992 74
114 423 75
2314 264 76
1234 2964 77
2631 111 78
158 642 79
2429 2607 80
1310 1894 81
3010 1764 82
2648 693 83
551 337 84
1793 3043 85
2820 189 86
2171 328 87
640 1568 88
2174 2640 89
676 365 90
2613 1158 91
998 2096 92
2005 2347 93
1449 299 94
80 1503 95
2743 1406 96
1933 2581 97
1793 2490 98
1105 780 99
2420 756 100
2396 1980 101
850 2087 102
2198 1843 103
1210 1745 104
2453 616 105
3007 874 106
2172 1254 107
558 777 108
1095 352 109
3152 768 110
1040 893 111
705 2430 112
2821 1814 113
2036 333 114
1502 1825 115
2059 2994 116
2014 831 117
2535 2727 118
190 602 119
1622 257 120
2578 708 121
612 819 122
1605 2643 123
1378 627 124
705 939 125
1773 101 126
2818 584 127
775 451 128
2439 2058 129
454 2132 130
281 937 131
2309 978 132
205 3088 133
2492 960 134
932 3200 135
2253 75 136
2080 725 137
823 2116 138
380 1059 139
2860 1492 140
652 2238 141
2792 1842 142
1285 311 143
2334 711 144
759 1402 145
1432 1668 146
861 261 147
409 1448 148
1281 870 149
224 1671 150
2835 335 151
2704 1809 152
239 3055 153
1104 838 154
1333 2145 155
31 1658 156
1589 2671 157
823 1841 158
447 331 159
370 1291 160
2265 2104 161
2180 1520 162
2365 174 163
1074 459 164
2645 1706 165
1465 114 166
2790 1222 167
1973 1107 168
2444 2571 169
2172 2249 170
2108 2971 171
1142 2789 172
88 2892 173
1818 537 174
2209 840 175
2306 2726 176
2875 1432 177
2477 2341 178
3172 964 179
76 1793 180
2228 105 181
2169 1940 182
2480 2707 183
1715 1099 184
318 1296 185
898 2674 186
2462 927 187
2934 1599 188
110 126 189
1563 2799 190
245 854 191
109 621 192
1877 2477 193
1854 338 194
3184 853 195
36 1900 196
2080 1218 197
318 2325 198
250 856 199
2121 88 200
2521 3070 1
3060 2975 2
784 2788 3
516 2069 4
856 1736 5
417 460 6
517 1865 7
900 1654 8
3029 3064 9
1378 2633 10
807 578 11
2818 1134 12
1213 2488 13
960 232 14
214 1152 15
2226 2495 16
1365 1216 17
2462 540 18
688 2257 19
1858 1689 20
2822 2312 21
964 2439 22
960 1891 23
2593 449 24
22 1715 25
873 1590 26
125 906 27
563 827 28
852 3145 29
2992 2716 30
445 1247 31
2603 1044 32
2752 1729 33
2519 581 34
471 287 35
2441 3065 36
515 1547 37
1553 465 38
1210 98 39
3053 2224 40
1061 1960 41
286 104 42
2618 1605 43
440 3013 44
2992 2883 45
3027 2139 46
3033 1465 47
883 802 48
845 1804 49
558 203 50
1577 1765 51
2994 2852 52
2365 632 53
124 2481 54
2572 2234 55
1109 242 56
125 2937 57
2608 2913 58
934 2908 59
2915 1676 60
1714 2673 61
345 2074 62
1346 3182 63
1969 385 64
920 1027 65
398 304 66
960 1230 67
2045 1358 68
2340 3097 69
2667 1939 70
2778 2021 71
3101 173 72
1513 1604 73
2550 2570 74
2200 2718 75
1132 1253 76
2942 3185 77
3137 1193 78
292 2247 79
935 2778 80
5 1867 81
1692 2296 82
1854 2280 83
927 3005 84
130 1775 85
2679 2823 86
1120 2209 87
2957 1033 88
774 2148 89
932 1786 90
2469 1909 91
2392 1111 92
3032 2989 93
1393 1117 94
1877 1511 95
693 2645 96
1635 2395 97
2874 3008 98
1747 864 99
2936 2850 100
2492 2338 101
3051 1593 102
1530 2802 103
1083 2981 104
1384 2887 105
1202 796 106
2591 252 107
313 2171 108
3190 526 109
360 2031 110
1455 2601 111
1104 2968 112
241 1911 113
3172 2993 114
3134 1757 115
2642 2974 116
1573 305 117
1622 524 118
747 439 119
2087 2372 120
1527 1308 121
555 2962 122
2268 148 123
4 2604 124
1990 372 125
3062 2678 126
2062 1046 127
898 553 128
2858 1123 129
308 2427 130
995 288 131
2622 589 132
1763 315 133
462 994 134
190 1420 135
1243 483 136
3185 685 137
3138 2300 138
756 396 139
2451 2128 140
2869 344 141
1220 2559 142
997 923 143
2456 2827 144
2858 2417 145
3080 1063 146
1715 118 147
2019 544 148
862 1226 149
3014 44 150
1519 1915 151
1095 2016 152
2993 2805 153
2492 2502 154
762 1672 155
187 663 156
345 2356 157
3093 490 158
3042 1770 159
1996 2377 160
1275 1976 161
2734 2817 162
1194 523 163
1574 1312 164
1893 1719 165
3018 2262 166
1060 1302 167
2959 3033 168
1060 1149 169
2492 2641 170
2577 2780 171
1916 3037 172
1575 2557 173
2991 2831 174
593 296 175
1931 669 176
490 1444 177
151 1301 178
2169 2544 179
1244 2798 180
2121 869 181
3012 226 182
725 1219 183
2080 2694 184
1565 196 185
631 3063 186
511 1779 187
2881 177 188
873 599 189
2127 1173 190
2139 655 191
2366 539 192
1415 1162 193
2160 1830 194
2039 2655 195
3034 3192 196
2549 1458 197
1793 1368 198
1120 2310 199
929 962 200
