2700 2700 200
744 2366 1
2494 1456 2
478 200 3
1215 716 4
2005 955 5
1456 2439 6
2443 1497 7
2601 1247 8
269 482 9
952 623 10
864 31 11
167 1696 12
495 1046 13
1337 543 14
2345 1180 15
2053 1900 16
1355 1285 17
2195 649 18
1524 656 19
901 375 20
1322 946 21
1301 1559 22
1087 595 23
994 978 24
1289 2037 25
2660 2145 26
2476 1952 27
6 2690 28
2600 424 29
1541 2442 30
2265 2339 31
1943 1009 32
1634 2035 33
1537 98 34
1554 2243 35
1668 882 36
2084 1738 37
1028 2065 38
2078 880 39
1415 2480 40
291 1577 41
2105 2030 42
1873 15 43
441 720 44
426 601 45
2022 1058 46
2687 1037 47
2206 746 48
512 603 49
458 2356 50
843 2075 51
645 2340 52
1896 267 53
1960 863 54
2465 913 55
878 1309 56
2154 1963 57
842 1804 58
883 2584 59
137 1256 60
72 690 61
1172 384 62
659 1437 63
1926 2372 64
1261 592 65
141 471 66
1725 2097 67
1641 811 68
1196 1350 69
2520 2299 70
1605 189 71
2071 524 72
1851 124 73
1012 993 74
419 433 75
2430 658 76
2610 2430 77
1555 1664 78
627 2009 79
1334 432 80
398 1987 81
19 2221 82
2138 1210 83
1887 1339 84
1534 1444 85
2173 850 86
1135 2373 87
2620 1996 88
1389 1800 89
1336 188 90
1978 2528 91
2497 2572 92
1381 939 93
1535 1326 94
1187 2042 95
1336 1223 96
1452 551 97
151 2640 98
309 578 99
536 350 100
1385 2348 101
787 1538 102
1238 1269 103
994 2546 104
1435 184 105
2452 1730 106
2496 1140 107
1156 2357 108
897 831 109
1110 1030 110
1813 1585 111
1136 899 112
1829 2553 113
2460 1652 114
2425 629 115
2040 2028 116
2239 17 117
2471 1600 118
48 2452 119
269 1537 120
578 1441 121
324 872 122
807 1156 123
2607 152 124
2424 2359 125
2315 1485 126
1562 2395 127
1733 1 128
808 1835 129
2128 1556 130
2095 1786 131
2369 2016 132
2490 1646 133
1634 1967 134
1048 1248 135
375 2324 136
564 1063 137
2492 363 138
2334 379 139
1983 526 140
2042 2167 141
2087 1367 142
2127 834 143
826 2013 144
1228 2485 145
2162 1412 146
2461 2162 147
518 1191 148
2245 1845 149
1154 1802 150
52 911 151
2608 1870 152
1899 753 153
1490 1938 154
193 591 155
2508 1461 156
1428 53 157
432 1899 158
2522 921 159
1698 887 160
1754 191 161
1861 2306 162
634 1609 163
1145 1669 164
651 1418 165
2064 1919 166
2371 1976 167
1420 1785 168
1761 346 169
2304 927 170
1888 166 171
2207 2275 172
485 821 173
2070 607 174
1435 2157 175
815 1611 176
1978 1469 177
1495 718 178
2002 745 179
387 1198 180
347 1548 181
954 1200 182
2455 1814 183
1800 1709 184
812 2523 185
252 764 186
2363 457 187
583 2113 188
2147 2165 189
1279 2293 190
1712 1844 191
1074 1632 192
1288 139 193
2695 2032 194
2382 1817 195
177 904 196
626 55 197
1516 977 198
1396 923 199
950 1509 200
1947 279 1
1776 1862 2
469 362 3
1256 157 4
939 1008 5
887 129 6
458 1432 7
1062 1563 8
2309 1663 9
2684 141 10
1817 1072 11
279 1388 12
2370 1323 13
2075 998 14
1809 2051 15
1463 2431 16
2353 513 17
2436 1139 18
924 1997 19
1274 50 20
503 1301 21
1089 2302 22
1642 605 23
719 2116 24
2238 1214 25
1345 765 26
106 9 27
1602 1594 28
2207 852 29
2207 1927 30
1780 2441 31
2062 186 32
1336 846 33
2094 878 34
1194 2153 35
1524 2482 36
1809 125 37
2530 2349 38
1825 2582 39
1227 228 40
467 411 41
241 2104 42
2283 1931 43
485 253 44
453 1654 45
1953 2558 46
758 768 47
2137 1243 48
2623 133 49
691 2213 50
703 435 51
2024 717 52
429 1645 53
462 974 54
2608 2604 55
745 769 56
1496 1580 57
1150 1733 58
1160 1612 59
1200 1165 60
2283 1208 61
1764 1168 62
1595 929 63
868 2406 64
2635 2335 65
1634 417 66
1887 1465 67
1142 588 68
755 610 69
202 2204 70
2262 1968 71
18 1723 72
25 1579 73
2471 64 74
2664 1089 75
1885 309 76
2198 2215 77
1086 269 78
531 297 79
587 1922 80
1823 1827 81
112 2629 82
633 1159 83
1718 2258 84
2051 734 85
446 1539 86
1238 727 87
2272 1744 88
324 1875 89
1634 674 90
572 527 91
2517 311 92
1914 394 93
875 1264 94
44 1790 95
2608 1812 96
199 135 97
1063 2325 98
866 1125 99
1578 1830 100
264 225 101
843 2068 102
339 236 103
2562 942 104
1053 2327 105
1030 258 106
1290 1182 107
182 932 108
1029 1017 109
2556 2616 110
564 477 111
1145 1221 112
1788 724 113
1482 1803 114
910 179 115
1031 2665 116
604 2229 117
1562 66 118
1193 1763 119
1038 694 120
1825 787 121
1156 585 122
2686 2614 123
1619 1541 124
763 2071 125
386 1543 126
879 1766 127
201 1314 128
2261 2115 129
2642 563 130
670 1918 131
1754 1914 132
2600 2575 133
2675 290 134
705 2342 135
509 1989 136
69 1506 137
1469 1213 138
385 299 139
672 137 140
1004 2303 141
531 2297 142
1562 1242 143
919 598 144
1680 2261 145
1497 1621 146
2221 2312 147
1764 44 148
1176 2413 149
1555 624 150
868 1113 151
2648 1638 152
1058 68 153
691 2684 154
106 1960 155
236 1588 156
1278 109 157
1432 1946 158
2441 2156 159
2285 1496 160
1878 1850 161
224 1262 162
2613 168 163
476 1935 164
1577 2281 165
881 1674 166
842 431 167
2553 38 168
763 2163 169
839 798 170
6 314 171
1453 369 172
431 575 173
1061 2679 174
2677 671 175
2424 2004 176
1823 2308 177
1908 2617 178
846 693 179
432 1805 180
1119 1670 181
1761 1928 182
411 1337 183
319 1487 184
518 2377 185
1859 1211 186
2529 114 187
1476 1939 188
1085 1874 189
1453 2396 190
590 1477 191
1047 2117 192
2277 1816 193
1828 1022 194
375 138 195
1806 2668 196
1246 731 197
2088 2259 198
1741 2648 199
1424 2552 200
1562 2380 1
248 1040 2
2590 1742 3
678 980 4
1634 2489 5
1711 1257 6
2303 758 7
1023 1778 8
681 304 9
674 1499 10
372 1616 11
1617 245 12
1094 755 13
2654 164 14
1937 1956 15
1761 2394 16
771 1629 17
551 2622 18
976 733 19
2545 1278 20
1150 1115 21
614 226 22
2216 572 23
2379 1565 24
1932 473 25
2530 883 26
2170 725 27
763 1912 28
2037 970 29
1149 2355 30
1357 2346 31
1271 452 32
1239 1419 33
6 901 34
2403 1340 35
2350 505 36
1478 1471 37
450 2438 38
317 2445 39
1923 383 40
96 1524 41
827 2173 42
2678 1707 43
1746 1734 44
1064 847 45
249 2168 46
888 1726 47
1792 229 48
2192 2274 49
1100 1371 50
568 330 51
111 359 52
180 1317 53
1631 2091 54
1275 1597 55
5 486 56
1772 1207 57
729 2664 58
1347 1136 59
518 685 60
2067 1603 61
478 938 62
2246 2264 63
1357 996 64
2369 1512 65
1640 1628 66
105 2676 67
764 212 68
505 663 69
2242 462 70
1935 500 71
961 2544 72
749 1435 73
153 1406 74
1033 559 75
1184 1813 76
610 78 77
859 1443 78
1308 1610 79
883 915 80
736 968 81
14 2434 82
161 1690 83
1754 75 84
901 1511 85
1059 1104 86
1336 1378 87
653 2386 88
1872 773 89
481 1011 90
1884 606 91
676 645 92
1185 1921 93
2432 808 94
510 1508 95
1282 2014 96
2169 1413 97
1655 1971 98
80 2176 99
2563 2189 100
636 570 101
1698 530 102
643 1644 103
2129 1767 104
2608 2236 105
1498 2344 106
1833 387 107
2029 1039 108
1126 907 109
822 390 110
1145 248 111
1337 875 112
1463 2238 113
1075 1404 114
2460 1290 115
26 2017 116
830 107 117
864 192 118
171 1791 119
906 430 120
291 730 121
1006 2520 122
59 920 123
83 2451 124
115 2697 125
2517 1889 126
2506 2045 127
1894 374 128
2159 1138 129
1682 202 130
1082 1784 131
1685 448 132
2255 1447 133
1749 567 134
894 108 135
13 801 136
2652 2041 137
1242 1186 138
1337 148 139
41 368 140
486 56 141
695 1333 142
1829 2549 143
843 844 144
1746 493 145
983 910 146
320 2576 147
929 2502 148
806 1134 149
948 1097 150
37 566 151
66 1854 152
2303 2049 153
111 2469 154
2392 696 155
518 2107 156
858 158 157
762 8 158
2523 1824 159
2601 274 160
736 110 161
67 479 162
2508 1578 163
1168 2098 164
2609 562 165
1648 1346 166
1892 1698 167
900 1137 168
884 287 169
1905 1476 170
1631 153 171
1966 1492 172
312 57 173
1754 587 174
2598 1174 175
2699 1275 176
287 1751 177
242 2180 178
1006 1764 179
244 2511 180
825 2666 181
14 837 182
1859 944 183
992 2155 184
2197 122 185
2483 2429 186
37 1249 187
552 1943 188
706 947 189
633 537 190
680 1027 191
2585 1051 192
2608 740 193
1877 2383 194
2149 30 195
260 347 196
794 1146 197
1397 1732 198
1902 436 199
1630 564 200
234 2611 1
1929 664 2
1324 1355 3
2367 2655 4
1670 1361 5
414 1312 6
1774 100 7
2334 207 8
757 2298 9
921 924 10
1286 1759 11
843 81 12
988 1013 13
2635 2048 14
1917 2326 15
2022 96 16
672 889 17
1960 2058 18
1744 817 19
2334 165 20
500 1794 21
590 90 22
1947 2563 23
2441 2207 24
34 214 25
2385 1623 26
2086 1016 27
1334 2677 28
1563 316 29
1675 1482 30
2032 2415 31
1119 1498 32
2070 2044 33
530 1268 34
890 569 35
6 1929 36
1210 1286 37
341 2232 38
373 1526 39
385 372 40
2036 1387 41
1420 1004 42
98 357 43
2259 1061 44
624 2397 45
2420 2585 46
2083 2562 47
2151 1811 48
171 1315 49
1460 1682 50
1654 1878 51
1549 2531 52
1851 1060 53
2670 1736 54
595 2360 55
1119 355 56
107 84 57
2241 2678 58
1699 1488 59
35 25 60
2211 622 61
624 445 62
1339 1133 63
378 2314 64
572 2083 65
531 814 66
1191 1015 67
2192 867 68
1808 102 69
2205 1529 70
995 922 71
129 278 72
776 1302 73
1612 344 74
844 399 75
119 181 76
987 1193 77
2537 2671 78
182 2638 79
1674 1771 80
1924 1470 81
2091 2131 82
1872 197 83
2303 2082 84
651 1331 85
1606 1273 86
2433 2527 87
462 2411 88
111 1150 89
1276 2589 90
1829 1451 91
653 69 92
617 345 93
578 928 94
1507 183 95
1577 1851 96
693 1965 97
2283 39 98
772 2479 99
312 684 100
2345 1606 101
63 1479 102
589 747 103
1144 1329 104
889 2421 105
7 646 106
744 1832 107
1215 1866 108
2283 2282 109
324 395 110
2208 914 111
2614 509 112
1403 1325 113
1687 860 114
2275 621 115
324 2610 116
2436 467 117
1453 52 118
1366 67 119
359 1080 120
1200 599 121
1536 521 122
852 1624 123
673 2171 124
1052 1493 125
1456 772 126
617 2477 127
2177 1216 128
1679 1944 129
2189 175 130
593 1777 131
1754 1067 132
1460 418 133
1631 1195 134
1063 2636 135
2452 1246 136
2498 2686 137
2241 250 138
1001 1940 139
1200 2476 140
2547 2185 141
1345 43 142
67 1459 143
720 1924 144
41 1332 145
367 2444 146
2563 1683 147
1086 456 148
810 2487 149
155 2515 150
2681 1637 151
1641 1974 152
1346 101 153
2253 2674 154
1946 884 155
1265 1069 156
734 2026 157
1089 1490 158
1928 1090 159
183 2280 160
1886 1711 161
2635 1969 162
793 2191 163
1494 972 164
356 2493 165
560 1436 166
2661 830 167
1111 1642 168
601 104 169
2494 711 170
2639 1454 171
1096 163 172
482 726 173
2009 1779 174
2576 2400 175
2675 952 176
1877 246 177
1573 1289 178
2276 1942 179
52 1902 180
289 426 181
706 871 182
2214 1324 183
489 1151 184
67 2555 185
1954 1798 186
1060 577 187
863 1440 188
261 824 189
839 2521 190
2009 2007 191
275 670 192
842 2436 193
2331 169 194
1452 1291 195
1896 1364 196
2255 1173 197
2274 2470 198
1354 1007 199
1871 2137 200
2099 2247 1
1273 2120 2
2117 1075 3
640 2158 4
1536 1573 5
423 2080 6
1615 2184 7
2315 1408 8
1425 1614 9
1276 516 10
207 2150 11
660 1486 12
224 2423 13
1209 949 14
2689 2053 15
837 1660 16
171 2613 17
67 634 18
1595 481 19
1009 478 20
2539 2472 21
48 1678 22
2001 2637 23
1854 2635 24
1212 1170 25
1625 1872 26
310 449 27
2070 2694 28
1615 1431 29
2339 2590 30
1356 2513 31
2060 2683 32
2216 2687 33
1045 1445 34
1746 105 35
1283 1222 36
2180 794 37
2593 626 38
842 1562 39
2327 1930 40
1080 1836 41
745 1143 42
1943 1144 43
1202 382 44
614 2021 45
1680 688 46
2524 571 47
1924 2363 48
2454 2680 49
1697 2111 50
83 1065 51
1772 1547 52
2323 256 53
2661 721 54
2461 162 55
1488 1400 56
881 463 57
2253 1131 58
2307 1848 59
1807 2592 60
1524 126 61
395 1054 62
1037 1230 63
2199 412 64
709 231 65
1493 533 66
197 498 67
348 2254 68
1627 1021 69
2467 679 70
211 275 71
2337 2054 72
844 1306 73
2337 714 74
1050 1475 75
2486 2371 76
935 2195 77
1651 1098 78
1573 1087 79
2631 170 80
2443 1344 81
44 1042 82
1534 312 83
1887 453 84
1834 1729 85
250 1366 86
875 2454 87
2139 2507 88
2479 1953 89
1899 813 90
37 1622 91
2483 870 92
2556 1141 93
1516 1710 94
2523 2534 95
2156 1202 96
310 1261 97
1378 957 98
2171 705 99
129 1239 100
1481 538 101
373 2024 102
216 1169 103
1761 512 104
2054 1026 105
762 282 106
1816 1570 107
495 1667 108
2461 2643 109
397 2586 110
432 2328 111
2071 2410 112
153 358 113
2130 1933 114
2337 2019 115
1123 2088 116
1932 989 117
967 2025 118
1420 2265 119
1816 1183 120
2072 891 121
292 2129 122
2585 1991 123
626 2509 124
1037 667 125
154 460 126
2312 2193 127
1001 653 128
1131 916 129
1058 1757 130
1334 1947 131
1776 1925 132
1050 182 133
937 1689 134
2056 742 135
2186 187 136
2091 1453 137
671 2086 138
905 2039 139
2601 1542 140
707 2529 141
1322 715 142
2600 21 143
2635 5 144
1588 1288 145
194 647 146
1599 1351 147
411 1964 148
973 2501 149
725 1714 150
2422 969 151
1062 1513 152
2004 1481 153
823 1245 154
269 1958 155
1037 2503 156
2386 1296 157
941 1859 158
531 1375 159
207 2106 160
28 261 161
2210 983 162
386 224 163
1950 2305 164
2427 1416 165
1078 682 166
2499 62 167
1796 654 168
2200 529 169
1740 1661 170
1957 85 171
652 964 172
2627 1251 173
1887 2002 174
279 1788 175
610 1417 176
1488 2458 177
2216 669 178
457 145 179
1636 1894 180
240 2568 181
655 2270 182
1856 2240 183
441 791 184
1574 1263 185
1922 74 186
2251 364 187
706 1743 188
205 1945 189
1550 879 190
941 1658 191
827 2008 192
1498 2322 193
708 2300 194
1899 2029 195
2070 2284 196
1083 1923 197
2510 1671 198
2639 1149 199
1283 1179 200
1008 898 1
1956 1457 2
1038 2559 3
697 2491 4
1543 18 5
53 858 6
969 1855 7
1979 300 8
2517 2522 9
32 1879 10
146 1656 11
1835 1410 12
292 596 13
2200 2560 14
1215 397 15
2036 2573 16
465 402 17
2672 2187 18
794 2628 19
832 1936 20
2036 79 21
788 2130 22
278 2447 23
839 2588 24
1954 2653 25
1283 144 26
672 1117 27
1056 1321 28
865 2647 29
405 793 30
2239 2662 31
1538 82 32
1378 1789 33
2010 1863 34
478 1148 35
2001 1102 36
1368 1517 37
2409 1363 38
1083 1554 39
2022 247 40
2684 700 41
1197 812 42
1744 956 43
875 1680 44
602 1695 45
976 1224 46
1654 614 47
476 51 48
2289 1495 49
1196 1386 50
252 2164 51
1899 1887 52
1606 1438 53
1100 1988 54
2658 287 55
2211 1701 56
2631 2412 57
1278 2440 58
2318 410 59
196 1031 60
753 2063 61
2636 1399 62
2085 216 63
564 2495 64
1150 1602 65
2314 549 66
1634 1665 67
2400 1770 68
2527 2148 69
1124 843 70
1331 2320 71
898 1235 72
1846 329 73
409 2253 74
572 1867 75
96 1158 76
1086 2504 77
2436 1232 78
967 1059 79
1004 2391 80
846 1566 81
761 293 82
827 1362 83
1461 1882 84
27 553 85
2402 594 86
1236 1576 87
1474 461 88
951 633 89
1150 707 90
984 1905 91
1291 2443 92
1154 680 93
426 70 94
666 2619 95
411 903 96
863 2128 97
1441 775 98
1605 20 99
2612 2595 100
2216 1397 101
572 2291 102
1937 1122 103
2399 1625 104
2176 1857 105
1576 1077 106
618 1535 107
1640 2536 108
33 2000 109
2436 1478 110
978 2478 111
630 1782 112
887 1753 113
1370 1754 114
6 510 115
2623 265 116
2335 2633 117
2545 271 118
673 13 119
1284 1955 120
2644 160 121
1203 1010 122
2128 759 123
2524 155 124
1605 1019 125
996 1107 126
2338 1034 127
676 252 128
386 324 129
1675 1720 130
2330 2307 131
628 1915 132
1236 2175 133
2618 701 134
462 2194 135
1276 2271 136
472 489 137
1388 1212 138
2159 1617 139
2095 2316 140
1058 2579 141
2009 722 142
1507 2453 143
1067 2318 144
1573 1773 145
1619 302 146
845 1376 147
669 106 148
2400 2057 149
645 10 150
1280 60 151
325 2551 152
1792 2368 153
2096 1228 154
1937 841 155
353 1190 156
472 1024 157
2421 735 158
2207 2569 159
2126 1000 160
2483 1639 161
1384 1215 162
1735 391 163
739 2 164
467 1630 165
10 2682 166
1878 2625 167
1382 1650 168
2143 2420 169
1275 29 170
1994 561 171
168 1838 172
2126 146 173
1058 1014 174
2506 472 175
722 1393 176
688 2695 177
1089 973 178
2678 1755 179
147 683 180
709 262 181
1096 2524 182
1555 631 183
1327 1123 184
2138 77 185
1552 2486 186
508 4 187
2123 1681 188
2455 438 189
1440 2317 190
333 600 191
1877 528 192
1843 1403 193
1160 503 194
488 2446 195
157 900 196
1154 1613 197
1232 185 198
1420 1336 199
373 1519 200
2508 1829 1
1683 2094 2
2502 1540 3
1193 581 4
2321 1084 5
2200 2087 6
422 1583 7
616 1308 8
35 1807 9
321 1276 10
1128 203 11
18 1643 12
2241 195 13
2477 1741 14
578 2034 15
2038 1287 16
1311 419 17
615 220 18
2394 294 19
488 1825 20
2037 263 21
94 2598 22
2099 429 23
1322 1161 24
1390 851 25
71 657 26
317 1414 27
1126 2571 28
1790 2304 29
1639 1074 30
1216 1686 31
2354 1082 32
138 1937 33
1791 180 34
1221 1192 35
1398 1822 36
1445 535 37
1706 1142 38
2316 966 39
2652 1999 40
2294 2260 41
1225 2570 42
996 1298 43
2373 1604 44
2363 1079 45
1210 2659 46
669 818 47
1388 1820 48
890 1799 49
1588 1561 50
1780 1002 51
970 2290 52
2390 995 53
339 1883 54
209 1518 55
1452 1279 56
559 1205 57
980 1352 58
868 1717 59
1888 2288 60
1557 1073 61
1626 2046 62
2516 1395 63
1947 807 64
552 475 65
2179 204 66
2293 637 67
2443 1095 68
1998 699 69
528 1962 70
1989 2237 71
2267 1277 72
428 1699 73
1052 1501 74
826 1920 75
441 2181 76
2370 295 77
417 1163 78
560 1880 79
1516 2103 80
2281 1530 81
1847 244 82
2096 2154 83
994 1684 84
2614 40 85
757 1655 86
183 396 87
432 1094 88
1460 352 89
1961 2669 90
2473 1226 91
720 428 92
652 832 93
1660 276 94
1192 494 95
391 1715 96
794 2505 97
3 422 98
1562 208 99
1865 522 100
619 1338 101
1516 1560 102
1833 864 103
2179 835 104
1064 409 105
242 2099 106
1940 2351 107
701 2081 108
275 926 109
1008 1244 110
1218 2693 111
1929 1428 112
106 554 113
2498 1463 114
994 2144 115
769 298 116
314 1906 117
1740 2077 118
969 2538 119
1618 147 120
954 779 121
1398 2040 122
255 398 123
2295 741 124
1630 1957 125
477 2233 126
2627 1571 127
112 557 128
2411 1127 129
35 2541 130
2138 1327 131
1087 239 132
613 2607 133
1683 201 134
2616 1320 135
720 1552 136
1746 632 137
674 2267 138
1761 951 139
11 2052 140
543 2399 141
395 251 142
1096 1536 143
617 1507 144
875 888 145
1006 2496 146
1189 2064 147
393 1316 148
426 816 149
707 2460 150
1707 531 151
1685 1982 152
725 1505 153
401 464 154
673 121 155
1851 609 156
1276 1932 157
2059 1719 158
2272 697 159
615 1909 160
2167 22 161
615 2202 162
665 156 163
68 1234 164
673 1557 165
1872 406 166
285 1096 167
1099 301 168
1186 520 169
1253 2510 170
1540 1502 171
2655 1181 172
2107 1756 173
1932 1951 174
716 728 175
426 1439 176
2288 2201 177
1218 2123 178
3 1330 179
1068 1319 180
556 1184 181
634 451 182
875 1549 183
674 1360 184
279 35 185
111 499 186
1334 2483 187
168 986 188
1377 555 189
1497 99 190
1588 650 191
1617 11 192
550 967 193
2388 2108 194
1124 2266 195
1470 612 196
2283 2384 197
1785 2198 198
2110 2435 199
1478 2332 200
1442 2012 1
552 41 2
2244 1700 3
264 1843 4
1353 1705 5
2436 615 6
1640 1697 7
813 1433 8
1537 502 9
842 1282 10
2002 2210 11
2194 866 12
2272 672 13
431 2494 14
1025 1608 15
1658 686 16
1567 874 17
2247 546 18
2180 823 19
1804 1425 20
834 642 21
2253 47 22
250 2517 23
961 1704 24
586 88 25
330 1405 26
467 2663 27
2127 1796 28
2549 1631 29
828 58 30
2596 2225 31
1384 2369 32
1264 2473 33
1432 1948 34
2049 389 35
618 331 36
2087 320 37
1721 819 38
941 1036 39
2631 2499 40
748 1598 41
373 1424 42
843 1464 43
1833 1891 44
556 1177 45
1123 752 46
2277 1864 47
12 1253 48
1230 865 49
2394 2196 50
1757 1467 51
1187 780 52
554 795 53
650 1049 54
1200 1045 55
2477 893 56
743 370 57
1215 1980 58
1253 1647 59
1960 2036 60
1833 1252 61
678 2262 62
2206 277 63
1699 961 64
1198 1860 65
2332 931 66
2316 2219 67
823 2457 68
325 982 69
2439 2090 70
1805 2206 71
1656 2405 72
1551 414 73
1431 1231 74
2631 441 75
1089 322 76
2047 1365 77
106 1961 78
921 2249 79
1077 1294 80
2207 2381 81
1497 1846 82
1418 2354 83
386 342 84
699 2146 85
1690 1297 86
2627 219 87
1042 1369 88
575 997 89
2005 407 90
1432 2227 91
2276 24 92
2241 2631 93
800 1172 94
1456 1353 95
2669 620 96
129 234 97
2669 325 98
1521 692 99
505 2667 100
1974 257 101
2508 2216 102
1445 2089 103
1804 804 104
1503 896 105
2087 2362 106
1787 1391 107
246 1978 108
730 1442 109
2639 1776 110
1573 1555 111
554 519 112
2265 48 113
462 2432 114
1761 2069 115
2522 2370 116
1407 2119 117
2529 1787 118
2575 959 119
1464 743 120
729 1460 121
2019 1480 122
1823 676 123
2138 2321 124
1703 1574 125
1210 2532 126
282 2414 127
1485 2222 128
1790 985 129
1428 1394 130
1701 2525 131
2631 2283 132
1106 2122 133
1377 116 134
352 2382 135
194 1649 136
419 862 137
2316 2020 138
764 1853 139
1886 2688 140
1002 1345 141
1869 1708 142
1242 906 143
2284 695 144
2273 45 145
1371 496 146
1191 2003 147
745 223 148
1802 492 149
2003 1911 150
1305 1713 151
1667 89 152
1397 1118 153
622 2226 154
1042 2547 155
2240 2426 156
1355 2257 157
546 2124 158
1679 1904 159
2602 210 160
939 729 161
1866 2577 162
1735 2603 163
2439 1048 164
2608 1070 165
2088 173 166
1635 1599 167
1064 2512 168
2373 2177 169
564 1688 170
926 466 171
40 130 172
1888 2343 173
2186 288 174
1370 2508 175
386 2022 176
812 1341 177
47 1430 178
1357 2200 179
2110 1888 180
512 2630 181
2131 444 182
1157 2578 183
2350 2417 184
224 2078 185
749 112 186
1332 2484 187
587 361 188
1804 568 189
305 1819 190
44 1392 191
627 625 192
2491 1975 193
932 1390 194
1090 1676 195
326 706 196
1365 1589 197
1488 2612 198
2205 2147 199
1744 1449 200
1630 2055 1
2530 542 2
2336 154 3
458 552 4
1198 919 5
1501 127 6
291 437 7
163 284 8
2084 2038 9
2522 2006 10
1630 1187 11
777 2514 12
1396 958 13
1590 501 14
1432 71 15
697 2151 16
625 525 17
246 217 18
321 709 19
2333 421 20
763 405 21
2439 1522 22
746 87 23
808 2205 24
603 1641 25
1790 2060 26
2057 2464 27
541 232 28
1899 2101 29
2154 1153 30
762 450 31
1038 1006 32
2059 1185 33
2661 590 34
748 597 35
793 751 36
2631 1062 37
1858 442 38
1381 897 39
2210 2645 40
1960 26 41
868 1979 42
1555 2125 43
285 1877 44
1928 2350 45
2163 2277 46
2530 2516 47
777 2252 48
2087 2407 49
1928 2315 50
707 335 51
2391 783 52
636 2409 53
1336 423 54
881 2353 55
772 828 56
2076 1949 57
34 2214 58
515 777 59
1577 1359 60
2066 1426 61
2287 548 62
846 618 63
1388 1840 64
6 1452 65
2060 750 66
662 439 67
2123 1342 68
2602 1197 69
1141 306 70
432 404 71
837 1869 72
1383 2273 73
488 2011 74
944 2093 75
93 786 76
788 782 77
2126 2530 78
2230 3 79
1452 536 80
1336 373 81
1858 1422 82
1854 2389 83
25 991 84
1425 766 85
2134 2169 86
2265 1725 87
1370 1236 88
246 215 89
1685 281 90
2450 1985 91
1218 2331 92
250 292 93
2242 1694 94
515 1983 95
2110 1970 96
2174 1166 97
1896 238 98
79 2188 99
1145 1274 100
1276 2461 101
956 1489 102
1192 876 103
956 2424 104
2363 1494 105
813 237 106
691 506 107
925 2178 108
2396 2561 109
1665 1409 110
1772 2545 111
134 1750 112
2276 1429 113
929 2199 114
1694 1380 115
83 754 116
1943 912 117
274 1745 118
2189 1605 119
2171 1917 120
1205 638 121
236 681 122
1464 1525 123
926 93 124
2454 1265 125
1112 586 126
1111 2141 127
406 2263 128
1906 488 129
550 2142 130
1744 1693 131
2645 2467 132
974 2183 133
2384 1762 134
210 2203 135
844 925 136
2200 2393 137
1006 2118 138
472 132 139
543 1871 140
1259 558 141
2677 953 142
729 1304 143
1144 1032 144
322 802 145
1928 2459 146
1804 193 147
828 2623 148
21 1347 149
631 213 150
248 1025 151
324 2126 152
1370 2506 153
2486 2159 154
456 965 155
207 1044 156
342 703 157
1937 687 158
223 401 159
2607 2519 160
2202 2398 161
1435 573 162
1719 668 163
1800 2641 164
543 1284 165
210 2231 166
1695 408 167
937 2323 168
2692 1103 169
1198 440 170
1193 2580 171
1062 905 172
712 1372 173
2176 892 174
1016 1093 175
995 159 176
1329 732 177
2566 1677 178
2304 2050 179
1150 1120 180
941 792 181
1511 582 182
458 523 183
956 377 184
903 1064 185
2150 1672 186
1218 930 187
2468 790 188
1037 1145 189
521 2488 190
868 2010 191
886 781 192
560 1050 193
2166 770 194
497 1783 195
830 702 196
1887 1052 197
1495 120 198
1322 2319 199
2029 333 200
2673 1188 1
2213 918 2
2329 940 3
1151 2596 4
314 1175 5
292 305 6
499 2217 7
1301 2626 8
342 2388 9
1336 1520 10
1364 2416 11
1436 1747 12
1056 1154 13
1597 1272 14
261 149 15
1906 249 16
1923 1727 17
1562 2334 18
828 2450 19
1332 2333 20
1994 2378 21
467 1240 22
2631 1283 23
2303 485 24
1619 2235 25
1415 1692 26
659 1427 27
888 1407 28
708 2015 29
1988 2250 30
2549 1847 31
2095 708 32
2625 1354 33
1184 648 34
987 86 35
304 963 36
373 1155 37
2488 1837 38
572 332 39
386 1083 40
1906 2601 41
1285 908 42
510 1203 43
332 235 44
1083 971 45
763 1358 46
662 1484 47
669 1196 48
2272 873 49
2070 784 50
1509 1858 51
810 2161 52
1824 1806 53
2485 1651 54
2265 2074 55
2436 1892 56
106 665 57
2553 1515 58
34 1258 59
77 2223 60
1419 785 61
1883 1808 62
720 19 63
199 511 64
417 1078 65
2530 1474 66
646 272 67
722 1473 68
1675 1950 69
1557 950 70
1432 289 71
1871 2005 72
813 260 73
1080 33 74
2600 856 75
1624 704 76
423 2182 77
1665 113 78
2587 1620 79
381 2661 80
2687 476 81
2331 337 82
954 1111 83
1081 1241 84
2227 178 85
292 1171 86
1959 1303 87
1892 1250 88
2486 2385 89
506 454 90
956 1703 91
543 2642 92
2337 443 93
333 1995 94
2287 2564 95
2535 1582 96
1346 1718 97
540 1648 98
1821 2295 99
2286 1901 100
2564 2466 101
510 1415 102
2606 809 103
2051 2056 104
2469 2574 105
6 2268 106
1096 1318 107
1332 1973 108
579 2134 109
1150 1311 110
2501 1977 111
2549 1057 112
160 151 113
1552 2242 114
448 1896 115
526 840 116
2087 763 117
27 2329 118
131 1401 119
2163 2287 120
106 2310 121
2085 1868 122
1463 142 123
2289 797 124
1370 194 125
2354 2550 126
441 1071 127
808 1100 128
2170 1821 129
39 504 130
1240 992 131
1382 2462 132
1070 270 133
1419 574 134
2089 2624 135
1821 484 136
1993 1586 137
2520 211 138
39 1635 139
1234 2209 140
2088 2278 141
799 2112 142
1562 560 143
590 2490 144
1924 2497 145
2289 1227 146
1334 1038 147
881 497 148
139 838 149
653 1178 150
1954 2197 151
1552 1527 152
913 1619 153
2375 2062 154
1236 76 155
1317 354 156
12 2606 157
1252 1966 158
77 776 159
1172 1590 160
2086 1769 161
1073 1504 162
118 1132 163
259 2600 164
77 2685 165
568 1091 166
2283 1532 167
2367 1797 168
399 1793 169
802 1018 170
1034 2700 171
1445 2692 172
2324 2518 173
528 608 174
1287 1596 175
454 1659 176
252 1528 177
566 848 178
1968 756 179
1197 198 180
2203 273 181
478 1398 182
1603 1130 183
1744 42 184
2127 2375 185
2664 1305 186
467 1086 187
813 800 188
411 1334 189
2483 651 190
431 822 191
2329 2651 192
476 2246 193
1698 1781 194
523 1687 195
2455 2114 196
507 1910 197
1493 49 198
2523 1792 199
2266 2554 200
702 2500 1
1008 1450 2
1242 660 3
887 1003 4
831 1815 5
1148 2566 6
381 34 7
757 27 8
1156 960 9
59 2456 10
1947 1833 11
2025 2170 12
2498 1994 13
1167 935 14
408 1572 15
2396 2699 16
599 666 17
1667 1066 18
774 2632 19
2686 1491 20
314 177 21
2488 227 22
1419 1209 23
2265 315 24
2377 1300 25
2051 1984 26
1486 1544 27
2074 140 28
2635 652 29
125 1834 30
1364 474 31
263 2656 32
689 799 33
2585 1217 34
2502 1434 35
2604 859 36
2692 2646 37
1892 1636 38
1619 1626 39
1062 483 40
1376 643 41
2127 2539 42
2612 541 43
2682 254 44
187 366 45
615 2644 46
285 1774 47
1203 480 48
1679 2498 49
1494 1081 50
2468 2425 51
1595 678 52
2142 94 53
1552 455 54
669 1516 55
2110 2673 56
2338 2330 57
2515 611 58
1746 1356 59
2048 380 60
155 447 61
616 1076 62
6 2427 63
2302 95 64
676 2608 65
1746 2276 66
2495 788 67
13 2072 68
2467 1545 69
488 1780 70
2651 1105 71
1337 1809 72
1750 425 73
205 1941 74
1702 416 75
776 1328 76
777 1112 77
703 353 78
99 630 79
1536 1986 80
688 65 81
1276 1119 82
2432 616 83
2433 1716 84
2496 736 85
386 544 86
2194 1890 87
1187 655 88
1160 2537 89
458 1370 90
1056 2110 91
1461 7 92
868 886 93
1276 1934 94
889 1893 95
1983 1194 96
659 1254 97
7 2313 98
1370 1281 99
2112 2061 100
2356 2620 101
597 2401 102
1336 2143 103
1189 323 104
2346 737 105
1240 1381 106
437 2139 107
160 2031 108
989 360 109
772 2418 110
2127 999 111
1947 209 112
48 1266 113
1189 1152 114
1757 1691 115
793 32 116
1772 855 117
564 712 118
2298 1455 119
1449 1993 120
411 1110 121
73 307 122
367 230 123
745 1299 124
1510 1959 125
2632 1607 126
2601 2085 127
1135 1126 128
1126 990 129
2432 515 130
866 2691 131
2275 2567 132
1861 1627 133
1295 2392 134
1207 1307 135
1752 1055 136
1276 1382 137
1820 336 138
1334 1295 139
2377 117 140
1424 2033 141
996 321 142
2642 2433 143
467 1462 144
476 2591 145
2189 1147 146
875 757 147
1334 1772 148
321 1761 149
467 6 150
1483 2296 151
2439 1267 152
2301 849 153
1562 2675 154
2681 1852 155
1456 762 156
873 2341 157
2262 1618 158
712 1823 159
96 861 160
1379 739 161
1495 2248 162
299 2621 163
322 1706 164
1804 613 165
672 291 166
671 385 167
491 1402 168
1905 2174 169
1663 343 170
2206 1313 171
1894 61 172
353 640 173
3 719 174
1506 2132 175
2369 2133 176
881 310 177
655 636 178
574 2269 179
2192 981 180
1393 2428 181
1605 2408 182
2318 532 183
706 1657 184
1046 806 185
1200 1514 186
720 895 187
1276 1954 188
1460 12 189
1516 206 190
199 1913 191
1809 111 192
625 1876 193
2608 1005 194
80 580 195
1102 150 196
408 371 197
1746 1280 198
2207 1685 199
2600 576 200
2475 23 1
1283 2597 2
551 988 3
497 221 4
1946 349 5
467 617 6
2339 2365 7
2294 339 8
1959 675 9
505 2179 10
2549 943 11
2149 2218 12
1982 796 13
100 1229 14
273 1795 15
2463 172 16
1721 933 17
2566 774 18
2219 1765 19
13 36 20
2242 434 21
1503 1841 22
1135 810 23
518 2166 24
1432 602 25
59 1164 26
1686 2228 27
2103 2100 28
743 199 29
1370 1881 30
196 14 31
2675 698 32
1967 319 33
651 134 34
2622 1712 35
996 2095 36
469 1865 37
1276 2657 38
322 767 39
2172 2309 40
343 2043 41
2549 2127 42
2499 119 43
391 1897 44
708 1981 45
367 1908 46
2612 1047 47
2086 2160 48
1204 2535 49
2643 280 50
279 825 51
985 738 52
1230 508 53
2508 2136 54
222 2255 55
2620 393 56
1569 2311 57
1744 1510 58
671 2581 59
1420 917 60
2443 1748 61
1123 1567 62
1679 619 63
1631 285 64
978 2230 65
1846 1260 66
2309 2609 67
2692 218 68
1888 1842 69
1601 1088 70
560 1998 71
242 744 72
2333 815 73
461 128 74
1906 984 75
949 1568 76
208 2422 77
1892 2593 78
1341 365 79
431 1634 80
1917 945 81
1052 805 82
1381 1423 83
2159 259 84
1830 1012 85
2242 2557 86
2517 2220 87
1595 388 88
1227 1259 89
2684 2660 90
2262 1668 91
2287 1564 92
1829 661 93
1722 1199 94
1066 2548 95
2095 1114 96
2553 909 97
2059 937 98
2183 1458 99
2216 1389 100
213 1666 101
117 427 102
560 326 103
1052 2649 104
1712 1121 105
2142 1041 106
333 118 107
2154 1335 108
2678 2634 109
2083 266 110
777 540 111
651 2618 112
213 1593 113
585 885 114
1906 954 115
1418 1575 116
1089 2345 117
1420 2208 118
2002 2285 119
510 2076 120
515 1201 121
550 381 122
2400 115 123
860 28 124
955 487 125
2022 2138 126
878 1775 127
2574 1421 128
764 1601 129
1242 2149 130
2284 2084 131
1847 565 132
458 1420 133
2192 2543 134
246 1225 135
506 264 136
552 2390 137
647 2658 138
1872 400 139
913 2172 140
1078 2475 141
1537 1551 142
1899 962 143
161 1737 144
1366 1373 145
503 789 146
560 1675 147
2148 1448 148
2242 1233 149
1498 222 150
2505 2152 151
1732 1801 152
547 491 153
1436 73 154
162 1106 155
69 1758 156
485 233 157
2058 1849 158
1166 2336 159
2250 894 160
966 2387 161
1094 1533 162
2055 1992 163
2152 662 164
2062 1916 165
674 547 166
2599 313 167
2421 303 168
868 2364 169
2070 327 170
66 2615 171
2338 691 172
843 507 173
1513 2583 174
475 97 175
1110 1109 176
988 1903 177
2488 890 178
1636 845 179
1518 1237 180
2221 1322 181
2510 1831 182
137 376 183
1474 934 184
2616 2594 185
1480 340 186
2527 2455 187
1143 760 188
1754 2599 189
1967 1534 190
1967 470 191
992 2367 192
265 459 193
90 1907 194
1278 1722 195
1324 1035 196
2359 936 197
1111 1972 198
1252 854 199
1178 635 200
1100 2286 1
2241 2465 2
843 1679 3
453 673 4
1045 2605 5
2241 2294 6
958 413 7
311 468 8
2560 1884 9
1100 2463 10
2477 174 11
186 689 12
1619 367 13
2224 1053 14
458 2241 15
1583 334 16
1721 2121 17
1476 1472 18
1282 2627 19
2637 584 20
1321 1238 21
259 1085 22
2241 1124 23
2486 2338 24
2588 2234 25
234 710 26
1436 1101 27
1336 1873 28
2175 853 29
1321 1368 30
314 2587 31
1966 2186 32
1507 550 33
1349 171 34
1392 1839 35
1960 1292 36
2328 1468 37
1753 771 38
1334 1673 39
590 1270 40
368 604 41
554 495 42
2577 1728 43
915 2135 44
160 240 45
2246 2602 46
659 136 47
2522 2492 48
43 356 49
1757 2212 50
1534 465 51
1634 975 52
296 1760 53
1816 2448 54
1379 778 55
488 941 56
1485 1446 57
1327 2481 58
2096 593 59
2661 1653 60
1114 881 61
2063 328 62
2522 2001 63
1823 1396 64
552 2105 65
1803 2023 66
867 2352 67
379 1271 68
1220 378 69
1626 16 70
1501 1749 71
1091 1828 72
414 1898 73
1802 123 74
2596 2565 75
1077 2681 76
2343 1521 77
1968 2358 78
2108 2374 79
2692 2096 80
405 92 81
2215 1926 82
2241 1615 83
411 749 84
1233 556 85
148 1384 86
1033 131 87
252 2301 88
127 1385 89
2678 1740 90
2677 1810 91
1286 72 92
2203 1310 93
1358 677 94
1746 1189 95
2241 868 96
1464 205 97
1631 1160 98
1428 348 99
1681 296 100
2684 1640 101
2629 1546 102
273 1724 103
563 2092 104
205 1128 105
550 1218 106
1788 2556 107
1821 59 108
2514 308 109
227 2140 110
911 2404 111
1232 1503 112
725 2347 113
593 1204 114
1733 2245 115
1466 2698 116
1872 1176 117
458 842 118
153 1483 119
1152 176 120
2560 1029 121
818 2542 122
1906 317 123
1037 659 124
279 833 125
2241 517 126
1371 1500 127
1071 2102 128
1887 1349 129
1619 994 130
1056 2670 131
602 2471 132
2144 826 133
2156 338 134
1446 392 135
1661 2650 136
2436 386 137
475 469 138
6 1595 139
19 2376 140
887 1056 141
863 2337 142
411 1886 143
139 1020 144
2473 539 145
1439 1721 146
1082 948 147
796 1587 148
1450 1411 149
744 2654 150
1774 1466 151
1096 829 152
2044 2402 153
500 2533 154
943 1523 155
1279 1531 156
954 987 157
1695 1739 158
1357 1826 159
2636 583 160
2357 1293 161
1030 2059 162
1056 446 163
1669 2211 164
1815 2419 165
1926 167 166
1256 37 167
521 1553 168
2246 2474 169
1504 1990 170
1097 143 171
966 641 172
138 243 173
1087 1558 174
2207 490 175
1414 255 176
1144 1569 177
470 2256 178
636 2292 179
2051 2279 180
1135 639 181
431 1735 182
2669 2437 183
1202 2251 184
1845 403 185
1435 2403 186
1138 1162 187
285 723 188
1006 2468 189
1631 820 190
1003 2027 191
1452 1043 192
2160 1255 193
1772 2272 194
1086 2672 195
285 1746 196
1891 2379 197
2468 196 198
996 2067 199
1008 2066 200
1825 83 1
1389 1108 2
1047 836 3
1424 713 4
2388 628 5
546 1584 6
2339 827 7
71 1550 8
241 1856 9
2270 1895 10
250 241 11
2172 1116 12
1189 2449 13
984 2239 14
878 268 15
2530 1129 16
2418 1374 17
1722 979 18
564 1167 19
1414 2018 20
2253 2361 21
1861 2073 22
2656 545 23
1635 1633 24
551 283 25
2294 976 26
1276 627 27
2333 1592 28
1469 80 29
827 1220 30
2512 1383 31
1242 318 32
2241 1001 33
385 46 34
996 242 35
808 1157 36
890 2079 37
712 2244 38
160 2047 39
1948 2526 40
2576 1379 41
875 839 42
395 1591 43
1787 514 44
1685 1662 45
2070 2289 46
209 1702 47
1063 351 48
1157 54 49
2597 1861 50
1892 63 51
1240 2696 52
164 1028 53
1381 518 54
1926 2652 55
1578 589 56
339 1135 57
1698 761 58
2051 1885 59
864 161 60
2273 1377 61
1550 2639 62
962 869 63
1428 1348 64
856 420 65
1305 902 66
481 2192 67
1502 1206 68
1431 748 69
921 2070 70
1022 1752 71
1953 190 72
647 644 73
616 2689 74
282 1092 75
2441 803 76
589 2109 77
1365 341 78
1469 1731 79
2244 1023 80
407 1099 81
879 286 82
2433 1818 83
1231 1343 84
2044 2224 85
634 857 86
262 415 87
1727 1581 88
830 1068 89
585 103 90
1267 877 91
2303 2190 92
523 1033 93
1370 1357 94
952 1768 95
632 91 96
805 2540 97
1840 534 98
1124 579 99
2238 1219 100
