5300 5300 200
1413 58 1
594 163 2
1830 2174 3
4864 4913 4
3982 3827 5
1373 4635 6
2487 3634 7
4987 2010 8
4087 3806 9
1090 4581 10
3836 2659 11
3029 2042 12
4673 3107 13
2837 5225 14
2558 3000 15
277 1356 16
4010 4754 17
5117 1028 18
2364 771 19
669 929 20
2489 2073 21
4925 2668 22
879 105 23
2723 970 24
462 1369 25
1688 795 26
1459 403 27
4492 3194 28
3314 4855 29
4400 3960 30
1133 1762 31
232 2651 32
4411 286 33
147 512 34
3394 1150 35
4759 810 36
3092 3263 37
3090 1655 38
4072 5163 39
4649 1929 40
918 2648 41
2741 1357 42
795 2251 43
3125 1583 44
3280 2709 45
3246 4183 46
3028 4580 47
715 217 48
3244 229 49
1094 239 50
2627 3949 51
2381 3474 52
4888 850 53
4849 5122 54
2910 3519 55
3339 4347 56
1774 3779 57
3057 5036 58
1869 3407 59
5275 4994 60
5035 1432 61
2406 2264 62
2198 1829 63
5090 4153 64
320 2617 65
2267 2480 66
4990 4461 67
4582 3842 68
3896 1240 69
339 4588 70
4315 1514 71
3025 1596 72
925 2746 73
2014 2625 74
2924 2080 75
806 484 76
207 3010 77
1059 1341 78
2607 557 79
1321 789 80
2215 1016 81
840 2934 82
4016 2998 83
1864 2397 84
925 2748 85
4808 433 86
4056 5082 87
592 2729 88
568 2499 89
3433 1091 90
3948 957 91
2895 4119 92
1540 1032 93
3106 2753 94
1524 3712 95
2773 606 96
614 3538 97
1966 4034 98
1864 4069 99
3948 1921 100
3374 1693 101
1936 5027 102
561 2900 103
4813 2255 104
2066 521 105
1856 2275 106
3593 1449 107
1954 5019 108
4251 2778 109
4056 4897 110
1104 902 111
3563 1893 112
2227 4942 113
423 359 114
543 4893 115
1797 2588 116
3551 4058 117
864 2182 118
5075 758 119
4422 224 120
1605 3024 121
5255 5094 122
4049 1731 123
2481 87 124
2853 2204 125
434 1321 126
2441 5048 127
777 2443 128
1011 2209 129
5251 2622 130
4633 2252 131
232 5140 132
5080 1427 133
375 4847 134
2798 291 135
1187 728 136
3164 5031 137
3678 515 138
2052 70 139
1049 2843 140
4847 2963 141
5005 4827 142
3137 720 143
2309 3655 144
4334 2320 145
2676 4500 146
3553 3640 147
3040 4875 148
4674 4931 149
4664 3443 150
2373 4470 151
2037 1682 152
1400 4769 153
17 3590 154
3655 4100 155
548 1742 156
4485 5130 157
2042 4331 158
3651 478 159
2393 348 160
1593 1089 161
3089 4885 162
1877 1984 163
4890 4828 164
1113 3490 165
1795 2363 166
5223 4126 167
1413 4251 168
605 749 169
2074 1569 170
5241 4508 171
967 407 172
1284 3358 173
3596 3494 174
2998 3593 175
646 1274 176
2734 1892 177
3829 2949 178
3556 3338 179
2907 1071 180
4827 3648 181
1607 3936 182
3672 5057 183
984 3926 184
899 1148 185
1149 3417 186
1865 3060 187
1177 880 188
1174 1894 189
2600 170 190
309 856 191
4282 2043 192
936 1498 193
3859 1241 194
3020 2660 195
825 3137 196
4378 2873 197
1063 2165 198
1845 4280 199
2168 1480 200
4081 790 1
1263 1697 2
5096 4011 3
1872 1991 4
953 4672 5
1375 1507 6
4575 3480 7
2950 2736 8
323 3226 9
3852 5214 10
2250 991 11
4805 2920 12
1500 418 13
4264 3184 14
1090 3700 15
2352 4361 16
1830 3121 17
4023 3462 18
1010 2566 19
4484 1656 20
3748 4475 21
3134 1044 22
2944 3939 23
2759 786 24
3660 1793 25
919 3816 26
1246 3562 27
3127 1710 28
2501 2935 29
686 4504 30
2360 1859 31
1733 4778 32
543 1594 33
3503 3934 34
144 3201 35
867 2199 36
820 1163 37
3918 4860 38
4176 3186 39
4705 4603 40
2158 3227 41
2676 1294 42
5116 4668 43
1455 2636 44
1989 5247 45
2248 577 46
3620 2459 47
2729 3250 48
1268 5029 49
4527 1877 50
1432 4083 51
420 1646 52
3623 2840 53
3883 2423 54
2920 1187 55
1120 3970 56
3814 1013 57
1327 3151 58
921 2455 59
2673 760 60
1509 3276 61
3701 2400 62
3530 2123 63
4870 4562 64
5288 3585 65
4057 411 66
3211 520 67
520 575 68
1826 154 69
194 528 70
2254 2894 71
518 3753 72
4411 3300 73
957 2818 74
3722 641 75
2071 1501 76
4008 3636 77
1277 5213 78
2929 5160 79
1197 1487 80
4403 1617 81
1392 1944 82
302 3228 83
5057 37 84
2883 120 85
686 3262 86
1945 214 87
2883 4368 88
4056 140 89
2370 3021 90
935 671 91
2755 3717 92
2670 151 93
3385 922 94
4477 2679 95
4021 2107 96
4824 4197 97
2676 2858 98
3904 4933 99
4468 674 100
4345 5041 101
4443 4199 102
80 5203 103
4748 2284 104
4653 5240 105
5164 5102 106
1345 5056 107
4905 507 108
930 2309 109
298 4328 110
2401 4767 111
4071 4670 112
4602 4498 113
4463 4346 114
2488 2008 115
1318 4571 116
136 4402 117
1880 4710 118
1719 1451 119
932 4557 120
639 4467 121
3986 701 122
1666 3833 123
3710 2561 124
342 4300 125
610 5148 126
2364 73 127
430 3851 128
2214 5273 129
2406 125 130
948 976 131
3760 2440 132
2960 3394 133
1447 1438 134
1748 1212 135
3572 2731 136
4296 3982 137
1359 4279 138
2384 1437 139
3370 2988 140
1032 1308 141
1104 3678 142
4241 84 143
2895 1047 144
929 1740 145
2524 1572 146
5116 4068 147
2021 1524 148
807 1865 149
4819 1766 150
2066 100 151
5175 3625 152
3062 4959 153
3093 2421 154
2896 1286 155
503 3334 156
3365 3113 157
1221 3619 158
4036 1609 159
807 1535 160
1568 1078 161
3254 1723 162
2463 668 163
2697 2672 164
4722 3757 165
623 1098 166
4482 3698 167
2907 3207 168
2839 3133 169
2382 1404 170
4918 693 171
462 1305 172
2802 5087 173
5080 428 174
655 584 175
1577 1635 176
5154 4819 177
186 1703 178
2646 2880 179
3243 5072 180
3691 5250 181
4806 5132 182
444 2563 183
4323 63 184
1651 3295 185
4305 2310 186
4289 837 187
3449 4755 188
5059 453 189
5037 3015 190
4814 4287 191
2811 1439 192
2670 3808 193
3100 4317 194
2377 4761 195
610 1733 196
1617 1986 197
4400 4873 198
5251 2605 199
2178 509 200
4878 5268 1
210 3899 2
3488 2933 3
4404 4077 4
1783 2290 5
1592 1363 6
759 342 7
524 1783 8
4101 1671 9
2051 4731 10
2019 2396 11
4599 1080 12
2123 4935 13
4822 3611 14
5154 3445 15
175 1768 16
2476 1239 17
2401 169 18
3723 3614 19
4381 888 20
2120 2389 21
738 21 22
2343 1881 23
4604 4215 24
3339 2346 25
2483 1068 26
3867 2706 27
1894 4951 28
2354 3507 29
1991 1444 30
634 1342 31
1802 1440 32
2729 3041 33
2749 1898 34
3125 552 35
3709 4022 36
3127 2048 37
4411 489 38
2364 4172 39
3159 1746 40
2934 5242 41
1049 199 42
2432 3508 43
2580 2319 44
2891 5050 45
4684 3475 46
5059 2401 47
4668 1924 48
3725 3544 49
4978 2838 50
4588 328 51
4289 826 52
4817 2582 53
3723 238 54
4870 807 55
4912 1936 56
1137 2387 57
741 3397 58
2671 5033 59
4367 164 60
1939 2153 61
3416 848 62
1544 3915 63
3124 3187 64
681 1015 65
3614 672 66
102 180 67
4521 4360 68
4813 1097 69
3432 2468 70
2241 3701 71
2794 3001 72
4690 3214 73
2106 2579 74
4594 2510 75
238 1238 76
2001 1886 77
2499 2141 78
1989 4958 79
1765 2152 80
1251 4592 81
3239 1805 82
3597 5101 83
602 2067 84
4650 3427 85
4171 4645 86
3358 1353 87
354 2666 88
5239 377 89
3815 2461 90
1817 3211 91
1067 1518 92
4208 5121 93
4750 473 94
2635 2362 95
413 173 96
3043 2273 97
1972 2717 98
738 2039 99
1120 1113 100
1634 4186 101
1968 3975 102
1651 3281 103
1320 935 104
2873 4964 105
2483 524 106
3092 2849 107
1286 1526 108
3630 3348 109
2463 3500 110
2749 1031 111
4763 3439 112
59 4735 113
193 2000 114
5157 3720 115
2976 1257 116
2565 2111 117
5278 5066 118
3154 1587 119
1583 3062 120
3814 372 121
1019 2544 122
3137 4886 123
5148 2238 124
3992 5279 125
2126 1851 126
2465 673 127
3060 3033 128
1928 3830 129
2727 556 130
3805 634 131
4280 1101 132
3695 2889 133
1361 260 134
4282 887 135
4884 2 136
3516 3766 137
3881 863 138
4570 852 139
1182 1651 140
5049 1613 141
3633 2187 142
588 1717 143
1954 3436 144
1947 2626 145
3319 4190 146
3503 4937 147
4840 2874 148
581 2825 149
4286 2869 150
3011 3534 151
4269 1060 152
342 1797 153
1635 1415 154
4343 767 155
1341 2560 156
2391 1014 157
2606 3819 158
2794 3143 159
3077 4325 160
643 2125 161
975 1660 162
5132 1885 163
2218 4174 164
717 2611 165
894 2246 166
4275 2978 167
3157 4684 168
736 367 169
3184 1974 170
1338 667 171
1719 4200 172
1084 4576 173
3246 602 174
2989 188 175
1068 4374 176
2268 462 177
4710 2157 178
5229 4616 179
5005 605 180
5 2932 181
2447 2593 182
5003 3225 183
5127 3545 184
2365 1204 185
1373 1283 186
373 445 187
320 3997 188
517 2906 189
3406 3558 190
1208 4264 191
4657 5097 192
5206 5149 193
4467 4265 194
3075 3265 195
2722 3183 196
1068 4960 197
708 2953 198
2636 2155 199
3534 3399 200
2530 3747 1
1383 3318 2
2084 3310 3
4006 1965 4
3045 298 5
1598 312 6
3062 984 7
2323 2725 8
3003 1383 9
344 5077 10
1022 3079 11
92 280 12
4924 101 13
1167 3568 14
5192 940 15
2763 4853 16
2371 4407 17
2723 1465 18
3429 822 19
394 3403 20
1380 4651 21
4842 4653 22
2304 2206 23
2789 4660 24
1336 5143 25
1880 1270 26
3213 3170 27
4528 4020 28
1775 3790 29
1696 2530 30
1574 1298 31
2749 3575 32
3974 5008 33
1475 2955 34
1071 4955 35
1929 3430 36
1530 1685 37
4064 2573 38
3992 4382 39
1544 3675 40
2152 1131 41
1119 5020 42
3713 2558 43
43 1050 44
1124 661 45
1943 847 46
311 2304 47
580 963 48
2605 1289 49
4371 2095 50
2333 3448 51
112 4400 52
1565 4743 53
5080 2405 54
2143 350 55
3602 3359 56
2987 1718 57
1950 4140 58
1602 3966 59
3699 614 60
231 3147 61
4081 543 62
3730 4299 63
3276 4485 64
3328 2287 65
4937 4810 66
4607 2168 67
4253 2975 68
4441 5156 69
3405 3951 70
1967 3908 71
1459 3668 72
2025 2469 73
1346 2085 74
1772 3691 75
3662 949 76
315 3094 77
5159 226 78
1329 2296 79
8 3424 80
3625 3788 81
2618 232 82
2574 529 83
5126 4001 84
2694 4505 85
4717 1935 86
1923 2047 87
3659 4711 88
4704 255 89
2512 4375 90
816 2175 91
1526 2136 92
1445 1732 93
37 867 94
4460 3123 95
572 1269 96
1845 865 97
57 4388 98
1227 3103 99
3183 2431 100
1355 4503 101
1174 4800 102
1408 2521 103
2052 4041 104
2903 1051 105
2408 1184 106
1934 2885 107
3730 142 108
41 738 109
2416 3270 110
1815 3850 111
2914 5185 112
2717 3095 113
1364 522 114
4990 316 115
4938 1 116
2391 1941 117
1174 4551 118
2226 3872 119
2516 1699 120
5015 5218 121
4132 5002 122
3781 3925 123
3900 1816 124
4788 2086 125
1267 3368 126
196 4538 127
3184 1227 128
3723 5192 129
2983 3714 130
5090 3684 131
1280 809 132
1651 223 133
4819 2517 134
4585 3237 135
4112 3282 136
4185 3726 137
1197 4324 138
2904 375 139
4650 3744 140
2609 3469 141
2606 1160 142
3728 1744 143
1968 3503 144
1700 4189 145
4144 463 146
1301 5197 147
2297 1494 148
188 1920 149
5053 3315 150
3672 4718 151
4324 2723 152
2106 2391 153
61 2210 154
1970 2926 155
248 498 156
1154 909 157
993 2184 158
1053 1690 159
1735 293 160
1880 3111 161
1864 1560 162
3158 1926 163
3725 4606 164
3456 3461 165
3593 4478 166
1371 4922 167
2619 394 168
1943 1074 169
772 431 170
4016 5297 171
1257 1002 172
1036 42 173
2542 3401 174
634 1300 175
3392 2859 176
978 1666 177
3603 2798 178
5170 3306 179
669 4015 180
4294 1129 181
4632 4716 182
1096 4210 183
4264 801 184
3042 2131 185
4304 3973 186
1632 934 187
3536 4957 188
3126 2533 189
4864 3549 190
5189 4898 191
4294 97 192
965 4149 193
2883 2945 194
5282 4301 195
2586 937 196
1566 4837 197
4818 1136 198
1689 4339 199
5231 2740 200
1865 5051 1
131 4065 2
2456 341 3
3576 5131 4
3260 2189 5
1807 3482 6
2340 772 7
664 945 8
2937 1933 9
2268 1719 10
552 4633 11
4221 3592 12
2689 4844 13
945 3598 14
2405 2828 15
5238 3253 16
5282 2371 17
1071 2970 18
1820 430 19
2417 3479 20
2572 2497 21
1661 4734 22
2741 1143 23
236 5172 24
3678 1678 25
4960 1144 26
2850 1476 27
4114 680 28
4299 703 29
925 1503 30
2266 5013 31
528 277 32
3469 814 33
1718 4395 34
1602 4527 35
1743 2644 36
1458 3565 37
1583 513 38
497 621 39
5130 2179 40
2226 824 41
1526 1287 42
5154 654 43
1375 3287 44
1193 2449 45
3997 3756 46
2149 669 47
3040 2815 48
2659 1823 49
493 4918 50
3236 4344 51
1135 1062 52
664 5142 53
423 467 54
120 830 55
507 3074 56
520 3219 57
3211 2464 58
807 434 59
2074 1135 60
752 1517 61
178 3609 62
1605 2467 63
801 3218 64
490 4031 65
410 4466 66
974 4167 67
4063 2549 68
11 4357 69
1717 983 70
815 4738 71
765 5062 72
2393 4842 73
1101 510 74
2149 309 75
1727 3613 76
1252 1704 77
2909 784 78
1225 2289 79
3459 4151 80
3462 2734 81
2896 5024 82
2077 1191 83
1511 2564 84
4068 1154 85
3518 932 86
2321 3303 87
1031 1043 88
36 8 89
121 2520 90
3503 3992 91
76 4706 92
4318 2292 93
1280 821 94
2727 3221 95
1939 4781 96
2774 1474 97
2862 4201 98
3529 591 99
2788 228 100
4496 3311 101
2173 4307 102
2818 3022 103
11 495 104
1763 5207 105
3207 2220 106
3074 4468 107
1597 4127 108
2524 4051 109
3593 1754 110
2134 4611 111
3815 3922 112
4797 395 113
2227 326 114
3318 2186 115
807 3713 116
592 3384 117
4754 573 118
3538 4473 119
1205 4992 120
2001 4006 121
3095 2977 122
3190 1061 123
4121 4131 124
4286 1822 125
4674 3182 126
3180 2941 127
2235 264 128
1373 2041 129
1274 2032 130
5234 1141 131
3619 4849 132
259 2031 133
1038 150 134
4238 5133 135
5041 1248 136
648 4721 137
1843 1694 138
5296 3637 139
4978 1657 140
683 2263 141
4621 128 142
58 2486 143
3418 4929 144
4518 2207 145
1205 596 146
1800 233 147
2957 3181 148
3060 920 149
1722 1900 150
3295 1593 151
2256 3148 152
1790 176 153
1229 3798 154
1932 3375 155
1921 1825 156
1277 3157 157
4831 335 158
743 4704 159
2465 5234 160
3622 2436 161
3918 3550 162
1039 222 163
3147 4811 164
5155 1947 165
4865 2526 166
4633 111 167
4834 5071 168
5210 1786 169
4018 3748 170
1346 1470 171
826 3492 172
3102 2051 173
4937 1932 174
617 1558 175
3601 3810 176
2849 2071 177
4650 3134 178
2580 4342 179
2261 310 180
4939 4989 181
4071 1203 182
3963 1602 183
1503 3761 184
3147 1644 185
3476 3856 186
4363 2223 187
700 4579 188
1237 4095 189
5009 4098 190
3587 3924 191
2196 3736 192
1140 2191 193
752 514 194
5204 2509 195
1806 1977 196
5116 903 197
3410 4234 198
2351 1899 199
2749 2586 200
143 3322 1
2593 4220 2
4577 4406 3
2775 5264 4
4650 3855 5
3416 2373 6
3128 4732 7
4840 1868 8
2384 819 9
5155 3658 10
3863 2986 11
5113 813 12
2226 645 13
3137 2775 14
2271 4858 15
3576 76 16
5003 3822 17
4342 2198 18
4368 2810 19
4605 3189 20
2882 1392 21
1181 4320 22
449 3193 23
3278 4103 24
605 4245 25
189 3742 26
3723 5282 27
1089 1701 28
4035 511 29
4726 3415 30
517 1253 31
4832 3680 32
1097 1042 33
2643 189 34
4854 5070 35
4147 866 36
628 4944 37
4238 5266 38
4837 969 39
3173 2780 40
327 3987 41
3266 3976 42
2613 3105 43
131 4294 44
4746 4411 45
592 1046 46
2601 3178 47
1246 1472 48
5089 22 49
4702 1853 50
2117 4308 51
180 4343 52
2909 5252 53
23 4290 54
2623 2917 55
2095 558 56
476 4712 57
180 1672 58
3011 3656 59
2018 1824 60
3587 3213 61
3417 4391 62
4026 4107 63
4922 160 64
3234 1302 65
1521 2969 66
3632 3667 67
2278 3813 68
5057 5044 69
3102 2877 70
567 4147 71
2666 4303 72
22 362 73
1578 2012 74
1306 508 75
2075 3870 76
711 3402 77
5189 3797 78
2230 4630 79
4605 1563 80
3507 877 81
2900 2488 82
4901 4763 83
4938 4263 84
2351 1329 85
3842 1842 86
3682 2367 87
2905 2516 88
4684 5152 89
3882 3887 90
399 2193 91
1174 3533 92
657 707 93
2463 4701 94
5251 1455 95
2481 4854 96
4887 4613 97
2905 536 98
4736 409 99
2747 3289 100
3776 1951 101
968 215 102
1465 3767 103
43 4396 104
1798 3531 105
3925 1728 106
3235 1171 107
76 2607 108
3676 13 109
5019 4026 110
2463 5272 111
619 1420 112
3543 3621 113
843 1192 114
4827 711 115
4056 891 116
4499 1202 117
2876 878 118
620 3343 119
1571 1220 120
4169 1579 121
4449 3367 122
1088 1553 123
1967 3101 124
3553 1296 125
3674 340 126
3792 1162 127
4421 639 128
1059 4413 129
3996 1647 130
2876 2703 131
1924 2598 132
2450 4080 133
5288 3099 134
2659 4691 135
665 744 136
110 3679 137
4534 3775 138
1654 2985 139
169 4626 140
4596 3098 141
2520 3516 142
3003 5075 143
1205 757 144
274 2613 145
1796 4766 146
2234 3410 147
3728 2694 148
266 1662 149
1124 272 150
4056 1709 151
2684 2161 152
1437 1468 153
1059 601 154
1280 5175 155
4238 1978 156
509 4033 157
2012 4113 158
3809 3085 159
5092 4936 160
4877 3012 161
2754 1807 162
2074 3377 163
5116 1291 164
3963 4914 165
783 4912 166
231 843 167
4419 2928 168
4181 3523 169
2558 4088 170
54 580 171
4746 4988 172
2937 3447 173
2721 578 174
820 2642 175
1300 4028 176
2633 3091 177
4237 599 178
293 4176 179
3627 1236 180
385 1288 181
1532 625 182
1985 1532 183
2658 4351 184
2344 4386 185
3146 3355 186
4855 2796 187
2968 4414 188
3380 2466 189
2018 2580 190
4388 1489 191
1185 1281 192
3296 2683 193
1216 4059 194
3505 2888 195
4731 440 196
1125 2948 197
2700 2749 198
3895 144 199
2351 2194 200
449 2756 1
2392 3078 2
3452 1017 3
3831 950 4
738 475 5
799 4803 6
2789 2475 7
1091 3210 8
1681 4814 9
2073 254 10
5031 2550 11
3030 182 12
681 1739 13
5186 1054 14
4322 1084 15
3673 4594 16
3294 1533 17
2046 4218 18
2241 4276 19
3359 4774 20
3040 3175 21
2248 3190 22
2949 2570 23
1749 3730 24
5239 3361 25
1761 4443 26
3125 5116 27
1748 2891 28
3347 1185 29
1658 1568 30
4518 3043 31
4280 4439 32
3680 1355 33
4668 4134 34
4877 4144 35
2254 476 36
627 4595 37
5008 994 38
1039 4750 39
4460 4908 40
2289 4366 41
4679 1217 42
954 1100 43
3591 383 44
194 1323 45
1453 4714 46
3204 86 47
2356 3543 48
292 2113 49
827 2028 50
54 3789 51
4952 2295 52
161 2705 53
3426 4045 54
1598 3927 55
5005 3595 56
2929 5088 57
4713 2680 58
1183 1727 59
4268 4998 60
2386 3957 61
4068 2596 62
3997 3557 63
2280 2782 64
777 4901 65
2788 1546 66
3244 2227 67
1973 3599 68
2782 2714 69
5270 4984 70
1217 2862 71
1386 2035 72
2998 1705 73
29 5055 74
725 919 75
2593 2781 76
5133 2410 77
549 1950 78
1218 1952 79
5004 296 80
158 545 81
5121 1481 82
2382 2839 83
3050 447 84
3268 1814 85
1540 3662 86
4245 2356 87
1973 4004 88
2001 5053 89
4822 414 90
3111 1906 91
1023 5227 92
3587 283 93
1185 1543 94
263 3195 95
4822 3724 96
1741 146 97
4696 3122 98
3143 5173 99
4006 4460 100
231 3398 101
918 3088 102
4047 1774 103
2089 198 104
5123 2339 105
4992 1466 106
5251 3961 107
4654 2478 108
1023 3393 109
306 650 110
1320 2078 111
3026 4448 112
336 4075 113
3503 746 114
1602 4628 115
4618 2265 116
1015 3802 117
5005 5176 118
4293 5134 119
5137 3418 120
3396 734 121
5176 103 122
1241 1782 123
1898 2089 124
3397 570 125
1770 2527 126
4295 4685 127
2499 1137 128
2579 2398 129
128 3759 130
3988 139 131
3416 2914 132
4220 4192 133
1205 1380 134
1440 1876 135
3983 4703 136
315 2557 137
5245 971 138
2525 3028 139
775 1358 140
4071 4657 141
3292 4086 142
2920 3055 143
4396 1473 144
957 3120 145
1989 5181 146
1857 5217 147
5031 1244 148
1487 2195 149
2823 4976 150
3352 648 151
3803 986 152
2254 4160 153
814 2634 154
5202 2285 155
3339 2007 156
2343 3059 157
4854 4589 158
4594 3457 159
2903 3515 160
250 1903 161
3658 123 162
3537 1193 163
1311 2337 164
3486 5109 165
2248 3197 166
1166 1634 167
1264 2353 168
2368 1511 169
1867 4902 170
2354 3646 171
2734 1902 172
4440 3681 173
2994 2325 174
5238 4696 175
4185 1753 176
4973 435 177
2718 4726 178
4231 2277 179
401 832 180
5253 2427 181
2143 2211 182
2246 3047 183
4918 3674 184
1679 1550 185
4869 2608 186
2781 2816 187
2937 1559 188
3900 1020 189
2763 5093 190
2283 89 191
5285 3177 192
1984 733 193
3519 1235 194
746 4044 195
2896 3772 196
41 3795 197
95 4155 198
3724 3491 199
843 4000 200
1708 1676 1
2268 3272 2
842 1456 3
3969 4330 4
771 444 5
4108 1165 6
1942 2667 7
2963 3785 8
3713 1515 9
1617 3606 10
3728 1948 11
3226 3734 12
81 2326 13
665 4647 14
2823 2901 15
1545 2445 16
2587 4733 17
714 2899 18
1868 882 19
2781 3198 20
3611 718 21
3612 3081 22
4928 4032 23
3672 4868 24
2845 1230 25
860 3722 26
4375 133 27
2883 3476 28
604 1436 29
4204 3809 30
3776 1096 31
4582 2664 32
3678 5286 33
3554 3647 34
2217 448 35
121 5003 36
4400 308 37
4599 3956 38
5291 697 39
826 4570 40
3389 1702 41
1517 2922 42
457 4446 43
1054 569 44
1684 2490 45
4099 604 46
4400 4534 47
3666 3618 48
5205 2422 49
3144 1625 50
4584 4717 51
5294 2515 52
1345 3719 53
927 874 54
5093 4014 55
767 1910 56
4461 4497 57
1748 3053 58
361 225 59
3662 5292 60
427 1675 61
714 4120 62
2000 3070 63
2729 4510 64
4990 3124 65
3397 504 66
839 3204 67
3412 1621 68
378 99 69
5029 2142 70
2815 4018 71
3699 4181 72
1771 1429 73
367 3653 74
1991 788 75
4887 692 76
676 2293 77
3387 2439 78
4176 153 79
2543 3615 80
5257 2898 81
5155 592 82
5180 857 83
1113 4784 84
3626 1907 85
549 2386 86
747 836 87
238 2393 88
1672 4335 89
5160 1477 90
5180 5164 91
4352 1146 92
2850 1280 93
2128 4548 94
3921 3542 95
2848 3241 96
660 911 97
2942 1290 98
1166 3217 99
2876 3071 100
2990 301 101
1479 1058 102
1843 4222 103
3904 623 104
4598 3291 105
5256 838 106
3030 1393 107
2419 2966 108
1375 3224 109
4537 737 110
4530 2172 111
4586 1262 112
2676 687 113
3872 657 114
3314 4381 115
1287 3396 116
288 464 117
1225 1371 118
526 1196 119
3443 2600 120
631 3037 121
2339 2940 122
4823 3511 123
5231 4646 124
21 653 125
2465 3056 126
3053 5202 127
2597 3905 128
941 4390 129
307 4509 130
2359 1764 131
3814 143 132
234 1799 133
5297 3452 134
854 385 135
4714 305 136
939 4776 137
1014 1132 138
2083 1592 139
2863 468 140
2027 2036 141
403 1534 142
3355 4259 143
3017 237 144
503 5007 145
2224 2738 146
3355 5210 147
5189 1401 148
2862 2609 149
1892 5052 150
4622 3909 151
2749 2765 152
4081 1021 153
1931 2702 154
4887 881 155
4366 1055 156
2287 2134 157
2764 745 158
3097 3268 159
5273 1464 160
777 2954 161
2395 5001 162
348 2529 163
4810 2233 164
4064 4491 165
3090 3497 166
2432 3665 167
2413 4025 168
1734 2081 169
2973 3888 170
121 3097 171
3746 4132 172
977 2188 173
327 1343 174
4988 1275 175
2794 460 176
3154 3423 177
2436 1827 178
4905 1295 179
2687 1387 180
4565 4772 181
3339 3333 182
3281 3013 183
3271 3035 184
1943 303 185
5131 2704 186
1112 4601 187
3426 2406 188
2076 3466 189
3880 2004 190
3661 19 191
2408 1670 192
1263 2216 193
2226 2336 194
853 2688 195
2900 300 196
1653 2959 197
4777 4889 198
1692 2006 199
1172 31 200
4076 1918 1
5051 3955 2
3801 2162 3
4525 4333 4
3087 2331 5
1738 141 6
5122 1819 7
3744 346 8
4842 3560 9
2579 5110 10
2757 781 11
5149 5177 12
1921 764 13
735 12 14
3570 4078 15
5296 2788 16
5033 1462 17
1845 2465 18
1831 3320 19
3398 424 20
33 2323 21
3805 2268 22
717 1630 23
528 1556 24
5241 1167 25
4480 756 26
121 2447 27
5288 4023 28
561 1006 29
120 2377 30
3237 5135 31
4114 5128 32
1681 590 33
1017 3823 34
3614 4071 35
3588 2635 36
4914 4794 37
63 4005 38
72 2584 39
1039 1806 40
4231 2329 41
1898 5251 42
2494 2330 43
2098 1400 44
5059 1374 45
1367 833 46
4449 2370 47
2640 313 48
1823 1030 49
3884 1181 50
2118 1205 51
1411 88 52
2944 3174 53
2619 3645 54
502 4243 55
399 186 56
3209 134 57
4995 1245 58
3772 3643 59
3772 806 60
1994 1866 61
90 4567 62
90 4665 63
2721 505 64
4032 2072 65
1830 4389 66
3530 2385 67
1973 5138 68
3462 941 69
840 5193 70
3669 2506 71
97 5091 72
1076 3141 73
5213 5209 74
307 4112 75
2647 1197 76
3113 4787 77
4996 2261 78
1903 2438 79
2311 4622 80
2520 694 81
2463 1104 82
4620 4444 83
3289 3952 84
931 210 85
3738 1808 86
250 4148 87
4441 1840 88
1968 1500 89
2558 3907 90
547 655 91
4038 3440 92
2685 662 93
1199 4237 94
2413 1741 95
880 30 96
4832 3652 97
1148 2498 98
2202 345 99
2677 5150 100
3297 3693 101
1717 1435 102
2087 5120 103
479 4432 104
3029 1860 105
757 3902 106
3235 4783 107
2280 1206 108
4679 1677 109
2677 3026 110
1849 422 111
3937 3353 112
3580 2726 113
2574 2177 114
4249 4462 115
789 3799 116
2933 1200 117
4790 4471 118
5065 3442 119
3990 5287 120
1903 1297 121
1396 3058 122
1280 925 123
3610 455 124
1040 4271 125
3398 2014 126
1702 4 127
2898 1896 128
4006 2118 129
5170 1219 130
1104 4450 131
851 2614 132
209 3791 133
3427 1884 134
3561 1075 135
1879 1327 136
702 3509 137
2766 1548 138
3822 4756 139
4435 1605 140
2677 2743 141
3942 755 142
3097 3517 143
5059 4337 144
1364 2504 145
1717 1761 146
3175 129 147
3524 2927 148
5238 3029 149
2349 1463 150
1770 1226 151
3753 3325 152
3049 2984 153
4686 5199 154
3572 4692 155
2438 3351 156
3553 184 157
1967 250 158
3239 4991 159
2098 812 160
3603 4900 161
301 1348 162
3182 2591 163
5197 5009 164
676 1707 165
1764 4788 166
2818 3167 167
4461 4242 168
2565 236 169
2379 913 170
2517 4609 171
2369 392 172
4491 1770 173
643 90 174
3886 4671 175
1459 2349 176
4838 1337 177
3584 3161 178
3292 2501 179
2151 2388 180
1747 4749 181
3848 2532 182
2447 3948 183
1288 1618 184
2719 4081 185
2319 1452 186
292 4372 187
2684 452 188
1113 4441 189
4796 4729 190
2204 1970 191
5145 3506 192
80 4739 193
2011 3990 194
3725 4449 195
4673 3794 196
2365 5165 197
1644 2537 198
601 3048 199
2073 4046 200
3816 4597 1
3553 4417 2
2393 1198 3
993 4241 4
4996 4990 5
2749 2647 6
2276 3411 7
1930 4037 8
925 3441 9
1114 846 10
1453 4840 11
5059 2190 12
3658 3815 13
931 5274 14
2095 3682 15
2676 410 16
2313 1564 17
851 3249 18
2323 1769 19
1414 1065 20
2642 3616 21
5231 5118 22
4342 5117 23
2538 3073 24
4905 4072 25
195 4596 26
5057 4632 27
3211 4511 28
4262 2541 29
4994 3818 30
3233 5223 31
5080 208 32
3624 4820 33
271 1798 34
1298 618 35
3988 2677 36
2005 4373 37
976 2201 38
4088 227 39
4470 546 40
4322 1218 41
1045 729 42
3626 1862 43
1166 2376 44
1418 3661 45
4577 185 46
660 3126 47
1092 4260 48
686 4861 49
2676 2601 50
1654 995 51
3086 3569 52
3535 2965 53
286 2116 54
3447 710 55
4870 2024 56
1268 1059 57
1278 2569 58
4799 1538 59
1446 3465 60
856 2844 61
3643 531 62
2723 4927 63
3042 1172 64
3597 3933 65
911 918 66
1190 290 67
4023 1022 68
2354 3163 69
3603 2358 70
3604 1190 71
4910 2910 72
3832 178 73
2910 2755 74
664 4865 75
2447 2632 76
269 2302 77
1968 4748 78
3663 2514 79
182 1547 80
1896 1883 81
821 1237 82
3416 181 83
1830 4525 84
2550 1736 85
1974 4600 86
3003 156 87
704 1093 88
2932 2944 89
628 4974 90
1343 4219 91
4588 3858 92
1298 1603 93
4660 1803 94
1678 1277 95
1939 7 96
171 2361 97
3658 2649 98
2848 1779 99
3097 1967 100
2170 1695 101
171 3216 102
4620 106 103
4187 371 104
1251 2192 105
1511 3780 106
2770 732 107
1258 3991 108
4280 3420 109
2019 2229 110
3839 4891 111
974 516 112
3316 3576 113
2990 4040 114
3730 49 115
1748 1811 116
4162 1813 117
2577 2451 118
2194 282 119
416 587 120
4822 3867 121
410 3745 122
4423 5288 123
890 724 124
2414 1504 125
1945 2279 126
2771 778 127
2002 876 128
5116 3180 129
549 1863 130
2016 4091 131
5272 851 132
2658 2797 133
541 3188 134
2709 2288 135
4334 4469 136
4031 439 137
5038 1484 138
4617 4363 139
2773 4442 140
2068 975 141
2657 1325 142
981 3341 143
1149 2639 144
2133 3639 145
894 5004 146
1216 4806 147
387 828 148
73 3874 149
4183 4629 150
2106 2248 151
5282 4392 152
1939 1506 153
1801 1372 154
3221 461 155
4642 1585 156
1195 2930 157
3661 2294 158
3097 1027 159
4655 3069 160
4994 122 161
3505 2968 162
5088 527 163
801 1293 164
770 4625 165
2803 3541 166
1576 678 167
2642 3535 168
865 4871 169
1155 2312 170
4440 4530 171
2268 3130 172
480 5257 173
3856 3400 174
2662 4217 175
360 1571 176
5243 3853 177
1577 966 178
2282 483 179
62 612 180
4431 640 181
634 3754 182
5008 2921 183
3529 4056 184
334 2435 185
650 562 186
3616 2645 187
4128 3901 188
5041 2150 189
567 2974 190
2364 2489 191
3345 1600 192
1764 3296 193
2961 958 194
592 1943 195
2121 2735 196
295 4380 197
1843 1788 198
1380 2620 199
2885 4321 200
2098 1582 1
237 5058 2
2699 391 3
502 2786 4
2779 993 5
4423 1914 6
2004 699 7
1638 4397 8
4404 4043 9
3903 5069 10
2607 689 11
4172 4620 12
4897 2971 13
2287 560 14
4581 3395 15
4731 271 16
1760 3451 17
4280 817 18
4990 3458 19
306 4777 20
2765 4723 21
3043 708 22
3191 579 23
602 4257 24
3645 1411 25
2507 3812 26
2499 2215 27
3920 158 28
3619 1756 29
3802 4809 30
1995 3414 31
4584 4578 32
59 2061 33
4420 1801 34
3961 4506 35
639 3597 36
3597 2303 37
259 3169 38
3857 3389 39
4396 3435 40
1167 4434 41
4790 2483 42
2085 1284 43
807 4236 44
4584 2832 45
1864 3005 46
5107 4946 47
3789 2368 48
120 2671 49
1598 3486 50
2676 1049 51
1476 4496 52
4925 4919 53
640 3608 54
2107 4050 55
1613 3864 56
3098 1424 57
3813 3208 58
678 904 59
4306 2835 60
201 137 61
1941 2811 62
3864 5174 63
1217 2208 64
3384 343 65
683 748 66
1601 479 67
5008 3127 68
2079 3632 69
2218 5084 70
238 1324 71
1652 886 72
2117 630 73
1762 1317 74
2216 3254 75
5240 2015 76
842 583 77
4069 1598 78
3611 4282 79
939 4367 80
3625 4830 81
2087 860 82
2639 5259 83
5155 3125 84
4049 2430 85
1382 4383 86
2200 658 87
1010 1864 88
1038 4021 89
4558 4170 90
695 1391 91
2941 5271 92
1831 2744 93
1772 1351 94
4649 79 95
2552 3223 96
1898 2676 97
3282 4866 98
1251 4598 99
3542 1698 100
4925 2777 101
2381 3989 102
2352 2856 103
375 1001 104
476 954 105
2343 64 106
2133 1619 107
5137 2695 108
630 3894 109
1205 1179 110
728 3019 111
5181 2701 112
1306 858 113
121 295 114
3616 1045 115
507 1335 116
4396 4213 117
1712 3484 118
1086 565 119
2700 3003 120
2787 4835 121
2456 2994 122
646 112 123
2676 2727 124
2907 2202 125
1072 4640 126
1113 2524 127
4423 3836 128
2518 2434 129
4551 999 130
3008 4831 131
3389 3329 132
122 3378 133
2839 2340 134
97 2429 135
2151 1117 136
3705 3140 137
2037 1105 138
839 155 139
374 3586 140
128 3366 141
3387 910 142
1528 3604 143
2489 4832 144
3961 2503 145
3184 4418 146
57 3470 147
1287 3031 148
2194 2681 149
2190 1588 150
4208 1544 151
158 4728 152
3536 1304 153
1455 2779 154
4922 2231 155
2341 321 156
1511 91 157
187 1856 158
1164 1751 159
602 898 160
2842 1428 161
2036 4983 162
475 834 163
1590 4027 164
428 4227 165
1898 45 166
3339 1645 167
2580 2769 168
3580 3153 169
2289 4813 170
5208 4986 171
2135 3588 172
3705 2937 173
942 4233 174
1706 398 175
1661 1844 176
1657 4476 177
1568 2687 178
3954 4064 179
1529 1004 180
644 656 181
29 4295 182
1855 4047 183
660 3357 184
5251 1225 185
5210 5249 186
1723 3354 187
3003 3373 188
2166 1370 189
2924 4869 190
525 3953 191
1234 3931 192
668 3725 193
4156 1215 194
4281 5021 195
4213 3145 196
194 4302 197
1999 2678 198
2583 2200 199
1277 3230 200
4712 2092 1
3177 3737 2
5240 3063 3
4482 3246 4
1078 4799 5
1749 2842 6
4049 1552 7
2356 2420 8
2023 4707 9
3476 4720 10
4076 1930 11
3304 1979 12
1759 3764 13
3580 3202 14
4375 67 15
3025 4326 16
4521 3261 17
1586 195 18
4002 1939 19
2803 3023 20
4527 4401 21
2208 1070 22
3866 1997 23
3151 855 24
1831 3483 25
1620 2250 26
745 4203 27
488 2317 28
3221 2685 29
3011 3821 30
3991 415 31
4691 1285 32
2185 2973 33
3535 51 34
4422 3317 35
4076 647 36
4966 3160 37
2102 1641 38
3205 75 39
306 989 40
1205 3092 41
3685 4770 42
3353 4850 43
282 3251 44
3424 554 45
4846 3659 46
3020 3301 47
2860 2770 48
4597 3871 49
4124 1005 50
103 4377 51
5260 1388 52
3424 3703 53
3758 4067 54
5130 2567 55
1477 2156 56
567 4584 57
2138 2991 58
2385 5229 59
4170 3323 60
1877 1183 61
1921 4114 62
5272 3579 63
4912 700 64
1476 115 65
2082 4896 66
2488 1987 67
4534 4416 68
3614 4146 69
3660 4638 70
2794 840 71
4268 3671 72
1943 2783 73
2590 1382 74
250 4039 75
811 4593 76
1968 4975 77
1559 4568 78
2520 964 79
2178 114 80
553 1510 81
3892 768 82
2414 3829 83
1301 3 84
1524 4168 85
2297 4980 86
2794 4780 87
5114 2225 88
4673 47 89
4210 3906 90
717 4678 91
4562 5144 92
3948 2863 93
1348 66 94
1246 3903 95
3786 3528 96
2556 29 97
279 4997 98
922 74 99
2990 4560 100
3472 1390 101
5003 2847 102
3974 974 103
5206 4848 104
131 719 105
894 3330 106
3920 3112 107
2640 2599 108
3130 5168 109
2538 1255 110
1371 4982 111
3199 4948 112
2357 4916 113
3647 960 114
2876 1689 115
1447 1575 116
2405 3244 117
3746 1102 118
4789 2938 119
1386 3271 120
2766 2577 121
700 167 122
3810 1870 123
3746 3733 124
840 5275 125
4066 2090 126
1473 5032 127
1394 3676 128
1237 4472 129
4147 2226 130
4734 4109 131
1753 4329 132
2792 5146 133
983 4365 134
3638 4676 135
3471 3921 136
1000 3583 137
1215 4693 138
1158 332 139
1968 1076 140
2263 268 141
4813 879 142
1868 1531 143
911 5016 144
3848 4008 145
1989 2879 146
1325 620 147
1172 1377 148
2907 4822 149
193 2082 150
1978 839 151
555 2269 152
723 2795 153
2100 278 154
2773 4175 155
2276 2767 156
2104 1010 157
3611 714 158
711 2768 159
3473 705 160
1657 1349 161
1823 3489 162
4524 1087 163
1492 93 164
3710 717 165
4323 4890 166
4308 4340 167
3940 40 168
4068 110 169
4457 1486 170
824 3718 171
2987 4577 172
3066 4779 173
2866 4719 174
248 4171 175
5176 905 176
1104 1878 177
3389 3683 178
4008 2675 179
3973 2417 180
2106 5155 181
4641 3039 182
1543 4490 183
4899 1509 184
940 2804 185
2866 5183 186
870 4309 187
3954 2939 188
2668 3269 189
2461 2822 190
1038 3881 191
1369 2245 192
5266 627 193
4114 3891 194
4380 3319 195
3388 3034 196
3400 3082 197
2685 357 198
5147 4905 199
3373 996 200
171 2070 1
4160 5196 2
3243 4483 3
2676 4744 4
1113 1629 5
2465 3426 6
4706 5089 7
3585 2068 8
1322 3835 9
918 5187 10
1515 4572 11
4737 3176 12
4699 2493 13
4204 3770 14
2568 3337 15
4563 3716 16
303 2719 17
4734 4228 18
4485 2604 19
3635 1110 20
582 5047 21
3685 3340 22
3611 1497 23
1113 2670 24
4706 4286 25
2771 1331 26
5006 416 27
2563 166 28
1159 2138 29
4172 1784 30
995 3460 31
4827 1716 32
2139 3984 33
4997 347 34
4657 1663 35
3215 59 36
2322 600 37
434 4659 38
2130 4230 39
1424 3929 40
2133 4364 41
3213 5219 42
175 921 43
3816 2462 44
1163 2151 45
2558 2895 46
547 1980 47
4419 4637 48
1209 2716 49
1634 2805 50
711 1267 51
250 2133 52
293 421 53
3859 4945 54
3668 4437 55
857 1345 56
2545 4455 57
786 956 58
4870 3280 59
351 4487 60
3860 4212 61
3759 3481 62
2075 457 63
2287 3940 64
1171 256 65
3703 1312 66
4702 1874 67
3892 2793 68
1400 3857 69
3981 1260 70
1880 3612 71
3759 1934 72
234 3444 73
3558 2222 74
5132 5281 75
3043 3279 76
1011 3831 77
2007 5244 78
3746 3972 79
373 263 80
4706 805 81
2754 2291 82
148 3844 83
592 3723 84
4106 4157 85
4723 1981 86
2700 78 87
820 458 88
347 5025 89
195 3839 90
1616 2824 91
2589 2865 92
2386 1041 93
286 892 94
373 3110 95
2676 829 96
2571 3144 97
1219 4956 98
4245 2026 99
3380 2697 100
5255 803 101
170 4965 102
1138 2059 103
3491 4405 104
2849 2638 105
3792 2618 106
795 449 107
3781 4932 108
3937 4700 109
41 1475 110
3628 412 111
870 4419 112
729 4863 113
1567 4605 114
605 953 115
2721 4285 116
5066 179 117
2515 938 118
2419 3884 119
2593 3162 120
824 1025 121
1926 1410 122
2343 1667 123
1278 2730 124
296 5215 125
5058 1652 126
2350 4752 127
2891 1023 128
5147 4963 129
764 2394 130
1666 1614 131
2866 1037 132
3696 2458 133
3986 4063 134
3116 4730 135
238 936 136
3373 2001 137
2494 373 138
1673 4090 139
4428 4722 140
420 2646 141
4678 2259 142
2606 2485 143
3917 299 144
1857 1479 145
2218 2101 146
4895 831 147
1535 3408 148
1505 4350 149
1167 5107 150
2120 1818 151
3252 3496 152
3611 15 153
3488 4543 154
4208 1213 155
1515 3983 156
4392 245 157
3570 4829 158
1263 3205 159
3319 2407 160
2983 16 161
2724 3453 162
3570 2441 163
1038 2904 164
821 2547 165
1718 2084 166
5120 1457 167
2073 637 168
1140 2957 169
2508 3336 170
2253 2453 171
4452 2548 172
801 735 173
4895 2344 174
2276 3243 175
511 2834 176
3718 2345 177
3018 1775 178
5171 3392 179
2118 1339 180
3705 4695 181
2039 2512 182
771 967 183
1374 1758 184
3697 3158 185
542 203 186
2092 2534 187
3140 4655 188
2305 3020 189
2700 2106 190
1279 3873 191
4495 117 192
4254 665 193
5183 2829 194
4805 5037 195
1825 386 196
4410 5233 197
2940 3504 198
2250 1064 199
1175 5076 200
305 3446 1
1873 743 2
5170 3556 3
4258 1713 4
4543 619 5
3468 3242 6
1238 5238 7
4410 3473 8
2883 1425 9
1790 4550 10
5266 2606 11
2574 3499 12
1016 1145 13
4515 3006 14
945 1142 15
5059 2699 16
4337 3551 17
1447 1908 18
536 4465 19
102 2076 20
140 798 21
4163 4934 22
4345 4121 23
1049 161 24
2693 1276 25
4289 2112 26
878 990 27
4701 1090 28
567 4268 29
4890 2542 30
3699 2119 31
759 2348 32
4154 4513 33
1149 5293 34
749 4477 35
1160 2239 36
765 5216 37
4323 1521 38
3315 1397 39
4450 2960 40
750 3804 41
842 2097 42
2403 3869 43
41 152 44
2137 3142 45
4002 2993 46
4718 4757 47
3278 2148 48
8 3660 49
1027 2836 50
2034 4760 51
2594 3200 52
1195 5065 53
3111 3834 54
1908 1953 55
1473 3650 56
4575 2846 57
1928 3365 58
2382 1966 59
3566 3967 60
2700 121 61
950 1161 62
133 2366 63
3806 3628 64
98 1332 65
3766 2817 66
3874 2982 67
861 4532 68
2749 4421 69
2657 1911 70
2061 322 71
1239 2180 72
5121 352 73
4822 4673 74
3908 1460 75
2393 1620 76
1678 1830 77
427 885 78
4617 3165 79
3750 3102 80
5031 218 81
2896 3017 82
3469 191 83
3011 1103 84
1327 1679 85
3416 1638 86
2463 1692 87
3792 3045 88
977 197 89
3226 3644 90
4550 243 91
5234 2745 92
637 2308 93
4399 2163 94
3095 3371 95
213 4244 96
3097 5159 97
254 252 98
3246 2964 99
2755 3746 100
4096 1234 101
2393 242 102
4077 1073 103
2886 2428 104
980 2282 105
3621 5194 106
4888 5195 107
3587 4516 108
2131 1362 109
2815 2094 110
2314 1604 111
1865 1126 112
503 900 113
2488 5167 114
919 4115 115
2074 2120 116
441 5261 117
1601 3654 118
5149 266 119
4746 2160 120
5114 4993 121
461 2271 122
4674 311 123
4174 761 124
2729 4679 125
1915 1945 126
919 4094 127
3728 1488 128
4158 3673 129
3235 2876 130
551 988 131
4642 4191 132
402 2711 133
5147 2572 134
4518 1946 135
2883 2721 136
253 2627 137
5181 541 138
581 2418 139
3476 644 140
3770 1923 141
5224 1491 142
1032 581 143
2245 731 144
4246 3128 145
3246 1333 146
668 4238 147
3295 4702 148
1057 1938 149
2677 2144 150
2719 3705 151
4179 4312 152
3529 5095 153
441 2027 154
4504 1322 155
4620 1804 156
465 1627 157
2324 485 158
1120 4621 159
2402 1314 160
4988 2713 161
568 4180 162
743 1969 163
4714 2792 164
5238 2016 165
3280 95 166
843 3577 167
4250 2242 168
3209 306 169
3081 2999 170
480 751 171
3093 4939 172
653 4652 173
2916 2117 174
1130 4216 175
2123 1336 176
4584 2823 177
4790 3018 178
1225 5012 179
1878 1359 180
2106 2343 181
1949 481 182
5214 3381 183
2487 2128 184
2909 3332 185
3503 686 186
2862 696 187
936 1925 188
2837 4438 189
4531 2352 190
218 336 191
3723 2868 192
1575 36 193
394 61 194
4353 2254 195
3488 2989 196
1586 1576 197
110 2972 198
296 4165 199
2244 2523 200
3515 26 1
3157 3478 2
854 2115 3
2689 5231 4
4818 3641 5
2880 3826 6
1224 1755 7
4910 3801 8
2749 1493 9
4266 2535 10
2558 3405 11
43 1684 12
1942 1612 13
5203 2093 14
934 3854 15
900 2814 16
338 4327 17
1702 3584 18
5080 3285 19
1632 3245 20
3003 1658 21
5181 3114 22
4380 4664 23
1939 1063 24
3668 3601 25
4937 1279 26
975 374 27
4823 1789 28
913 3104 29
2520 490 30
2910 3374 31
4922 1461 32
4618 3505 33
1263 1848 34
279 1149 35
3977 5166 36
1374 1915 37
3454 3051 38
2693 1595 39
4843 4518 40
2642 2630 41
1495 4771 42
3678 1738 43
5196 800 44
775 1834 45
935 1835 46
1361 5083 47
2030 4582 48
2069 5074 49
1451 2831 50
898 2064 51
5035 725 52
1787 297 53
4979 4079 54
2367 4549 55
1441 5198 56
936 1208 57
131 1209 58
1179 496 59
2344 4125 60
4405 5232 61
3499 2662 62
3283 568 63
687 4481 64
1967 2799 65
4108 2126 66
86 3327 67
2513 688 68
4234 3825 69
993 1375 70
5068 18 71
223 3154 72
3678 4255 73
5265 1988 74
4813 926 75
1264 2065 76
4937 769 77
4784 4537 78
4584 33 79
3254 1012 80
1329 1453 81
5288 292 82
4272 5300 83
3289 2733 84
782 2448 85
3252 4430 86
251 2154 87
1283 175 88
4122 3379 89
634 248 90
3208 3298 91
3981 3539 92
2724 1431 93
2863 2267 94
1533 380 95
2235 3627 96
1374 4194 97
3849 4038 98
2524 3663 99
1706 1821 100
3347 1992 101
1279 4356 102
5272 1845 103
3002 5153 104
2084 331 105
978 5269 106
2676 4746 107
746 2661 108
2511 3002 109
4505 5262 110
1265 3605 111
4449 2446 112
1400 4759 113
3963 3529 114
2528 1983 115
3801 2872 116
2179 4409 117
235 2196 118
5220 2306 119
4422 4270 120
697 5206 121
2781 1211 122
980 721 123
1516 683 124
679 4610 125
4013 4053 126
3763 4345 127
5003 3758 128
1186 1776 129
1967 3672 130
4722 2956 131
2156 3065 132
4323 289 133
1323 4604 134
3974 3256 135
4527 381 136
1404 1414 137
420 2383 138
3029 1749 139
1748 2143 140
4500 1942 141
3599 2936 142
2463 959 143
2397 2332 144
4520 2536 145
3063 202 146
1450 4699 147
3864 361 148
351 1839 149
3887 204 150
1104 4456 151
3539 4097 152
801 48 153
3489 3624 154
3725 3438 155
3595 211 156
2658 797 157
710 1917 158
3089 4104 159
4501 4278 160
4836 2037 161
1504 474 162
4008 3547 163
5180 4164 164
1562 5113 165
3243 2951 166
4088 4793 167
4370 2127 168
2461 1567 169
1722 4524 170
5063 2057 171
3418 3589 172
306 4742 173
440 1384 174
3097 5278 175
142 2603 176
1541 1108 177
289 360 178
669 4521 179
4847 353 180
2299 2372 181
2646 773 182
677 3540 183
726 2958 184
4404 1505 185
2087 2684 186
588 317 187
3449 1272 188
424 1224 189
413 2426 190
676 1394 191
3470 2655 192
4668 5235 193
4799 207 194
3848 3391 195
5179 3690 196
1182 2556 197
2283 2444 198
2855 4334 199
1775 4474 200
4393 2424 1
490 1233 2
3885 4575 3
549 4457 4
3681 4883 5
2235 127 6
5176 3235 7
3960 4798 8
2494 4272 9
307 1413 10
2160 2528 11
1219 3727 12
2111 2887 13
2723 4130 14
438 2484 15
1479 1086 16
4810 2643 17
2311 1867 18
3518 2640 19
2098 624 20
3585 2590 21
2133 2114 22
4830 4535 23
1295 4336 24
1899 1157 25
2743 2633 26
168 2328 27
997 666 28
3900 5294 29
903 609 30
2994 1502 31
3125 454 32
4800 3339 33
2482 4542 34
2351 1785 35
3692 10 36
2365 2091 37
2856 3463 38
882 3273 39
1298 3841 40
238 2794 41
3163 273 42
2185 1199 43
4338 4161 44
5160 3600 45
1375 1636 46
894 4773 47
4343 3635 48
2896 2552 49
205 1927 50
1342 2333 51
4805 2300 52
567 1551 53
2100 1508 54
1099 2728 55
4998 534 56
1123 2946 57
238 1115 58
3864 344 59
2910 3980 60
614 4583 61
2623 3692 62
717 4639 63
1232 4808 64
1104 3388 65
2222 5061 66
112 4928 67
86 3571 68
1067 3596 69
1320 1316 70
2485 4573 71
717 190 72
2280 3179 73
1804 2657 74
2351 1195 75
2420 2689 76
700 5040 77
5049 4713 78
2709 1809 79
2393 2870 80
1986 244 81
3885 4253 82
1118 5256 83
2391 423 84
1802 3050 85
1229 1820 86
3332 2415 87
2143 1843 88
669 4117 89
4058 71 90
2229 896 91
543 1282 92
4578 3971 93
2720 3837 94
2268 1555 95
3384 2673 96
2916 3885 97
1567 4003 98
3970 135 99
1318 2033 100
2098 2574 101
4275 908 102
5289 1691 103
1033 5290 104
3874 3578 105
1383 2359 106
871 324 107
4239 494 108
5255 1686 109
1493 2907 110
4806 2652 111
1831 1083 112
3943 4096 113
3276 4686 114
1199 626 115
2890 4378 116
4660 4881 117
2550 3559 118
1856 723 119
821 2147 120
2248 3007 121
2185 3849 122
4846 1998 123
2606 2708 124
2610 4007 125
3 4052 126
3790 2474 127
5274 2145 128
2792 315 129
2396 4658 130
3986 2878 131
1706 3890 132
41 3052 133
4643 174 134
2684 3087 135
3420 3159 136
5000 3845 137
2352 3347 138
5225 537 139
4010 783 140
2827 5255 141
1071 1396 142
2798 1092 143
3147 1643 144
1939 4288 145
1830 405 146
3297 987 147
4604 611 148
2023 4816 149
1936 281 150
131 571 151
4214 500 152
786 2967 153
5275 4636 154
2461 2979 155
743 2381 156
2785 4240 157
3385 5145 158
2169 4966 159
743 3090 160
1566 5129 161
3011 4796 162
2393 2425 163
2520 5289 164
2075 2496 165
4229 853 166
4077 2169 167
720 2947 168
3003 3699 169
1459 3428 170
5300 2409 171
3109 2773 172
2865 6 173
1021 23 174
926 262 175
1473 2519 176
3480 5200 177
1878 3848 178
1906 3149 179
2628 4403 180
1565 3471 181
5270 899 182
90 171 183
2465 3669 184
639 2867 185
4980 2408 186
1455 2056 187
3773 3044 188
3417 2551 189
3982 2013 190
4810 3234 191
4830 109 192
144 2641 193
1780 1608 194
2254 4602 195
708 4979 196
1053 4662 197
378 1545 198
4661 4522 199
1451 497 200
5098 1448 1
1634 349 2
2114 446 3
1541 2450 4
4584 4163 5
4832 3294 6
5008 275 7
2584 3206 8
5176 2025 9
4813 2046 10
2853 1094 11
90 1029 12
88 942 13
1144 1354 14
571 1467 15
4296 339 16
552 561 17
1939 4435 18
2276 2411 19
2401 1873 20
3283 2911 21
4759 4393 22
1681 2722 23
2401 3477 24
1263 3781 25
4956 2437 26
686 3581 27
3889 4954 28
3623 2482 29
3544 4376 30
2392 1421 31
3515 2249 32
1932 1982 33
4907 1623 34
2038 1854 35
321 4454 36
2311 1499 37
3073 148 38
3162 845 39
1437 1536 40
2084 5222 41
1737 3807 42
3173 230 43
3387 2674 44
103 2866 45
4597 1412 46
2051 4231 47
2432 4049 48
774 1128 49
472 1792 50
2106 2030 51
1989 4229 52
2468 2912 53
237 325 54
2562 4482 55
552 2819 56
4148 3212 57
5023 2827 58
2503 241 59
2432 1026 60
3620 4859 61
307 992 62
4601 276 63
2167 2355 64
673 53 65
2297 2698 66
1021 3502 67
138 3773 68
2836 973 69
4843 4452 70
2945 4226 71
2984 4502 72
4392 3760 73
2660 1106 74
2077 3255 75
518 2650 76
3772 1446 77
1432 2791 78
2141 3308 79
2803 212 80
2009 4687 81
3074 642 82
136 2787 83
1873 85 84
112 526 85
1268 307 86
4994 1186 87
3889 3603 88
237 3879 89
702 2624 90
1830 823 91
3436 1796 92
2214 1708 93
2831 3852 94
4455 3404 95
3026 5189 96
214 4862 97
1733 107 98
3946 2851 99
4461 4193 100
4435 962 101
340 1760 102
3510 2170 103
3734 4501 104
3883 2003 105
3638 1116 106
3525 5258 107
4238 4938 108
5241 4431 109
870 4698 110
1894 3171 111
4146 4494 112
4002 4751 113
1998 3765 114
907 427 115
2826 3622 116
341 1081 117
3625 3649 118
1943 1252 119
2729 1368 120
4402 2266 121
1968 5005 122
2728 3959 123
4784 3057 124
660 2929 125
44 739 126
3199 2183 127
4198 1360 128
2465 907 129
3490 4232 130
2811 1633 131
186 3376 132
2339 1127 133
2102 870 134
634 4824 135
2309 3988 136
549 5090 137
3256 1554 138
1372 162 139
230 4187 140
1906 4297 141
11 3331 142
1677 4973 143
5236 4156 144
2323 72 145
1060 356 146
2477 3755 147
385 5205 148
1237 4666 149
112 4970 150
4049 1897 151
194 46 152
1531 1365 153
3954 234 154
3738 1216 155
2991 3631 156
1749 3117 157
1972 3132 158
2614 4385 159
3515 3762 160
3805 2707 161
3551 4797 162
2698 5280 163
1263 5245 164
4790 777 165
345 3865 166
2124 5178 167
3075 4036 168
3238 4316 169
2503 1787 170
3392 1869 171
4877 5212 172
826 2313 173
268 4838 174
1778 1450 175
5142 4489 176
5233 1937 177
4436 119 178
294 3304 179
4700 1794 180
4403 4184 181
1304 5248 182
3618 1402 183
3723 4688 184
188 3286 185
2168 818 186
2676 1968 187
128 2354 188
3445 3817 189
2789 1748 190
1057 3513 191
4251 4292 192
580 1066 193
1898 1817 194
1915 3704 195
4322 1747 196
103 4178 197
3115 4204 198
681 2539 199
3582 4009 200
2106 294 1
4429 4514 2
4516 1700 3
3346 1210 4
3510 4795 5
307 1833 6
1775 5096 7
5017 4545 8
981 4969 9
441 4182 10
3638 1857 11
497 2038 12
2230 816 13
100 4564 14
860 4950 15
3777 3868 16
992 2315 17
2868 2568 18
1503 2053 19
3964 1996 20
4096 1557 21
725 3240 22
3007 4035 23
4928 2158 24
3678 132 25
3155 355 26
2291 1367 27
2364 1338 28
1154 1985 29
3696 2103 30
639 3944 31
235 3711 32
1562 4608 33
3764 4624 34
1857 1520 35
1858 213 36
2781 20 37
1120 4790 38
2069 1847 39
925 3917 40
5230 1871 41
2359 1361 42
3366 3525 43
982 2665 44
1090 1846 45
1651 4910 46
4491 1433 47
3858 2772 48
3168 3386 49
4871 4536 50
2234 5011 51
2497 4697 52
3398 1019 53
705 1259 54
1195 5158 55
4366 2981 56
669 1955 57
3180 5182 58
348 2918 59
5170 1765 60
1360 1139 61
1643 1591 62
959 2826 63
5045 762 64
2789 4517 65
4299 1418 66
3018 3049 67
644 1194 68
5176 2087 69
4173 799 70
306 2553 71
634 194 72
1837 2274 73
1958 4274 74
3284 4447 75
3954 2318 76
2089 3064 77
3517 727 78
747 28 79
1601 4758 80
3678 3919 81
2163 302 82
31 3994 83
2194 2380 84
4924 1319 85
3768 1512 86
518 4641 87
1238 1155 88
2380 1169 89
4451 3038 90
1144 69 91
4987 981 92
3663 4906 93
4714 4574 94
2729 1577 95
2421 2682 96
5257 1003 97
2916 4410 98
2121 3895 99
3719 246 100
5117 576 101
3013 2181 102
3530 1849 103
3626 113 104
1972 4296 105
5098 2247 106
4482 1266 107
2970 1995 108
4754 4387 109
1208 1350 110
4484 279 111
759 4903 112
4017 1265 113
5139 4888 114
4134 4099 115
5175 1373 116
2068 4923 117
3768 417 118
3938 2221 119
482 615 120
4875 924 121
24 1079 122
3535 3292 123
3783 1626 124
4410 2656 125
4295 1036 126
3471 267 127
4621 2990 128
4051 3677 129
2316 5267 130
2805 2720 131
1298 1107 132
403 1112 133
78 491 134
3637 3275 135
3182 2943 136
2845 4648 137
527 770 138
234 2452 139
2601 2996 140
1843 259 141
4396 3792 142
2311 2742 143
870 2800 144
1718 4371 145
4769 709 146
1975 149 147
3938 172 148
3358 2457 149
2813 4680 150
688 3602 151
5103 3520 152
4912 2299 153
1041 3573 154
1833 327 155
617 2952 156
1936 5046 157
5244 4293 158
759 4185 159
2393 2616 160
2622 2357 161
4056 3305 162
3155 1631 163
1036 1077 164
1268 3880 165
4998 3876 166
5295 629 167
2057 168 168
548 4825 169
41 104 170
3433 1134 171
2001 3008 172
1238 3109 173
1012 2724 174
4556 4599 175
4557 868 176
2650 1398 177
1166 4016 178
219 3229 179
5175 3284 180
4535 3288 181
748 872 182
1734 2494 183
2441 3911 184
2717 871 185
3011 965 186
2052 3910 187
2617 205 188
2297 1734 189
639 4428 190
33 978 191
3015 4631 192
616 736 193
1090 1912 194
2414 2942 195
3581 3061 196
1159 4159 197
3281 2518 198
2330 859 199
4076 285 200
2270 3326 1
5154 1706 2
2726 2631 3
550 2132 4
3770 4682 5
2730 3897 6
1722 1537 7
2719 883 8
2984 3554 9
1280 1099 10
1451 4195 11
262 3009 12
4049 393 13
1282 39 14
3712 4284 15
646 3518 16
2322 364 17
3133 889 18
5251 3356 19
5037 3548 20
1989 337 21
2089 4541 22
1424 3863 23
4349 2715 24
4385 3607 25
597 933 26
2300 3185 27
448 765 28
4557 5014 29
2519 4618 30
4556 4663 31
1065 3014 32
1515 80 33
4118 2104 34
4538 4949 35
50 1249 36
1144 2690 37
5057 1399 38
1678 437 39
1059 3030 40
1880 3768 41
567 320 42
5281 1122 43
3011 820 44
4978 4762 45
5028 3629 46
4435 5284 47
2348 804 48
1864 2022 49
242 2481 50
2377 4102 51
3045 2454 52
1726 2925 53
5080 4332 54
1482 5154 55
2994 2240 56
373 159 57
1295 1990 58
701 406 59
1078 1320 60
4814 2886 61
3346 50 62
1658 1311 63
1688 4422 64
687 4198 65
1648 52 66
5175 5186 67
490 2471 68
3699 4972 69
3385 3594 70
4495 1882 71
1915 4412 72
4035 429 73
2347 2931 74
3385 2045 75
2403 1956 76
1078 5006 77
4304 1175 78
2813 4627 79
2312 2472 80
2910 1231 81
3917 3259 82
3638 1386 83
2866 1256 84
2006 4978 85
4790 1173 86
3782 2005 87
628 3800 88
4992 2962 89
4973 1469 90
4493 1492 91
1908 635 92
2343 57 93
4251 1639 94
1588 3882 95
4516 2583 96
3944 2347 97
4586 2763 98
150 4298 99
2406 3522 100
3000 4249 101
3135 2653 102
3596 2495 103
4380 2052 104
1361 5030 105
592 5103 106
1666 2009 107
194 3954 108
637 157 109
2987 1674 110
33 1522 111
821 5285 112
4746 2019 113
4246 1561 114
3963 2757 115
5116 2883 116
4807 470 117
4679 1528 118
4396 5026 119
2202 3077 120
2364 3409 121
3961 3089 122
5065 4529 123
667 4689 124
635 2171 125
4002 2044 126
260 2893 127
350 4214 128
2674 2658 129
1090 766 130
538 35 131
1227 3739 132
2749 2525 133
5186 5243 134
4911 4055 135
3693 1975 136
5136 779 137
4870 4642 138
5157 3527 139
2278 3838 140
1934 2272 141
2254 3904 142
5198 792 143
4940 370 144
3950 44 145
5103 451 146
3374 4724 147
643 2075 148
5029 3642 149
1219 4451 150
1019 3004 151
1418 2890 152
2729 5068 153
1988 4915 154
3977 4283 155
1574 4930 156
3003 4805 157
2867 916 158
3209 351 159
686 1812 160
3645 4463 161
4277 201 162
58 502 163
2030 4379 164
3281 387 165
3263 1409 166
1116 1836 167
847 5010 168
14 2592 169
3911 1653 170
2221 1640 171
4565 594 172
1774 3119 173
2729 2853 174
3251 2693 175
4799 808 176
826 219 177
1120 1529 178
2358 1430 179
3816 5115 180
5259 4544 181
2721 2062 182
3365 1416 183
462 2129 184
3049 1251 185
1219 906 186
900 3172 187
927 249 188
3928 126 189
3296 1720 190
4114 420 191
3853 3072 192
3093 5034 193
1364 2077 194
5084 1487 195
2614 3530 196
5042 1757 197
5070 4318 198
153 314 199
3576 4843 200
1238 628 1
1943 3191 2
3059 5039 3
5152 3192 4
2586 2508 5
4484 1539 6
544 4404 7
4843 3220 8
1992 4911 9
4786 955 10
2525 3776 11
2606 1578 12
1601 691 13
2931 4952 14
4615 1858 15
63 24 16
3948 2307 17
826 3173 18
2381 1611 19
2370 3135 20
567 2338 21
2077 3498 22
2359 2149 23
1529 636 24
2463 2098 25
1886 3416 26
2639 698 27
3258 2821 28
3270 1745 29
2513 2324 30
4396 34 31
4524 4207 32
3172 3412 33
4621 2063 34
4314 1525 35
3961 1673 36
864 574 37
4776 5188 38
1286 4250 39
3931 1309 40
3570 5023 41
1906 3796 42
364 3840 43
5222 257 44
261 2176 45
2018 1482 46
4993 1527 47
602 1616 48
3030 4479 49
1762 2576 50
225 2820 51
3789 4408 52
636 1750 53
4735 1904 54
2208 384 55
4071 3567 56
3667 4836 57
5266 209 58
1652 499 59
3217 1405 60
4275 923 61
3128 1223 62
4063 3828 63
1952 3369 64
5120 547 65
4813 1566 66
1277 1228 67
3225 1376 68
801 1683 69
2174 4619 70
1214 404 71
4282 2718 72
1237 901 73
2344 5111 74
3297 582 75
614 3787 76
5119 3472 77
354 187 78
2245 4370 79
2280 4921 80
3471 5000 81
4701 682 82
121 3750 83
837 5106 84
3537 2236 85
2650 4429 86
1826 2790 87
4193 2543 88
1149 3965 89
2963 4782 90
2937 334 91
2118 2224 92
335 2375 93
3066 2861 94
3832 1976 95
3040 1040 96
2659 1246 97
235 1250 98
330 3307 99
872 3129 100
1912 4561 101
5076 477 102
4556 3820 103
3500 4887 104
840 1243 105
21 4338 106
337 4677 107
1263 82 108
1397 3670 109
3384 2619 110
43 4341 111
2957 1242 112
784 3233 113
2254 1581 114
385 2629 115
5089 2602 116
1972 4399 117
2536 2750 118
3886 1649 119
2583 862 120
3306 4277 121
534 5239 122
837 456 123
1651 5241 124
1131 1909 125
4345 890 126
2619 3889 127
644 3164 128
4899 3345 129
2676 5171 130
5270 5054 131
4422 2545 132
3361 2054 133
4116 3695 134
1320 2612 135
3738 3846 136
4900 338 137
3026 4258 138
3697 4087 139
5004 3360 140
2899 535 141
4214 4815 142
3639 2412 143
3382 1207 144
1246 2892 145
923 3156 146
3234 1570 147
817 2228 148
1341 5221 149
425 274 150
4145 4206 151
4449 2807 152
905 1780 153
1091 4533 154
1155 376 155
4596 4709 156
1048 17 157
4550 2897 158
4649 1730 159
4870 2351 160
2082 471 161
2862 3783 162
931 3016 163
5221 4725 164
2779 1483 165
1939 1123 166
4385 1278 167
1430 2314 168
771 1541 169
4313 5042 170
2063 715 171
1921 2961 172
3974 690 173
2405 5015 174
1397 1344 175
4809 3413 176
375 3537 177
3585 5291 178
2481 2595 179
733 4943 180
1735 5045 181
2522 2507 182
4071 1222 183
2485 1735 184
4565 3696 185
2386 1417 186
109 369 187
2781 5078 188
3173 3784 189
769 2902 190
2042 811 191
4998 2166 192
2660 3570 193
3672 3580 194
1401 3930 195
1817 3962 196
1561 5085 197
1550 220 198
3729 436 199
3672 4423 200
3147 1009 1
2717 3735 2
3753 998 3
3046 2110 4
1865 2565 5
771 5079 6
3449 4139 7
4586 3623 8
4676 2848 9
2051 4017 10
4583 83 11
1833 1916 12
2358 177 13
2636 3454 14
3597 2278 15
3155 5296 16
581 2066 17
434 2083 18
717 2088 19
4980 2350 20
3285 1170 21
177 2283 22
4051 2234 23
4306 3419 24
4899 4675 25
2487 3238 26
4253 4826 27
2519 3782 28
3073 776 29
1432 3687 30
4398 4785 31
2663 3231 32
2083 3862 33
4551 5073 34
5139 2864 35
206 4768 36
463 4205 37
4118 2585 38
2497 3706 39
290 912 40
2831 4209 41
1219 3626 42
3555 4520 43
1182 1000 44
4943 4256 45
3384 4313 46
1346 2916 47
380 3731 48
759 2754 49
4560 3456 50
4066 1307 51
4441 4817 52
2267 1035 53
870 5114 54
653 3875 55
1306 4789 56
487 1478 57
1577 4823 58
5295 633 59
1620 681 60
359 559 61
188 4962 62
3530 441 63
3585 3425 64
3968 5124 65
668 3974 66
861 2100 67
4149 2311 68
948 664 69
4231 2286 70
3204 4177 71
1865 1011 72
4764 506 73
434 4440 74
3857 4048 75
4748 2379 76
2442 3860 77
2799 5283 78
5005 2764 79
426 4987 80
604 4138 81
3030 1188 82
1681 1828 83
2665 4634 84
3017 1180 85
2393 1119 86
3678 549 87
3246 2105 88
4805 1562 89
4669 2502 90
114 2852 91
1321 972 92
749 284 93
946 2020 94
3163 5184 95
892 1584 96
845 329 97
2466 4807 98
3306 4110 99
1765 3138 100
4505 5098 101
1069 525 102
2740 1176 103
2527 4135 104
1266 4528 105
253 3422 106
1903 221 107
3562 390 108
2803 2159 109
3012 4879 110
4988 597 111
2919 2712 112
682 4737 113
4029 2017 114
4251 1138 115
3008 3449 116
3984 796 117
5155 4802 118
1069 379 119
3373 1261 120
3849 1328 121
2607 4985 122
4287 1523 123
1113 5049 124
2579 2335 125
605 3964 126
854 4877 127
4238 1152 128
5133 3938 129
2545 1624 130
616 1201 131
1306 3362 132
1894 102 133
1300 3352 134
5260 2854 135
76 3100 136
2644 1147 137
1984 1426 138
1521 5 139
4251 4940 140
1155 4108 141
1153 3066 142
4465 3866 143
3398 4736 144
4690 2686 145
3162 685 146
3469 1271 147
643 2882 148
3135 4281 149
780 3086 150
1482 4556 151
2836 1471 152
169 4953 153
5171 231 154
1818 1299 155
929 459 156
3017 4353 157
3432 4818 158
877 5204 159
4033 4977 160
5241 5080 161
3772 3459 162
2359 3728 163
4628 3136 164
3819 1549 165
3387 3328 166
4530 1052 167
3961 675 168
103 1395 169
1817 4495 170
552 1565 171
364 4445 172
1652 3947 173
4428 3266 174
2885 4656 175
1692 2850 176
5154 1659 177
1562 4924 178
4632 5201 179
2106 1379 180
4860 1949 181
3648 2575 182
1952 2473 183
4709 480 184
3658 780 185
5155 2463 186
2842 5104 187
1753 4834 188
594 1056 189
195 4926 190
3697 4708 191
3950 782 192
4360 5086 193
1430 4202 194
3367 2760 195
1748 3260 196
5065 2812 197
4963 1913 198
3515 2476 199
4596 81 200
2007 2281 1
78 4852 2
2694 5081 3
3316 147 4
2821 4211 5
3973 501 6
4534 540 7
2109 1855 8
3554 3501 9
1833 3314 10
5 2784 11
2867 2855 12
3505 3046 13
4037 3027 14
2748 3068 15
3571 3321 16
2027 1725 17
1166 2477 18
4130 2654 19
4843 4136 20
480 1872 21
96 2806 22
4315 617 23
2977 4587 24
4843 752 25
5160 124 26
786 4539 27
634 2759 28
1947 4531 29
601 1151 30
5121 4857 31
4219 3995 32
2339 108 33
2199 589 34
2596 5028 35
3163 378 36
2623 4727 37
1226 2559 38
3530 4558 39
2513 5220 40
1797 1875 41
4077 3968 42
2882 333 43
4158 2050 44
2659 4961 45
2089 1364 46
4474 4142 47
2297 25 48
1683 4352 49
3807 4971 50
2489 2923 51
234 613 52
3520 3196 53
3257 3564 54
4289 3258 55
4454 2146 56
2106 3488 57
1175 4715 58
1873 3715 59
3040 3771 60
3656 3900 61
1899 2980 62
2075 861 63
1896 5141 64
3744 1993 65
4330 2392 66
1566 4225 67
2018 4884 68
138 4947 69
1196 4085 70
1850 2692 71
3052 3382 72
2673 1318 73
1551 1999 74
840 4683 75
272 1589 76
1238 1039 77
2754 2365 78
3293 4764 79
4502 4427 80
821 1681 81
3562 3150 82
3208 388 83
3476 5067 84
5008 572 85
4117 1889 86
1493 854 87
2481 3455 88
341 551 89
2558 4304 90
1692 1888 91
619 1722 92
1845 3380 93
718 98 94
3858 607 95
3856 2905 96
861 3467 97
4069 3778 98
4374 265 99
1738 1292 100
2190 5254 101
2190 4981 102
2745 4122 103
3012 4358 104
3098 1961 105
2369 4074 106
5150 3861 107
839 2739 108
4095 1905 109
3373 2382 110
4633 3349 111
3109 1067 112
2078 1802 113
2990 4433 114
1385 2751 115
4099 2040 116
759 567 117
3191 3553 118
5272 399 119
3398 1458 120
1510 3546 121
1133 2102 122
3672 1778 123
4567 4591 124
4815 563 125
1512 1712 126
2018 1008 127
785 4349 128
3948 2135 129
2888 2669 130
1026 2219 131
3801 3943 132
4430 3067 133
4380 368 134
1928 1729 135
772 3274 136
4259 4354 137
4900 663 138
3662 4246 139
4363 3697 140
259 4162 141
1614 3978 142
3412 841 143
4238 5112 144
590 3350 145
4854 4507 146
2368 1606 147
4551 1347 148
472 3429 149
3922 2500 150
3628 443 151
4524 3222 152
121 3963 153
1507 408 154
2862 1159 155
1731 844 156
4449 193 157
3805 4208 158
3097 3710 159
1252 3363 160
2365 1973 161
4010 3406 162
138 2813 163
4421 4143 164
147 3146 165
3997 1164 166
5082 3512 167
5160 4248 168
2430 2217 169
4139 1407 170
1179 1759 171
4016 3803 172
444 1960 173
5056 1496 174
5103 787 175
702 931 176
5147 4057 177
2434 4362 178
1311 3346 179
3097 14 180
4246 3025 181
1565 3610 182
2909 3666 183
2638 3510 184
2234 1964 185
1692 1247 186
3625 1072 187
1298 5092 188
4450 2837 189
1166 2280 190
2432 3495 191
2786 358 192
4422 1615 193
2882 3912 194
984 523 195
980 2079 196
2159 4013 197
4602 1018 198
5005 3215 199
21 3893 200
1310 1082 1
3145 895 2
2152 1861 3
544 5119 4
1602 2737 5
924 3752 6
2980 1366 7
5280 4019 8
3098 2327 9
2028 1406 10
434 55 11
1364 3283 12
4555 3617 13
4550 4054 14
3725 2919 15
1540 1574 16
2143 3743 17
4619 5260 18
4719 3824 19
4978 419 20
1682 1315 21
805 3096 22
237 2384 23
4777 2915 24
5179 3252 25
3135 4745 26
593 2571 27
25 3526 28
2269 1330 29
1331 3450 30
1120 2789 31
2565 740 32
2384 951 33
2993 3115 34
4530 2538 35
567 2276 36
3109 1994 37
2657 4872 38
3681 5105 39
2794 2896 40
3760 1687 41
4843 2531 42
1578 3075 43
4900 1721 44
600 1095 45
109 4967 46
983 793 47
3727 4841 48
5138 4563 49
5275 2976 50
1422 3998 51
1461 2992 52
1049 1654 53
849 716 54
1845 2802 55
3209 706 56
1661 979 57
3163 2139 58
3918 586 59
3246 1258 60
4557 1264 61
3662 196 62
1494 2197 63
4895 952 64
4277 747 65
3672 2109 66
4477 1664 67
1382 5162 68
4605 4137 69
2515 5263 70
2385 4615 71
1551 4436 72
2018 206 73
2617 3993 74
4470 1352 75
732 3302 76
2798 3574 77
1067 2378 78
2895 3155 79
5170 3203 80
1803 1085 81
1364 4269 82
4035 27 83
4758 1887 84
1637 3732 85
5120 4154 86
4476 2983 87
4784 670 88
2973 4741 89
3101 1346 90
4147 465 91
4570 1254 92
5272 2364 93
529 947 94
2017 3335 95
673 304 96
4088 261 97
811 2913 98
2365 917 99
1720 4486 100
878 4791 101
2149 897 102
4918 928 103
3611 595 104
826 5191 105
978 5035 106
331 2578 107
5015 1838 108
2574 4254 109
5221 3935 110
2663 753 111
397 4348 112
2636 4158 113
1996 4876 114
295 2513 115
859 4029 116
311 2809 117
1180 145 118
1968 4306 119
652 1340 120
847 2470 121
815 4060 122
2984 1962 123
866 3232 124
2019 1232 125
1350 5208 126
3057 1931 127
2614 1752 128
813 684 129
3417 3763 130
4088 4235 131
2907 660 132
5142 564 133
820 5137 134
3238 1781 135
1455 3032 136
2401 3709 137
1135 815 138
253 2203 139
1400 5270 140
3073 2374 141
2700 1650 142
4840 1773 143
4426 2334 144
4289 4010 145
676 3969 146
3499 4062 147
2076 4493 148
1182 2173 149
3753 365 150
2106 43 151
4604 2909 152
5232 4224 153
5266 2413 154
438 401 155
2700 3986 156
4103 5126 157
4908 4426 158
1268 2399 159
1103 3886 160
2108 4252 161
17 4882 162
3092 2049 163
3013 2761 164
5005 5169 165
4249 5151 166
299 3344 167
3499 638 168
3710 5265 169
4504 77 170
2087 1422 171
2330 3883 172
5075 2301 173
5275 4565 174
2779 2522 175
4047 763 176
2581 4792 177
4254 3372 178
2549 3946 179
1291 2034 180
5125 4129 181
3499 2390 182
3676 492 183
3795 1637 184
465 2546 185
1551 192 186
1787 1088 187
4289 5059 188
121 1954 189
1482 3131 190
836 3664 191
1049 702 192
1848 3521 193
2106 3916 194
2378 1158 195
4222 915 196
3676 5237 197
847 532 198
4479 3248 199
3801 977 200
3816 4030 1
1096 1772 2
1091 1153 3
2281 2395 4
306 4546 5
592 5063 6
2499 3464 7
931 3437 8
1880 1688 9
3062 827 10
4286 566 11
1459 1928 12
256 2924 13
692 4590 14
2508 4314 15
682 4355 16
5261 538 17
4461 2710 18
3016 3657 19
548 539 20
1954 11 21
4778 1891 22
4327 1726 23
3477 4173 24
4164 3468 25
2709 1442 26
4814 4566 27
3433 622 28
531 869 29
1833 588 30
4446 3390 31
2781 593 32
4945 4623 33
1451 1831 34
1691 488 35
4806 2833 36
1010 5161 37
3881 165 38
3591 2433 39
552 131 40
1247 968 41
3658 1669 42
2700 503 43
3719 542 44
41 54 45
4808 4061 46
5238 2241 47
2238 2260 48
25 1495 49
2106 1648 50
299 5236 51
306 4398 52
1909 4273 53
578 493 54
3444 4654 55
25 5017 56
381 3487 57
3724 1810 58
237 402 59
2898 1922 60
3784 4801 61
2022 4458 62
4495 4024 63
1225 2341 64
4862 3267 65
3285 3729 66
5220 2178 67
4400 1182 68
2929 4864 69
3623 2257 70
4469 487 71
2343 5147 72
2374 1513 73
2036 1852 74
1040 1443 75
4239 1419 76
2153 4310 77
2385 4106 78
1171 775 79
4572 4042 80
3630 1795 81
1166 2771 82
7 4846 83
5234 1628 84
1669 4239 85
1609 3694 86
3831 2218 87
992 253 88
672 3561 89
1632 1597 90
1400 2950 91
3693 318 92
3713 4607 93
732 3898 94
3375 2884 95
2450 2124 96
3289 3620 97
2039 258 98
3820 3721 99
544 4105 100
992 3257 101
3797 3932 102
1298 3740 103
3740 985 104
448 2803 105
4822 2432 106
5169 1890 107
1154 2230 108
4697 4694 109
1213 4786 110
1182 4674 111
1182 2456 112
2650 3434 113
1826 4311 114
4527 1310 115
5110 930 116
4342 4650 117
1968 3896 118
2406 4917 119
1103 2185 120
3534 5127 121
4701 610 122
4938 2244 123
2636 4555 124
1103 1800 125
1473 1385 126
1673 2860 127
3859 741 128
2819 1971 129
1518 2137 130
2106 4118 131
282 2058 132
2250 4925 133
2479 4765 134
4428 3370 135
1413 92 136
410 2663 137
4440 1743 138
4385 1378 139
315 4526 140
5238 659 141
5208 1724 142
813 3532 143
1327 1837 144
239 3847 145
4435 2774 146
3367 1124 147
2766 3786 148
911 4425 149
1617 2321 150
307 2164 151
5266 2232 152
4313 530 153
4903 2903 154
631 330 155
3627 5228 156
2234 2597 157
846 4261 158
5251 1166 159
3088 4070 160
2914 1607 161
2420 5139 162
1575 4559 163
2276 2305 164
1209 519 165
4550 4894 166
4489 4612 167
2291 1434 168
3095 4740 169
4660 4523 170
4036 2130 171
441 864 172
3956 1790 173
567 4289 174
1442 5190 175
3341 56 176
3003 2018 177
33 1118 178
3522 4515 179
1630 118 180
4139 4920 181
539 2213 182
1643 4499 183
5288 3139 184
521 3324 185
2167 4128 186
4268 980 187
3927 2808 188
634 1599 189
2863 4488 190
3536 1696 191
4268 4169 192
2707 323 193
5132 3923 194
4978 1590 195
4801 4681 196
431 4821 197
454 3996 198
4143 354 199
1493 884 200
926 3877 1
5111 676 2
3961 4870 3
2280 4904 4
2779 4480 5
1982 2021 6
5060 68 7
1921 5179 8
2556 2108 9
4185 1301 10
3925 2002 11
515 4839 12
3217 2762 13
1371 598 14
1943 469 15
840 4484 16
1669 4585 17
639 438 18
2198 1038 19
714 1516 20
1969 722 21
4690 3297 22
2239 1454 23
3054 3777 24
4704 4554 25
1027 893 26
5032 4166 27
4192 5099 28
5123 4747 29
1019 1214 30
2406 1763 31
1104 3793 32
2216 4492 33
441 1879 34
2213 1273 35
5053 5224 36
3182 3116 37
1954 3688 38
1447 2214 39
4928 5043 40
2118 1263 41
1264 3941 42
685 3651 43
2711 1519 44
5187 4116 45
1628 240 46
1735 3514 47
299 4845 48
4803 1958 49
4045 2621 50
2511 4101 51
3750 1447 52
4759 5157 53
3944 96 54
5213 555 55
3222 5108 56
269 3638 57
76 1403 58
303 825 59
2839 835 60
4467 2096 61
1643 389 62
2807 4878 63
4160 2623 64
4428 1140 65
2790 4150 66
2700 646 67
601 3751 68
746 4152 69
4016 3385 70
5192 4221 71
780 785 72
1928 1389 73
3759 3843 74
2671 616 75
3307 3083 76
209 4569 77
4594 849 78
2858 2121 79
2525 948 80
2393 3811 81
2894 914 82
2747 4643 83
1163 585 84
3974 544 85
3871 4275 86
3255 450 87
133 2492 88
4827 4999 89
4099 400 90
2737 3364 91
480 4519 92
1341 2758 93
1921 1850 94
1658 5180 95
5001 4667 96
4045 2766 97
3347 651 98
2789 3878 99
5050 2581 100
2237 3247 101
2622 632 102
1157 5299 103
5155 518 104
193 397 105
4598 5022 106
2784 466 107
628 183 108
2397 4459 109
517 1168 110
4534 4076 111
2617 2402 112
3456 1895 113
916 1661 114
3408 1121 115
1175 4384 116
2406 3774 117
5060 4856 118
4098 2871 119
2414 3738 120
188 4644 121
3222 2360 122
4163 3985 123
936 4315 124
1596 4812 125
1845 426 126
4404 3118 127
3365 1680 128
1371 3299 129
2676 3293 130
238 2562 131
5005 2414 132
1182 366 133
1959 269 134
4094 3689 135
5271 251 136
1787 2253 137
229 2741 138
333 2830 139
194 3937 140
2289 4553 141
1335 116 142
646 4907 143
3293 927 144
5286 442 145
4566 3166 146
1418 3920 147
454 4880 148
1809 2997 149
3830 1919 150
2891 5123 151
4679 2298 152
4389 939 153
3786 4753 154
529 1057 155
1205 750 156
1503 2511 157
741 2023 158
1725 944 159
1857 3080 160
1451 1053 161
731 413 162
5286 2995 163
3101 1586 164
542 2099 165
5171 4323 166
1548 432 167
3529 3106 168
2519 2615 169
4439 1815 170
2781 5060 171
652 1714 172
5282 4661 173
4134 1114 174
1098 4262 175
2622 3093 176
5154 3741 177
864 1303 178
1462 1957 179
2001 4895 180
3534 4617 181
807 3814 182
4444 2256 183
1658 2403 184
2039 2316 185
1073 802 186
4076 4093 187
410 247 188
1210 4073 189
4069 5246 190
5291 486 191
4618 94 192
140 38 193
2700 2555 194
4996 1632 195
2048 472 196
4701 3918 197
2647 1174 198
2825 3421 199
1602 3316 200
147 3387 1
5209 4586 2
4032 2060 3
3441 4188 4
3963 3805 5
1031 5277 6
1845 2732 7
2485 1601 8
4403 1642 9
526 130 10
644 3563 11
5046 3977 12
4708 608 13
4912 138 14
1103 3036 15
2773 3524 16
605 3587 17
4006 2235 18
4400 425 19
4881 1034 20
1712 3042 21
2494 3950 22
918 1423 23
711 5038 24
4370 482 25
5252 631 26
4389 3769 27
4010 1156 28
2429 4540 29
476 1610 30
4910 2029 31
4716 4968 32
936 4941 33
1476 200 34
1227 4012 35
4145 4223 36
3892 1791 37
4900 652 38
1327 1334 39
4959 4775 40
2746 603 41
1807 3708 42
1090 3383 43
5251 1177 44
1577 3084 45
2937 794 46
1807 3591 47
229 961 48
4021 1668 49
1087 3942 50
534 1665 51
2321 2205 52
2891 4614 53
1731 382 54
1592 3552 55
2024 4305 56
1346 2167 57
3147 1221 58
261 2011 59
915 4867 60
2625 1326 61
1227 3913 62
559 4092 63
4534 1313 64
3984 548 65
2933 704 66
2710 3168 67
2994 1963 68
502 4464 69
2483 4690 70
3052 2875 71
2956 4111 72
1067 1229 73
2404 1940 74
4683 1441 75
1147 3630 76
5275 1880 77
4299 4552 78
1966 4874 79
2987 2212 80
4945 1777 81
1190 1111 82
237 3981 83
41 5018 84
1985 4089 85
90 649 86
4944 3264 87
4421 759 88
3147 2857 89
3020 3432 90
2089 4266 91
3102 742 92
27 1901 93
1154 1007 94
1735 4066 95
3974 3433 96
1455 3979 97
1137 5125 98
3092 2487 99
783 4996 100
1166 1133 101
5155 3011 102
3964 4833 103
617 3309 104
5139 235 105
2133 4995 106
2893 997 107
2988 2140 108
5171 2610 109
3638 1130 110
654 3892 111
1717 2881 112
3884 3290 113
4717 4141 114
3662 2696 115
1328 2587 116
636 2369 117
2957 4319 118
4130 5276 119
3471 1125 120
2866 946 121
4246 1832 122
3993 1445 123
4555 1530 124
1537 319 125
4358 4892 126
811 363 127
5292 1989 128
507 4369 129
1026 3859 130
3992 270 131
5010 1381 132
879 2479 133
4317 677 134
558 2845 135
5036 4133 136
4627 2270 137
801 1485 138
5257 2243 139
700 288 140
1807 1033 141
704 1826 142
2818 3239 143
2463 5170 144
2900 4669 145
1963 2908 146
1889 3431 147
2794 5064 148
292 2262 149
1201 4179 150
3678 3928 151
3597 2122 152
5179 5230 153
5155 4415 154
854 4649 155
1980 2069 156
1741 4267 157
1198 3209 158
1475 2237 159
1722 4453 160
1898 1459 161
1430 726 162
3714 754 163
3020 1178 164
2663 894 165
3878 3555 166
399 3278 167
4329 4124 168
4789 5298 169
578 2505 170
5186 1048 171
4284 3749 172
85 1024 173
5104 4394 174
2586 396 175
3744 3054 176
1172 1189 177
4405 1408 178
756 3945 179
3280 943 180
3961 4082 181
1549 4123 182
4938 842 183
3603 4196 184
1493 4002 185
1197 4247 186
132 873 187
1414 2055 188
224 3108 189
1752 4291 190
2519 3236 191
3095 4359 192
2786 2342 193
327 5253 194
4136 2637 195
1031 3199 196
1476 550 197
2413 3832 198
242 679 199
1574 713 200
3801 5211 1
3303 3277 2
4441 4804 3
423 2589 4
1787 3914 5
976 62 6
805 2258 7
1754 3566 8
2665 32 9
3902 4145 10
4417 2776 11
4042 1715 12
3775 2540 13
1936 774 14
3763 533 15
238 1540 16
462 3536 17
2647 2628 18
2691 2801 19
4419 695 20
1381 1622 21
2987 5100 22
1607 2297 23
840 3633 24
807 4899 25
2106 3040 26
248 553 27
900 1711 28
1651 1268 29
567 1490 30
3372 2594 31
2036 1841 32
1473 2074 33
3398 60 34
449 3958 35
5200 875 36
2878 1771 37
62 4512 38
1585 3485 39
4951 3686 40
646 1120 41
991 1069 42
267 2416 43
708 1542 44
1668 3582 45
3699 3312 46
3638 4424 47
143 3685 48
2937 517 49
4420 9 50
3304 65 51
57 2554 52
3373 2419 53
518 2460 54
2923 4909 55
250 4851 56
1628 791 57
4897 4547 58
410 3152 59
441 643 60
3667 3707 61
569 4084 62
2520 2987 63
4974 1306 64
2447 982 65
4938 2785 66
4449 1737 67
1721 1972 68
210 1767 69
524 2691 70
4451 5136 71
1103 2322 72
3388 3342 73
2506 136 74
4450 1109 75
1126 1573 76
2661 41 77
2677 2752 78
3555 3572 79
4701 3999 80
3175 2442 81
605 2491 82
215 5226 83
1903 1959 84
3924 730 85
597 712 86
2839 4705 87
551 2841 88
1563 287 89
4899 3702 90
4912 4322 91
503 5295 92
3680 216 93
561 1580 94
4864 3076 95
2084 3313 96
3575 4420 97
5221 2404 98
2494 2747 99
3979 3493 100
