4300 4300 200
2705 874 1
607 2936 2
1468 1947 3
3947 1245 4
2580 411 5
4272 4223 6
2837 4121 7
3059 2617 8
1033 2787 9
83 3660 10
611 457 11
3135 1337 12
3145 1818 13
3791 4026 14
539 1873 15
3019 590 16
2494 364 17
699 3977 18
579 184 19
3839 1022 20
3912 29 21
3019 1543 22
1781 4162 23
596 3916 24
1645 1069 25
2432 2718 26
1983 2182 27
526 3299 28
3371 115 29
3935 3931 30
1193 2229 31
3823 4153 32
1964 3035 33
886 984 34
1469 955 35
3665 2421 36
1396 1805 37
2749 3492 38
440 8 39
960 1322 40
1336 2695 41
303 555 42
347 1502 43
2942 635 44
702 2752 45
3967 2432 46
3924 2934 47
2932 73 48
2618 3623 49
2346 2909 50
623 1367 51
1259 1792 52
910 2848 53
4095 2700 54
607 2789 55
3180 3229 56
2140 1326 57
4232 2448 58
3103 1342 59
2740 4144 60
3777 3125 61
1778 1455 62
2997 3960 63
4142 3781 64
3042 753 65
268 2860 66
4225 1151 67
4129 2187 68
3804 249 69
3783 136 70
2676 761 71
243 762 72
3695 3905 73
723 3772 74
4192 4274 75
709 696 76
3766 2816 77
1291 303 78
1266 652 79
1959 2956 80
1466 1613 81
3290 1178 82
3724 1005 83
618 2913 84
771 977 85
2105 238 86
874 1379 87
3829 3541 88
118 4186 89
3703 2453 90
2464 2684 91
2159 2088 92
4173 268 93
2276 3602 94
565 3714 95
3533 1130 96
2566 1105 97
885 2255 98
3011 3579 99
2889 1034 100
1096 1465 101
2078 1604 102
3862 2136 103
1241 1948 104
3519 904 105
2643 2546 106
3903 283 107
2867 3745 108
2675 3959 109
3614 2996 110
3226 2979 111
1017 2839 112
2300 2025 113
155 3012 114
1608 165 115
590 44 116
2264 248 117
579 4143 118
1050 3030 119
888 2275 120
2760 70 121
468 1215 122
2706 993 123
1564 1807 124
2623 197 125
3611 2615 126
4174 3055 127
1915 1036 128
1933 2034 129
3912 643 130
3173 1563 131
1497 3633 132
2565 2894 133
1675 1997 134
1757 944 135
2091 2465 136
3532 2184 137
309 319 138
2802 239 139
1427 3639 140
1492 3820 141
1471 2469 142
986 2688 143
3886 808 144
3226 2454 145
2919 3346 146
722 1044 147
181 328 148
697 2329 149
4077 827 150
136 1988 151
4259 3836 152
4173 1248 153
3914 876 154
2601 3999 155
1584 2509 156
1908 178 157
3843 1700 158
853 660 159
1816 1900 160
1143 332 161
3963 3395 162
4267 1451 163
1914 3519 164
2835 1630 165
2641 1214 166
4232 540 167
2909 3298 168
2181 194 169
1327 2358 170
2688 1937 171
2813 1821 172
37 1019 173
2293 1484 174
1486 3909 175
713 3961 176
602 781 177
271 1254 178
2584 1462 179
3628 1865 180
2729 2308 181
1692 3505 182
4120 3606 183
1805 2977 184
92 2317 185
508 746 186
3858 3936 187
1634 2828 188
1006 2101 189
3939 2049 190
2712 62 191
183 1854 192
1465 1802 193
1645 1702 194
296 4236 195
4296 3523 196
351 720 197
3633 2961 198
2516 1184 199
887 681 200
4034 840 1
2877 2895 2
3818 3233 3
2589 2054 4
1573 3823 5
1914 1489 6
1522 2947 7
1828 3861 8
311 3475 9
2027 1575 10
1357 1083 11
1925 1845 12
2881 284 13
318 425 14
2545 3620 15
2757 2724 16
3862 1662 17
2508 1904 18
3582 3090 19
2722 1844 20
1729 1383 21
1803 2735 22
156 2605 23
2535 215 24
1016 2207 25
2314 1872 26
2749 3946 27
1508 878 28
2325 1418 29
2848 2223 30
1369 2500 31
2706 2375 32
1967 3142 33
1409 1546 34
3695 2888 35
914 2472 36
905 3677 37
1487 3853 38
146 1847 39
3254 3041 40
1131 2776 41
1648 2910 42
561 3512 43
3655 3066 44
3045 1172 45
1898 3556 46
955 1072 47
135 1672 48
2737 1930 49
1096 1466 50
3104 1933 51
1518 277 52
3113 1642 53
2715 894 54
3417 2140 55
3863 805 56
2158 588 57
3633 2680 58
3936 2369 59
4010 2456 60
1449 2466 61
649 2339 62
169 1536 63
109 3056 64
1914 1301 65
2991 2003 66
2091 287 67
3614 2171 68
3724 4109 69
1641 1811 70
3763 1219 71
2555 3641 72
2813 3031 73
1457 3888 74
65 1016 75
3329 634 76
2842 2761 77
1151 693 78
2115 1507 79
3284 1043 80
2475 2730 81
4160 2436 82
734 3080 83
3728 2520 84
468 3756 85
1902 4213 86
2857 3241 87
1829 2968 88
1098 1638 89
2553 4265 90
1140 4251 91
1370 259 92
1267 532 93
4172 2205 94
3753 2876 95
1941 22 96
2404 2670 97
3975 3272 98
2352 2764 99
854 1291 100
1941 2866 101
1081 2368 102
2908 3878 103
4205 4133 104
666 541 105
1124 2590 106
2370 789 107
1253 923 108
3721 867 109
2091 2696 110
3967 4122 111
2226 4215 112
3416 936 113
1679 1935 114
3976 4282 115
859 3486 116
2024 1554 117
1616 3859 118
3385 3608 119
2006 648 120
2194 3407 121
3734 2383 122
1640 523 123
3423 3092 124
2907 1984 125
2853 3898 126
1645 3422 127
3687 2256 128
3734 3593 129
112 3503 130
3796 2114 131
112 360 132
2200 1495 133
4149 2210 134
3497 251 135
3011 1800 136
3911 2365 137
140 4101 138
3453 3455 139
1266 2945 140
3036 3635 141
2285 2949 142
63 2508 143
4272 301 144
2444 1281 145
812 320 146
1480 1157 147
2534 2167 148
1621 2655 149
1209 123 150
2618 1968 151
2821 2567 152
3301 3287 153
54 4118 154
666 370 155
2456 714 156
1989 3271 157
3953 235 158
3853 2745 159
2844 3743 160
2408 1449 161
595 1764 162
2416 2626 163
2756 4222 164
4202 4285 165
579 887 166
1241 3658 167
1349 3302 168
2335 2537 169
1319 1247 170
3012 2077 171
910 939 172
2826 1823 173
2494 3252 174
3034 3529 175
3769 2630 176
1597 3966 177
4026 2402 178
597 271 179
1424 3048 180
3161 2310 181
1009 689 182
3983 3840 183
891 2697 184
1096 2231 185
3008 3284 186
3481 3146 187
2490 1958 188
3341 4241 189
1641 1211 190
1505 1198 191
23 1632 192
327 4225 193
1967 2070 194
2369 1287 195
741 112 196
2884 2425 197
3823 1763 198
202 3179 199
1654 2079 200
61 154 1
4275 3618 2
1653 910 3
3329 3858 4
1294 2473 5
2028 2268 6
2163 3234 7
1186 2380 8
343 2059 9
331 3330 10
1670 3362 11
2511 1155 12
4012 3546 13
548 3372 14
2658 3380 15
3966 1375 16
772 4097 17
2262 1709 18
280 273 19
3650 1380 20
2821 964 21
2907 3813 22
2078 2580 23
2616 1265 24
4041 2687 25
3350 4119 26
1710 641 27
3987 3112 28
1149 372 29
3253 1837 30
3257 3568 31
2153 1012 32
1543 3725 33
3352 3848 34
636 3218 35
681 625 36
2912 2222 37
4061 1286 38
2619 1555 39
1728 683 40
611 2381 41
1262 566 42
4240 2351 43
2149 776 44
1595 3197 45
2589 1753 46
3623 990 47
218 2106 48
3318 2641 49
4178 171 50
2193 2292 51
4286 1961 52
3090 2477 53
1569 3182 54
1645 2540 55
1087 1514 56
510 2075 57
1868 940 58
1332 4112 59
2411 1433 60
3405 1714 61
3996 521 62
876 2576 63
683 3183 64
890 2201 65
1986 788 66
3461 2939 67
477 4069 68
3756 3671 69
1011 2006 70
488 2702 71
3481 3939 72
3528 2997 73
1029 850 74
967 3087 75
3429 2341 76
1613 2450 77
322 2370 78
2662 3086 79
991 3742 80
4120 2589 81
1540 1549 82
3794 6 83
4073 573 84
2434 3276 85
377 3811 86
2652 1048 87
1242 1979 88
3226 650 89
2907 3028 90
3056 3736 91
184 2359 92
3123 2451 93
2084 1505 94
4227 822 95
2146 2796 96
3352 3527 97
145 2921 98
2872 4136 99
2231 1080 100
1189 530 101
3016 1494 102
3671 3345 103
688 1329 104
265 3678 105
1482 2174 106
3192 2384 107
1567 3423 108
2024 919 109
4006 2594 110
1930 3654 111
2279 2925 112
4073 1369 113
2905 1049 114
1248 2404 115
3362 229 116
2844 1707 117
4180 1950 118
3951 2091 119
2182 3615 120
2983 2024 121
4064 3263 122
3636 282 123
3236 2765 124
4228 152 125
432 307 126
3397 4246 127
468 2559 128
1485 545 129
2872 3967 130
3116 3466 131
2838 786 132
2446 2254 133
3687 1960 134
1604 1725 135
1756 2820 136
3192 3289 137
694 3891 138
3052 1647 139
2204 1526 140
3250 2193 141
3318 2826 142
2053 1920 143
920 600 144
981 1123 145
1654 1553 146
4131 1207 147
799 2929 148
2008 2356 149
2765 3119 150
121 2674 151
932 2591 152
4189 3495 153
2934 1752 154
3028 2128 155
1112 4053 156
2983 2845 157
4109 2332 158
4249 3524 159
2585 3920 160
611 2986 161
3710 1503 162
3032 1728 163
3515 359 164
914 2740 165
2912 1065 166
3088 1828 167
3218 4221 168
1916 3121 169
3782 2963 170
1290 2105 171
758 4211 172
3283 553 173
2539 270 174
406 4229 175
2381 2972 176
955 2602 177
1778 2705 178
1511 3782 179
2453 49 180
1510 1218 181
2989 718 182
3305 3500 183
87 3340 184
3746 1796 185
4200 3320 186
2634 3208 187
556 1107 188
4217 1880 189
2187 975 190
1546 2433 191
92 3135 192
1286 1303 193
1412 3093 194
3694 3275 195
1456 1348 196
618 2048 197
2985 2352 198
2366 3565 199
1900 2988 200
4274 3755 1
2452 4293 2
1200 3398 3
1652 498 4
310 2510 5
2814 4106 6
3246 1677 7
2544 2013 8
4034 4178 9
3445 2976 10
1757 4149 11
2677 2723 12
1889 571 13
603 619 14
890 1786 15
3226 1093 16
635 1426 17
1091 902 18
3383 2175 19
3902 1690 20
3088 909 21
611 2815 22
4204 2093 23
4165 1404 24
3211 983 25
2045 2180 26
916 807 27
579 353 28
3348 231 29
2937 2281 30
4138 3705 31
925 4033 32
4239 2644 33
2309 2004 34
2234 1384 35
3930 1403 36
1742 3223 37
3187 3943 38
4169 2008 39
1919 2245 40
1769 3734 41
2191 175 42
1592 4029 43
916 752 44
4228 388 45
2712 179 46
2645 1478 47
2135 228 48
419 3719 49
315 1061 50
267 1421 51
682 1550 52
3202 1768 53
2826 4073 54
2314 1361 55
2655 4127 56
3816 3567 57
3542 3914 58
451 3026 59
2572 1425 60
3088 2716 61
3542 188 62
182 89 63
3864 1743 64
1892 1212 65
3453 204 66
4232 461 67
967 1716 68
2071 1299 69
1262 3511 70
4275 1623 71
3538 733 72
2949 3025 73
3248 4245 74
3898 2731 75
3226 3050 76
286 3333 77
3201 3159 78
4180 1422 79
1342 3002 80
3250 2659 81
1136 1931 82
1304 3907 83
3211 3160 84
2582 2886 85
1540 1831 86
3514 589 87
3041 3649 88
1374 3535 89
3817 219 90
2413 1179 91
3257 987 92
321 2633 93
3823 667 94
1060 1099 95
432 3520 96
1502 4235 97
1060 2493 98
3696 1570 99
551 1906 100
1128 1378 101
3875 2363 102
2444 969 103
4115 4074 104
2270 274 105
468 1729 106
3518 1990 107
244 47 108
3038 3406 109
391 1240 110
2411 4108 111
3893 2598 112
1935 1826 113
1964 4044 114
3582 2111 115
1554 363 116
3678 1410 117
3023 4049 118
3400 3442 119
125 1370 120
2630 3540 121
790 1477 122
1689 1335 123
2238 1609 124
2973 2931 125
298 1907 126
1675 3165 127
2740 1964 128
3052 3485 129
3299 3507 130
588 1848 131
3495 2482 132
3076 2587 133
2336 3359 134
4079 2250 135
1842 297 136
444 3841 137
3290 3690 138
2703 2966 139
1128 431 140
3269 1916 141
3370 2333 142
1816 3874 143
4109 806 144
2620 3624 145
742 3995 146
3464 3278 147
1396 2891 148
2118 1028 149
2244 2366 150
3043 2291 151
220 926 152
2834 1437 153
2844 135 154
2823 554 155
3210 1583 156
3894 563 157
2276 4175 158
1830 1722 159
2945 479 160
2667 981 161
144 481 162
484 2715 163
3564 2389 164
3813 2033 165
1423 580 166
3538 3490 167
3645 3039 168
1456 1087 169
3208 2483 170
2655 3205 171
2922 514 172
3891 2410 173
897 3339 174
2117 2251 175
845 3190 176
265 2092 177
3621 4189 178
932 1922 179
2539 2527 180
463 438 181
1542 4148 182
1657 1406 183
4062 4003 184
1083 376 185
12 1795 186
3836 2179 187
923 3921 188
3934 2505 189
3697 2927 190
11 2097 191
2643 390 192
2324 2992 193
3226 1957 194
2422 3382 195
2748 1644 196
347 2226 197
1111 3042 198
3160 2131 199
3492 3489 200
2507 2553 1
189 2607 2
2110 3358 3
3044 1589 4
3082 1133 5
662 2542 6
2434 1774 7
1080 3852 8
1769 888 9
3951 349 10
4056 4120 11
3881 885 12
602 3552 13
643 2468 14
2654 509 15
1505 2952 16
519 3609 17
726 4259 18
2829 2805 19
3492 2169 20
1835 434 21
2104 3607 22
3371 1233 23
1371 3577 24
3912 623 25
109 2946 26
4109 768 27
701 3890 28
134 1427 29
468 3687 30
2980 3895 31
3092 2165 32
3218 447 33
3144 1025 34
4076 3586 35
3099 4129 36
1987 533 37
1471 134 38
1019 366 39
1803 3429 40
2428 3327 41
4031 1694 42
1258 1812 43
1835 2313 44
2114 2943 45
964 496 46
3295 2259 47
571 3600 48
1279 2324 49
4232 1999 50
2382 3188 51
502 3652 52
4105 2422 53
346 1393 54
1449 2683 55
1543 4279 56
2807 531 57
2296 3191 58
516 1747 59
271 1408 60
1308 1270 61
3083 1372 62
2387 3987 63
1039 2881 64
3853 3388 65
911 3399 66
4269 4060 67
2757 3140 68
3481 1540 69
1581 1939 70
414 3373 71
2358 1846 72
239 3692 73
2069 3311 74
1522 742 75
3109 342 76
3025 3107 77
4269 2080 78
923 2219 79
2796 2875 80
3348 1595 81
3518 2890 82
598 3488 83
2018 1541 84
1387 1769 85
1683 2156 86
3973 3681 87
846 3808 88
1290 280 89
12 3992 90
678 3440 91
2147 355 92
948 3846 93
1292 3176 94
3774 779 95
3121 4242 96
2582 214 97
3286 3484 98
4053 3816 99
4088 101 100
2494 4264 101
299 3296 102
1701 3424 103
3518 2885 104
559 1432 105
2769 3472 106
3343 911 107
738 4164 108
1799 2274 109
1905 2870 110
1600 475 111
1444 310 112
2001 1424 113
2131 1528 114
3734 3217 115
1572 1319 116
2276 3091 117
3916 269 118
1348 1246 119
1125 257 120
3721 3940 121
2344 3154 122
228 1360 123
386 2908 124
2627 778 125
1824 766 126
1112 3774 127
1272 3795 128
2115 1870 129
3236 3592 130
548 836 131
2006 4195 132
985 3123 133
1681 1046 134
607 1724 135
885 1271 136
4200 881 137
3463 2954 138
3301 213 139
1508 3267 140
4080 2993 141
4151 3120 142
2562 938 143
1791 1436 144
739 2534 145
571 754 146
1089 705 147
432 3418 148
965 13 149
57 78 150
3632 925 151
1915 1004 152
1523 3115 153
4107 2874 154
2441 245 155
2333 3033 156
2977 330 157
1266 758 158
943 1640 159
3759 2110 160
3103 1580 161
4247 1650 162
132 2884 163
3574 1633 164
1103 451 165
2490 3575 166
1915 2737 167
2913 3799 168
1035 2771 169
1355 3753 170
3796 2561 171
2100 3245 172
1935 665 173
754 3661 174
768 2562 175
1859 2668 176
948 1054 177
1886 1483 178
3226 2623 179
2983 4240 180
1776 2704 181
2075 1461 182
155 3695 183
3347 1711 184
2004 2948 185
3162 2202 186
1967 3196 187
524 68 188
3522 1311 189
4109 3672 190
29 4071 191
1676 4152 192
2424 2005 193
2899 3283 194
1843 2051 195
1356 86 196
2463 1154 197
1303 1912 198
4232 725 199
1959 2161 200
394 137 1
280 1510 2
907 3308 3
2829 2029 4
1114 1970 5
4173 2656 6
1582 2726 7
2940 2326 8
4138 952 9
742 3903 10
1102 210 11
3342 1639 12
2182 777 13
3262 1491 14
222 1746 15
2914 613 16
3226 3522 17
1780 3439 18
1525 680 19
1462 2181 20
2560 232 21
1777 2673 22
837 3915 23
2042 3054 24
2233 4090 25
2338 864 26
2614 748 27
3951 1108 28
3813 3925 29
768 1592 30
1255 2117 31
1351 264 32
634 2043 33
835 2301 34
2705 3908 35
1891 3452 36
1906 611 37
1128 2470 38
2228 1330 39
2719 3047 40
1331 3149 41
1631 3262 42
3346 420 43
1761 492 44
2922 626 45
1458 2804 46
1744 2868 47
2039 3680 48
1730 659 49
2522 2252 50
1138 4292 51
1481 198 52
2498 3934 53
1315 3207 54
1653 3572 55
4010 769 56
180 1993 57
1784 2773 58
793 721 59
3219 2237 60
1373 4048 61
1832 1641 62
583 3445 63
450 1102 64
551 3013 65
3192 1351 66
2695 892 67
594 2076 68
4127 31 69
3469 3851 70
1975 1047 71
551 1661 72
2091 3777 73
853 3046 74
448 3760 75
4093 1213 76
2685 465 77
3666 1289 78
258 3984 79
3912 3886 80
1128 289 81
754 2911 82
1903 2055 83
2943 3383 84
3522 1791 85
141 4100 86
3746 3947 87
1262 1140 88
2760 4181 89
907 3153 90
2557 2579 91
1640 4134 92
2487 4212 93
2715 2228 94
3458 1772 95
40 3338 96
1959 4239 97
1215 1569 98
611 2854 99
1270 17 100
1576 1097 101
2337 1038 102
1381 1231 103
266 584 104
1153 151 105
960 1394 106
945 1606 107
2406 3331 108
3463 3673 109
3290 1523 110
1968 439 111
3762 3036 112
3346 3280 113
2256 880 114
4112 161 115
3262 2915 116
2047 3700 117
1116 2544 118
2689 4137 119
3524 897 120
3056 740 121
3099 1951 122
565 3973 123
940 2600 124
1266 736 125
2536 75 126
2828 3192 127
2238 2355 128
2343 1138 129
3045 3410 130
2408 996 131
3687 2104 132
611 1551 133
2355 3667 134
964 2807 135
1487 2817 136
618 935 137
969 3605 138
398 861 139
617 1727 140
1844 1765 141
607 1908 142
2574 610 143
3050 1967 144
2276 1628 145
4188 3566 146
2233 2444 147
3831 1141 148
2936 1687 149
2347 4219 150
1439 2902 151
439 1918 152
1383 3801 153
2729 1996 154
156 3659 155
70 322 156
921 174 157
4214 1204 158
1350 3978 159
3465 982 160
1778 2058 161
2566 497 162
1387 2900 163
3596 3707 164
1319 3148 165
344 2926 166
2890 1276 167
1729 3384 168
334 2732 169
1493 474 170
1463 2517 171
2182 2896 172
1729 2490 173
616 3324 174
2355 2480 175
3038 3825 176
34 997 177
845 2581 178
3586 1902 179
4291 707 180
2828 4064 181
3013 2159 182
2886 1129 183
2472 3724 184
1771 3132 185
1935 422 186
1595 2970 187
1134 1617 188
2438 2123 189
3650 3137 190
3011 2747 191
1165 2158 192
885 1664 193
1981 1007 194
2453 2770 195
3969 3514 196
4281 712 197
2826 1039 198
2535 1978 199
2652 414 200
1695 3479 1
2763 4014 2
2593 92 3
1776 2750 4
2338 2928 5
3444 1402 6
273 548 7
1213 1407 8
2619 1222 9
969 1353 10
2925 3060 11
3071 1312 12
229 505 13
3978 3171 14
2336 2756 15
1297 445 16
3695 1889 17
1797 4091 18
2997 3369 19
2566 832 20
4274 1146 21
1757 2162 22
2868 2144 23
1301 3509 24
595 528 25
6 1921 26
1019 1164 27
4001 3027 28
1516 495 29
1402 2142 30
1939 3883 31
1604 2206 32
2315 2225 33
1742 3955 34
2561 3787 35
4073 602 36
722 1861 37
579 1463 38
4016 1806 39
1967 347 40
1029 1934 41
4247 3844 42
1986 3729 43
523 2082 44
4034 1127 45
555 711 46
130 226 47
3498 1257 48
722 2955 49
14 3478 50
1874 335 51
4083 2989 52
662 2624 53
3250 3074 54
2757 1825 55
845 389 56
125 4298 57
986 122 58
4062 3076 59
3205 677 60
2798 3138 61
885 3101 62
4272 2539 63
2551 2810 64
4156 380 65
1842 1860 66
797 399 67
1039 814 68
3305 1515 69
66 2904 70
2703 3942 71
2471 3198 72
771 2342 73
884 2729 74
2884 4272 75
1321 550 76
3326 654 77
4205 4158 78
3734 1344 79
2264 1381 80
4012 684 81
751 4050 82
3756 3052 83
2643 3332 84
1664 2426 85
1621 2217 86
2845 3746 87
726 1941 88
2403 853 89
3021 2983 90
1137 105 91
2498 1002 92
2842 846 93
3057 941 94
3588 3180 95
3898 221 96
1815 2021 97
3082 1006 98
2623 4232 99
4264 1472 100
2919 1824 101
52 1678 102
144 2045 103
130 4035 104
1822 371 105
3161 3730 106
1850 1835 107
2662 2309 108
3326 4076 109
3011 124 110
1769 130 111
3581 1877 112
1778 4174 113
2559 1055 114
1671 1328 115
1852 1029 116
92 3099 117
66 3879 118
50 1040 119
1830 2597 120
805 3403 121
1195 3312 122
1556 4277 123
661 1508 124
938 1106 125
2996 915 126
4131 2907 127
3632 995 128
1634 1196 129
3642 2549 130
4286 4151 131
1702 2216 132
57 4255 133
1576 3517 134
3208 3580 135
150 3334 136
4286 3433 137
3367 3884 138
1041 671 139
4174 2748 140
960 4276 141
3064 1817 142
3266 1339 143
4176 557 144
1215 3024 145
1361 1928 146
171 499 147
2077 2336 148
3951 3010 149
2762 1272 150
2355 2533 151
169 3219 152
3263 2417 153
3024 3116 154
1983 1741 155
1010 2000 156
2872 87 157
3558 2778 158
195 1277 159
3679 3256 160
3949 2657 161
2657 3228 162
4250 2779 163
109 829 164
4165 1781 165
3646 2889 166
2469 2720 167
2487 838 168
2970 3464 169
2507 729 170
4028 1591 171
3485 1305 172
2799 1910 173
3536 3762 174
3912 1619 175
3866 668 176
1093 697 177
11 3839 178
2793 1519 179
2031 2937 180
1294 4250 181
1631 966 182
184 2741 183
1552 877 184
2058 3638 185
835 1885 186
423 2129 187
3111 785 188
586 1385 189
3422 477 190
3294 855 191
4201 4289 192
1601 1194 193
1169 664 194
2511 2577 195
2983 1631 196
3244 3873 197
853 905 198
2996 3065 199
2309 3502 200
3939 3269 1
4095 1457 2
2255 3768 3
812 1561 4
2134 2861 5
592 3712 6
839 783 7
2881 3477 8
2868 312 9
2940 430 10
3518 949 11
2658 685 12
1385 2474 13
611 4233 14
366 2660 15
781 3019 16
273 3051 17
1363 965 18
636 2652 19
147 1331 20
2460 1024 21
2649 1479 22
2534 3257 23
1813 884 24
4296 1776 25
1261 3809 26
1387 510 27
3695 863 28
2316 1976 29
1151 3400 30
3295 4261 31
2604 3647 32
1101 3842 33
2078 2446 34
1946 1266 35
1645 4131 36
4177 1020 37
1074 3420 38
1958 2327 39
763 1562 40
2826 222 41
2308 991 42
797 837 43
2384 1067 44
840 2901 45
217 1345 46
1906 4167 47
396 2209 48
2698 169 49
4096 3980 50
2347 3589 51
549 3935 52
1936 2610 53
3670 3015 54
2450 543 55
2298 2588 56
1959 1430 57
3696 3491 58
3763 81 59
1396 1132 60
64 4273 61
2168 561 62
18 2513 63
235 2290 64
2105 2842 65
2517 2757 66
1124 989 67
1891 408 68
1131 3040 69
2089 2068 70
4276 206 71
3685 2944 72
1826 262 73
2683 427 74
3522 2990 75
3835 1974 76
1021 958 77
4136 3944 78
767 3619 79
3082 3849 80
2135 1568 81
2539 1927 82
90 1669 83
3901 3227 84
607 2721 85
2973 333 86
2297 3928 87
4158 3378 88
3464 2302 89
2149 3780 90
2341 2183 91
2725 2502 92
1277 4141 93
1670 2046 94
342 1579 95
2879 2464 96
4158 3651 97
432 606 98
2105 811 99
1368 2525 100
1566 3706 101
235 1567 102
427 691 103
3633 437 104
2167 3597 105
1015 947 106
3969 3202 107
2987 3084 108
265 2394 109
2497 560 110
960 1411 111
1970 3963 112
89 1442 113
712 739 114
1577 1636 115
3607 3897 116
3041 755 117
2696 240 118
3629 676 119
3690 1787 120
654 1610 121
1748 1400 122
1779 3668 123
1946 64 124
4146 1692 125
693 511 126
57 1679 127
1412 246 128
1093 1387 129
963 3069 130
3490 3764 131
3281 646 132
85 627 133
492 2557 134
916 544 135
602 772 136
881 1354 137
3078 2631 138
3092 2132 139
1994 1063 140
200 4104 141
2363 1720 142
3045 3313 143
2256 4177 144
3111 2592 145
2641 1112 146
3142 730 147
4067 2560 148
4249 110 149
1970 3642 150
1816 148 151
4156 4257 152
4146 3613 153
549 3528 154
601 3044 155
551 2638 156
2957 842 157
3418 55 158
2545 2784 159
2907 157 160
2634 351 161
4259 3248 162
3957 2535 163
2298 2116 164
2390 1101 165
4224 494 166
2310 2974 167
3634 2573 168
994 59 169
155 3900 170
4004 662 171
1429 3932 172
1704 1607 173
1850 2246 174
1103 3428 175
3059 1431 176
1468 163 177
1943 4057 178
2828 3083 179
2908 1501 180
3105 1088 181
1930 3209 182
2403 3189 183
2957 1737 184
1924 3390 185
2135 724 186
2316 1621 187
435 350 188
224 2415 189
3053 1710 190
1351 1091 191
750 1060 192
3464 325 193
3250 535 194
2622 3585 195
976 917 196
841 2050 197
3662 4280 198
3329 1624 199
69 1759 200
3893 74 1
3018 266 2
4142 529 3
234 2164 4
2883 644 5
1498 418 6
3907 3003 7
2817 3864 8
381 817 9
758 3569 10
1566 1719 11
1383 920 12
4007 365 13
461 258 14
2737 945 15
2100 504 16
2866 751 17
4122 3656 18
1903 1142 19
4137 1051 20
1964 2344 21
1093 1891 22
2262 1898 23
1345 1822 24
562 2799 25
1015 1261 26
2028 4113 27
3649 1325 28
2880 3200 29
453 1597 30
2740 2844 31
3120 3576 32
2945 980 33
4227 406 34
754 2157 35
4244 1273 36
2814 28 37
2233 628 38
1158 3168 39
986 83 40
273 1320 41
2397 2409 42
2396 2232 43
788 716 44
686 1349 45
1521 1228 46
3823 3128 47
2416 2361 48
3991 1448 49
3046 3828 50
102 1542 51
4070 1735 52
4095 1070 53
2980 2277 54
460 653 55
2116 2287 56
2962 702 57
1239 21 58
2740 2357 59
3167 1263 60
2956 1350 61
2017 3655 62
3013 1169 63
2593 663 64
1257 3029 65
3864 3910 66
3607 2298 67
2384 77 68
200 4230 69
749 3587 70
3975 1637 71
4090 1668 72
3215 1682 73
3417 458 74
4200 2149 75
2325 1268 76
750 1708 77
1195 1033 78
3361 2645 79
2695 2965 80
1186 675 81
3823 1545 82
386 3212 83
2641 552 84
1522 3802 85
1410 1732 86
1349 3268 87
2190 3432 88
1715 4154 89
1742 1068 90
960 3564 91
1680 56 92
90 1259 93
1749 2081 94
4034 4166 95
2864 3800 96
882 1200 97
2472 3906 98
1957 1963 99
1285 1199 100
394 1238 101
2747 2279 102
749 1691 103
549 2354 104
1093 609 105
523 1605 106
2979 1445 107
2452 1371 108
4211 4038 109
3161 2755 110
235 2197 111
2472 4062 112
3087 4079 113
569 3636 114
3969 2488 115
1718 3988 116
183 2248 117
3553 116 118
216 1454 119
2618 3926 120
419 192 121
4142 502 122
1412 2035 123
4182 106 124
1369 1667 125
4200 1552 126
3579 3557 127
3569 1126 128
3714 339 129
1009 4237 130
3382 473 131
2626 3640 132
888 4105 133
3574 1832 134
2127 1011 135
3428 704 136
3749 4041 137
1590 2850 138
943 2238 139
3562 3370 140
1173 2622 141
2817 1857 142
93 2227 143
1012 1914 144
340 2495 145
2545 4155 146
1754 208 147
3041 3542 148
3695 985 149
2706 1717 150
1103 932 151
1964 1755 152
2075 1701 153
2051 1655 154
2619 1027 155
3864 1111 156
750 2168 157
4225 1377 158
1041 3145 159
1447 1062 160
1188 2794 161
4026 3459 162
4175 4184 163
610 3314 164
1573 4169 165
661 2978 166
4024 1119 167
3939 1235 168
3293 1659 169
2577 2555 170
3453 4258 171
2131 2431 172
597 1956 173
1719 1696 174
1050 1749 175
2153 586 176
2760 688 177
2949 2959 178
4217 3882 179
3400 4010 180
2587 1251 181
320 471 182
4244 3253 183
1959 2398 184
2288 3845 185
74 82 186
228 35 187
2867 1666 188
1977 3581 189
2818 1839 190
2370 1721 191
2030 4299 192
38 914 193
2107 4011 194
3595 629 195
1564 4005 196
100 3443 197
3501 3375 198
3437 3064 199
4148 402 200
654 2666 1
121 1557 2
2605 810 3
4023 3342 4
3269 2774 5
2630 1862 6
2470 1226 7
2316 412 8
2266 2087 9
522 2733 10
1740 3545 11
2662 1419 12
3224 2575 13
2153 327 14
124 2153 15
2599 2462 16
2561 2851 17
519 3775 18
29 1598 19
3249 357 20
2558 185 21
4146 539 22
2729 4266 23
2452 1075 24
406 647 25
2766 3974 26
3588 3413 27
1316 3249 28
419 2620 29
3210 1258 30
2536 2621 31
4107 849 32
4276 3708 33
135 2379 34
3315 3178 35
1791 79 36
3901 3784 37
2962 1171 38
3813 2763 39
487 3068 40
2524 3496 41
1169 1239 42
793 2041 43
1444 3826 44
3541 3136 45
3384 872 46
2193 2185 47
3580 48 48
742 1665 49
2949 1306 50
1796 41 51
1610 3000 52
644 3697 53
1850 3860 54
4061 3538 55
1346 3392 56
2100 2178 57
1668 97 58
1884 581 59
3273 2528 60
2357 2022 61
3916 959 62
3522 3356 63
4041 50 64
2786 2315 65
190 1352 66
1241 391 67
2749 2818 68
3318 155 69
1268 3643 70
920 3824 71
3524 2323 72
4181 3968 73
883 1723 74
1266 3893 75
2834 3300 76
428 3792 77
1645 432 78
3962 2103 79
1844 2172 80
1741 1242 81
3610 820 82
3301 2257 83
7 1513 84
2754 1269 85
4237 3810 86
2706 2195 87
92 2843 88
1850 4147 89
2266 4226 90
2940 227 91
1604 2486 92
311 490 93
3266 2177 94
2560 782 95
634 168 96
2167 3361 97
1958 1593 98
4269 386 99
34 460 100
3753 795 101
2946 957 102
1127 3102 103
2173 4210 104
2593 2611 105
1368 2064 106
2772 3993 107
2011 828 108
4232 4070 109
2698 162 110
4018 1459 111
2367 2461 112
1591 583 113
3930 871 114
1052 1485 115
2027 2458 116
3263 2717 117
2001 2514 118
572 2847 119
660 3691 120
1784 524 121
767 1201 122
2255 27 123
738 3958 124
4001 1849 125
2947 1564 126
4099 2442 127
3915 2485 128
2078 835 129
587 2258 130
1668 506 131
3702 1775 132
3851 4218 133
1086 1160 134
1778 1500 135
4003 2616 136
1753 3627 137
948 3270 138
1523 759 139
1672 4093 140
57 3018 141
2413 2399 142
2306 2529 143
529 2319 144
4291 3817 145
552 4281 146
1346 2957 147
2872 1253 148
3267 3335 149
2914 750 150
2888 1323 151
2882 1363 152
2438 2541 153
1091 2918 154
2024 2118 155
4062 1689 156
853 4201 157
3580 3982 158
3552 3526 159
112 2813 160
3962 455 161
1301 2307 162
1874 2294 163
1522 3902 164
2142 2214 165
4165 700 166
1621 3788 167
2768 678 168
2159 1469 169
1576 3975 170
3365 186 171
2674 3389 172
338 4103 173
3939 395 174
91 3061 175
1008 3554 176
2956 417 177
3418 3286 178
2804 114 179
3963 424 180
2408 3595 181
3735 187 182
3064 522 183
3455 346 184
3180 4228 185
3165 893 186
2665 4270 187
3813 3964 188
3518 1026 189
4296 735 190
349 2682 191
2338 4089 192
3574 2221 193
3538 3449 194
3250 547 195
3426 1232 196
3232 2642 197
1350 3750 198
1973 3789 199
4029 253 200
2008 1045 1
4276 3976 2
1914 2218 3
2740 433 4
1074 556 5
3863 2269 6
3836 2316 7
3344 1487 8
155 2628 9
1444 3791 10
3774 2935 11
2711 3590 12
2259 2407 13
2004 76 14
803 3779 15
2167 572 16
4088 398 17
3396 1117 18
1819 4248 19
196 1181 20
610 3124 21
2191 3684 22
2182 1656 23
1158 591 24
4293 2862 25
611 1840 26
300 1162 27
2873 2353 28
3052 286 29
2845 279 30
2899 841 31
2304 1493 32
1487 1879 33
414 3630 34
2358 2073 35
1451 929 36
2167 3945 37
2392 682 38
1612 1566 39
92 595 40
2362 2031 41
24 256 42
3521 2280 43
2940 2267 44
4249 2583 45
213 1537 46
1673 1855 47
2189 534 48
1933 774 49
1616 453 50
4005 800 51
3344 2143 52
2268 4114 53
3521 1147 54
3781 4183 55
610 243 56
2736 2701 57
609 576 58
2834 1820 59
3652 1614 60
3947 1841 61
2452 2392 62
2564 4123 63
1070 224 64
2914 394 65
720 787 66
1958 1660 67
2221 1949 68
4204 3917 69
1709 1771 70
2914 1946 71
636 4200 72
3728 207 73
216 2284 74
1091 2511 75
1489 3498 76
3979 2364 77
3943 1742 78
694 2122 79
3524 2964 80
2112 3169 81
2135 2320 82
1263 3698 83
70 3306 84
2721 2824 85
3657 2538 86
438 1676 87
1922 2563 88
2114 2037 89
2534 1652 90
3702 216 91
1794 33 92
1405 2471 93
1052 717 94
2749 2262 95
308 3139 96
3863 672 97
248 4203 98
1645 1041 99
2488 444 100
2940 815 101
1773 4283 102
2161 4058 103
4076 1317 104
1627 2289 105
2153 2297 106
2623 1165 107
1292 1057 108
84 2531 109
14 3379 110
65 1538 111
1653 1480 112
3945 1838 113
2285 3818 114
2843 2443 115
2532 93 116
2314 2543 117
613 1793 118
4262 2906 119
2537 1082 120
3633 1830 121
1214 3796 122
367 2987 123
2481 992 124
2358 329 125
2828 618 126
4137 976 127
851 4032 128
4060 719 129
167 3832 130
3790 2689 131
452 1468 132
1359 2708 133
1991 1278 134
1513 51 135
3426 3004 136
3473 3644 137
4005 2625 138
1112 3038 139
2217 1683 140
4124 3141 141
3580 2052 142
3895 3865 143
987 181 144
2276 3949 145
1939 3309 146
1958 4253 147
4273 2711 148
4030 410 149
573 3291 150
3678 3232 151
914 3226 152
1921 1704 153
1731 924 154
4074 39 155
4281 2418 156
347 195 157
432 692 158
3933 1998 159
1664 1392 160
2874 2007 161
3208 2658 162
2814 3622 163
3072 2835 164
2084 3551 165
1239 3868 166
2283 2271 167
1317 1783 168
765 1699 169
16 658 170
2589 405 171
664 1815 172
4011 2074 173
4009 3952 174
4137 3022 175
2168 3454 176
712 2766 177
2030 1373 178
3181 1738 179
3811 4125 180
220 2039 181
2296 2570 182
4001 3094 183
565 2378 184
245 3721 185
892 3827 186
1946 3037 187
2662 3711 188
285 2694 189
2059 824 190
2316 3634 191
2651 542 192
1311 1009 193
2807 525 194
2330 998 195
3310 2437 196
2712 3531 197
2055 3648 198
4236 3405 199
2980 4157 200
3989 4078 1
1604 2191 2
3329 2749 3
3123 2497 4
2357 1517 5
524 4206 6
280 4002 7
142 4001 8
3695 870 9
1991 3401 10
4098 3367 11
1196 19 12
726 2627 13
3577 127 14
3746 4082 15
2902 177 16
4031 3778 17
3645 2864 18
3498 1524 19
3901 4199 20
4142 1015 21
3417 3079 22
1189 2233 23
1645 3187 24
4170 710 25
426 1603 26
24 1578 27
2845 1573 28
3967 305 29
636 3214 30
2541 118 31
1296 378 32
3118 3377 33
566 318 34
1393 180 35
4050 3723 36
4089 96 37
1976 1980 38
2577 2834 39
157 2985 40
1803 2524 41
3607 3881 42
1808 1125 43
3998 517 44
2203 2869 45
542 804 46
1814 485 47
3685 3282 48
1206 1032 49
3028 859 50
1419 2061 51
308 882 52
25 1766 53
1151 921 54
4001 2853 55
2746 341 56
3348 2599 57
2990 1498 58
3903 4063 59
34 2504 60
2737 4254 61
3777 3927 62
2706 826 63
551 1784 64
2535 4297 65
53 1121 66
2333 2897 67
726 1042 68
2084 3685 69
2200 3582 70
1844 2215 71
3676 852 72
135 2145 73
4122 770 74
1039 3713 75
3290 4006 76
3669 1333 77
29 3441 78
859 3675 79
155 579 80
3704 1362 81
90 3553 82
914 1695 83
1177 104 84
2091 2241 85
1919 3573 86
1744 2155 87
4185 1866 88
3246 2009 89
120 373 90
3943 3562 91
1095 875 92
1458 2096 93
3005 3699 94
1304 1064 95
2524 139 96
2593 4202 97
1628 3892 98
3543 4179 99
632 592 100
3558 2445 101
2316 3444 102
3697 1706 103
2744 3394 104
1842 1943 105
2685 862 106
4029 2614 107
3356 1434 108
2187 2018 109
3589 2984 110
2689 2951 111
3904 4023 112
3044 3336 113
1958 3277 114
3041 1754 115
3400 1296 116
2131 1643 117
3749 1229 118
2234 1185 119
776 401 120
3925 3662 121
3312 486 122
561 113 123
948 2166 124
750 3294 125
1460 2406 126
1489 4160 127
2106 2345 128
1952 2882 129
1972 2760 130
652 737 131
1666 3717 132
1946 1092 133
275 1635 134
4068 2020 135
785 3989 136
451 343 137
1225 4207 138
3645 24 139
3089 2742 140
741 1170 141
2193 2880 142
2740 3161 143
2017 2999 144
184 3536 145
1320 3173 146
421 3317 147
1169 1136 148
2963 2920 149
1128 2653 150
4272 483 151
444 3274 152
4158 469 153
3397 4012 154
1237 1118 155
3823 2397 156
3521 326 157
4247 1074 158
242 1887 159
3050 4016 160
613 2449 161
1655 3847 162
3968 443 163
552 3078 164
3145 1497 165
1278 1343 166
188 2786 167
1294 2264 168
854 53 169
709 2016 170
3250 1522 171
4198 1740 172
3093 1399 173
1077 2476 174
3262 2420 175
121 1134 176
121 1959 177
3695 1262 178
455 1395 179
2201 2478 180
2338 1077 181
4294 2459 182
4204 3221 183
2245 3254 184
2465 3483 185
2611 3953 186
3862 723 187
563 2170 188
1573 2685 189
1417 1926 190
2159 1114 191
4141 2395 192
4053 4267 193
4096 2211 194
1266 2127 195
2348 2 196
1200 158 197
4300 3049 198
2915 404 199
1253 3765 200
1052 1599 1
1005 3588 2
3701 42 3
2273 2212 4
722 3097 5
3665 1334 6
2970 1819 7
571 3856 8
3338 119 9
3687 2532 10
29 956 11
1052 2664 12
2275 3709 13
3348 2328 14
2541 569 15
280 296 16
4153 3341 17
4061 3899 18
2088 603 19
3952 1217 20
4075 2677 21
625 937 22
4046 2521 23
1003 3350 24
1742 2150 25
2914 3301 26
4272 3032 27
1584 84 28
2472 2338 29
3734 1420 30
3515 1658 31
2024 2919 32
3150 80 33
4217 2066 34
4273 2429 35
1604 1158 36
150 1302 37
2766 2334 38
1754 4030 39
1715 2322 40
884 3175 41
393 218 42
289 3001 43
920 4161 44
2492 4227 45
407 857 46
3730 4188 47
3046 3998 48
2106 1955 49
2190 1159 50
2722 2396 51
1540 3487 52
2233 2712 53
2031 3533 54
3974 211 55
4127 903 56
888 2441 57
4240 4291 58
270 3703 59
1692 747 60
3192 3983 61
846 14 62
2193 4180 63
3884 1413 64
1723 1144 65
2249 3693 66
3751 3525 67
551 3435 68
3011 1757 69
3087 2503 70
854 3417 71
1298 1128 72
2788 102 73
3350 3213 74
1558 638 75
3366 1867 76
1486 1124 77
2267 352 78
750 468 79
1767 2385 80
3702 1079 81
2179 4072 82
4015 1467 83
2233 3414 84
4174 3158 85
2634 4075 86
2792 2892 87
2452 3894 88
1098 196 89
2340 1412 90
1549 1314 91
1646 4080 92
552 3532 93
1225 1341 94
16 2030 95
189 4095 96
901 3783 97
2983 4256 98
3301 801 99
2547 212 100
2375 3610 101
1020 1056 102
3412 3875 103
2265 3547 104
1946 3474 105
2986 1014 106
4239 1227 107
4076 2709 108
1539 419 109
3249 34 110
4225 1304 111
4127 488 112
2591 518 113
3021 132 114
1267 670 115
736 4171 116
1072 242 117
2739 2203 118
3021 1533 119
1659 2447 120
369 928 121
3794 1202 122
3012 1734 123
2327 3924 124
3093 30 125
1879 3016 126
3215 3919 127
4178 978 128
204 3854 129
1602 912 130
1727 2146 131
551 2063 132
3411 2832 133
3392 3739 134
2721 4268 135
3922 2519 136
1077 1441 137
2788 381 138
829 3242 139
2238 1991 140
4166 709 141
998 2808 142
1089 1673 143
1391 1594 144
1737 4124 145
4041 1486 146
1872 2011 147
150 3368 148
1674 1932 149
3338 15 150
3903 2991 151
729 3365 152
2068 3045 153
3924 2522 154
1597 489 155
1609 2643 156
993 3766 157
3599 2249 158
613 2938 159
1219 1596 160
1920 276 161
3465 620 162
4232 1267 163
1791 150 164
1679 3239 165
4064 3877 166
803 1416 167
2066 3689 168
1035 1790 169
1948 520 170
414 3803 171
1368 1620 172
3011 463 173
1704 974 174
1294 3510 175
1970 2791 176
2965 3887 177
2645 2924 178
2316 666 179
2245 3950 180
1134 4172 181
3694 3704 182
2826 2330 183
1075 3293 184
1515 791 185
4217 3558 186
1631 1274 187
280 3266 188
174 1651 189
1294 2362 190
2084 2424 191
3864 1192 192
2583 3077 193
4232 2272 194
3756 2325 195
1933 1475 196
2578 2795 197
1599 170 198
2828 3885 199
2611 973 200
64 2830 1
3704 3814 2
960 4018 3
1595 3614 4
3666 1896 5
1466 1209 6
2736 3111 7
914 2423 8
3916 4102 9
2845 4054 10
1091 275 11
1835 1886 12
1554 3676 13
2363 3366 14
3500 164 15
3120 2312 16
1919 3880 17
327 2452 18
1566 46 19
4142 1053 20
1072 2873 21
809 3404 22
2077 2411 23
2930 4068 24
2189 3727 25
1089 1693 26
1567 3421 27
2983 1972 28
3616 1295 29
3577 2950 30
3877 1243 31
2408 3162 32
1520 345 33
3037 596 34
347 1294 35
2089 946 36
1707 3438 37
1521 464 38
1641 574 39
2618 1464 40
946 1560 41
2408 1829 42
2182 2693 43
3469 2283 44
3741 1188 45
3284 1936 46
1591 2303 47
4034 2507 48
1973 3757 49
2633 3206 50
2877 2953 51
3301 1189 52
1175 1975 53
1405 2831 54
3652 3981 55
914 2438 56
595 3009 57
2557 954 58
3226 3318 59
3518 819 60
3734 1 61
883 1280 62
2685 3918 63
468 2922 64
254 3702 65
2931 1547 66
3006 1915 67
1855 3855 68
1150 368 69
2664 1135 70
3304 409 71
1729 2138 72
741 4028 73
4231 3106 74
2037 1756 75
4005 1894 76
1387 16 77
472 416 78
1508 2663 79
2922 4140 80
1748 71 81
1388 2572 82
3167 1718 83
2233 1050 84
180 3220 85
2224 4115 86
1196 2753 87
942 3310 88
1570 1789 89
4141 2348 90
4043 3328 91
586 3650 92
2490 250 93
1564 1629 94
640 1761 95
3438 2377 96
1163 633 97
1564 516 98
3226 3665 99
2495 88 100
4064 1324 101
3254 36 102
1041 2220 103
1011 309 104
4004 1458 105
4255 3349 106
465 1234 107
2769 1903 108
3898 3683 109
21 1205 110
3095 3991 111
2989 205 112
40 2790 113
4217 2746 114
888 2526 115
4003 4117 116
1628 1675 117
1236 2506 118
2950 247 119
217 2877 120
2459 2208 121
3536 2403 122
1265 478 123
2899 1962 124
2762 1176 125
3117 715 126
1701 1193 127
2539 2649 128
3152 4046 129
472 1153 130
2033 143 131
4262 994 132
1584 3870 133
1367 2060 134
4259 549 135
1968 4111 136
391 456 137
2949 812 138
3249 140 139
1098 727 140
2428 3776 141
1117 1347 142
933 979 143
2168 317 144
676 816 145
1179 1078 146
1415 616 147
1772 1574 148
1859 1995 149
1997 1110 150
1214 726 151
539 1058 152
3823 741 153
38 3806 154
400 1168 155
1771 3387 156
2265 879 157
115 1750 158
3038 237 159
1309 615 160
1097 449 161
610 4224 162
4090 2200 163
3264 2651 164
4026 2569 165
220 354 166
2296 3364 167
1391 1283 168
4164 515 169
2591 1071 170
2539 2725 171
1583 1874 172
1307 3098 173
2927 2933 174
3452 3694 175
267 3822 176
2585 898 177
2542 400 178
1946 2838 179
1951 2601 180
3796 2665 181
3958 3534 182
189 3127 183
1165 316 184
225 1944 185
3998 2558 186
1260 3611 187
610 3113 188
3870 3279 189
157 3857 190
3914 1827 191
805 2263 192
125 1581 193
3831 3737 194
3011 3329 195
192 3718 196
2131 2905 197
1540 3351 198
2104 3601 199
3866 1615 200
3904 1396 1
4049 1366 2
1656 796 3
360 2661 4
4015 3307 5
3052 2550 6
3652 1954 7
394 2603 8
3875 918 9
2914 986 10
4001 1852 11
1021 1356 12
3735 860 13
703 4088 14
1309 2126 15
3642 830 16
2121 3059 17
1297 3194 18
3536 3657 19
3123 1223 20
2329 3807 21
943 3448 22
2092 3144 23
3161 7 24
632 2564 25
4272 3539 26
3032 2270 27
2119 3285 28
2586 1853 29
1767 182 30
3975 2186 31
3621 2960 32
1771 3594 33
2537 1585 34
2838 2878 35
4181 2374 36
717 2331 37
2535 3797 38
1880 794 39
14 1994 40
2818 3343 41
3013 1584 42
76 568 43
3250 2119 44
2104 3790 45
3646 2335 46
1311 2428 47
4024 40 48
2172 2286 49
3961 757 50
4174 1081 51
1546 1713 52
2378 3326 53
2629 3979 54
2114 1869 55
1572 1186 56
1933 2026 57
2452 2759 58
1919 3521 59
3509 1843 60
1829 2176 61
1292 4098 62
4002 2213 63
1919 1748 64
2983 636 65
2333 2727 66
106 2595 67
3898 3238 68
2325 3629 69
1961 1770 70
2577 4055 71
2553 1195 72
901 1813 73
2558 3391 74
1139 3131 75
2428 1929 76
2845 4142 77
488 193 78
385 3100 79
957 3265 80
3367 780 81
2663 1892 82
4175 2067 83
1677 3513 84
1233 1282 85
3347 3674 86
1308 2548 87
2914 1149 88
419 695 89
1545 1801 90
2077 2098 91
1551 52 92
3161 3889 93
1241 2518 94
2779 2871 95
352 428 96
3632 3456 97
2179 4238 98
1613 2419 99
3307 2243 100
927 3831 101
1339 1882 102
738 2343 103
1258 1516 104
2403 2713 105
2788 951 106
3741 2899 107
2428 3126 108
1258 1938 109
2998 1450 110
2111 599 111
4164 813 112
1850 4132 113
797 2125 114
2838 3748 115
2879 1535 116
4128 1440 117
992 1586 118
2947 1842 119
3588 173 120
4035 3835 121
329 12 122
2705 942 123
3572 2618 124
14 3763 125
3851 3174 126
3236 3281 127
949 3446 128
1704 1364 129
3849 2120 130
3228 3637 131
2749 3749 132
4012 567 133
730 3337 134
2853 858 135
3279 4196 136
1601 1488 137
37 3770 138
1015 2240 139
3006 1531 140
2787 3625 141
2570 2635 142
3939 3434 143
3249 3735 144
1611 2823 145
3338 3751 146
3676 1187 147
386 4099 148
2105 1512 149
1171 4262 150
1361 2958 151
3257 1684 152
376 3260 153
66 901 154
217 4037 155
1919 4204 156
2494 3733 157
3939 4294 158
3455 3850 159
4055 848 160
3027 3744 161
2309 3599 162
3024 233 163
825 4042 164
2226 3305 165
2779 4086 166
1598 3210 167
1664 2440 168
2130 3805 169
1450 201 170
1298 4231 171
100 4007 172
3577 1785 173
1391 2865 174
1209 512 175
3161 3129 176
4192 107 177
1050 2173 178
1188 3363 179
1487 1417 180
3192 3679 181
1689 1183 182
3081 3493 183
350 476 184
1266 3543 185
1377 1917 186
144 336 187
26 1210 188
3579 1398 189
3041 1255 190
1151 2288 191
2838 66 192
3602 1321 193
1306 3067 194
3391 2347 195
920 3057 196
975 2530 197
2017 2390 198
2980 1338 199
3675 2056 200
1029 1252 1
3283 2619 2
315 2084 3
2987 906 4
4272 3463 5
1012 1113 6
2757 3869 7
1471 3 8
2789 582 9
1027 2386 10
3685 3415 11
2491 2501 12
3870 2669 13
3614 546 14
4014 10 15
1194 771 16
151 2002 17
1168 314 18
4215 3871 19
2962 2086 20
1906 3290 21
739 2121 22
2015 4013 23
3013 2863 24
1505 265 25
4183 1415 26
1336 199 27
130 1816 28
4044 4138 29
1492 2413 30
1941 2001 31
2480 293 32
3671 3664 33
546 4126 34
2093 3548 35
2961 1626 36
1297 1152 37
833 4145 38
2695 1225 39
2114 2401 40
995 2489 41
3318 823 42
1333 1397 43
1134 527 44
2938 564 45
2945 891 46
2564 129 47
1976 1297 48
3438 3785 49
1832 454 50
841 3181 51
1504 2571 52
1093 2371 53
909 605 54
131 2822 55
1620 2994 56
2654 3235 57
565 2650 58
4004 2151 59
713 1572 60
2276 4034 61
3741 1758 62
3006 3058 63
1405 1712 64
2857 421 65
4028 1973 66
3312 3062 67
2652 631 68
3748 1969 69
2003 3360 70
613 1653 71
2357 72 72
1806 3508 73
1089 2719 74
362 1166 75
3226 1315 76
3443 3070 77
317 2467 78
1304 2147 79
89 1890 80
3054 1810 81
3791 145 82
3028 3631 83
341 3081 84
681 886 85
2618 1663 86
2928 1739 87
1884 3199 88
1946 2675 89
1188 3476 90
3621 3072 91
2387 2065 92
1112 1052 93
2366 2609 94
325 508 95
1970 2253 96
2706 3578 97
3984 1447 98
1605 2311 99
713 244 100
3522 3216 101
161 2767 102
3458 4008 103
1241 2391 104
3627 2515 105
1868 1143 106
1355 2160 107
1551 1094 108
602 4025 109
126 948 110
2906 2247 111
1079 4067 112
2865 3385 113
3974 1066 114
1627 1971 115
388 3740 116
1648 1481 117
1460 3930 118
1628 125 119
3371 792 120
700 2152 121
2956 3295 122
1170 743 123
3213 3457 124
2179 3451 125
960 2133 126
3925 1884 127
2325 2604 128
92 1309 129
1552 3591 130
1808 933 131
1327 2547 132
467 1504 133
265 26 134
2943 3023 135
1670 708 136
3515 3103 137
733 2728 138
3030 3096 139
67 1798 140
1717 3303 141
3403 1788 142
2913 3104 143
1387 1001 144
3905 2800 145
2842 3621 146
1522 291 147
2212 3504 148
2097 3297 149
2623 2276 150
1125 3344 151
1124 374 152
3426 4022 153
630 2981 154
3206 4287 155
3086 1608 156
3453 2772 157
3226 3458 158
3103 58 159
105 133 160
464 1726 161
1545 1744 162
3952 1191 163
2439 1115 164
2719 3247 165
3580 656 166
3078 311 167
144 2042 168
3518 2814 169
4256 1035 170
226 1000 171
4154 3465 172
2444 2293 173
946 3427 174
3150 5 175
4176 3108 176
2844 1476 177
2276 2189 178
1870 3555 179
2325 223 180
4032 587 181
1849 1237 182
782 1982 183
3664 1588 184
2460 1244 185
72 362 186
1053 2115 187
450 1923 188
1448 2995 189
2104 2360 190
2036 799 191
70 331 192
601 1895 193
742 642 194
3099 526 195
106 3316 196
2510 2457 197
3682 2036 198
3853 3133 199
2309 809 200
1281 2898 1
562 2827 2
586 2662 3
3647 856 4
3089 2775 5
720 3701 6
40 764 7
2251 1376 8
798 3246 9
3035 4020 10
2084 3109 11
4172 3105 12
1951 2969 13
561 1924 14
781 2612 15
920 1013 16
3912 446 17
3455 1945 18
412 2388 19
1915 1731 20
315 3632 21
916 1899 22
646 3151 23
1009 1414 24
3878 3970 25
317 3118 26
1644 844 27
4034 2321 28
3203 3230 29
4230 1095 30
1832 2012 31
124 2593 32
986 3666 33
1984 4209 34
2325 2578 35
3187 1762 36
925 2855 37
2578 1888 38
1015 767 39
2218 3804 40
3161 3416 41
1290 3759 42
2309 3461 43
3593 2405 44
2705 1616 45
270 3426 46
3318 2239 47
1637 2028 48
1985 3355 49
1077 4085 50
3443 1966 51
134 470 52
1110 1987 53
545 3722 54
4249 1336 55
586 2554 56
1604 1986 57
1644 1460 58
3669 1332 59
2506 3612 60
2930 2349 61
3542 1977 62
2757 397 63
1089 472 64
2996 3043 65
535 2852 66
327 2479 67
1593 1529 68
1115 2648 69
3312 622 70
2253 191 71
4 3670 72
227 220 73
885 2856 74
927 2306 75
4073 2566 76
1629 448 77
2641 3315 78
3925 3381 79
66 4045 80
2772 604 81
1249 2967 82
4025 1558 83
3835 1893 84
3677 1145 85
2339 3020 86
2709 1474 87
755 1697 88
2158 3134 89
1815 3110 90
2246 1654 91
1379 562 92
2246 3596 93
2970 45 94
567 3583 95
2070 2916 96
1919 661 97
2127 1836 98
1569 2738 99
3880 1482 100
3336 190 101
3343 2199 102
3013 4015 103
2494 2439 104
1018 913 105
3095 3838 106
60 2667 107
2783 2044 108
2333 2606 109
1627 288 110
781 1470 111
413 773 112
2403 575 113
3497 358 114
2298 803 115
2422 2707 116
3434 23 117
1735 2836 118
2744 3411 119
3554 536 120
3905 1868 121
1846 669 122
132 2640 123
2654 2017 124
1654 3570 125
1753 1148 126
2865 382 127
610 1439 128
2907 3122 129
506 2568 130
3823 149 131
2633 3956 132
2017 2676 133
3623 1559 134
4232 450 135
730 3985 136
1684 2314 137
3602 302 138
2392 749 139
1684 950 140
637 1318 141
1522 2266 142
1235 2014 143
1969 1368 144
3213 1275 145
2438 2821 146
2791 4269 147
1816 1327 148
251 4290 149
1650 3688 150
290 3357 151
3652 1435 152
3262 3014 153
2335 3430 154
797 793 155
2188 1260 156
1463 3470 157
1035 334 158
1815 645 159
1451 252 160
1093 1173 161
2157 43 162
121 701 163
1192 1760 164
3868 1767 165
925 3203 166
1067 578 167
3114 153 168
1390 2188 169
3399 1965 170
268 1236 171
2384 2492 172
2203 960 173
308 2803 174
4098 260 175
4259 2069 176
4227 2499 177
742 1030 178
1072 2596 179
2327 513 180
3528 775 181
4215 3584 182
2735 241 183
2114 1858 184
479 3616 185
2996 1525 186
3162 3617 187
2353 2699 188
310 2393 189
1333 120 190
4128 1109 191
2408 2754 192
2956 4275 193
4079 4107 194
3522 1017 195
4072 3007 196
954 111 197
136 3544 198
3050 908 199
527 2545 200
2663 2095 1
3453 3843 2
232 3163 3
2652 1264 4
1009 637 5
2058 883 6
2246 3798 7
3434 3598 8
890 4244 9
351 4205 10
1760 255 11
1549 2714 12
2282 895 13
1808 4130 14
1634 1103 15
1506 3767 16
2333 94 17
1914 1023 18
3951 2387 19
698 2932 20
347 3006 21
44 1446 22
2401 3834 23
2087 2629 24
1225 1216 25
1704 2837 26
1795 1203 27
3272 790 28
4079 907 29
391 4096 30
4053 2224 31
566 2806 32
790 2867 33
1414 1388 34
2919 109 35
2467 3215 36
3521 3499 37
2199 2930 38
930 3830 39
2554 2498 40
1662 1834 41
939 356 42
2914 2962 43
2634 968 44
4165 435 45
2634 1359 46
11 585 47
4142 2809 48
2907 2744 49
1722 865 50
1077 4077 51
2134 2941 52
529 452 53
3634 3901 54
573 2299 55
2748 440 56
1889 225 57
742 1751 58
2922 1496 59
607 2141 60
569 3374 61
3823 1625 62
2740 2190 63
3811 1208 64
742 1409 65
2428 3821 66
4130 4087 67
3412 2637 68
1219 2148 69
2814 3150 70
3877 4243 71
3501 2400 72
485 2230 73
3269 2019 74
3586 3986 75
3037 2980 76
2996 313 77
11 3152 78
2493 2841 79
4051 1804 80
2922 3518 81
449 2032 82
1409 4019 83
3912 601 84
2828 3501 85
3370 462 86
3180 3386 87
2627 3453 88
1613 200 89
888 3731 90
3329 825 91
3208 916 92
1850 2057 93
3144 1952 94
199 2811 95
1928 369 96
372 843 97
3706 1453 98
739 833 99
960 1618 100
3943 4146 101
4240 304 102
1803 1622 103
131 3710 104
3046 1452 105
3176 2053 106
2422 375 107
3365 1871 108
3750 1490 109
75 3682 110
851 1073 111
126 4192 112
1553 3437 113
1016 2072 114
1811 4047 115
1446 2109 116
3044 4024 117
3543 3728 118
3082 2427 119
2296 4083 120
1546 2278 121
4127 559 122
1017 1527 123
4016 2829 124
3158 999 125
1719 4168 126
132 1648 127
2623 3497 128
942 2975 129
4250 1190 130
3695 679 131
4004 3604 132
432 3716 133
4140 324 134
2580 3323 135
784 2887 136
785 234 137
1063 3425 138
1575 3237 139
3295 144 140
620 784 141
2821 873 142
1523 1814 143
3326 3075 144
1471 2819 145
3740 4252 146
3128 2494 147
2319 624 148
2554 2769 149
1449 3997 150
4011 3761 151
3196 869 152
1590 491 153
2845 943 154
172 2463 155
3935 2574 156
2053 537 157
1463 1298 158
1402 3008 159
3011 551 160
3554 744 161
3743 2124 162
1892 3393 163
2475 953 164
2913 2107 165
3422 732 166
3102 4036 167
2404 963 168
39 3812 169
1774 4084 170
2987 2376 171
780 2085 172
2285 1799 173
2343 3186 174
718 4150 175
3452 4000 176
1931 91 177
2971 3482 178
3521 466 179
687 426 180
1735 3259 181
77 131 182
644 922 183
1009 4081 184
2891 2780 185
1241 3319 186
366 2686 187
3299 3460 188
1856 674 189
1488 657 190
4247 1909 191
327 3053 192
4291 1003 193
1369 3471 194
2355 60 195
1540 3063 196
870 831 197
1769 3863 198
2701 4065 199
3699 2273 200
989 32 1
3194 2113 2
1101 1602 3
11 3347 4
1804 2632 5
1103 2942 6
700 156 7
1503 3243 8
3734 2516 9
770 2163 10
3946 4260 11
870 1850 12
1271 3222 13
776 3164 14
1009 108 15
1765 2099 16
3355 1509 17
3496 117 18
3595 3571 19
1266 1316 20
3246 2112 21
326 4009 22
135 2108 23
1189 261 24
3608 4284 25
1957 868 26
3981 413 27
2970 2340 28
1804 3829 29
1484 2923 30
1693 3971 31
3348 1511 32
2744 54 33
2482 103 34
2108 2023 35
2473 934 36
86 3559 37
3195 802 38
3384 1444 39
4294 2858 40
412 4156 41
4024 1985 42
3631 1180 43
1346 1256 44
612 172 45
485 1116 46
2322 61 47
4035 4056 48
3921 67 49
2946 3653 50
3319 2234 51
4071 834 52
2423 845 53
3623 2998 54
1125 3516 55
1645 967 56
3733 3468 57
1018 4216 58
3105 1021 59
2054 3085 60
2940 337 61
4142 2154 62
440 1777 63
2226 2536 64
2280 4066 65
1265 236 66
183 1794 67
2970 2512 68
1593 2430 69
4064 3409 70
4080 392 71
3257 1671 72
3777 2692 73
3368 281 74
2884 2010 75
2634 2940 76
811 2296 77
780 4214 78
3484 1284 79
1277 3273 80
4079 441 81
271 2484 82
4064 1090 83
3695 4296 84
1377 1981 85
1497 3626 86
1416 2781 87
4290 1530 88
2655 621 89
2630 519 90
3373 295 91
2928 3862 92
3609 2971 93
4275 3264 94
1531 1059 95
269 3561 96
4047 2840 97
362 1285 98
3670 203 99
1252 2758 100
2089 2706 101
3250 854 102
2089 436 103
3661 3251 104
2357 4004 105
1113 1577 106
2083 3896 107
2812 2460 108
2483 1389 109
999 2698 110
1257 95 111
2715 1382 112
1744 3530 113
4181 1086 114
775 1365 115
1980 306 116
3756 1576 117
2517 3082 118
257 3201 119
864 3473 120
3686 1471 121
4056 2788 122
2543 655 123
3701 608 124
933 2585 125
4254 1681 126
311 166 127
700 254 128
3012 1456 129
1091 2582 130
3381 1992 131
771 2305 132
3254 2102 133
2532 321 134
2627 1534 135
3607 1600 136
8 2679 137
2464 98 138
2749 1206 139
1947 384 140
3905 1539 141
3521 2722 142
3562 1221 143
2526 1864 144
3632 407 145
3702 4170 146
4165 1290 147
495 1230 148
1572 2372 149
2838 2893 150
3650 3771 151
244 1084 152
2922 2285 153
2153 3912 154
3980 3095 155
272 298 156
3078 3371 157
162 1876 158
2059 1565 159
1081 1698 160
1429 1803 161
3985 3224 162
2703 1357 163
726 2634 164
4018 798 165
2087 2337 166
1552 1797 167
3011 640 168
484 294 169
3514 4059 170
2658 3353 171
2634 2027 172
223 3957 173
1507 2825 174
1976 480 175
317 183 176
2598 2094 177
2741 3793 178
3911 2346 179
640 1405 180
4056 1085 181
3488 25 182
483 2089 183
1444 1809 184
1169 3815 185
2905 1174 186
2058 3071 187
1604 3867 188
3550 2304 189
2335 367 190
3050 2802 191
308 429 192
3769 1386 193
244 2671 194
498 263 195
1984 1779 196
2410 3480 197
839 4027 198
3911 4139 199
4116 2833 200
72 1520 1
2938 2691 2
4094 1313 3
2259 1905 4
845 3088 5
2655 3752 6
914 3741 7
1356 503 8
2907 3769 9
1554 1705 10
453 1674 11
2639 348 12
441 299 13
1336 290 14
3021 765 15
2627 565 16
1505 1953 17
874 3322 18
343 2556 19
153 3663 20
2233 2552 21
583 1293 22
3943 4198 23
1311 2973 24
1173 2244 25
3950 2481 26
1842 2782 27
3261 4249 28
2881 2475 29
3239 3646 30
3851 899 31
2456 3837 32
3858 383 33
1021 4176 34
2899 1548 35
1619 2282 36
811 2235 37
2647 3288 38
3447 3130 39
2492 2792 40
469 4220 41
1019 931 42
3044 4128 43
1186 1942 44
2279 4263 45
1098 1008 46
2303 1156 47
2756 3352 48
1451 639 49
4261 2062 50
1856 2639 51
272 4094 52
1670 167 53
3961 703 54
3652 267 55
3215 3185 56
3281 3408 57
4098 278 58
3817 4110 59
4200 1391 60
3794 4194 61
2831 2196 62
396 209 63
2630 63 64
4291 3172 65
327 722 66
1249 2586 67
1290 1506 68
2540 4039 69
3426 3325 70
610 4159 71
2298 970 72
3338 3431 73
915 971 74
3135 2681 75
3998 2434 76
914 2408 77
1103 2040 78
4276 423 79
2108 2071 80
734 1499 81
1835 2783 82
1274 292 83
375 2887 84
1094 2608 85
689 2137 86
2884 1919 87
968 2083 88
2706 1590 89
722 3819 90
3853 4271 91
4134 594 92
2127 1940 93
1919 2242 94
3193 1745 95
3087 1913 96
2115 821 97
4232 699 98
1653 2015 99
1093 285 100
3045 651 101
3019 630 102
217 3419 103
1888 598 104
1050 2194 105
3481 121 106
483 11 107
1802 3996 108
1757 1010 109
2337 4300 110
2359 403 111
2652 1492 112
946 1120 113
3418 4116 114
1404 1241 115
2042 2265 116
1379 18 117
3807 1473 118
987 3537 119
2219 4135 120
1368 9 121
1628 3938 122
787 4051 123
1534 1340 124
2844 1670 125
2442 2491 126
1670 2636 127
1527 1544 128
3111 1031 129
4047 4234 130
4165 2647 131
3819 3184 132
4022 1571 133
2601 1685 134
902 2883 135
2089 1161 136
435 3990 137
2684 2801 138
2983 315 139
4044 698 140
100 1925 141
2737 1989 142
4232 2703 143
2384 1089 144
1412 2350 145
765 3951 146
347 713 147
29 3645 148
1179 1897 149
750 3250 150
2040 1649 151
2438 3017 152
2041 2785 153
1061 459 154
2711 2090 155
3724 1601 156
1699 1175 157
2231 3686 158
914 3011 159
3935 3073 160
157 4092 161
1137 3436 162
2406 2743 163
1499 3506 164
1654 3933 165
551 487 166
134 890 167
3774 3155 168
1539 847 169
874 2295 170
77 1096 171
1368 2318 172
4259 728 173
4051 1859 174
4217 3396 175
2472 338 176
3771 570 177
1478 1374 178
683 4017 179
613 607 180
632 1018 181
3281 4031 182
967 738 183
868 1438 184
3429 673 185
1573 1098 186
885 323 187
3249 482 188
2854 734 189
2298 1346 190
1577 1292 191
790 37 192
2122 3292 193
3903 1390 194
497 1688 195
1368 1443 196
3448 686 197
2168 1730 198
2481 2678 199
2682 1703 200
3614 3304 1
3899 1875 2
3872 2455 3
3762 2487 4
951 3550 5
2378 126 6
1307 344 7
2828 3794 8
3734 3773 9
4140 160 10
4117 2130 11
602 4208 12
386 2710 13
3303 159 14
942 484 15
700 851 16
258 3923 17
864 4190 18
3714 3177 19
702 2496 20
646 2261 21
38 3941 22
823 3972 23
4265 3204 24
3823 1300 25
3709 3913 26
4142 3467 27
3774 2565 28
2555 3732 29
4109 1279 30
1993 2134 31
1096 57 32
1823 1307 33
2198 493 34
819 3758 35
1077 1518 36
3267 930 37
2370 4278 38
1621 961 39
4015 20 40
3064 1878 41
4178 687 42
3942 558 43
808 2917 44
1913 756 45
1024 2859 46
363 3193 47
672 146 48
3976 3167 49
1774 839 50
2490 1288 51
1327 3348 52
4012 2613 53
2914 1131 54
3348 387 55
2389 1587 56
615 818 57
3969 2849 58
3321 972 59
1548 141 60
2038 230 61
667 3034 62
2511 3628 63
3494 2198 64
301 927 65
167 2373 66
2167 3929 67
3687 4286 68
3918 507 69
3595 3240 70
1252 1856 71
3598 632 72
131 3515 73
1309 617 74
1298 2777 75
2997 2523 76
4090 65 77
621 4295 78
1961 2672 79
3393 3170 80
1564 3412 81
1842 3156 82
1668 1310 83
2828 142 84
3284 538 85
132 2872 86
1235 4185 87
3756 1808 88
130 2416 89
12 3965 90
3354 2690 91
4115 2912 92
4015 1104 93
3549 2038 94
2478 3994 95
1722 3715 96
4166 4061 97
712 3754 98
3249 4182 99
1915 2204 100
1030 2078 101
3476 1100 102
2282 3255 103
632 415 104
4282 577 105
548 3147 106
367 2414 107
713 597 108
2511 361 109
3734 1646 110
4056 90 111
3472 1901 112
1327 1167 113
4073 3117 114
2228 2654 115
3590 1220 116
2652 1780 117
3617 1736 118
2971 3321 119
3864 1733 120
2609 3225 121
2749 202 122
1800 3872 123
2546 4191 124
4081 4043 125
2860 2047 126
616 1556 127
1564 379 128
4165 2879 129
229 2192 130
1715 1983 131
262 442 132
1998 3833 133
1339 3143 134
1827 1182 135
873 3244 136
1545 1612 137
2658 3786 138
124 377 139
2773 706 140
4281 1851 141
132 2646 142
3156 2260 143
1665 1308 144
1311 3157 145
2702 2139 146
1621 2734 147
375 1680 148
3416 2798 149
3452 1911 150
25 3954 151
2084 2100 152
3877 3904 153
2800 3114 154
1919 3669 155
1329 69 156
2264 1250 157
3465 3876 158
141 962 159
787 4021 160
64 385 161
2641 3021 162
806 1139 163
199 3376 164
2662 1150 165
1405 4193 166
1001 4288 167
2309 2736 168
3604 138 169
1823 340 170
2045 1773 171
955 2751 172
2914 2135 173
750 2793 174
2159 3236 175
2453 3962 176
3796 2762 177
1609 1532 178
3051 896 179
2338 2300 180
3860 2797 181
847 3354 182
1307 176 183
1684 4217 184
3478 1863 185
1430 1401 186
273 1582 187
3476 2382 188
2127 900 189
2549 2435 190
2565 3738 191
1349 3726 192
3162 1358 193
3922 4040 194
602 3494 195
3903 3261 196
1238 3563 197
910 2584 198
468 1778 199
2228 988 200
1167 614 1
2721 4173 2
2269 1037 3
2776 1657 4
593 4197 5
3065 2412 6
4249 3089 7
1173 1883 8
1342 147 9
704 3574 10
2845 745 11
887 3166 12
4034 1137 13
2193 1428 14
3750 3447 15
3646 396 16
41 128 17
394 1076 18
3790 1715 19
61 3866 20
1155 3720 21
2149 3911 22
3226 2914 23
1367 4 24
367 2551 25
2149 1163 26
1838 1881 27
1813 2846 28
142 797 29
1276 889 30
1293 4163 31
3462 3937 32
2703 612 33
3289 3603 34
3927 500 35
1237 3402 36
2127 4165 37
2674 3560 38
1291 1645 39
3461 2812 40
916 3948 41
3704 2236 42
121 272 43
3474 467 44
1754 3005 45
2864 99 46
1961 1627 47
3027 1197 48
476 300 49
4032 3462 50
200 2903 51
1670 1177 52
2392 217 53
1946 3481 54
2347 501 55
3216 3469 56
3671 4187 57
510 3922 58
3762 3549 59
2945 4247 60
2193 308 61
384 4052 62
1695 2982 63
86 1122 64
14 1611 65
3950 2739 66
2828 3969 67
3218 593 68
2042 3258 69
1803 760 70
2914 85 71
2871 731 72
3835 763 73
3777 1833 74
2028 3747 75
1247 1423 76
3652 1249 77
4039 866 78
1778 1429 79
1125 3696 80
830 2367 81
1215 1224 82
1081 1782 83
1572 3397 84
195 649 85
551 189 86
3741 3211 87
3343 1521 88
3718 3450 89
1346 393 90
4168 690 91
3734 2768 92
1383 2857 93
634 3195 94
4220 3231 95
2075 1355 96
3318 1634 97
3782 694 98
933 1686 99
2888 100 100
