1500 1500 200
1180 828 1
1076 1140 2
1123 1354 3
183 574 4
511 532 5
87 1072 6
835 443 7
550 728 8
734 864 9
23 327 10
565 788 11
71 394 12
690 707 13
359 309 14
1159 722 15
1459 892 16
729 404 17
1137 339 18
481 586 19
594 768 20
790 900 21
367 1192 22
742 687 23
980 149 24
1183 753 25
55 227 26
139 1226 27
1356 624 28
46 1227 29
164 417 30
55 139 31
473 49 32
547 494 33
1024 455 34
1055 525 35
1329 1087 36
130 419 37
58 1092 38
188 982 39
853 1294 40
919 739 41
56 1364 42
133 388 43
1268 740 44
741 571 45
853 467 46
759 709 47
1370 161 48
654 720 49
6 1257 50
461 368 51
1104 651 52
997 570 53
786 450 54
1109 166 55
639 621 56
63 1231 57
795 995 58
250 273 59
190 660 60
269 785 61
132 553 62
367 975 63
787 1029 64
914 711 65
118 1387 66
343 1110 67
1316 490 68
660 1439 69
853 256 70
566 19 71
505 1045 72
1180 121 73
570 860 74
929 1301 75
701 1394 76
29 1278 77
897 281 78
90 58 79
1427 1383 80
760 356 81
1064 1296 82
1369 772 83
1064 1246 84
98 1412 85
1339 140 86
196 1090 87
146 619 88
492 261 89
258 1182 90
1205 130 91
926 1286 92
861 185 93
177 411 94
1270 511 95
731 1492 96
43 34 97
838 923 98
897 838 99
891 1172 100
1092 15 101
22 913 102
385 290 103
547 454 104
1414 897 105
204 418 106
1169 242 107
276 760 108
331 1079 109
1080 47 110
956 656 111
1388 1395 112
448 1138 113
180 1101 114
862 284 115
1001 204 116
1148 1112 117
1294 1446 118
464 1313 119
373 332 120
384 226 121
807 1194 122
47 426 123
99 820 124
1384 1285 125
817 1169 126
262 180 127
1224 1004 128
1075 1229 129
73 1148 130
491 638 131
532 151 132
929 1053 133
49 251 134
861 441 135
551 1188 136
751 1268 137
377 91 138
1478 870 139
816 1336 140
1344 1498 141
208 447 142
751 808 143
228 1176 144
244 562 145
167 38 146
29 1145 147
416 225 148
666 138 149
132 632 150
683 1365 151
969 747 152
1491 329 153
448 767 154
1441 1488 155
426 645 156
1274 196 157
1484 387 158
351 259 159
1414 549 160
326 1423 161
80 152 162
341 1222 163
201 1269 164
189 291 165
1080 299 166
1185 213 167
196 160 168
498 1358 169
731 44 170
1263 1392 171
484 233 172
1230 1242 173
782 846 174
283 1168 175
764 1491 176
1241 1151 177
503 439 178
472 512 179
1134 217 180
835 344 181
31 681 182
927 799 183
540 369 184
442 307 185
628 1062 186
543 195 187
833 22 188
1210 676 189
287 14 190
328 31 191
58 705 192
1413 1432 193
800 1445 194
204 1417 195
522 802 196
225 641 197
184 1109 198
470 1272 199
123 884 200
1375 1429 1
54 1235 2
236 144 3
1255 672 4
518 325 5
628 922 6
434 1078 7
319 310 8
218 60 9
1254 778 10
1248 1080 11
178 181 12
1194 1 13
1041 679 14
573 978 15
773 1106 16
1359 1136 17
1394 208 18
1270 542 19
1184 1066 20
190 507 21
547 1448 22
971 155 23
270 644 24
1241 602 25
737 1221 26
956 766 27
416 146 28
1247 392 29
90 653 30
1477 1033 31
619 1378 32
770 708 33
123 1415 34
1306 1147 35
984 1430 36
683 961 37
754 282 38
111 1171 39
906 1370 40
358 438 41
445 797 42
712 1108 43
344 1398 44
361 505 45
1344 156 46
294 1135 47
1214 715 48
820 764 49
1092 930 50
188 869 51
878 1343 52
281 736 53
926 596 54
797 1023 55
997 1355 56
1181 400 57
741 1043 58
92 1337 59
924 239 60
1031 488 61
154 412 62
1454 647 63
777 94 64
1068 1381 65
597 946 66
1394 962 67
477 598 68
853 42 69
1405 118 70
339 4 71
872 13 72
496 1416 73
430 939 74
555 916 75
196 220 76
105 1356 77
610 1230 78
220 1174 79
127 209 80
1243 186 81
263 262 82
504 1070 83
382 973 84
680 1044 85
234 111 86
489 119 87
881 131 88
374 729 89
1329 600 90
1340 460 91
196 403 92
70 265 93
173 518 94
833 40 95
61 1420 96
374 171 97
294 1198 98
312 953 99
618 1236 100
524 1152 101
92 7 102
618 1014 103
1243 1059 104
550 1454 105
1139 912 106
501 809 107
759 818 108
674 1482 109
1398 457 110
1128 541 111
437 422 112
427 1328 113
175 1185 114
676 84 115
990 333 116
539 1217 117
355 67 118
6 932 119
489 1339 120
497 1427 121
858 1371 122
1273 1464 123
351 522 124
457 969 125
784 1367 126
1087 1266 127
81 873 128
1224 1028 129
66 203 130
835 1203 131
1068 510 132
630 548 133
204 222 134
1063 463 135
204 267 136
757 1359 137
244 434 138
654 182 139
819 240 140
293 48 141
645 538 142
969 51 143
1457 277 144
491 21 145
808 393 146
430 792 147
986 194 148
56 544 149
256 489 150
332 1426 151
666 367 152
607 1054 153
1080 921 154
979 1073 155
531 1434 156
273 423 157
389 1107 158
90 1241 159
890 1290 160
259 997 161
1326 45 162
98 105 163
1194 1396 164
1384 1005 165
1080 1327 166
44 931 167
527 889 168
1036 26 169
909 452 170
652 113 171
1210 757 172
1083 822 173
526 758 174
279 1380 175
538 749 176
631 207 177
1101 503 178
1395 250 179
285 1480 180
1036 673 181
47 1131 182
800 1027 183
1273 116 184
1087 1123 185
1225 476 186
610 70 187
1210 545 188
1483 101 189
527 1331 190
1361 348 191
226 1067 192
1329 770 193
571 1303 194
191 899 195
1034 274 196
274 78 197
180 1311 198
742 502 199
1226 1006 200
1210 445 1
333 218 2
1454 314 3
307 1351 4
244 566 5
895 751 6
801 1496 7
1152 1214 8
573 877 9
1283 834 10
1257 114 11
257 97 12
74 664 13
25 1115 14
43 383 15
618 1120 16
849 1304 17
784 456 18
1248 135 19
342 137 20
489 214 21
373 821 22
1001 470 23
262 554 24
80 738 25
262 109 26
92 1002 27
347 730 28
656 1046 29
1119 1297 30
1452 867 31
75 1094 32
105 1003 33
634 805 34
1271 1025 35
351 1064 36
74 646 37
92 211 38
478 88 39
797 11 40
1429 737 41
82 1264 42
567 854 43
1452 551 44
180 786 45
1322 117 46
1160 1455 47
426 963 48
888 1407 49
263 173 50
1416 1428 51
733 908 52
42 595 53
47 565 54
197 1154 55
786 177 56
1064 386 57
197 1352 58
110 1484 59
106 991 60
1052 184 61
526 547 62
183 1293 63
263 924 64
1100 286 65
362 727 66
370 929 67
318 543 68
1291 495 69
1412 52 70
420 1084 71
421 815 72
65 535 73
1301 691 74
254 46 75
606 811 76
584 1440 77
1456 483 78
785 901 79
135 283 80
520 1479 81
442 609 82
11 1485 83
1121 1024 84
890 192 85
249 814 86
393 1401 87
1398 148 88
731 1013 89
163 612 90
470 1325 91
167 397 92
410 1388 93
1124 603 94
1101 190 95
658 1393 96
259 65 97
517 546 98
183 1486 99
890 77 100
213 1125 101
299 1493 102
773 1302 103
608 102 104
1 974 105
1381 365 106
1204 56 107
949 1463 108
189 590 109
1328 272 110
956 881 111
1009 241 112
593 627 113
759 210 114
105 876 115
694 852 116
546 883 117
212 2 118
103 1093 119
197 128 120
641 516 121
546 25 122
1105 558 123
1280 625 124
244 82 125
478 1001 126
262 1452 127
80 264 128
1068 701 129
835 964 130
263 268 131
1306 202 132
285 493 133
318 692 134
1455 508 135
444 1056 136
65 319 137
895 633 138
1461 323 139
204 552 140
838 1406 141
1318 317 142
566 370 143
742 477 144
1381 1468 145
1346 133 146
1283 983 147
1421 611 148
239 1442 149
1052 688 150
999 904 151
63 1379 152
648 1015 153
641 485 154
1007 420 155
579 568 156
343 486 157
1356 575 158
375 126 159
1085 1262 160
211 487 161
890 125 162
1145 671 163
722 576 164
73 666 165
280 1048 166
1274 1051 167
446 236 168
517 791 169
811 35 170
1254 1451 171
1208 300 172
1457 848 173
1234 390 174
457 719 175
518 449 176
1235 911 177
1264 1323 178
139 252 179
1362 887 180
535 379 181
302 697 182
1273 1307 183
17 713 184
82 1225 185
573 1462 186
520 667 187
1235 659 188
1271 39 189
480 585 190
1326 684 191
905 1363 192
557 41 193
1083 807 194
666 1422 195
1212 415 196
170 425 197
1397 1201 198
493 1081 199
80 143 200
231 311 1
146 856 2
601 698 3
175 258 4
142 285 5
1262 668 6
1017 1184 7
175 1320 8
986 1256 9
221 322 10
584 1187 11
259 73 12
203 1016 13
98 263 14
1174 533 15
358 1350 16
631 996 17
860 127 18
277 1208 19
1294 501 20
437 3 21
108 817 22
1193 280 23
1159 689 24
262 610 25
290 1153 26
108 1141 27
1068 741 28
117 944 29
853 343 30
123 191 31
887 529 32
265 790 33
613 308 34
694 1489 35
48 987 36
36 9 37
86 1267 38
1125 992 39
1312 295 40
627 1009 41
196 1052 42
1197 1497 43
185 478 44
1074 1282 45
180 36 46
370 1405 47
121 201 48
88 330 49
801 555 50
1437 891 51
613 520 52
318 462 53
468 1403 54
876 878 55
1108 451 56
759 169 57
1270 436 58
1414 850 59
1104 1161 60
316 163 61
43 915 62
1190 363 63
1381 29 64
1068 875 65
1224 863 66
1139 1308 67
1207 1372 68
818 661 69
1203 1049 70
445 431 71
590 407 72
979 1088 73
874 1368 74
646 237 75
90 1273 76
1008 682 77
1456 1436 78
1022 1077 79
351 183 80
476 1441 81
1409 381 82
1486 773 83
98 1283 84
1189 108 85
1256 1421 86
1220 605 87
520 762 88
1128 1330 89
741 1253 90
610 362 91
1473 278 92
733 87 93
990 725 94
173 484 95
499 1104 96
1323 1200 97
419 1473 98
683 254 99
135 437 100
183 231 101
1433 985 102
263 990 103
1062 1105 104
674 890 105
257 324 106
884 887 107
211 243 108
196 8 109
1328 1321 110
23 945 111
1225 93 112
253 165 113
920 936 114
710 473 115
361 1008 116
983 1143 117
1092 1252 118
362 998 119
1305 481 120
103 1457 121
517 894 122
91 1289 123
98 895 124
963 1063 125
982 695 126
1433 1474 127
223 1030 128
256 1341 129
763 1353 130
109 824 131
849 153 132
1346 1220 133
111 187 134
552 480 135
702 958 136
427 654 137
736 100 138
1100 1443 139
362 1012 140
986 835 141
570 158 142
1014 649 143
876 628 144
1341 57 145
211 1472 146
663 1466 147
849 174 148
254 580 149
228 1050 150
965 1142 151
853 1205 152
142 1146 153
979 761 154
1224 389 155
1109 882 156
82 335 157
1084 1499 158
1068 59 159
360 1346 160
1230 578 161
1482 843 162
1085 359 163
1138 752 164
1159 618 165
302 164 166
853 1021 167
202 925 168
1104 1085 169
1129 320 170
1389 504 171
1091 1298 172
258 920 173
35 469 174
98 784 175
1268 63 176
88 872 177
829 1469 178
1027 1149 179
1185 234 180
786 18 181
882 880 182
646 942 183
484 1344 184
728 150 185
305 935 186
496 271 187
832 1277 188
1264 1119 189
1004 361 190
487 648 191
1305 305 192
1011 704 193
1101 527 194
56 391 195
142 663 196
1443 1419 197
1345 260 198
72 934 199
863 1219 200
1138 83 1
374 803 2
1138 66 3
499 346 4
1117 938 5
1261 780 6
188 54 7
434 358 8
367 1408 9
689 147 10
448 1134 11
549 372 12
921 374 13
1014 630 14
89 898 15
1307 1251 16
1329 613 17
1244 1410 18
438 650 19
375 787 20
738 956 21
1394 844 22
1214 1366 23
71 567 24
191 1259 25
1194 560 26
849 64 27
711 79 28
574 1060 29
302 986 30
1390 984 31
256 634 32
1181 50 33
527 837 34
399 409 35
1197 232 36
1332 1292 37
783 960 38
924 685 39
442 1390 40
528 302 41
751 1065 42
1414 1031 43
180 86 44
1457 497 45
786 1189 46
459 1237 47
105 351 48
581 1195 49
1230 421 50
902 159 51
58 928 52
748 940 53
865 1218 54
1213 1178 55
1415 539 56
967 1349 57
98 1456 58
240 275 59
337 615 60
1315 530 61
373 1206 62
29 742 63
505 1348 64
1330 315 65
167 851 66
702 1124 67
480 642 68
1244 994 69
863 1096 70
337 245 71
268 1433 72
98 103 73
116 1317 74
44 193 75
92 905 76
1304 857 77
196 556 78
132 1465 79
698 1431 80
372 1129 81
263 1116 82
416 99 83
253 1162 84
1271 89 85
1459 85 86
1198 783 87
1475 1310 88
416 1413 89
1345 112 90
1132 1295 91
1181 1490 92
1384 569 93
65 71 94
786 865 95
189 414 96
947 1150 97
1173 972 98
270 592 99
1379 1476 100
1413 424 101
990 1224 102
172 212 103
351 712 104
1044 500 105
1411 1121 106
1301 1399 107
1031 1228 108
1247 37 109
1265 657 110
679 670 111
957 665 112
21 827 113
416 1397 114
42 1040 115
867 1275 116
98 1247 117
927 178 118
1076 561 119
299 1122 120
894 798 121
195 104 122
1224 866 123
647 341 124
623 189 125
236 917 126
321 550 127
276 492 128
73 115 129
486 1316 130
40 1199 131
487 993 132
1264 1183 133
802 1207 134
676 1196 135
610 1007 136
1017 475 137
684 755 138
484 813 139
414 771 140
708 1179 141
420 655 142
363 1069 143
1483 459 144
855 604 145
666 979 146
1391 205 147
498 1018 148
850 1159 149
457 631 150
536 16 151
417 375 152
105 401 153
1165 1000 154
143 175 155
1295 959 156
351 584 157
529 871 158
1388 24 159
959 1164 160
6 1039 161
374 1010 162
98 1414 163
291 334 164
318 831 165
191 683 166
1204 1160 167
1131 1126 168
311 577 169
1248 124 170
1034 509 171
924 801 172
1117 1102 173
1148 276 174
895 1329 175
185 1271 176
647 903 177
1205 69 178
1480 629 179
249 253 180
1278 833 181
604 572 182
376 1035 183
1031 1362 184
763 735 185
531 775 186
194 427 187
717 781 188
1067 306 189
1311 1333 190
164 774 191
1207 804 192
270 606 193
164 1458 194
571 582 195
446 1280 196
112 622 197
261 640 198
1052 1260 199
544 540 200
141 847 1
722 1481 2
132 1076 3
413 167 4
50 266 5
1371 1061 6
491 1215 7
1306 677 8
173 68 9
1328 1167 10
415 718 11
1084 74 12
1069 200 13
1235 1402 14
1390 686 15
403 1334 16
130 1314 17
845 120 18
1170 405 19
1260 20 20
1251 1312 21
1490 216 22
1394 406 23
929 706 24
802 1212 25
979 954 26
416 1083 27
779 1389 28
362 906 29
989 513 30
220 564 31
360 1177 32
1224 453 33
741 294 34
1261 145 35
529 941 36
997 1132 37
790 918 38
423 1263 39
420 759 40
389 413 41
277 1375 42
220 1058 43
583 331 44
483 1319 45
25 224 46
1028 926 47
836 95 48
564 981 49
1075 408 50
543 364 51
491 30 52
734 980 53
1331 154 54
1124 800 55
224 950 56
93 1111 57
1088 432 58
362 326 59
263 526 60
59 643 61
1345 123 62
176 162 63
285 723 64
403 1449 65
1485 376 66
899 635 67
259 188 68
569 1326 69
726 536 70
343 345 71
1131 1011 72
965 966 73
31 371 74
660 1453 75
1161 1404 76
262 342 77
508 703 78
1256 1276 79
613 90 80
1216 769 81
576 694 82
135 382 83
48 1478 84
1116 1213 85
31 1190 86
854 1071 87
1409 1157 88
668 534 89
54 829 90
511 885 91
263 1068 92
389 1165 93
627 810 94
652 1438 95
435 1281 96
797 468 97
1458 839 98
420 1210 99
151 1103 100
337 55 101
308 1309 102
1326 472 103
787 750 104
1446 1019 105
569 336 106
1028 841 107
1038 731 108
1017 92 109
1384 1086 110
606 491 111
1414 1117 112
610 947 113
10 1127 114
362 448 115
1361 896 116
1332 313 117
528 1306 118
146 347 119
1165 842 120
804 1361 121
82 765 122
263 836 123
877 75 124
929 910 125
1080 849 126
351 442 127
726 96 128
573 199 129
506 1447 130
151 1089 131
1033 678 132
98 1082 133
434 1411 134
1363 680 135
1360 157 136
375 531 137
990 623 138
613 588 139
340 593 140
1248 517 141
823 977 142
968 1186 143
318 1193 144
583 1376 145
1309 855 146
389 1240 147
520 1400 148
1452 862 149
227 726 150
159 1258 151
54 1494 152
244 435 153
571 1284 154
555 106 155
553 1384 156
1408 732 157
734 223 158
1490 215 159
487 967 160
872 1385 161
551 601 162
635 662 163
505 1299 164
1418 587 165
1478 1204 166
1487 779 167
1411 1315 168
1148 428 169
1276 53 170
1452 297 171
198 248 172
1464 81 173
779 594 174
531 1291 175
1198 1287 176
29 626 177
726 690 178
420 1477 179
927 825 180
546 927 181
43 506 182
206 353 183
550 1305 184
185 32 185
1426 1377 186
1428 1382 187
344 141 188
1068 132 189
731 1100 190
448 221 191
1168 172 192
419 312 193
1293 458 194
88 537 195
1384 360 196
1363 350 197
1027 519 198
1249 1335 199
1077 1461 200
1181 639 1
42 464 2
1315 952 3
1049 597 4
1253 1234 5
362 352 6
557 429 7
1248 328 8
441 398 9
1454 1216 10
798 179 11
895 496 12
811 12 13
328 444 14
696 557 15
1459 559 16
302 80 17
741 337 18
1093 806 19
777 1324 20
192 136 21
270 410 22
480 461 23
432 1265 24
341 1347 25
814 951 26
1461 746 27
70 1243 28
517 669 29
803 377 30
871 1374 31
1108 76 32
12 745 33
214 255 34
894 1357 35
1160 858 36
1001 949 37
1034 1338 38
1124 874 39
459 1057 40
1241 957 41
610 1435 42
1028 206 43
450 756 44
714 968 45
496 1180 46
1397 246 47
1480 902 48
675 724 49
290 1020 50
751 573 51
223 591 52
416 748 53
953 965 54
68 1037 55
658 563 56
270 989 57
1331 1495 58
194 446 59
589 1470 60
1091 1360 61
1413 658 62
1233 581 63
392 479 64
841 395 65
528 170 66
528 244 67
471 937 68
1101 338 69
1482 933 70
190 1130 71
1207 1036 72
64 1042 73
214 1459 74
1170 943 75
863 235 76
249 1340 77
596 366 78
427 229 79
1494 616 80
921 122 81
82 5 82
135 373 83
1329 1345 84
523 287 85
99 304 86
29 301 87
1243 776 88
1207 1425 89
268 23 90
1053 355 91
1230 970 92
702 416 93
342 1170 94
1161 399 95
444 1099 96
259 1255 97
909 1373 98
593 1144 99
1068 72 100
780 1437 101
1457 1261 102
1394 349 103
1109 1418 104
1499 999 105
115 1047 106
1304 608 107
109 1391 108
487 316 109
1034 879 110
1137 1249 111
1101 198 112
954 988 113
1107 1097 114
322 888 115
58 620 116
132 734 117
976 796 118
37 1233 119
929 1034 120
659 1191 121
221 763 122
894 134 123
92 340 124
990 782 125
697 853 126
170 1223 127
997 1211 128
894 384 129
496 402 130
1107 909 131
804 433 132
460 700 133
759 1022 134
1064 1181 135
1398 1163 136
585 1369 137
1278 1460 138
341 1424 139
1203 440 140
912 1095 141
1166 1075 142
173 840 143
107 378 144
256 288 145
1448 696 146
259 893 147
1384 521 148
1312 794 149
490 907 150
1130 1450 151
141 110 152
539 637 153
1471 1074 154
18 1113 155
1243 1318 156
835 1041 157
609 971 158
928 465 159
618 1270 160
783 744 161
333 289 162
1456 976 163
774 247 164
681 1483 165
1197 1475 166
146 823 167
513 298 168
1150 1032 169
169 1245 170
534 129 171
1244 830 172
990 702 173
451 1467 174
876 1288 175
687 292 176
803 693 177
717 62 178
798 1175 179
720 1409 180
981 1342 181
190 754 182
318 1155 183
302 816 184
734 1133 185
183 1274 186
829 482 187
1330 1098 188
1326 589 189
1414 430 190
524 238 191
1050 474 192
1033 1026 193
1241 10 194
220 795 195
741 279 196
1428 219 197
674 617 198
268 197 199
702 293 200
527 868 1
1345 861 2
867 579 3
1256 230 4
1237 914 5
1205 1209 6
1207 1238 7
375 1471 8
115 812 9
111 699 10
1301 1386 11
829 357 12
875 1322 13
1271 524 14
609 859 15
681 228 16
223 743 17
63 1254 18
70 1202 19
247 636 20
1478 1332 21
710 1500 22
916 17 23
370 270 24
690 523 25
173 1118 26
437 168 27
110 607 28
1242 61 29
958 583 30
835 1038 31
259 1197 32
1083 176 33
701 1487 34
1399 354 35
1457 296 36
263 1232 37
1076 318 38
361 33 39
708 777 40
499 793 41
78 515 42
849 499 43
1414 528 44
345 498 45
639 826 46
759 1166 47
228 948 48
1306 1139 49
1331 1173 50
798 1137 51
185 471 52
1168 1300 53
1004 674 54
1165 832 55
214 955 56
475 6 57
773 1250 58
1414 1248 59
1000 466 60
197 675 61
1471 1128 62
61 789 63
1230 652 64
225 721 65
1316 396 66
794 819 67
338 717 68
1099 249 69
610 614 70
738 1244 71
43 1239 72
1405 303 73
964 142 74
1396 380 75
1051 845 76
336 733 77
1159 710 78
121 27 79
667 1158 80
103 1017 81
48 1055 82
1261 1156 83
118 716 84
302 514 85
375 385 86
728 43 87
73 107 88
358 269 89
1209 599 90
1037 1279 91
189 28 92
1004 1114 93
430 321 94
850 1091 95
1278 886 96
971 257 97
1088 919 98
414 714 99
890 1444 100
