800 800 200
136 758 1
186 8 2
479 58 3
470 455 4
262 268 5
3 584 6
422 588 7
320 708 8
473 505 9
116 346 10
307 447 11
129 77 12
212 414 13
8 281 14
422 367 15
542 701 16
238 50 17
703 709 18
207 344 19
706 152 20
730 491 21
448 659 22
740 799 23
215 689 24
689 648 25
572 239 26
251 546 27
193 638 28
742 644 29
126 744 30
4 231 31
561 170 32
702 274 33
556 539 34
46 352 35
353 551 36
146 121 37
198 782 38
122 665 39
139 277 40
90 349 41
465 341 42
494 114 43
396 256 44
14 445 45
674 7 46
531 102 47
430 122 48
706 59 49
315 297 50
729 44 51
577 97 52
410 577 53
225 581 54
260 767 55
703 220 56
742 409 57
77 269 58
122 23 59
220 438 60
212 417 61
693 138 62
276 676 63
77 774 64
758 334 65
737 158 66
360 80 67
665 725 68
517 423 69
219 127 70
169 719 71
577 456 72
572 354 73
455 775 74
160 490 75
770 369 76
588 109 77
186 315 78
114 694 79
600 754 80
146 489 81
314 513 82
609 165 83
200 426 84
14 16 85
709 695 86
693 4 87
714 57 88
705 733 89
61 142 90
781 174 91
647 393 92
713 747 93
146 364 94
257 461 95
689 198 96
718 788 97
372 68 98
687 85 99
696 330 100
726 545 101
681 11 102
660 75 103
413 188 104
180 301 105
274 643 106
364 254 107
60 404 108
736 234 109
139 603 110
608 493 111
122 147 112
229 415 113
676 412 114
763 431 115
226 770 116
517 6 117
419 724 118
212 727 119
417 605 120
54 48 121
660 543 122
271 660 123
31 673 124
484 792 125
348 168 126
689 25 127
395 172 128
783 451 129
340 134 130
325 218 131
336 707 132
607 136 133
187 110 134
588 748 135
315 340 136
479 422 137
515 424 138
73 547 139
229 216 140
59 793 141
705 368 142
622 441 143
92 619 144
127 280 145
90 549 146
586 313 147
759 734 148
666 764 149
42 710 150
687 779 151
287 370 152
63 667 153
552 270 154
737 662 155
440 766 156
672 15 157
697 133 158
648 723 159
752 128 160
291 223 161
542 360 162
640 137 163
82 150 164
759 81 165
697 787 166
20 96 167
385 79 168
46 72 169
228 342 170
713 716 171
174 292 172
238 487 173
169 507 174
665 30 175
318 600 176
309 28 177
721 131 178
643 355 179
473 325 180
463 629 181
615 379 182
151 37 183
201 363 184
203 318 185
422 497 186
391 515 187
117 181 188
556 69 189
259 531 190
469 714 191
161 585 192
330 185 193
154 408 194
557 772 195
318 601 196
129 385 197
74 557 198
142 657 199
494 399 200
566 624 1
494 156 2
161 433 3
538 575 4
259 60 5
41 457 6
223 715 7
428 690 8
354 42 9
414 563 10
621 406 11
271 614 12
561 472 13
569 78 14
152 745 15
428 250 16
285 272 17
301 510 18
739 476 19
56 528 20
452 392 21
56 171 22
321 437 23
23 454 24
276 561 25
340 209 26
620 384 27
147 143 28
316 153 29
584 391 30
333 82 31
405 107 32
281 705 33
411 485 34
572 115 35
49 179 36
307 429 37
463 314 38
217 553 39
85 722 40
775 681 41
100 291 42
162 533 43
414 570 44
499 192 45
122 338 46
186 226 47
119 319 48
770 278 49
552 337 50
538 18 51
556 100 52
271 535 53
762 609 54
315 261 55
706 74 56
259 556 57
499 245 58
761 578 59
703 351 60
152 55 61
210 241 62
674 717 63
641 475 64
82 555 65
37 149 66
579 51 67
56 316 68
61 213 69
614 94 70
784 663 71
175 257 72
223 636 73
241 113 74
781 359 75
783 740 76
585 123 77
310 532 78
274 615 79
510 348 80
283 771 81
570 640 82
687 98 83
69 536 84
260 184 85
212 125 86
180 328 87
61 371 88
628 439 89
646 43 90
500 47 91
274 618 92
427 523 93
726 310 94
705 416 95
610 65 96
160 207 97
98 753 98
322 591 99
749 473 100
474 760 101
717 14 102
543 20 103
757 785 104
224 126 105
667 728 106
771 214 107
689 621 108
36 159 109
349 63 110
740 641 111
463 474 112
59 397 113
722 307 114
672 789 115
537 35 116
481 573 117
721 116 118
198 670 119
643 436 120
726 91 121
543 562 122
471 163 123
442 88 124
608 356 125
717 225 126
632 797 127
542 248 128
309 687 129
273 730 130
404 300 131
3 554 132
425 571 133
608 203 134
618 444 135
730 222 136
733 1 137
160 587 138
133 2 139
618 320 140
283 66 141
379 164 142
618 492 143
401 685 144
508 632 145
3 187 146
726 130 147
205 761 148
702 628 149
196 453 150
59 311 151
474 46 152
110 190 153
779 675 154
99 726 155
665 499 156
492 757 157
355 791 158
56 39 159
584 487 160
788 249 161
743 679 162
695 700 163
117 411 164
741 527 165
325 40 166
79 105 167
90 303 168
779 639 169
3 390 170
133 658 171
494 212 172
338 691 173
399 463 174
653 434 175
614 784 176
330 582 177
737 54 178
117 795 179
479 693 180
785 73 181
23 452 182
82 598 183
727 70 184
493 53 185
228 266 186
491 698 187
709 104 188
516 654 189
64 529 190
172 286 191
347 396 192
77 34 193
260 522 194
554 483 195
672 141 196
317 672 197
520 580 198
56 295 199
479 227 200
197 372 1
336 677 2
558 189 3
209 405 4
31 669 5
660 202 6
598 684 7
383 262 8
410 430 9
609 345 10
186 208 11
114 508 12
672 443 13
291 442 14
494 62 15
82 259 16
207 574 17
694 322 18
417 375 19
601 498 20
198 674 21
585 617 22
496 17 23
209 769 24
647 336 25
614 427 26
793 778 27
799 162 28
353 421 29
467 177 30
39 466 31
312 704 32
650 711 33
600 119 34
713 389 35
146 418 36
315 304 37
349 500 38
158 720 39
709 398 40
687 495 41
547 298 42
479 661 43
312 357 44
709 440 45
665 651 46
299 794 47
430 210 48
82 224 49
59 751 50
373 108 51
274 494 52
90 276 53
407 52 54
543 594 55
129 579 56
228 326 57
584 201 58
311 592 59
411 21 60
139 56 61
372 586 62
721 243 63
61 106 64
701 194 65
312 680 66
703 90 67
665 678 68
770 752 69
725 378 70
651 692 71
449 583 72
191 205 73
129 140 74
228 327 75
399 219 76
139 755 77
195 263 78
204 92 79
318 458 80
249 746 81
274 333 82
74 99 83
15 265 84
490 9 85
569 317 86
85 608 87
223 29 88
403 666 89
599 321 90
186 560 91
69 41 92
746 27 93
685 741 94
560 45 95
402 282 96
391 796 97
160 503 98
661 244 99
228 646 100
469 199 101
106 347 102
563 446 103
212 552 104
378 111 105
274 180 106
625 627 107
676 477 108
681 306 109
403 625 110
781 169 111
515 471 112
64 668 113
361 486 114
743 305 115
61 538 116
227 465 117
632 229 118
565 589 119
706 139 120
494 559 121
479 647 122
85 597 123
485 38 124
59 548 125
196 718 126
616 599 127
584 343 128
340 460 129
345 275 130
564 765 131
56 237 132
320 682 133
601 36 134
442 664 135
414 285 136
283 737 137
173 650 138
64 484 139
493 217 140
718 449 141
153 481 142
291 26 143
261 763 144
417 230 145
129 196 146
271 800 147
548 419 148
360 610 149
629 288 150
168 178 151
11 13 152
131 238 153
453 339 154
379 606 155
481 506 156
207 631 157
577 768 158
608 3 159
309 358 160
307 252 161
672 540 162
232 464 163
228 118 164
250 377 165
243 31 166
87 526 167
749 129 168
336 146 169
628 652 170
779 155 171
575 279 172
742 173 173
264 688 174
90 251 175
502 738 176
607 642 177
237 24 178
448 502 179
560 403 180
610 76 181
193 148 182
433 93 183
44 407 184
416 71 185
679 735 186
657 289 187
283 395 188
705 255 189
768 633 190
730 696 191
544 776 192
647 366 193
515 544 194
73 739 195
187 204 196
274 361 197
317 686 198
305 240 199
201 211 200
784 613 1
703 228 2
395 402 3
85 191 4
573 242 5
734 22 6
186 550 7
219 235 8
415 425 9
371 236 10
554 157 11
110 206 12
353 12 13
235 287 14
607 736 15
702 86 16
697 382 17
307 512 18
693 656 19
248 534 20
462 376 21
259 296 22
545 394 23
90 87 24
703 496 25
283 83 26
742 762 27
330 290 28
502 374 29
442 101 30
191 501 31
46 525 32
751 518 33
130 517 34
58 558 35
566 773 36
753 655 37
702 215 38
799 135 39
4 731 40
315 509 41
494 271 42
410 721 43
725 504 44
729 253 45
90 572 46
268 653 47
217 524 48
414 302 49
156 294 50
249 732 51
191 706 52
428 604 53
709 401 54
577 702 55
335 480 56
419 750 57
46 120 58
147 329 59
522 413 60
211 623 61
400 564 62
283 400 63
471 671 64
225 530 65
628 798 66
212 742 67
50 511 68
421 362 69
749 312 70
430 124 71
160 284 72
306 699 73
312 781 74
372 780 75
493 567 76
658 10 77
672 145 78
98 260 79
3 516 80
463 697 81
19 32 82
139 469 83
569 383 84
685 786 85
206 637 86
199 590 87
414 353 88
520 568 89
547 729 90
500 64 91
639 478 92
330 387 93
552 566 94
501 488 95
39 649 96
422 195 97
414 5 98
428 258 99
59 514 100
119 634 101
476 331 102
238 620 103
532 756 104
703 273 105
417 151 106
212 626 107
309 616 108
391 323 109
146 593 110
393 308 111
383 630 112
380 435 113
600 783 114
226 144 115
283 607 116
260 154 117
525 193 118
491 537 119
21 596 120
401 33 121
672 519 122
89 635 123
130 459 124
570 448 125
470 197 126
566 335 127
687 61 128
458 247 129
196 482 130
616 117 131
620 612 132
69 645 133
56 432 134
499 299 135
131 176 136
545 103 137
273 373 138
116 182 139
656 49 140
767 712 141
268 332 142
217 84 143
169 232 144
351 19 145
110 161 146
223 565 147
508 221 148
569 293 149
629 683 150
19 611 151
273 759 152
428 388 153
683 132 154
166 175 155
588 166 156
639 602 157
355 777 158
315 264 159
205 200 160
721 309 161
24 386 162
61 233 163
310 112 164
556 576 165
418 420 166
196 283 167
339 95 168
721 703 169
403 468 170
586 467 171
93 89 172
541 167 173
614 428 174
383 246 175
3 595 176
209 67 177
195 622 178
307 183 179
773 521 180
730 462 181
74 470 182
219 542 183
730 186 184
544 450 185
150 267 186
312 569 187
315 743 188
263 365 189
577 749 190
312 160 191
149 324 192
784 350 193
492 541 194
191 713 195
172 380 196
507 381 197
549 520 198
430 479 199
507 790 200
