1000 1000 200
458 406 1
173 729 2
898 37 3
329 687 4
86 517 5
183 592 6
972 255 7
618 89 8
132 820 9
362 979 10
883 18 11
297 144 12
590 886 13
178 47 14
313 552 15
782 557 16
468 604 17
995 947 18
782 59 19
648 672 20
222 498 21
742 524 22
735 400 23
699 65 24
428 699 25
615 929 26
254 795 27
629 837 28
86 232 29
86 516 30
715 49 31
782 422 32
424 434 33
76 831 34
153 350 35
642 284 36
207 758 37
204 538 38
192 990 39
278 491 40
351 560 41
582 212 42
943 488 43
551 159 44
401 176 45
172 741 46
198 921 47
91 682 48
63 832 49
707 427 50
431 474 51
639 331 52
351 570 53
75 9 54
77 1000 55
715 897 56
891 509 57
376 298 58
89 585 59
994 851 60
989 492 61
340 863 62
823 184 63
206 348 64
106 980 65
782 266 66
287 891 67
277 470 68
633 667 69
924 389 70
533 736 71
820 887 72
460 230 73
200 330 74
133 337 75
12 739 76
297 549 77
444 688 78
715 730 79
476 721 80
375 530 81
540 662 82
334 417 83
271 385 84
713 444 85
21 487 86
782 110 87
2 227 88
2 976 89
929 845 90
944 710 91
683 392 92
412 619 93
989 267 94
793 955 95
377 583 96
273 691 97
754 424 98
540 466 99
633 289 100
759 977 101
519 703 102
875 885 103
804 243 104
940 210 105
885 949 106
941 486 107
417 135 108
240 43 109
287 196 110
519 25 111
167 364 112
503 726 113
844 919 114
755 387 115
262 194 116
756 611 117
426 423 118
700 814 119
765 933 120
855 756 121
355 123 122
922 812 123
676 792 124
577 198 125
209 342 126
257 246 127
47 720 128
582 58 129
928 476 130
119 907 131
471 228 132
531 245 133
203 797 134
178 426 135
549 734 136
822 605 137
519 456 138
549 641 139
572 306 140
978 128 141
866 279 142
568 770 143
421 412 144
233 915 145
699 635 146
507 823 147
816 235 148
794 451 149
958 73 150
360 94 151
445 358 152
143 508 153
691 295 154
823 975 155
583 285 156
79 876 157
579 646 158
261 663 159
12 399 160
707 628 161
572 175 162
178 782 163
478 590 164
905 112 165
485 291 166
675 943 167
659 913 168
756 764 169
587 370 170
255 415 171
350 278 172
854 396 173
773 366 174
924 438 175
853 946 176
90 675 177
790 145 178
300 525 179
524 547 180
377 555 181
98 890 182
318 99 183
742 28 184
412 932 185
121 36 186
572 606 187
542 964 188
77 288 189
997 68 190
334 761 191
762 576 192
43 651 193
289 372 194
641 413 195
983 204 196
702 558 197
673 804 198
656 409 199
629 173 200
445 45 1
255 816 2
665 167 3
551 226 4
364 780 5
438 109 6
708 78 7
510 161 8
903 88 9
587 958 10
453 262 11
524 373 12
522 766 13
870 95 14
947 480 15
999 436 16
417 489 17
446 783 18
265 709 19
228 679 20
47 2 21
650 352 22
426 785 23
878 892 24
643 561 25
554 510 26
77 379 27
164 746 28
755 259 29
471 965 30
922 223 31
728 836 32
197 600 33
568 147 34
428 203 35
47 140 36
289 991 37
595 526 38
172 762 39
723 83 40
797 588 41
590 126 42
772 671 43
471 608 44
581 264 45
970 683 46
742 340 47
354 840 48
133 822 49
959 308 50
707 265 51
43 794 52
794 91 53
922 690 54
371 872 55
724 582 56
593 371 57
367 630 58
995 718 59
569 684 60
796 103 61
271 531 62
183 292 63
707 475 64
675 338 65
469 650 66
4 81 67
932 425 68
71 439 69
551 983 70
998 169 71
394 917 72
921 390 73
728 189 74
424 562 75
679 658 76
475 15 77
747 858 78
178 707 79
476 269 80
389 612 81
932 309 82
422 304 83
797 848 84
555 168 85
203 633 86
873 838 87
407 479 88
879 143 89
592 505 90
700 326 91
516 539 92
999 796 93
586 745 94
198 395 95
13 632 96
759 660 97
927 803 98
77 367 99
587 999 100
659 860 101
197 256 102
329 324 103
231 821 104
789 774 105
523 490 106
720 190 107
602 923 108
728 10 109
919 701 110
40 573 111
190 29 112
110 34 113
812 777 114
254 19 115
840 738 116
396 973 117
265 244 118
724 221 119
180 3 120
691 320 121
388 669 122
962 270 123
759 591 124
465 893 125
355 485 126
86 634 127
711 111 128
660 171 129
707 882 130
659 92 131
20 151 132
702 578 133
116 504 134
554 981 135
354 5 136
760 925 137
478 32 138
271 673 139
711 62 140
556 747 141
476 901 142
426 86 143
278 382 144
647 686 145
318 206 146
592 624 147
50 957 148
866 177 149
856 629 150
979 416 151
913 286 152
90 626 153
288 942 154
86 11 155
629 344 156
475 334 157
193 700 158
629 743 159
602 323 160
823 254 161
319 574 162
233 622 163
278 529 164
759 146 165
1 852 166
844 719 167
411 473 168
111 935 169
427 518 170
615 931 171
934 902 172
577 193 173
854 201 174
489 584 175
980 410 176
272 787 177
442 771 178
636 506 179
522 535 180
354 272 181
705 801 182
678 499 183
794 564 184
417 995 185
508 404 186
772 769 187
138 765 188
926 42 189
292 789 190
182 70 191
40 512 192
772 869 193
457 300 194
441 6 195
873 130 196
247 182 197
927 963 198
839 166 199
304 414 200
156 163 1
656 778 2
793 579 3
457 702 4
5 895 5
660 681 6
557 238 7
856 471 8
182 429 9
673 537 10
715 864 11
111 911 12
972 740 13
755 277 14
143 191 15
759 401 16
745 495 17
616 101 18
373 252 19
90 403 20
684 751 21
232 313 22
193 107 23
299 132 24
241 377 25
152 722 26
73 129 27
500 824 28
841 419 29
121 148 30
275 105 31
798 912 32
615 698 33
515 563 34
518 46 35
242 180 36
1 31 37
97 556 38
735 157 39
334 384 40
140 998 41
424 602 42
934 160 43
240 310 44
427 7 45
934 74 46
39 179 47
782 817 48
590 236 49
47 714 50
427 360 51
412 546 52
113 61 53
611 329 54
184 333 55
271 575 56
750 322 57
768 325 58
257 697 59
278 450 60
776 297 61
257 638 62
721 954 63
60 755 64
615 962 65
192 849 66
723 659 67
34 187 68
101 53 69
316 716 70
840 959 71
617 137 72
426 327 73
480 569 74
224 158 75
972 116 76
770 696 77
697 117 78
431 656 79
69 914 80
759 402 81
347 968 82
807 213 83
82 850 84
812 335 85
140 93 86
228 960 87
529 468 88
282 898 89
97 896 90
178 153 91
261 114 92
273 790 93
163 636 94
377 271 95
381 375 96
736 374 97
529 343 98
377 115 99
781 647 100
744 754 101
772 54 102
761 195 103
389 33 104
844 727 105
667 52 106
7 351 107
629 192 108
47 515 109
962 219 110
293 883 111
387 733 112
444 867 113
327 205 114
648 388 115
596 332 116
358 63 117
842 87 118
894 216 119
475 428 120
865 551 121
650 102 122
225 481 123
613 988 124
411 753 125
334 879 126
500 283 127
246 637 128
891 316 129
602 208 130
828 827 131
75 843 132
555 844 133
537 596 134
438 263 135
790 737 136
396 728 137
840 567 138
726 514 139
812 307 140
762 441 141
997 293 142
659 222 143
70 66 144
291 559 145
688 786 146
840 124 147
575 639 148
920 420 149
642 378 150
830 483 151
697 689 152
569 357 153
131 859 154
122 497 155
950 274 156
153 249 157
735 218 158
717 884 159
995 149 160
497 861 161
926 224 162
47 989 163
773 125 164
583 122 165
806 142 166
480 79 167
426 113 168
412 695 169
405 623 170
675 813 171
699 776 172
753 828 173
350 768 174
632 202 175
204 359 176
341 601 177
922 805 178
161 748 179
164 866 180
883 250 181
425 819 182
685 855 183
568 984 184
615 174 185
958 463 186
475 744 187
875 810 188
47 257 189
742 853 190
267 966 191
782 928 192
698 383 193
599 13 194
28 507 195
509 835 196
583 798 197
650 880 198
733 581 199
354 800 200
817 775 1
28 926 2
928 938 3
677 467 4
385 296 5
842 482 6
569 225 7
421 363 8
125 152 9
894 443 10
77 723 11
759 22 12
68 899 13
335 317 14
448 242 15
106 521 16
546 321 17
275 405 18
557 56 19
77 453 20
450 513 21
275 369 22
540 528 23
989 543 24
648 568 25
985 237 26
782 96 27
425 713 28
20 799 29
841 40 30
384 207 31
635 643 32
754 381 33
428 421 34
515 908 35
104 717 36
743 345 37
492 725 38
779 527 39
507 220 40
504 214 41
432 627 42
448 603 43
340 108 44
617 974 45
707 927 46
785 613 47
207 197 48
531 577 49
481 614 50
23 808 51
979 534 52
759 523 53
649 905 54
848 229 55
823 640 56
116 500 57
21 950 58
389 104 59
677 398 60
79 788 61
450 418 62
153 164 63
698 594 64
273 23 65
426 275 66
944 522 67
417 781 68
517 493 69
579 407 70
618 80 71
715 724 72
32 793 73
178 60 74
997 77 75
248 906 76
190 550 77
292 749 78
673 900 79
785 649 80
744 833 81
356 136 82
288 595 83
735 172 84
271 665 85
893 937 86
483 365 87
882 336 88
222 362 89
178 868 90
7 972 91
118 871 92
291 239 93
892 38 94
121 806 95
153 685 96
354 920 97
467 121 98
825 818 99
274 877 100
928 260 101
496 8 102
633 545 103
49 862 104
962 347 105
118 857 106
546 944 107
228 593 108
288 992 109
677 411 110
89 652 111
972 986 112
932 693 113
140 970 114
998 35 115
823 154 116
997 916 117
929 985 118
634 533 119
121 361 120
339 548 121
210 830 122
276 119 123
492 469 124
250 100 125
377 791 126
642 841 127
540 131 128
68 706 129
524 408 130
730 349 131
75 21 132
193 711 133
596 674 134
113 542 135
572 773 136
616 209 137
193 353 138
382 30 139
362 680 140
334 282 141
282 948 142
257 303 143
438 586 144
804 462 145
669 199 146
683 449 147
922 809 148
337 394 149
573 502 150
367 846 151
893 24 152
72 454 153
755 268 154
238 708 155
925 39 156
512 1 157
627 494 158
735 448 159
600 437 160
54 847 161
988 305 162
931 587 163
480 380 164
642 807 165
101 644 166
332 752 167
43 904 168
421 620 169
475 85 170
948 599 171
707 233 172
723 75 173
192 162 174
926 565 175
791 784 176
589 645 177
373 120 178
47 215 179
997 356 180
299 185 181
504 4 182
193 20 183
903 261 184
984 519 185
357 464 186
401 127 187
90 607 188
153 188 189
812 457 190
478 571 191
133 458 192
894 553 193
300 826 194
43 460 195
332 767 196
938 712 197
571 742 198
841 839 199
297 430 200
546 319 1
572 993 2
633 354 3
13 55 4
616 874 5
197 477 6
935 967 7
227 934 8
223 186 9
924 287 10
201 290 11
373 433 12
735 881 13
958 217 14
501 165 15
746 155 16
754 540 17
543 978 18
853 41 19
133 655 20
165 455 21
40 341 22
201 661 23
114 393 24
106 211 25
288 618 26
632 945 27
183 328 28
546 72 29
104 57 30
462 84 31
90 580 32
674 888 33
200 90 34
300 878 35
914 312 36
210 258 37
819 987 38
354 532 39
111 657 40
262 670 41
223 234 42
32 133 43
572 642 44
989 446 45
755 994 46
471 903 47
255 276 48
140 200 49
765 956 50
243 617 51
90 520 52
56 17 53
187 668 54
405 465 55
720 447 56
696 996 57
693 834 58
259 909 59
989 648 60
21 666 61
708 16 62
742 183 63
594 597 64
819 67 65
234 779 66
969 368 67
106 280 68
919 544 69
449 281 70
761 445 71
742 918 72
492 939 73
384 241 74
691 431 75
79 51 76
390 732 77
67 27 78
428 759 79
656 598 80
561 315 81
830 842 82
215 311 83
50 98 84
317 150 85
178 997 86
334 854 87
891 301 88
384 887 89
812 339 90
818 181 91
507 865 92
976 654 93
776 610 94
927 442 95
839 936 96
122 50 97
227 889 98
282 731 99
805 14 100
517 432 101
548 435 102
428 952 103
266 856 104
907 692 105
153 478 106
305 139 107
492 170 108
428 760 109
475 615 110
341 501 111
383 64 112
301 355 113
287 757 114
781 772 115
581 536 116
577 12 117
567 589 118
304 69 119
875 653 120
370 941 121
271 922 122
882 240 123
220 971 124
52 811 125
831 750 126
144 566 127
428 572 128
473 609 129
421 554 130
556 452 131
135 924 132
759 156 133
804 251 134
596 961 135
603 694 136
852 969 137
634 930 138
417 440 139
975 704 140
232 894 141
891 829 142
753 346 143
149 870 144
665 106 145
556 118 146
587 940 147
276 621 148
699 318 149
924 273 150
227 982 151
810 299 152
755 631 153
844 82 154
610 248 155
708 253 156
271 97 157
428 735 158
779 302 159
214 664 160
997 616 161
943 461 162
224 511 163
448 802 164
723 391 165
619 503 166
442 376 167
241 825 168
271 951 169
811 625 170
713 678 171
200 677 172
182 484 173
713 76 174
537 715 175
330 314 176
808 71 177
293 763 178
292 541 179
873 44 180
825 397 181
161 875 182
719 676 183
664 910 184
483 815 185
554 496 186
279 134 187
569 953 188
631 141 189
282 231 190
675 26 191
720 705 192
633 247 193
931 48 194
445 459 195
47 386 196
240 472 197
119 294 198
914 138 199
528 873 200
