2600 2600 200
315 790 1
1913 318 2
1114 2371 3
2204 396 4
925 1429 5
1033 1563 6
2023 1054 7
1668 788 8
7 227 9
1917 163 10
446 1718 11
2133 1609 12
1482 1286 13
110 2204 14
2477 905 15
1930 1587 16
2335 2187 17
1 1497 18
172 1469 19
1758 1603 20
169 803 21
2090 516 22
2450 926 23
10 1070 24
180 1628 25
946 1566 26
1762 1875 27
1877 1258 28
1203 2088 29
2004 2281 30
172 1617 31
222 764 32
1591 2524 33
302 89 34
925 2431 35
248 1172 36
335 1445 37
503 611 38
2376 835 39
1112 1926 40
1149 205 41
1195 1770 42
2560 73 43
365 1857 44
202 1870 45
1901 1853 46
2180 224 47
2572 31 48
842 1821 49
607 1740 50
131 2311 51
1434 303 52
1419 2108 53
507 1841 54
1587 2426 55
1356 766 56
2598 365 57
1044 687 58
409 881 59
2444 1865 60
1523 2135 61
1114 1154 62
1024 2379 63
1281 1940 64
149 1887 65
105 43 66
182 98 67
1180 1829 68
2498 1021 69
1044 76 70
1842 2114 71
12 2498 72
1276 885 73
1080 2169 74
1482 1201 75
837 1095 76
2255 1582 77
1676 2223 78
1575 1197 79
1312 1540 80
1590 2249 81
1835 665 82
352 587 83
2281 2555 84
1575 2080 85
758 2037 86
1265 1823 87
1230 335 88
229 1347 89
1761 2103 90
1351 1719 91
1060 2000 92
854 2061 93
729 1579 94
699 441 95
1979 261 96
1523 2411 97
1428 210 98
2165 168 99
195 691 100
1429 69 101
1122 1736 102
2052 1124 103
2556 507 104
216 403 105
312 724 106
2525 206 107
1023 819 108
2265 2543 109
868 879 110
1096 178 111
1342 1818 112
570 132 113
1001 2480 114
1540 2049 115
1127 1950 116
187 993 117
221 282 118
335 634 119
583 1707 120
325 386 121
293 453 122
767 2496 123
667 2216 124
1929 1862 125
290 1185 126
2281 1312 127
1970 1331 128
1586 381 129
585 2584 130
1409 1891 131
1127 413 132
87 779 133
1617 2567 134
1930 701 135
1737 986 136
1322 1779 137
1597 90 138
1936 955 139
1265 1477 140
558 1550 141
626 120 142
539 376 143
352 1060 144
490 479 145
2501 658 146
944 1876 147
642 2166 148
65 2469 149
1701 1050 150
1495 2454 151
994 237 152
1251 523 153
1755 2544 154
2590 2344 155
1937 1233 156
475 16 157
2112 891 158
1162 1269 159
1138 669 160
1166 2160 161
1404 1392 162
2133 760 163
2549 1085 164
1184 506 165
369 2429 166
1874 87 167
1195 2595 168
492 1745 169
2411 1308 170
2027 927 171
2425 1454 172
111 1059 173
887 638 174
1796 1148 175
2166 1261 176
2306 1532 177
14 1025 178
953 1932 179
2100 633 180
2140 1517 181
2318 1656 182
1880 1683 183
639 1961 184
2021 1528 185
2427 2542 186
1894 573 187
1355 324 188
589 2126 189
1748 1132 190
580 368 191
583 1256 192
821 663 193
501 2585 194
238 421 195
875 1723 196
2073 2111 197
2465 545 198
1668 1227 199
2162 2455 200
688 1913 1
1251 2104 2
1662 1061 3
2411 472 4
1232 1651 5
1651 72 6
309 2551 7
14 129 8
626 952 9
282 1282 10
2097 1494 11
61 2448 12
993 2199 13
2553 1535 14
2064 2261 15
277 116 16
1132 1077 17
2318 548 18
28 1441 19
1096 1652 20
971 2481 21
1385 1592 22
1889 550 23
621 1948 24
178 1610 25
1696 75 26
1678 1507 27
2140 1398 28
720 1512 29
1936 2237 30
550 615 31
865 1732 32
1782 269 33
947 164 34
2074 70 35
2451 886 36
2287 639 37
1586 2151 38
1151 397 39
705 564 40
1549 1472 41
1975 1097 42
2336 572 43
2205 412 44
13 1468 45
994 2120 46
133 114 47
2169 694 48
1206 160 49
1544 1692 50
832 340 51
1210 2541 52
1300 471 53
2566 698 54
1 1204 55
1511 1337 56
1291 52 57
1232 842 58
1164 330 59
2562 2029 60
1494 367 61
422 1819 62
729 1476 63
1885 534 64
1384 1080 65
2004 2124 66
252 1277 67
269 1536 68
1932 1856 69
2264 159 70
17 1623 71
1411 1985 72
1930 1324 73
1045 1219 74
1281 2337 75
2285 1761 76
1281 823 77
259 1564 78
2291 1958 79
2273 880 80
2158 477 81
474 1381 82
820 1073 83
897 292 84
195 1806 85
1420 153 86
2239 23 87
1891 1957 88
580 1935 89
1954 1118 90
1795 2383 91
2005 1330 92
1258 1810 93
1795 2471 94
1236 2289 95
252 933 96
2205 981 97
1575 2172 98
1823 787 99
142 1345 100
610 2405 101
415 664 102
1102 329 103
2193 1675 104
1618 1548 105
1227 1597 106
2549 883 107
1265 1409 108
1876 1901 109
2590 726 110
1844 1963 111
1845 6 112
734 937 113
1019 1710 114
1160 407 115
934 258 116
1381 372 117
1854 134 118
2351 671 119
2154 1987 120
528 300 121
2424 2330 122
2463 350 123
579 2270 124
2455 2452 125
1665 3 126
2213 627 127
1989 1640 128
1669 996 129
583 1634 130
229 974 131
775 165 132
1748 488 133
572 1816 134
1176 185 135
1419 1368 136
668 2210 137
895 2118 138
2387 328 139
269 95 140
1454 2486 141
42 939 142
1613 1131 143
2371 1379 144
1055 2235 145
1773 447 146
2019 2394 147
1935 1299 148
2193 2055 149
1444 945 150
989 1247 151
1437 867 152
2046 2392 153
1542 1382 154
610 1420 155
1527 149 156
898 1035 157
934 2478 158
1989 1664 159
2381 1499 160
893 355 161
2584 525 162
821 223 163
10 250 164
1298 1783 165
2544 1238 166
604 1087 167
1530 418 168
193 508 169
1298 740 170
572 2254 171
1974 2315 172
662 104 173
2200 2458 174
193 301 175
42 1487 176
839 321 177
1409 2427 178
1170 1317 179
1212 1873 180
260 361 181
1236 2579 182
1044 1063 183
88 272 184
2598 519 185
270 281 186
1409 1066 187
1482 1214 188
1637 1281 189
1702 1016 190
1889 897 191
911 2327 192
515 1109 193
288 660 194
624 521 195
568 257 196
336 1491 197
1371 759 198
1138 1542 199
831 217 200
1309 555 1
1119 249 2
1974 1078 3
2271 704 4
1454 1541 5
2166 825 6
611 1465 7
1504 27 8
1061 85 9
1853 692 10
1929 1525 11
1429 877 12
2059 2267 13
167 1577 14
2494 1352 15
935 644 16
2019 686 17
1498 1785 18
133 311 19
486 1588 20
2005 2241 21
1970 180 22
1026 1729 23
457 771 24
365 1762 25
16 1896 26
1877 697 27
1592 2094 28
1119 67 29
2307 1105 30
2130 1811 31
1690 326 32
133 836 33
33 2043 34
966 347 35
651 1743 36
59 331 37
1593 2475 38
1795 2442 39
638 2352 40
872 1925 41
2119 343 42
230 13 43
2390 2571 44
492 1800 45
1082 1717 46
2431 271 47
2192 94 48
1138 34 49
2112 741 50
995 155 51
1118 563 52
1172 1899 53
492 467 54
1233 1869 55
2434 239 56
1839 36 57
270 1203 58
1059 1848 59
302 1456 60
2047 1711 61
929 1726 62
599 1139 63
281 1461 64
2463 908 65
747 832 66
2591 2305 67
848 613 68
1300 162 69
2539 2362 70
2187 915 71
10 635 72
879 349 73
676 1775 74
1508 1864 75
1304 973 76
575 1209 77
1350 1531 78
2577 900 79
1172 2022 80
45 2206 81
1440 48 82
1628 2465 83
28 316 84
1757 1444 85
1674 921 86
1044 610 87
832 2573 88
125 398 89
2150 125 90
1727 145 91
2039 2086 92
419 1737 93
1529 219 94
2424 643 95
1639 339 96
2578 1142 97
1702 830 98
973 359 99
1527 1394 100
388 1608 101
2427 459 102
2041 1310 103
202 1116 104
894 2201 105
613 1840 106
1040 1520 107
1458 1909 108
516 850 109
2266 1679 110
1937 529 111
814 1275 112
1320 990 113
76 1879 114
1096 2425 115
1839 304 116
2371 437 117
2074 1880 118
776 1776 119
116 2081 120
1550 895 121
2144 484 122
1970 2484 123
1788 253 124
1133 2403 125
1301 2539 126
2140 2336 127
948 2020 128
2276 429 129
1459 1953 130
12 2545 131
1678 1259 132
2468 853 133
679 432 134
785 526 135
821 770 136
1459 2514 137
2298 705 138
2025 2345 139
2240 2341 140
1296 1443 141
1246 874 142
2586 1334 143
1285 1524 144
352 2030 145
1855 2320 146
2316 2428 147
2039 2557 148
2037 383 149
887 1589 150
716 1514 151
354 181 152
2041 42 153
74 1046 154
2322 2554 155
2477 781 156
390 1483 157
449 2347 158
455 11 159
2272 703 160
2513 2592 161
2589 2200 162
123 2101 163
1430 2580 164
624 2013 165
906 317 166
622 1276 167
2445 922 168
486 298 169
946 235 170
2019 1852 171
86 1089 172
2524 30 173
2573 2232 174
2485 2313 175
2506 444 176
2351 274 177
2281 2145 178
1753 1666 179
1058 2233 180
654 357 181
2578 2141 182
2058 2521 183
218 2360 184
1177 92 185
1898 2530 186
2425 290 187
80 1436 188
704 636 189
575 1160 190
854 172 191
1448 1187 192
836 496 193
1040 2269 194
1507 446 195
1428 1947 196
665 2072 197
2136 1863 198
366 624 199
2577 1306 200
1172 904 1
1639 1399 2
1300 2500 3
1915 2167 4
2281 1756 5
840 1371 6
2212 452 7
1060 1598 8
371 38 9
1265 2123 10
2414 730 11
302 536 12
463 2050 13
2442 1636 14
948 470 15
683 1285 16
83 1195 17
2130 690 18
1515 1169 19
758 1998 20
67 1912 21
1891 1982 22
1430 1722 23
1156 714 24
1487 684 25
91 262 26
1682 259 27
1008 337 28
1341 486 29
2312 1288 30
2184 1038 31
1048 772 32
1052 1892 33
1061 1342 34
305 1458 35
2368 1509 36
2466 2185 37
455 1082 38
265 1637 39
631 862 40
474 679 41
234 1945 42
2411 1702 43
2058 2293 44
1989 2588 45
1453 2217 46
623 2161 47
1167 854 48
2546 1968 49
248 2536 50
2389 1772 51
574 2002 52
1748 1758 53
1742 954 54
2391 2596 55
454 524 56
925 984 57
1756 1834 58
96 332 59
2137 71 60
1370 1208 61
897 1147 62
293 1952 63
1840 1569 64
138 2285 65
1782 2292 66
449 416 67
2136 736 68
2500 1583 69
2003 2329 70
202 791 71
1081 1182 72
2287 946 73
2575 56 74
2509 1973 75
2199 2230 76
513 2503 77
1556 1322 78
1077 1866 79
577 1143 80
71 1883 81
1523 448 82
952 1344 83
2299 2069 84
2495 154 85
1270 136 86
2222 1622 87
368 1001 88
2305 358 89
413 951 90
1461 1673 91
1047 651 92
156 2357 93
2323 890 94
2389 2222 95
2171 2485 96
461 2325 97
2503 2115 98
1122 1814 99
917 833 100
305 1746 101
586 2278 102
2586 1065 103
34 465 104
2577 901 105
248 1662 106
1579 370 107
1350 1251 108
1889 1011 109
1639 542 110
911 875 111
1748 1137 112
1427 2407 113
490 2444 114
2258 1543 115
1487 834 116
864 972 117
1877 1355 118
1365 2548 119
529 2361 120
2599 1296 121
431 1262 122
1096 2121 123
676 561 124
508 1960 125
1527 236 126
1705 2244 127
1702 475 128
1800 846 129
1970 699 130
1382 2499 131
2284 1934 132
1737 310 133
2025 662 134
83 2386 135
1880 959 136
1665 822 137
1687 1817 138
1114 976 139
1572 2010 140
187 354 141
730 1967 142
1766 1735 143
1110 1506 144
837 767 145
445 2375 146
1810 1625 147
1954 2387 148
1988 2203 149
1636 2563 150
505 1781 151
1402 1701 152
1336 1557 153
2256 718 154
871 666 155
1529 1216 156
1026 1250 157
132 1751 158
2127 2492 159
1341 1316 160
809 893 161
1012 1151 162
361 445 163
1336 1942 164
601 934 165
452 1215 166
1893 2393 167
2547 2578 168
2126 2457 169
1083 463 170
153 1555 171
887 758 172
173 464 173
1990 1375 174
1622 864 175
116 917 176
1888 605 177
2075 1496 178
1249 400 179
943 930 180
1178 2074 181
1186 1970 182
2365 998 183
854 805 184
1702 431 185
1957 755 186
2194 2349 187
2158 2068 188
1634 1759 189
1301 2297 190
203 142 191
1230 1845 192
493 251 193
1453 226 194
1453 1906 195
413 218 196
180 1943 197
272 1601 198
1452 672 199
2024 1326 200
2126 2497 1
710 914 2
116 773 3
110 10 4
1169 1266 5
1919 1329 6
95 614 7
111 1166 8
2311 1013 9
947 241 10
1542 1041 11
1567 1813 12
2036 2512 13
1665 2560 14
1506 1941 15
2021 1633 16
1487 161 17
2575 1431 18
570 1081 19
2394 1802 20
1873 2374 21
2235 1088 22
1930 2532 23
1877 2435 24
424 2328 25
1459 1981 26
1507 618 27
831 596 28
2248 898 29
1206 1096 30
2433 2527 31
903 785 32
290 1929 33
1921 2093 34
981 2280 35
1305 2307 36
1877 810 37
2074 1074 38
1031 896 39
1081 1910 40
1522 2470 41
2468 2298 42
956 707 43
2305 1220 44
762 1006 45
1322 1495 46
1569 66 47
1765 1727 48
43 285 49
2465 748 50
1549 1365 51
1674 1033 52
404 2132 53
542 554 54
1014 2376 55
840 1435 56
1040 476 57
167 1020 58
506 232 59
1038 1734 60
1876 2109 61
2568 2106 62
65 2173 63
1988 2007 64
557 1022 65
1566 1614 66
2210 1709 67
2099 1861 68
1469 2385 69
136 538 70
470 176 71
2288 1213 72
228 969 73
1295 415 74
1889 1996 75
649 585 76
1888 2342 77
1353 25 78
1312 1547 79
474 2158 80
604 2331 81
1176 678 82
238 377 83
149 248 84
1450 179 85
1758 1350 86
953 2582 87
572 1678 88
529 19 89
111 1972 90
407 1174 91
1668 2593 92
2477 2446 93
1228 28 94
1576 1062 95
953 371 96
2342 677 97
1839 1643 98
1093 1153 99
2248 1575 100
687 599 101
110 1511 102
600 2353 103
1668 2212 104
2582 2401 105
270 837 106
648 1838 107
1080 113 108
1316 1108 109
2266 131 110
648 2176 111
2545 632 112
2371 284 113
80 2453 114
1608 1196 115
1843 2177 116
1284 505 117
1598 1404 118
1898 739 119
1519 189 120
180 1556 121
1187 1246 122
1738 1383 123
1044 1795 124
2145 2501 125
147 999 126
2477 1501 127
1453 1319 128
2430 1363 129
1929 1882 130
1221 1669 131
120 1559 132
489 1927 133
13 1997 134
700 1294 135
1308 1911 136
1589 1008 137
182 568 138
1502 1830 139
1195 942 140
295 2569 141
16 485 142
2445 1489 143
714 15 144
1016 2466 145
1836 549 146
2412 1983 147
212 1018 148
1071 713 149
1270 1979 150
1970 994 151
2415 1552 152
2140 2168 153
2284 2275 154
517 1700 155
2092 2057 156
672 2359 157
1705 47 158
1705 1667 159
1887 2355 160
1643 2581 161
878 814 162
675 1372 163
1023 1015 164
170 414 165
2334 1140 166
1567 619 167
2179 581 168
79 710 169
624 1773 170
1353 786 171
1905 2042 172
2560 1280 173
1954 894 174
1416 583 175
1658 1677 176
1004 1235 177
2220 360 178
486 2075 179
734 1076 180
348 1053 181
1970 570 182
1502 2467 183
1839 2323 184
669 1107 185
378 1630 186
1064 1184 187
303 1890 188
261 2076 189
1492 2062 190
626 2127 191
2566 2139 192
226 1621 193
2245 2156 194
5 1162 195
621 1047 196
848 537 197
1335 903 198
1398 404 199
156 866 200
604 650 1
2060 892 2
993 434 3
80 1042 4
1796 53 5
729 1406 6
1540 559 7
979 2268 8
1369 1949 9
1312 2236 10
2354 1427 11
2446 1600 12
668 737 13
149 1754 14
1206 752 15
1835 2525 16
1891 743 17
1420 1004 18
2383 1694 19
2087 1771 20
2553 254 21
345 720 22
218 1373 23
674 1900 24
1703 345 25
1058 1318 26
583 2561 27
170 1502 28
1859 1252 29
1170 2184 30
1340 2018 31
687 2575 32
1540 1157 33
1762 1839 34
536 20 35
1140 2045 36
2386 1676 37
2368 2283 38
187 74 39
108 393 40
492 1894 41
1796 305 42
1604 2354 43
782 2290 44
1656 1768 45
1265 312 46
1953 2028 47
1682 1731 48
390 872 49
1532 356 50
389 1767 51
639 932 52
1929 1984 53
929 1574 54
610 196 55
612 657 56
1936 2549 57
282 1500 58
492 1724 59
1823 2091 60
805 1612 61
1113 2211 62
1160 869 63
489 2085 64
1668 2334 65
2411 839 66
686 143 67
586 363 68
1867 2552 69
676 2004 70
904 2373 71
2278 2380 72
1323 504 73
2135 865 74
1228 84 75
2553 2214 76
2224 750 77
882 1343 78
1822 2229 79
569 216 80
195 1486 81
873 1134 82
855 1689 83
516 2084 84
1515 406 85
362 1803 86
364 2531 87
1331 535 88
605 2119 89
149 2312 90
1137 2112 91
1063 2240 92
489 2343 93
390 1788 94
911 2391 95
187 498 96
2495 438 97
1919 1460 98
2566 1313 99
368 1274 100
1996 647 101
2369 144 102
1684 482 103
2474 2264 104
113 1083 105
180 717 106
1746 1333 107
2503 695 108
2411 1103 109
952 1554 110
1979 156 111
570 2572 112
479 1647 113
33 228 114
2440 79 115
1860 906 116
239 910 117
2107 314 118
1481 140 119
136 2451 120
2387 1048 121
454 1291 122
1167 1505 123
2327 1007 124
519 1384 125
1221 366 126
1878 957 127
1069 1644 128
470 184 129
149 1114 130
2155 1809 131
414 2534 132
1212 1995 133
801 1831 134
1753 1264 135
1886 460 136
2513 133 137
2467 1098 138
218 1789 139
1598 2502 140
2574 2107 141
368 2090 142
448 1605 143
913 626 144
38 1242 145
1681 2263 146
368 809 147
741 961 148
2525 925 149
449 1561 150
87 1397 151
218 1300 152
774 468 153
2566 603 154
2098 1180 155
230 763 156
1065 1357 157
1588 1466 158
1476 863 159
1096 1295 160
1859 1553 161
558 1045 162
2566 2071 163
2443 1133 164
1795 2250 165
2215 1418 166
1060 2282 167
497 427 168
368 215 169
570 950 170
2041 817 171
2413 2460 172
1014 1988 173
1527 1173 174
951 620 175
1878 1851 176
1678 2052 177
2027 2063 178
415 1405 179
1688 931 180
952 1230 181
1682 373 182
2140 1529 183
1568 286 184
54 928 185
1004 127 186
1757 2438 187
2369 100 188
265 2188 189
12 1699 190
229 103 191
1485 2577 192
2008 128 193
2283 2060 194
1578 1562 195
1154 1755 196
593 1243 197
2294 1805 198
2041 1039 199
1836 2432 200
2044 949 1
2248 319 2
1660 263 3
2168 2322 4
768 2346 5
486 1682 6
628 2152 7
92 1908 8
2375 1200 9
1205 1787 10
1326 1916 11
2514 1335 12
1413 1122 13
1566 1348 14
1170 2463 15
854 2418 16
64 640 17
1398 2144 18
1236 1508 19
1719 192 20
839 2369 21
2306 443 22
2256 1631 23
2074 1742 24
1398 1994 25
2546 2587 26
1541 1410 27
691 422 28
1482 1922 29
2075 256 30
1932 2547 31
696 938 32
1550 2363 33
606 44 34
2369 966 35
1221 2494 36
580 558 37
2593 497 38
290 2143 39
103 784 40
734 1757 41
2553 1796 42
1757 1570 43
2257 2041 44
1187 1036 45
1820 539 46
2116 1207 47
1541 1152 48
2039 2196 49
62 1715 50
2368 201 51
248 2445 52
1084 1493 53
882 578 54
1011 818 55
2342 480 56
2289 1358 57
193 1265 58
2080 242 59
2295 1163 60
1034 37 61
907 1658 62
1061 1055 63
325 1400 64
1527 1044 65
667 252 66
230 978 67
2034 1056 68
1502 426 69
2326 948 70
2511 1859 71
729 861 72
1654 1691 73
488 1798 74
620 1642 75
66 2125 76
1621 1092 77
2215 2260 78
1538 1125 79
1047 1027 80
1230 78 81
2553 642 82
1653 1205 83
2376 648 84
187 378 85
2236 364 86
662 721 87
1864 661 88
420 7 89
1233 195 90
831 2031 91
2477 540 92
305 2259 93
1270 1966 94
2488 2053 95
624 1369 96
1837 1989 97
568 214 98
547 2546 99
2126 1194 100
2184 1093 101
2463 1971 102
1176 590 103
301 1191 104
1471 844 105
1814 2597 106
371 1515 107
1011 502 108
1666 408 109
2524 173 110
1608 1749 111
1166 2537 112
1718 2507 113
1834 1327 114
1325 1130 115
2146 1221 116
352 775 117
2146 859 118
1308 9 119
1814 1728 120
2174 801 121
283 1428 122
2342 1159 123
1284 2519 124
1721 278 125
2027 112 126
929 1827 127
1119 2381 128
180 1448 129
1481 674 130
1350 1774 131
870 2180 132
354 604 133
1398 1270 134
1594 2586 135
1498 220 136
1186 1568 137
999 2540 138
2168 1655 139
2582 1687 140
2567 106 141
1149 1263 142
650 1069 143
301 1753 144
1405 907 145
963 1706 146
855 379 147
1037 808 148
1091 503 149
2054 1189 150
530 2314 151
1906 995 152
1665 2318 153
512 1826 154
1195 1850 155
1199 1521 156
538 598 157
351 673 158
76 807 159
2027 2228 160
62 88 161
307 1933 162
1375 2271 163
455 2370 164
472 2051 165
1620 198 166
1762 845 167
1505 41 168
1055 2193 169
2243 135 170
884 2163 171
1713 1991 172
2128 1954 173
2422 1239 174
101 1401 175
1364 1697 176
57 1068 177
270 2565 178
2404 1321 179
2187 1170 180
1406 1793 181
624 1451 182
1674 2479 183
2257 580 184
2165 2419 185
1538 586 186
1523 2449 187
1127 17 188
2391 1956 189
969 2437 190
1652 399 191
146 1304 192
111 2309 193
352 61 194
2025 51 195
35 170 196
1502 826 197
332 1881 198
2084 889 199
521 2523 200
872 1241 1
1459 1128 2
1066 1576 3
558 2131 4
1684 203 5
2517 709 6
2080 2308 7
1540 916 8
1832 1150 9
1990 2303 10
626 1618 11
1487 1102 12
1060 2316 13
676 1364 14
1051 582 15
1233 1924 16
1774 2301 17
882 2047 18
1541 2468 19
1127 711 20
396 1671 21
1774 2182 22
58 255 23
572 1539 24
1703 1632 25
2425 776 26
285 1146 27
1917 1919 28
2262 1842 29
590 1043 30
946 813 31
2265 1629 32
965 1071 33
2600 2506 34
1157 681 35
1523 50 36
1591 187 37
1081 1064 38
994 309 39
1639 2117 40
2169 765 41
2074 124 42
2392 1226 43
133 899 44
2279 1544 45
120 935 46
1380 1138 47
489 851 48
289 1907 49
1209 2574 50
1705 715 51
650 500 52
1065 1572 53
2097 989 54
1688 2421 55
907 2277 56
716 799 57
202 33 58
2239 197 59
702 333 60
1346 1165 61
707 1121 62
558 560 63
488 1704 64
457 1537 65
1603 688 66
180 2482 67
1662 1237 68
676 2140 69
987 2590 70
592 782 71
1919 670 72
430 1874 73
553 2056 74
1406 1733 75
484 1730 76
1618 1474 77
1893 649 78
872 2443 79
1763 283 80
174 843 81
1333 1067 82
1596 233 83
132 513 84
1284 1447 85
570 174 86
1015 608 87
396 1604 88
1063 593 89
323 1376 90
1087 2110 91
681 1490 92
1061 167 93
177 2019 94
307 2165 95
1773 99 96
228 2296 97
1355 2198 98
354 623 99
1830 2148 100
1711 2339 101
506 795 102
393 1222 103
1921 1878 104
1984 2011 105
1336 1522 106
307 190 107
1416 2033 108
2368 856 109
687 80 110
2271 1518 111
2155 1822 112
593 2215 113
193 1778 114
277 1272 115
203 1346 116
679 1430 117
1510 1112 118
1919 888 119
2469 2012 120
553 562 121
1105 744 122
2313 1438 123
1800 1905 124
2169 1986 125
831 1293 126
2380 2 127
948 1100 128
289 1479 129
2553 369 130
622 571 131
91 531 132
2598 1421 133
2316 146 134
1374 1029 135
2556 601 136
1006 612 137
1429 2238 138
2214 2447 139
1879 912 140
2495 289 141
2296 1918 142
994 2335 143
1591 676 144
1552 1615 145
180 1812 146
969 530 147
1367 97 148
2545 1663 149
1774 2242 150
467 2340 151
419 963 152
69 1903 153
1 1504 154
250 575 155
1975 2171 156
633 2319 157
2119 2178 158
2389 958 159
2490 2568 160
493 1654 161
1989 911 162
1437 1965 163
1648 2489 164
1024 1791 165
2388 2518 166
420 1023 167
1618 458 168
1879 2083 169
1231 838 170
112 2149 171
755 450 172
185 81 173
2147 793 174
997 512 175
475 1904 176
1231 873 177
1970 1110 178
17 1099 179
637 1571 180
1187 2364 181
221 2408 182
2545 234 183
1523 1267 184
1514 58 185
2511 2102 186
1409 1111 187
439 2155 188
59 2517 189
377 2006 190
1031 213 191
548 275 192
2250 225 193
1499 641 194
2128 2017 195
1420 1268 196
234 65 197
580 1351 198
673 761 199
2074 1385 200
123 616 1
731 1484 2
1932 870 3
571 1462 4
1740 968 5
2455 1040 6
2190 1659 7
2483 139 8
934 141 9
91 320 10
1002 183 11
1685 1696 12
1598 2078 13
1551 1744 14
178 2553 15
1538 5 16
1530 621 17
1934 1992 18
1167 1551 19
1595 857 20
621 2397 21
486 2450 22
448 1649 23
2595 2095 24
1729 584 25
2222 654 26
2097 683 27
503 2089 28
2130 1423 29
1515 1176 30
1989 123 31
445 2356 32
1039 1459 33
649 1439 34
1930 2105 35
1878 2279 36
2292 1249 37
1202 1171 38
325 971 39
937 985 40
1815 2396 41
1567 1580 42
153 1377 43
981 60 44
33 21 45
2145 1558 46
1182 602 47
390 2306 48
1751 306 49
226 1917 50
570 24 51
2131 702 52
842 1328 53
561 29 54
1222 1019 55
2395 315 56
1351 1416 57
766 992 58
1775 466 59
911 435 60
613 1688 61
1875 353 62
1142 943 63
1523 682 64
908 551 65
568 2138 66
336 841 67
1214 2398 68
287 2409 69
193 474 70
753 800 71
2100 375 72
2393 544 73
1358 1141 74
505 588 75
2162 1641 76
676 2192 77
1540 1846 78
1530 1356 79
2513 607 80
376 148 81
1168 1090 82
110 1898 83
2063 2251 84
430 625 85
570 1937 86
265 1792 87
1353 1240 88
47 1390 89
2054 2583 90
733 732 91
455 277 92
1186 2326 93
159 169 94
63 1684 95
848 1626 96
403 384 97
599 1086 98
1077 2490 99
649 351 100
219 409 101
1233 1763 102
2347 119 103
579 2505 104
1385 2474 105
714 204 106
2090 1440 107
2488 1231 108
832 2001 109
2000 449 110
1893 1832 111
902 1946 112
1189 2299 113
2575 2220 114
2143 871 115
1566 297 116
1440 2014 117
1036 1314 118
717 109 119
495 2348 120
676 1186 121
1187 1573 122
76 1889 123
2085 2350 124
2572 967 125
1749 1464 126
193 792 127
2097 1836 128
914 2272 129
1186 2122 130
721 2366 131
2392 2515 132
1300 1993 133
330 675 134
2040 2291 135
554 2065 136
708 1339 137
2239 2036 138
2204 382 139
977 757 140
290 323 141
1371 1885 142
1360 855 143
202 1 144
1681 923 145
1104 997 146
2140 722 147
1157 2529 148
2282 1931 149
495 979 150
1105 1155 151
1748 729 152
1619 1005 153
391 962 154
1587 2516 155
283 1498 156
1096 860 157
2068 2247 158
352 455 159
1490 1136 160
1331 461 161
1588 1434 162
2257 495 163
592 1720 164
922 380 165
1002 528 166
2041 2415 167
1795 1002 168
2240 2462 169
433 1378 170
795 1747 171
613 2413 172
1649 387 173
221 1101 174
858 440 175
2343 207 176
1360 2508 177
1031 1408 178
952 1780 179
2145 1341 180
2175 391 181
535 2559 182
120 1395 183
506 2439 184
1606 2195 185
1530 2273 186
1268 1315 187
1880 2570 188
1665 501 189
368 1705 190
2399 991 191
588 2461 192
1970 2039 193
687 1224 194
424 1473 195
1083 2157 196
1567 299 197
2175 388 198
2131 592 199
897 2064 200
1928 346 1
2370 1513 2
1538 230 3
92 797 4
94 2402 5
870 1670 6
265 489 7
1234 1323 8
330 175 9
584 483 10
641 425 11
1978 811 12
1592 852 13
336 1374 14
2498 1245 15
1919 171 16
102 1307 17
821 439 18
1316 594 19
2401 1560 20
1733 2164 21
290 1760 22
23 158 23
796 2274 24
1889 430 25
236 2073 26
1104 1127 27
676 953 28
1206 1178 29
1409 1523 30
185 789 31
1837 2556 32
1110 2097 33
1273 2009 34
228 1690 35
1493 1799 36
587 517 37
2144 121 38
1544 456 39
721 1211 40
981 1884 41
1619 1828 42
1101 1567 43
875 392 44
1379 1661 45
913 307 46
546 137 47
1233 2412 48
1373 1470 49
1527 2434 50
832 2150 51
1878 802 52
170 1325 53
1060 2224 54
513 2146 55
2031 812 56
2257 1402 57
1529 46 58
783 341 59
132 194 60
1889 1198 61
2178 511 62
1856 436 63
1950 1616 64
1338 1028 65
2131 14 66
698 487 67
2598 1939 68
1379 2333 69
1187 2473 70
1170 1212 71
594 1292 72
2291 325 73
887 1302 74
915 929 75
2271 1672 76
1527 1639 77
617 1455 78
203 1584 79
1077 2023 80
2022 2304 81
1778 1017 82
381 2576 83
2498 130 84
131 902 85
2292 2046 86
832 964 87
864 716 88
1527 569 89
2335 420 90
1413 1167 91
831 762 92
1707 1126 93
2494 1646 94
2095 1075 95
547 913 96
183 1202 97
1643 126 98
1174 2209 99
2351 2358 100
282 509 101
1873 395 102
2083 55 103
1066 1485 104
492 1168 105
1265 1893 106
1230 428 107
1800 2338 108
2446 2550 109
185 2324 110
1323 208 111
1835 1058 112
2287 1234 113
174 2372 114
170 1594 115
669 824 116
800 1648 117
2147 2170 118
832 494 119
2288 1273 120
1399 685 121
1453 1332 122
2204 1396 123
1014 2390 124
982 794 125
2548 745 126
2415 2130 127
1110 2038 128
854 1481 129
338 2227 130
1748 1681 131
815 1867 132
1459 2377 133
2064 1585 134
2265 1278 135
848 2294 136
2204 1999 137
2399 268 138
413 1158 139
2052 1367 140
2312 492 141
228 1860 142
2561 1581 143
743 1359 144
1251 2194 145
575 1938 146
729 1833 147
1902 518 148
547 327 149
1295 653 150
2354 783 151
385 1930 152
2440 849 153
2474 247 154
1073 1928 155
2281 1228 156
121 796 157
2221 82 158
2560 493 159
823 1790 160
1634 1653 161
2124 1693 162
2262 1752 163
2154 2092 164
1341 1797 165
2179 152 166
2374 2253 167
2553 988 168
2574 1895 169
354 108 170
1668 1192 171
476 2422 172
2477 2054 173
1924 2493 174
1690 646 175
2030 1638 176
1119 2378 177
1355 2027 178
668 2246 179
2030 595 180
1877 64 181
1011 454 182
1563 4 183
1970 8 184
1653 1388 185
2165 1032 186
1453 2424 187
182 2332 188
1064 2410 189
1532 117 190
1837 246 191
2128 565 192
791 1217 193
894 1179 194
1063 2477 195
831 983 196
1164 26 197
1026 731 198
1461 1533 199
2473 2520 200
680 244 1
495 336 2
2133 2258 3
1864 1858 4
498 1980 5
2106 32 6
956 780 7
2285 287 8
2591 1030 9
656 1716 10
853 1871 11
2004 193 12
136 2464 13
675 2070 14
2530 591 15
33 858 16
473 828 17
2357 727 18
1897 2147 19
594 348 20
1058 1660 21
762 212 22
375 1422 23
2204 1815 24
1179 1868 25
1195 1713 26
272 1181 27
714 1284 28
2516 433 29
1137 1417 30
2206 1223 31
1790 1188 32
570 1413 33
2517 1475 34
74 2162 35
2066 1354 36
136 827 37
2582 2021 38
2399 876 39
626 1546 40
718 2025 41
260 2504 42
569 2384 43
1967 2183 44
2430 240 45
2071 668 46
1599 919 47
2179 1897 48
2185 2159 49
956 157 50
1011 1923 51
238 138 52
1591 385 53
1860 2243 54
2043 1990 55
1278 1255 56
755 1914 57
219 199 58
846 1854 59
1578 294 60
409 1123 61
971 291 62
375 1415 63
91 2538 64
1166 2404 65
1668 63 66
2204 2257 67
571 1290 68
1127 22 69
1778 848 70
1454 296 71
2572 1199 72
1314 1769 73
758 1149 74
1675 1920 75
832 831 76
375 2528 77
1401 2231 78
872 774 79
1566 1969 80
2004 2226 81
1162 276 82
1416 631 83
2215 2533 84
250 77 85
65 712 86
1116 1362 87
16 231 88
1160 2153 89
1341 1232 90
218 1478 91
1473 2562 92
1805 821 93
849 1387 94
2411 150 95
2424 924 96
2144 423 97
277 753 98
170 1115 99
67 166 100
1073 1049 101
1801 909 102
1295 2389 103
248 2589 104
1109 1849 105
1898 2079 106
1147 1389 107
609 1463 108
520 1627 109
2181 2420 110
1232 229 111
10 1031 112
464 2003 113
1539 147 114
1406 1725 115
2368 1578 116
2157 637 117
1385 1366 118
2425 1482 119
1219 1113 120
1982 1766 121
508 2008 122
1541 1210 123
2283 693 124
63 1804 125
1228 609 126
401 2026 127
2191 118 128
2128 394 129
593 280 130
1055 2067 131
2137 2059 132
1530 944 133
1132 1750 134
221 2245 135
1925 2202 136
512 1593 137
2553 656 138
1081 1453 139
1047 2510 140
180 490 141
1876 1976 142
2145 522 143
1221 2365 144
1749 2116 145
76 1665 146
576 18 147
1700 2077 148
178 1530 149
2004 2598 150
1380 1888 151
1081 2388 152
1568 401 153
1044 462 154
1413 2205 155
1326 1260 156
499 334 157
459 1003 158
1016 2225 159
1374 279 160
1549 1253 161
2185 708 162
1877 2591 163
1456 1674 164
2579 2048 165
2128 2208 166
149 1034 167
123 1902 168
1166 1607 169
1296 1872 170
547 2440 171
2269 2400 172
1517 1492 173
74 1012 174
2582 40 175
1380 1298 176
687 1624 177
971 1480 178
953 2221 179
2472 313 180
994 1837 181
1295 1741 182
1170 1414 183
1097 1825 184
1187 1229 185
1538 1024 186
916 756 187
76 1549 188
2336 91 189
1283 1433 190
2248 2005 191
1591 270 192
301 62 193
894 1446 194
1081 352 195
443 2142 196
381 2016 197
1492 424 198
1639 547 199
1296 1764 200
2553 1538 1
1096 2058 2
1929 1014 3
203 1620 4
2305 589 5
1994 402 6
572 1340 7
301 2488 8
2197 689 9
430 1611 10
1110 1668 11
1039 101 12
2124 390 13
1799 987 14
120 1534 15
2047 1183 16
2066 2367 17
1645 1225 18
906 260 19
164 1599 20
1000 1685 21
1978 1698 22
1591 1527 23
1096 110 24
1318 478 25
420 2600 26
1059 2128 27
729 2190 28
729 2256 29
1421 738 30
2215 553 31
651 1248 32
905 59 33
814 209 34
667 920 35
1540 322 36
2427 238 37
2071 1407 38
2074 1218 39
1795 411 40
296 2262 41
679 2564 42
581 115 43
1279 45 44
2598 1257 45
1336 847 46
2457 1424 47
2281 2137 48
1758 2032 49
1870 1026 50
180 1236 51
1337 597 52
1265 1156 53
91 182 54
783 1510 55
1527 1117 56
2058 2174 57
1789 700 58
1823 2491 59
1948 2276 60
1968 515 61
2133 2351 62
1763 747 63
373 1703 64
208 1106 65
2008 1305 66
1014 680 67
1276 1777 68
1234 1519 69
2179 1886 70
1406 2284 71
1906 2255 72
860 2436 73
2196 1412 74
321 1144 75
2135 1657 76
1015 2430 77
606 410 78
2226 2252 79
1675 2234 80
593 840 81
76 1915 82
2542 1386 83
2202 1145 84
2043 1301 85
1096 2100 86
1312 1467 87
1158 1784 88
2419 2189 89
1284 1010 90
281 2302 91
2556 265 92
1991 1129 93
401 200 94
512 1959 95
360 510 96
584 1161 97
2169 1516 98
2198 1808 99
360 1450 100
819 1353 101
1978 652 102
994 1748 103
2315 2218 104
726 749 105
601 520 106
631 2416 107
2298 1052 108
2553 2133 109
1984 1488 110
1930 977 111
2472 936 112
1575 1619 113
2204 514 114
2579 2483 115
301 1786 116
1216 1190 117
1874 2154 118
1456 970 119
1318 947 120
697 2594 121
219 1457 122
1074 1135 123
1410 451 124
66 2134 125
1932 2096 126
860 2175 127
344 1807 128
2090 754 129
691 1738 130
576 1320 131
560 374 132
1324 338 133
344 630 134
2067 533 135
2390 1072 136
187 1432 137
341 1289 138
983 2317 139
2083 1855 140
1169 2599 141
2105 54 142
462 35 143
121 1244 144
2545 887 145
1840 457 146
751 659 147
1818 469 148
260 2476 149
2579 2265 150
149 2239 151
2165 2459 152
1127 1596 153
39 2535 154
228 982 155
687 1437 156
842 557 157
1506 1393 158
1668 2433 159
2295 1360 160
1591 1206 161
1164 491 162
87 577 163
2425 527 164
1184 1687 165
2496 417 166
1172 2266 167
1839 1164 168
831 628 169
1038 2526 170
2330 295 171
2309 1708 172
1051 222 173
2239 1426 174
57 1526 175
197 2395 176
2222 288 177
479 2321 178
2291 1843 179
2203 1545 180
964 102 181
1775 878 182
323 541 183
1023 245 184
59 2136 185
1440 733 186
368 12 187
1168 1271 188
1185 1974 189
1441 723 190
2316 1391 191
114 1000 192
2233 68 193
2577 1283 194
1748 734 195
647 1686 196
2381 829 197
2245 1565 198
1837 1279 199
2395 96 200
2197 645 1
1682 1419 2
819 2034 3
35 83 4
830 975 5
2422 2099 6
1684 1975 7
1392 1955 8
172 389 9
607 1037 10
2008 816 11
2219 2113 12
79 1714 13
1017 629 14
2278 746 15
1876 1635 16
1154 273 17
123 579 18
514 696 19
1267 107 20
1883 2522 21
1222 419 22
2286 481 23
1380 302 24
514 543 25
128 93 26
687 2082 27
2045 940 28
1380 667 29
1834 2179 30
2040 617 31
2143 884 32
1413 1104 33
2026 1009 34
2067 442 35
1279 725 36
1448 1801 37
315 243 38
2135 2295 39
2370 1590 40
2124 1794 41
966 264 42
2088 941 43
2346 2511 44
1887 186 45
1820 2213 46
875 1721 47
2036 769 48
2185 2219 49
2283 606 50
807 2040 51
348 405 52
1506 2509 53
803 960 54
2291 2399 55
1228 2098 56
250 1452 57
1903 2487 58
1016 1084 59
1576 1361 60
178 2248 61
2408 499 62
286 1613 63
621 1921 64
174 86 65
1859 1309 66
1921 804 67
1899 2186 68
202 2300 69
59 1057 70
1560 1287 71
1096 556 72
882 567 73
14 706 74
1560 2558 75
1232 177 76
1221 2024 77
687 1978 78
1930 2513 79
2087 2015 80
1364 806 81
1682 1586 82
1989 1782 83
656 1403 84
1051 600 85
2182 1844 86
2468 105 87
1843 2044 88
2451 266 89
1525 39 90
1459 2495 91
528 362 92
1224 2197 93
1270 566 94
2188 1964 95
462 1380 96
1568 1119 97
1946 1680 98
1794 1254 99
1506 882 100
1678 1595 101
147 1091 102
593 820 103
1668 1877 104
1169 2207 105
1281 293 106
2334 1303 107
321 2066 108
116 151 109
2323 1695 110
1996 1847 111
1834 2406 112
1027 1297 113
1233 473 114
2087 532 115
1174 2382 116
110 202 117
1960 1349 118
914 965 119
325 2310 120
944 576 121
806 1824 122
513 2181 123
2426 1650 124
1475 778 125
1888 751 126
583 956 127
1848 1411 128
110 344 129
626 815 130
2440 742 131
1301 980 132
1154 2472 133
1398 2287 134
1072 868 135
2034 49 136
2368 2423 137
1180 918 138
824 2456 139
1565 2417 140
2514 552 141
1287 798 142
1738 546 143
993 1338 144
777 1936 145
1000 2129 146
843 1175 147
2240 1471 148
1209 1370 149
1921 2288 150
1921 2368 151
1913 308 152
1647 2035 153
2582 1336 154
2213 1311 155
1132 191 156
2143 122 157
1379 1739 158
111 1712 159
1527 1645 160
371 2286 161
2457 728 162
1254 267 163
2553 1193 164
133 622 165
821 1765 166
519 768 167
547 1606 168
837 1820 169
1928 1962 170
1507 574 171
2074 2566 172
707 2441 173
806 2414 174
270 111 175
490 211 176
373 188 177
1003 1449 178
2514 655 179
1382 1503 180
1591 221 181
894 1425 182
2023 1177 183
123 57 184
589 1602 185
784 1944 186
378 777 187
2306 1051 188
542 1951 189
428 735 190
1748 1835 191
1887 2191 192
807 1079 193
1639 1442 194
336 1094 195
1575 342 196
1206 2087 197
913 1120 198
836 719 199
1984 1977 200
