7200 7200 200
6033 4762 1
3934 32 2
4080 4109 3
4938 6379 4
2689 6998 5
4845 4721 6
5961 1933 7
6392 1532 8
5997 717 9
1497 676 10
3407 3073 11
135 6224 12
7033 4270 13
3576 705 14
5595 2256 15
1369 1382 16
7185 4149 17
5821 5837 18
325 1995 19
2186 5656 20
4283 2540 21
58 4819 22
4199 406 23
2405 2981 24
1696 732 25
6880 1947 26
6765 2816 27
266 224 28
366 916 29
5003 1199 30
5078 4649 31
4193 6599 32
1213 195 33
3717 6452 34
767 164 35
5514 1136 36
5008 2590 37
3023 3809 38
5481 2558 39
3193 4528 40
4192 6170 41
4056 4028 42
3711 6445 43
4671 4197 44
1334 5224 45
5043 5432 46
404 2302 47
6955 2253 48
4683 1317 49
6906 5972 50
1497 1462 51
6202 4175 52
5727 2201 53
3168 3979 54
855 615 55
1098 330 56
3105 2794 57
6208 4855 58
487 4013 59
3256 2406 60
924 5575 61
997 2664 62
5384 3262 63
6332 1081 64
1374 5415 65
3237 159 66
3309 2445 67
5043 4485 68
5670 4643 69
1683 5814 70
1509 4978 71
4257 2276 72
3083 743 73
3847 3357 74
460 3387 75
5790 3132 76
2124 871 77
3890 1948 78
5591 5107 79
1309 4397 80
5317 3296 81
7135 656 82
285 4997 83
2331 2910 84
811 109 85
1385 5065 86
5514 6535 87
6865 7189 88
3276 1610 89
2162 2591 90
5497 6477 91
220 2667 92
5073 641 93
6660 1037 94
288 5049 95
6984 3186 96
2582 6441 97
621 1266 98
6436 3001 99
6530 4832 100
3958 2935 101
5028 4644 102
5869 1359 103
6103 356 104
6837 2668 105
4120 1701 106
6238 4390 107
4467 1190 108
3299 6940 109
7110 5636 110
3603 1786 111
1862 3544 112
6015 5885 113
770 4756 114
1794 2704 115
6286 1008 116
106 5768 117
3564 646 118
6123 6820 119
1380 4511 120
1559 2019 121
3816 4854 122
5541 4171 123
2415 2371 124
224 5087 125
4347 678 126
3140 4406 127
2482 278 128
2274 5285 129
2292 380 130
3043 1456 131
2353 495 132
884 415 133
7159 3561 134
5958 6229 135
3750 5231 136
5790 3591 137
779 5183 138
1223 1296 139
2505 5192 140
5600 6992 141
6082 719 142
6061 4814 143
1886 4732 144
6745 7056 145
5349 6980 146
2911 3349 147
3690 6172 148
224 3487 149
3760 2758 150
2139 7173 151
2325 4961 152
2314 6004 153
5687 6243 154
5574 1603 155
1096 4043 156
7035 2592 157
4069 5032 158
4899 3046 159
5621 5893 160
2223 2035 161
6943 2717 162
2303 4480 163
7139 5590 164
2825 3438 165
5673 5209 166
7084 392 167
1930 2955 168
4731 806 169
6918 4702 170
233 1863 171
5971 2022 172
6551 5743 173
1547 4575 174
5070 12 175
6290 5436 176
4248 5764 177
2256 1625 178
5920 4069 179
6721 2817 180
1282 1197 181
5569 2178 182
94 2334 183
6853 3074 184
2010 4583 185
4671 1580 186
1113 445 187
3540 2409 188
168 3258 189
3768 5484 190
3828 6661 191
6124 186 192
4502 1867 193
792 1994 194
547 371 195
23 2486 196
2580 2941 197
68 922 198
4316 4125 199
4249 381 200
903 429 1
4861 5556 2
317 4072 3
4852 1260 4
2042 375 5
5510 4275 6
6287 599 7
6283 5083 8
69 575 9
3358 5018 10
6343 79 11
1406 2864 12
6987 5252 13
5929 3072 14
969 4381 15
4170 3194 16
3211 5615 17
2845 6608 18
3677 6924 19
233 6236 20
7094 3427 21
4718 3580 22
2438 3626 23
5900 601 24
4839 4672 25
7030 3963 26
6809 6402 27
3054 3105 28
3539 3402 29
6513 3463 30
3712 3104 31
3357 6063 32
4229 6520 33
3575 3003 34
6135 2444 35
4048 6793 36
887 5330 37
2811 5355 38
796 4257 39
4841 3972 40
1191 6785 41
6900 1608 42
2991 2377 43
3928 5928 44
3837 3498 45
5224 4357 46
402 1051 47
2731 458 48
4590 6988 49
4394 6831 50
1064 4295 51
3290 2588 52
1308 6543 53
4276 2411 54
3612 3786 55
545 5576 56
3371 4354 57
2076 2086 58
3329 7048 59
509 4457 60
7185 2279 61
5687 1669 62
4367 632 63
904 5010 64
5897 3524 65
6592 4523 66
5753 582 67
90 867 68
5922 1970 69
5906 6103 70
3463 6656 71
824 6734 72
149 680 73
4689 1550 74
5281 2220 75
4162 511 76
1615 1283 77
5711 6248 78
3510 5017 79
3232 3812 80
1359 3509 81
860 942 82
2951 3762 83
5794 3552 84
5532 7137 85
6189 5267 86
2411 5639 87
1015 84 88
5271 4157 89
6050 590 90
288 4458 91
1399 4323 92
2143 695 93
2913 930 94
4012 1878 95
5357 2879 96
4716 4313 97
4570 987 98
1328 6226 99
4585 5754 100
4179 2271 101
6578 2626 102
1748 5877 103
821 3665 104
5394 2560 105
4394 106 106
604 6384 107
7030 6333 108
6115 1704 109
6697 584 110
6650 2187 111
1129 634 112
6316 3210 113
330 2611 114
5544 1123 115
3847 254 116
5046 6237 117
7026 4653 118
2229 836 119
6370 4187 120
175 3719 121
1763 3049 122
6696 6689 123
3087 6814 124
310 1964 125
5813 6761 126
2257 2991 127
6557 2839 128
1664 2194 129
5931 2550 130
6691 4566 131
3121 991 132
6597 6087 133
3529 551 134
1993 595 135
224 5234 136
7200 2415 137
6705 5698 138
7117 5778 139
1640 4577 140
6892 1186 141
5201 5919 142
3399 7012 143
6529 802 144
2583 707 145
5780 6092 146
3564 4534 147
5171 2735 148
206 3832 149
5698 4791 150
5317 4108 151
567 3175 152
2524 1050 153
5525 1968 154
1277 5313 155
1362 4715 156
5201 3125 157
1193 761 158
3669 6911 159
181 6514 160
5558 4657 161
924 4459 162
2868 5835 163
2513 5897 164
49 2992 165
4508 6118 166
4831 3538 167
1250 2074 168
6431 2944 169
11 2240 170
5596 1898 171
4044 807 172
5667 973 173
3612 562 174
6743 4767 175
2824 228 176
1682 7028 177
159 2288 178
2464 3935 179
1889 1090 180
1445 2117 181
2854 998 182
821 3612 183
1094 6183 184
5970 5762 185
4256 4119 186
1268 7143 187
4246 5766 188
3299 3129 189
1884 4000 190
2632 4939 191
5279 6742 192
3928 4476 193
6061 3098 194
1728 6488 195
1063 2813 196
5805 173 197
877 6288 198
3756 5497 199
5149 706 200
2424 6272 1
5541 7128 2
6939 4040 3
7044 1039 4
2340 2090 5
4024 3394 6
5661 1539 7
202 2525 8
731 4146 9
2819 4908 10
356 3790 11
6551 3108 12
2886 1221 13
3840 905 14
835 3960 15
6434 3661 16
1568 4193 17
1679 5247 18
4089 5009 19
7186 3130 20
4443 4881 21
5132 4286 22
2798 3213 23
877 2340 24
934 3345 25
4511 2166 26
3604 171 27
1876 6923 28
4792 5212 29
5792 1680 30
3837 3735 31
6532 602 32
2169 1022 33
3971 2102 34
4437 1771 35
877 3506 36
3065 1086 37
1605 7106 38
3482 1583 39
5133 307 40
5133 5726 41
1906 6253 42
7149 2236 43
7083 1966 44
4532 6819 45
7063 3451 46
1738 4585 47
6939 6623 48
3932 1542 49
4611 5444 50
1228 3086 51
3380 6254 52
4070 4326 53
5031 1455 54
3546 1314 55
5372 5612 56
373 6127 57
4266 4911 58
1898 3150 59
3778 4385 60
4853 1913 61
1530 2555 62
5620 6424 63
1707 3560 64
5841 2823 65
6449 6919 66
1766 4933 67
1554 7070 68
1894 3896 69
6178 157 70
2780 640 71
4792 145 72
4638 6551 73
1228 4946 74
6788 6602 75
6151 3908 76
4504 3439 77
4443 2191 78
6752 3931 79
5591 2899 80
5462 550 81
5772 6574 82
75 1890 83
1960 4809 84
1209 1069 85
373 6829 86
3658 4935 87
821 3029 88
1027 238 89
558 3804 90
2155 4365 91
2733 4626 92
3512 1853 93
6290 5822 94
957 3203 95
5631 3413 96
7117 2649 97
747 1389 98
3865 5052 99
6182 2398 100
5156 2388 101
888 2213 102
3437 2912 103
6916 1873 104
5286 5470 105
4154 2290 106
106 3584 107
5360 114 108
1223 6370 109
5836 4044 110
5322 2805 111
5918 3483 112
2050 2834 113
1960 5266 114
1915 4598 115
4860 6270 116
4460 355 117
5394 5321 118
7017 6860 119
97 4285 120
6258 3217 121
5871 67 122
609 6707 123
4906 5334 124
4602 5737 125
6370 4011 126
721 3941 127
4683 136 128
1365 1315 129
2827 3292 130
4916 3338 131
5738 394 132
6699 3943 133
4771 824 134
6593 6584 135
7074 4110 136
5975 778 137
1516 1176 138
1971 6681 139
514 6740 140
1098 4796 141
3327 648 142
6826 4396 143
4444 1443 144
2295 2197 145
662 7138 146
2441 752 147
4594 3966 148
2547 4200 149
6090 5540 150
295 1041 151
2304 1906 152
4415 5078 153
3747 6848 154
6639 2227 155
1686 6770 156
2037 5449 157
4667 569 158
2516 6291 159
308 5375 160
5940 2064 161
1379 3015 162
2478 4645 163
435 4050 164
5923 2562 165
6454 966 166
4621 3225 167
4800 2861 168
3251 7119 169
3368 2476 170
6830 5167 171
1760 1699 172
6144 2337 173
6120 3541 174
2775 5336 175
2072 3922 176
532 6077 177
547 5474 178
1568 3950 179
2859 15 180
5945 2727 181
5194 4630 182
2610 2554 183
3735 3996 184
1974 3406 185
7194 1782 186
2945 2251 187
6849 4383 188
6141 1783 189
4365 2728 190
4091 6390 191
1075 4372 192
2078 3424 193
5600 1247 194
5087 1971 195
6454 1206 196
1418 4610 197
6830 679 198
4290 4387 199
6204 6510 200
1787 3396 1
3154 1525 2
1404 565 3
4621 2082 4
798 4776 5
1865 6419 6
5631 6193 7
2779 3788 8
3710 4504 9
3286 5751 10
805 5525 11
7036 3606 12
4715 3793 13
2028 6022 14
266 6513 15
1413 4743 16
1516 3250 17
3440 1258 18
4950 3578 19
1372 1128 20
3664 6373 21
3318 3736 22
2217 5563 23
1251 6436 24
1772 3768 25
5096 2656 26
4408 342 27
4678 3688 28
2907 255 29
1285 2451 30
2115 817 31
2770 781 32
2379 1189 33
3430 2546 34
6715 2057 35
3059 4274 36
242 6012 37
2250 990 38
4686 3784 39
7088 1025 40
2305 3858 41
2279 6136 42
2885 1740 43
7169 4992 44
4811 1248 45
1193 4758 46
4660 2073 47
177 1918 48
6630 3698 49
379 6731 50
913 299 51
3046 1215 52
2832 5 53
1837 6674 54
4197 5760 55
7035 313 56
665 3033 57
3144 6048 58
3486 2822 59
1434 3242 60
1385 6005 61
2354 197 62
6486 1275 63
6070 2541 64
3902 6242 65
3271 4695 66
2981 6093 67
4490 4231 68
2096 4546 69
4244 5883 70
6034 5164 71
5312 6595 72
2659 2367 73
6723 2960 74
6743 5724 75
4070 1141 76
3264 887 77
2744 1938 78
269 3975 79
6995 5955 80
4831 1113 81
6715 3738 82
973 2487 83
2431 6340 84
4045 424 85
3057 2154 86
3526 926 87
2388 5669 88
3917 5288 89
2616 2870 90
879 3547 91
1359 6295 92
3558 3710 93
1413 570 94
2651 3448 95
647 1790 96
3677 6968 97
1411 5221 98
2096 5841 99
1725 519 100
1082 5461 101
4609 1905 102
4785 989 103
445 6235 104
3358 4579 105
3716 6834 106
4831 1003 107
6786 5785 108
3846 3585 109
644 5169 110
219 703 111
4759 3359 112
6659 3494 113
5195 2512 114
596 1558 115
2041 2814 116
5724 3871 117
6926 5554 118
929 666 119
967 5802 120
2856 150 121
2529 6708 122
607 3100 123
6366 3076 124
4024 6946 125
1933 3235 126
847 1950 127
6651 177 128
4171 5946 129
1547 4002 130
922 5280 131
3251 475 132
6670 5896 133
413 4986 134
6884 614 135
708 5963 136
6600 1421 137
1783 3422 138
3949 1435 139
5981 5324 140
1545 6197 141
2581 2888 142
3463 5650 143
6311 692 144
4104 4617 145
6018 6984 146
2557 5180 147
2047 4234 148
7154 4993 149
3056 1146 150
2148 5428 151
903 1916 152
300 1903 153
6084 5499 154
77 284 155
3096 2095 156
562 5986 157
2632 5473 158
3299 5433 159
4627 1639 160
6617 4206 161
633 3961 162
168 7171 163
3688 2895 164
1213 7123 165
6899 5421 166
5184 1063 167
3756 6850 168
1941 6598 169
3139 3825 170
3456 2198 171
6966 4440 172
1516 2424 173
5998 651 174
18 739 175
4116 5596 176
1664 5522 177
2473 5058 178
2211 4101 179
971 3436 180
105 2316 181
1151 2893 182
1056 2788 183
1340 4781 184
662 4288 185
2599 5652 186
3619 7099 187
6804 1485 188
5846 13 189
1073 6844 190
6366 1535 191
6061 3747 192
3943 320 193
5376 7029 194
1118 5951 195
4166 6363 196
5742 6044 197
2554 7037 198
5212 1569 199
1229 5750 200
5195 5645 1
4560 4965 2
6591 944 3
1404 161 4
1412 5108 5
2476 6716 6
5046 4116 7
5768 4309 8
399 530 9
5840 3701 10
6941 3214 11
792 5904 12
5658 715 13
3945 286 14
5901 2837 15
5891 4391 16
1914 1016 17
1277 3425 18
6937 2658 19
3697 6873 20
5540 45 21
1528 1058 22
4505 1821 23
3444 6257 24
5068 2904 25
1489 2055 26
3254 3895 27
6698 1208 28
2402 302 29
5234 3501 30
4071 470 31
1593 1792 32
1414 1983 33
4490 3677 34
3170 1341 35
2875 3752 36
5152 3332 37
3023 3672 38
7121 950 39
532 2189 40
4845 5225 41
6141 4529 42
1924 1268 43
1657 6054 44
2871 4229 45
4589 5514 46
5774 2389 47
6377 1367 48
3153 5999 49
3276 300 50
3846 1108 51
1403 3682 52
6661 363 53
2990 194 54
1692 5139 55
470 5357 56
743 4697 57
5802 492 58
3628 3595 59
2765 2399 60
6804 5406 61
4791 3573 62
5116 797 63
4507 451 64
4637 185 65
2587 6799 66
6999 3399 67
4410 6316 68
802 6362 69
389 918 70
7095 5005 71
3602 3886 72
6147 2273 73
4774 3587 74
3073 2041 75
4957 4057 76
1495 2434 77
6987 6894 78
2943 1545 79
3230 4003 80
4746 1111 81
5554 4051 82
6368 1322 83
4636 4359 84
4814 6833 85
5840 747 86
2205 3408 87
6847 6568 88
4637 4006 89
5637 1109 90
5787 4471 91
4231 627 92
2606 4393 93
1711 6204 94
3467 3374 95
4694 294 96
4746 616 97
4710 3517 98
6207 5089 99
6277 5878 100
757 3142 101
5516 1678 102
4091 4225 103
387 6053 104
4831 220 105
6103 2405 106
5107 6106 107
6003 1324 108
5467 4327 109
3064 2461 110
1852 3087 111
361 6179 112
276 2012 113
4061 432 114
4727 6107 115
5621 1543 116
6501 914 117
4615 3077 118
6030 3694 119
6471 3181 120
5511 6353 121
376 76 122
4023 2403 123
3625 3923 124
6661 33 125
5286 4784 126
3192 5809 127
1301 1464 128
3123 116 129
820 6147 130
6857 6380 131
244 3528 132
650 7032 133
1829 3339 134
1627 478 135
2342 6442 136
3052 2348 137
243 6506 138
3472 5278 139
4075 2939 140
1215 7174 141
6691 2142 142
3397 6603 143
5482 5491 144
4197 3769 145
1079 3653 146
4179 2167 147
1243 3864 148
2606 6858 149
5233 626 150
6082 1975 151
6880 968 152
6070 1705 153
1070 3883 154
1261 6422 155
4911 6533 156
4225 237 157
3035 3992 158
1788 6112 159
3194 1732 160
1607 6208 161
2050 4425 162
2642 6346 163
6998 753 164
6832 266 165
5743 4024 166
1261 1631 167
4014 6905 168
5346 3684 169
421 426 170
3498 607 171
6518 5984 172
6486 1923 173
1207 3625 174
3899 6542 175
579 4475 176
4066 4728 177
190 5875 178
2925 4105 179
6386 2319 180
221 146 181
267 46 182
4860 5130 183
206 6375 184
2076 3853 185
5985 3862 186
1882 909 187
4369 1157 188
2559 2370 189
1632 1211 190
4810 751 191
6453 3431 192
468 2428 193
6186 6771 194
5246 4312 195
4595 2795 196
3415 5989 197
3338 6317 198
3423 398 199
1191 6350 200
5634 1401 1
6094 5206 2
4253 5067 3
2599 7113 4
6303 4852 5
2486 5665 6
3351 2635 7
4461 1348 8
998 3746 9
949 1120 10
4562 4333 11
2252 700 12
2548 5115 13
3637 3437 14
1578 5849 15
2986 4233 16
6656 1954 17
5097 2617 18
5039 1735 19
1612 4688 20
2295 1642 21
6486 543 22
4546 4330 23
489 558 24
4582 1399 25
3397 5092 26
2678 5495 27
6187 3593 28
903 6099 29
6429 5638 30
3803 3512 31
6205 2759 32
5074 4182 33
1516 6804 34
4944 3529 35
2946 4547 36
2032 5028 37
5683 3810 38
3177 5686 39
782 800 40
6934 3478 41
3710 639 42
5745 5055 43
2129 2701 44
2616 3764 45
6468 2126 46
3148 4422 47
5105 3836 48
5961 1661 49
2325 4891 50
5595 1531 51
6250 1842 52
2313 1659 53
639 3801 54
3702 3743 55
3828 3526 56
6667 7 57
2186 6061 58
7184 2330 59
1033 6644 60
228 4226 61
6839 791 62
3732 4996 63
3473 3476 64
149 6045 65
1707 3059 66
5194 4271 67
6116 4953 68
3175 4811 69
2681 4637 70
3856 405 71
4629 3111 72
3650 268 73
6290 27 74
5729 4682 75
5127 5811 76
3274 2593 77
1516 4680 78
1175 4982 79
2998 47 80
413 6449 81
7135 7169 82
2473 113 83
2009 5195 84
4847 504 85
5349 6298 86
6728 4506 87
7058 5708 88
3374 625 89
5631 3342 90
4571 1924 91
3329 5414 92
5403 2138 93
3975 4005 94
2943 1834 95
462 2433 96
73 2802 97
4906 1521 98
6774 2863 99
5287 1408 100
311 6887 101
159 6784 102
4950 1371 103
6488 4894 104
334 6704 105
989 943 106
6061 3970 107
4783 5454 108
5124 2754 109
3118 3022 110
6610 1952 111
1645 3355 112
2622 5175 113
5845 1297 114
2030 3124 115
1374 7118 116
3948 540 117
4039 3014 118
6548 1436 119
4706 2952 120
5405 452 121
3915 4141 122
6658 4374 123
43 2983 124
6934 5500 125
5245 2 126
3916 5103 127
2711 1214 128
5545 6025 129
5174 1876 130
5443 118 131
5235 2462 132
2572 4311 133
2762 4552 134
3888 1818 135
2245 6029 136
531 367 137
1224 1254 138
2086 6314 139
6321 4532 140
2992 6859 141
7125 2060 142
1033 4703 143
1661 1326 144
5174 3496 145
6809 1212 146
4871 3138 147
4249 7183 148
3645 5555 149
3174 6131 150
6031 2625 151
1705 4210 152
3877 6978 153
6516 649 154
6685 4477 155
1176 3865 156
427 3099 157
490 1557 158
3383 2207 159
485 2849 160
5459 2083 161
607 2186 162
1765 4559 163
6497 7151 164
866 4214 165
5184 4860 166
3920 3711 167
4521 3385 168
6659 4733 169
7058 1641 170
3265 1734 171
5157 95 172
4110 579 173
711 3763 174
704 6180 175
6438 888 176
5739 5696 177
3907 580 178
3997 5943 179
3066 3094 180
810 1523 181
2487 6293 182
6619 810 183
5216 7152 184
5971 6667 185
4201 2687 186
1677 5031 187
1888 4823 188
505 1584 189
1033 3445 190
2893 117 191
6219 6014 192
818 5813 193
69 6467 194
5117 4029 195
4852 3534 196
6443 1784 197
2213 537 198
6516 2280 199
5827 2877 200
4015 2349 1
3914 4185 2
4413 1992 3
1044 5658 4
2678 1572 5
6745 6999 6
6018 3683 7
1789 3655 8
647 1802 9
6622 5145 10
2253 1768 11
322 5573 12
6110 5056 13
5947 6484 14
5787 5431 15
607 2014 16
4459 873 17
4383 1655 18
6534 208 19
3266 4139 20
692 1851 21
2055 6468 22
1568 6650 23
2289 2046 24
766 1118 25
2424 3546 26
5571 3999 27
1223 1261 28
6759 6698 29
2106 391 30
4710 4180 31
2711 4884 32
5635 4899 33
2379 3920 34
224 2885 35
2480 3776 36
6383 163 37
6706 3109 38
4219 3240 39
6705 4990 40
1289 6527 41
3752 5960 42
3944 423 43
3655 2456 44
1897 4325 45
103 1854 46
5242 6947 47
4061 1196 48
5116 4329 49
5672 6779 50
1905 4373 51
324 1257 52
2267 6149 53
3077 5228 54
6155 2088 55
6677 4268 56
868 212 57
182 3860 58
5697 99 59
3291 5306 60
7153 6266 61
1545 6446 62
4345 1000 63
6759 3013 64
5070 5382 65
5109 456 66
1385 2497 67
4505 6851 68
3276 1074 69
2180 1344 70
909 4543 71
976 6327 72
6878 5870 73
6461 1574 74
6446 6918 75
6420 5633 76
4386 3658 77
3112 2702 78
2282 6647 79
6460 882 80
287 1541 81
399 2229 82
3758 4510 83
65 1520 84
7030 4770 85
2957 6163 86
4208 5879 87
3193 5354 88
755 3143 89
884 3218 90
5231 4734 91
3221 6760 92
1756 414 93
5513 2515 94
3322 6250 95
4648 4604 96
3394 3835 97
758 6806 98
307 5519 99
4747 2676 100
2516 5635 101
2604 6287 102
3157 1888 103
861 6400 104
5856 1991 105
1087 5141 106
5075 5361 107
7071 4376 108
4347 820 109
2483 3820 110
169 1276 111
4313 6426 112
2990 5559 113
2803 4652 114
2529 3159 115
6698 5683 116
6007 2066 117
3134 138 118
2319 6682 119
5530 3802 120
524 2684 121
932 6171 122
3958 664 123
5311 4588 124
3802 4926 125
2353 5924 126
6476 2495 127
6371 733 128
5739 7161 129
3625 5251 130
3628 6954 131
1022 427 132
4042 3299 133
4244 4415 134
589 6290 135
6513 3628 136
4587 448 137
3648 4538 138
6061 4572 139
1734 6483 140
2169 4498 141
704 5871 142
886 1169 143
742 1777 144
4504 4115 145
6681 3257 146
5819 2107 147
5860 2325 148
3573 2216 149
3863 4379 150
3407 638 151
3750 1595 152
1018 5558 153
28 466 154
3945 6398 155
1138 2923 156
1576 6126 157
6559 6222 158
4378 5342 159
782 798 160
3230 3435 161
4857 4496 162
6945 1465 163
2930 2300 164
1453 2068 165
4100 2249 166
6180 6078 167
4811 1555 168
2738 4851 169
5169 2059 170
2570 485 171
136 5220 172
3157 4489 173
6652 211 174
4671 1804 175
6642 1428 176
5747 3499 177
309 4349 178
7038 1953 179
3493 5290 180
1495 1534 181
5650 1251 182
6084 5043 183
1757 3671 184
1644 6010 185
4039 2871 186
5246 5405 187
74 3707 188
600 3312 189
4330 1862 190
4949 2847 191
3383 2538 192
4905 1288 193
4577 2344 194
3147 2785 195
3952 1185 196
6200 3666 197
475 3702 198
4214 682 199
4950 2015 200
1024 1043 1
3995 1411 2
4457 4046 3
1653 6712 4
7186 7022 5
3710 5201 6
390 4097 7
3178 544 8
2982 6071 9
1303 6219 10
561 546 11
210 880 12
3230 6173 13
3576 4608 14
5252 2737 15
748 6957 16
955 2291 17
6892 1664 18
4602 2545 19
5384 77 20
6236 5277 21
6031 7185 22
1113 66 23
4932 514 24
5483 6797 25
7003 1565 26
148 3613 27
5244 4835 28
3447 6967 29
3834 175 30
665 2982 31
638 3367 32
3890 389 33
2896 6358 34
4936 6675 35
4331 1205 36
3529 328 37
5448 3642 38
3863 3662 39
6656 3169 40
1876 2427 41
4313 3110 42
2776 3765 43
4217 6935 44
5781 3780 45
2566 1979 46
4419 4410 47
5929 4648 48
6013 771 49
4057 1909 50
6955 4601 51
2115 1054 52
422 6835 53
5382 140 54
231 3689 55
54 4133 56
4663 93 57
3388 7064 58
2537 6539 59
2234 6329 60
6863 4332 61
530 5511 62
207 2694 63
3034 1589 64
2769 2263 65
4848 2644 66
3710 2740 67
1081 2374 68
2119 5600 69
5635 7100 70
1326 3352 71
4977 5289 72
2166 6572 73
1640 1308 74
3008 3844 75
4024 2610 76
4227 1858 77
3925 6896 78
832 6199 79
6800 3454 80
1965 6715 81
2743 5594 82
990 4622 83
2971 645 84
6747 6558 85
6806 4812 86
1907 3081 87
3916 5243 88
5591 6645 89
1495 7072 90
5582 2522 91
147 6417 92
4154 1604 93
1642 1377 94
809 6260 95
3852 6428 96
153 5796 97
4425 447 98
4469 3392 99
6455 1911 100
3342 2114 101
6899 4740 102
4491 4710 103
6619 2274 104
4996 1198 105
7166 75 106
2364 4170 107
3157 5485 108
5967 5627 109
2421 3681 110
1076 6575 111
4369 587 112
820 1469 113
5222 4280 114
6984 2775 115
2574 3565 116
1752 23 117
5833 496 118
3137 7090 119
5609 3686 120
5630 3272 121
7109 2828 122
6278 2010 123
7013 4035 124
4171 1273 125
2646 1458 126
4485 2171 127
6737 3981 128
311 4296 129
6717 443 130
3173 4861 131
6159 2345 132
2958 22 133
6724 1626 134
4881 4958 135
2742 1366 136
7017 5930 137
2632 439 138
6990 53 139
3887 4370 140
470 4849 141
5606 6889 142
4817 264 143
5841 4666 144
4345 6206 145
4197 3205 146
3570 5325 147
5452 588 148
6610 2147 149
3352 6108 150
5575 2255 151
4444 3051 152
1711 1965 153
4648 501 154
1941 559 155
5147 2380 156
2653 2767 157
1749 6178 158
5471 6714 159
2308 4186 160
2900 4816 161
4575 749 162
5019 6160 163
5475 2956 164
1737 1231 165
5038 2463 166
1115 6440 167
3729 3732 168
5507 3331 169
4919 4554 170
578 1840 171
2906 6338 172
3242 2299 173
3804 4219 174
3209 3277 175
3510 4243 176
3852 6394 177
5929 1651 178
2973 5507 179
2415 5168 180
4906 1852 181
3604 6009 182
337 655 183
5751 4535 184
1218 3792 185
6849 5502 186
1073 131 187
6258 1217 188
4085 6311 189
1355 6119 190
5821 1365 191
1831 209 192
4144 2561 193
3295 4276 194
2058 4719 195
2943 6137 196
4293 4869 197
6021 5156 198
2708 6494 199
3008 6181 200
2903 6979 1
3187 3465 2
6021 376 3
3837 3381 4
5649 4041 5
3178 2803 6
2013 304 7
926 4218 8
4655 444 9
5274 333 10
6499 3084 11
2602 36 12
5508 1722 13
2733 2306 14
862 6845 15
3676 4250 16
6321 4155 17
592 6679 18
4238 1143 19
2665 5411 20
6916 125 21
5001 2141 22
2370 2343 23
2445 2699 24
3203 3216 25
4139 3174 26
3539 2110 27
5953 5742 28
811 2563 29
2430 711 30
2001 2491 31
6990 5917 32
1263 6246 33
3100 4293 34
579 1764 35
3142 947 36
2516 3493 37
892 5476 38
6532 1183 39
1596 742 40
1462 6944 41
3902 3619 42
1390 1960 43
3958 4277 44
6203 6141 45
2886 3831 46
3193 5588 47
2387 7008 48
166 4091 49
502 5640 50
5821 2524 51
5116 4671 52
4722 6920 53
6705 229 54
5056 5283 55
3582 5281 56
2186 5021 57
5187 4942 58
4624 4078 59
4116 760 60
3472 5668 61
2505 2645 62
1207 2342 63
5192 4994 64
6766 2339 65
5083 819 66
4035 2980 67
1865 1559 68
6446 535 69
3830 5700 70
2576 4461 71
3025 2045 72
4557 665 73
6366 3282 74
2514 3850 75
218 368 76
2004 2707 77
3996 4310 78
908 7016 79
6103 3742 80
5009 1133 81
4286 6104 82
1067 2821 83
4670 4962 84
6975 5489 85
6207 7013 86
166 4491 87
1051 5393 88
2436 7167 89
1957 1915 90
5738 2172 91
1460 3515 92
3436 2927 93
1685 366 94
6370 160 95
2911 3170 96
833 2938 97
3726 3957 98
7139 7053 99
3188 6706 100
2944 856 101
3200 1706 102
5791 4754 103
2349 6451 104
2652 3334 105
1396 1709 106
3225 513 107
3537 1014 108
5004 6294 109
2923 3245 110
1411 2642 111
1079 1269 112
6064 1033 113
2281 6324 114
3950 1249 115
2929 4797 116
3559 2395 117
309 4760 118
1685 3803 119
5336 6977 120
5394 6589 121
7135 1899 122
1534 4940 123
3616 983 124
3482 5526 125
2470 5123 126
6290 3165 127
4491 1996 128
5634 3851 129
6768 1256 130
5044 6751 131
4042 4642 132
4601 5208 133
3690 815 134
6516 5889 135
3915 2846 136
6311 6055 137
5558 3419 138
5443 6064 139
843 1511 140
5816 3955 141
5243 6898 142
1981 3311 143
6966 5891 144
6459 2471 145
4587 1494 146
3778 4883 147
6649 3823 148
4168 5619 149
2019 4530 150
5445 4441 151
45 2760 152
5915 3676 153
6809 2489 154
3155 1018 155
4214 7068 156
2151 6721 157
1363 2725 158
6525 6024 159
5691 1193 160
6939 561 161
1452 4999 162
6678 4813 163
1 3880 164
6524 4103 165
477 2780 166
2439 5025 167
3622 5345 168
3600 2037 169
5057 5623 170
6758 3609 171
3193 4394 172
2991 5418 173
3231 5850 174
1834 1228 175
7022 3730 176
868 674 177
4589 137 178
5208 6381 179
927 1962 180
7169 4123 181
5959 235 182
2084 4112 183
620 2422 184
2115 4147 185
3411 1243 186
5808 1194 187
2879 2204 188
1022 1499 189
4897 3495 190
6465 986 191
1607 4260 192
5013 4488 193
567 3558 194
4410 1742 195
5798 3447 196
3286 5101 197
4167 436 198
705 3273 199
6673 5832 200
2391 5513 1
5513 3537 2
4400 1057 3
929 3876 4
4163 1597 5
1 5674 6
1284 4737 7
7199 2609 8
2312 4910 9
4190 524 10
5884 3660 11
5177 5572 12
1895 3030 13
6533 5745 14
3861 5218 15
3014 5949 16
3783 3473 17
1143 3255 18
463 3471 19
6615 6783 20
7109 2517 21
1915 3144 22
6759 5287 23
1519 5349 24
4484 783 25
5038 1432 26
5592 985 27
5400 3350 28
1182 6221 29
4905 5469 30
5555 1267 31
2572 3519 32
151 6303 33
2566 2381 34
6392 6463 35
2838 7149 36
4229 3280 37
2000 1537 38
1425 3761 39
673 4830 40
2648 5842 41
318 6286 42
4629 6285 43
3995 396 44
5541 3861 45
5996 6815 46
1924 5179 47
3334 3601 48
2394 1451 49
3273 2259 50
6884 3539 51
6639 4739 52
5234 6037 53
5700 446 54
2526 258 55
6204 5046 56
607 2587 57
249 5482 58
6749 5186 59
2925 4007 60
2151 1657 61
1923 5498 62
7183 6609 63
1467 6941 64
2276 1492 65
2271 3220 66
5397 7002 67
3648 1304 68
4091 3500 69
6706 2618 70
6847 7160 71
4774 3308 72
2659 2378 73
4371 6907 74
6892 465 75
3546 1457 76
100 3377 77
6265 5527 78
4484 239 79
3057 2669 80
402 1889 81
6945 4789 82
6256 5801 83
5790 6678 84
3381 1832 85
5211 227 86
923 3434 87
1800 2030 88
1154 352 89
4327 3149 90
6636 7192 91
5769 5830 92
5872 7094 93
3541 1926 94
5386 6259 95
4711 2985 96
5243 1553 97
3155 555 98
5973 486 99
2793 3412 100
762 4235 101
5919 51 102
303 4513 103
3133 62 104
5316 4842 105
820 4686 106
6535 226 107
1654 5617 108
1515 2807 109
2155 81 110
3564 805 111
6384 2873 112
4739 5800 113
1682 5913 114
2587 4838 115
1213 1195 116
4581 158 117
167 6866 118
4156 7026 119
3295 1936 120
6764 4870 121
3374 4556 122
1312 4092 123
6490 3348 124
1288 4469 125
3014 1993 126
5070 6525 127
2324 4798 128
7017 1474 129
269 2958 130
3295 4190 131
2835 2636 132
3050 5320 133
7185 1313 134
4815 1609 135
6471 5040 136
2114 2542 137
6999 6457 138
6765 3035 139
4491 6372 140
209 1233 141
4771 3837 142
6749 832 143
1879 4614 144
1397 3326 145
124 3952 146
730 1795 147
2056 1809 148
3406 3024 149
5446 3824 150
1954 4900 151
1738 248 152
887 961 153
3173 6709 154
5753 1772 155
7129 5012 156
4156 4324 157
6332 5903 158
3035 6916 159
3909 1138 160
4035 3700 161
683 72 162
6922 2218 163
1727 3967 164
1700 386 165
5900 4934 166
1730 3531 167
5746 5988 168
358 6051 169
5045 6498 170
5111 7042 171
4790 2553 172
4120 450 173
3134 2065 174
591 2998 175
6387 2077 176
922 5490 177
607 3482 178
1274 1765 179
336 4237 180
886 573 181
4283 6169 182
2493 1370 183
6165 2314 184
2484 4399 185
5606 1310 186
6788 2639 187
317 967 188
1902 4509 189
722 6522 190
6068 181 191
2066 1338 192
1711 1413 193
5655 5063 194
6014 2136 195
5765 4840 196
1334 3228 197
5396 5339 198
2231 6309 199
5606 5677 200
1899 3907 1
5588 600 2
351 509 3
5065 6917 4
4686 6901 5
1943 5460 6
4710 7044 7
5256 4902 8
5152 4086 9
7006 6836 10
921 693 11
2148 6638 12
925 1084 13
4411 5732 14
3837 668 15
762 970 16
7100 6444 17
4489 4704 18
7135 6496 19
4769 3643 20
6317 1769 21
1733 4081 22
4658 5374 23
4499 3289 24
5236 4169 25
6339 4525 26
6949 1441 27
3764 726 28
571 1476 29
5142 5023 30
2845 3021 31
3735 5995 32
3630 1508 33
6696 675 34
4179 1246 35
6387 3088 36
6670 463 37
207 3695 38
6438 6475 39
2731 617 40
5752 2159 41
7157 2716 42
534 6900 43
2359 2655 44
545 3592 45
3772 4328 46
189 48 47
5634 5113 48
1456 3581 49
6704 5204 50
442 3112 51
1915 2000 52
4116 878 53
2879 667 54
3105 924 55
1825 4168 56
4796 4640 57
6875 18 58
3735 5895 59
2186 2212 60
636 4571 61
330 5967 62
2642 4670 63
6318 5944 64
2381 1635 65
6306 2601 66
2587 2412 67
6585 5480 68
2520 4079 69
1410 5997 70
2437 2070 71
3104 4202 72
5915 4022 73
723 4607 74
2897 3457 75
5220 5386 76
471 4517 77
2429 1864 78
5745 6677 79
6057 4674 80
1540 1105 81
5915 6420 82
2047 5381 83
5230 5486 84
3902 4757 85
3710 5782 86
1785 4289 87
6105 3254 88
3520 1937 89
2333 4799 90
6244 2749 91
4086 2335 92
272 6663 93
334 4952 94
6999 5755 95
1567 2710 96
1176 2076 97
7067 772 98
1664 1453 99
2802 6775 100
6318 202 101
4498 4273 102
96 2499 103
5380 2791 104
3186 974 105
2943 90 106
2366 3868 107
3087 5820 108
2503 6949 109
6681 3048 110
723 1860 111
6333 5866 112
1558 1627 113
4121 2731 114
1418 188 115
2041 2693 116
6202 912 117
3133 2455 118
6705 3221 119
1 1361 120
4871 5735 121
2204 4025 122
789 578 123
2217 34 124
3901 5912 125
3265 2844 126
6287 1702 127
3635 848 128
4601 1779 129
6807 6754 130
5828 5244 131
2169 955 132
516 5373 133
1051 3189 134
6804 596 135
5655 89 136
6578 6148 137
1787 3157 138
4401 5128 139
6967 6573 140
3610 1848 141
1535 3733 142
305 1820 143
5971 3428 144
1693 4706 145
6182 1144 146
1839 6277 147
2838 92 148
2088 2152 149
667 4001 150
6782 2894 151
7132 6378 152
5593 4287 153
5215 3964 154
3193 1234 155
1762 7055 156
2636 3829 157
6440 6735 158
5523 4864 159
5986 5736 160
4802 839 161
5710 6879 162
4720 6764 163
1177 5547 164
1223 1753 165
1656 5079 166
6900 2042 167
5556 64 168
4113 4036 169
4521 2262 170
1285 3152 171
1547 3637 172
4802 449 173
2134 2928 174
6929 1114 175
4318 129 176
2942 5074 177
5385 624 178
5372 5369 179
5510 2312 180
6244 3341 181
818 4795 182
3912 6864 183
654 422 184
5523 5846 185
4589 2052 186
6801 5193 187
2159 506 188
1279 6697 189
4490 5990 190
3939 4827 191
2064 1093 192
2182 5996 193
6485 3826 194
6039 4973 195
3877 1919 196
209 2007 197
3402 4646 198
762 6500 199
3907 5376 200
3837 6407 1
694 4278 2
3273 1277 3
1746 5462 4
4519 6271 5
6377 2599 6
3937 5064 7
2742 7154 8
3295 6125 9
3230 3025 10
1724 2153 11
2237 6862 12
2507 5621 13
1592 6748 14
4521 4447 15
4302 1181 16
4275 3140 17
408 2765 18
3045 1065 19
4035 1843 20
2132 4788 21
5251 1775 22
2694 2915 23
1837 5687 24
266 2020 25
6183 1402 26
5551 1739 27
3677 3956 28
5977 4828 29
2324 4131 30
6889 5613 31
7178 3004 32
2424 1056 33
4489 4124 34
1879 5581 35
3082 3366 36
6996 713 37
2433 3 38
1082 5352 39
3951 6642 40
4341 5483 41
3188 4705 42
5596 6088 43
6084 2326 44
2310 1808 45
4514 4736 46
5775 5899 47
5809 6152 48
5152 3604 49
6696 1855 50
94 2265 51
4742 2048 52
5085 3489 53
2237 2615 54
5116 5419 55
58 6262 56
3978 4263 57
4072 4299 58
2077 861 59
1644 3335 60
6782 2951 61
2991 2488 62
6180 4362 63
4982 4153 64
1939 2369 65
6754 5317 66
217 1518 67
6500 5398 68
3253 1321 69
6367 4542 70
1587 4681 71
6394 2439 72
5193 2043 73
558 1082 74
1217 5202 75
4811 2559 76
2125 153 77
6302 5693 78
4100 6536 79
65 4181 80
4307 4298 81
1569 1694 82
562 2441 83
1579 1810 84
7030 6421 85
3444 2920 86
6467 6964 87
1140 5692 88
6619 1237 89
2802 2665 90
1956 1374 91
1852 3121 92
708 4291 93
3228 4872 94
5212 5455 95
5683 3285 96
931 232 97
2453 3751 98
1882 1077 99
5606 5135 100
868 2100 101
6151 2024 102
1391 3361 103
534 3251 104
2783 7001 105
4331 6890 106
3902 5715 107
843 3097 108
3023 5855 109
3318 3389 110
2713 5585 111
5419 7145 112
28 4452 113
845 694 114
4517 4945 115
448 5653 116
6478 74 117
6633 6561 118
2451 191 119
2127 4283 120
6765 3846 121
6237 5536 122
6105 3182 123
4219 5435 124
3309 6912 125
34 2407 126
766 1312 127
4527 2034 128
5990 6111 129
2667 6120 130
7100 1060 131
6563 883 132
892 6713 133
6774 2211 134
554 6908 135
2064 6755 136
3314 3545 137
4771 3916 138
1 4015 139
6131 1939 140
973 1479 141
3766 4678 142
2310 6773 143
1428 2801 144
1916 3708 145
4566 2686 146
611 5322 147
5483 4407 148
3358 3062 149
5017 5084 150
881 2410 151
334 4245 152
5043 4198 153
4658 1450 154
4123 5008 155
1551 5468 156
307 5424 157
256 3351 158
2180 1355 159
4774 2281 160
2603 3921 161
5194 1930 162
135 3460 163
2691 3433 164
2013 763 165
3293 3663 166
4084 5910 167
6990 3988 168
842 5948 169
7065 691 170
3188 4244 171
4766 4966 172
7139 936 173
4906 1191 174
5661 1429 175
5414 2619 176
1501 3926 177
5184 5970 178
3794 5091 179
6946 4356 180
4214 1438 181
5247 1049 182
6021 1412 183
830 3759 184
3057 657 185
6436 6607 186
6518 2285 187
5600 4192 188
3837 69 189
5730 7018 190
1315 2573 191
5635 3187 192
3639 2173 193
7015 6319 194
820 2484 195
2103 7146 196
5021 5980 197
2623 126 198
2856 1932 199
5659 4895 200
3951 2192 1
4900 5765 2
3410 6279 3
4012 723 4
3535 4307 5
1179 1562 6
3666 7083 7
6493 811 8
2453 2036 9
6678 1126 10
3914 6499 11
4269 3990 12
4848 5015 13
5745 1089 14
3407 2776 15
325 2628 16
3173 825 17
2368 5085 18
6334 2535 19
2104 1156 20
2819 3562 21
110 3283 22
5364 1617 23
2939 5318 24
1414 5165 25
2097 2350 26
2769 3127 27
2958 3859 28
234 217 29
3050 2989 30
1963 6854 31
6082 5144 32
4220 4227 33
3837 2691 34
6778 6301 35
4523 5241 36
2718 4456 37
6187 2629 38
4033 4665 39
132 1892 40
5544 6049 41
3560 5931 42
2529 1981 43
6200 6627 44
6204 5961 45
2857 459 46
6703 240 47
4024 7038 48
1787 4304 49
5043 2311 50
6252 3270 51
7177 5722 52
7013 2313 53
3581 1987 54
2854 4154 55
200 6175 56
7074 7047 57
4419 2995 58
1374 6710 59
6543 5789 60
7070 5205 61
822 6673 62
2068 5940 63
2222 775 64
674 4132 65
5771 1316 66
4852 6320 67
1033 6537 68
2392 4080 69
5246 2277 70
4941 6322 71
3509 962 72
2209 2478 73
3994 2974 74
6737 3841 75
6519 6323 76
1176 6705 77
1617 7159 78
7063 2661 79
6207 6624 80
5103 5075 81
842 592 82
4498 5936 83
2017 250 84
858 2698 85
5418 1958 86
553 6802 87
3318 4189 88
1174 2865 89
5052 2513 90
7074 1738 91
999 4047 92
219 714 93
4272 6278 94
3479 410 95
6239 5713 96
4233 6002 97
1291 1956 98
301 4297 99
1392 6069 100
5492 2809 101
3837 6018 102
245 6162 103
4571 2307 104
5669 1652 105
6256 1362 106
3459 1127 107
1575 6109 108
3452 3678 109
3620 5886 110
2359 4773 111
5033 4358 112
284 7041 113
4786 3050 114
6799 4553 115
3373 4264 116
5729 2575 117
3564 5471 118
5059 945 119
2237 5666 120
3073 5767 121
5046 2096 122
1291 6331 123
6988 2685 124
3148 1232 125
3253 2511 126
5518 3631 127
7013 6154 128
5510 2843 129
3066 977 130
5124 1594 131
3798 1907 132
1473 5947 133
1238 4106 134
1452 3945 135
3996 3621 136
5380 1285 137
1362 3777 138
349 2482 139
5863 5518 140
233 1829 141
1142 2219 142
2185 4800 143
1957 4463 144
3912 4438 145
4774 6685 146
4845 4903 147
5726 2671 148
4627 1986 149
6267 4533 150
1499 6736 151
3199 3450 152
5712 1466 153
2941 4991 154
4499 3199 155
4498 1801 156
3291 3160 157
6907 100 158
3588 4403 159
2173 1710 160
2670 4417 161
4706 7177 162
4215 5160 163
4899 4478 164
2302 845 165
4266 1017 166
3727 6249 167
4645 6361 168
489 2815 169
6528 2976 170
6192 2905 171
2185 3388 172
3497 5826 173
1557 2386 174
3812 5856 175
6125 4238 176
3785 1666 177
6494 2357 178
6366 6523 179
284 795 180
6270 1512 181
2578 2272 182
5774 29 183
6705 5678 184
2863 988 185
4208 6038 186
4722 5194 187
2217 5542 188
3576 7011 189
3423 1311 190
1922 3208 191
2458 4774 192
2426 522 193
247 343 194
2635 6767 195
3142 178 196
885 6504 197
5928 660 198
255 1336 199
5492 383 200
6723 4045 1
5295 3200 2
7173 96 3
7112 2891 4
5452 3728 5
4945 2144 6
6568 2418 7
1325 1400 8
5405 994 9
4949 3944 10
758 3337 11
1413 377 12
5147 3582 13
4804 30 14
1922 992 15
1127 1284 16
2483 259 17
311 393 18
1285 972 19
5021 3697 20
1407 1332 21
373 3994 22
3916 5780 23
6988 4497 24
3462 2081 25
5076 7045 26
531 6824 27
2953 2745 28
3697 2711 29
3134 6670 30
2620 5038 31
3175 1755 32
2274 5245 33
3054 1841 34
3157 438 35
2578 4621 36
6608 3523 37
5443 2289 38
591 6578 39
4104 6951 40
2696 4664 41
2756 3268 42
5532 6134 43
5263 7069 44
6592 6753 45
4331 1106 46
396 6965 47
6938 6915 48
3857 6443 49
1953 4126 50
6189 5607 51
6555 5974 52
6608 938 53
5580 3259 54
5630 4545 55
6116 1945 56
6882 1164 57
6779 5358 58
2359 6665 59
3982 4353 60
6530 413 61
5986 993 62
495 4597 63
3735 5667 64
4982 6042 65
6404 2978 66
4710 3114 67
3899 4384 68
4689 4142 69
5894 73 70
3055 4177 71
2379 5343 72
5808 6196 73
1997 3313 74
1742 2359 75
5564 731 76
6247 5834 77
5811 2305 78
1691 716 79
488 5219 80
4126 2621 81
2319 889 82
3774 3704 83
3033 5625 84
7073 336 85
3757 2840 86
1075 923 87
6151 3925 88
1889 1828 89
2757 1142 90
5850 3000 91
5981 3800 92
2960 3516 93
165 1549 94
246 6757 95
6364 5725 96
2570 1849 97
5431 6768 98
3692 329 99
2069 4844 100
3084 1503 101
3221 1623 102
1540 4094 103
1766 6621 104
3199 5309 105
3055 6073 106
159 6470 107
5556 5131 108
6809 5591 109
5825 5142 110
1067 5524 111
25 1605 112
4120 6339 113
6997 1239 114
6019 2193 115
589 2123 116
4976 38 117
4938 5538 118
2965 5140 119
2975 741 120
418 6825 121
621 6414 122
1475 417 123
3035 5441 124
3575 6811 125
1723 2949 126
737 1861 127
3087 6453 128
4249 5174 129
5033 3469 130
1766 6406 131
1340 996 132
7089 1110 133
6782 5166 134
3230 2125 135
7172 1440 136
4088 433 137
6275 42 138
1380 534 139
1488 6039 140
6566 6184 141
5591 7096 142
3520 5838 143
5804 5921 144
596 5701 145
737 5509 146
3979 7000 147
434 6509 148
6299 581 149
5415 121 150
1164 6985 151
4285 1546 152
4272 1410 153
1664 2620 154
3566 6581 155
2766 612 156
3407 6168 157
897 3600 158
3276 545 159
3502 2180 160
2379 2287 161
6094 5477 162
760 7130 163
6795 3452 164
5400 3229 165
7111 4548 166
6497 168 167
4087 777 168
3728 890 169
5820 5126 170
3134 6033 171
6773 308 172
1003 2225 173
6829 2332 174
5440 3061 175
2385 2457 176
2194 4159 177
4815 6874 178
84 718 179
5446 5082 180
6981 6215 181
6892 3608 182
4139 6020 183
5574 3219 184
3547 2887 185
2019 5545 186
5445 6515 187
1310 5293 188
825 1005 189
5599 6725 190
4394 351 191
5688 630 192
5722 6413 193
4949 4067 194
991 6676 195
433 2607 196
2991 6334 197
121 5037 198
4721 2008 199
6156 2533 200
5004 4395 1
6642 5710 2
6256 4207 3
2999 4764 4
5999 4624 5
4331 3828 6
3783 2963 7
5620 2770 8
2398 1514 9
5887 3991 10
3381 3166 11
1554 1036 12
4518 4941 13
2906 1242 14
1487 2266 15
2173 5864 16
6938 1403 17
3073 402 18
1607 5517 19
5499 1785 20
3462 4467 21
5545 5214 22
1632 4487 23
6282 6153 24
1141 6511 25
2953 1380 26
1391 780 27
470 925 28
498 5534 29
2293 3019 30
1157 4515 31
2742 4606 32
3738 1774 33
567 2532 34
3837 3153 35
6266 5938 36
3665 5385 37
4158 3201 38
2289 6376 39
4289 4162 40
491 6113 41
1753 1628 42
2061 1619 43
5514 3758 44
5587 2092 45
266 2930 46
57 3622 47
2788 2790 48
6579 2569 49
5174 586 50
3502 4448 51
3540 3627 52
1906 2872 53
1825 756 54
4848 5117 55
6494 10 56
1629 382 57
4711 5446 58
2041 3400 59
5597 2414 60
2998 4600 61
3393 4974 62
5443 1490 63
739 5847 64
1593 2252 65
5532 3328 66
1837 1460 67
534 1343 68
5872 6772 69
5707 7194 70
525 1148 71
1891 4419 72
808 1369 73
3729 3231 74
1616 4262 75
1253 4220 76
6724 7175 77
2185 3232 78
2489 6485 79
6995 2730 80
3508 6617 81
3625 5905 82
5470 5269 83
5492 3298 84
5532 6030 85
1865 1423 86
3508 779 87
1413 1831 88
5661 5530 89
4419 3533 90
6187 6124 91
358 5121 92
2458 2700 93
6944 3815 94
228 3197 95
3721 3849 96
2832 233 97
3698 60 98
5 184 99
2552 1638 100
305 5769 101
4766 2232 102
2633 1647 103
246 5543 104
3146 1433 105
2623 4746 106
1296 1092 107
6620 1587 108
5190 4501 109
3508 3965 110
206 5660 111
5986 4436 112
5967 7025 113
5626 6399 114
110 201 115
938 1035 116
3316 273 117
2488 4843 118
2368 6652 119
5397 2971 120
2043 2247 121
6337 3615 122
4620 512 123
1305 5095 124
6141 2179 125
6205 5138 126
5129 564 127
2651 1540 128
2838 4442 129
5680 769 130
1960 6011 131
2105 4075 132
4170 5191 133
1852 2447 134
3493 2021 135
625 7085 136
6728 5094 137
2599 41 138
6797 4873 139
6840 4808 140
207 2508 141
5352 1733 142
3710 4269 143
6641 3806 144
3500 2297 145
3614 5030 146
976 6095 147
3437 5039 148
748 4879 149
5195 2681 150
178 5226 151
2360 3304 152
3535 3596 153
6551 6852 154
1223 3510 155
2690 322 156
3602 6933 157
1837 5532 158
1946 2408 159
2274 6383 160
5461 2375 161
4394 984 162
6625 4609 163
2096 3075 164
4692 7031 165
656 1104 166
2274 4829 167
463 3409 168
4836 3827 169
6030 4054 170
131 2430 171
4266 5070 172
6258 6546 173
5384 2087 174
6116 4975 175
856 1883 176
1018 1614 177
1661 866 178
1045 3760 179
5152 6207 180
2152 6745 181
1138 2481 182
1783 5260 183
3087 826 184
2552 3973 185
6567 532 186
2267 1178 187
1429 6688 188
1147 5057 189
636 257 190
1839 2162 191
5620 1439 192
6533 1731 193
1615 5579 194
5724 6079 195
2023 6955 196
4707 5051 197
2304 6587 198
1140 2605 199
1957 1095 200
6452 7088 1
4071 6297 2
6988 6658 3
1057 4211 4
4051 3317 5
6899 2932 6
654 3168 7
3837 5312 8
6990 4550 9
4579 6904 10
4312 3365 11
923 6265 12
6397 6692 13
1235 1713 14
2041 919 15
3282 5438 16
1383 483 17
6847 2078 18
2354 4272 19
6583 697 20
6801 1013 21
5113 1824 22
4833 3893 23
4593 241 24
4860 2128 25
3804 3878 26
7065 5003 27
2211 2098 28
1469 373 29
4386 6166 30
3735 3692 31
3381 4750 32
5392 5679 33
6061 2157 34
3990 4766 35
1449 3319 36
5149 2547 37
2946 915 38
3581 370 39
1901 2670 40
7038 5316 41
6103 6832 42
7018 1179 43
124 1902 44
3579 3813 45
1625 5453 46
843 1437 47
3527 730 48
6110 4924 49
2312 6067 50
2533 5338 51
5019 1027 52
1067 2097 53
2121 5550 54
4804 1885 55
3711 5282 56
2182 927 57
6951 6810 58
5418 5439 59
5195 6359 60
2929 65 61
5443 4691 62
226 5024 63
5495 2718 64
1291 4632 65
5156 4744 66
3752 4409 67
4670 1292 68
62 2564 69
6890 2539 70
4085 4759 71
7186 1467 72
1915 3230 73
1159 2485 74
5306 4259 75
1839 3401 76
5787 3462 77
4507 1238 78
6167 4723 79
6610 6553 80
1027 1201 81
821 4368 82
2201 4969 83
6648 3634 84
1602 681 85
6681 6720 86
3217 4936 87
1065 6577 88
3539 1409 89
3766 418 90
4598 353 91
2943 536 92
6542 1496 93
1487 4027 94
1158 5836 95
3297 6726 96
6332 1611 97
1745 5781 98
6701 4526 99
3329 4129 100
3311 154 101
266 5787 102
7159 2715 103
3573 1644 104
1555 4284 105
1360 1791 106
4054 170 107
3658 6233 108
5043 290 109
4135 1182 110
7117 7030 111
6519 5348 112
4369 5806 113
3291 1064 114
145 4803 115
6169 629 116
1395 3256 117
1452 5601 118
4417 1028 119
489 3714 120
421 5614 121
2852 1053 122
436 1015 123
4660 7115 124
6440 2087 125
849 6970 126
1492 3962 127
5963 498 128
70 3951 129
916 3522 130
5 3833 131
5407 963 132
2287 101 133
7052 4792 134
4246 5564 135
2094 6501 136
3772 3982 137
545 3026 138
5558 951 139
6018 3028 140
350 774 141
2958 964 142
2825 4658 143
2017 2129 144
6746 4317 145
5178 2766 146
4620 4968 147
5631 4331 148
2267 7071 149
6600 5378 150
438 2793 151
3958 1747 152
419 1788 153
4454 3654 154
6159 2075 155
3935 1817 156
2326 3154 157
476 2404 158
5265 1264 159
5724 6368 160
7122 5992 161
814 311 162
1208 4161 163
1159 1489 164
1595 6549 165
4899 1972 166
6623 6315 167
31 5694 168
4168 4690 169
1957 6906 170
792 6961 171
704 3969 172
5074 5748 173
6468 3651 174
3534 3261 175
4680 3449 176
1931 2643 177
2827 387 178
1452 6450 179
545 4343 180
5977 2016 181
636 2600 182
3404 5401 183
570 6461 184
6689 1052 185
6157 3845 186
5045 4806 187
1759 5109 188
3692 6189 189
6513 5360 190
4316 1978 191
3075 6192 192
7132 5827 193
4647 357 194
3199 868 195
2389 1746 196
2816 4009 197
5749 1767 198
2295 3716 199
1207 745 200
2578 5833 1
4497 4700 2
3990 2568 3
5406 3946 4
2911 5112 5
2686 5155 6
2014 120 7
6593 5351 8
3154 5478 9
4473 6903 10
5416 6997 11
3805 7104 12
5405 3037 13
2529 2624 14
4800 1319 15
4223 346 16
2957 6945 17
4627 6187 18
4435 6191 19
5828 5637 20
6733 593 21
5608 5873 22
4920 2315 23
95 5950 24
4722 2505 25
3134 6976 26
4711 6743 27
4847 2574 28
758 821 29
4501 4342 30
6539 2244 31
2310 2721 32
2458 26 33
3817 1632 34
1228 6592 35
1551 5994 36
5413 2924 37
3764 2662 38
5156 1897 39
3983 395 40
6254 6821 41
2892 3176 42
1971 2176 43
3193 1305 44
4396 3017 45
2527 6474 46
4575 1452 47
3937 3009 48
89 6491 49
271 6962 50
6852 5932 51
3764 1874 52
33 5918 53
6415 647 54
4848 2748 55
3026 360 56
6021 628 57
6752 11 58
1952 2469 59
70 5359 60
4491 4156 61
91 5831 62
7057 3632 63
178 1839 64
5080 900 65
2814 3122 66
6261 3347 67
267 3429 68
3653 876 69
2356 3693 70
4925 3754 71
5972 4217 72
5762 2876 73
5265 2464 74
6244 176 75
613 2977 76
6950 6972 77
5234 2443 78
4667 1010 79
3235 5026 80
1568 5254 81
3541 2761 82
1547 1449 83
4882 4866 84
1540 2013 85
3604 3980 86
3949 3929 87
5385 5548 88
3590 123 89
1827 4479 90
4152 2603 91
6339 6934 92
5009 6213 93
2854 4038 94
2768 6727 95
2907 847 96
1418 6085 97
1852 3507 98
3741 2858 99
6297 4761 100
3188 3318 101
5228 1171 102
6726 5580 103
3576 2209 104
1759 6601 105
5070 5211 106
3142 6 107
4767 3475 108
607 4012 109
1192 1607 110
2875 1245 111
126 956 112
7155 5235 113
2822 6129 114
7187 3211 115
2930 4963 116
2293 1780 117
3499 2047 118
6291 2937 119
5339 455 120
3912 7127 121
3871 1425 122
6018 2267 123
450 5331 124
3159 4137 125
1946 1151 126
6403 5086 127
6272 3279 128
3397 5828 129
7094 5720 130
538 1384 131
6640 885 132
5739 1101 133
4680 462 134
3341 349 135
546 1830 136
5861 358 137
4304 1637 138
1291 3237 139
5356 6576 140
4175 193 141
6258 5198 142
4740 3838 143
6013 1757 144
4898 2633 145
4608 5294 146
3461 5843 147
159 2318 148
6670 2838 149
4751 3371 150
879 2365 151
6350 59 152
3130 253 153
3276 5865 154
3801 759 155
6990 1073 156
6698 2134 157
6335 4775 158
4308 2739 159
5359 243 160
835 6569 161
2568 3808 162
1783 111 163
6681 7095 164
5221 5274 165
219 1714 166
768 2510 167
5243 6752 168
6070 147 169
1101 1500 170
4000 2118 171
480 2429 172
6292 6786 173
6759 3709 174
1864 2965 175
6268 6300 176
4950 3910 177
3528 1826 178
2392 6847 179
2290 6225 180
1082 1461 181
1418 4120 182
5997 1618 183
5063 5544 184
5251 1893 185
3374 4048 186
6617 3039 187
4306 6195 188
2152 4037 189
2500 2946 190
1353 3557 191
5199 1122 192
2872 6198 193
2274 6268 194
5370 2226 195
6164 2165 196
2538 440 197
1810 503 198
4750 591 199
5254 6952 200
3059 4253 1
1543 585 2
3949 3785 3
6150 1650 4
3935 265 5
2792 2333 6
3934 4107 7
971 4167 8
2971 6672 9
1727 1125 10
706 5848 11
6926 3726 12
1411 5380 13
4071 5116 14
231 3725 15
6575 1426 16
1457 5937 17
3498 3136 18
2169 2437 19
5059 3748 20
2514 6737 21
1783 1351 22
1508 6981 23
6795 4347 24
1489 3978 25
6099 3330 26
7167 6115 27
5821 4163 28
3193 589 29
6795 1291 30
6797 1683 31
1482 1551 32
1530 7015 33
2105 2680 34
2368 3555 35
6993 5407 36
821 2295 37
5901 5412 38
990 5399 39
650 4246 40
2413 236 41
2201 3071 42
6204 2566 43
2490 246 44
4512 813 45
5374 6003 46
6668 97 47
4847 2688 48
2484 1299 49
6141 1556 50
6670 1982 51
4774 2769 52
3332 1815 53
4989 6343 54
268 7010 55
4133 1560 56
6486 4085 57
1489 3911 58
266 1350 59
256 2258 60
2161 728 61
3840 808 62
3011 1259 63
3176 3899 64
5553 6083 65
5865 5143 66
330 6841 67
5887 1473 68
6402 3249 69
6938 2069 70
2289 91 71
3138 2241 72
4655 7112 73
1420 3407 74
4288 471 75
4738 8 76
6084 7092 77
2773 293 78
766 6963 79
4583 4389 80
6922 182 81
3717 288 82
3433 5184 83
1260 902 84
1052 4018 85
3714 1963 86
2017 5158 87
3297 1837 88
2905 4714 89
3272 6027 90
4473 3629 91
5527 2446 92
3877 1582 93
4221 6817 94
4699 1682 95
3168 207 96
6584 400 97
2691 2827 98
4781 1622 99
1520 851 100
2289 3082 101
6996 7005 102
311 4913 103
1340 5812 104
5106 2458 105
5947 2205 106
3463 6466 107
4328 2223 108
5857 2867 109
2200 344 110
3639 1331 111
3057 2402 112
4757 3123 113
2550 6986 114
1361 1327 115
4528 3036 116
4946 6000 117
6265 2067 118
4211 4887 119
5872 5632 120
5115 6220 121
3677 3006 122
5841 1529 123
4944 7007 124
5663 1530 125
4197 6776 126
1547 1396 127
2155 2999 128
3757 1298 129
350 1372 130
729 5557 131
6874 4432 132
2597 6877 133
4410 2498 134
770 481 135
2489 4444 136
5531 5788 137
5841 2324 138
2681 4825 139
7045 4308 140
3625 5437 141
6013 6074 142
5579 6439 143
2616 6987 144
6673 850 145
6265 1328 146
2901 61 147
3432 2385 148
5905 6492 149
3912 3639 150
4096 1416 151
1577 6227 152
6119 31 153
1291 1748 154
5586 2514 155
2524 6826 156
1253 6922 157
4546 2869 158
6532 6585 159
5108 6356 160
6285 2355 161
1082 2245 162
6918 2372 163
1057 5690 164
2451 2124 165
3995 468 166
2164 281 167
4459 460 168
5563 6269 169
6743 6723 170
3501 3610 171
6975 1506 172
1412 4292 173
888 2638 174
2659 6746 175
6153 1814 176
5964 4793 177
4394 4930 178
3735 767 179
4171 2523 180
221 6231 181
3628 3504 182
3371 3771 183
6764 1097 184
1024 5066 185
1624 2945 186
6563 6056 187
4288 172 188
3902 6700 189
3279 1844 190
3465 1055 191
4766 4818 192
2186 3043 193
1823 1480 194
687 875 195
5615 5319 196
3018 2677 197
6720 88 198
1957 4783 199
2289 6612 200
6750 1914 1
2401 4914 2
6001 6325 3
412 1187 4
6120 2889 5
6809 1850 6
2066 1613 7
6946 4701 8
6966 2250 9
6788 1170 10
6545 5256 11
4747 869 12
5419 1345 13
6421 6167 14
5186 3616 15
6847 1698 16
3073 1444 17
7094 2278 18
826 5733 19
6091 6780 20
7074 1524 21
4544 6562 22
5545 3724 23
2907 260 24
1779 3391 25
921 6366 26
1627 348 27
3193 230 28
1251 3065 29
2429 5426 30
5214 3267 31
5043 2551 32
6180 24 33
5562 421 34
6501 272 35
6434 6580 36
7102 6138 37
5070 727 38
3783 2720 39
2274 6164 40
3916 5510 41
1428 5552 42
5316 1527 43
6721 2210 44
147 2040 45
5046 2953 46
3661 1154 47
5520 1072 48
3376 5447 49
1626 5229 50
2539 5233 51
5637 7101 52
2072 5549 53
5547 165 54
3778 5134 55
1828 830 56
5275 2577 57
6619 4135 58
1386 2682 59
6656 6047 60
6951 6996 61
1460 6110 62
1073 6388 63
6376 5731 64
280 1227 65
4102 2242 66
1579 6564 67
5423 216 68
179 1376 69
4573 39 70
3507 401 71
5063 1931 72
3237 1727 73
4187 4820 74
466 4494 75
434 2025 76
1468 3415 77
5227 809 78
3291 4341 79
611 6781 80
5661 4863 81
7100 2109 82
154 1091 83
3464 4972 84
4513 2320 85
2292 4032 86
1452 2713 87
5019 3151 88
1695 5047 89
4579 4423 90
5307 5383 91
5483 1575 92
2032 5798 93
6203 5978 94
6436 5964 95
2129 4412 96
3054 4505 97
1698 2824 98
4731 4618 99
6513 326 100
318 7196 101
1433 6687 102
5741 2651 103
3328 688 104
6628 6878 105
4491 794 106
909 4561 107
5236 2647 108
6218 1454 109
4850 5901 110
2642 3673 111
949 946 112
5079 3669 113
3023 4096 114
3577 476 115
334 2188 116
4331 2182 117
6021 5659 118
4331 744 119
1359 5620 120
6682 7066 121
3804 3360 122
1880 3089 123
1043 167 124
4335 4252 125
418 6563 126
29 5403 127
6069 5445 128
1885 6391 129
4587 3416 130
5947 2672 131
5533 3278 132
122 3940 133
5515 3848 134
2718 2358 135
6188 494 136
5690 1220 137
2609 1798 138
224 6385 139
6979 6921 140
6720 981 141
6918 1519 142
733 4578 143
2478 755 144
5719 4416 145
1590 907 146
5680 3939 147
5522 2356 148
1956 3327 149
4670 6927 150
4085 6788 151
3432 1446 152
3817 3766 153
2457 6651 154
6533 5740 155
6667 7108 156
4258 6565 157
2181 2091 158
1697 4176 159
4000 841 160
2822 5643 161
2585 5053 162
2424 4249 163
4923 6763 164
4797 2479 165
1729 1204 166
6764 4398 167
216 2782 168
2367 5602 169
3498 5887 170
3175 1168 171
1600 6540 172
1756 709 173
6239 4255 174
4408 6634 175
1841 1564 176
6163 940 177
6673 3647 178
404 3414 179
5400 1674 180
5532 6465 181
758 6486 182
3471 5402 183
6068 5292 184
6818 1356 185
1823 1662 186
5516 3486 187
3302 3012 188
2640 5125 189
5190 6747 190
6800 507 191
5906 7178 192
2364 5216 193
967 192 194
3402 7109 195
2744 6382 196
2068 3364 197
3043 4375 198
5649 669 199
1746 2049 200
7094 2741 1
6068 7014 2
2451 2783 3
76 4377 4
413 7153 5
6832 5286 6
6015 1349 7
399 6765 8
2082 5014 9
3217 4684 10
335 6156 11
3892 4247 12
5820 3234 13
4257 3370 14
5135 4815 15
1640 3440 16
2304 6075 17
6141 4605 18
4080 2394 19
5174 3276 20
3935 518 21
3420 1653 22
2516 6438 23
3096 2202 24
5961 2017 25
6682 6377 26
2416 5703 27
675 1673 28
1115 959 29
1175 6282 30
3311 2549 31
5915 7021 32
6518 4882 33
1176 7126 34
4275 4629 35
2360 4433 36
4903 2810 37
2016 870 38
1052 6194 39
4976 2942 40
3592 1116 41
2289 1020 42
5397 148 43
4425 1620 44
613 1102 45
4691 340 46
3865 2293 47
5087 5756 48
2652 5529 49
2681 6296 50
5656 6140 51
4343 3393 52
5566 6948 53
2054 1070 54
7013 5825 55
2762 245 56
2539 4052 57
2777 108 58
5484 4633 59
3109 2732 60
886 362 61
151 5377 62
1291 4638 63
5127 82 64
5127 3481 65
200 1364 66
1308 2916 67
7182 331 68
3798 378 69
4594 3171 70
6251 5036 71
6278 5081 72
3847 1571 73
5362 4290 74
2798 6798 75
3712 3032 76
1654 4536 77
5359 5239 78
2894 3757 79
5057 1630 80
2691 1882 81
6091 3101 82
1 4989 83
6061 3723 84
342 3044 85
3636 3060 86
3603 4152 87
5894 6070 88
5901 3446 89
1622 6086 90
2041 3016 91
1480 3821 92
5181 314 93
7105 7131 94
5001 6401 95
5792 788 96
6039 5759 97
3975 3927 98
3915 5844 99
1688 5344 100
1102 1592 101
6999 1337 102
198 3551 103
1135 7150 104
450 5203 105
5830 677 106
3625 3667 107
5564 1386 108
5007 5647 109
1236 3520 110
2331 6801 111
799 2705 112
5989 4414 113
2979 1009 114
2490 2743 115
2841 6469 116
4435 6993 117
2825 57 118
2677 6218 119
302 2862 120
6204 4071 121
3277 5610 122
4955 4659 123
5392 3369 124
3266 5730 125
6534 687 126
5976 3300 127
5009 4698 128
6537 409 129
6182 1241 130
3600 5634 131
2927 2531 132
5028 5854 133
6435 2347 134
6116 6273 135
6152 21 136
1586 1140 137
6367 2323 138
4598 4382 139
4288 3238 140
2907 2954 141
4671 6096 142
355 3898 143
2998 5861 144
4509 5952 145
4769 3640 146
5754 5753 147
3752 7182 148
882 965 149
5 4531 150
3133 5452 151
461 1857 152
1249 7114 153
5821 2773 154
3726 4102 155
6138 5608 156
6655 3344 157
4238 6052 158
1418 2104 159
3029 2914 160
4544 1766 161
1041 1875 162
2381 5758 163
879 792 164
5621 5567 165
2196 1510 166
6548 3556 167
2818 412 168
5921 5365 169
5848 4439 170
2438 5159 171
5768 5488 172
3890 4520 173
3683 520 174
1711 2943 175
1846 2106 176
3757 6994 177
6794 5583 178
5888 4351 179
2672 6625 180
1916 3226 181
3238 4763 182
5591 6102 183
4956 4560 184
3411 2979 185
3961 4918 186
3650 908 187
3059 5157 188
6610 3892 189
3828 4862 190
2775 6881 191
4394 4960 192
6239 6151 193
2526 3948 194
6966 5941 195
401 3161 196
1262 425 197
617 603 198
7017 860 199
3120 3148 200
5688 4564 1
145 3117 2
6701 2640 3
227 1533 4
1554 4689 5
2950 5176 6
896 203 7
6499 4437 8
1198 999 9
6924 3807 10
5246 2709 11
4683 6936 12
1075 19 13
3895 5728 14
1420 2690 15
7118 3530 16
30 4111 17
5999 4875 18
2793 1624 19
6418 4912 20
5652 6959 21
91 5387 22
6661 3873 23
4804 103 24
2289 4718 25
6934 3085 26
6609 3212 27
6592 1274 28
3084 5458 29
489 4731 30
2738 3866 31
6808 840 32
5481 6680 33
1889 3362 34
6415 112 35
1357 3905 36
3642 4428 37
1082 3421 38
1877 4367 39
2069 5071 40
6435 748 41
4982 6459 42
3199 6105 43
6329 1379 44
5346 828 45
5973 1977 46
4209 6089 47
4629 4847 48
5135 5271 49
674 4877 50
4694 2957 51
4207 1230 52
3922 4685 53
1457 2784 54
2315 1121 55
4771 1340 56
6446 3917 57
5383 6636 58
6262 6310 59
6386 3715 60
2995 2534 61
634 2650 62
3664 1405 63
654 2116 64
68 3309 65
5529 6305 66
559 4976 67
5821 4507 68
7179 2500 69
3075 4603 70
4634 1294 71
6743 1129 72
3123 7103 73
1646 4591 74
77 1309 75
4178 3301 76
6015 5776 77
3619 7116 78
2582 6211 79
976 4443 80
2148 5681 81
6938 2185 82
1467 5673 83
5659 1679 84
76 2507 85
4137 5521 86
6027 754 87
4951 6076 88
2669 247 89
1315 5626 90
3790 7091 91
3977 5985 92
1989 431 93
4080 5413 94
589 5487 95
1429 5466 96
6212 3842 97
2513 3239 98
3512 829 99
3819 1165 100
1760 1100 101
2612 16 102
4990 1045 103
7167 7129 104
6252 1719 105
5524 3888 106
5388 1743 107
1737 2353 108
3588 6425 109
750 1333 110
5058 865 111
2871 6415 112
3714 44 113
5287 1901 114
1535 231 115
5556 6662 116
4640 7043 117
2669 3928 118
750 4213 119
1409 2163 120
867 6128 121
7164 4470 122
7145 5416 123
3737 5347 124
6204 6640 125
2277 1522 126
5606 3852 127
1287 5925 128
1261 6532 129
934 3993 130
6915 1693 131
6947 6364 132
2111 469 133
821 7117 134
2297 2419 135
511 3418 136
1228 5738 137
303 4073 138
4253 234 139
295 5671 140
2019 1859 141
7025 659 142
1922 3570 143
911 4850 144
2875 4484 145
1839 7155 146
2610 4486 147
4156 4661 148
579 6758 149
5136 7180 150
4419 1554 151
856 5858 152
723 6354 153
5127 4569 154
6193 3854 155
6459 187 156
1393 1886 157
4938 6223 158
5212 1107 159
5443 2779 160
3823 1904 161
6101 2804 162
5510 1320 163
5156 957 164
7117 2612 165
3888 6816 166
4130 5699 167
2186 1672 168
1224 1989 169
7139 2058 170
6798 3919 171
1004 2431 172
6686 2175 173
1288 3206 174
4530 337 175
2424 1163 176
1960 3930 177
2127 2364 178
628 5279 179
5201 835 180
5631 205 181
3792 2156 182
6435 190 183
698 3740 184
1487 3789 185
2539 4673 186
4331 5178 187
690 525 188
5322 2338 189
826 937 190
1850 2190 191
1415 5298 192
5989 1513 193
1011 6355 194
950 4335 195
6279 5022 196
6804 6808 197
5525 6868 198
3747 5188 199
5869 2798 200
3054 1723 1
2274 3492 2
592 55 3
6151 6210 4
1593 6080 5
3935 2530 6
2481 1047 7
1715 4350 8
3957 6958 9
7005 6559 10
4648 5716 11
1826 2812 12
2823 6342 13
6460 5493 14
670 6261 15
5431 2480 16
6204 1516 17
1091 643 18
3265 995 19
5775 1728 20
179 1491 21
3598 6337 22
6609 1685 23
33 4595 24
4820 2026 25
1877 2112 26
2259 361 27
6788 4831 28
1747 4059 29
6682 2148 30
2578 4679 31
4690 6693 32
7111 5146 33
607 2475 34
6617 3503 35
4110 107 36
5063 1781 37
2565 6550 38
5729 3288 39
6889 2771 40
3264 1375 41
2798 3882 42
5929 1696 43
3361 4026 44
1943 1721 45
5767 3379 46
3805 3797 47
53 2967 48
3049 4242 49
2823 2604 50
4855 4445 51
4654 3781 52
6034 6518 53
5896 3382 54
4378 2595 55
4635 5496 56
6950 7157 57
1441 6502 58
7074 3497 59
2674 978 60
820 2217 61
1548 5199 62
5719 5329 63
6646 5045 64
6717 2583 65
6798 2101 66
4065 4239 67
4958 1483 68
6615 1115 69
267 1487 70
2969 5299 71
2477 58 72
6048 2901 73
3087 350 74
5568 3649 75
6380 3720 76
4068 334 77
356 5185 78
4532 4077 79
5698 1760 80
5371 4886 81
2501 430 82
3747 5020 83
4765 5909 84
1499 6274 85
2041 4557 86
6089 2099 87
5405 5255 88
3420 4751 89
567 7105 90
2304 4321 91
5414 6641 92
3611 5148 93
1815 3325 94
536 6034 95
4741 2425 96
5220 5301 97
2720 7186 98
924 4179 99
3 6437 100
1894 2683 101
6801 1044 102
1871 6995 103
4580 6308 104
1664 2580 105
2319 1806 106
6706 5804 107
7135 1621 108
1381 1681 109
2951 2321 110
2694 2235 111
4105 4985 112
2053 7111 113
6768 4400 114
106 4454 115
4767 3316 116
3062 5230 117
5595 3441 118
2818 4540 119
3199 119 120
1956 620 121
4710 3705 122
2372 4580 123
800 7198 124
2088 6939 125
2488 4567 126
6204 3193 127
3546 2131 128
882 1117 129
69 3783 130
2335 4303 131
4673 5571 132
5769 5531 133
2838 5609 134
1116 1062 135
5231 2852 136
2708 4826 137
5416 1660 138
5637 6280 139
6011 3058 140
2375 6201 141
3961 3798 142
5479 2449 143
2832 317 144
3401 2850 145
4474 28 146
3294 4964 147
5250 1573 148
675 3293 149
2824 6389 150
4899 886 151
6853 3103 152
269 3914 153
6311 5295 154
6630 1358 155
4620 6567 156
2238 4258 157
639 4915 158
1411 2581 159
5656 5907 160
3108 3133 161
589 6614 162
4080 3635 163
862 3670 164
1919 6600 165
4307 516 166
717 5207 167
708 3568 168
6794 4473 169
1150 3368 170
6421 2641 171
4920 2503 172
4372 3536 173
334 4453 174
1346 853 175
2147 1188 176
6360 4099 177
5286 3508 178
4558 7087 179
875 4172 180
3225 3042 181
5300 2972 182
6730 5957 183
204 1636 184
4632 5898 185
5530 1887 186
6061 1325 187
2322 3241 188
4673 105 189
758 1568 190
4199 5533 191
2875 1759 192
1245 6321 193
3579 5417 194
955 1872 195
6429 6493 196
4085 857 197
1547 6870 198
6427 4083 199
4144 4599 200
1882 6809 1
5914 3954 2
2892 2714 3
3560 7122 4
4785 5894 5
826 893 6
378 4647 7
4124 6065 8
734 7027 9
5787 1223 10
5683 948 11
5015 3933 12
3764 2959 13
5377 6434 14
1618 2450 15
1724 1730 16
3174 5153 17
3045 5300 18
3381 1177 19
3888 6188 20
6270 897 21
4982 198 22
147 5823 23
5226 1434 24
6538 2631 25
1175 6861 26
4551 2203 27
839 4654 28
3843 5578 29
5768 6508 30
3159 6455 31
4516 4977 32
307 3633 33
6311 670 34
3035 3924 35
1516 1689 36
4278 6347 37
5985 1787 38
4899 3542 39
5312 2903 40
1519 1442 41
3010 1430 42
909 6348 43
7145 6790 44
3452 1692 45
6026 3791 46
2678 3571 47
7150 4194 48
3738 4944 49
5216 6332 50
1891 4017 51
3160 7184 52
4197 2436 53
6666 1799 54
6653 4524 55
6295 1789 56
2490 4316 57
4580 5747 58
3242 2062 59
2259 130 60
3697 4590 61
6832 6722 62
2159 1498 63
4116 2509 64
1310 5268 65
2911 3887 66
2424 6938 67
2031 5857 68
2995 6830 69
5130 686 70
2279 2646 71
2147 2393 72
4620 271 73
4990 2950 74
1878 6312 75
1738 1724 76
1175 5264 77
3370 5315 78
5881 4967 79
4203 3525 80
1456 3717 81
6892 929 82
6178 3729 83
2562 1934 84
3318 4907 85
184 1032 86
2060 5672 87
6505 3090 88
2458 5467 89
3527 4821 90
2508 4748 91
3854 5792 92
5556 490 93
4317 2239 94
4429 2799 95
402 4970 96
2415 3038 97
4848 2284 98
480 671 99
4876 2360 100
7019 6396 101
3482 2825 102
6733 3799 103
5669 1475 104
1959 5173 105
1223 2031 106
1540 6410 107
6670 3126 108
6579 1600 109
6360 3997 110
1908 4128 111
7137 441 112
4360 4668 113
1051 1959 114
4087 6664 115
6689 6432 116
4368 6914 117
3018 4871 118
4783 1346 119
4982 2473 120
275 5016 121
5333 3650 122
3833 3897 123
25 7139 124
6316 1819 125
159 4636 126
3512 5603 127
5768 2919 128
5057 2723 129
6630 1352 130
166 2537 131
3043 899 132
1519 1394 133
3217 263 134
2838 4518 135
2148 3155 136
2189 1881 137
334 5261 138
3588 5481 139
5973 5041 140
6689 5465 141
3212 4420 142
4463 3787 143
2771 702 144
561 5273 145
3018 7077 146
2477 6557 147
2304 6590 148
5774 4095 149
6370 5744 150
6421 3139 151
5153 407 152
4742 5819 153
528 2206 154
3584 4019 155
5240 3607 156
2750 3265 157
4110 2133 158
5885 2170 159
6153 6026 160
3508 139 161
1398 3737 162
6805 3063 163
2392 6696 164
971 3305 165
1516 2516 166
2006 156 167
5677 4030 168
559 6464 169
2237 7135 170
2564 2997 171
3295 1071 172
4491 269 173
5961 6849 174
1783 6263 175
532 4631 176
5074 1240 177
5848 1616 178
5004 4717 179
2169 399 180
1241 4921 181
4086 1548 182
6536 2585 183
4925 1391 184
5223 2518 185
364 3579 186
1941 2892 187
7058 7195 188
2944 3548 189
968 6552 190
4626 5430 191
4767 327 192
5981 6913 193
6804 6759 194
2166 6159 195
3929 6657 196
5962 5926 197
4788 3010 198
366 5189 199
6178 1967 200
196 1658 1
7038 3770 2
2731 3641 3
749 5311 4
6924 6633 5
6728 2146 6
2252 5662 7
6999 3816 8
5390 5072 9
6011 5648 10
7124 4810 11
1170 2712 12
1208 2257 13
2231 4922 14
6421 3244 15
1821 6174 16
3911 6369 17
2652 1385 18
2315 3128 19
1261 4068 20
3616 5069 21
5467 5120 22
6216 552 23
2940 385 24
1007 4656 25
4318 1307 26
1596 296 27
1268 3066 28
4100 6306 29
5243 4165 30
5821 5786 31
3456 1676 32
4228 4150 33
1150 5190 34
3137 3390 35
115 3491 36
92 4023 37
1135 3274 38
2863 6462 39
376 904 40
4259 319 41
6814 1813 42
2778 4315 43
2892 3949 44
589 3502 45
4949 5599 46
4571 244 47
5029 3894 48
5510 4499 49
6077 369 50
6726 4889 51
1816 1225 52
6350 1001 53
2081 1935 54
4861 1501 55
2377 3549 56
3330 4216 57
463 6122 58
969 6072 59
5492 5367 60
2894 5586 61
2428 1725 62
2274 384 63
6640 1751 64
3970 3550 65
1027 3583 66
1942 2984 67
1595 5420 68
449 2231 69
5793 4846 70
4487 3657 71
2654 2883 72
4167 6503 73
2571 1581 74
2319 5422 75
4399 2061 76
5586 939 77
7089 3183 78
6284 6897 79
5817 738 80
2424 2237 81
592 1137 82
514 1448 83
654 547 84
1290 3172 85
2023 5915 86
233 5077 87
2870 453 88
756 3513 89
528 7121 90
2582 4692 91
6514 2283 92
5406 5027 93
4949 1175 94
7068 2734 95
2302 2557 96
6241 1944 97
3291 2115 98
219 3196 99
2009 2341 100
5946 5013 101
5423 1833 102
5088 6605 103
3456 5729 104
2962 5170 105
4796 5392 106
3920 1796 107
2229 6031 108
2589 1601 109
7061 2917 110
2722 1570 111
7009 3805 112
3777 7060 113
1048 4738 114
1531 5362 115
3426 7054 116
758 2986 117
1326 3839 118
7070 5127 119
678 6479 120
3191 1470 121
3001 1929 122
2364 3397 123
2016 2033 124
4463 757 125
3890 5242 126
5127 3107 127
576 1517 128
5422 4502 129
6938 1159 130
399 5275 131
884 5577 132
4764 4741 133
6028 5054 134
1957 673 135
6599 2246 136
4131 4563 137
6880 5459 138
4015 3889 139
2335 6660 140
2589 2940 141
6203 7076 142
3721 6202 143
5963 6756 144
6655 4711 145
2663 5171 146
1277 4753 147
6987 4917 148
5999 5537 149
1604 1925 150
5647 6822 151
3672 4655 152
4116 5152 153
3295 5697 154
1750 6228 155
5813 4708 156
1952 5516 157
3461 7036 158
5572 4980 159
849 6458 160
3509 793 161
685 5090 162
190 1271 163
4688 7200 164
1728 1278 165
3507 5807 166
2672 803 167
5042 4675 168
5339 517 169
5875 4212 170
4037 3869 171
1251 1756 172
4593 4779 173
6244 1615 174
2169 5688 175
6242 3294 176
1105 1484 177
3043 4932 178
567 658 179
3397 6635 180
398 4240 181
286 3411 182
6256 4369 183
3413 1459 184
4195 397 185
3142 4786 186
1656 6738 187
1965 2453 188
6429 189 189
3735 5246 190
5921 3040 191
3752 4551 192
1 6258 193
4513 2719 194
5149 1969 195
1378 6062 196
728 4404 197
3630 2039 198
5068 6512 199
4648 1629 200
2638 1717 1
1783 4228 2
4540 6284 3
2293 4468 4
6302 6891 5
3637 816 6
5664 3739 7
2597 35 8
5727 1825 9
4678 6691 10
1312 1172 11
5279 979 12
6295 1940 13
2943 3995 14
3134 3056 15
3433 2023 16
4241 1590 17
3581 4392 18
5213 301 19
329 2270 20
796 6728 21
1098 6711 22
6419 4755 23
3787 6971 24
2199 3699 25
6164 1563 26
2437 6895 27
6216 5100 28
5100 43 29
6434 5956 30
563 1598 31
3380 256 32
2930 3091 33
3035 5390 34
2081 3696 35
6315 3597 36
6121 7093 37
5868 6928 38
2921 6472 39
373 1920 40
4328 858 41
1306 1794 42
5306 5033 43
4634 5099 44
2746 3477 45
3620 2567 46
6386 5914 47
5858 5553 48
3108 6130 49
4374 435 50
6031 6241 51
4487 2111 52
1223 608 53
2988 1040 54
6499 6545 55
3508 1235 56
5513 7034 57
5846 141 58
1891 3877 59
2693 7057 60
6185 975 61
3318 1656 62
2559 4230 63
2076 6719 64
2691 7089 65
2155 5651 66
5580 2093 67
719 4988 68
5266 3137 69
5752 1643 70
3320 5598 71
4491 6892 72
1620 2544 73
2017 6456 74
3225 2897 75
491 6135 76
1007 3718 77
6339 804 78
3379 1585 79
6756 3744 80
1959 3264 81
7125 6200 82
6234 6910 83
6314 5154 84
4896 6521 85
4268 2679 86
6519 4726 87
1951 2468 88
1177 3779 89
2835 174 90
633 487 91
1474 2140 92
3907 6556 93
427 3884 94
5786 2132 95
2624 4371 96
3133 2184 97
5237 5346 98
2288 2752 99
545 4780 100
1118 5816 101
6832 323 102
4782 5551 103
10 1577 104
6899 5872 105
1750 3819 106
2856 2051 107
6538 1244 108
4982 2004 109
2886 6516 110
1413 2155 111
5087 1729 112
5259 6117 113
5698 6403 114
705 1823 115
4135 132 116
1386 6729 117
1816 3986 118
4567 3260 119
4791 3453 120
5396 3373 121
3737 1684 122
4151 5763 123
7199 6883 124
1717 631 125
4163 6318 126
2229 1098 127
3711 4430 128
1968 2309 129
1047 2597 130
1472 2606 131
2791 4184 132
5902 467 133
2291 5104 134
6533 6686 135
6861 846 136
2834 1770 137
2537 332 138
134 5062 139
723 252 140
2607 4224 141
1829 6040 142
2840 127 143
4142 913 144
1545 4876 145
1406 5719 146
5002 6190 147
3916 6036 148
656 1690 149
5392 2199 150
5322 1038 151
5094 609 152
5252 5129 153
4251 420 154
748 6774 155
7038 5911 156
1891 4949 157
7070 6519 158
3900 4544 159
6776 6412 160
3306 5122 161
4758 3511 162
3168 3599 163
3249 3959 164
305 1042 165
2053 782 166
596 5508 167
1284 1845 168
4680 6239 169
2798 1088 170
7017 6487 171
1342 1087 172
2897 3774 173
553 5341 174
1453 6827 175
5442 1566 176
5291 2121 177
2871 644 178
7139 303 179
3859 324 180
1740 6292 181
6505 206 182
2641 6629 183
7130 5863 184
4089 4794 185
2338 251 186
2263 2298 187
1206 4301 188
5985 6460 189
7166 3605 190
6533 2750 191
4949 5977 192
1685 6882 193
4314 4662 194
2720 892 195
6486 4039 196
2581 6050 197
2733 4033 198
4104 5494 199
6560 5954 200
3910 4064 1
4093 5935 2
1418 200 3
5042 1068 4
842 6008 5
911 4956 6
1067 4388 7
1219 2970 8
1957 4742 9
5372 6541 10
6960 5162 11
4239 5353 12
3856 3054 13
760 4435 14
1779 3102 15
1070 6158 16
509 56 17
2134 3685 18
612 4804 19
4161 1726 20
1291 1707 21
3750 4151 22
2274 3479 23
5812 4769 24
3320 152 25
5195 2678 26
5264 5397 27
2788 3184 28
2110 5664 29
3924 4981 30
5333 2519 31
53 2948 32
395 4660 33
1101 2354 34
1054 416 35
3198 4203 36
4175 2390 37
3317 1921 38
4035 6405 39
2199 1715 40
2656 6893 41
5529 4928 42
5917 4087 43
4249 6654 44
2441 1094 45
6019 204 46
317 863 47
5108 4121 48
2456 1504 49
54 4166 50
5129 3572 51
2125 5034 52
2876 3162 53
3272 306 54
953 1917 55
3697 4130 56
6532 1236 57
2644 1393 58
4857 1871 59
2845 4722 60
3235 222 61
5739 2234 62
2892 225 63
364 6666 64
1301 7046 65
2770 6960 66
3638 823 67
5431 6244 68
6592 4070 69
2770 737 70
6661 155 71
67 1486 72
3027 1951 73
5757 1675 74
1418 6155 75
6105 3067 76
1351 4983 77
2694 493 78
6315 6234 79
6800 4267 80
5210 6408 81
2076 4378 82
3511 1145 83
6875 7156 84
662 4055 85
5878 5927 86
5981 2747 87
4562 2909 88
3750 4612 89
1615 818 90
3187 3146 91
2217 4888 92
1677 5492 93
1083 6057 94
6219 5641 95
2623 6001 96
5 474 97
4303 1046 98
206 3936 99
5265 790 100
6444 102 101
1871 6182 102
2986 3772 103
6315 1588 104
4269 5705 105
5508 6668 106
2505 4925 107
3367 110 108
68 309 109
4368 3020 110
1319 5565 111
6925 3078 112
2484 4929 113
2274 1161 114
5352 5088 115
6378 1773 116
1579 1943 117
6790 7062 118
6868 6238 119
2967 365 120
4740 1648 121
337 6247 122
4909 4209 123
3533 289 124
3174 3404 125
1534 4782 126
170 6694 127
1235 5389 128
1067 2778 129
238 49 130
244 5427 131
2489 5973 132
6534 2183 133
4850 6267 134
7126 529 135
4750 1255 136
5791 859 137
1697 4667 138
3443 6837 139
611 5741 140
6943 122 141
4266 4724 142
5821 1 143
3916 1980 144
6018 5106 145
3065 6555 146
3916 4904 147
3786 952 148
2618 5050 149
4175 199 150
3988 610 151
1291 1390 152
2712 3879 153
940 4628 154
1638 5136 155
1224 2819 156
1340 6454 157
4071 1754 158
1390 5752 159
1154 1578 160
6988 2275 161
3653 4472 162
4253 1354 163
433 5574 164
4394 4322 165
749 5019 166
5569 2056 167
4742 5840 168
1230 3488 169
218 1552 170
3358 6068 171
6578 5410 172
4805 1011 173
2730 4281 174
3428 5624 175
532 7063 176
6201 3333 177
4887 6132 178
3113 5979 179
5760 5248 180
5171 4104 181
3096 7086 182
3436 5110 183
1228 50 184
329 1335 185
5662 5276 186
5116 6100 187
3025 5284 188
1702 3164 189
4171 6925 190
1326 4898 191
1024 6157 192
3752 6397 193
6435 6591 194
4880 6529 195
6706 5592 196
1745 5761 197
826 1034 198
3068 6867 199
3828 5975 200
5940 5902 1
3056 1293 2
4889 6275 3
7074 2659 4
1656 291 5
1817 2829 6
1209 5546 7
3902 4306 8
5921 1495 9
7194 3480 10
7051 83 11
381 3358 12
4170 6622 13
42 4053 14
6706 3135 15
3983 1004 16
1593 3346 17
2554 5475 18
6308 1155 19
591 4114 20
284 2881 21
2381 5105 22
2832 388 23
1981 4568 24
3711 3623 25
5947 464 26
6438 7084 27
4027 6643 28
3087 3577 29
5595 4562 30
6890 834 31
1837 2127 32
2115 4519 33
7174 3191 34
6809 1596 35
54 2729 36
3364 725 37
4180 594 38
1558 1827 39
6806 4822 40
4291 5562 41
4491 3617 42
6642 3656 43
2612 1762 44
6876 4305 45
1895 4418 46
6800 3315 47
2685 4294 48
7042 1999 49
6482 2859 50
1101 1695 51
4802 500 52
5672 6507 53
220 4581 54
3299 6888 55
932 2886 56
46 574 57
4871 736 58
4688 5400 59
313 2376 60
1156 2696 61
6471 482 62
6505 776 63
3498 3018 64
4686 6427 65
1531 1687 66
3341 3178 67
3318 6478 68
644 4465 69
4708 3083 70
821 3668 71
4857 5147 72
5606 6212 73
3807 1184 74
5816 7058 75
3095 663 76
3066 6289 77
1319 1210 78
6239 2622 79
5769 980 80
3705 855 81
1711 4204 82
3057 7102 83
1138 7098 84
6242 4576 85
4809 5004 86
5226 5149 87
2638 7168 88
1711 3750 89
6332 4261 90
1489 3756 91
7139 3410 92
6890 6489 93
4214 4088 94
5906 151 95
563 1078 96
6664 5388 97
4876 1218 98
4950 4199 99
6768 5442 100
4716 1323 101
2575 5757 102
2754 6886 103
4538 3691 104
7011 4122 105
3295 318 106
2319 6619 107
2284 4424 108
5443 1990 109
5523 7003 110
3138 4408 111
317 3505 112
470 2050 113
639 3420 114
68 6683 115
345 3901 116
3421 1472 117
862 4143 118
269 1420 119
1247 1096 120
4238 4521 121
2218 720 122
2288 3215 123
1412 6139 124
1698 4300 125
6884 4421 126
4573 1720 127
4176 2853 128
3295 2900 129
1045 812 130
6331 2913 131
6916 3405 132
7073 4431 133
2999 4713 134
3310 4570 135
3935 2254 136
3884 3302 137
4448 4208 138
2611 1229 139
2356 2818 140
4539 2139 141
5100 4016 142
3802 6015 143
7025 2269 144
3503 7164 145
2762 3602 146
5844 497 147
656 4592 148
3692 6982 149
269 6360 150
127 5297 151
7096 2836 152
3745 6335 153
3272 1209 154
1682 1160 155
3762 1741 156
3672 4853 157
4131 3158 158
2233 5307 159
1797 5784 160
4496 7142 161
2118 1866 162
2163 6613 163
2508 2044 164
780 1908 165
4360 2215 166
274 5618 167
3507 4411 168
4207 6433 169
613 3005 170
5713 2947 171
5865 1083 172
5424 1567 173
2464 1481 174
1729 86 175
6424 6482 176
1212 20 177
954 6872 178
5304 3775 179
238 2594 180
6642 2756 181
5510 6007 182
6556 143 183
7117 613 184
2562 2452 185
166 1132 186
557 3575 187
1313 2931 188
4970 6974 189
7168 4339 190
4229 2122 191
901 2851 192
36 5799 193
4648 5749 194
1340 2303 195
854 5137 196
2361 5777 197
1660 4191 198
5906 1894 199
5183 3818 200
3237 7179 1
2233 5394 2
4821 1663 3
5649 838 4
448 1718 5
166 2119 6
1666 310 7
4388 4901 8
3421 4716 9
4194 563 10
6270 7073 11
7037 6430 12
2319 1482 13
1068 3093 14
4418 4251 15
4621 2521 16
3275 5332 17
1902 6123 18
3218 5983 19
3200 5396 20
5106 9 21
4526 279 22
664 5505 23
92 2181 24
2840 5706 25
1568 7141 26
7181 2467 27
2500 2527 28
4124 4867 29
3909 1602 30
7116 4984 31
940 5695 32
4850 1153 33
4990 4337 34
2816 1488 35
5655 4778 36
5142 71 37
6741 5308 38
5975 4058 39
6438 2674 40
6165 2543 41
1957 1067 42
3874 2294 43
6882 3269 44
3443 3942 45
6615 4539 46
1787 1360 47
2464 5775 48
4197 5541 49
311 4573 50
5971 2878 51
2803 3204 52
4899 3376 53
1114 3734 54
2110 6367 55
5295 7148 56
4497 1103 57
2096 1646 58
1105 4555 59
1711 5906 60
1335 6744 61
2484 6299 62
2743 6718 63
5314 2933 64
644 1973 65
757 1880 66
4420 2264 67
4771 4694 68
758 3741 69
4508 2113 70
1965 1395 71
6651 4021 72
6978 3223 73
2825 4916 74
5437 7147 75
3142 3045 76
5990 7107 77
2551 684 78
1327 5463 79
6864 1329 80
2014 2744 81
7100 4056 82
4823 1059 83
6567 3320 84
5629 6839 85
5775 1942 86
794 5011 87
3607 801 88
2541 724 89
4848 3052 90
1672 635 91
854 3248 92
5972 3115 93
6310 2614 94
4798 5568 95
4522 5704 96
4401 2160 97
5413 135 98
1930 6431 99
2934 5356 100
4948 6973 101
1098 403 102
1413 2169 103
3178 933 104
1947 6365 105
3552 5182 106
5568 2751 107
3237 3559 108
4458 5076 109
31 5222 110
3334 4138 111
5243 6792 112
2953 5181 113
758 1957 114
1224 3057 115
191 312 116
2050 1353 117
985 169 118
1783 652 119
4418 4084 120
6465 4885 121
1552 6582 122
6720 1946 123
4220 746 124
882 4223 125
3297 4065 126
7002 3713 127
6655 6626 128
3986 6571 129
4377 1030 130
3273 6528 131
2505 1697 132
5043 3586 133
1746 3372 134
4056 4196 135
1340 872 136
3373 3167 137
2332 4346 138
1929 6114 139
3133 6953 140
4369 4623 141
4104 1422 142
2182 7124 143
4246 2648 144
4848 374 145
5753 5597 146
1420 4490 147
2169 4493 148
2379 4625 149
978 5566 150
1456 2552 151
3176 1406 152
967 5859 153
4094 572 154
3559 3514 155
3627 3145 156
4965 3554 157
2520 4074 158
1707 4619 159
6513 335 160
3582 3620 161
5635 1075 162
4272 6659 163
111 214 164
2324 6653 165
2929 3576 166
1212 2391 167
3916 6021 168
1666 473 169
3271 5097 170
4138 2764 171
5499 6871 172
4642 6264 173
25 3023 174
1520 5981 175
19 6649 176
66 2177 177
5341 7199 178
3982 1031 179
881 3007 180
1452 2654 181
5606 611 182
5169 672 183
381 6717 184
3010 7144 185
2058 7162 186
2559 1797 187
2453 3566 188
1212 5002 189
835 2993 190
2118 1219 191
5523 6739 192
3159 5727 193
621 3263 194
2550 2584 195
868 3794 196
4927 3624 197
1658 642 198
2326 7097 199
5409 935 200
644 6214 1
3097 4160 2
6743 5073 3
5460 1342 4
2232 1415 5
6258 364 6
1682 5958 7
2798 1922 8
4474 4574 9
2625 1289 10
2683 4483 11
2477 2416 12
6939 5682 13
6890 1591 14
3980 5196 15
6898 2195 16
4255 162 17
1070 3875 18
753 3314 19
7053 1847 20
7168 2520 21
5400 1752 22
2120 5851 23
4949 6395 24
2029 5654 25
2457 6252 26
3487 6604 27
4423 2787 28
2708 347 29
5075 315 30
5046 166 31
1899 2417 32
5626 7051 33
6020 280 34
2838 3721 35
6953 3163 36
3986 4582 37
3895 661 38
2724 6081 39
820 1048 40
1956 568 41
679 5250 42
4577 683 43
2953 1130 44
1090 3356 45
1632 3847 46
2733 6610 47
5508 6628 48
3375 3521 49
5444 2842 50
1628 7081 51
6894 5646 52
1837 1593 53
2430 390 54
5111 5582 55
5894 1407 56
5663 6828 57
4951 3904 58
6617 1207 59
1488 1383 60
6633 2018 61
5595 6116 62
2980 5535 63
6359 1507 64
3459 2968 65
2875 976 66
5405 560 67
1223 4158 68
5231 4248 69
866 4805 70
4310 3002 71
6626 6066 72
6296 4971 73
5170 5304 74
5427 1910 75
151 2616 76
7159 4363 77
1696 5657 78
6469 4113 79
5739 758 80
2866 6702 81
4771 6795 82
6068 6404 83
2561 5675 84
5775 5860 85
3924 3403 86
2284 3527 87
5418 3470 88
6994 3843 89
786 6943 90
5916 5335 91
2115 6853 92
5762 5539 93
6460 5746 94
4863 3532 95
5871 1877 96
6914 3222 97
5510 2832 98
1320 3563 99
689 2786 100
3728 1152 101
5152 6534 102
6795 864 103
5583 5215 104
4436 5161 105
462 6090 106
407 4987 107
1777 5323 108
6446 6082 109
2581 5124 110
2815 6701 111
317 6471 112
1467 2627 113
5133 7033 114
337 3703 115
4984 6423 116
4170 2907 117
2975 5391 118
656 6684 119
1799 5829 120
3144 877 121
318 2071 122
1884 1076 123
1067 2174 124
2020 729 125
6519 1079 126
7089 740 127
1121 2003 128
4615 1974 129
3389 3987 130
1591 6989 131
4133 4514 132
6678 6304 133
549 3455 134
2274 750 135
4094 3202 136
3578 2282 137
4978 6209 138
1261 3417 139
3972 4527 140
1561 2528 141
5841 4951 142
6789 5622 143
5034 2826 144
4774 5372 145
2371 6544 146
1320 932 147
6849 4845 148
6819 1029 149
3496 4893 150
4891 735 151
5221 5059 152
534 3190 153
561 6495 154
1441 2268 155
6214 2556 156
670 2896 157
591 4205 158
4752 5976 159
1936 3080 160
3957 5589 161
5585 4049 162
5608 4541 163
2238 4777 164
5921 2726 165
5664 5512 166
3795 87 167
7143 3426 168
6587 622 169
3160 539 170
166 4906 171
1075 2572 172
5872 3068 173
6232 6133 174
6096 1758 175
3075 1397 176
6207 5111 177
4070 3687 178
1570 2831 179
1583 4837 180
1413 6084 181
5881 6283 182
4906 1418 183
1752 527 184
678 3567 185
4115 5721 186
5580 2001 187
5792 765 188
2323 461 189
1881 5880 190
7021 242 191
3142 6813 192
3557 3398 193
6018 2623 194
1540 5953 195
4310 6473 196
932 4768 197
5231 2708 198
2385 4663 199
6642 4874 200
1310 6505 1
3452 3540 2
3186 3070 3
5235 3749 4
300 3329 5
7135 2637 6
366 3467 7
854 577 8
1200 4947 9
5076 37 10
2708 4611 11
790 5340 12
6243 6846 13
139 4651 14
3616 457 15
4394 2746 16
936 437 17
2789 3674 18
1680 213 19
1902 3306 20
5355 1586 21
757 4620 22
7138 379 23
7023 4402 24
1062 3131 25
2618 6926 26
6167 4549 27
150 2987 28
6795 2845 29
6724 1398 30
1492 2808 31
2110 5044 32
3710 98 33
6499 6750 34
4743 903 35
7058 6019 36
6594 4896 37
6192 4020 38
1362 6094 39
1214 3690 40
3301 941 41
2929 704 42
3735 6144 43
3856 2921 44
1235 1147 45
704 4466 46
5461 1649 47
2756 1131 48
7067 3432 49
2807 2722 50
505 6351 51
3034 721 52
2050 3011 53
2625 2996 54
2748 636 55
6918 5718 56
7182 4232 57
5794 2080 58
5063 80 59
2473 3227 60
1632 6929 61
2547 6579 62
2058 1688 63
4655 3675 64
2458 2854 65
5872 359 66
3501 3253 67
835 1493 68
6795 567 69
2317 1812 70
92 2397 71
6366 3912 72
1390 6880 73
1701 2860 74
5262 4460 75
6071 5366 76
4491 1941 77
1930 4613 78
6059 5853 79
4266 5774 80
3176 2608 81
2930 1984 82
3957 6566 83
6560 4586 84
1070 3041 85
1776 3459 86
7095 3645 87
3462 6840 88
3420 1302 89
3789 5172 90
120 4745 91
1261 2835 92
3721 3468 93
3282 4752 94
3873 4998 95
2389 480 96
6499 3947 97
5236 5042 98
3896 598 99
4528 3958 100
324 5326 101
2148 4897 102
2666 6842 103
1956 1547 104
2284 2368 105
6594 1279 106
4671 3363 107
2249 2602 108
927 3778 109
1259 4749 110
1996 6632 111
19 7024 112
6554 2703 113
4360 6341 114
4275 5987 115
5015 2286 116
3902 934 117
2885 3224 118
1405 6023 119
2885 4979 120
205 115 121
1698 6046 122
6963 5291 123
4528 4031 124
3864 4201 125
3114 837 126
3542 4364 127
2793 1419 128
1346 2423 129
6319 4405 130
1990 3594 131
766 6782 132
6486 6966 133
157 4093 134
1783 6185 135
5790 5797 136
3368 6547 137
1973 2571 138
2631 85 139
6094 6097 140
4275 6336 141
3346 4959 142
2691 3209 143
6646 477 144
2911 3472 145
7196 1339 146
3853 297 147
6736 3863 148
4266 6177 149
3543 3192 150
3915 4076 151
361 1124 152
6084 5098 153
6598 1263 154
1787 2304 155
5352 4931 156
126 3031 157
387 262 158
4671 6256 159
5791 6593 160
6417 6058 161
3864 5163 162
4061 3321 163
5110 3934 164
940 4687 165
399 7191 166
7072 6902 167
3456 1149 168
5876 1515 169
2820 283 170
7090 4859 171
2852 2857 172
6953 1414 173
2528 3679 174
3306 2382 175
5756 1192 176
3847 1134 177
6572 764 178
5316 295 179
1751 1691 180
2871 619 181
7105 6803 182
4086 7158 183
1799 5096 184
2205 3307 185
2416 1708 186
2914 2228 187
3697 6618 188
1094 5395 189
7003 3343 190
3229 1306 191
3178 4450 192
7052 4927 193
6513 3134 194
3277 3722 195
4771 6597 196
3710 662 197
884 4839 198
6938 1334 199
5275 5314 200
6698 5929 1
5480 1997 2
3498 969 3
3812 894 4
194 583 5
1534 4856 6
3591 1633 7
3360 4482 8
5865 633 9
3295 1811 10
3031 1856 11
4860 6416 12
2114 5962 13
4511 2483 14
3835 5966 15
4784 6302 16
1990 3590 17
5638 287 18
576 2911 19
524 5642 20
4551 920 21
147 2472 22
2520 4446 23
3813 5118 24
264 1404 25
2572 2196 26
6531 3047 27
4741 6142 28
5422 4492 29
4710 710 30
2792 5151 31
3291 6435 32
5784 6818 33
3072 3840 34
5975 3053 35
6295 1668 36
3036 3712 37
3254 1373 38
3958 4319 39
2944 1381 40
5106 1180 41
3903 910 42
1237 5874 43
1424 6232 44
637 2420 45
713 5423 46
558 134 47
2576 1150 48
559 3271 49
1374 221 50
6223 1805 51
2629 2753 52
3563 5923 53
7026 3731 54
2115 292 55
4713 5296 56
6186 6205 57
2958 3266 58
1676 1085 59
5413 5327 60
3481 2474 61
4341 5048 62
1096 3989 63
2485 1139 64
3482 3198 65
3871 5993 66
4620 3354 67
4244 843 68
470 6655 69
5878 4127 70
2424 2875 71
5429 4164 72
5865 884 73
3341 917 74
620 7040 75
6346 3814 76
4192 1290 77
220 1665 78
1742 5794 79
3851 5457 80
2815 488 81
487 5503 82
5940 5213 83
2943 2762 84
2579 4787 85
2367 3773 86
5466 3147 87
6988 508 88
679 6554 89
3478 1955 90
6961 5001 91
6452 3284 92
438 699 93
6466 1303 94
6336 5818 95
2975 2072 96
6379 2596 97
2894 3603 98
1891 5364 99
1125 618 100
4012 1478 101
6167 526 102
3075 654 103
4722 2477 104
443 5934 105
25 701 106
7176 3177 107
1223 183 108
2943 5739 109
607 5920 110
1580 6863 111
6377 6857 112
1159 7039 113
4966 285 114
6532 2401 115
7149 2085 116
3103 2214 117
3692 3937 118
3804 6950 119
3272 6216 120
3176 3855 121
2652 2695 122
2767 1654 123
3635 523 124
7077 2238 125
4313 354 126
3508 2975 127
1638 5363 128
5452 4345 129
2651 3430 130
3422 2797 131
5186 6035 132
631 3867 133
4463 210 134
5431 4594 135
6723 4481 136
1547 6990 137
75 2855 138
5628 1272 139
4491 2137 140
2827 6800 141
193 3574 142
5903 4802 143
5688 4279 144
6067 1445 145
7071 3380 146
166 5631 147
49 4082 148
2483 2657 149
4367 5501 150
2375 4361 151
3211 2630 152
6339 6161 153
3619 2005 154
1129 6374 155
2416 5448 156
2680 3900 157
6722 3598 158
1129 4360 159
4680 770 160
6367 7181 161
3782 1222 162
7090 2308 163
866 1253 164
921 6615 165
3373 7004 166
3534 3118 167
3042 5007 168
4086 3614 169
6548 1998 170
5919 6932 171
2618 6101 172
6242 2248 173
6013 1778 174
1054 1509 175
5755 3648 176
1456 1599 177
1959 5561 178
69 4616 179
1428 4008 180
1852 3474 181
6270 4950 182
1948 4118 183
5268 4730 184
4347 2493 185
730 1330 186
2361 2579 187
3902 6480 188
901 3247 189
6408 5771 190
5590 2994 191
89 4098 192
5893 2149 193
6216 2301 194
4487 789 195
5921 4136 196
5184 5265 197
3120 2666 198
4356 5223 199
6618 6637 200
2681 2470 1
5075 2230 2
2914 722 3
3153 4495 4
957 52 5
33 6307 6
796 4957 7
2317 2902 8
4161 3830 9
5554 1216 10
242 881 11
726 6791 12
4949 2576 13
1697 566 14
5901 1822 15
6533 787 16
1593 5790 17
846 2387 18
1855 3834 19
6623 2094 20
571 218 21
559 621 22
2674 833 23
3275 768 24
7009 2890 25
6465 2570 26
6418 2848 27
4859 6777 28
1708 5998 29
3660 4892 30
2905 2421 31
1616 3564 32
3956 2880 33
6198 4725 34
2060 1427 35
694 2084 36
698 606 37
724 1447 38
3877 3680 39
4742 2969 40
2443 2361 41
1243 4060 42
2475 3638 43
3895 874 44
2035 5035 45
5744 6838 46
6061 4183 47
2287 149 48
2094 879 49
6063 2011 50
6642 4712 51
3402 2292 52
4208 4865 53
5592 1961 54
4612 3535 55
5159 5933 56
845 4676 57
6654 3870 58
1500 4765 59
5147 7017 60
2655 5793 61
4197 3977 62
2681 4066 63
3497 842 64
4312 3069 65
2780 5210 66
1296 5068 67
6137 124 68
5596 6812 69
1545 4338 70
574 4366 71
4209 6240 72
4710 5479 73
7183 3291 74
5126 1300 75
4493 2089 76
3294 6245 77
5092 2168 78
2457 1750 79
4750 1544 80
6668 282 81
1258 2634 82
3199 4221 83
3496 4320 84
6618 2466 85
903 3442 86
1656 6876 87
3907 786 88
6619 784 89
3400 5867 90
3750 5302 91
5742 2363 92
4116 5670 93
5244 4145 94
2524 6357 95
5076 1200 96
4425 4148 97
3961 548 98
6849 576 99
2489 5892 100
1279 4772 101
7035 2384 102
163 4455 103
4757 6016 104
4175 2925 105
1679 5132 106
6847 1761 107
5715 4858 108
564 2697 109
2489 1763 110
5816 3909 111
5070 5969 112
821 4709 113
7148 2586 114
6204 434 115
1186 2158 116
989 6762 117
3507 2322 118
2837 7120 119
6395 6695 120
1367 4508 121
3978 1536 122
6033 2379 123
2875 5606 124
5337 2459 125
971 4401 126
3019 3156 127
5063 2526 128
86 6843 129
1362 2724 130
3107 6352 131
1411 2366 132
4990 7065 133
4085 896 134
12 6586 135
1779 2260 136
3586 5560 137
2588 2926 138
5989 960 139
5450 3589 140
2852 3286 141
7137 2310 142
4443 2435 143
2229 3310 144
4410 2777 145
2578 1976 146
2382 4302 147
6377 6794 148
6094 5464 149
6809 2490 150
1837 4696 151
5106 1868 152
758 814 153
6852 4434 154
5116 3297 155
5659 3745 156
2939 2027 157
5198 4602 158
1382 17 159
1871 5384 160
3253 502 161
2451 4707 162
7152 4386 163
5602 4890 164
2360 6203 165
6050 5629 166
91 6769 167
7019 3466 168
1465 3322 169
4198 1526 170
728 2964 171
5592 6418 172
1846 5714 173
5262 6497 174
6655 4909 175
5295 25 176
2859 4348 177
2794 4868 178
692 305 179
3066 7006 180
2844 1634 181
6618 4464 182
5443 5434 183
4776 4836 184
865 5717 185
5040 3974 186
2070 4995 187
4031 6326 188
2036 4063 189
778 6143 190
5761 4344 191
6318 2120 192
5156 5515 193
3503 6013 194
3180 6145 195
2674 1463 196
325 1357 197
708 5133 198
1852 4634 199
6116 499 200
3970 2961 1
6366 6796 2
5619 3652 3
107 2866 4
6226 5080 5
5123 4034 6
5994 1869 7
1499 6639 8
3482 4938 9
4660 3395 10
5073 4920 11
6650 1252 12
6346 5881 13
2308 2063 14
2119 70 15
528 3281 16
2302 650 17
5584 6409 18
6688 2336 19
5193 7078 20
2127 4340 21
1936 4937 22
3018 5711 23
2489 5029 24
4995 6328 25
470 404 26
6657 4834 27
4949 982 28
2553 6041 29
1531 3464 30
439 6530 31
6795 3188 32
2548 275 33
4180 180 34
4238 3727 35
6240 2054 36
3030 3664 37
2789 2908 38
783 5150 39
2326 554 40
6972 6611 41
4925 2222 42
6312 2763 43
2647 6956 44
4963 4462 45
2252 1896 46
4716 6371 47
4399 2400 48
3559 4807 49
1756 5649 50
7089 949 51
6899 267 52
2964 6345 53
4510 5379 54
1235 5680 55
6493 3180 56
2654 4429 57
834 316 58
1636 7075 59
5865 6594 60
4131 7166 61
5064 1282 62
5182 6631 63
796 7125 64
5150 2440 65
2185 2038 66
399 6620 67
5757 6671 68
3935 4790 69
5675 1606 70
1711 6386 71
7147 5061 72
2015 2454 73
2047 7049 74
924 5852 75
3479 5959 76
7071 5253 77
5628 3079 78
4410 2233 79
2177 2352 80
230 3890 81
4899 766 82
5935 1203 83
2212 4 84
2157 4948 85
3393 5684 86
2402 5570 87
5179 341 88
4058 2383 89
3604 2988 90
364 7009 91
3410 6028 92
7018 931 93
3380 2151 94
4042 3353 95
922 6517 96
811 1287 97
1655 411 98
3293 5971 99
5106 2006 100
1547 5506 101
2819 5663 102
1285 1080 103
5748 1019 104
6809 796 105
3561 5817 106
6794 1012 107
753 6588 108
4150 2296 109
5227 1737 110
1177 5227 111
927 3443 112
2567 5102 113
5609 2108 114
2500 2660 115
416 2792 116
7149 5429 117
4694 7052 118
5590 4512 119
3067 5868 120
2652 3976 121
3546 6146 122
6712 3998 123
415 5593 124
2952 5258 125
5792 4880 126
3773 653 127
4430 3423 128
4463 3588 129
5698 2874 130
3752 5451 131
5741 5734 132
4956 2492 133
67 5060 134
92 5368 135
2583 3753 136
4338 3518 137
4362 1667 138
6219 4615 139
2640 1793 140
3076 6805 141
6422 762 142
971 3055 143
2368 5779 144
2020 2161 145
5326 1099 146
6147 7172 147
4163 2565 148
2559 6690 149
1159 7082 150
4789 5425 151
1872 2536 152
5231 5876 153
6472 4451 154
4848 1162 155
6052 4314 156
5621 7140 157
3131 4174 158
1043 4134 159
1428 4677 160
5275 277 161
6558 6856 162
4908 4426 163
3665 68 164
5520 5810 165
1490 2652 166
287 538 167
2818 6807 168
4084 325 169
5546 5676 170
2375 3119 171
6315 1900 172
543 5370 173
978 2261 174
233 4669 175
6241 6732 176
462 5232 177
4055 6778 178
212 997 179
3905 6165 180
1159 528 181
794 144 182
7058 5691 183
3192 5272 184
6616 2772 185
2610 491 186
6747 4336 187
7167 2918 188
3479 4061 189
4811 5237 190
3900 6942 191
1711 6648 192
2997 685 193
4767 5655 194
5724 7067 195
3075 4241 196
5597 339 197
7154 2373 198
5710 799 199
6486 1846 200
815 4014 1
3706 2774 2
4754 928 3
2871 14 4
204 6969 5
3397 3008 6
1571 901 7
1309 696 8
4620 5791 9
4491 5821 10
380 4173 11
2560 2934 12
6292 895 13
6598 5333 14
1796 5303 15
3648 4720 16
2480 6616 17
1727 3906 18
1430 276 19
761 862 20
2489 2130 21
1 689 22
2379 3456 23
5637 2413 24
4789 4635 25
3299 5805 26
798 1286 27
144 6991 28
4329 179 29
5149 597 30
76 142 31
1845 5616 32
5862 4522 33
203 5528 34
6325 3985 35
2857 515 36
6832 5409 37
3008 5305 38
6609 2632 39
3776 5942 40
834 1744 41
253 78 42
5179 5845 43
3865 5404 44
6918 6766 45
122 7170 46
726 6931 47
220 6789 48
4146 270 49
4605 6393 50
3188 1024 51
5794 3461 52
187 1838 53
2294 4878 54
4173 7059 55
4013 4503 56
1981 5839 57
3745 4699 58
2700 6875 59
271 4215 60
5739 2582 61
2803 2990 62
4055 533 63
4222 1280 64
4522 5371 65
1595 442 66
6003 7134 67
5914 4413 68
418 4222 69
6753 7020 70
5374 4593 71
5742 7136 72
3727 1505 73
2935 5456 74
4173 5808 75
3381 6429 76
2464 3116 77
2049 1021 78
1092 773 79
6212 6596 80
6204 2929 81
5606 2738 82
937 274 83
65 2689 84
5038 3611 85
4591 4144 86
3782 898 87
6367 3290 88
1516 428 89
374 3918 90
1971 3706 91
1340 6560 92
7148 3323 93
6389 5119 94
2088 7163 95
6798 1213 96
4621 2922 97
94 298 98
4638 2243 99
6489 4727 100
6459 2613 101
4266 2331 102
6118 6983 103
4410 505 104
3039 4824 105
4551 2105 106
1976 2882 107
5174 4857 108
294 854 109
6390 6583 110
875 7061 111
5021 4042 112
229 5520 113
313 1803 114
3962 521 115
3122 7133 116
1796 2653 117
2623 4627 118
3272 5093 119
4949 3938 120
160 2973 121
3600 3252 122
2199 6531 123
2270 1645 124
7178 4427 125
1914 3179 126
5353 6217 127
938 5644 128
6530 2135 129
3760 3795 130
521 3195 131
3175 1135 132
935 5916 133
5608 2806 134
3130 5604 135
4180 1912 136
3877 5523 137
288 7019 138
3538 4236 139
3811 1538 140
3692 5661 141
1878 4010 142
3273 5605 143
374 6476 144
6095 5270 145
1884 7176 146
5133 94 147
5351 2966 148
2943 2733 149
842 5770 150
315 7079 151
2033 2328 152
2935 1835 153
5394 372 154
6698 6724 155
2686 2692 156
2634 5114 157
5701 63 158
998 215 159
1986 6855 160
4223 5890 161
3817 6043 162
4630 6313 163
6275 6392 164
4771 6899 165
3337 6885 166
6597 419 167
6934 6741 168
5967 2221 169
3241 2936 170
4906 1007 171
3928 4090 172
3764 623 173
6364 3755 174
359 5628 175
897 3027 176
1602 3885 177
3896 3034 178
4831 690 179
2432 2675 180
3759 571 181
2245 5709 182
28 4117 183
518 2796 184
53 5707 185
6646 849 186
4583 1388 187
4920 4516 188
1922 2362 189
2319 708 190
6103 4589 191
6372 2781 192
3621 3646 193
5378 6344 194
5740 785 195
4818 5587 196
4209 7080 197
2788 1816 198
1116 3113 199
4238 1836 200
4412 6447 1
2370 2200 2
2712 3064 3
3946 2755 4
1763 3485 5
2277 3913 6
3955 6255 7
3097 1477 8
2289 3383 9
3502 2438 10
4950 2742 11
6597 1224 12
912 5824 13
857 6121 14
772 5888 15
5283 3324 16
4771 1711 17
5191 1807 18
222 4650 19
4493 4062 20
6696 3484 21
5877 4334 22
4135 1417 23
6876 1166 24
3103 2351 25
6165 2317 26
6049 7165 27
2951 1112 28
6204 4848 29
1047 6230 30
1512 2448 31
5619 2432 32
6620 2327 33
1622 6524 34
244 4140 35
5711 1928 36
2771 3340 37
3169 1716 38
2957 3902 39
5627 6787 40
5499 4683 41
1804 2757 42
4519 7193 43
6437 5611 44
2440 5773 45
4347 4380 46
3367 2145 47
5558 3096 48
3421 1686 49
5819 1368 50
1420 5240 51
6021 1378 52
1979 1612 53
6082 3173 54
2953 5922 55
5606 5584 56
6500 4954 57
5272 6930 58
1612 2009 59
3019 5257 60
4949 3243 61
3205 5238 62
2032 2164 63
5524 953 64
1836 2673 65
5184 1865 66
4486 4089 67
1728 1026 68
6270 4735 69
3187 5450 70
5651 1502 71
1430 5939 72
918 4565 73
897 6909 74
4797 3796 75
2609 5945 76
4722 2578 77
2570 4178 78
2596 5249 79
3402 1265 80
4584 6006 81
6880 3336 82
568 3767 83
3912 5263 84
6204 5869 85
1969 1006 86
6546 338 87
4768 6730 88
6830 1387 89
540 1671 90
1937 3375 91
3622 531 92
2845 2501 93
5234 2002 94
1332 3490 95
4623 1703 96
1728 4641 97
1106 3246 98
5549 6060 99
1366 5991 100
1489 2906 101
3586 1066 102
182 5884 103
5620 6749 104
6992 6411 105
3360 1949 106
5649 5795 107
5006 2504 108
2157 6669 109
4694 5685 110
4214 3811 111
4605 1927 112
1366 472 113
3402 3817 114
1147 6276 115
6059 553 116
6779 261 117
2929 3932 118
5510 479 119
1348 3659 120
7194 4596 121
6657 2502 122
4419 2529 123
3636 5712 124
4898 2506 125
257 2465 126
3368 2898 127
5310 2460 128
4949 5310 129
2526 249 130
4881 6481 131
1543 5177 132
6749 6606 133
171 510 134
4435 4318 135
2743 5440 136
5133 6387 137
4059 6330 138
584 3953 139
1238 7187 140
1529 1347 141
6578 4195 142
4278 321 143
5247 3872 144
3289 3553 145
5444 637 146
269 3444 147
6267 1576 148
913 1985 149
5988 3092 150
2354 4474 151
2319 604 152
248 6548 153
5461 954 154
5772 1895 155
419 6937 156
1044 827 157
2953 4841 158
1118 6630 159
5336 2830 160
3173 3874 161
4491 1891 162
1989 3636 163
6132 2494 164
4841 1677 165
5423 4747 166
1305 5862 167
1685 3856 168
6065 3141 169
1547 3458 170
101 6823 171
6108 1023 172
33 3386 173
4052 4923 174
5295 1561 175
510 5328 176
4127 2706 177
159 6646 178
2252 1281 179
4877 4188 180
558 1579 181
3657 1270 182
6204 6884 183
1015 1061 184
2342 1745 185
7117 3983 186
5650 1262 187
6395 3857 188
2943 2392 189
1758 3891 190
2379 2663 191
3607 5908 192
5116 6059 193
3757 2598 194
3914 1879 195
4671 5443 196
7033 1002 197
4746 4693 198
3957 2496 199
230 4256 200
3995 2053 1
3684 6091 2
1612 958 3
1500 408 4
4199 6703 5
4241 4943 6
1861 1528 7
2835 1424 8
2629 7132 9
5635 2548 10
1357 5815 11
5575 3618 12
567 5337 13
1429 5197 14
4113 712 15
4275 7074 16
7074 4100 17
5352 345 18
4179 6186 19
4269 4558 20
6058 6869 21
7126 5689 22
6978 6699 23
2939 6448 24
2066 1468 25
4039 906 26
3510 1640 27
5226 5702 28
3707 556 29
4889 2768 30
4022 1295 31
2898 5217 32
950 1250 33
451 5968 34
449 3236 35
824 6975 36
4465 2736 37
4687 484 38
5510 911 39
5230 831 40
2459 4919 41
1064 5569 42
1894 4639 43
1834 4584 44
3641 3185 45
2813 2224 46
413 2962 47
6071 7197 48
5687 1392 49
5135 1318 50
315 7190 51
1607 2143 52
1355 2589 53
4046 4254 54
3329 4500 55
2766 6017 56
12 5783 57
2267 7035 58
5252 3233 59
3763 1158 60
4120 3630 61
307 1870 62
1901 4817 63
3758 2789 64
6650 4587 65
971 5187 66
329 5350 67
2029 1670 68
6525 454 69
6810 5259 70
6578 6538 71
53 2396 72
3221 1167 73
5780 6733 74
5768 6251 75
1941 489 76
5056 5723 77
6781 4537 78
1896 3903 79
3277 5006 80
3772 3915 81
4179 1173 82
4857 1174 83
2918 2079 84
6365 542 85
6198 6865 86
6888 1431 87
3482 549 88
5037 3881 89
1155 133 90
6894 6349 91
1040 3822 92
3174 3782 93
2539 1301 94
2975 971 95
5220 6176 96
4853 6032 97
5591 7188 98
5791 2868 99
2756 3968 100
2392 5630 101
5862 5472 102
6241 2103 103
2331 4833 104
1418 921 105
324 1471 106
2583 4352 107
4057 6098 108
3076 4265 109
5841 5408 110
232 605 111
5907 3303 112
4181 1988 113
399 4955 114
1545 1497 115
1064 3120 116
2708 2833 117
1269 3287 118
724 5200 119
3871 2346 120
6095 6526 121
1090 3106 122
1147 891 123
2198 2856 124
2017 3543 125
3432 4729 126
4857 1884 127
4456 4004 128
4956 3275 129
4126 5965 130
5986 4905 131
5360 2841 132
676 541 133
6638 6150 134
1239 1736 135
2009 54 136
1749 6490 137
2732 3207 138
2733 2150 139
4545 3971 140
6087 1712 141
349 698 142
1372 2426 143
5073 2811 144
6279 3569 145
4551 5262 146
4899 2032 147
607 3295 148
2562 4355 149
3011 1700 150
975 5000 151
380 2029 152
1588 223 153
6343 4282 154
2013 4801 155
1965 1363 156
3497 5595 157
6788 4266 158
2973 2442 159
2130 1119 160
4466 3095 161
1635 852 162
2366 6281 163
4307 7050 164
4897 7023 165
5064 5236 166
2480 1202 167
2738 5504 168
2613 104 169
2129 2028 170
2964 128 171
1101 5772 172
5871 196 173
3826 2329 174
4418 1776 175
4321 40 176
5704 3384 177
4927 219 178
4860 1749 179
4214 2820 180
6901 2208 181
3958 5882 182
5586 844 183
5480 7110 184
1490 3984 185
1199 5803 186
2907 1800 187
1926 557 188
3194 734 189
4848 5900 190
6604 3644 191
5751 822 192
5903 1226 193
1540 2884 194
5599 3378 195
6290 4785 196
915 5982 197
1540 2800 198
323 4449 199
5161 6570 200
