4800 4800 200
3471 2569 1
2439 3579 2
33 4688 3
1327 3350 4
1889 1721 5
4588 1196 6
4464 3975 7
4511 3261 8
4310 3607 9
737 1584 10
1189 1899 11
2330 59 12
2965 1119 13
852 4561 14
587 3401 15
2729 4096 16
302 1545 17
2946 4412 18
97 2678 19
689 2437 20
958 1305 21
2101 3403 22
2175 1010 23
2954 4513 24
1038 4381 25
3358 3294 26
4388 2981 27
3174 3813 28
315 2795 29
2363 2002 30
3218 542 31
2371 3318 32
3517 1695 33
2775 3394 34
602 4652 35
3010 1627 36
529 2581 37
1902 3571 38
2918 148 39
1727 3238 40
895 1374 41
321 2473 42
4711 2 43
3571 918 44
2284 1712 45
4122 247 46
3382 3398 47
3046 4335 48
1042 4324 49
1932 4699 50
993 3949 51
135 707 52
3773 864 53
787 737 54
2833 4264 55
2235 2933 56
4613 818 57
857 99 58
1728 3078 59
1966 2778 60
4008 485 61
1116 1895 62
779 4342 63
1233 2158 64
790 156 65
712 2319 66
1165 2724 67
3896 4235 68
1867 4109 69
731 2640 70
4540 2696 71
2409 2429 72
1747 237 73
182 4535 74
4519 893 75
70 2332 76
232 2304 77
2132 4070 78
4450 1202 79
827 3986 80
2118 1982 81
4682 349 82
3752 2241 83
564 4623 84
1349 3415 85
2979 662 86
1116 2199 87
2389 4500 88
4052 1104 89
1151 4348 90
860 2302 91
2718 618 92
625 2758 93
3668 2036 94
3284 3240 95
1143 2942 96
3588 4408 97
1365 3371 98
377 1847 99
3890 1601 100
1072 4260 101
4558 841 102
2760 601 103
355 215 104
4191 1814 105
1810 3940 106
3123 4245 107
3485 4405 108
303 3008 109
4649 1992 110
2094 533 111
4657 3877 112
3512 4061 113
3571 4267 114
4364 964 115
3085 2373 116
525 3488 117
3775 1820 118
503 3184 119
178 1352 120
4782 3925 121
4070 778 122
2860 2112 123
4016 1454 124
688 652 125
3244 3315 126
3671 4470 127
4452 1842 128
234 1578 129
689 1635 130
2516 2468 131
124 1618 132
352 4427 133
2375 3039 134
1781 408 135
3432 1849 136
3750 3843 137
68 3505 138
1901 2531 139
3603 1531 140
553 840 141
3431 1504 142
1456 1247 143
3498 4014 144
1951 2705 145
1565 4710 146
4369 1005 147
3936 2225 148
4042 1703 149
1051 734 150
1691 4376 151
3240 264 152
1041 4564 153
2326 4507 154
2749 2138 155
637 204 156
2970 259 157
3033 3323 158
1576 1430 159
3797 146 160
3222 3593 161
3406 1299 162
1379 2326 163
907 3338 164
4454 628 165
574 3889 166
2094 2796 167
2617 2433 168
3979 3748 169
801 3645 170
993 805 171
2548 3603 172
1607 1522 173
999 288 174
3517 411 175
1363 2734 176
1981 3166 177
615 1790 178
3181 3224 179
4459 952 180
2035 1439 181
2506 3919 182
3476 2890 183
263 4415 184
2450 4147 185
3746 3363 186
4658 4238 187
525 2567 188
3047 3971 189
3450 4590 190
1230 3091 191
4360 1359 192
732 497 193
1714 928 194
1317 2550 195
4167 496 196
80 3087 197
2394 165 198
702 435 199
787 1276 200
2773 3713 1
204 1407 2
3085 2836 3
2727 4553 4
2153 4316 5
2583 1807 6
1508 803 7
3613 214 8
817 1758 9
145 3995 10
4643 355 11
193 1390 12
612 4080 13
2628 217 14
3434 3103 15
194 1999 16
271 2465 17
2899 4377 18
2782 226 19
2702 779 20
622 483 21
2566 4314 22
3037 1218 23
1233 2290 24
49 2665 25
3282 856 26
2779 467 27
3916 3618 28
3047 1715 29
1581 4168 30
819 1254 31
3314 3335 32
1857 722 33
4461 1208 34
308 3058 35
1516 1081 36
4322 2857 37
247 3077 38
64 931 39
2494 3016 40
2679 3441 41
4533 1683 42
522 2005 43
4608 1051 44
1253 2849 45
1885 3135 46
2057 1021 47
1156 4259 48
4717 118 49
279 397 50
423 4127 51
4528 4758 52
4018 839 53
2584 4647 54
2916 1646 55
2628 2957 56
48 2790 57
2996 1128 58
781 3714 59
2452 642 60
3586 683 61
2312 2366 62
248 1234 63
2595 2446 64
3016 4671 65
1062 3855 66
1884 4596 67
3126 3717 68
3985 71 69
3494 2752 70
4244 4378 71
1317 3287 72
4513 4251 73
411 3528 74
1955 1723 75
1735 4039 76
216 3152 77
1101 4511 78
3175 510 79
1908 2163 80
1902 4250 81
559 4745 82
4296 1338 83
368 1824 84
3777 2092 85
3113 4629 86
1825 1823 87
174 210 88
4587 4677 89
350 3990 90
2078 644 91
1834 4192 92
500 3690 93
2158 2105 94
3784 4641 95
3331 3535 96
3298 4440 97
708 2825 98
165 3108 99
3002 3204 100
3168 3255 101
741 1458 102
2994 2461 103
1896 810 104
4607 1015 105
558 4116 106
4180 3353 107
2371 1348 108
2330 3358 109
315 4624 110
4011 242 111
955 3534 112
1513 2564 113
2623 4620 114
2290 880 115
1242 2812 116
1704 3838 117
4114 2478 118
155 3736 119
1143 4765 120
1292 2443 121
541 3056 122
3977 1615 123
4441 1955 124
1895 3687 125
657 2660 126
2133 4790 127
1712 3778 128
3767 4007 129
4717 4593 130
3542 2824 131
4267 634 132
2523 353 133
958 764 134
1182 3904 135
754 2558 136
2042 1991 137
905 4709 138
2263 2754 139
2304 3704 140
2299 3525 141
48 2575 142
3364 2139 143
4762 3586 144
2638 3521 145
162 1478 146
314 629 147
657 3174 148
3178 2146 149
1568 1724 150
2763 385 151
1180 1073 152
1314 3498 153
4277 4676 154
2984 2069 155
4332 1222 156
2279 4122 157
1159 4056 158
3133 91 159
4605 4543 160
3221 3084 161
4107 3576 162
2201 2626 163
4384 958 164
4280 3231 165
3022 4740 166
4570 3073 167
3588 2769 168
4042 3679 169
4718 362 170
2760 3594 171
3624 1905 172
204 2280 173
574 3881 174
358 3385 175
4105 2814 176
3278 3071 177
2121 98 178
2135 2746 179
3439 4023 180
1033 1794 181
2427 1996 182
2569 2018 183
2986 3692 184
3509 2598 185
4095 1482 186
4141 266 187
3119 261 188
2101 890 189
3530 1211 190
690 1720 191
3121 1206 192
1504 1580 193
1085 406 194
4333 3802 195
3244 4779 196
3152 2153 197
4667 2619 198
725 4222 199
1337 3369 200
2132 1775 1
4250 1631 2
3986 100 3
3227 4579 4
129 3654 5
43 1296 6
4046 2083 7
143 1747 8
4169 4769 9
1654 4257 10
1962 755 11
4441 3005 12
1931 3879 13
3600 2511 14
548 2632 15
1258 3968 16
2106 528 17
2584 295 18
3264 2822 19
4170 1552 20
2628 4698 21
4280 558 22
1914 3569 23
4335 4739 24
355 1344 25
1840 2077 26
3494 4210 27
2130 4682 28
168 2739 29
961 1331 30
4337 2605 31
4586 3655 32
3503 1314 33
1128 4332 34
273 2309 35
412 534 36
146 4538 37
3641 3796 38
3606 3906 39
389 1736 40
1860 2807 41
1539 3502 42
3099 2805 43
4040 1746 44
1317 2485 45
3455 3037 46
1809 2397 47
20 3510 48
35 4075 49
3300 2187 50
3773 95 51
380 2920 52
2983 2239 53
3221 3076 54
1714 3570 55
4750 162 56
52 1780 57
4694 1557 58
2929 2939 59
2290 4420 60
3929 2178 61
2708 3847 62
3291 4476 63
440 1448 64
2740 2214 65
1101 2766 66
2253 1603 67
3583 4206 68
2041 2930 69
4207 1848 70
576 4105 71
1911 2915 72
2111 4747 73
4503 1528 74
352 3416 75
1980 3250 76
3768 2860 77
1606 3428 78
2559 4121 79
2307 947 80
2065 837 81
2585 4180 82
890 3366 83
1101 741 84
2655 4608 85
3793 3627 86
1577 4529 87
3085 343 88
1660 2247 89
2317 3310 90
4267 1259 91
1809 1355 92
3292 646 93
506 3522 94
1861 682 95
829 992 96
3482 4452 97
4320 2847 98
2913 1134 99
2007 3447 100
4497 2867 101
3257 3185 102
3871 3537 103
2476 3612 104
4482 3199 105
827 3611 106
559 302 107
1016 1514 108
1578 1416 109
1783 23 110
2837 2845 111
861 2186 112
1833 3657 113
4676 3162 114
1011 4071 115
720 3515 116
2591 2823 117
3286 1880 118
3157 2694 119
1504 3019 120
618 3476 121
1462 2775 122
3772 3872 123
4245 1142 124
4489 3564 125
3817 2003 126
1326 3123 127
782 3054 128
3548 1872 129
804 1060 130
1485 3931 131
3848 4346 132
165 4166 133
471 4675 134
3617 93 135
3462 174 136
3119 574 137
467 2852 138
3615 4520 139
4611 4609 140
4015 1655 141
4614 2841 142
3518 2711 143
787 3119 144
2502 3669 145
4054 2255 146
2723 1232 147
2148 2916 148
4406 3386 149
348 1689 150
2549 1231 151
3026 4735 152
1952 1381 153
4667 567 154
1396 2096 155
4275 2762 156
2774 246 157
2193 939 158
3901 4562 159
3839 3283 160
2153 1728 161
1321 3172 162
4771 2245 163
1951 2999 164
2559 4475 165
1862 1741 166
1827 1912 167
339 3043 168
3903 1195 169
3668 2091 170
2257 3821 171
368 4209 172
3571 2431 173
1748 2635 174
4547 2593 175
977 2466 176
3644 651 177
2752 3779 178
3529 975 179
2299 1179 180
688 4615 181
4280 570 182
389 1307 183
4244 1981 184
3267 2253 185
2848 4137 186
1368 3939 187
3619 4117 188
4078 3871 189
1892 1121 190
4574 4508 191
4602 402 192
1854 3327 193
530 785 194
4750 3175 195
2050 1826 196
1722 2286 197
526 3598 198
3083 1837 199
3176 3468 200
2477 2114 1
1564 2267 2
1458 3514 3
3678 1226 4
2494 3241 5
2804 3754 6
1309 3757 7
2150 3942 8
3358 1488 9
4453 1059 10
3661 4417 11
2290 2990 12
4386 3217 13
3644 2398 14
549 3214 15
2669 1804 16
4332 4306 17
4121 1077 18
2120 4010 19
3388 3567 20
802 3538 21
1580 814 22
1128 1284 23
1186 1927 24
2457 4302 25
1493 1172 26
1975 991 27
4460 4542 28
2409 3868 29
3400 1922 30
646 4074 31
2635 705 32
38 714 33
3549 341 34
4087 1858 35
2140 2043 36
3178 1803 37
260 2024 38
1676 4184 39
1776 3720 40
3819 1136 41
1202 3483 42
2055 1240 43
3332 3202 44
3560 2001 45
1042 4185 46
4658 4479 47
3729 604 48
4106 254 49
2363 933 50
856 2813 51
1784 4338 52
2526 3464 53
269 1779 54
1682 673 55
1483 4051 56
4623 4800 57
3103 4438 58
4027 4780 59
4562 4406 60
4306 1164 61
3604 1975 62
2049 2699 63
3711 820 64
1949 3125 65
1868 1193 66
1901 1353 67
480 1308 68
590 181 69
3493 4050 70
2791 3661 71
1183 1112 72
776 4038 73
4404 490 74
2628 431 75
3564 83 76
4140 613 77
832 2054 78
195 848 79
782 3252 80
4348 3556 81
1210 2527 82
3901 595 83
3182 3684 84
3860 3878 85
1834 1194 86
3537 2943 87
2652 1957 88
3002 2438 89
4121 1192 90
3483 3970 91
1101 4140 92
3493 1945 93
4370 489 94
3606 3020 95
4161 2288 96
4695 4442 97
2305 813 98
2895 143 99
1693 2851 100
1152 1241 101
75 3771 102
3182 2541 103
1889 4614 104
4092 3672 105
2069 2380 106
13 1932 107
2273 1016 108
3174 4064 109
2478 1250 110
1494 3630 111
166 4160 112
2369 4247 113
4709 1664 114
4614 2653 115
3515 2065 116
3168 1336 117
709 3960 118
350 1577 119
2918 3324 120
1092 287 121
1949 3753 122
1719 2424 123
1811 2256 124
3906 1417 125
3751 2703 126
2132 145 127
1088 635 128
999 58 129
1664 3140 130
199 1970 131
2250 4159 132
711 1596 133
1996 1397 134
1480 1373 135
1390 3306 136
527 257 137
3542 325 138
791 518 139
504 4431 140
2494 1156 141
1272 3467 142
3588 2226 143
2851 3284 144
2733 2031 145
1703 188 146
503 1382 147
291 4203 148
1966 4363 149
3392 4390 150
1468 454 151
74 469 152
776 1323 153
4609 609 154
4011 4799 155
3032 4445 156
2825 1523 157
4259 844 158
3841 3807 159
2971 291 160
2003 3259 161
3175 2344 162
3582 2299 163
4143 2391 164
2943 2659 165
4750 3764 166
1844 1744 167
4470 2145 168
1111 1149 169
1317 3349 170
4630 3330 171
271 3605 172
1575 1301 173
118 3188 174
4005 1452 175
1141 3665 176
1105 1684 177
4521 3218 178
1261 2364 179
2194 312 180
4513 1262 181
67 2117 182
2994 1609 183
2559 4588 184
1741 4439 185
1242 3874 186
2121 796 187
4513 2202 188
3772 4694 189
621 4329 190
2388 1717 191
2765 19 192
553 3762 193
4463 2458 194
2475 4416 195
3958 1462 196
2865 244 197
1825 4627 198
4336 2132 199
2175 453 200
2500 2449 1
4404 3929 2
4712 1719 3
3378 1460 4
3515 3709 5
1825 1756 6
1515 4065 7
4205 2053 8
849 1329 9
3445 2098 10
3274 2259 11
1827 2641 12
3412 2913 13
2191 3243 14
4091 4177 15
2655 4422 16
2767 3046 17
146 1475 18
3583 1444 19
748 4211 20
2253 3755 21
1395 4788 22
2093 4639 23
2384 4411 24
3581 3423 25
3168 4233 26
3737 1947 27
781 4108 28
4695 4778 29
3874 927 30
793 2875 31
3544 3724 32
2092 1422 33
3178 3865 34
2555 1395 35
2791 4454 36
530 3458 37
4107 3794 38
1465 155 39
1672 3469 40
4416 3782 41
360 561 42
4417 1239 43
3256 1740 44
2804 450 45
3753 865 46
2998 4098 47
4250 2339 48
3990 168 49
2198 334 50
3145 1953 51
3306 4012 52
3026 1097 53
342 1230 54
1036 169 55
2849 749 56
2591 4283 57
1522 2156 58
405 3614 59
2983 2840 60
2840 540 61
95 461 62
3077 1949 63
3958 2578 64
2085 2815 65
747 2522 66
4011 3662 67
86 4148 68
1981 1383 69
3751 3196 70
869 4704 71
4608 1787 72
3385 3885 73
1745 1087 74
4722 1910 75
2430 3164 76
1504 2220 77
661 2761 78
2408 62 79
605 3520 80
2718 687 81
1855 3668 82
4587 179 83
4512 4311 84
352 3417 85
4717 955 86
2936 3391 87
4289 1587 88
1165 4634 89
2879 320 90
4522 2926 91
2530 30 92
2268 3908 93
1902 3976 94
95 774 95
1263 1950 96
4593 2021 97
3046 4040 98
1796 2604 99
186 4021 100
1784 21 101
2273 2439 102
4227 4190 103
3168 4350 104
4791 516 105
2767 2740 106
4040 1341 107
4011 731 108
1380 253 109
748 3954 110
4663 379 111
1562 3734 112
1928 3955 113
1615 2287 114
151 106 115
1091 1376 116
242 2800 117
448 2120 118
2022 82 119
4482 4 120
2788 4356 121
300 499 122
3002 1869 123
2292 2618 124
3121 513 125
2222 2185 126
1952 2911 127
195 457 128
2583 3875 129
913 3500 130
3442 3615 131
830 2625 132
3107 1605 133
1524 2830 134
4263 1799 135
3631 3495 136
4533 4491 137
928 4423 138
4602 1884 139
3042 4601 140
3937 535 141
4016 594 142
2306 1053 143
894 2335 144
2009 4480 145
3527 1889 146
529 1143 147
3037 161 148
913 630 149
1821 3835 150
632 3953 151
3772 4315 152
1952 1436 153
4166 974 154
1329 1938 155
766 92 156
4600 4213 157
3431 3265 158
4750 612 159
3165 3610 160
2388 4447 161
4042 2322 162
553 1995 163
3887 249 164
3785 3681 165
3831 1483 166
4104 788 167
4555 2723 168
209 4359 169
954 3169 170
3781 1216 171
157 4223 172
1924 2204 173
4563 2714 174
2394 403 175
2866 432 176
838 3563 177
1101 4244 178
4575 3653 179
2127 3337 180
350 4396 181
4613 1227 182
242 2633 183
3358 4750 184
3410 2254 185
2947 1841 186
4066 284 187
1554 3789 188
4479 3854 189
237 2400 190
1362 800 191
831 410 192
2797 863 193
1924 4534 194
3490 359 195
1061 2206 196
2452 1316 197
1801 1961 198
4668 309 199
1233 2986 200
3099 815 1
3942 340 2
1116 4094 3
2439 2887 4
4758 1207 5
543 1431 6
2471 1294 7
3406 1551 8
728 4118 9
965 1144 10
673 2480 11
970 102 12
286 3427 13
3197 3379 14
588 2910 15
1368 3292 16
1355 1701 17
17 260 18
683 704 19
2655 616 20
3530 1124 21
799 1853 22
3761 2782 23
3263 2504 24
3501 390 25
2047 668 26
1368 2597 27
2460 953 28
4539 577 29
720 1369 30
3438 4781 31
1581 488 32
1819 684 33
439 1930 34
252 4638 35
975 3042 36
861 3281 37
2097 1785 38
1960 1893 39
2998 2971 40
4568 3590 41
4797 1649 42
916 200 43
2332 4679 44
3337 97 45
3890 1986 46
3450 4053 47
1360 1607 48
959 331 49
3679 900 50
4725 34 51
4201 86 52
973 2476 53
4463 2274 54
2201 3099 55
4029 925 56
4552 892 57
582 2182 58
2195 4099 59
2674 48 60
3856 4566 61
4029 4193 62
2816 1579 63
706 1770 64
4417 4224 65
3694 2229 66
4586 3165 67
1229 1403 68
1292 262 69
3958 2350 70
291 3730 71
2744 3644 72
3730 4716 73
208 4037 74
302 940 75
3390 1197 76
131 2674 77
2765 2323 78
4513 4171 79
3274 415 80
27 2657 81
613 1914 82
66 1074 83
1481 2672 84
3811 3923 85
1007 3915 86
751 2469 87
1844 3225 88
3843 1167 89
594 10 90
3354 3839 91
1101 1902 92
1275 3235 93
1561 1670 94
4279 177 95
2478 1513 96
1716 2471 97
2172 2586 98
1477 3987 99
147 3836 100
448 3926 101
3913 867 102
1749 3003 103
2964 4327 104
1561 308 105
1218 3155 106
2886 4414 107
3476 4294 108
1885 544 109
2878 88 110
605 3788 111
1270 1427 112
627 4449 113
2020 1753 114
4702 4129 115
3640 2425 116
3525 2787 117
4172 371 118
3567 4270 119
2130 4063 120
3292 2356 121
3534 3288 122
761 1706 123
4087 1856 124
3210 625 125
2943 1214 126
43 3344 127
3629 209 128
732 2526 129
49 4132 130
861 4512 131
1712 1510 132
494 2484 133
1612 1280 134
4183 8 135
646 4281 136
27 4139 137
2760 3649 138
3782 1246 139
2204 2061 140
3300 3254 141
3846 1162 142
186 664 143
1902 4201 144
455 2367 145
3400 2774 146
988 127 147
2193 1911 148
2452 4494 149
4712 711 150
4797 3897 151
3528 4635 152
4191 3841 153
621 269 154
1105 2218 155
1741 3153 156
3286 2692 157
4645 1538 158
94 2741 159
3522 1496 160
3814 3045 161
1352 1610 162
4511 4207 163
504 4169 164
1654 3144 165
1228 961 166
4433 1565 167
756 1171 168
3376 4019 169
1081 4284 170
1101 2244 171
2832 2871 172
1618 2889 173
3619 886 174
3648 4289 175
3482 4430 176
4658 3120 177
3581 4558 178
42 1843 179
4724 2683 180
1749 1509 181
2450 1866 182
1693 2756 183
2366 4642 184
3902 4547 185
3906 2382 186
3631 1836 187
1328 3965 188
2121 4216 189
2619 4373 190
86 4611 191
4267 4724 192
3850 924 193
1719 4424 194
348 4115 195
2859 3596 196
4339 4474 197
1386 1400 198
3206 1069 199
1673 3053 200
2257 3377 1
1984 1835 2
3141 3880 3
3415 4371 4
3582 3100 5
1789 912 6
1359 3285 7
2038 520 8
2404 425 9
4555 3620 10
3644 2016 11
4593 3784 12
4313 3512 13
1910 4515 14
913 2493 15
1072 256 16
1143 2463 17
145 4318 18
628 3863 19
4121 1530 20
1458 4191 21
1682 2111 22
4275 4365 23
3553 1223 24
411 2126 25
3830 777 26
3841 4319 27
2959 2035 28
1613 2695 29
4751 760 30
2307 4743 31
3518 2789 32
4513 3845 33
2855 548 34
3302 4026 35
2515 3674 36
2231 4003 37
134 2712 38
1519 2014 39
1639 3439 40
2529 3507 41
4122 1111 42
703 3670 43
669 1599 44
204 311 45
3037 2191 46
2363 977 47
2649 2592 48
317 4258 49
3376 1585 50
1928 4286 51
4613 3480 52
2153 1450 53
4040 783 54
3175 2570 55
3700 1860 56
2065 3107 57
2518 4567 58
2159 797 59
716 2298 60
2153 3396 61
2596 2483 62
2660 4541 63
3043 1560 64
2401 2300 65
1223 2306 66
1205 1320 67
3047 3628 68
1646 422 69
3597 2855 70
1914 1375 71
4763 2144 72
3038 429 73
343 4086 74
2386 4467 75
4493 3195 76
4054 3245 77
922 1675 78
3012 2644 79
2966 3129 80
2198 1942 81
1475 1183 82
2961 2034 83
4353 3769 84
1455 4636 85
3151 4539 86
4336 3751 87
985 1598 88
1734 61 89
342 419 90
3629 1345 91
2500 4659 92
693 465 93
4119 3518 94
2796 3701 95
1513 333 96
3234 1148 97
3196 1326 98
4289 231 99
3809 395 100
1057 3139 101
2878 2388 102
3286 1920 103
2431 1886 104
3763 624 105
4201 3223 106
1506 1985 107
4261 665 108
1274 4135 109
3626 2361 110
1925 3067 111
3913 512 112
117 1762 113
1230 1491 114
3872 674 115
2592 2505 116
4125 4519 117
4239 329 118
2386 1906 119
1806 3721 120
4576 2777 121
3022 3810 122
3383 3740 123
452 4705 124
3556 3592 125
4601 6 126
2941 1908 127
354 3712 128
4562 3549 129
4770 2277 130
3042 3011 131
1277 816 132
911 1571 133
2861 744 134
731 2794 135
4575 2532 136
688 1321 137
317 1544 138
3090 3544 139
616 2477 140
527 4472 141
4428 2821 142
4309 3352 143
796 2448 144
3261 2188 145
3316 2962 146
2703 2902 147
1856 2212 148
3870 2588 149
2093 128 150
824 2884 151
1931 590 152
2195 878 153
3407 2670 154
1261 2343 155
4310 2278 156
4786 888 157
390 1433 158
3443 4295 159
3605 2131 160
140 1786 161
2462 3392 162
1561 1550 163
1707 4656 164
3288 2557 165
232 1767 166
3557 1105 167
3437 2779 168
3142 3981 169
1230 3083 170
115 2881 171
3947 351 172
352 1624 173
1725 4059 174
1572 2086 175
2179 4555 176
4361 4395 177
864 1831 178
145 4303 179
615 2000 180
1088 3009 181
1719 2441 182
1136 4436 183
924 2985 184
2054 151 185
3801 13 186
894 1368 187
747 4275 188
1568 1219 189
1209 3438 190
40 2798 191
2628 4481 192
1704 3870 193
3426 4226 194
4025 27 195
2981 2104 196
4575 3342 197
842 3719 198
3333 4755 199
2845 1710 200
1233 854 1
4655 4589 2
3122 3136 3
2747 790 4
1881 2251 5
2172 478 6
3761 3450 7
2133 31 8
136 2736 9
3733 4385 10
125 94 11
3852 3948 12
2312 3797 13
616 2292 14
2984 2579 15
2968 305 16
4347 3178 17
313 2209 18
3248 4028 19
2391 1693 20
3867 2630 21
3799 2737 22
471 4288 23
3177 862 24
8 1674 25
4119 455 26
3700 2362 27
508 3758 28
349 4600 29
2695 3355 30
4121 2491 31
2682 3633 32
2733 756 33
2107 2680 34
2895 1757 35
1081 2562 36
1610 3910 37
488 4008 38
1013 884 39
1895 3985 40
4537 1157 41
112 877 42
170 3727 43
3736 895 44
1508 2589 45
1319 1737 46
2350 2155 47
4332 2977 48
3496 3542 49
441 640 50
4387 1506 51
401 3309 52
776 3192 53
3728 3267 54
1151 2721 55
3493 2050 56
4307 3203 57
3737 808 58
3317 1432 59
403 1651 60
3084 3876 61
4029 2498 62
4443 3433 63
3646 4726 64
1225 3639 65
2357 2834 66
1281 3790 67
829 1861 68
3021 4358 69
4326 3068 70
1828 2572 71
3051 3746 72
4424 3246 73
1538 1555 74
2636 2995 75
3732 4205 76
3476 1393 77
2266 906 78
216 1956 79
847 2594 80
879 679 81
3038 4720 82
86 787 83
1737 3332 84
838 696 85
4318 3081 86
1034 235 87
4593 4265 88
3960 3707 89
2672 3575 90
1404 4341 91
3048 3703 92
4668 4568 93
4005 1777 94
3589 152 95
4431 3258 96
4766 2470 97
3939 3917 98
1526 4299 99
1360 752 100
3443 4221 101
2453 229 102
3205 4058 103
4533 1173 104
652 2879 105
2709 3511 106
2605 4426 107
2302 3303 108
4092 793 109
2766 994 110
2581 70 111
2988 2022 112
2582 2552 113
3330 2513 114
3484 2230 115
936 2068 116
2984 4487 117
3304 1808 118
3332 2802 119
3253 2062 120
629 3577 121
2159 3927 122
474 2257 123
421 3738 124
4696 721 125
1702 3920 126
4201 657 127
564 2797 128
3893 2820 129
3565 3425 130
203 733 131
4637 3523 132
3319 3481 133
265 2116 134
1682 2492 135
4611 2614 136
1565 1082 137
211 3705 138
702 812 139
2895 4693 140
1691 2150 141
894 222 142
3448 1108 143
941 2100 144
959 1288 145
996 4082 146
43 4269 147
3269 1816 148
3165 4486 149
879 330 150
883 4330 151
2093 523 152
1704 4504 153
4625 3183 154
2581 3367 155
3034 3010 156
3476 1311 157
315 4581 158
3807 680 159
583 4510 160
273 3825 161
907 2685 162
4655 1083 163
276 539 164
315 3156 165
1653 1293 166
3383 367 167
4585 2945 168
3542 1002 169
1652 1685 170
227 2250 171
1745 517 172
2346 2651 173
3991 3524 174
2680 114 175
855 3541 176
2032 1203 177
2710 3932 178
2148 2905 179
2710 1058 180
4604 1638 181
242 2135 182
3797 314 183
3453 4379 184
4497 2216 185
1243 4029 186
1835 1713 187
4459 400 188
806 1132 189
3858 122 190
2663 1692 191
3471 3444 192
344 1031 193
2874 2623 194
2054 4227 195
120 3018 196
2000 897 197
3770 1459 198
926 1175 199
2767 1972 200
3901 2996 1
2284 4485 2
3791 727 3
1976 4062 4
2656 1190 5
2926 2428 6
3802 2965 7
2395 2537 8
2880 3113 9
864 22 10
2628 4097 11
2489 3343 12
2626 3766 13
3705 4393 14
385 1408 15
3728 1659 16
759 3413 17
741 4333 18
43 3148 19
3902 4015 20
1519 3189 21
1261 2733 22
194 3829 23
4368 2420 24
533 3683 25
2290 3691 26
2709 1748 27
1243 43 28
289 3012 29
3761 1519 30
3368 2924 31
4038 4031 32
118 125 33
3036 2365 34
1205 4344 35
1674 63 36
3728 105 37
2201 3989 38
140 565 39
1039 4153 40
3534 4598 41
358 4156 42
1485 274 43
4244 4124 44
4464 3212 45
2478 224 46
2453 3017 47
4309 394 48
1216 692 49
98 2009 50
832 4695 51
3972 3194 52
3112 4049 53
4677 1402 54
3107 2688 55
2369 4774 56
3814 732 57
4510 3803 58
821 1628 59
3234 2040 60
702 2600 61
1216 979 62
1963 1825 63
719 4297 64
1777 3198 65
2021 1755 66
1565 3079 67
4280 4054 68
1679 377 69
4284 4603 70
1259 3305 71
2368 416 72
3031 220 73
170 4372 74
1389 1980 75
2038 1663 76
3750 437 77
2394 3527 78
4277 67 79
2444 268 80
2766 1275 81
4239 4057 82
2012 4141 83
3807 1537 84
3653 1371 85
2941 514 86
996 1480 87
660 2451 88
4663 2409 89
4753 4487 90
3582 723 91
903 3595 92
2644 2474 93
2370 1498 94
3731 4087 95
605 1633 96
3081 2180 97
1182 2563 98
2246 1437 99
43 2208 100
3908 554 101
2335 3516 102
2406 4648 103
4661 1036 104
1832 3105 105
4034 4645 106
3354 965 107
2284 2747 108
4369 2611 109
3960 831 110
43 3151 111
3331 2808 112
2995 4170 113
4549 2198 114
3314 3735 115
1122 1110 116
1114 1658 117
2577 283 118
1904 3116 119
2536 2507 120
4076 20 121
798 3205 122
4766 1868 123
20 2276 124
4503 2393 125
3853 1078 126
2898 2553 127
920 4719 128
4140 1817 129
2196 1140 130
555 1645 131
972 1829 132
3418 2269 133
1226 1443 134
1783 2142 135
3030 537 136
1972 1752 137
3752 2560 138
3764 2806 139
3447 1050 140
3960 211 141
68 3935 142
574 2497 143
866 1184 144
2385 369 145
2822 2970 146
490 4300 147
4275 883 148
3174 3686 149
217 1295 150
748 3297 151
3913 4563 152
3814 2525 153
3372 4446 154
285 1022 155
3152 1676 156
3969 1669 157
217 3180 158
1963 2168 159
4468 1805 160
821 1189 161
4754 149 162
2215 526 163
3221 1691 164
1025 3160 165
847 2457 166
221 1362 167
781 743 168
1393 990 169
478 3899 170
657 4262 171
4078 3041 172
461 2914 173
3844 3820 174
1384 1118 175
3589 4266 176
2421 4349 177
3267 1438 178
3021 4248 179
165 2338 180
2121 2530 181
1137 2509 182
195 1734 183
1624 2151 184
8 2785 185
4261 1127 186
4454 4229 187
765 1473 188
4672 2282 189
2640 4732 190
4164 1178 191
1790 1815 192
1287 1967 193
1772 1763 194
16 4689 195
1888 1647 196
970 3209 197
2590 3565 198
3770 1079 199
3710 4573 200
4201 1286 1
388 4334 2
1066 599 3
3331 2336 4
2703 3677 5
3038 1075 6
3062 3308 7
4510 3316 8
2312 4482 9
2523 1743 10
574 3558 11
3661 583 12
3493 1532 13
1303 3504 14
541 1131 15
1515 3312 16
1865 4092 17
2502 3088 18
1676 4172 19
807 2211 20
1508 3588 21
2946 310 22
3494 3635 23
3830 326 24
289 725 25
4233 2359 26
3599 1191 27
4752 4113 28
3072 2698 29
2558 1313 30
4078 564 31
3661 3937 32
2571 2684 33
1365 3689 34
1397 1212 35
4347 2265 36
1888 3728 37
1286 650 38
4079 3938 39
1855 1151 40
4762 2709 41
721 1056 42
191 3739 43
1284 745 44
1010 1242 45
4451 4768 46
1673 319 47
4293 3726 48
1320 3387 49
1430 464 50
1508 2842 51
2088 3765 52
2769 2386 53
4569 4278 54
2959 4622 55
2438 986 56
3453 2055 57
4733 983 58
3944 399 59
583 4143 60
787 4339 61
2299 3817 62
1787 1260 63
723 976 64
3410 1969 65
524 4722 66
4592 1668 67
266 3334 68
627 1186 69
4420 2450 70
2615 1801 71
2989 3716 72
1101 3966 73
2007 1174 74
3622 566 75
178 2141 76
4275 3617 77
3872 1270 78
299 339 79
3432 3608 80
4206 4182 81
702 2294 82
4371 2839 83
2796 4301 84
3282 4727 85
3778 2154 86
706 896 87
4039 944 88
4448 1832 89
3339 1540 90
785 4241 91
673 1630 92
3538 2495 93
3349 3472 94
1352 3646 95
3421 123 96
849 2389 97
1639 843 98
1436 3566 99
4379 139 100
4387 693 101
999 3304 102
2179 382 103
1480 1159 104
2948 1038 105
3116 811 106
4143 1888 107
2358 3173 108
655 3827 109
2761 2048 110
4646 4463 111
488 471 112
3472 3659 113
732 4291 114
3269 1243 115
1603 440 116
2276 614 117
4486 826 118
3155 1042 119
530 1964 120
3451 1625 121
33 32 122
2559 3663 123
3344 1722 124
1163 361 125
2290 3490 126
2171 1548 127
3729 767 128
1902 1493 129
4776 227 130
2443 4362 131
4361 3443 132
59 45 133
850 4777 134
1504 1044 135
4409 1806 136
3554 2846 137
2195 1857 138
4496 2647 139
2497 194 140
59 2487 141
4595 2203 142
1928 2101 143
271 3774 144
4516 3460 145
3810 1285 146
838 1867 147
2791 409 148
4387 3806 149
3442 4047 150
3119 1072 151
3363 3710 152
2756 2681 153
4206 1572 154
1911 3317 155
4507 2547 156
2923 3384 157
1976 4658 158
2767 4128 159
2898 1591 160
3554 2004 161
4230 3163 162
3956 2401 163
1827 4313 164
2923 1146 165
2276 3388 166
3959 1648 167
742 270 168
3761 1716 169
1404 1013 170
1121 1343 171
950 2771 172
2860 2342 173
3785 1733 174
424 3393 175
4450 480 176
1490 671 177
300 3168 178
3901 3424 179
938 1921 180
1133 4421 181
2431 3182 182
1835 1640 183
4562 304 184
2124 3550 185
3517 3733 186
3077 1047 187
2851 458 188
1410 3508 189
3448 2227 190
787 689 191
1878 960 192
3271 4004 193
3276 2883 194
2819 2496 195
1101 4711 196
2718 2603 197
1257 4282 198
3209 3239 199
3947 2063 200
3284 2482 1
4613 3031 2
527 3864 3
195 3378 4
1735 2223 5
230 4337 6
2907 2261 7
3185 1123 8
3934 4660 9
1273 4025 10
4320 1885 11
3036 1778 12
1243 3921 13
220 2321 14
647 4477 15
4227 4307 16
1578 501 17
2689 772 18
1875 3109 19
3631 1236 20
2275 761 21
2045 3851 22
832 2954 23
2590 3133 24
3442 4336 25
3881 476 26
1182 828 27
2826 2738 28
3067 374 29
440 290 30
4347 4459 31
741 4605 32
3210 3347 33
4684 2149 34
2959 1726 35
3902 3277 36
4787 1312 37
2599 585 38
3201 870 39
3546 784 40
4431 666 41
2824 3001 42
1481 3625 43
1757 2272 44
457 849 45
4427 3499 46
2476 4103 47
3363 2395 48
3351 2501 49
711 2164 50
2167 4194 51
2677 3063 52
3247 1001 53
2019 3656 54
1041 1199 55
4112 4496 56
911 4796 57
3372 1200 58
525 2976 59
3818 4457 60
773 3206 61
2770 182 62
4766 1575 63
1949 2545 64
2988 2444 65
3437 3110 66
3054 1094 67
2302 4255 68
4553 1613 69
657 3040 70
439 2743 71
1410 2874 72
3421 35 73
675 2729 74
3431 1085 75
972 1367 76
1777 2325 77
3196 3852 78
4005 4236 79
1807 1486 80
2433 1004 81
3231 2506 82
4042 1152 83
2465 3905 84
4613 794 85
1872 2079 86
3631 547 87
774 3253 88
2132 2571 89
448 2281 90
1672 4528 91
2242 2816 92
4140 315 93
970 2565 94
4468 4604 95
2054 2193 96
4075 2486 97
394 2417 98
2677 3890 99
1996 1539 100
2778 3446 101
2284 3418 102
4513 445 103
1309 2713 104
2710 2676 105
3306 4321 106
4641 4176 107
1821 190 108
1389 4347 109
252 4189 110
601 2210 111
4387 2379 112
762 3572 113
3528 1898 114
1760 4578 115
4161 3276 116
2132 2622 117
1573 4706 118
4143 3629 119
4800 4518 120
4389 1968 121
2588 2219 122
2092 3978 123
1831 1759 124
529 250 125
94 2384 126
2400 3478 127
4493 3695 128
3663 3560 129
2489 3207 130
994 2007 131
2767 4181 132
2315 4397 133
409 2936 134
260 2412 135
508 1435 136
4184 3193 137
1865 1029 138
2895 2826 139
1997 2109 140
4122 2984 141
195 817 142
2290 4673 143
817 3792 144
1410 619 145
3117 3057 146
3966 3345 147
3000 4196 148
4593 1568 149
3958 2677 150
1284 4429 151
102 2026 152
472 995 153
3908 4621 154
3570 4175 155
812 3680 156
2251 2715 157
1712 3652 158
2399 1821 159
3933 3539 160
1960 1201 161
3252 791 162
552 545 163
385 1251 164
4089 110 165
59 4309 166
1915 79 167
1194 1732 168
1960 2133 169
628 1642 170
812 3988 171
4054 3228 172
20 675 173
3339 677 174
765 1588 175
1428 426 176
2252 267 177
3817 4458 178
358 586 179
359 4432 180
3405 758 181
614 1602 182
4632 3636 183
382 2066 184
4378 519 185
1827 4375 186
2577 2039 187
2330 4320 188
532 3351 189
2794 2529 190
158 1907 191
4633 1442 192
1355 3916 193
2921 28 194
3813 859 195
2311 3909 196
4040 1052 197
637 3030 198
2213 2371 199
1912 1502 200
4106 4687 1
1902 193 2
3196 3698 3
2710 4646 4
2524 4784 5
1076 851 6
1368 3924 7
344 3380 8
4121 119 9
3897 2037 10
1752 3320 11
1366 202 12
4387 3637 13
3395 292 14
3586 459 15
1817 1494 16
3224 1954 17
1828 2725 18
911 500 19
3623 3200 20
1111 278 21
1893 332 22
1860 307 23
311 316 24
482 1608 25
1436 3912 26
1085 3496 27
2199 3328 28
2787 348 29
4452 3022 30
1693 2489 31
1846 3080 32
2909 678 33
4064 1419 34
2573 4533 35
2782 3531 36
4141 4577 37
1513 4273 38
2130 4011 39
3793 2620 40
4763 3562 41
4593 4100 42
1423 3410 43
3921 1672 44
1834 1332 45
2942 2125 46
342 1521 47
203 726 48
2716 3688 49
3122 4123 50
4594 3602 51
2587 4684 52
2246 1931 53
2050 3729 54
756 57 55
3777 4696 56
4272 1377 57
1741 1533 58
1734 3025 59
3781 1959 60
1524 4585 61
3629 2837 62
2480 4308 63
1696 4077 64
3342 3052 65
2054 3407 66
2797 248 67
4263 2548 68
222 115 69
4537 3597 70
1141 2462 71
3682 183 72
1198 338 73
457 973 74
3522 3226 75
4468 2919 76
232 2224 77
3792 2969 78
1239 3553 79
1710 1356 80
2000 2538 81
2417 3402 82
178 522 83
2822 2349 84
2958 1204 85
4762 49 86
2100 401 87
821 76 88
287 919 89
1936 2464 90
3339 753 91
136 2246 92
1037 2102 93
2045 4509 94
1017 3574 95
2849 4401 96
524 3857 97
3761 4027 98
2131 1415 99
1296 1287 100
1242 1915 101
3530 344 102
2998 3722 103
414 827 104
2983 2266 105
2546 3873 106
379 2642 107
4337 4399 108
2141 1662 109
327 2658 110
3558 3257 111
1338 3513 112
3701 4149 113
1233 1141 114
812 3471 115
919 3973 116
1951 2888 117
1655 196 118
4372 2799 119
3269 3272 120
1588 2172 121
4697 2643 122
4463 2413 123
1390 3585 124
4420 768 125
3615 1283 126
1576 3286 127
1852 2748 128
2941 46 129
1493 1611 130
2220 280 131
1863 932 132
414 1360 133
3870 1527 134
725 16 135
1747 2687 136
4042 3996 137
786 4134 138
863 4048 139
939 3584 140
2988 4549 141
1117 572 142
652 3824 143
4520 1434 144
3817 2719 145
958 318 146
863 2517 147
3442 3750 148
2763 1039 149
3913 2316 150
162 2951 151
293 4461 152
1017 1076 153
3943 957 154
3631 899 155
2716 3801 156
3527 1881 157
3881 1168 158
3846 3842 159
551 4392 160
519 4231 161
2818 184 162
4337 131 163
4129 3497 164
3344 3397 165
203 2763 166
4448 4574 167
1179 4310 168
1955 213 169
928 801 170
3939 163 171
1276 2873 172
4090 3321 173
4513 1499 174
3556 3465 175
594 821 176
2164 3503 177
1445 418 178
3594 75 179
802 798 180
4663 4763 181
3455 11 182
2164 2979 183
908 3 184
3290 2636 185
3623 1447 186
4068 1500 187
3902 3395 188
4454 2716 189
4771 959 190
3448 4293 191
4364 3121 192
161 2540 193
390 4285 194
1493 3221 195
3112 3210 196
564 1871 197
963 2615 198
2135 647 199
2164 3021 200
2299 4219 1
2744 132 2
1976 1515 3
3829 2960 4
3775 3902 5
1930 1802 6
4133 2320 7
3763 3752 8
3422 1327 9
2468 3619 10
4209 1937 11
1982 2236 12
2038 3795 13
3163 2129 14
4512 1084 15
193 3300 16
4337 963 17
3561 1919 18
2617 1846 19
2396 3229 20
1476 3626 21
4762 770 22
4309 3462 23
706 3419 24
3482 3660 25
205 1850 26
964 2029 27
4446 1018 28
1679 1163 29
2747 4597 30
1290 3456 31
4336 2130 32
774 1138 33
1273 702 34
992 611 35
1172 4237 36
3175 3702 37
1944 4126 38
4702 4617 39
832 706 40
4225 4125 41
1902 1686 42
2687 1267 43
3921 1890 44
2832 1660 45
1209 3145 46
1922 1264 47
2954 4760 48
3695 298 49
1741 2708 50
1631 1632 51
1521 1606 52
3751 4610 53
1769 1671 54
2391 3273 55
1902 1476 56
4320 17 57
431 748 58
4156 1220 59
1077 4382 60
4188 1277 61
2901 3822 62
4339 507 63
606 1653 64
38 1699 65
3471 802 66
62 3177 67
2520 3157 68
634 1878 69
216 1926 70
930 2051 71
1951 781 72
1082 2459 73
2740 2947 74
3153 2903 75
4424 573 76
2718 52 77
3852 137 78
34 2907 79
2319 2987 80
4238 4703 81
689 847 82
3752 1357 83
3830 2023 84
406 3479 85
4558 4120 86
3702 2177 87
1760 1650 88
1660 719 89
3437 111 90
1620 3519 91
1507 945 92
2904 3268 93
2160 452 94
2930 4738 95
4766 470 96
2114 4591 97
2301 698 98
657 1256 99
3878 2858 100
165 245 101
4468 4792 102
1894 4042 103
4243 4045 104
2761 3613 105
120 1095 106
2478 648 107
3040 1253 108
3503 2861 109
3773 2590 110
86 2663 111
2141 1819 112
2532 1811 113
1210 4466 114
2468 2317 115
2565 2629 116
4531 4419 117
4598 592 118
1230 996 119
358 2312 120
2090 4394 121
2096 1109 122
4056 3749 123
184 3274 124
3304 3685 125
3197 2968 126
4656 1764 127
3312 838 128
4268 1423 129
4718 4557 130
3921 1507 131
389 2649 132
3132 1840 133
574 1643 134
2729 3786 135
3841 966 136
4468 617 137
4659 2106 138
3196 2639 139
2036 2307 140
206 3000 141
1260 3137 142
3681 4616 143
4607 413 144
208 699 145
4106 2358 146
4751 2801 147
118 2690 148
1476 1418 149
3294 393 150
3663 3295 151
414 2435 152
1480 107 153
1016 4197 154
996 3700 155
970 1570 156
838 2765 157
3357 649 158
3174 2249 159
4502 3830 160
2192 2073 161
2779 2327 162
819 482 163
3412 3997 164
1602 2303 165
681 3280 166
4762 3530 167
2452 4370 168
3216 4794 169
2179 1862 170
94 1441 171
3768 1472 172
2329 103 173
3354 4268 174
4433 1092 175
1496 263 176
1265 1384 177
628 681 178
1943 4368 179
513 3983 180
1239 1913 181
4766 2360 182
4202 4584 183
284 4214 184
3521 3190 185
3975 2010 186
1679 2895 187
4269 4527 188
2954 562 189
1900 3804 190
2763 4164 191
1483 336 192
517 1100 193
1771 451 194
1721 3536 195
351 2523 196
461 579 197
1082 1034 198
3862 1177 199
943 3167 200
4265 3506 1
3538 2167 2
358 1690 3
3701 695 4
266 3800 5
4042 4085 6
1952 1317 7
3850 4531 8
4417 2727 9
4289 1943 10
49 3412 11
1925 1793 12
3161 2087 13
2468 14 14
4454 857 15
3702 1412 16
3750 1261 17
2948 3029 18
4511 2964 19
4323 4505 20
3035 323 21
3077 2831 22
3397 1229 23
3259 4523 24
3485 4212 25
4310 873 26
2487 2440 27
4078 136 28
4689 3024 29
894 1209 30
1809 824 31
2316 4089 32
574 2993 33
406 2959 34
2536 2072 35
1063 1977 36
3538 3074 37
1580 989 38
4371 825 39
3234 578 40
1844 1139 41
232 3482 42
4657 2262 43
3753 1160 44
2475 3676 45
4782 2447 46
4326 904 47
2256 2095 48
3036 3776 49
1902 1524 50
1243 1698 51
1800 2751 52
4227 3760 53
2716 4712 54
2979 4785 55
3859 582 56
1902 2500 57
2228 555 58
2668 116 59
3301 2093 60
2224 2953 61
2798 4516 62
1469 717 63
2601 830 64
3331 1024 65
189 3725 66
2656 4280 67
2943 4552 68
3473 479 69
4333 350 70
136 3642 71
522 3365 72
2132 1471 73
3115 150 74
4262 902 75
4121 3583 76
4272 2900 77
135 1066 78
1716 3623 79
3292 3006 80
3862 1654 81
2022 4522 82
3394 158 83
3604 2931 84
583 186 85
3264 4783 86
4097 2631 87
508 589 88
3397 1772 89
809 1217 90
1092 4633 91
3917 3501 92
1969 2405 93
2345 2456 94
2874 25 95
216 4497 96
596 587 97
1339 4637 98
2649 15 99
4689 4661 100
366 2843 101
1107 3150 102
2545 3696 103
1847 735 104
2555 321 105
2275 4020 106
3035 669 107
3305 1351 108
3442 2974 109
4191 2610 110
2550 552 111
350 1325 112
2685 3176 113
2780 2783 114
3823 3930 115
3032 956 116
2038 3785 117
3240 4544 118
1025 3426 119
2214 3390 120
495 2989 121
1089 2308 122
4417 391 123
398 4256 124
1960 384 125
2915 1589 126
2092 1099 127
2668 2118 128
4766 2455 129
86 4173 130
2071 180 131
3661 3278 132
703 4721 133
3107 2242 134
1167 4471 135
589 2296 136
2844 2937 137
3831 3900 138
1641 4757 139
2316 1392 140
2822 1844 141
4138 2574 142
291 1735 143
814 2742 144
962 1839 145
4171 4343 146
2836 498 147
2851 2058 148
2431 189 149
756 4685 150
2577 2453 151
4794 4565 152
3431 529 153
1483 1469 154
3485 3075 155
616 1897 156
4201 233 157
711 1025 158
1059 4331 159
1862 2460 160
327 3957 161
1933 3302 162
2833 4402 163
822 1485 164
3380 4728 165
1242 4187 166
3902 3883 167
3056 1451 168
3977 3013 169
1764 3543 170
2800 1028 171
4586 911 172
2301 2803 173
2449 769 174
2343 4418 175
3397 2877 176
4487 2157 177
19 1080 178
2663 3911 179
3985 4456 180
1484 2052 181
4800 1687 182
3132 4448 183
2655 4312 184
689 1014 185
2936 4736 186
2644 3561 187
230 1909 188
508 4771 189
1800 1997 190
4521 56 191
1432 532 192
3857 3023 193
4588 1335 194
503 3104 195
2741 3708 196
3385 2494 197
3831 2183 198
4073 1998 199
3583 2260 200
295 1445 1
2360 1665 2
2559 1600 3
2850 2585 4
3588 4766 5
4562 999 6
1082 2601 7
1198 3914 8
4493 4161 9
2716 2284 10
3598 1213 11
4695 881 12
3115 4095 13
278 167 14
2798 4572 15
4416 1129 16
2633 398 17
4655 3509 18
2452 2927 19
1314 997 20
1273 3616 21
547 3127 22
3629 4107 23
2758 205 24
1741 738 25
2659 3891 26
1911 494 27
4417 3819 28
3957 3815 29
3412 4374 30
2554 2080 31
1996 4383 32
1441 2503 33
1676 2176 34
1426 1697 35
1565 2870 36
884 1106 37
1319 660 38
1298 2707 39
2478 1292 40
2780 234 41
431 1917 42
4286 4654 43
1872 1622 44
2462 1489 45
894 392 46
1951 1855 47
3391 1525 48
4750 178 49
541 218 50
1910 4055 51
14 2232 52
4053 2233 53
4754 2925 54
352 1883 55
2431 2720 56
3526 759 57
1477 1760 58
324 3211 59
3590 4554 60
1145 2059 61
3174 3035 62
710 1520 63
3408 608 64
3738 4775 65
3881 3834 66
590 3432 67
2559 2189 68
2183 4734 69
2210 4366 70
3000 563 71
3680 716 72
1022 282 73
4578 1678 74
2687 3759 75
4370 718 76
1725 3581 77
4712 3641 78
4712 3222 79
3937 2273 80
1771 2436 81
618 2481 82
2024 2638 83
4722 3044 84
1852 3604 85
1747 2006 86
1841 946 87
1212 3791 88
4782 1574 89
4454 1666 90
2215 201 91
3025 4664 92
574 55 93
1831 1563 94
4018 993 95
4658 423 96
568 1333 97
445 1788 98
955 2901 99
1919 434 100
2663 1673 101
777 1818 102
4454 541 103
1263 2534 104
3287 468 105
40 199 106
2393 1263 107
3527 2599 108
1319 4242 109
1902 869 110
3814 4326 111
4272 3361 112
830 1166 113
4537 3421 114
1984 4032 115
3407 3307 116
1179 2949 117
2862 4035 118
3549 971 119
102 2421 120
4059 313 121
2468 4786 122
848 2434 123
234 3181 124
2729 1126 125
495 2673 126
2253 1979 127
3527 4575 128
1751 3828 129
884 370 130
1663 1310 131
2849 436 132
3637 4391 133
2050 3095 134
3813 4437 135
1182 3028 136
3961 2171 137
2222 998 138
709 916 139
3852 1145 140
860 4410 141
4525 661 142
1143 1354 143
2740 3381 144
2304 198 145
2193 3066 146
165 917 147
2949 3555 148
536 4798 149
546 357 150
3980 4400 151
3368 2793 152
2747 277 153
1922 3632 154
193 3374 155
2628 4537 156
2668 2646 157
4244 4586 158
2330 2524 159
2096 3260 160
145 3850 161
4318 1626 162
850 4744 163
3230 3049 164
3790 4772 165
1517 144 166
536 4551 167
3287 363 168
2408 3529 169
4420 2376 170
494 1107 171
2118 2542 172
3856 3065 173
3450 855 174
95 2844 175
4614 773 176
4486 1696 177
3876 3798 178
1600 3298 179
2326 2508 180
3850 3027 181
1734 3134 182
1335 4081 183
2462 2324 184
343 1424 185
4650 921 186
2598 4041 187
395 3578 188
3312 2938 189
1220 1046 190
2200 2554 191
4673 2862 192
2059 2706 193
4589 3333 194
2780 2160 195
1604 1304 196
4137 823 197
960 3050 198
2179 1404 199
3242 1865 200
664 3832 1
947 4325 2
1341 891 3
2093 2539 4
2444 4490 5
3713 4697 6
2736 4753 7
3553 2731 8
1017 4751 9
1670 2137 10
485 1597 11
627 776 12
2885 2293 13
1986 2533 14
2130 4102 15
790 33 16
2756 3430 17
95 427 18
4633 2285 19
1129 2667 20
2339 1319 21
3282 3664 22
4225 1278 23
686 4571 24
3601 1978 25
52 2060 26
285 905 27
3606 2392 28
4800 853 29
776 4663 30
743 4220 31
2078 2932 32
4307 3601 33
4078 729 34
77 1882 35
834 1546 36
2695 1272 37
2176 289 38
832 3773 39
94 4066 40
184 228 41
4075 1048 42
1209 4093 43
1504 2656 44
3917 807 45
2996 360 46
3092 4274 47
1631 4444 48
3345 2348 49
2550 1440 50
411 3742 51
2660 3767 52
2223 2786 53
4453 3375 54
3175 3814 55
1628 191 56
209 708 57
2109 3102 58
430 2378 59
2768 1388 60
4610 1798 61
2673 2896 62
1481 36 63
1651 1742 64
4706 3007 65
1653 2008 66
3283 4389 67
3901 929 68
2520 623 69
4329 54 70
1091 4655 71
1554 29 72
827 3699 73
3038 3118 74
963 3473 75
653 3408 76
327 943 77
1556 2609 78
894 1487 79
3514 3201 80
1622 757 81
1022 4404 82
827 922 83
2966 2222 84
3852 2038 85
3871 4613 86
3267 1372 87
3901 153 88
3785 3861 89
882 3979 90
2520 2510 91
4731 3922 92
2727 4272 93
1398 2576 94
3921 2791 95
1017 1809 96
3770 1070 97
2687 3142 98
4183 1989 99
2500 126 100
3678 1401 101
1205 4560 102
2642 3070 103
978 2354 104
2943 1940 105
2479 1187 106
4396 4570 107
1916 3266 108
135 2070 109
4717 3867 110
2511 1634 111
3911 4742 112
3045 4130 113
2978 2595 114
243 505 115
3530 4413 116
4452 2195 117
421 171 118
3085 2975 119
4336 271 120
4724 2728 121
1855 324 122
2237 1043 123
4387 4254 124
1116 366 125
3630 1067 126
2393 1221 127
2452 2341 128
4193 135 129
3448 3860 130
3522 2891 131
4703 1291 132
3216 1661 133
3379 653 134
3368 2702 135
1218 1873 136
4604 3941 137
4244 2019 138
98 164 139
1186 2573 140
2947 1976 141
2397 1120 142
2954 2898 143
91 1268 144
1588 2645 145
847 4380 146
2296 2856 147
358 3364 148
3770 1583 149
4486 3389 150
1532 4576 151
2835 3359 152
1901 1566 153
4219 1298 154
3680 4304 155
1511 166 156
4168 1677 157
594 2353 158
274 2934 159
1312 2027 160
2677 1426 161
3878 1812 162
2548 2555 163
3680 4718 164
2286 386 165
849 347 166
4149 685 167
106 2418 168
2803 1595 169
3174 672 170
3193 2430 171
1989 3143 172
1672 1165 173
1547 663 174
4237 4364 175
1751 3262 176
4183 2231 177
1477 1903 178
2549 2152 179
1241 2521 180
3280 742 181
861 2998 182
4460 364 183
4336 2381 184
4071 1411 185
1910 1896 186
3005 984 187
1568 4234 188
3344 1854 189
3530 285 190
4458 4261 191
3631 3128 192
143 3552 193
573 462 194
3843 3256 195
352 2347 196
4489 297 197
31 219 198
3267 1838 199
4066 3436 200
1044 3138 1
54 2331 2
2798 3299 3
2988 472 4
1003 1198 5
2459 2997 6
4122 3237 7
3116 3599 8
3516 3658 9
3773 3354 10
2770 3461 11
4057 1057 12
242 981 13
4341 3887 14
4112 2764 15
4140 65 16
2655 265 17
3122 3933 18
1679 3248 19
2021 3463 20
1630 1290 21
2179 3811 22
2753 3048 23
379 2056 24
3571 3862 25
1060 775 26
242 4013 27
4698 1718 28
2765 3980 29
2597 2488 30
2816 1782 31
3778 4495 32
3303 3484 33
4637 4204 34
959 486 35
3152 376 36
3597 637 37
352 1852 38
2190 2512 39
3740 493 40
524 3648 41
2630 860 42
33 875 43
3159 3015 44
2992 1971 45
3924 2064 46
998 645 47
3801 3947 48
4337 208 49
1377 887 50
4771 934 51
1035 81 52
4237 2561 53
627 1725 54
2689 1705 55
2579 4144 56
2643 2535 57
2502 2944 58
2379 747 59
712 780 60
2894 3451 61
1851 2827 62
357 396 63
2506 626 64
989 2329 65
4227 232 66
1204 3780 67
2996 195 68
4337 4202 69
2687 1983 70
4753 1182 71
1573 530 72
136 3896 73
741 1749 74
3032 4524 75
1404 876 76
2345 3711 77
2162 4198 78
82 170 79
1508 1116 80
4443 4723 81
2217 3409 82
1679 3141 83
1986 2735 84
974 4672 85
3221 2697 86
222 1410 87
2830 2568 88
3382 1328 89
1610 3440 90
4428 3322 91
3210 3271 92
1200 1547 93
518 569 94
1737 3950 95
3377 424 96
164 576 97
729 2081 98
2068 2935 99
689 4503 100
101 1347 101
2990 2848 102
2954 74 103
2308 1027 104
3503 2442 105
3263 1593 106
711 2655 107
2190 4388 108
379 3492 109
4427 108 110
522 2904 111
1662 4465 112
4510 2838 113
3597 368 114
1483 4489 115
3455 1271 116
1479 3373 117
832 4717 118
291 3282 119
792 258 120
1292 1037 121
3767 1511 122
1165 39 123
2760 2704 124
2564 2686 125
2316 365 126
278 4700 127
662 3158 128
1275 3376 129
2515 1657 130
738 763 131
484 443 132
4372 4536 133
2765 2549 134
1052 3170 135
304 2917 136
1157 4106 137
2945 1188 138
1122 1590 139
1658 1709 140
2847 1564 141
4611 4545 142
4733 2128 143
2453 4043 144
4622 380 145
3731 2809 146
3528 3982 147
4092 1901 148
4497 3682 149
3661 508 150
2693 303 151
4757 3146 152
1286 521 153
817 3952 154
1235 690 155
574 1114 156
2926 53 157
3704 1470 158
583 142 159
2294 1394 160
2076 2194 161
2726 1834 162
2016 1093 163
575 112 164
1817 3958 165
1508 4625 166
1754 3631 167
469 2717 168
4416 2089 169
4769 4668 170
4018 913 171
4227 861 172
3455 4078 173
2465 1951 174
3984 2375 175
1458 3582 176
1947 51 177
3881 2602 178
3151 4606 179
1229 1774 180
140 3998 181
86 3777 182
3053 639 183
4084 3533 184
2151 3587 185
1436 1158 186
1631 2880 187
960 3311 188
3054 2264 189
2019 2811 190
452 4317 191
161 2175 192
3398 3634 193
621 1068 194
4449 3114 195
2153 4083 196
230 2666 197
353 1529 198
1476 659 199
139 4240 200
1170 2701 1
3754 3325 2
4647 2243 3
3771 3047 4
2530 1428 5
4370 3453 6
1933 739 7
4468 751 8
4059 1396 9
1236 2403 10
1179 2404 11
1872 4340 12
2901 1783 13
2419 701 14
4226 2372 15
3196 4016 16
242 3609 17
4294 879 18
1335 3858 19
713 3131 20
2141 1559 21
737 1739 22
2937 3270 23
431 4133 24
4622 273 25
1286 3624 26
2703 2749 27
2038 2406 28
773 588 29
3527 789 30
4248 1089 31
1390 3974 32
3661 1350 33
2489 948 34
3046 160 35
3145 3697 36
349 4195 37
4229 1900 38
4776 2710 39
3678 3055 40
3234 1088 41
643 1318 42
2670 1876 43
1101 2994 44
4114 1620 45
4203 1667 46
3945 4357 47
4605 3130 48
2494 3951 49
4613 4001 50
3853 3866 51
3095 967 52
90 557 53
281 1364 54
2369 2543 55
1410 3400 56
3536 4355 57
2265 2722 58
3317 686 59
3431 4152 60
3085 342 61
2676 2165 62
2207 2654 63
4553 4683 64
4788 691 65
839 1761 66
3031 1363 67
4079 2810 68
1024 4165 69
1207 3434 70
1698 3126 71
1397 638 72
1292 1796 73
2926 3086 74
3287 1828 75
2336 1688 76
2087 4599 77
2878 4756 78
2159 1929 79
1060 3532 80
3140 4746 81
390 874 82
289 3945 83
1674 1477 84
1534 3101 85
4704 1006 86
4428 3455 87
3524 1 88
2189 2166 89
3221 1771 90
4066 1993 91
1618 1830 92
255 159 93
425 2097 94
245 2850 95
1966 26 96
2766 1122 97
350 225 98
2815 4354 99
1358 2648 100
1573 2755 101
3529 2235 102
960 852 103
2747 2394 104
1382 4167 105
2515 1708 106
615 2693 107
3628 4690 108
1782 4665 109
4339 2921 110
754 3036 111
2178 581 112
3561 3314 113
3773 765 114
4267 978 115
3793 1518 116
3312 1800 117
2342 2519 118
2764 1265 119
3084 3197 120
1611 2897 121
2365 4595 122
2368 4540 123
1200 2566 124
1893 4681 125
3604 936 126
3631 1617 127
1379 1556 128
2585 4546 129
829 2090 130
2334 4612 131
4468 4464 132
4492 2580 133
2803 1245 134
1672 2346 135
657 3493 136
4025 407 137
3376 676 138
4339 1224 139
3274 4292 140
2289 2776 141
2035 4761 142
305 301 143
1418 3647 144
2638 3486 145
628 2780 146
2477 1086 147
3787 1859 148
17 632 149
2880 2679 150
3283 531 151
1605 2607 152
3076 1652 153
2638 1503 154
2502 2049 155
1932 1062 156
3085 3517 157
1377 460 158
3045 38 159
4396 724 160
2573 1302 161
2007 1340 162
4066 2757 163
2397 643 164
3917 2906 165
227 3849 166
1472 2828 167
1390 2110 168
1976 688 169
186 2279 170
861 1091 171
4107 3818 172
4580 1205 173
3476 538 174
406 4009 175
628 2502 176
3300 4030 177
379 2377 178
3517 1505 179
819 2556 180
3542 1870 181
1889 2675 182
1565 3186 183
2581 736 184
3042 3124 185
4751 2864 186
8 3159 187
4084 835 188
3611 2119 189
4629 378 190
2542 4352 191
2366 4653 192
1767 463 193
4791 2333 194
848 2770 195
3213 3356 196
3485 4249 197
289 4782 198
3729 4640 199
3421 1941 200
1965 2196 1
3003 1252 2
117 1467 3
689 1007 4
46 3826 5
1487 2893 6
1317 728 7
4641 4162 8
95 2228 9
2767 3090 10
95 2909 11
4552 4759 12
1889 3545 13
2005 322 14
3870 1225 15
3702 3092 16
3105 4246 17
2222 4228 18
3428 1543 19
1410 938 20
4023 910 21
2674 2869 22
3571 2596 23
4754 2044 24
4251 2275 25
2151 2099 26
2545 799 27
979 1409 28
3746 1773 29
2381 484 30
262 1490 31
3161 2929 32
2982 2467 33
2330 1827 34
3152 3002 35
2450 3227 36
1164 3907 37
3040 1258 38
2452 1358 39
4487 1339 40
1227 2956 41
1883 1946 42
3515 66 43
4433 2817 44
3641 2334 45
1793 3290 46
2085 786 47
1817 3448 48
3054 449 49
11 655 50
3455 2012 51
1393 550 52
1049 2313 53
732 3187 54
2988 1928 55
1676 2878 56
2450 3651 57
3615 134 58
139 1181 59
3661 3082 60
409 1567 61
2259 1769 62
1911 1125 63
1262 4733 64
999 868 65
266 2134 66
4575 2829 67
3175 3853 68
1667 603 69
1749 1389 70
2559 506 71
2191 335 72
406 2032 73
2462 4232 74
394 3859 75
268 2197 76
4751 3132 77
3934 2071 78
2806 1679 79
2092 1103 80
3652 972 81
1725 882 82
627 709 83
913 1273 84
1031 4669 85
905 1702 86
3219 1054 87
3617 3014 88
792 4770 89
2339 1682 90
4658 474 91
4129 2028 92
2150 1904 93
4561 1700 94
840 4526 95
4166 281 96
2979 3435 97
3814 1000 98
3175 1894 99
2296 388 100
4375 2390 101
3750 901 102
1714 2772 103
905 1542 104
4512 185 105
4336 2159 106
3292 2928 107
864 846 108
4375 4525 109
533 2297 110
2471 3580 111
583 1810 112
1681 4680 113
3000 1656 114
3462 715 115
2780 885 116
4437 2076 117
2986 3892 118
2728 2200 119
2850 4252 120
4094 2516 121
905 2143 122
1172 1936 123
3767 951 124
1401 405 125
2421 3963 126
615 2240 127
4398 4218 128
1776 4119 129
3890 2315 130
2030 792 131
1462 1517 132
165 3244 133
2906 3551 134
3272 935 135
930 1238 136
4156 3744 137
3340 1934 138
3996 4091 139
824 4111 140
1404 4501 141
3121 2407 142
1624 954 143
1972 3452 144
4112 3741 145
841 1033 146
2357 909 147
693 466 148
1271 154 149
1493 3291 150
3083 3846 151
3090 2221 152
59 2767 153
1679 1465 154
1604 381 155
688 568 156
25 1269 157
3874 1346 158
3431 2744 159
787 4776 160
3280 3666 161
1899 2608 162
2593 1266 163
3564 286 164
452 3589 165
676 4305 166
1243 4271 167
4063 4033 168
2526 387 169
2524 89 170
2615 3411 171
3367 2885 172
2947 4387 173
2578 389 174
1737 3554 175
4332 96 176
2061 2345 177
2750 3275 178
3561 2115 179
256 942 180
3774 2107 181
1719 1637 182
3090 1784 183
1263 836 184
3983 2042 185
3500 4101 186
3269 1101 187
3661 2094 188
887 3072 189
3700 4556 190
118 621 191
589 2140 192
3429 4178 193
3349 90 194
358 3296 195
1628 610 196
2475 1966 197
3354 4112 198
1092 346 199
2838 1680 200
180 4488 1
4114 3898 2
1831 272 3
905 3540 4
3582 3856 5
1273 133 6
1666 2940 7
930 2075 8
917 1644 9
2195 1464 10
3287 206 11
583 2621 12
3789 4353 13
2881 4607 14
232 3944 15
1318 4713 16
308 641 17
2461 2922 18
3188 2978 19
3896 207 20
3956 337 21
2379 2583 22
3509 3360 23
3197 2369 24
1993 4215 25
3901 84 26
3679 2419 27
421 2396 28
1748 1781 29
3308 104 30
1263 2866 31
2339 2768 32
3763 1944 33
2762 2967 34
1857 60 35
2257 1729 36
3045 3216 37
2 2892 38
1749 1210 39
2213 356 40
1666 1117 41
132 1342 42
3248 129 43
2716 2330 44
3439 1170 45
2263 1623 46
3287 3457 47
2957 1925 48
527 3964 49
1889 2923 50
3866 2410 51
1562 4667 52
4097 3640 53
3876 1484 54
712 3840 55
4176 1449 56
2517 1738 57
3003 1455 58
352 622 59
507 3959 60
4452 24 61
3269 832 62
59 3033 63
2507 5 64
1992 4708 65
3306 3340 66
4592 1582 67
1115 375 68
2141 710 69
4124 2475 70
1596 2181 71
2159 1337 72
2127 3429 73
1799 2781 74
2326 1391 75
2346 2263 76
1736 4044 77
2923 920 78
3558 543 79
4433 1875 80
4267 4179 81
1062 294 82
136 4072 83
628 4361 84
3122 3233 85
1404 1751 86
4549 1822 87
4501 712 88
2231 4517 89
1039 2700 90
3027 3232 91
2622 730 92
1170 553 93
3597 1877 94
1878 4433 95
3455 4451 96
2000 2340 97
1741 4455 98
4635 4351 99
4520 3547 100
2452 804 101
3839 656 102
3264 1994 103
3058 2753 104
3559 3694 105
2763 2046 106
1198 2853 107
3791 903 108
3358 2148 109
4267 3743 110
1809 4104 111
42 428 112
1494 987 113
3269 1952 114
3722 3213 115
1515 4691 116
1805 2422 117
3300 4460 118
1781 636 119
151 4145 120
3333 1727 121
1108 447 122
3901 4114 123
3651 1406 124
1707 4323 125
2455 47 126
2716 1516 127
2667 3154 128
2765 2385 129
2500 18 130
579 3362 131
3383 620 132
2127 4602 133
54 525 134
3209 2252 135
3087 1456 136
2804 120 137
311 2759 138
3758 1399 139
3345 1096 140
3890 2668 141
2663 1244 142
121 4022 143
211 3787 144
4294 515 145
349 354 146
4627 1169 147
1869 2337 148
176 4731 149
1630 556 150
511 1962 151
4308 4079 152
244 4550 153
1466 1045 154
853 4483 155
2121 2213 156
2179 4764 157
4090 571 158
3261 703 159
1630 2650 160
3737 3977 161
4205 3329 162
145 1481 163
806 3901 164
675 2452 165
3231 871 166
3536 3208 167
4034 2992 168
3776 4670 169
3967 872 170
2168 982 171
43 4789 172
1777 866 173
2304 782 174
4575 2295 175
2179 1180 176
4097 2882 177
3465 328 178
3600 172 179
4363 1019 180
234 546 181
1116 1315 182
2904 421 183
2502 754 184
3305 41 185
2801 4443 186
4072 1604 187
522 988 188
35 2865 189
754 1300 190
2193 3991 191
2736 1137 192
1872 1711 193
183 2612 194
4319 252 195
2350 1512 196
3288 2854 197
1208 3884 198
1882 2432 199
4051 2894 200
3822 3414 1
2467 192 2
1823 1135 3
17 1379 4
1243 4076 5
2271 1289 6
299 2015 7
1758 4287 8
993 593 9
3516 3234 10
3991 481 11
2204 2490 12
4433 845 13
2168 3913 14
4673 3339 15
3732 2416 16
4782 4369 17
4359 117 18
4601 1009 19
2764 2750 20
1387 4298 21
39 2536 22
4789 2835 23
2440 3326 24
618 2085 25
3945 1474 26
4630 300 27
2958 1030 28
2620 239 29
4280 3051 30
1762 3487 31
4038 2950 32
1006 1098 33
1091 3372 34
3516 4626 35
3077 1614 36
289 4797 37
2516 3805 38
2799 1215 39
650 2627 40
2716 2718 41
20 4006 42
4674 4618 43
4203 1309 44
4272 2082 45
3653 101 46
4309 4473 47
1322 511 48
2718 806 49
4424 3445 50
2865 1026 51
3802 600 52
2335 1322 53
1536 1012 54
3442 216 55
1227 3422 56
838 2983 57
4049 3994 58
2716 1233 59
3354 962 60
1131 1017 61
2071 1279 62
2859 1754 63
3640 3489 64
2998 279 65
3644 3763 66
1800 842 67
613 241 68
2485 255 69
4337 2268 70
3407 3747 71
709 551 72
2895 1161 73
1000 658 74
1143 3568 75
2786 4434 76
3305 2606 77
4502 2370 78
2465 2318 79
3911 2408 80
4675 68 81
617 69 82
54 4384 83
3663 4230 84
2517 1973 85
4478 2479 86
826 980 87
123 3837 88
3168 1789 89
1914 1405 90
1658 3341 91
2285 1413 92
4520 1561 93
3948 4186 94
2141 2017 95
49 1939 96
1652 2270 97
4250 605 98
3317 383 99
1191 2147 100
272 4322 101
3825 4499 102
1642 1569 103
3380 2025 104
4717 2136 105
2433 72 106
4384 930 107
3436 3972 108
3317 1958 109
3649 1370 110
2330 3882 111
2095 4200 112
4295 1535 113
4747 4158 114
3003 2057 115
2085 3591 116
1029 834 117
1362 3247 118
3984 3319 119
460 4582 120
3969 3816 121
3354 1386 122
3925 3263 123
1379 1414 124
2195 3215 125
541 238 126
4539 3064 127
1618 3573 128
3669 4569 129
913 504 130
40 575 131
4229 602 132
2841 3869 133
4070 2559 134
3439 2958 135
3523 2868 136
406 3956 137
926 580 138
2981 3557 139
3640 1923 140
981 3383 141
4427 3888 142
530 2941 143
1747 3405 144
4076 414 145
2757 3848 146
1748 3673 147
1712 633 148
94 2305 149
4107 2726 150
1116 4715 151
3478 2291 152
3729 3770 153
4765 1750 154
3572 1916 155
4765 4017 156
3100 2963 157
3142 3526 158
4397 4594 159
1680 1147 160
2790 1879 161
9 4253 162
4286 631 163
2712 3470 164
3773 1235 165
2947 524 166
232 352 167
4309 596 168
2056 1592 169
134 968 170
4262 2237 171
2897 3249 172
151 1150 173
3341 1845 174
2996 3264 175
1666 296 176
3435 3823 177
2354 2289 178
1010 4403 179
841 473 180
3597 819 181
1177 4530 182
2207 4435 183
3175 1576 184
82 2472 185
4758 2328 186
675 4005 187
3548 4243 188
3999 2551 189
125 2948 190
2660 121 191
3678 240 192
291 3149 193
583 627 194
311 3236 195
4613 1554 196
1823 448 197
1271 3059 198
305 654 199
564 4741 200
618 1055 1
1825 475 2
556 4767 3
102 598 4
2654 694 5
4420 4587 6
1831 4514 7
1897 2301 8
4389 1526 9
3746 858 10
912 2414 11
3576 1303 12
2443 4493 13
4602 147 14
2864 4793 15
2958 275 16
1748 3117 17
4451 3992 18
1630 3094 19
1141 1380 20
766 4046 21
3731 2804 22
2796 4024 23
3195 4651 24
1992 898 25
1748 2528 26
1288 173 27
4521 4409 28
2192 2872 29
2565 4678 30
185 109 31
4591 949 32
2732 2355 33
3446 1153 34
4369 771 35
1219 1334 36
488 130 37
3544 3251 38
1639 4386 39
693 2908 40
136 1468 41
1857 4707 42
58 746 43
3907 3399 44
742 1281 45
4545 1115 46
455 2661 47
2386 3833 48
1082 2363 49
4611 4000 50
3113 1306 51
3288 3934 52
2366 2169 53
1893 2634 54
146 4650 55
2957 1924 56
3742 740 57
3455 3220 58
4498 4729 59
3791 923 60
4308 4367 61
3884 2863 62
1835 4462 63
4140 2582 64
208 4773 65
664 4157 66
2757 4450 67
2968 3808 68
2132 4155 69
164 1387 70
209 4263 71
3035 4110 72
2544 4469 73
4229 3098 74
3204 2664 75
1168 502 76
3509 2876 77
4070 1130 78
2035 1274 79
237 3477 80
3026 3678 81
2773 1562 82
4752 3962 83
2429 4150 84
2460 1185 85
2943 3984 86
2592 3894 87
1493 4521 88
3582 358 89
740 1730 90
537 2161 91
2628 1851 92
1799 373 93
3839 2991 94
2656 4428 95
65 2518 96
2292 1864 97
1742 3783 98
3291 2546 99
3947 1581 100
285 1765 101
4047 3993 102
1638 1495 103
2919 176 104
2408 417 105
4184 2173 106
609 700 107
1172 2732 108
1635 4188 109
3061 2952 110
1492 1061 111
2682 4737 112
2716 3034 113
4253 1398 114
1705 3715 115
3036 907 116
4401 766 117
1508 4762 118
524 829 119
3560 3667 120
195 4052 121
4329 4580 122
3571 2127 123
3307 1558 124
427 1987 125
1122 2584 126
3021 937 127
49 4702 128
3163 3918 129
4427 430 130
1765 1461 131
2256 1176 132
1612 3621 133
3582 606 134
2793 1102 135
2834 3171 136
1253 203 137
4271 3368 138
130 293 139
4722 3112 140
98 3745 141
2549 1011 142
4102 2745 143
4575 3038 144
1697 1731 145
4454 1573 146
4398 3420 147
101 4666 148
2806 4583 149
3410 2730 150
3566 559 151
346 87 152
3141 3793 153
4252 2652 154
1429 4498 155
3337 3494 156
3750 1155 157
628 138 158
3118 2980 159
1790 2162 160
1435 4225 161
3157 50 162
4645 1492 163
1511 2912 164
3034 3060 165
4114 1776 166
1233 4018 167
3449 4692 168
4711 2357 169
3182 2020 170
4111 491 171
3183 4725 172
3851 536 173
3517 3437 174
1317 3775 175
485 914 176
4645 809 177
3218 3089 178
4476 3946 179
2369 941 180
4280 3062 181
2718 1963 182
2926 4632 183
4489 4296 184
709 64 185
2582 1023 186
1676 4714 187
2656 4345 188
2179 3032 189
732 3279 190
2021 3671 191
1227 1297 192
4121 720 193
1801 1255 194
2677 1330 195
1476 4136 196
4558 2074 197
156 2946 198
3743 2411 199
3853 3115 200
1440 3693 1
3775 1457 2
3560 3546 3
4137 1792 4
221 4360 5
4463 2577 6
1364 2351 7
981 1990 8
391 3936 9
393 2819 10
979 1008 11
1011 3382 12
1337 487 13
3097 4090 14
2359 1113 15
3025 187 16
857 2617 17
2409 2314 18
3670 372 19
3750 4791 20
4642 2972 21
3344 1541 22
4275 2078 23
3702 3772 24
4379 1366 25
2330 3331 26
2336 124 27
3364 3230 28
1172 1621 29
3300 2669 30
602 3706 31
522 4506 32
4253 4686 33
1857 78 34
2570 1707 35
4342 3895 36
178 4036 37
2966 2515 38
921 197 39
1761 1813 40
3917 503 41
2339 4559 42
2289 2662 43
2257 3219 44
4572 4208 45
8 2859 46
703 299 47
2825 2899 48
3930 73 49
1261 915 50
1310 1228 51
4296 2691 52
119 3459 53
3644 77 54
3442 4662 55
1681 4548 56
796 908 57
2865 4279 58
3449 2682 59
2775 4592 60
4457 1768 61
1498 3404 62
2566 4163 63
1569 2415 64
3269 2179 65
3773 3431 66
867 1020 67
3312 3844 68
2372 456 69
4247 833 70
3382 4067 71
4497 4151 72
2995 212 73
2990 2955 74
2346 1766 75
1767 2041 76
3130 4073 77
1271 2238 78
818 4468 79
4486 2011 80
4682 1891 81
1737 2311 82
69 4631 83
3357 4069 84
210 3799 85
287 221 86
613 4183 87
3601 3809 88
482 3293 89
3875 2671 90
2740 3831 91
675 3466 92
1262 1616 93
2521 1918 94
1037 2886 95
4153 4142 96
4008 1892 97
3867 1694 98
723 3004 99
1182 2399 100
1223 2833 101
1354 3096 102
4647 969 103
564 4630 104
3223 2201 105
3085 1745 106
1996 113 107
4580 1636 108
4171 4290 109
2231 4748 110
2817 3718 111
3773 4217 112
358 3242 113
2312 2045 114
3314 1453 115
951 3999 116
4588 4644 117
751 4068 118
4387 446 119
1754 2113 120
2404 2368 121
3828 2271 122
1458 1714 123
4078 2832 124
2566 2544 125
140 85 126
1527 3147 127
13 276 128
4234 4088 129
2412 3643 130
295 4478 131
1707 2591 132
3784 1681 133
681 2760 134
1365 2616 135
2459 4199 136
1017 2192 137
4454 2427 138
649 1064 139
2164 3348 140
3801 889 141
349 3886 142
2075 3313 143
2622 3097 144
2559 2124 145
1256 509 146
4663 1349 147
702 549 148
3000 1361 149
2194 4730 150
1946 4328 151
1570 2624 152
2054 2628 153
406 1133 154
1788 4138 155
2475 3928 156
205 2352 157
1776 607 158
1691 438 159
2845 713 160
903 412 161
2111 2258 162
3615 822 163
799 2174 164
2583 750 165
3181 3559 166
1362 697 167
2988 3606 168
17 597 169
2026 4174 170
4339 3336 171
3261 495 172
2986 7 173
4123 3812 174
3345 3475 175
4331 1988 176
3097 1041 177
2365 3638 178
2878 4034 179
348 1425 180
3979 4492 181
746 1553 182
1852 1797 183
165 2084 184
1741 1071 185
4156 9 186
3003 306 187
2214 140 188
3149 584 189
762 2374 190
1679 2207 191
2736 175 192
113 157 193
445 2454 194
2447 4398 195
174 2122 196
1262 3650 197
2446 4484 198
1855 1365 199
4346 223 200
509 3732 1
2796 2047 2
209 37 3
2478 3761 4
1660 1795 5
2855 4131 6
2469 4674 7
2636 2248 8
1885 4239 9
983 2033 10
4311 2184 11
2066 3737 12
765 2784 13
1878 251 14
4034 667 15
4364 2088 16
625 1594 17
1145 1479 18
887 1282 19
4285 3675 20
1698 4441 21
2291 3061 22
3853 1641 23
260 2013 24
4754 477 25
4698 3961 26
2133 2637 27
4313 3289 28
3947 3768 29
4560 4002 30
894 3442 31
4033 2030 32
3522 439 33
1962 4628 34
470 2283 35
928 1933 36
763 2788 37
3784 3967 38
3216 4277 39
115 2988 40
4720 1378 41
118 2520 42
3817 80 43
2716 1466 44
3901 3781 45
4293 1040 46
2277 1248 47
3913 3191 48
3284 4787 49
3572 230 50
2763 4407 51
3317 1003 52
286 3370 53
2493 1237 54
3048 2217 55
4336 2190 56
2526 1063 57
4704 3122 58
2246 1833 59
2991 591 60
1603 560 61
4396 1049 62
951 3548 63
3527 3756 64
3040 1704 65
3750 1612 66
394 2613 67
4339 404 68
3242 615 69
4765 1324 70
3452 44 71
3445 3893 72
1376 4749 73
2455 850 74
54 4532 75
3154 1586 76
2208 1536 77
2139 2966 78
3936 3301 79
1261 40 80
2142 4701 81
4606 141 82
3549 3943 83
2878 3622 84
477 1534 85
2498 1935 86
4604 1032 87
4119 2383 88
3100 2499 89
393 2961 90
1315 3093 91
2733 2170 92
2358 2121 93
821 2123 94
2954 894 95
2798 3485 96
3571 1508 97
2237 2689 98
3478 3069 99
4309 2818 100
3976 1257 101
2736 3903 102
2881 795 103
979 3346 104
1155 1887 105
2116 2426 106
3668 4154 107
4461 1385 108
2222 492 109
1926 1446 110
1131 441 111
2256 2103 112
1422 3179 113
1131 3357 114
4191 42 115
1335 1497 116
3517 3406 117
3284 3161 118
832 327 119
1565 420 120
1902 1965 121
4428 970 122
414 12 123
3659 1090 124
694 1549 125
2284 3085 126
1902 243 127
4269 1463 128
1854 3723 129
13 762 130
962 3474 131
3116 1501 132
43 4502 133
3649 4619 134
4575 2215 135
2845 3449 136
3358 3731 137
1894 2234 138
1164 2792 139
2864 1429 140
4663 2982 141
1607 1629 142
1658 3106 143
3421 2402 144
1476 3454 145
75 1035 146
3599 1874 147
4267 985 148
1997 2973 149
2623 1420 150
1736 2205 151
3422 2387 152
3407 1960 153
2699 4453 154
852 1249 155
1904 1791 156
660 3600 157
3197 4276 158
3750 1639 159
3854 2514 160
1428 1619 161
4427 4060 162
4613 317 163
3448 444 164
3063 670 165
3685 2587 166
821 1154 167
4336 1984 168
2194 433 169
894 3491 170
2250 926 171
3611 527 172
1875 4146 173
3357 950 174
1756 1421 175
3527 4643 176
2651 2108 177
694 4752 178
793 4425 179
3753 345 180
3668 4649 181
1032 2310 182
221 2067 183
1568 2445 184
1965 2423 185
2766 3969 186
3750 236 187
154 2918 188
903 1863 189
4412 3111 190
4404 4084 191
206 2773 192
49 4754 193
4018 4657 194
454 1065 195
1267 1974 196
738 442 197
2500 4795 198
3293 1948 199
65 3026 200
