600 600 200
36 518 1
267 92 2
149 520 3
490 496 4
346 343 5
169 366 6
369 469 7
143 377 8
152 122 9
426 196 10
462 304 11
484 416 12
22 494 13
482 107 14
86 320 15
19 73 16
360 25 17
287 384 18
574 153 19
206 150 20
337 405 21
438 227 22
583 47 23
542 132 24
317 490 25
20 497 26
582 124 27
42 481 28
145 485 29
554 151 30
501 205 31
425 360 32
163 274 33
285 135 34
369 447 35
351 472 36
377 233 37
490 457 38
100 263 39
240 483 40
364 253 41
2 498 42
584 475 43
106 593 44
457 499 45
337 464 46
218 267 47
9 528 48
556 525 49
348 501 50
450 370 51
497 181 52
469 524 53
425 176 54
486 487 55
357 444 56
312 213 57
367 571 58
219 454 59
141 420 60
246 452 61
423 218 62
550 189 63
477 247 64
92 502 65
37 95 66
267 12 67
292 79 68
554 589 69
281 511 70
556 190 71
530 261 72
408 278 73
409 441 74
438 145 75
420 169 76
307 62 77
412 512 78
491 74 79
429 421 80
342 356 81
584 312 82
448 495 83
312 300 84
436 489 85
212 61 86
201 433 87
3 188 88
204 164 89
336 563 90
451 399 91
546 562 92
365 45 93
156 120 94
108 314 95
348 564 96
520 184 97
390 174 98
140 439 99
280 197 100
250 378 101
213 445 102
20 369 103
215 20 104
13 507 105
261 22 106
364 542 107
180 76 108
533 251 109
15 215 110
25 395 111
115 198 112
315 374 113
267 530 114
106 321 115
131 521 116
482 568 117
561 331 118
546 294 119
560 402 120
292 531 121
556 546 122
296 24 123
484 295 124
361 29 125
484 361 126
336 455 127
432 375 128
447 256 129
584 551 130
152 177 131
420 117 132
214 537 133
559 368 134
349 392 135
576 424 136
153 281 137
480 265 138
9 5 139
142 199 140
85 336 141
19 239 142
192 87 143
131 357 144
493 308 145
240 209 146
337 581 147
15 78 148
557 517 149
394 115 150
192 450 151
20 298 152
530 387 153
35 591 154
292 42 155
543 28 156
122 503 157
8 359 158
249 53 159
570 543 160
74 565 161
475 557 162
369 159 163
181 273 164
107 277 165
409 342 166
399 207 167
435 200 168
9 341 169
369 403 170
439 65 171
556 250 172
482 390 173
365 21 174
300 154 175
85 382 176
163 549 177
556 364 178
68 567 179
585 191 180
282 110 181
337 170 182
300 307 183
465 139 184
557 417 185
521 100 186
46 105 187
90 547 188
269 70 189
427 63 190
338 56 191
298 86 192
317 529 193
557 202 194
543 48 195
338 383 196
412 344 197
177 334 198
497 411 199
364 158 200
282 81 1
114 580 2
446 134 3
76 214 4
488 246 5
301 282 6
396 157 7
491 71 8
106 130 9
85 237 10
217 335 11
412 131 12
250 310 13
114 317 14
446 508 15
142 442 16
177 426 17
221 297 18
465 575 19
551 270 20
584 287 21
456 436 22
320 449 23
127 140 24
221 373 25
467 522 26
338 506 27
300 484 28
261 116 29
512 119 30
246 38 31
250 271 32
565 14 33
115 572 34
281 187 35
530 146 36
119 8 37
578 289 38
507 479 39
450 380 40
50 296 41
490 242 42
447 192 43
327 55 44
517 121 45
73 240 46
390 465 47
317 235 48
72 216 49
457 91 50
104 252 51
464 458 52
253 1 53
20 493 54
201 99 55
5 431 56
458 10 57
187 113 58
244 18 59
493 241 60
482 15 61
26 437 62
524 60 63
344 365 64
523 428 65
282 90 66
567 318 67
110 111 68
363 23 69
445 325 70
556 149 71
550 123 72
488 89 73
108 143 74
20 114 75
260 238 76
332 230 77
337 353 78
221 505 79
567 7 80
312 280 81
112 471 82
451 54 83
337 66 84
381 128 85
58 103 86
442 93 87
298 406 88
549 9 89
545 6 90
67 460 91
477 148 92
577 50 93
412 476 94
556 152 95
266 500 96
469 397 97
23 462 98
299 333 99
2 376 100
192 379 101
567 77 102
544 220 103
556 408 104
580 554 105
258 52 106
158 430 107
80 349 108
344 262 109
546 596 110
454 396 111
483 418 112
351 536 113
576 592 114
350 337 115
1 504 116
202 381 117
559 398 118
208 410 119
266 535 120
204 223 121
445 173 122
435 419 123
331 166 124
41 206 125
452 510 126
213 429 127
15 203 128
450 393 129
192 459 130
261 347 131
312 161 132
261 258 133
198 303 134
459 328 135
592 51 136
430 362 137
594 96 138
433 385 139
344 13 140
165 144 141
488 129 142
239 279 143
388 225 144
556 482 145
152 363 146
491 492 147
468 84 148
190 388 149
15 69 150
163 211 151
53 243 152
556 488 153
122 595 154
549 171 155
67 538 156
465 315 157
468 156 158
88 302 159
176 39 160
267 451 161
5 372 162
265 582 163
505 228 164
262 88 165
317 579 166
351 64 167
15 212 168
151 136 169
89 266 170
516 594 171
241 106 172
429 193 173
334 576 174
235 599 175
556 165 176
559 515 177
107 354 178
467 98 179
576 553 180
294 109 181
174 590 182
369 523 183
452 80 184
94 415 185
166 569 186
473 574 187
349 534 188
580 40 189
94 269 190
397 155 191
348 427 192
530 236 193
491 141 194
549 468 195
260 183 196
512 72 197
9 37 198
89 168 199
215 68 200
444 194 1
244 17 2
208 293 3
567 180 4
177 423 5
382 545 6
542 413 7
89 195 8
423 260 9
261 323 10
155 35 11
97 339 12
211 290 13
482 345 14
469 16 15
577 386 16
585 33 17
131 329 18
213 588 19
12 346 20
33 126 21
337 231 22
103 185 23
523 34 24
484 409 25
491 283 26
176 456 27
574 532 28
16 175 29
48 327 30
112 453 31
20 11 32
94 573 33
36 463 34
262 539 35
445 112 36
54 306 37
189 583 38
462 229 39
491 434 40
597 544 41
580 248 42
292 41 43
286 301 44
269 32 45
488 597 46
189 358 47
73 46 48
77 486 49
58 355 50
546 586 51
376 299 52
163 82 53
374 255 54
262 182 55
177 461 56
585 446 57
506 578 58
192 43 59
91 552 60
163 58 61
352 566 62
115 526 63
122 163 64
72 254 65
72 577 66
240 26 67
85 67 68
174 201 69
431 555 70
519 259 71
512 44 72
336 351 73
198 30 74
505 291 75
584 478 76
13 438 77
310 133 78
545 97 79
567 292 80
165 533 81
378 232 82
574 94 83
300 350 84
280 275 85
192 324 86
190 36 87
556 480 88
334 118 89
215 286 90
412 19 91
570 2 92
472 519 93
469 448 94
81 162 95
165 570 96
18 57 97
355 435 98
338 585 99
54 249 100
242 4 101
535 222 102
12 326 103
180 443 104
251 276 105
115 172 106
20 394 107
108 204 108
215 584 109
467 440 110
159 217 111
452 313 112
150 167 113
95 516 114
430 322 115
71 330 116
41 425 117
598 352 118
68 338 119
13 600 120
447 560 121
41 367 122
139 102 123
584 268 124
455 474 125
488 219 126
311 414 127
156 513 128
596 285 129
12 389 130
363 527 131
199 125 132
323 272 133
333 101 134
475 587 135
238 138 136
287 305 137
94 332 138
221 3 139
444 558 140
119 548 141
192 27 142
114 221 143
447 309 144
469 85 145
541 108 146
382 287 147
408 179 148
412 104 149
15 598 150
561 210 151
46 234 152
480 264 153
126 160 154
525 473 155
496 284 156
23 470 157
15 412 158
205 540 159
596 178 160
404 75 161
91 245 162
152 491 163
24 311 164
116 509 165
3 257 166
473 550 167
559 142 168
496 137 169
367 31 170
224 391 171
163 224 172
411 316 173
113 407 174
310 559 175
238 401 176
296 83 177
352 422 178
79 432 179
260 147 180
221 49 181
543 59 182
173 226 183
165 208 184
452 340 185
142 244 186
166 404 187
312 561 188
250 127 189
357 288 190
355 477 191
223 186 192
498 319 193
264 541 194
165 467 195
384 400 196
541 514 197
192 348 198
317 466 199
363 371 200
