6500 6500 200
5443 144 1
6305 5225 2
5503 1490 3
2960 284 4
5211 1993 5
6495 2097 6
1271 1953 7
2915 4570 8
407 3365 9
67 2579 10
1231 734 11
4542 4437 12
4428 1174 13
3721 6279 14
6247 113 15
3772 1477 16
2092 1340 17
1177 3555 18
507 3521 19
5288 3113 20
1244 3190 21
6229 4626 22
5983 2467 23
5380 4244 24
6090 2654 25
5213 326 26
3869 1356 27
1793 4097 28
5845 5594 29
6090 3389 30
4397 4283 31
1586 5696 32
5421 1367 33
3723 1710 34
5299 2083 35
5630 4080 36
989 6050 37
1586 6379 38
4744 5674 39
6112 1098 40
2986 1605 41
818 2345 42
6313 4498 43
6373 1599 44
4762 4207 45
4308 1100 46
206 3698 47
3909 6490 48
5819 1512 49
3909 2248 50
4618 441 51
2242 5690 52
1345 565 53
5514 6283 54
5325 2701 55
4691 5320 56
1351 3996 57
3362 209 58
382 5923 59
4214 3505 60
657 1444 61
394 1298 62
3384 970 63
907 110 64
1499 2871 65
4574 3118 66
6045 5718 67
4944 3484 68
596 3027 69
1288 3547 70
3161 4230 71
5015 4179 72
5872 5549 73
5510 5950 74
5988 2135 75
1649 3672 76
5281 1398 77
956 5350 78
1231 3093 79
2104 506 80
2279 4721 81
4989 6106 82
2553 472 83
887 5845 84
4094 5433 85
4311 5257 86
5193 2534 87
1040 1927 88
4144 2340 89
3225 6406 90
6102 2549 91
4434 5474 92
3333 3376 93
2369 2060 94
3044 845 95
6217 535 96
5917 2972 97
4034 829 98
1264 4008 99
3211 947 100
2267 2934 101
1800 5108 102
310 1191 103
3796 5429 104
4817 4332 105
927 3587 106
6212 5697 107
1390 1380 108
3085 514 109
5341 6341 110
3227 4125 111
5389 2443 112
1005 4700 113
1763 5559 114
220 2543 115
5063 3298 116
4004 646 117
3752 2838 118
2443 5897 119
2543 4015 120
89 5002 121
6312 1577 122
5246 5610 123
5533 823 124
684 4557 125
1799 5880 126
2292 2691 127
155 1747 128
1079 3916 129
2203 1330 130
1135 5892 131
3650 4542 132
3228 478 133
4714 2136 134
928 1708 135
879 4365 136
1932 638 137
4041 6130 138
398 6149 139
4145 825 140
941 2604 141
4203 1244 142
2708 4659 143
3902 2419 144
5996 4412 145
2691 1405 146
3670 3932 147
4959 5306 148
272 4424 149
6215 4019 150
5155 4136 151
35 835 152
2262 2336 153
5846 3046 154
776 843 155
484 536 156
5055 5766 157
5443 391 158
2059 4158 159
703 1561 160
5007 3146 161
6357 2253 162
2415 4969 163
4903 6305 164
3191 2633 165
4235 5684 166
6194 1171 167
1943 5531 168
5442 4996 169
1788 4398 170
1706 3184 171
5833 4410 172
4536 2772 173
5336 906 174
1385 4545 175
1583 4022 176
5759 1261 177
591 2954 178
2224 2109 179
4416 1991 180
46 2560 181
786 2100 182
4545 5759 183
2791 5981 184
153 1537 185
551 3562 186
4789 3755 187
3542 4763 188
5580 2381 189
4220 4350 190
5838 3241 191
3559 767 192
6251 4294 193
5711 895 194
3241 3619 195
6040 4302 196
5380 3711 197
4829 3410 198
466 340 199
2410 3680 200
5991 5123 1
5215 876 2
5824 4144 3
5942 418 4
3243 3524 5
1805 3857 6
6425 4878 7
1851 1658 8
3008 935 9
3950 959 10
1414 5803 11
5932 1325 12
3428 5911 13
3101 1037 14
1585 124 15
6017 4236 16
2237 1712 17
1630 5661 18
2246 3542 19
5728 780 20
3635 5940 21
6420 6370 22
1793 4049 23
4628 4695 24
1670 5059 25
6190 3940 26
6177 3123 27
449 5137 28
5538 5818 29
515 5866 30
2033 3061 31
1655 594 32
3721 6460 33
3118 3397 34
4971 2913 35
1352 6165 36
4018 5153 37
1015 2945 38
418 1856 39
4034 3681 40
1032 5555 41
1976 1559 42
91 1327 43
397 2168 44
4334 1924 45
1090 4239 46
1998 36 47
4255 483 48
6400 2444 49
2707 4992 50
1749 4911 51
365 4711 52
3286 907 53
3272 4277 54
5239 3649 55
4832 4515 56
3887 3007 57
3038 2839 58
4003 1073 59
2209 2015 60
5135 4918 61
5044 6423 62
5506 3412 63
1293 5521 64
2472 1461 65
474 913 66
4616 2337 67
394 4772 68
2270 919 69
5399 1770 70
4744 1585 71
2369 3867 72
3281 3719 73
1665 1069 74
5007 949 75
3481 1839 76
1627 4938 77
2329 136 78
3309 3436 79
5818 283 80
5621 3661 81
2066 6270 82
5619 127 83
2142 5949 84
3619 342 85
1662 5956 86
5594 1655 87
3151 3971 88
4437 1961 89
5140 3643 90
1939 1678 91
1152 1975 92
3830 518 93
2872 4740 94
761 4000 95
2607 4465 96
724 1750 97
4886 5481 98
5701 5480 99
569 2796 100
5437 4887 101
4440 4454 102
3864 5545 103
4816 2385 104
8 5877 105
6078 1353 106
6226 5965 107
1244 6005 108
3899 103 109
3705 3868 110
4718 5141 111
5604 150 112
5913 480 113
5506 4807 114
6239 4848 115
4426 429 116
4646 1234 117
3883 5614 118
3413 3910 119
2334 6380 120
6216 2002 121
4535 940 122
4695 2739 123
2725 2272 124
5964 2273 125
4173 454 126
4979 4955 127
2644 751 128
6125 4056 129
2501 2790 130
5961 5220 131
2626 3567 132
3244 2512 133
442 4836 134
362 2364 135
5523 6072 136
5769 1880 137
2309 598 138
855 1466 139
1005 4671 140
3208 2770 141
1244 2384 142
3898 2586 143
2786 2614 144
2207 2622 145
3380 2709 146
1280 5142 147
2413 6437 148
2823 5847 149
1152 6065 150
5949 5773 151
5495 2179 152
4940 6172 153
350 6224 154
2883 4665 155
92 4995 156
4075 4881 157
817 6166 158
1372 3407 159
876 5687 160
4454 616 161
2443 3243 162
984 6459 163
3116 1505 164
6369 3292 165
3169 5760 166
5473 4194 167
512 141 168
6039 4076 169
4083 2924 170
918 3791 171
2434 2315 172
966 3588 173
2856 5562 174
1563 2223 175
302 6199 176
302 4159 177
5660 3036 178
3869 1491 179
4305 984 180
4488 6335 181
4164 981 182
1232 3145 183
5988 1866 184
2007 3404 185
4335 3573 186
6358 3471 187
4034 4389 188
2257 6042 189
28 1063 190
2151 2996 191
3603 2880 192
1252 4185 193
4978 4316 194
5616 3508 195
3746 4472 196
2982 3384 197
1730 3540 198
4888 481 199
4010 1729 200
3590 2792 1
5483 5830 2
1837 166 3
3151 309 4
3694 2449 5
2653 510 6
2872 2508 7
4491 3449 8
1064 2057 9
5148 2430 10
4818 1015 11
130 301 12
5151 16 13
1466 4614 14
1725 5263 15
5621 511 16
4802 2650 17
6068 1820 18
2703 2006 19
3772 4004 20
760 3744 21
2317 6479 22
3054 1726 23
5155 6041 24
2375 4117 25
444 1522 26
1172 2463 27
6226 5577 28
2273 3775 29
5011 1931 30
4305 5556 31
2890 4314 32
5504 5063 33
511 3882 34
1173 2717 35
1071 5057 36
3725 4585 37
5748 5692 38
3566 4176 39
2046 4011 40
4904 912 41
4413 644 42
2782 5400 43
596 3318 44
4544 2892 45
3974 2417 46
2111 1086 47
2026 5958 48
856 2576 49
540 3500 50
1383 4610 51
369 6465 52
5237 357 53
225 5158 54
5920 3889 55
2395 1721 56
3181 4426 57
4655 4489 58
1680 3183 59
1636 96 60
3567 1598 61
351 4340 62
50 6177 63
2188 3373 64
5138 3847 65
3954 4151 66
2433 2499 67
4222 3523 68
1432 6147 69
3310 1305 70
2744 6215 71
2733 4951 72
5084 4507 73
283 282 74
3476 4541 75
4279 2805 76
2896 4788 77
4904 6334 78
2530 4233 79
4356 859 80
2195 3636 81
5838 786 82
2251 6458 83
6179 5637 84
3943 4148 85
2521 6059 86
6241 1030 87
3740 6354 88
2815 3422 89
6181 3896 90
1893 1468 91
6459 2072 92
4318 211 93
2097 3148 94
902 4767 95
4244 721 96
1455 1581 97
5382 6427 98
5276 5100 99
1573 4494 100
3609 2981 101
3431 3332 102
159 5775 103
4305 3160 104
1430 3151 105
6112 4631 106
820 782 107
2392 5891 108
4649 2719 109
2180 6500 110
31 619 111
4951 2339 112
4873 5389 113
1487 3326 114
5373 2967 115
2449 4284 116
5483 365 117
302 2209 118
4911 5300 119
5593 2936 120
1838 1859 121
5754 1389 122
2100 1315 123
3220 4555 124
5577 4318 125
145 75 126
4443 5125 127
326 5593 128
5122 666 129
1957 1632 130
539 2306 131
5737 1291 132
1908 2491 133
6074 1348 134
4740 4661 135
5994 5799 136
4308 4553 137
885 5218 138
2242 6401 139
1510 2689 140
4968 6055 141
5397 1135 142
1810 6428 143
2733 6109 144
6125 5747 145
2786 3055 146
883 2860 147
1002 373 148
5715 1717 149
6305 639 150
1272 3306 151
6019 5457 152
3617 1066 153
5055 6267 154
6339 5292 155
5699 4330 156
3789 4024 157
6045 3589 158
836 3554 159
126 3249 160
5222 5925 161
3578 2174 162
5166 3803 163
2209 542 164
3055 1203 165
2564 4731 166
3981 4523 167
4793 5520 168
1735 4033 169
4753 6368 170
2920 3912 171
5167 2552 172
4686 6018 173
2070 6049 174
4981 2529 175
4137 2922 176
3428 4327 177
3499 5148 178
3312 3139 179
5988 805 180
1958 2081 181
5721 2750 182
6005 4163 183
5065 6417 184
4119 1233 185
5577 3650 186
4640 3012 187
887 149 188
5625 6164 189
919 4615 190
5745 4643 191
5399 5337 192
3708 4232 193
5007 1093 194
6386 6015 195
2394 3853 196
2872 361 197
4818 3909 198
871 979 199
4643 1116 200
1279 2406 1
2717 5288 2
1433 4067 3
2402 4993 4
1866 4079 5
5838 2107 6
4643 5808 7
6379 6062 8
4568 5720 9
4806 2775 10
5838 1997 11
4610 3023 12
5891 2955 13
3384 1113 14
5370 5585 15
4365 2333 16
489 1862 17
919 1764 18
3864 5537 19
2699 3114 20
272 6068 21
5747 2546 22
5223 3784 23
3134 6300 24
1838 6081 25
6435 4932 26
68 5068 27
6212 5037 28
2272 830 29
5407 1078 30
4390 4919 31
4147 6216 32
2532 5587 33
3566 1096 34
2104 4983 35
4635 2648 36
862 976 37
514 2475 38
3766 5733 39
5018 224 40
2126 187 41
3579 2256 42
5856 653 43
5052 2561 44
6382 944 45
5331 2392 46
375 3541 47
1028 4677 48
6217 6187 49
6150 4616 50
1016 1416 51
211 3347 52
5275 2885 53
4407 4708 54
2392 4068 55
5752 3735 56
5111 2520 57
817 1047 58
2377 5211 59
6366 2485 60
1708 1045 61
4698 866 62
5747 5745 63
3095 788 64
1278 6342 65
2812 2553 66
5399 4106 67
974 5652 68
5941 3398 69
1695 222 70
4911 1392 71
5939 1137 72
321 3895 73
3731 3519 74
6312 5072 75
4696 1607 76
74 5899 77
1507 4440 78
2872 3955 79
6262 738 80
6040 1627 81
5988 6111 82
4480 5959 83
4081 4853 84
4094 3999 85
3617 2235 86
3057 4940 87
5483 1411 88
5861 1934 89
4440 1677 90
3618 223 91
6121 3730 92
2585 6328 93
3246 3651 94
6305 4047 95
3160 589 96
4522 5797 97
3455 1673 98
1852 4380 99
5925 3097 100
4020 6114 101
3670 6255 102
6076 1573 103
3208 2058 104
1779 3838 105
4995 1558 106
1908 2093 107
1612 629 108
5453 409 109
6478 902 110
5879 6242 111
5539 3799 112
776 2004 113
5630 3658 114
5356 5341 115
4290 2281 116
556 2809 117
5018 5405 118
2991 5816 119
5228 2286 120
6454 4461 121
2050 78 122
1039 2953 123
383 3804 124
3793 3544 125
3116 1395 126
790 4880 127
703 170 128
1463 6218 129
2255 731 130
5868 1286 131
1886 2493 132
2641 6208 133
650 2658 134
2051 4023 135
5094 851 136
6113 3729 137
6220 2289 138
1880 2678 139
944 2219 140
3173 4451 141
4951 50 142
384 800 143
2388 6122 144
2776 4658 145
5988 5248 146
879 4413 147
6256 2198 148
6290 3104 149
2349 5073 150
2162 5546 151
703 3701 152
4147 763 153
2100 6436 154
1672 4977 155
450 5190 156
612 555 157
1283 2212 158
887 990 159
4893 3378 160
733 543 161
1369 5363 162
5950 138 163
3772 1058 164
2703 610 165
2357 2258 166
20 473 167
1200 2497 168
4765 5500 169
5380 974 170
4431 5740 171
1323 5494 172
3159 3934 173
5697 5191 174
3510 3728 175
5050 4085 176
5857 279 177
693 3141 178
3979 5067 179
5621 5056 180
4261 5378 181
1184 5893 182
1883 5195 183
1577 1118 184
2458 3209 185
2180 953 186
5193 1028 187
4261 5428 188
187 5724 189
1892 5979 190
1345 1672 191
6203 3339 192
3915 3006 193
5839 2914 194
1799 4257 195
703 5707 196
3342 1004 197
6097 216 198
379 1548 199
2556 2488 200
5859 3415 1
1705 139 2
3284 4238 3
1607 5017 4
3322 183 5
5652 5777 6
3209 185 7
4432 1705 8
4370 4427 9
4960 4778 10
973 1667 11
4106 2204 12
595 2858 13
6262 2366 14
4183 3550 15
6335 3954 16
2364 4307 17
4852 2193 18
1473 2232 19
4538 1431 20
5353 1034 21
2264 762 22
3840 3074 23
1524 2666 24
2376 957 25
1463 4623 26
6062 2432 27
6127 5316 28
2867 5233 29
5215 5286 30
6220 1384 31
1957 6373 32
2551 5913 33
6250 4598 34
664 3474 35
917 1262 36
1610 5226 37
4032 484 38
1197 1685 39
4756 2479 40
4762 2695 41
2627 131 42
2685 3598 43
2698 5639 44
3195 4892 45
4740 718 46
2375 2445 47
1140 3445 48
2543 3134 49
3469 5364 50
2726 3502 51
4452 1363 52
3430 1507 53
2395 3597 54
315 730 55
1289 4279 56
3955 4971 57
5535 2639 58
5526 6408 59
2504 2942 60
5839 2716 61
213 5167 62
769 2507 63
5277 722 64
6168 3563 65
4253 1357 66
2599 2957 67
3645 4406 68
5382 6278 69
476 3621 70
2890 2765 71
2309 5591 72
2392 4927 73
6456 2849 74
3820 5942 75
5925 3147 76
3355 6367 77
6443 1683 78
2740 2510 79
2165 4526 80
1274 5712 81
2310 6402 82
3066 343 83
6280 1214 84
4285 1046 85
5084 4725 86
5111 104 87
6466 522 88
1760 1976 89
5698 863 90
791 582 91
2896 2378 92
6467 2643 93
611 5907 94
2819 4531 95
593 715 96
3431 4899 97
5911 4517 98
5641 4320 99
2777 142 100
5838 4554 101
269 2984 102
4288 792 103
4494 4152 104
3740 3683 105
2617 1784 106
1355 4007 107
6388 1681 108
3466 2255 109
5662 4750 110
4775 4810 111
5093 3252 112
6402 4602 113
6405 4917 114
5668 1518 115
6386 5266 116
1473 6222 117
1172 2575 118
3351 5713 119
4745 4002 120
1462 2326 121
3172 2644 122
4959 1051 123
2423 1121 124
2374 4966 125
4943 6226 126
5914 5425 127
3421 1106 128
4192 2798 129
2776 3058 130
1999 3915 131
5678 3111 132
1035 2994 133
6349 1503 134
3476 1631 135
2484 4035 136
4174 1889 137
2248 3888 138
3446 4388 139
2841 4597 140
776 521 141
3834 2859 142
2982 5762 143
2049 4292 144
1095 38 145
5622 2375 146
2663 2596 147
275 4154 148
5734 17 149
4704 1065 150
2453 1331 151
1002 992 152
3573 3644 153
4588 2999 154
350 6153 155
2703 4520 156
887 4818 157
4141 3776 158
5360 4322 159
5750 987 160
1955 5792 161
3769 2354 162
2596 2714 163
1382 4532 164
5198 3045 165
5244 2725 166
2394 6471 167
1880 1869 168
4291 407 169
3450 2539 170
3176 3556 171
4725 5645 172
1194 3998 173
1826 3022 174
2653 6046 175
206 4590 176
818 2478 177
6305 3675 178
1851 3047 179
3549 5294 180
3633 6026 181
1175 4686 182
4253 889 183
213 3424 184
452 937 185
111 4090 186
5820 459 187
3948 453 188
806 3452 189
2752 1434 190
2274 1158 191
5004 2629 192
5609 6057 193
4998 6273 194
6109 4529 195
6221 1155 196
2506 3836 197
5565 5728 198
1289 1480 199
2663 5242 200
461 3756 1
218 3985 2
4087 3704 3
5640 2078 4
2786 3503 5
1161 4868 6
6310 4709 7
4943 2116 8
5594 1843 9
2728 3250 10
4244 4235 11
2800 4297 12
1041 2630 13
5146 5633 14
1850 2434 15
746 335 16
1895 5528 17
179 3015 18
4951 4074 19
5554 1796 20
4700 2583 21
255 1464 22
5752 325 23
6421 1022 24
4846 5563 25
3398 4059 26
5510 1650 27
770 1053 28
4413 1525 29
2973 2900 30
850 5187 31
4146 500 32
5955 1433 33
3721 1170 34
4324 3802 35
1872 3906 36
2718 4865 37
988 3128 38
4613 5794 39
432 4824 40
1338 2562 41
4754 2682 42
1282 3357 43
2391 4202 44
4640 344 45
1487 6275 46
2977 1077 47
2166 3788 48
1610 1748 49
2663 4449 50
5630 6311 51
5323 1083 52
1709 6416 53
4869 91 54
974 3026 55
155 457 56
2339 6246 57
653 5722 58
1515 403 59
2568 2846 60
6415 4177 61
3326 5682 62
4480 4164 63
1344 1268 64
6372 572 65
2374 4010 66
1531 435 67
5257 1881 68
3726 4988 69
1754 1870 70
5155 2986 71
3967 741 72
205 4792 73
2459 2995 74
2120 1436 75
953 3923 76
6189 3618 77
1872 3460 78
3853 12 79
47 5711 80
6425 5507 81
4873 4890 82
6310 229 83
6197 2214 84
41 580 85
4736 6327 86
4354 2131 87
4458 221 88
5081 2483 89
5167 3329 90
3263 4646 91
314 4804 92
2905 4753 93
5492 3467 94
6373 5970 95
54 394 96
737 4761 97
6218 2573 98
5389 3273 99
4862 3559 100
3352 168 101
2446 665 102
4530 4676 103
4904 1432 104
415 4034 105
5727 4060 106
5610 4736 107
4835 1454 108
2161 2008 109
4541 1111 110
3337 1925 111
2756 5783 112
5493 5349 113
6097 1633 114
4227 1902 115
1397 3089 116
5006 3762 117
5336 4311 118
5424 6294 119
5473 2470 120
4146 5285 121
5284 3409 122
6011 1306 123
5697 2433 124
6092 3583 125
5548 3142 126
532 1426 127
761 5302 128
4594 6306 129
2879 5334 130
5630 3110 131
5351 1128 132
1945 3571 133
6288 1833 134
3332 2001 135
448 126 136
5299 2139 137
5075 2450 138
5854 1887 139
4699 100 140
6377 1429 141
930 3641 142
4141 2161 143
1945 6434 144
5564 6343 145
6379 2048 146
3498 4081 147
6224 4371 148
2209 6134 149
1042 111 150
3529 1257 151
4290 2034 152
5626 6263 153
2282 10 154
3592 5387 155
3304 6250 156
907 4648 157
325 1338 158
6178 2868 159
2573 2711 160
5939 3717 161
5913 1025 162
3284 2108 163
4998 3200 164
4326 5839 165
849 2074 166
896 1410 167
5745 2376 168
4574 5868 169
5677 4492 170
6042 528 171
2893 2742 172
3859 1557 173
5925 6390 174
1287 2324 175
4256 2189 176
1337 6085 177
4164 1164 178
5453 564 179
811 2789 180
1660 3914 181
3057 1215 182
4527 5143 183
6341 6143 184
15 2882 185
5735 2293 186
4869 4817 187
3616 728 188
2375 3937 189
6082 5055 190
4014 5590 191
3594 1294 192
3392 6259 193
444 508 194
1828 4905 195
2463 3153 196
3278 2106 197
2164 3634 198
1272 3763 199
4765 6287 200
663 6238 1
5580 1841 2
663 6489 3
3221 4991 4
456 3594 5
285 5449 6
5100 2230 7
2483 469 8
4273 70 9
1371 4877 10
2801 2138 11
3749 1095 12
2164 6443 13
1264 4329 14
5191 354 15
4537 3670 16
149 2776 17
3667 965 18
6278 509 19
4968 3473 20
1530 1704 21
1377 3694 22
1596 3461 23
1395 5426 24
5726 4642 25
2329 4833 26
3752 2165 27
4912 1624 28
4442 5074 29
3 882 30
5434 3715 31
4773 5573 32
5665 2246 33
6077 4173 34
2459 4254 35
769 3099 36
3666 2102 37
614 2964 38
5766 3430 39
2907 1528 40
1734 3425 41
5315 5503 42
4507 6442 43
547 2680 44
5776 4083 45
4012 1802 46
1654 2824 47
5423 4891 48
4723 5081 49
1231 3781 50
3097 5321 51
4205 4849 52
2048 349 53
847 2925 54
4548 3227 55
4399 3297 56
5079 2899 57
4732 5873 58
536 1930 59
409 5526 60
2590 5181 61
3595 5608 62
5006 2498 63
1447 1202 64
2228 5360 65
3276 1138 66
1976 600 67
2499 3946 68
4904 5838 69
6353 14 70
5878 1773 71
3322 6034 72
3864 784 73
3650 5075 74
2980 1418 75
776 1763 76
1481 5348 77
1760 4641 78
964 2893 79
597 3286 80
896 668 81
3552 178 82
1928 929 83
6253 2299 84
3826 2923 85
4448 4243 86
2929 3008 87
5682 405 88
5813 4734 89
5043 4723 90
688 4974 91
3354 5540 92
2269 3090 93
973 615 94
1962 226 95
4677 2918 96
5353 969 97
1414 2545 98
1986 2608 99
2233 1333 100
5829 3854 101
4916 6412 102
4565 4854 103
4318 5961 104
4890 6339 105
5453 4006 106
3045 4790 107
4850 1684 108
4835 1535 109
3020 3143 110
6405 2166 111
5583 6314 112
1143 6193 113
1140 4042 114
4773 3154 115
6334 926 116
5907 977 117
4594 2420 118
4500 2363 119
3914 2456 120
3739 5395 121
1165 636 122
3352 2466 123
129 725 124
2274 2370 125
1863 3215 126
1548 6398 127
2610 1648 128
2626 2298 129
1133 3633 130
5740 2876 131
1378 1530 132
5942 5757 133
175 5145 134
5647 471 135
5676 1097 136
6293 4456 137
2735 4560 138
3041 368 139
1880 4766 140
2788 3994 141
263 1303 142
5552 2312 143
6393 3483 144
244 2143 145
6074 3654 146
4211 3417 147
4208 5641 148
6057 2039 149
4025 3463 150
1487 3395 151
6165 3973 152
1552 1584 153
3667 2843 154
3472 5221 155
1191 1293 156
6323 3078 157
1422 676 158
1385 347 159
4574 220 160
3286 3720 161
456 2 162
5384 2905 163
4967 3303 164
842 5040 165
5992 5584 166
1252 2240 167
4432 3835 168
4015 5721 169
4542 2025 170
6210 456 171
285 2327 172
3820 880 173
1381 5510 174
5494 5496 175
2668 233 176
3651 4295 177
5889 888 178
2987 1228 179
5604 1943 180
1028 3122 181
5100 4197 182
415 5884 183
2733 3354 184
291 2988 185
6194 5978 186
4349 4366 187
4145 736 188
5966 2086 189
5892 5960 190
5329 3276 191
237 5993 192
1385 3749 193
2729 6181 194
17 133 195
6349 3584 196
2930 1907 197
2126 1354 198
2248 586 199
3269 1196 200
5819 3426 1
3 1188 2
1422 6325 3
86 2827 4
5302 3239 5
2164 2536 6
5920 3981 7
5652 186 8
6178 6123 9
5938 3029 10
6210 2257 11
6087 1549 12
1384 5199 13
1793 6125 14
2514 2845 15
633 4692 16
2559 2405 17
4836 3334 18
3412 1159 19
5921 2292 20
5205 468 21
1224 1091 22
1876 1013 23
6293 4255 24
3492 3968 25
3653 5571 26
2522 5085 27
3328 6340 28
798 3188 29
5612 112 30
5450 3387 31
2743 6315 32
117 3578 33
3960 5473 34
3016 2681 35
4350 4593 36
3595 421 37
3020 2527 38
993 1177 39
4167 2674 40
5694 8 41
2907 2525 42
6233 3001 43
5845 2659 44
5604 2390 45
5788 4536 46
2475 4436 47
3322 1437 48
1045 1794 49
5521 2119 50
5587 2300 51
5342 2637 52
2712 5235 53
2801 94 54
4591 507 55
747 5802 56
2274 1090 57
3666 4112 58
1872 3350 59
664 2062 60
3290 3394 61
2309 5589 62
3458 5208 63
592 5375 64
1475 257 65
2378 5932 66
5091 4247 67
1122 1308 68
3899 217 69
1893 148 70
310 6145 71
4637 6091 72
4344 4776 73
2366 3944 74
353 1147 75
3715 4799 76
3537 1676 77
5593 6155 78
3334 4073 79
4254 1853 80
5927 884 81
1308 3377 82
5815 1141 83
4696 1974 84
1403 2183 85
2821 3531 86
5621 173 87
1179 6101 88
5862 3829 89
6076 5151 90
1695 6359 91
2063 2367 92
2886 6210 93
314 3852 94
1760 1831 95
5577 4204 96
3514 3025 97
5769 1032 98
1110 5630 99
2988 881 100
5487 3305 101
5996 6108 102
4635 5765 103
3637 1455 104
5539 442 105
4402 3668 106
1652 3084 107
6018 748 108
2376 5024 109
4555 2848 110
819 1246 111
2587 3678 112
2175 3420 113
779 4001 114
1219 6151 115
1802 6248 116
1676 1407 117
5716 2150 118
312 1724 119
1338 4538 120
6082 2302 121
1919 2998 122
3858 4787 123
5102 4485 124
4097 2581 125
3245 2409 126
264 4135 127
3479 4935 128
6010 4581 129
3550 4483 130
3090 4915 131
642 3817 132
2829 3558 133
5526 1087 134
1692 448 135
1943 1910 136
151 713 137
4005 3220 138
414 118 139
3454 841 140
4452 5878 141
2824 5778 142
3466 3353 143
2668 6033 144
6028 4722 145
5198 416 146
5447 1016 147
603 2145 148
4837 5544 149
1021 550 150
597 814 151
2992 5060 152
5318 5372 153
3309 5062 154
1079 1713 155
4251 5043 156
1134 3526 157
1145 2974 158
3017 4375 159
5314 5104 160
3333 3874 161
815 3168 162
3721 4884 163
3672 6207 164
5848 2249 165
3468 4248 166
2733 386 167
2560 2683 168
416 806 169
3194 2605 170
301 6223 171
79 5484 172
2142 164 173
1410 2653 174
905 2585 175
4313 5698 176
4347 2726 177
5299 5861 178
3333 370 179
4164 771 180
3361 4861 181
2540 5138 182
5483 3019 183
633 1088 184
4722 5351 185
2419 3491 186
917 2864 187
3326 526 188
862 4127 189
2228 4027 190
5003 945 191
3490 652 192
3999 5249 193
3238 5996 194
5402 924 195
1381 3048 196
2573 1527 197
17 3982 198
4403 5621 199
4683 2357 200
1385 4544 1
5695 1646 2
2723 3875 3
5030 3468 4
2719 4324 5
1367 172 6
4013 1829 7
2703 169 8
2114 4306 9
5651 3108 10
4326 1680 11
1005 1489 12
3671 6378 13
2808 5222 14
2166 398 15
1700 2663 16
1090 6284 17
2372 6491 18
4777 5008 19
4904 3370 20
1210 3517 21
4151 1067 22
339 1396 23
3 48 24
3566 1371 25
1863 3187 26
885 1463 27
792 4746 28
893 2867 29
220 2311 30
1927 1777 31
1633 6140 32
3355 916 33
4241 4107 34
3273 1117 35
2204 735 36
1793 864 37
350 5580 38
2074 2036 39
2768 1301 40
201 462 41
595 3199 42
4972 744 43
4264 5362 44
2935 6297 45
3430 3601 46
6449 936 47
1255 2814 48
132 6060 49
2743 1744 50
2922 2132 51
4348 360 52
4730 4501 53
4842 4031 54
689 6362 55
3648 4933 56
1096 5852 57
2727 434 58
3323 6098 59
5867 5161 60
933 991 61
4041 5177 62
2364 1928 63
4123 3609 64
3418 3957 65
5665 3839 66
5815 2146 67
5191 6194 68
1028 6152 69
4460 3958 70
3292 3522 71
119 3966 72
3409 1539 73
263 1428 74
5258 2931 75
5954 6159 76
3307 1857 77
2668 1760 78
5939 3197 79
149 155 80
599 516 81
5255 4822 82
2861 250 83
3998 4208 84
2551 1940 85
5430 3533 86
3555 4937 87
2685 5915 88
3899 3617 89
3796 684 90
5471 2544 91
28 4377 92
2460 5928 93
5879 4640 94
84 1845 95
1375 4303 96
3758 3408 97
2490 2652 98
4082 6243 99
6335 3991 100
4191 2990 101
131 764 102
5421 2436 103
1642 1696 104
6226 2810 105
311 264 106
2499 5274 107
1466 1200 108
1372 1596 109
2327 5009 110
426 3381 111
3251 5886 112
4943 3721 113
5391 512 114
1397 1497 115
3869 3637 116
982 3884 117
2043 5539 118
2203 4574 119
5351 2414 120
4251 3820 121
186 4625 122
1510 2754 123
2221 5224 124
2540 5918 125
3802 5931 126
2457 79 127
5353 5841 128
3870 1835 129
5630 4789 130
974 1809 131
1955 2178 132
5987 5997 133
318 3842 134
4035 450 135
274 5780 136
5635 5172 137
3680 1284 138
3830 6209 139
4433 3242 140
5565 2124 141
1272 5136 142
4902 4802 143
2619 2662 144
5137 1913 145
3048 194 146
4146 6229 147
694 6180 148
763 6485 149
257 3732 150
205 861 151
2812 3931 152
5009 6022 153
5146 3174 154
6495 1133 155
5610 3700 156
2841 5693 157
902 2624 158
5523 717 159
3309 1005 160
3315 1526 161
2599 3708 162
769 1358 163
4047 1767 164
205 963 165
3780 1941 166
3667 1935 167
3987 1807 168
4025 5962 169
4061 3627 170
3445 781 171
5613 1264 172
2905 5772 173
3566 659 174
1596 4234 175
2902 1084 176
3708 6452 177
1223 2632 178
3066 5826 179
377 1506 180
3930 4549 181
673 3947 182
6321 2504 183
5553 1969 184
6173 1035 185
4604 1479 186
2237 1059 187
5666 2438 188
50 1239 189
1016 1694 190
6446 1732 191
1316 1878 192
5787 613 193
2325 501 194
370 2242 195
2371 3300 196
5850 4296 197
4085 1619 198
2777 2303 199
2134 6094 200
1378 466 1
2428 3742 2
933 5139 3
5391 3379 4
2055 727 5
2385 3401 6
4867 5801 7
1032 3402 8
1206 5307 9
4894 6138 10
4910 244 11
3666 3150 12
1494 2740 13
3528 609 14
5769 5506 15
5055 2477 16
3188 1458 17
5836 2351 18
4845 5086 19
3694 3405 20
5855 4791 21
3364 2593 22
5406 5651 23
2241 1668 24
3418 4620 25
3526 422 26
6034 5417 27
1323 2506 28
3587 4258 29
688 2157 30
4097 76 31
5037 3419 32
5694 2134 33
3193 4831 34
4889 4391 35
4628 5423 36
2450 5160 37
2993 351 38
617 5523 39
5456 2489 40
6449 4344 41
1808 622 42
1372 3423 43
5724 2976 44
557 258 45
383 6183 46
2992 5322 47
52 6351 48
4347 1057 49
1639 5781 50
3514 4435 51
3045 5358 52
6410 1242 53
4099 5327 54
5597 1847 55
1371 1962 56
1793 41 57
4062 6365 58
5426 2866 59
1530 4129 60
2842 1182 61
3243 5574 62
5579 4095 63
4762 2647 64
3439 568 65
154 2555 66
145 661 67
944 761 68
3275 6496 69
1988 2930 70
3538 5128 71
1473 5598 72
5331 3537 73
5748 171 74
5879 3175 75
3045 6071 76
1304 61 77
3944 1709 78
1637 1140 79
532 130 80
6053 3343 81
6411 747 82
6031 620 83
3559 3693 84
2183 3096 85
5642 4249 86
4465 1580 87
3945 3935 88
2896 943 89
4432 6027 90
6004 5511 91
3520 3317 92
5538 2640 93
2154 858 94
2780 3082 95
436 1990 96
1255 3161 97
3025 4922 98
4896 6148 99
1637 5326 100
4316 1718 101
2970 3647 102
4017 5156 103
3268 6453 104
4972 5564 105
6038 1493 106
4887 4482 107
306 1198 108
4787 1280 109
3400 6191 110
3352 3287 111
2484 1002 112
1385 6348 113
2030 474 114
2719 6337 115
2238 2026 116
4885 273 117
1825 6384 118
2941 57 119
1406 3076 120
2170 2766 121
2082 3657 122
3981 3042 123
4638 4170 124
3718 954 125
2030 5679 126
1769 2569 127
2124 2595 128
4885 5901 129
2639 5275 130
5237 1230 131
2184 4941 132
3288 115 133
6366 1587 134
5288 2297 135
1882 4039 136
4097 256 137
3934 6067 138
4013 6331 139
3929 2035 140
3514 4703 141
2887 152 142
6044 5606 143
4916 4699 144
3120 2317 145
683 1982 146
4250 4954 147
5380 452 148
2030 6097 149
1525 1082 150
4575 3069 151
2175 6014 152
350 6448 153
2154 488 154
3035 4619 155
5997 6260 156
5056 1123 157
4548 3815 158
795 554 159
4281 5583 160
1019 2895 161
2223 1922 162
3436 6163 163
4013 515 164
879 4649 165
2066 3921 166
4151 2408 167
3796 1119 168
4692 3496 169
2172 1998 170
3798 695 171
1173 844 172
2310 3086 173
810 1050 174
703 3117 175
769 5411 176
5011 5110 177
6313 1579 178
2652 1486 179
1731 4101 180
6492 3686 181
2880 3623 182
3955 5976 183
5640 4521 184
5677 5332 185
1062 723 186
5443 6206 187
3784 3366 188
5789 5390 189
2886 4242 190
5952 6054 191
5710 274 192
6125 2808 193
6300 3605 194
6377 3546 195
2980 1470 196
4141 1378 197
4097 4921 198
3820 6160 199
4261 2016 200
2821 4886 1
150 1275 2
6227 1222 3
4836 6388 4
2807 3206 5
1424 3964 6
834 6344 7
6369 3613 8
5331 2729 9
4637 2098 10
4719 6393 11
1942 2762 12
1995 750 13
4788 3062 14
1173 5890 15
923 4956 16
569 2481 17
1863 1867 18
4558 2338 19
6390 5010 20
5604 4816 21
5380 382 22
2413 1447 23
3860 2325 24
628 52 25
565 2862 26
2775 2514 27
1099 1197 28
6161 3258 29
6008 579 30
5582 5126 31
6271 2030 32
5707 5864 33
993 5995 34
5678 2156 35
3146 5850 36
4740 799 37
1467 997 38
5813 3810 39
5925 4726 40
4921 787 41
6454 531 42
5271 2829 43
2933 3260 44
4154 5463 45
5320 4850 46
2880 599 47
1652 3659 48
6017 960 49
2355 4474 50
2685 532 51
3345 1706 52
2232 4337 53
3246 3846 54
4718 2411 55
6076 3435 56
761 1219 57
4609 958 58
4083 2460 59
1473 445 60
3109 6189 61
1610 996 62
4142 5247 63
3238 4055 64
6105 5477 65
5055 5609 66
4008 3080 67
3438 105 68
3469 2387 69
4719 1064 70
362 3344 71
3466 487 72
1577 1864 73
2674 628 74
2562 358 75
5767 1237 76
2628 26 77
5457 1500 78
3735 3785 79
5766 3798 80
5253 6029 81
2310 97 82
2292 3615 83
5722 901 84
4141 5198 85
5447 4382 86
3032 5133 87
6435 3797 88
3145 6156 89
3593 2611 90
3649 2542 91
2273 2291 92
1086 5849 93
30 2416 94
3846 811 95
954 6069 96
5185 3222 97
1488 4017 98
500 914 99
5723 3840 100
4225 4989 101
5007 3337 102
2267 3171 103
3780 6391 104
4264 2334 105
1148 4415 106
5100 5675 107
521 4495 108
4910 6093 109
371 397 110
144 4645 111
792 1552 112
1406 675 113
896 1551 114
2376 2523 115
3598 5820 116
512 1044 117
3543 5746 118
2880 4829 119
5002 4096 120
5356 2799 121
3714 910 122
5034 1543 123
4305 2167 124
2246 4491 125
6120 3764 126
614 327 127
4999 2277 128
389 581 129
2024 3560 130
6359 5315 131
3749 2172 132
5939 2869 133
4041 3085 134
4067 4021 135
4251 4110 136
4652 4957 137
2526 988 138
5198 1795 139
6389 4558 140
235 2524 141
6150 4272 142
6482 2158 143
3601 5356 144
2233 290 145
5218 5122 146
4535 1641 147
971 2966 148
5170 4174 149
3174 3837 150
318 4264 151
5618 4298 152
1577 2295 153
1151 5980 154
2127 1056 155
3604 4522 156
2064 2513 157
3269 5761 158
6357 1321 159
2724 1716 160
919 3630 161
4000 3101 162
944 3173 163
809 140 164
3109 3883 165
3598 3740 166
4439 4189 167
4605 567 168
3226 69 169
4683 4050 170
2786 5023 171
190 4916 172
5942 2939 173
912 4509 174
989 3549 175
397 5688 176
1162 3294 177
1962 496 178
3116 3739 179
3405 608 180
5539 3963 181
4905 681 182
871 5204 183
4174 1556 184
799 2126 185
2640 5487 186
2543 5170 187
5038 89 188
1040 1107 189
72 5053 190
6092 1441 191
4334 2804 192
6390 627 193
1822 3256 194
2733 4782 195
6377 2389 196
1078 5524 197
1445 4114 198
2340 1099 199
4912 1122 200
1498 5117 1
2940 591 2
4360 2130 3
4184 4579 4
2030 2970 5
2043 2697 6
200 281 7
6122 3088 8
1568 1318 9
5074 1622 10
3647 3010 11
3651 4269 12
979 2902 13
1677 4407 14
2587 2933 15
6077 1313 16
3570 1723 17
29 2468 18
733 4328 19
2203 2884 20
5170 1160 21
5533 966 22
4548 2835 23
3930 3191 24
373 3400 25
2842 3943 26
3361 5903 27
506 492 28
6097 931 29
4527 1267 30
441 3808 31
6379 4016 32
938 3625 33
1949 265 34
5715 6251 35
3460 3232 36
6353 2476 37
776 3221 38
5334 5202 39
5018 99 40
822 1205 41
3806 5303 42
5759 1027 43
1349 5178 44
4314 270 45
5003 1502 46
697 5458 47
5575 5618 48
662 2949 49
3064 4994 50
1383 4870 51
2225 5499 52
2310 1474 53
5666 5611 54
2269 371 55
1662 5730 56
2344 5305 57
5169 810 58
5586 278 59
5613 5107 60
2475 6002 61
6464 1236 62
3021 2462 63
5494 4455 64
2459 1382 65
5914 2226 66
2921 3039 67
4594 1855 68
5682 1207 69
5491 1590 70
62 5370 71
1023 6047 72
4444 6431 73
3944 5377 74
4288 804 75
92 4473 76
745 3295 77
994 3811 78
1090 785 79
3537 479 80
1871 2123 81
1938 2718 82
6001 55 83
72 215 84
4517 1300 85
820 4962 86
2920 1844 87
1121 2113 88
2763 5789 89
1805 212 90
4951 177 91
2048 2068 92
2756 4140 93
957 4720 94
308 5021 95
3085 1161 96
5454 5786 97
286 2076 98
5870 5656 99
1754 4605 100
3062 2887 101
2725 4856 102
1352 431 103
4041 544 104
1749 3014 105
3285 3859 106
263 1131 107
5391 328 108
974 2075 109
5577 1908 110
3233 2879 111
3410 3459 112
5573 143 113
3858 552 114
1640 1273 115
3721 3244 116
2186 4401 117
2237 2471 118
5122 2182 119
985 4608 120
3119 3978 121
5043 1513 122
3082 1075 123
5911 2368 124
3888 1509 125
1572 660 126
2375 6013 127
4741 2609 128
2860 2861 129
5248 3489 130
1377 321 131
2043 1872 132
6285 4632 133
683 3758 134
6071 2446 135
5040 2316 136
183 5869 137
1371 4747 138
5092 2631 139
228 1797 140
3805 5498 141
2551 5489 142
1695 3823 143
1162 4945 144
2892 4149 145
2508 3374 146
5318 819 147
5666 2344 148
975 3446 149
3831 315 150
2940 2952 151
1804 4030 152
294 5336 153
4487 4457 154
5402 2341 155
3591 5368 156
1243 4979 157
218 1977 158
3056 2239 159
1637 2453 160
4167 4997 161
6251 5967 162
151 1837 163
3607 6313 164
4389 6202 165
6036 5660 166
5539 302 167
4041 1320 168
6372 759 169
3194 3028 170
1868 563 171
2120 6174 172
5106 2343 173
1139 4464 174
5355 182 175
4087 1186 176
5729 6249 177
1907 5054 178
1521 3733 179
2316 6381 180
4035 5194 181
3861 4644 182
6139 5127 183
729 2692 184
1297 2028 185
4427 4930 186
4951 15 187
4608 5663 188
2178 237 189
3352 6154 190
4717 5727 191
6246 4664 192
4137 4270 193
5896 739 194
4718 1457 195
1323 964 196
5712 129 197
2554 3891 198
1041 5538 199
684 449 200
887 3872 1
6488 1765 2
3430 219 3
2011 3805 4
6373 972 5
445 3705 6
1880 1172 7
4332 623 8
5783 3359 9
5966 5180 10
6125 4943 11
3552 3616 12
3360 322 13
5777 1339 14
3749 2863 15
5530 5989 16
4280 2236 17
4337 5560 18
2310 4973 19
4356 4169 20
2824 225 21
2265 4486 22
4041 147 23
4807 13 24
5155 6395 25
512 3272 26
6425 5325 27
4884 1597 28
4590 3388 29
6096 4530 30
260 3929 31
3833 1602 32
3543 5691 33
1055 1741 34
5095 4468 35
6168 5986 36
6425 2220 37
2364 1220 38
1370 2778 39
5764 2577 40
1223 5885 41
3177 2518 42
5380 2601 43
5058 1255 44
4444 1031 45
6298 2127 46
1359 4572 47
1735 2458 48
2400 932 49
3162 3653 50
979 1010 51
1866 5552 52
3846 2469 53
2310 2833 54
1448 3851 55
3110 4672 56
5766 5604 57
3631 578 58
3059 3125 59
2522 1307 60
4454 941 61
4145 5280 62
3731 6449 63
5959 585 64
4941 5784 65
1792 1206 66
3841 3497 67
419 4543 68
1327 2519 69
2776 2800 70
3819 4091 71
2940 561 72
5555 399 73
3633 2599 74
2225 4198 75
5507 2708 76
5834 3866 77
3954 5272 78
2746 4221 79
33 498 80
3621 5704 81
1907 1370 82
2731 5042 83
2176 292 84
442 3948 85
6021 4698 86
6314 1731 87
1110 2920 88
1426 4300 89
3883 3714 90
1062 3737 91
5613 2087 92
6160 6232 93
3375 6483 94
506 2592 95
897 4876 96
4215 3710 97
3328 2441 98
4398 1570 99
2447 1482 100
3208 5019 101
2161 1984 102
6040 3284 103
5213 5787 104
5769 3830 105
3037 3416 106
2752 802 107
4725 5404 108
2743 5643 109
3567 905 110
4568 5118 111
2436 3440 112
1274 3579 113
3901 3926 114
4231 400 115
3310 4012 116
5389 5844 117
3598 443 118
1387 2721 119
5583 4180 120
3917 808 121
5190 6158 122
124 766 123
3820 2142 124
6304 3216 125
4674 1877 126
4448 6007 127
5715 1736 128
5747 4894 129
1653 1916 130
3111 3102 131
3247 4370 132
2707 1563 133
3424 2082 134
2581 1041 135
1265 6192 136
4356 533 137
706 3439 138
1663 5536 139
6343 1076 140
4231 2665 141
55 2482 142
6095 4639 143
5335 200 144
3499 4100 145
1932 6262 146
5048 3043 147
5183 1545 148
3838 1224 149
3618 4036 150
5694 5831 151
5026 2563 152
5340 1711 153
2982 2919 154
1755 3158 155
508 5486 156
4206 184 157
2232 1424 158
416 4984 159
4940 962 160
242 2353 161
89 6392 162
2624 2275 163
1555 317 164
4601 6347 165
2578 1256 166
4177 2916 167
5372 5597 168
4868 4062 169
5806 2720 170
5676 3237 171
6404 4044 172
4709 1350 173
2697 5522 174
4063 1757 175
1471 3041 176
2862 4826 177
4154 3795 178
4318 362 179
1190 4863 180
1544 3340 181
5333 205 182
1652 6121 183
4976 5338 184
806 2194 185
1343 3821 186
4959 5642 187
4309 3106 188
4118 5984 189
2754 4889 190
3220 375 191
302 4147 192
214 1832 193
5734 6211 194
3071 2638 195
2803 1625 196
2172 1110 197
1598 1413 198
389 3450 199
6211 1450 200
4306 2386 1
4667 3552 2
4242 1074 3
1315 3709 4
6120 6247 5
6125 6382 6
1459 1504 7
792 5708 8
850 5895 9
1906 3481 10
569 2077 11
3197 6000 12
6017 1181 13
1908 5301 14
1328 696 15
3436 4975 16
6319 1139 17
5405 4425 18
799 1899 19
1776 5566 20
4041 4341 21
6337 339 22
5345 3361 23
3951 5071 24
3140 5649 25
3832 3950 26
2143 4187 27
4051 417 28
5038 276 29
2257 3438 30
4140 5626 31
1457 4199 32
6339 2669 33
6286 3152 34
456 5763 35
3477 5082 36
4952 3525 37
437 5442 38
4119 1151 39
2142 883 40
4041 444 41
6373 43 42
3238 2195 43
3131 5112 44
786 206 45
5576 2348 46
5072 6053 47
2969 1623 48
206 3604 49
3309 2049 50
2992 1162 51
5652 2733 52
6353 1036 53
4238 5309 54
5941 1789 55
778 4214 56
243 3132 57
703 822 58
4909 4290 59
5301 817 60
3333 1601 61
2807 2615 62
4032 1971 63
1945 768 64
5319 1960 65
2294 475 66
5483 2492 67
4145 5340 68
6222 5502 69
373 5731 70
2289 703 71
4943 4025 72
4618 2063 73
3631 4920 74
2033 5418 75
692 3299 76
6075 1009 77
2369 337 78
5954 3757 79
4679 3777 80
6454 607 81
2313 5468 82
17 5935 83
6044 5629 84
6217 4433 85
5861 5848 86
3892 1816 87
5397 2951 88
6077 1912 89
1223 2065 90
1473 5353 91
1681 4681 92
3858 2169 93
409 387 94
4432 3865 95
5590 306 96
1934 3901 97
4991 198 98
5734 4387 99
79 6017 100
724 894 101
4744 88 102
2717 1666 103
2455 1277 104
828 1725 105
2033 2217 106
4414 5648 107
1688 700 108
2699 3079 109
2640 3470 110
2508 5157 111
6028 4801 112
1510 1701 113
6251 4948 114
5301 6037 115
67 3925 116
3095 4308 117
3026 1849 118
6046 626 119
5495 1132 120
3746 2626 121
4907 2580 122
5337 2897 123
1657 2610 124
6353 2977 125
4889 3664 126
5898 3679 127
3538 6438 128
6424 1423 129
3620 2987 130
4902 2533 131
650 2342 132
4094 3124 133
5680 4793 134
5782 6462 135
5495 5941 136
650 1253 137
5565 2033 138
1903 3211 139
4895 1980 140
2918 3181 141
1489 2147 142
5927 821 143
4485 85 144
3654 181 145
4733 477 146
421 4683 147
6408 2211 148
5432 6112 149
2105 2118 150
5409 3677 151
72 5837 152
5437 1366 153
4075 1850 154
6209 4669 155
4745 47 156
900 3824 157
4853 5298 158
2578 1145 159
5990 2702 160
4028 3073 161
2884 3333 162
5304 4749 163
2564 3515 164
601 4519 165
17 266 166
5304 611 167
1424 6234 168
945 4404 169
790 2404 170
3841 4986 171
5781 4162 172
5372 3192 173
4673 6409 174
3309 5432 175
5246 6078 176
4762 3391 177
5464 3310 178
5597 917 179
1806 807 180
2152 135 181
616 6492 182
2175 5870 183
2501 6478 184
645 5922 185
14 254 186
5554 2500 187
5832 5750 188
2475 4222 189
3250 4052 190
2415 5282 191
4484 268 192
5002 5534 193
3509 2352 194
5541 3105 195
2927 4053 196
1489 207 197
2920 3734 198
5003 3743 199
3085 5399 200
1286 5244 1
4652 6128 2
2877 5953 3
2767 3155 4
6011 1364 5
213 1508 6
3802 3267 7
6147 742 8
913 1533 9
2923 3663 10
865 798 11
3146 4895 12
5391 1108 13
1634 5588 14
3004 5578 15
3864 2509 16
3655 137 17
243 4333 18
3045 4220 19
5557 2261 20
45 5414 21
4542 4428 22
2960 1499 23
5281 5832 24
5915 868 25
5055 1194 26
5084 2162 27
3984 3182 28
5883 6186 29
2507 1282 30
4350 4706 31
4414 5921 32
4504 5874 33
1028 1304 34
933 5045 35
1710 529 36
8 3399 37
4388 6422 38
228 5755 39
3706 272 40
5743 5070 41
1740 6144 42
299 5734 43
1749 2817 44
243 3688 45
4237 4441 46
4112 252 47
4093 1785 48
989 2213 49
5276 2402 50
89 1861 51
41 5917 52
6004 438 53
1679 4964 54
985 2267 55
647 2084 56
533 2715 57
652 3892 58
5432 1811 59
869 5969 60
5016 3922 61
2728 6031 62
203 5672 63
3581 59 64
763 6139 65
5352 5806 66
627 6096 67
4773 433 68
5916 255 69
6281 4072 70
4912 4556 71
2578 4281 72
718 1948 73
2126 2628 74
1162 5856 75
3162 3564 76
445 3980 77
4480 1494 78
6188 5109 79
3242 4462 80
720 2254 81
5162 3917 82
1946 1204 83
1880 5879 84
5427 6316 85
5671 2401 86
314 3320 87
4768 1388 88
986 296 89
3893 4394 90
5299 4274 91
4848 3822 92
2279 6230 93
5781 5099 94
2443 5990 95
3227 5162 96
45 5166 97
5852 6473 98
4825 451 99
779 5031 100
4580 4559 101
2520 4827 102
2163 5330 103
6035 2421 104
4348 503 105
5626 3418 106
6217 911 107
1610 80 108
4706 2705 109
1473 2886 110
3796 1830 111
1872 4099 112
846 1560 113
1805 3936 114
734 4716 115
522 4037 116
4716 1281 117
2419 2700 118
1482 4103 119
3882 1347 120
4156 4673 121
3746 1838 122
5358 3383 123
3278 385 124
4677 5955 125
5652 1895 126
3490 1758 127
272 3162 128
3585 3495 129
489 5557 130
5055 635 131
3526 5319 132
6051 6124 133
547 359 134
2082 3993 135
4388 4599 136
3359 4142 137
5879 6043 138
92 4028 139
3186 4291 140
820 5196 141
3507 4089 142
6335 5742 143
3033 23 144
5983 1419 145
5693 2671 146
5319 3707 147
367 1295 148
6182 6469 149
5871 1542 150
4761 5543 151
3839 5723 152
1627 708 153
6312 5776 154
3508 482 155
2274 1921 156
5456 6198 157
760 746 158
5434 5238 159
6018 388 160
146 242 161
2685 677 162
4307 1103 163
5448 4392 164
3206 502 165
3085 1531 166
689 796 167
4417 2501 168
5102 203 169
6133 6254 170
262 4756 171
811 3166 172
1863 1223 173
6310 2012 174
4677 3951 175
3564 2301 176
2198 428 177
4399 411 178
4208 4403 179
4110 4143 180
2874 5441 181
1970 106 182
6011 3231 183
5688 4662 184
1308 2487 185
1029 1462 186
3460 678 187
617 1285 188
3331 1661 189
5230 5416 190
3412 5450 191
4736 261 192
3244 4837 193
4726 1645 194
5925 3849 195
4569 2535 196
3755 4689 197
6226 2241 198
1179 950 199
4040 4133 200
4134 19 1
139 2051 2
506 5791 3
869 4565 4
3650 4312 5
4166 1251 6
6495 6082 7
2986 392 8
5837 4651 9
6094 886 10
6239 5519 11
4890 39 12
971 5048 13
3861 4939 14
1109 4347 15
724 3392 16
220 53 17
1818 490 18
2015 548 19
1289 6008 20
360 333 21
6028 3585 22
2155 4212 23
3304 3501 24
4821 5078 25
4938 6265 26
3962 5047 27
4080 1439 28
4444 538 29
1957 3908 30
2528 4361 31
117 1179 32
3424 5212 33
5868 887 34
1866 2050 35
1185 4045 36
3395 3827 37
3194 6102 38
5155 4654 39
4418 774 40
2478 4830 41
2624 412 42
4045 3869 43
789 5725 44
4710 393 45
3146 5098 46
3244 1173 47
826 2883 48
3505 6056 49
4136 1774 50
6262 4182 51
1586 2761 52
738 4109 53
5030 5963 54
3389 2568 55
6323 1514 56
4847 2431 57
3767 4153 58
791 249 59
2387 2526 60
4995 5741 61
5555 6080 62
1252 4762 63
6158 2828 64
2776 1906 65
2294 66 66
3997 6261 67
5797 770 68
3858 4697 69
3962 3807 70
5820 706 71
6449 6241 72
3218 2192 73
1387 3230 74
382 6285 75
858 4571 76
5163 6292 77
6468 5673 78
5542 1000 79
3464 1865 80
218 3969 81
1691 463 82
6456 6487 83
6435 2191 84
4844 420 85
194 3107 86
2659 3696 87
3585 778 88
1072 1952 89
1377 1448 90
2196 3476 91
424 4051 92
1919 1779 93
912 5394 94
2551 277 95
3092 3095 96
6209 3782 97
5364 2429 98
6165 5465 99
3940 2288 100
6102 6036 101
3017 1787 102
3201 6318 103
4677 896 104
4283 3511 105
5248 2044 106
170 2973 107
4596 4409 108
378 3898 109
3529 1453 110
3765 1929 111
50 5624 112
1651 3697 113
1479 2908 114
1448 5668 115
2196 4301 116
5419 4186 117
222 2418 118
2977 729 119
843 1965 120
95 5508 121
3479 3887 122
6053 3316 123
4765 5732 124
6497 3414 125
1907 2891 126
3419 1852 127
4242 1080 128
1844 5754 129
5139 5061 130
672 4196 131
3475 2672 132
3324 4241 133
2173 1714 134
4505 5936 135
1469 1586 136
2064 5596 137
3499 3770 138
552 604 139
4745 3077 140
1357 5937 141
1793 2374 142
330 1566 143
1031 427 144
4015 6196 145
1590 176 146
2834 3478 147
5917 5183 148
3486 2280 149
1817 4609 150
6285 5313 151
392 769 152
1032 3065 153
3145 853 154
2178 3201 155
4654 332 156
4080 2753 157
437 1211 158
5043 4013 159
5013 352 160
916 4871 161
4397 5985 162
2087 4821 163
1202 1972 164
3965 5512 165
6305 4444 166
2536 671 167
664 3488 168
1903 556 169
3993 2103 170
821 5297 171
2581 1663 172
3074 645 173
6488 4712 174
1618 3712 175
1226 4450 176
4979 5646 177
2626 3924 178
1204 5670 179
1510 245 180
990 680 181
2437 5094 182
5465 4825 183
3514 3938 184
5616 2413 185
5994 2095 186
5915 3992 187
3670 5267 188
6041 5352 189
3275 2852 190
4951 5333 191
5553 341 192
5030 5219 193
1948 1611 194
3116 5030 195
6210 1478 196
6485 374 197
36 1430 198
1516 3060 199
2412 815 200
154 5840 1
4080 1412 2
4663 6385 3
4075 5406 4
3598 689 5
4840 5795 6
2709 3016 7
1488 743 8
2030 6176 9
1227 1945 10
1398 3879 11
4522 920 12
6343 5600 13
4093 6333 14
2439 3453 15
5822 5926 16
4148 642 17
5245 4282 18
5421 5461 19
4347 601 20
3062 1818 21
819 2361 22
444 683 23
4964 930 24
6410 961 25
6071 5213 26
2733 63 27
1058 4628 28
2205 423 29
3998 1235 30
4326 4262 31
2526 3348 32
3746 4814 33
9 199 34
203 3429 35
3840 4757 36
776 3485 37
1988 6468 38
5896 3455 39
936 6169 40
3551 5867 41
3914 5683 42
819 4286 43
902 6039 44
3650 3655 45
2391 2528 46
6068 3622 47
1338 6066 48
4244 4737 49
2220 2349 50
1540 5798 51
6092 5421 52
1792 5871 53
1792 1085 54
4163 4834 55
5967 557 56
2604 1636 57
4894 1351 58
1004 2000 59
1866 109 60
4014 5782 61
4349 3768 62
1160 3135 63
6476 5753 64
6061 5366 65
913 2784 66
2741 3893 67
1837 4094 68
6061 1343 69
974 6220 70
5219 4310 71
3057 1456 72
4696 4513 73
4452 667 74
2636 4613 75
3025 934 76
2673 2941 77
1805 2071 78
6435 2929 79
3201 2395 80
3820 640 81
6161 1540 82
1040 5203 83
1034 1752 84
3832 3629 85
5583 6454 86
5967 6486 87
1352 2474 88
1302 2180 89
6361 5719 90
995 5444 91
4108 5475 92
2678 1610 93
6244 4188 94
4147 3264 95
1919 3933 96
1793 1473 97
5853 5638 98
2371 311 99
3445 5101 100
2597 5744 101
5191 4063 102
4061 854 103
3622 1520 104
4185 1828 105
5111 1459 106
4686 1149 107
5509 1169 108
2421 307 109
5545 4245 110
1470 3482 111
4488 938 112
3683 1786 113
583 2642 114
3763 3753 115
1962 1023 116
2639 1753 117
5652 389 118
2915 1854 119
4535 2679 120
1032 4760 121
5084 2853 122
1747 5493 123
2776 4607 124
5937 2921 125
1792 2439 126
3286 1695 127
431 5347 128
2912 2748 129
360 2400 130
6388 3673 131
4845 4358 132
5905 2600 133
4305 927 134
1383 3049 135
6495 5483 136
1812 847 137
536 353 138
233 3382 139
15 6411 140
6071 4596 141
6388 5671 142
856 5291 143
1596 1662 144
350 3119 145
5723 2186 146
868 288 147
2463 1040 148
3206 4987 149
6176 114 150
1798 5515 151
2228 1659 152
546 6386 153
3946 5083 154
5992 4583 155
3264 33 156
4308 2201 157
3212 3281 158
561 1589 159
5066 4843 160
5432 1328 161
5450 4808 162
4943 414 163
377 5430 164
1162 1576 165
5506 379 166
2636 1926 167
5120 2231 168
1809 1427 169
5766 1550 170
4013 1241 171
175 4384 172
855 3393 173
5129 6095 174
6271 1660 175
3782 3098 176
1975 873 177
5737 5631 178
6250 2745 179
1588 3800 180
3405 3779 181
776 49 182
3012 3369 183
5275 2971 184
2242 877 185
941 688 186
214 3646 187
4094 4278 188
2220 1332 189
3780 779 190
536 6441 191
1434 2328 192
4912 4253 193
5024 318 194
3392 4506 195
3749 2741 196
593 4488 197
5577 3545 198
113 1 199
778 4813 200
2735 2584 1
2927 1319 2
4649 4637 3
4513 1782 4
5747 2673 5
5477 590 6
4873 2319 7
2295 4546 8
1648 6244 9
5921 1218 10
1381 67 11
1087 2875 12
927 6407 13
3194 395 14
2096 5243 15
6444 1917 16
2930 175 17
2309 3920 18
4631 5308 19
5577 6353 20
6058 3020 21
5324 408 22
2437 6396 23
3575 5943 24
225 1978 25
5852 1643 26
3802 5317 27
2239 4460 28
5301 2547 29
4061 540 30
1032 5382 31
2698 6414 32
3757 5443 33
2225 1068 34
5257 5659 35
1628 4564 36
4979 6126 37
5407 5518 38
4627 1089 39
476 724 40
5496 2657 41
5384 5169 42
6090 4650 43
2508 3265 44
831 4568 45
3830 3960 46
4846 324 47
4740 6045 48
5203 3040 49
173 2855 50
5776 6268 51
5346 824 52
817 3666 53
858 4352 54
718 2779 55
3488 5572 56
691 3665 57
4407 1562 58
5389 5050 59
3222 4138 60
3558 228 61
314 2627 62
526 4701 63
2847 3352 64
2231 4418 65
4025 5972 66
2663 2496 67
4673 3557 68
973 547 69
4268 4707 70
2474 4862 71
3463 2687 72
615 3487 73
4215 1079 74
435 3632 75
1598 4217 76
4725 3116 77
217 899 78
1939 4569 79
2573 3684 80
1170 2484 81
384 4931 82
207 3965 83
3946 3052 84
6090 5665 85
1122 5607 86
6489 4229 87
4656 2061 88
1357 1871 89
5530 4592 90
2658 2811 91
4745 4611 92
6074 3979 93
3190 5456 94
1769 1472 95
6382 6484 96
5464 3293 97
6349 1986 98
5382 2960 99
4017 2731 100
484 6269 101
3446 3311 102
642 4838 103
820 4065 104
6283 3103 105
4015 5051 106
1668 5908 107
4069 5706 108
5715 62 109
3326 2735 110
1912 2802 111
5301 5865 112
4908 2276 113
2364 2047 114
840 5396 115
2604 92 116
593 3157 117
5380 5769 118
371 1772 119
3097 5554 120
3181 6419 121
936 1892 122
4458 918 123
5782 2550 124
4450 1120 125
3218 3792 126
1962 117 127
4844 614 128
442 3706 129
3551 5129 130
2756 1208 131
3183 239 132
3038 3778 133
5102 5592 134
5568 1958 135
617 3159 136
4088 5245 137
6190 1435 138
6305 2749 139
373 4395 140
2592 5231 141
683 4105 142
4908 132 143
4820 733 144
5850 4119 145
4244 2495 146
384 5964 147
3584 2777 148
55 5888 149
444 4845 150
1028 5179 151
3542 5946 152
2579 1703 153
5448 470 154
3763 3806 155
3731 6413 156
5191 5283 157
3708 5709 158
3213 4770 159
1406 1397 160
3616 1258 161
5221 4738 162
5545 4577 163
449 3769 164
1872 2105 165
6286 3873 166
3150 1743 167
1982 5241 168
2808 3861 169
6221 1049 170
5472 3995 171
4326 159 172
1806 5804 173
4821 4510 174
4820 5020 175
3593 3283 176
4147 5973 177
650 1129 178
4074 3277 179
3969 2153 180
1903 2656 181
5191 5065 182
5604 3498 183
2756 740 184
6484 2163 185
3838 316 186
1919 5214 187
4326 2589 188
2490 3685 189
5003 1394 190
3694 1594 191
2196 1446 192
2735 5034 193
3433 1968 194
3943 489 195
5453 1588 196
1778 4794 197
1809 1510 198
2038 1511 199
3432 2588 200
149 3586 1
4643 3581 2
1802 2857 3
272 4223 4
4134 2831 5
1283 3493 6
5285 1944 7
5031 4459 8
2776 3574 9
1589 1445 10
2166 1414 11
1830 1803 12
5996 240 13
106 4128 14
5151 5022 15
41 546 16
5737 3204 17
1190 6264 18
3688 1247 19
83 2022 20
5912 1210 21
2639 1362 22
2564 4120 23
4557 1698 24
4755 5843 25
3565 1825 26
1549 458 27
660 4211 28
75 95 29
102 5329 30
3764 4246 31
5278 4679 32
5478 4860 33
5622 2054 34
936 1822 35
2665 5632 36
4717 1689 37
3289 1626 38
5094 5388 39
2923 3462 40
6042 2830 41
2778 998 42
4141 2114 43
1649 4888 44
383 11 45
4976 5173 46
5491 2646 47
2161 4058 48
2579 846 49
3097 4534 50
2709 1115 51
1745 4633 52
1951 524 53
553 5018 54
204 5289 55
5170 4228 56
3286 447 57
5386 4497 58
1588 4754 59
4748 4552 60
2043 4251 61
3547 3494 62
5539 3538 63
2239 3789 64
3172 2710 65
340 4563 66
2612 3133 67
2090 1342 68
1185 5413 69
3655 3731 70
4814 5367 71
1900 6470 72
2051 2979 73
260 4800 74
786 3432 75
5494 1583 76
1338 6332 77
4656 2781 78
5735 4866 79
4137 51 80
5695 1904 81
3882 1039 82
1477 3289 83
6000 3512 84
5290 4872 85
35 2752 86
1329 3532 87
6246 2274 88
4261 2197 89
2543 1915 90
351 346 91
2102 4867 92
1906 430 93
583 1730 94
3229 5200 95
5155 904 96
2842 5982 97
5465 3529 98
2963 2791 99
4831 3189 100
5304 4846 101
5695 3942 102
3568 3724 103
3345 2821 104
2043 2369 105
5119 5466 106
1927 329 107
6495 415 108
3979 4178 109
4280 4175 110
1110 2480 111
1058 2503 112
2289 3595 113
1613 5790 114
2972 1379 115
5983 4156 116
4013 1702 117
5360 269 118
41 4020 119
2057 1187 120
2698 6399 121
2728 704 122
5191 74 123
1589 6276 124
4853 5015 125
4718 5739 126
2172 2415 127
3119 4343 128
3535 4209 129
3435 2793 130
860 1983 131
4545 2423 132
6015 3534 133
408 2244 134
2129 1421 135
4652 1614 136
3130 5662 137
2334 6179 138
2798 348 139
4274 2388 140
389 4061 141
2449 2713 142
792 2558 143
1302 2238 144
3067 2052 145
1335 6173 146
452 2020 147
3011 1043 148
2375 637 149
3478 4780 150
1736 1735 151
4433 4470 152
5073 1033 153
3286 1654 154
5932 1768 155
2093 5216 156
3020 37 157
3081 2502 158
2896 2073 159
5483 5135 160
1970 494 161
444 2617 162
1114 5647 163
442 4275 164
4854 4111 165
1403 2773 166
3867 3271 167
3685 4134 168
3789 3828 169
294 2160 170
1059 3662 171
127 5184 172
6395 5262 173
4997 3919 174
1494 4321 175
2232 4348 176
4574 707 177
4658 4527 178
6237 732 179
187 2690 180
201 3900 181
572 5902 182
224 5999 183
301 3210 184
5157 6295 185
4548 6400 186
5245 4224 187
1779 5729 188
2167 4980 189
254 5699 190
5797 3612 191
424 5620 192
433 2350 193
5501 2736 194
718 2221 195
3431 2968 196
2163 2878 197
1216 1996 198
2729 1851 199
3814 2904 200
2863 2104 1
1268 2215 2
4884 5004 3
881 4098 4
2708 5131 5
2666 5529 6
3965 4550 7
5763 726 8
3501 915 9
974 3603 10
4751 2053 11
5421 537 12
6390 2056 13
6425 6323 14
77 5296 15
1007 2177 16
773 3611 17
213 5258 18
6411 5576 19
1498 366 20
245 1495 21
4596 3087 22
3746 5681 23
1819 4084 24
5007 5613 25
4328 5260 26
6387 6141 27
5605 647 28
3403 1868 29
5360 2188 30
5510 1675 31
975 1071 32
2581 6271 33
3449 5438 34
1808 4438 35
2070 2425 36
501 356 37
1196 5210 38
4206 2661 39
3830 3640 40
4904 72 41
856 1798 42
5440 5768 43
5382 5076 44
5481 4256 45
2931 3814 46
3633 2451 47
713 367 48
1215 119 49
6220 4505 50
415 4054 51
4481 2265 52
2165 5152 53
1693 3747 54
2257 1938 55
2549 3358 56
3300 5026 57
522 3149 58
3430 1252 59
3798 5971 60
801 3396 61
6082 605 62
995 3833 63
2289 4342 64
6240 1534 65
488 3240 66
2450 2515 67
809 122 68
916 2399 69
4853 5569 70
4113 1442 71
5007 5345 72
1245 3848 73
4399 3750 74
3107 5273 75
5246 1292 76
3194 5905 77
2781 2774 78
2483 2187 79
401 5634 80
2834 1349 81
4148 93 82
5460 4385 83
3995 1827 84
460 1184 85
5521 4586 86
1188 293 87
5580 5324 88
5525 840 89
2336 6115 90
3105 994 91
4963 2017 92
3057 520 93
897 4851 94
5318 3492 95
6367 3338 96
1907 4732 97
4667 1817 98
992 1688 99
77 3092 100
6252 3660 101
5622 3213 102
1830 6350 103
801 2572 104
592 3323 105
3693 3225 106
4281 5386 107
3444 2112 108
2111 289 109
3566 4374 110
2116 4502 111
2126 5828 112
329 5876 113
2987 4990 114
2909 3032 115
4692 2782 116
2566 128 117
951 2067 118
1748 2896 119
2911 1554 120
2464 2459 121
5631 1565 122
3965 4351 123
1385 6150 124
4390 1923 125
2030 4752 126
4883 1883 127
1081 3722 128
5626 1949 129
426 5738 130
4542 2940 131
105 4104 132
459 5857 133
3306 1567 134
1132 5064 135
3904 5530 136
1703 6185 137
2836 6404 138
2007 3261 139
321 6387 140
790 1738 141
6405 838 142
5331 2490 143
4151 5685 144
1590 4471 145
2115 3535 146
4820 3602 147
2075 3457 148
4047 3754 149
6212 2437 150
3463 3834 151
6028 5311 152
4623 3313 153
2238 5509 154
822 3695 155
2110 3614 156
2626 5737 157
6110 5900 158
338 3690 159
1424 1417 160
2943 4386 161
395 702 162
2198 3223 163
2827 1781 164
5838 570 165
5764 6089 166
4110 4260 167
4454 5846 168
1907 4475 169
1214 2009 170
294 3003 171
298 1813 172
3504 837 173
2153 188 174
3273 3454 175
2601 2037 176
4381 2645 177
5745 2634 178
5158 4161 179
3293 2099 180
6100 2140 181
4238 40 182
972 2554 183
1364 1008 184
821 1951 185
442 2842 186
3322 1102 187
876 4819 188
4740 939 189
6262 4432 190
4727 5938 191
5424 860 192
386 1485 193
4634 68 194
3705 1400 195
5421 4855 196
6183 3639 197
4562 3208 198
4041 4181 199
4634 4434 200
2490 5379 1
3492 649 2
520 6480 3
4951 1665 4
3333 3794 5
1170 5384 6
2859 1517 7
6253 5079 8
6181 6221 9
5609 850 10
2375 1995 11
1151 2668 12
211 1932 13
659 4702 14
5058 1979 15
1177 5270 16
3883 1156 17
3694 4285 18
5013 6355 19
1838 65 20
178 4839 21
6190 6252 22
1760 551 23
2126 3248 24
4574 4663 25
5620 3375 26
3715 5625 27
4507 1909 28
561 5436 29
4517 2983 30
5853 1101 31
5535 2651 32
3356 5736 33
2347 5150 34
1936 2591 35
1289 5998 36
360 4961 37
1691 495 38
4244 4383 39
228 3131 40
3432 4231 41
5329 6472 42
5815 5206 43
4262 6321 44
4820 243 45
5859 4751 46
1424 5007 47
1036 2574 48
1092 4293 49
758 3255 50
1058 5834 51
6486 1956 52
5093 2290 53
3358 2014 54
4116 3185 55
4907 1185 56
2747 6474 57
2182 4795 58
1919 5579 59
2729 3342 60
3806 4399 61
2364 2724 62
1243 5415 63
350 2877 64
6355 2152 65
4690 4219 66
2863 2309 67
5936 3288 68
4723 4014 69
5372 4924 70
4400 1199 71
5271 5105 72
5249 4666 73
6254 1697 74
4928 6319 75
1315 2494 76
4312 4421 77
5057 230 78
4836 4480 79
4782 4562 80
5434 2202 81
320 1193 82
5084 2151 83
5862 491 84
2911 5427 85
971 5842 86
1173 2943 87
2002 6256 88
5345 3193 89
3467 5644 90
3039 4858 91
4454 4717 92
1043 6394 93
160 2613 94
4971 6113 95
5899 485 96
2996 396 97
5898 3177 98
2571 4735 99
3436 3606 100
6231 1038 101
5822 5906 102
2059 4622 103
4745 2728 104
1510 5256 105
2896 6463 106
2066 4847 107
6478 6299 108
3558 1739 109
4814 1616 110
5338 1791 111
3744 460 112
2378 4696 113
1019 1642 114
3275 1157 115
4837 2847 116
3142 4116 117
3333 3506 118
1180 2322 119
5824 2115 120
858 1620 121
283 3071 122
1104 2260 123
2203 4820 124
3195 4981 125
5506 2372 126
5441 5398 127
115 1858 128
4947 3580 129
1378 5694 130
3744 4618 131
1620 1314 132
311 6127 133
4203 4139 134
4604 6063 135
3669 3274 136
3277 2069 137
3337 2379 138
3235 3539 139
786 3356 140
5402 1048 141
233 4978 142
1289 1154 143
4744 4694 144
3883 4875 145
3224 1150 146
4440 1052 147
1145 6466 148
5447 3669 149
154 5514 150
2698 709 151
6482 5616 152
1649 765 153
5505 3984 154
734 6371 155
1418 719 156
4163 2975 157
1272 486 158
3826 5171 159
2173 5113 160
6181 2667 161
4009 1888 162
4452 3949 163
5562 993 164
150 2917 165
72 569 166
2079 5096 167
2969 6456 168
4288 593 169
3604 6405 170
4542 5381 171
1250 6203 172
1932 2243 173
1663 1166 174
6171 1195 175
4025 1891 176
802 558 177
3770 5462 178
2634 2950 179
5166 1451 180
2002 3304 181
4894 6195 182
4626 1336 183
4768 5807 184
2543 2079 185
1637 1754 186
5050 2196 187
2516 5250 188
5819 5186 189
3559 5041 190
2834 5163 191
4262 2023 192
5507 1595 193
244 1460 194
2008 4280 195
241 560 196
338 455 197
6410 4346 198
3603 2041 199
387 6498 200
2415 28 1
831 5894 2
4836 1309 3
202 5836 4
5821 5237 5
4088 3977 6
4853 2927 7
4375 1733 8
2030 3033 9
470 1316 10
4106 2380 11
2754 2757 12
5615 2013 13
855 2890 14
1378 4213 15
5026 3475 16
4141 3403 17
2636 2263 18
4643 4926 19
4593 3692 20
5907 1894 21
6171 3911 22
5792 1070 23
5915 5914 24
3097 1465 25
5580 1769 26
3056 2359 27
6497 2237 28
5652 4907 29
1623 4551 30
5021 6358 31
4631 4192 32
850 3004 33
5990 4783 34
5302 5146 35
1660 5284 36
4749 3112 37
5567 1383 38
5750 5001 39
6200 5035 40
19 1942 41
1170 424 42
3431 6184 43
5345 776 44
5380 2203 45
1234 6200 46
1116 406 47
3221 1296 48
817 6040 49
3345 4900 50
5288 2962 51
2579 1985 52
4375 5623 53
1244 5653 54
4836 4561 55
1424 1146 56
720 716 57
3602 5209 58
875 5261 59
4227 6010 60
4481 575 61
5965 1819 62
221 4077 63
5434 5666 64
2972 1152 65
4201 2005 66
3706 1637 67
3978 5217 68
3768 2771 69
1897 5823 70
5504 5532 71
3603 4759 72
2176 1963 73
2370 2206 74
759 3959 75
4609 4430 76
4795 5756 77
2150 2426 78
6097 44 79
489 5140 80
175 4765 81
3781 3682 82
5388 157 83
6209 2149 84
5850 2424 85
3612 5551 86
900 2727 87
3785 3856 88
4281 3607 89
28 1911 90
5862 1190 91
6485 2763 92
3948 5703 93
5992 213 94
4692 4493 95
3434 3832 96
5939 4652 97
1233 1519 98
595 2070 99
865 5627 100
5136 4339 101
5358 6006 102
3319 5006 103
6485 1054 104
5420 670 105
1943 21 106
776 5144 107
1227 3031 108
617 4082 109
6210 1387 110
5191 4113 111
955 2676 112
5762 83 113
5287 5385 114
1243 2031 115
6078 308 116
3453 3437 117
216 1707 118
2419 2785 119
1286 2356 120
5964 4567 121
4668 2606 122
3057 3727 123
3146 384 124
5954 4508 125
3482 6309 126
1323 1920 127
6384 387 128
2684 1081 129
5193 686 130
5506 2120 131
1750 2021 132
440 4132 133
6393 4784 134
2601 5752 135
6125 3013 136
3783 1914 137
580 4548 138
2474 3301 139
6449 6307 140
5386 2137 141
6060 4338 142
2154 2101 143
4357 3843 144
5222 2909 145
3435 5397 146
1630 3970 147
3376 390 148
4923 4376 149
4562 2530 150
840 5049 151
5980 9 152
2512 2313 153
4820 2603 154
4522 2251 155
1166 3928 156
6215 4200 157
2708 31 158
6045 6338 159
6325 4496 160
3880 4263 161
5506 3772 162
5707 1011 163
2806 2473 164
4416 3290 165
5863 1329 166
2837 446 167
1390 4393 168
2750 6464 169
5916 827 170
2164 1467 171
2199 30 172
2153 4029 173
5473 1682 174
2175 687 175
518 1403 176
2005 5497 177
3309 4417 178
5596 5090 179
2530 2655 180
3222 1254 181
34 4267 182
2415 662 183
2703 4739 184
67 1475 185
1957 693 186
1315 1792 187
2427 1393 188
3752 4005 189
1750 6087 190
77 3285 191
971 156 192
53 1815 193
5769 6004 194
4346 5207 195
4903 3469 196
1979 6117 197
6382 2935 198
1809 3196 199
4675 2465 200
3668 461 1
3943 1278 2
4559 3390 3
3379 2038 4
5769 3233 5
6495 5304 6
1457 4108 7
4588 4566 8
5444 6374 9
16 1449 10
4458 4777 11
5747 6298 12
724 2199 13
5265 5130 14
5483 3109 15
272 3246 16
1945 1019 17
2987 2094 18
1763 5678 19
1320 3178 20
4475 6477 21
121 3699 22
1751 5603 23
3895 2059 24
1610 2636 25
4889 6397 26
1646 948 27
220 2915 28
634 116 29
1784 1606 30
4244 5570 31
3309 5434 32
5091 2873 33
5700 2224 34
5256 82 35
6077 4191 36
5319 2207 37
2131 5476 38
5835 577 39
5424 4647 40
2949 4265 41
2144 1766 42
1514 5299 43
2673 2332 44
3037 1863 45
3652 5825 46
3933 4582 47
2547 2304 48
4304 2320 49
4227 772 50
5645 3176 51
2601 5193 52
919 1692 53
4435 319 54
1657 5898 55
6435 885 56
1420 6444 57
5901 3321 58
4087 6104 59
5102 818 60
5446 4539 61
4119 3752 62
5336 4273 63
5237 4728 64
1955 2279 65
6387 519 66
291 5726 67
571 3068 68
4505 1737 69
1233 893 70
5307 3371 71
5120 6377 72
275 1615 73
5694 6070 74
1429 6021 75
1556 4478 76
237 654 77
2232 2685 78
5514 3229 79
6302 369 80
1289 5271 81
5988 2928 82
2947 6375 83
1702 1629 84
4206 3327 85
4537 679 86
5883 5251 87
3782 1638 88
3242 6135 89
703 1652 90
6131 1939 91
4342 2003 92
1799 4411 93
3078 1898 94
842 7 95
2463 153 96
476 5771 97
566 3819 98
147 4897 99
4355 2283 100
5679 1007 101
4268 4743 102
4372 1374 103
6232 5276 104
3225 4237 105
1805 4326 106
5970 773 107
4815 2173 108
6196 3703 109
5256 5046 110
4083 5132 111
4506 928 112
3653 2285 113
1185 6293 114
725 3053 115
2463 6023 116
2532 440 117
4448 6009 118
684 6168 119
3585 1999 120
4203 3561 121
3531 5948 122
6404 3451 123
2394 5821 124
4412 3530 125
5386 1217 126
5898 2362 127
6342 5774 128
3026 3172 129
4068 4075 130
5331 1422 131
299 5464 132
2778 5957 133
4835 5103 134
4526 5452 135
353 1612 136
4424 2269 137
1007 5052 138
1763 6310 139
3355 3858 140
1999 985 141
2522 5910 142
6196 3226 143
5162 2323 144
477 2556 145
1058 5188 146
314 1674 147
2733 1175 148
202 4910 149
3559 5448 150
359 2760 151
5714 1276 152
5522 633 153
415 3774 154
3462 5819 155
5992 1142 156
2914 4742 157
2585 5513 158
1221 5677 159
1064 3444 160
889 267 161
4174 6205 162
3744 4604 163
200 1062 164
4038 401 165
4621 1806 166
4182 1483 167
1656 5 168
2690 1814 169
1173 3780 170
6334 4227 171
991 2730 172
1177 2699 173
260 154 174
5966 2959 175
2043 2969 176
5614 372 177
3936 6291 178
1866 1882 179
945 6118 180
3301 3236 181
832 694 182
2129 3472 183
4910 2457 184
5410 1409 185
275 5700 186
4397 2819 187
2821 4958 188
3551 5044 189
451 4730 190
601 2029 191
3094 2912 192
1779 737 193
1244 6025 194
6019 3871 195
850 6446 196
5805 5640 197
6226 3746 198
1182 1288 199
4943 1604 200
1194 2985 1
2950 413 2
6481 1299 3
452 2801 4
6301 573 5
2371 1755 6
5030 5617 7
6294 5000 8
145 5749 9
3694 3380 10
2101 426 11
6484 809 12
5012 1893 13
3017 3411 14
2151 1749 15
3282 5014 16
5844 4121 17
5684 6100 18
5221 4123 19
154 2910 20
285 3638 21
3568 4092 22
5668 757 23
5136 1759 24
3196 3486 25
6382 3195 26
6288 2027 27
592 6467 28
371 3268 29
983 3228 30
5453 5954 31
4760 4705 32
4253 1775 33
4677 5568 34
5980 6324 35
384 4218 36
2970 6497 37
5800 3063 38
3379 2252 39
1423 5016 40
1633 592 41
5632 5279 42
5955 4758 43
1694 3600 44
5952 3904 45
2153 3761 46
4135 603 47
174 517 48
1605 618 49
4218 2797 50
2063 6182 51
38 1989 52
3864 3863 53
3033 1690 54
4097 5440 55
421 4903 56
6476 5168 57
5045 4896 58
518 505 59
5434 3553 60
1627 755 61
1289 2997 62
2992 4442 63
2980 4733 64
2777 467 65
5021 5174 66
2587 253 67
2803 4390 68
3846 6136 69
3568 1728 70
6224 4797 71
4330 4828 72
3044 2786 73
3113 107 74
4654 5346 75
2050 5011 76
4689 4796 77
5301 4667 78
4818 1406 79
3416 4902 80
4397 4684 81
4295 5192 82
4400 2823 83
36 355 84
6061 1124 85
5105 530 86
4097 1385 87
1243 3592 88
96 5628 89
4232 5029 90
5281 6240 91
5131 4601 92
4943 4580 93
272 5134 94
5120 3855 95
4395 4655 96
2922 5601 97
5617 1521 98
360 1981 99
601 602 100
1434 1399 101
2043 5676 102
5044 1751 103
5694 5541 104
137 2335 105
5464 1310 106
1246 2111 107
1109 202 108
5373 271 109
893 1896 110
6338 5702 111
2977 4947 112
5754 2602 113
4971 5012 114
3796 975 115
875 5077 116
5333 4259 117
2717 5439 118
821 6383 119
5666 2816 120
5325 6320 121
3796 3864 122
3014 775 123
6125 3037 124
4382 3975 125
435 4172 126
302 3385 127
4032 419 128
2443 3513 129
2205 2541 130
3025 4336 131
1916 3870 132
2713 1324 133
4098 6048 134
5504 2427 135
1880 617 136
382 3269 137
4274 4823 138
4761 6461 139
720 5743 140
312 1144 141
262 5809 142
685 982 143
836 1231 144
745 1875 145
6402 4815 146
3780 2767 147
202 1532 148
153 3433 149
1377 5983 150
193 701 151
4005 90 152
1654 4606 153
5389 3566 154
1750 304 155
5640 1699 156
5477 3516 157
1615 6439 158
2004 4688 159
4185 3056 160
3469 1516 161
3945 1312 162
3604 685 163
2082 559 164
3203 6099 165
4220 6369 166
1932 848 167
142 3801 168
2880 3458 169
6078 3180 170
5811 4693 171
3669 3907 172
2424 553 173
477 2455 174
1601 1761 175
697 234 176
98 3766 177
6283 4319 178
3552 286 179
430 6204 180
893 4088 181
2763 4420 182
5839 4397 183
1851 3548 184
6300 900 185
5065 4806 186
2165 4741 187
998 4985 188
593 2948 189
4873 4844 190
3552 5715 191
5242 3442 192
3493 2565 193
6293 2329 194
989 4718 195
6218 4195 196
5181 5176 197
268 2677 198
1796 6361 199
5927 5124 200
2726 922 1
4146 898 2
3057 3428 3
3253 4357 4
3322 1954 5
976 4925 6
4008 3736 7
6186 3976 8
4195 248 9
1637 2832 10
72 4909 11
4956 2396 12
1989 191 13
1016 4354 14
3431 3881 15
1850 5419 16
5876 3035 17
3446 3990 18
5369 5505 19
6449 3137 20
971 5102 21
2410 5944 22
4506 2901 23
2905 6228 24
435 3165 25
382 5227 26
6482 298 27
1323 3745 28
596 1365 29
6489 5025 30
3376 6 31
3375 3262 32
3618 1568 33
6205 634 34
2030 1492 35
5304 3652 36
3791 4879 37
3535 870 38
3370 4675 39
917 4803 40
5983 650 41
6281 5860 42
2952 2210 43
437 6012 44
3195 5896 45
1810 3263 46
627 4537 47
4458 3945 48
1017 6352 49
5787 5089 50
3336 5373 51
460 6171 52
5889 3880 53
911 4378 54
956 812 55
4667 1368 56
2101 865 57
5219 4635 58
5148 1341 59
5838 1390 60
6168 4225 61
3316 1326 62
3960 5277 63
105 108 64
3753 1649 65
4215 674 66
4132 259 67
3121 1229 68
3589 4883 69
246 890 70
753 1373 71
776 3568 72
4563 3270 73
2722 6011 74
6074 6190 75
4561 4070 76
1466 663 77
2161 872 78
1473 6425 79
4618 5120 80
3564 1876 81
883 5013 82
92 6231 83
3431 2532 84
4050 287 85
3193 758 86
2972 5281 87
5119 6488 88
1173 5159 89
3134 1127 90
1170 2170 91
2228 1538 92
5506 871 93
879 951 94
1041 4653 95
6372 1955 96
5792 2208 97
2581 2567 98
837 4150 99
508 5164 100
5245 5454 101
1462 3608 102
2242 606 103
2634 123 104
1372 790 105
240 5550 106
673 1375 107
5967 1742 108
718 903 109
6288 4634 110
1423 6213 111
5842 1369 112
6247 6019 113
4924 5412 114
624 2590 115
3615 2080 116
1043 1287 117
5265 4416 118
2273 5553 119
5932 909 120
2616 3972 121
1487 5342 122
2365 921 123
1232 1564 124
3896 4691 125
6209 2148 126
2895 6175 127
4903 5916 128
3025 513 129
2733 6212 130
843 3793 131
2089 4216 132
5865 2706 133
500 4914 134
153 1905 135
3215 5853 136
4252 3590 137
6271 1125 138
829 1635 139
856 3198 140
1108 4349 141
814 5929 142
373 1271 143
2540 6433 144
5872 4268 145
5517 3738 146
4820 1487 147
3313 4287 148
599 3844 149
9 4069 150
761 4840 151
6488 5255 152
6389 1700 153
1779 4334 154
3744 4215 155
206 6120 156
5245 193 157
3104 3163 158
4324 5383 159
6209 2205 160
1760 1720 161
1617 4516 162
4013 973 163
3667 714 164
482 5228 165
4674 3205 166
2220 331 167
1233 42 168
299 5402 169
2907 2619 170
4199 1360 171
2911 381 172
162 4627 173
1151 4745 174
1743 5355 175
5673 1592 176
4066 1946 177
5114 2225 178
1473 3129 179
5986 3628 180
502 852 181
131 5269 182
6353 2688 183
6458 1600 184
3130 4210 185
3309 745 186
6292 5215 187
4723 1289 188
2657 3599 189
4010 783 190
3793 3308 191
902 64 192
2279 1603 193
4617 2085 194
6210 3051 195
3938 5835 196
4274 3009 197
3880 5924 198
1406 6051 199
4960 4547 200
6193 5689 1
2172 1529 2
6113 2397 3
3694 2355 4
6196 323 5
1434 2176 6
4837 285 7
4096 6317 8
663 2607 9
5681 192 10
5315 4193 11
3566 3050 12
3909 3164 13
2463 4893 14
2217 2045 15
6000 2768 16
193 1608 17
1294 1112 18
5003 4381 19
3096 697 20
4596 995 21
610 3341 22
2854 5229 23
3848 2738 24
1804 5974 25
5816 6481 26
5545 3136 27
403 87 28
1673 5278 29
63 4331 30
4612 1571 31
6283 6038 32
4924 2851 33
3603 2540 34
3863 5815 35
3992 4771 36
4302 5147 37
1173 6494 38
6076 1024 39
301 574 40
3657 549 41
350 5393 42
3584 4126 43
1661 2511 44
5023 2758 45
2808 705 46
4731 3825 47
2301 167 48
6495 3322 49
3602 1020 50
5381 999 51
3900 1727 52
4678 5667 53
4691 5654 54
3045 1617 55
3772 3988 56
5193 6001 57
184 5344 58
591 6227 59
2153 2958 60
1248 4779 61
212 1808 62
5082 4603 63
2490 1130 64
5462 6289 65
1660 3291 66
1548 1226 67
3743 3021 68
3000 2247 69
2127 6308 70
5504 4335 71
1427 5991 72
6161 925 73
1958 3328 74
1809 5246 75
4244 6415 76
5511 1593 77
4667 3723 78
4177 5287 79
4018 6225 80
5604 1657 81
6302 6239 82
1023 4811 83
3596 146 84
4561 2522 85
6150 5612 86
6442 3214 87
3418 4405 88
513 2670 89
3921 22 90
2726 2926 91
1351 2807 92
4894 6372 93
2852 5392 94
5203 4304 95
1555 3786 96
491 4018 97
895 4048 98
2183 4682 99
5555 345 100
2811 5875 101
2589 3070 102
5453 5939 103
3170 6201 104
561 2448 105
4772 867 106
4002 5252 107
2339 4744 108
5737 4727 109
1413 631 110
1384 4367 111
6372 3324 112
6485 6272 113
5506 2164 114
6369 1574 115
105 2764 116
6268 4511 117
3516 2889 118
1466 4678 119
5759 1265 120
5319 5987 121
6270 4168 122
5715 6330 123
5913 4944 124
5167 45 125
881 5977 126
3955 294 127
1659 3689 128
987 5705 129
1934 4913 130
6296 1476 131
2551 4959 132
4294 5312 133
812 5800 134
1457 6073 135
5766 2128 136
5848 4184 137
3706 4252 138
13 4145 139
4288 439 140
546 5084 141
68 5655 142
1932 174 143
1761 3002 144
68 3876 145
277 432 146
1034 2870 147
256 437 148
3037 4299 149
2975 376 150
2972 842 151
760 6495 152
5200 3218 153
6209 4041 154
4580 1263 155
553 1072 156
3345 6077 157
386 6028 158
3949 4923 159
3934 3894 160
3575 3642 161
703 5504 162
5437 4629 163
456 2064 164
2187 6167 165
4725 1790 166
3051 121 167
3243 4595 168
1161 874 169
5528 3024 170
2302 5201 171
5319 1283 172
640 20 173
4371 1762 174
637 1846 175
4853 2759 176
4947 6277 177
3873 2944 178
6015 1498 179
3021 3254 180
2241 4874 181
3221 2794 182
3948 6217 183
2160 2564 184
1685 295 185
3029 2938 186
3706 4250 187
5904 839 188
3716 2440 189
4668 875 190
5472 4624 191
4448 2818 192
4745 4408 193
683 2271 194
4004 5197 195
4319 2447 196
3057 5770 197
3244 6061 198
804 4046 199
1328 2019 200
1424 2856 1
2279 1840 2
6393 5154 3
2203 2308 4
3011 98 5
2972 4576 6
4903 3257 7
3024 4353 8
684 2154 9
5617 612 10
6009 2712 11
2490 3499 12
2048 6429 13
6216 2982 14
2579 3280 15
6258 2040 16
2526 5374 17
3190 4949 18
6372 4102 19
6323 4898 20
4102 595 21
2712 1879 22
2101 3899 23
2102 583 24
1879 3751 25
186 2018 26
2294 3591 27
6227 6281 28
4920 648 29
3820 879 30
2280 5036 31
4544 596 32
6273 4587 33
1335 4481 34
5899 180 35
4928 6105 36
786 3170 37
917 1823 38
5554 5930 39
4335 5814 40
5865 6457 41
2531 3890 42
5040 6410 43
6270 2623 44
4106 4447 45
1028 4452 46
580 5605 47
5788 5547 48
1507 1355 49
2371 2282 50
936 6440 51
2665 3860 52
35 6146 53
3412 5121 54
995 2144 55
5932 161 56
5483 3570 57
2754 2836 58
6388 2096 59
1457 1885 60
2881 504 61
2138 4591 62
1473 2371 63
4890 1647 64
5180 3120 65
776 3514 66
1748 299 67
2039 857 68
5652 5535 69
3962 1317 70
6195 2813 71
12 5717 72
3619 3034 73
3455 6020 74
3540 6162 75
2619 6274 76
1157 3302 77
2935 6132 78
2306 5343 79
4274 3282 80
689 1335 81
4268 4124 82
194 160 83
556 1826 84
1278 3790 85
5645 5185 86
5278 3314 87
4767 3905 88
6405 2907 89
4453 5264 90
2427 5904 91
5700 3179 92
6046 621 93
1434 262 94
1885 813 95
5503 2894 96
4155 2675 97
3796 2216 98
5898 4373 99
3162 5793 100
3431 2412 101
5278 4524 102
2827 2780 103
3998 3355 104
2507 5175 105
945 2618 106
4322 3760 107
2339 4356 108
2939 5966 109
4056 6432 110
3772 4832 111
1962 5595 112
5294 710 113
4576 4841 114
2884 1715 115
3938 820 116
829 84 117
5603 2442 118
6173 5872 119
1170 6074 120
2387 5912 121
3485 4929 122
2068 4364 123
395 3140 124
1417 1890 125
3181 3279 126
5684 2264 127
3538 5447 128
5045 2815 129
5992 1227 130
6082 1168 131
5747 2587 132
5965 145 133
5640 6079 134
2424 6219 135
1355 4203 136
3783 5680 137
5666 6024 138
1254 5445 139
4269 3441 140
6097 3094 141
1760 1496 142
207 1740 143
463 5087 144
669 320 145
1513 2410 146
3919 690 147
84 1778 148
214 657 149
1790 1469 150
1108 5833 151
1115 5714 152
2710 402 153
1998 2769 154
1489 2517 155
5604 1372 156
219 404 157
1628 1664 158
5048 1209 159
4244 310 160
306 204 161
3559 2620 162
4450 1933 163
3109 1780 164
6448 4901 165
3701 2795 166
5857 5455 167
592 1544 168
3504 3447 169
4549 5323 170
6116 4439 171
371 2963 172
5436 1345 173
2308 711 174
611 2330 175
4903 3718 176
1632 4500 177
3048 1212 178
4782 2007 179
2852 1001 180
4327 3939 181
48 6301 182
2967 4859 183
5055 5401 184
33 6418 185
5329 4835 186
1618 1061 187
6094 6296 188
6453 2826 189
5509 5451 190
760 5988 191
180 5027 192
4484 828 193
6017 712 194
5318 2872 195
4150 163 196
6415 158 197
2332 4934 198
191 1003 199
4837 2993 200
41 760 1
2600 5403 2
5279 4446 3
762 2010 4
2652 3596 5
2270 5446 6
2071 1547 7
2967 5945 8
4025 3325 9
5565 6435 10
6199 1279 11
1795 5779 12
2519 1575 13
2164 2783 14
2744 1104 15
936 1376 16
3940 752 17
4265 3465 18
4841 2521 19
4458 1323 20
4036 5239 21
2443 3406 22
2011 4774 23
3517 4115 24
865 2537 25
2114 3648 26
108 1060 27
6363 2377 28
6440 5855 29
966 6366 30
3350 4071 31
3514 5785 32
5506 6455 33
4155 5934 34
476 3841 35
2604 1404 36
6283 672 37
3559 4885 38
5769 3783 39
4397 3974 40
5158 4026 41
2807 5491 42
3867 2947 43
5119 1973 44
5715 1919 45
147 3507 46
32 5883 47
576 2222 48
4758 6044 49
1914 5408 50
382 1988 51
580 5005 52
5163 5854 53
5957 2932 54
3752 6110 55
5890 1746 56
1514 4968 57
1937 978 58
4215 2965 59
6246 1524 60
1643 2635 61
4268 5735 62
1835 967 63
1007 1591 64
4169 826 65
5697 5748 66
4968 5968 67
3538 5155 68
6343 6253 69
1315 4313 70
5769 5533 71
2604 1245 72
3011 134 73
1092 3961 74
2265 2373 75
3368 5517 76
1984 6131 77
2709 3030 78
2880 5851 79
2264 4402 80
4481 856 81
1740 3413 82
3772 3224 83
553 5881 84
2038 3138 85
4943 151 86
2147 1471 87
4253 5254 88
848 1443 89
591 4345 90
915 3765 91
3226 5810 92
1780 3217 93
1021 4687 94
1610 6090 95
2134 1810 96
6150 4362 97
4331 6447 98
4235 3203 99
3306 2122 100
453 32 101
3694 5636 102
4546 5165 103
1188 2865 104
4326 3 105
5493 541 106
64 3687 107
3958 4130 108
3627 5467 109
5588 3787 110
4251 6349 111
2437 3962 112
2457 3364 113
2070 1240 114
2144 1609 115
386 2723 116
3246 2190 117
2656 1670 118
2936 2686 119
436 4266 120
1456 566 121
4305 3083 122
1473 5380 123
5587 2881 124
2954 4086 125
5657 5149 126
3021 3005 127
4318 971 128
879 6003 129
2187 1937 130
2922 263 131
4327 3234 132
6386 2011 133
31 1776 134
4013 3826 135
769 4882 136
4348 5038 137
2581 2756 138
4972 3816 139
2937 4157 140
2339 1630 141
4931 1420 142
4916 1756 143
2159 2557 144
822 6360 145
3525 71 146
4429 4852 147
656 4674 148
3686 6235 149
4146 3575 150
5642 4467 151
4195 1783 152
5114 1408 153
84 5887 154
75 1248 155
2517 1176 156
2978 2621 157
3552 2649 158
3462 1114 159
4094 5460 160
1364 330 161
3393 6129 162
2521 29 163
1286 4359 164
4669 2233 165
2463 190 166
2872 2732 167
1406 1691 168
5769 2464 169
5180 5882 170
4347 291 171
159 4638 172
1801 2032 173
5738 2259 174
66 4713 175
2270 6304 176
2275 6257 177
5238 2155 178
5055 855 179
365 525 180
206 789 181
5915 5581 182
167 247 183
5868 2393 184
5166 588 185
2975 4323 186
3921 2787 187
4237 3967 188
4993 523 189
2522 5994 190
943 2184 191
566 4621 192
3834 2684 193
3580 5686 194
4145 682 195
4980 5492 196
1226 3886 197
6387 1201 198
6376 5357 199
4634 5764 200
63 4261 1
6495 1377 2
492 952 3
846 2598 4
6147 5525 5
633 5822 6
5060 1017 7
4884 3631 8
2816 380 9
6103 2046 10
114 4360 11
2371 5889 12
2309 2803 13
1728 1126 14
795 2548 15
382 4719 16
5901 2747 17
1286 4414 18
667 5471 19
5552 3536 20
4343 5701 21
4915 5240 22
3740 630 23
6353 5527 24
3991 4363 25
5254 1970 26
1232 1936 27
5410 5365 28
1241 1964 29
2597 3336 30
3561 673 31
1582 5658 32
5081 3330 33
4481 4512 34
2955 3897 35
871 956 36
4178 6326 37
5741 4043 38
5514 1055 39
5777 5328 40
2243 2454 41
6127 6445 42
2715 4309 43
3301 238 44
1221 836 45
5848 4952 46
2752 527 47
4935 3997 48
3909 869 49
4150 313 50
41 1109 51
3004 6137 52
614 849 53
1512 3443 54
3472 2704 55
2376 5230 56
6419 3115 57
4984 2284 58
4761 6142 59
6253 6133 60
4348 1903 61
3502 4656 62
3780 4419 63
534 4463 64
845 2346 65
4628 1848 66
4542 3427 67
5636 1884 68
2157 3913 69
1880 3520 70
4569 2755 71
1074 3656 72
4938 3312 73
3245 3569 74
4235 425 75
4783 4809 76
5777 5331 77
408 2486 78
4318 4953 79
2697 5478 80
5447 2024 81
5299 832 82
1192 3610 83
1441 6188 84
3039 3259 85
4980 4965 86
3458 81 87
1556 3582 88
3570 2250 89
5580 2472 90
5276 1950 91
1677 2227 92
5903 4704 93
4137 383 94
2786 571 95
2195 5469 96
6270 3527 97
866 3127 98
1931 6086 99
1628 1671 100
5055 2834 101
1238 4805 102
3594 4857 103
3418 3624 104
4529 545 105
5384 1021 106
3251 1523 107
6323 5859 108
6354 5575 109
2960 801 110
5911 2159 111
1244 2435 112
1730 4499 113
640 3059 114
5965 1734 115
3320 232 116
4168 6236 117
4141 933 118
3432 2911 119
5896 4368 120
771 1897 121
3170 664 122
1663 3372 123
6184 1337 124
2196 1653 125
717 3235 126
3917 3207 127
1143 2751 128
6116 4183 129
4335 5567 130
1992 2961 131
3907 3918 132
2824 5582 133
1315 6475 134
200 2428 135
2422 6403 136
5007 1274 137
2220 3691 138
6168 3956 139
3592 6322 140
5304 4400 141
5038 2570 142
1280 4289 143
4884 3930 144
3820 3845 145
4319 5032 146
1264 350 147
244 4514 148
1674 2743 149
635 1269 150
3685 833 151
4910 5116 152
6004 1344 153
5898 4167 154
5776 5952 155
5921 3716 156
1873 6214 157
6036 2287 158
4094 4588 159
5980 5767 160
897 5602 161
3337 4372 162
3781 6426 163
3181 3431 164
2756 2505 165
260 5565 166
4231 5114 167
1302 6258 168
5243 60 169
5301 2578 170
2220 3368 171
3124 3593 172
646 3987 173
4062 6499 174
3549 364 175
1707 4680 176
1582 3038 177
416 3952 178
5208 4206 179
4085 312 180
695 3773 181
5631 4490 182
1155 465 183
4049 5650 184
2636 4504 185
1855 5091 186
3763 1346 187
1696 2452 188
4580 1359 189
5998 5542 190
3474 6237 191
3621 5369 192
5954 275 193
917 4972 194
6424 576 195
3963 5516 196
2142 5409 197
3955 4869 198
1494 3759 199
5986 125 200
1936 1297 1
6494 3335 2
887 3831 3
3278 6345 4
5698 6161 5
2708 2946 6
5805 1221 7
166 2090 8
4782 1994 9
590 5066 10
4147 3626 11
2723 794 12
3685 27 13
733 3903 14
3691 4431 15
3194 4928 16
2183 378 17
424 3713 18
1205 1745 19
1398 336 20
6181 4533 21
6341 2854 22
2872 6288 23
3956 54 24
751 2850 25
5974 6245 26
897 5479 27
277 5490 28
5432 4594 29
4814 1272 30
5754 3902 31
3251 1788 32
5253 1006 33
885 35 34
1910 968 35
4746 3054 36
4833 3360 37
1530 2310 38
4141 3345 39
4770 2121 40
5099 2245 41
1589 1578 42
2279 4226 43
3558 655 44
4668 280 45
2503 6450 46
1477 4190 47
2940 6092 48
2300 1415 49
595 2091 50
6165 4476 51
3864 165 52
2140 2664 53
3454 5657 54
1018 5811 55
4313 6035 56
2410 4729 57
361 3479 58
1469 5420 59
995 3543 60
1916 5359 61
1599 2296 62
2257 1180 63
630 3953 64
2184 4487 65
4716 1901 66
4331 5361 67
2432 1501 68
1836 3927 69
2150 2066 70
3711 1452 71
5242 4812 72
5862 4668 73
5632 1613 74
4635 3767 75
3669 334 76
359 24 77
2228 4690 78
2739 4942 79
6004 753 80
41 4141 81
1177 983 82
553 3130 83
2725 1361 84
68 3577 85
1610 4137 86
4580 5862 87
4997 5829 88
1408 4518 89
1002 3319 90
1201 1213 91
3710 3081 92
5055 3275 93
5232 5097 94
3406 5407 95
2026 2559 96
5867 3169 97
6323 756 98
3463 6083 99
6218 3878 100
903 5459 101
3486 2980 102
2490 6424 103
3998 3490 104
4374 3989 105
2890 643 106
6105 1092 107
5454 2516 108
56 3464 109
909 4453 110
460 3247 111
6300 4325 112
866 6430 113
6209 720 114
3374 1886 115
5704 6303 116
4083 2394 117
640 3477 118
4804 2266 119
4252 5424 120
4882 2660 121
3006 2625 122
4646 2841 123
4885 1402 124
3745 1687 125
6220 5111 126
890 2874 127
5788 1238 128
3469 4768 129
3969 534 130
4692 3296 131
2733 4240 132
1290 1618 133
3275 862 134
6049 955 135
4363 1634 136
884 5751 137
4542 2703 138
4521 3100 139
220 3011 140
3188 2382 141
3502 5295 142
2186 4573 143
5129 5234 144
1222 4038 145
2783 3741 146
3044 5927 147
5782 3194 148
685 1842 149
1795 4040 150
3834 5485 151
6337 4165 152
302 314 153
5212 2092 154
4004 5422 155
6068 3885 156
5428 3167 157
5971 1163 158
1410 2305 159
3567 5410 160
6033 497 161
489 1026 162
879 1555 163
228 3818 164
567 4724 165
2522 4422 166
2076 3986 167
984 4589 168
4327 2991 169
2453 5758 170
2605 1484 171
3723 5028 172
3457 4171 173
4333 5710 174
1223 102 175
1906 2129 176
6190 4057 177
6373 3748 178
718 2734 179
6495 4873 180
154 4288 181
1371 3667 182
5743 2229 183
2426 4315 184
3196 1582 185
4565 3363 186
1696 1481 187
6157 942 188
1173 3528 189
212 4484 190
3101 4525 191
6268 4032 192
6271 297 193
2302 18 194
2468 4950 195
1260 6197 196
5850 597 197
6168 6075 198
5914 1546 199
5754 4445 200
1185 897 1
2104 1018 2
3159 2992 3
4748 1679 4
1663 891 5
1735 4755 6
4481 6290 7
3275 2707 8
281 3813 9
3178 3480 10
4169 56 11
707 5335 12
4177 1799 13
1875 4064 14
5793 4798 15
4793 2185 16
6209 4146 17
1471 3518 18
4573 4 19
5300 587 20
3853 3156 21
5629 4657 22
1259 5431 23
3264 3645 24
3058 6329 25
2179 2825 26
2982 2616 27
6097 201 28
3185 2538 29
514 4122 30
2952 86 31
4157 2989 32
3714 3349 33
659 2898 34
4741 3144 35
4896 2840 36
1041 120 37
1845 1834 38
1262 5796 39
4199 4982 40
2151 4423 41
3555 4396 42
5619 1243 43
5583 5339 44
6307 5189 45
3921 923 46
3799 5561 47
131 5788 48
1354 5858 49
5769 1515 50
2992 831 51
360 4967 52
3945 5003 53
3960 2088 54
5768 5232 55
4174 1322 56
1792 3504 57
2509 2806 58
2573 2461 59
1286 1812 60
6150 1438 61
4786 2737 62
6053 2360 63
2601 3796 64
129 1987 65
4973 6364 66
2282 1821 67
202 3066 68
3651 777 69
2273 2321 70
1348 4429 71
158 3635 72
1577 4205 73
1261 1536 74
4116 4612 75
5138 3126 76
1660 791 77
1199 2822 78
3955 3044 79
3640 5619 80
3650 2407 81
5317 3941 82
5769 5265 83
2161 6336 84
3733 1391 85
1863 5495 86
2381 908 87
1407 4584 88
3802 1153 89
6394 1105 90
1849 3367 91
1378 3726 92
2464 4936 93
3980 1290 94
340 6233 95
2732 2110 96
1998 6282 97
4689 749 98
3446 6157 99
127 625 100
4319 4093 101
3177 5919 102
3161 2171 103
1997 1804 104
2003 6178 105
974 6389 106
3287 3018 107
409 6064 108
4907 4575 109
1751 3565 110
617 1029 111
5747 2043 112
6293 5548 113
512 305 114
3269 5033 115
6278 1947 116
4952 5813 117
3129 4946 118
5007 1805 119
2549 803 120
415 4535 121
5715 2318 122
5057 410 123
2075 5437 124
2733 5391 125
706 4617 126
4432 834 127
2499 5354 128
4452 4998 129
6070 1874 130
1880 6312 131
3027 4448 132
4025 4748 133
708 5088 134
1354 5268 135
3886 3067 136
4097 4670 137
416 3877 138
5614 2937 139
5506 6476 140
4437 3212 141
1286 2314 142
4783 3862 143
6271 3551 144
5045 986 145
3357 658 146
5319 377 147
4145 4003 148
105 34 149
4943 5805 150
1518 989 151
2437 3121 152
923 892 153
2233 1836 154
307 6421 155
5255 4479 156
6478 3072 157
4727 5817 158
329 632 159
5349 1656 160
1084 4443 161
627 1216 162
1747 795 163
116 6356 164
4580 493 165
89 2365 166
759 5314 167
5372 1860 168
5791 3812 169
632 2820 170
1233 227 171
5060 5093 172
3 5371 173
106 1959 174
5372 2218 175
5402 4906 176
2815 2181 177
98 5716 178
3204 1900 179
3293 1918 180
5782 5453 181
5950 3671 182
2097 1572 183
1014 3983 184
4991 3676 185
758 1440 186
3325 3253 187
3793 3725 188
3670 4369 189
1172 4963 190
6256 4009 191
1335 77 192
4837 1143 193
311 2294 194
3697 499 195
5477 5182 196
4025 162 197
2992 4773 198
918 6116 199
1872 2744 200
1586 3456 1
3949 4155 2
1744 4630 3
5911 2844 4
4335 6084 5
4858 669 6
5721 303 7
1837 4781 8
2143 797 9
4054 2978 10
1151 6357 11
5045 5205 12
5139 6030 13
2453 179 14
3155 5933 15
5859 6058 16
4142 58 17
6077 6107 18
3886 25 19
6150 1488 20
6478 1232 21
5296 4466 22
5495 3362 23
6495 1352 24
5865 2270 25
68 2641 26
5443 1651 27
5437 2582 28
3038 5223 29
5356 1628 30
3436 2125 31
3134 214 32
6332 210 33
2710 624 34
1002 692 35
638 464 36
4672 101 37
1266 980 38
1715 218 39
2023 6280 40
6328 2746 41
4557 4908 42
5911 2551 43
4833 2698 44
923 4600 45
3836 5635 46
6228 1686 47
1847 1167 48
4368 2089 49
365 1266 50
5234 3771 51
4979 4528 52
3136 1553 53
457 3509 54
3663 3510 55
2781 3346 56
2509 5863 57
2808 6482 58
147 1669 59
913 1967 60
1253 1148 61
3864 1569 62
6371 4469 63
1514 6119 64
1387 3307 65
767 4503 66
4414 656 67
2599 5080 68
817 1134 69
6458 4960 70
5050 5095 71
3220 3702 72
6183 2307 73
5501 3572 74
2803 2117 75
3982 5558 76
6377 4842 77
3835 5472 78
2151 5975 79
2393 1192 80
4417 6363 81
4878 4271 82
5745 2175 83
1122 584 84
449 363 85
6411 6052 86
2534 5106 87
508 2903 88
1109 3238 89
5976 197 90
6211 1311 91
6159 4166 92
1456 2422 93
1838 5827 94
1334 1719 95
6310 4912 96
4333 5290 97
5141 1801 98
4276 2383 99
2660 6032 100
2118 2234 101
3951 6493 102
5850 3251 103
1469 2358 104
1110 4999 105
1615 1165 106
4672 1249 107
5198 3466 108
5760 4131 109
1982 5039 110
4773 6420 111
5460 6376 112
4288 2694 113
823 5293 114
3229 5920 115
2524 6451 116
3598 5318 117
5898 1693 118
275 6346 119
6004 5992 120
5193 3809 121
1625 6088 122
5952 2722 123
4683 4864 124
3045 2262 125
3374 4118 126
5258 300 127
689 5259 128
2015 1992 129
5857 1639 130
5391 4458 131
211 1800 132
3783 3674 133
4125 1386 134
347 1178 135
5536 2594 136
4688 2693 137
6306 5470 138
1170 5236 139
3293 539 140
3350 1014 141
1317 691 142
216 1640 143
4146 6076 144
4452 5615 145
6082 3309 146
3079 816 147
1039 2398 148
2033 2597 149
2607 1136 150
4119 3434 151
1056 1183 152
2164 6302 153
1440 698 154
4015 3315 155
5728 3448 156
3690 189 157
2120 5812 158
4715 1541 159
4580 1381 160
4741 3620 161
2663 3186 162
1289 4355 163
5204 4276 164
5270 3064 165
603 4970 166
5004 4636 167
2361 878 168
776 2906 169
1851 4786 170
5545 2812 171
511 6266 172
4269 2696 173
2896 195 174
1308 1644 175
3680 4769 176
3056 3000 177
5909 1012 178
202 3057 179
1750 6170 180
2972 6103 181
2501 5824 182
205 2278 183
6500 2042 184
1658 4578 185
5372 5253 186
1328 4201 187
2761 5482 188
4793 1425 189
4489 196 190
5901 4160 191
4485 5695 192
800 4785 193
1530 3386 194
4984 2141 195
4181 2268 196
3914 241 197
2564 3331 198
1773 3219 199
5331 4714 200
5608 4540 1
2808 476 2
2604 2133 3
5697 5058 4
5068 5951 5
4350 2788 6
2070 3075 7
6431 6286 8
3124 699 9
1866 3017 10
3585 5501 11
4517 2531 12
2997 2331 13
66 5488 14
2205 246 15
4995 4715 16
6070 251 17
512 3576 18
2126 5669 19
6209 5069 20
131 3202 21
6308 4976 22
5213 2347 23
6297 754 24
5610 5092 25
5030 5119 26
3449 5599 27
1035 4317 28
3515 946 29
4905 208 30
5609 1873 31
6160 3266 32
6127 5586 33
5890 5622 34
2445 1771 35
5959 1250 36
4160 1094 37
2247 651 38
2726 5376 39
577 2566 40
1410 231 41
1559 1401 42
3527 236 43
1971 5310 44
4113 1824 45
4632 793 46
6281 5947 47
2980 2888 48
2982 5664 49
4564 3091 50
5790 3245 51
783 338 52
2067 4660 53
1081 641 54
2131 3351 55
5447 1189 56
5384 1621 57
2191 5909 58
3224 4710 59
3721 260 60
1239 1966 61
5299 4775 62
2975 4477 63
3607 1260 64
760 4904 65
6484 6016 66
616 46 67
212 2403 68
2684 2612 69
2172 1302 70
83 4685 71
1819 4078 72
2896 2956 73
2528 4764 74
2600 4379 75
3517 3850 76
1902 1259 77
6215 4066 78
3243 73 79
3666 2055 80
5891 5115 81
3280 235 82
354 2391 83
652 2571 84
5211 2837 85
595 3421 86
386 1722 87
1615 5435 88
3379 1334 89
306 1225 90
4677 4305 91
2581 1957 92
5403 1270 93
1357 436 94
2228 562 95
5828 2200 96
2636 2228 97
6476 4087 98
3011 3278 99
277 1042 100
