3700 3700 200
1850 2101 1
1473 2774 2
78 341 3
3254 1623 4
1843 1325 5
3313 1220 6
2554 2489 7
2956 2074 8
3032 3192 9
1245 542 10
3428 1422 11
543 1069 12
3644 321 13
895 1380 14
2997 1658 15
2429 2238 16
2432 889 17
44 2435 18
2098 3436 19
855 3301 20
1275 23 21
904 3684 22
974 1611 23
1641 1161 24
1601 2757 25
1357 1546 26
139 2608 27
2044 2346 28
2825 3355 29
2168 1857 30
81 8 31
1913 1421 32
1072 3521 33
2168 2064 34
2641 1983 35
301 2175 36
3244 2950 37
2033 1759 38
746 2520 39
2821 289 40
976 884 41
71 970 42
3472 986 43
499 372 44
2881 3194 45
3022 277 46
2891 900 47
660 3450 48
2316 3109 49
1789 2918 50
1432 1173 51
911 1854 52
2261 301 53
2048 458 54
2456 1966 55
3227 2936 56
3617 3584 57
2355 1942 58
820 2790 59
3120 261 60
1287 2054 61
1550 1247 62
2187 2138 63
1234 245 64
511 3087 65
3200 860 66
2847 320 67
1915 3639 68
1720 2297 69
501 997 70
2917 3111 71
1606 2589 72
466 696 73
2321 965 74
1580 2041 75
3525 2528 76
1059 3628 77
2823 865 78
3200 2207 79
3472 575 80
2552 2085 81
597 1601 82
2416 1822 83
3346 2425 84
1819 764 85
1175 2065 86
2995 43 87
2581 2972 88
2399 2406 89
3405 3220 90
1317 276 91
2978 3105 92
1289 3694 93
2453 166 94
2983 2858 95
568 3261 96
3153 2994 97
53 3697 98
472 470 99
556 1659 100
3323 2785 101
575 2203 102
2713 2748 103
2404 1498 104
3658 624 105
107 3305 106
46 2949 107
1170 396 108
1819 1767 109
3065 368 110
1848 1673 111
597 1974 112
2099 53 113
2436 423 114
3247 2222 115
2128 2066 116
2907 746 117
1193 3672 118
2357 553 119
1909 1350 120
1864 1965 121
1798 3051 122
48 2114 123
1251 3474 124
449 235 125
3658 1855 126
679 3160 127
102 2798 128
1451 1935 129
1714 2384 130
347 737 131
20 947 132
3640 1773 133
2848 1511 134
1048 3599 135
2523 491 136
3478 949 137
956 3212 138
370 827 139
2580 2800 140
2894 896 141
1693 2139 142
1386 1836 143
379 533 144
1092 3117 145
1241 72 146
3255 1245 147
1098 2660 148
790 2454 149
1320 3253 150
3536 567 151
802 1332 152
910 518 153
1250 3465 154
1377 619 155
1802 2923 156
650 2623 157
3476 3330 158
768 1144 159
3364 1682 160
134 162 161
1058 263 162
1814 2999 163
2046 1046 164
218 2761 165
2063 369 166
3267 254 167
1284 3528 168
1708 977 169
1352 3418 170
2032 3553 171
2033 405 172
1187 3245 173
3142 2035 174
597 1075 175
1942 519 176
88 1625 177
1517 453 178
3036 742 179
1359 118 180
3253 2443 181
41 801 182
2267 3129 183
1792 151 184
3656 736 185
1348 2208 186
1950 1296 187
1680 300 188
3244 46 189
2822 3004 190
284 132 191
2622 2914 192
1239 3320 193
2257 3297 194
3471 758 195
3267 78 196
3590 2189 197
1364 2480 198
1072 501 199
136 3469 200
196 3624 1
2014 1048 2
2670 3451 3
2039 869 4
2386 1246 5
803 3097 6
477 999 7
2805 3666 8
1977 2373 9
1810 104 10
3005 92 11
1870 2146 12
2176 3020 13
1240 1934 14
1418 1790 15
2902 384 16
209 1522 17
2809 2993 18
562 1287 19
1854 1464 20
67 698 21
3363 3227 22
2151 1293 23
3658 3255 24
844 1865 25
2338 40 26
3266 2870 27
647 3017 28
2715 3102 29
1144 3696 30
900 1762 31
882 2890 32
2120 1547 33
159 798 34
2768 3290 35
662 1595 36
2806 3585 37
1421 1449 38
2399 2349 39
124 1775 40
1329 411 41
2580 510 42
538 2410 43
2264 1730 44
2177 2599 45
3373 1645 46
2942 2540 47
2997 1465 48
1495 3416 49
482 2714 50
20 1717 51
3244 3658 52
3217 1244 53
2788 3101 54
465 3190 55
1003 265 56
3006 1118 57
1854 1728 58
240 2970 59
459 633 60
65 1079 61
342 379 62
1205 3230 63
283 2399 64
3423 1981 65
928 2942 66
3320 2423 67
1099 805 68
419 1615 69
2931 1863 70
339 94 71
1649 1096 72
2848 2096 73
177 1134 74
3670 2766 75
2979 45 76
2139 3185 77
904 3411 78
1909 870 79
3062 3036 80
2441 2103 81
602 2391 82
395 10 83
2405 898 84
2541 1524 85
3333 668 86
124 2943 87
427 1603 88
1379 2665 89
2290 2183 90
3195 2274 91
2283 3180 92
1883 1407 93
3588 1933 94
1418 2144 95
3217 962 96
299 2837 97
377 2926 98
860 34 99
2774 3417 100
2022 2871 101
1842 3064 102
2042 3328 103
1176 3306 104
186 2627 105
3018 1063 106
3590 37 107
3454 699 108
2320 1643 109
3687 1104 110
48 909 111
104 3092 112
766 1875 113
83 3189 114
1071 3393 115
3543 1249 116
1045 1608 117
295 2917 118
753 936 119
442 3407 120
575 2337 121
2318 1737 122
1209 3136 123
2485 3472 124
3069 1514 125
2674 2765 126
742 3096 127
1501 2693 128
3362 1493 129
3524 733 130
2090 663 131
2436 1946 132
1487 121 133
3364 2552 134
2327 2077 135
48 2824 136
806 1093 137
1877 441 138
466 1967 139
2666 15 140
572 91 141
2687 230 142
1069 934 143
522 2417 144
632 2768 145
562 1650 146
119 2129 147
46 881 148
2423 787 149
3275 215 150
574 686 151
104 3312 152
2202 2386 153
3696 2987 154
1193 2446 155
1295 111 156
3036 1438 157
2605 1294 158
3166 3139 159
3384 1589 160
2149 1864 161
3401 364 162
1447 1386 163
2045 2481 164
1990 387 165
2288 2711 166
2119 1772 167
1411 1618 168
1832 2754 169
387 1224 170
2388 312 171
2442 3366 172
362 1856 173
1682 2925 174
3671 3596 175
3005 978 176
1918 3647 177
2542 2209 178
2387 1531 179
2126 144 180
544 2476 181
1594 2560 182
2283 990 183
2032 2194 184
2854 2512 185
627 1805 186
1323 1262 187
3187 1229 188
1426 2937 189
1248 3279 190
587 3317 191
548 2482 192
1222 305 193
90 1373 194
290 325 195
2494 1370 196
705 3084 197
2333 2318 198
1885 381 199
1890 1886 200
1213 2453 1
2521 1149 2
699 2648 3
3557 2229 4
2320 688 5
3630 3339 6
580 2291 7
3376 1444 8
1186 3162 9
2745 394 10
32 885 11
1739 2448 12
3126 2905 13
1203 1088 14
3696 2758 15
466 3026 16
961 1001 17
2455 3001 18
1431 3404 19
3255 3602 20
3110 1995 21
3062 1580 22
1648 945 23
3138 97 24
1225 3617 25
2224 1847 26
3226 718 27
2073 447 28
3386 1196 29
3401 2351 30
2404 229 31
1632 2091 32
3680 1515 33
1021 1963 34
79 3389 35
722 3113 36
3183 2595 37
190 316 38
518 2178 39
536 2033 40
1429 2710 41
918 748 42
2434 2686 43
951 44 44
2110 2897 45
1058 2712 46
75 1923 47
2620 2244 48
3343 1131 49
1982 944 50
1390 269 51
2694 3644 52
1703 3085 53
3642 12 54
2098 363 55
2423 735 56
905 1452 57
3244 3551 58
1229 2412 59
2058 1860 60
733 2130 61
1436 2605 62
3082 1414 63
1089 3486 64
1473 69 65
1674 160 66
1290 3560 67
1798 2883 68
1201 2289 69
1212 3620 70
2296 3537 71
256 1390 72
2123 2176 73
3659 3325 74
2464 2069 75
2771 2186 76
2571 2082 77
783 1250 78
476 2853 79
3083 3650 80
2867 2401 81
117 2850 82
2757 1733 83
393 2699 84
177 2782 85
2681 2598 86
1668 3463 87
1548 2153 88
593 3208 89
2238 3298 90
1580 87 91
118 474 92
3669 2422 93
2276 3316 94
521 2193 95
33 1766 96
2411 2929 97
2620 3643 98
2284 3115 99
3428 2809 100
8 3503 101
3062 3215 102
2550 2447 103
165 1282 104
3639 59 105
2783 2878 106
831 248 107
64 2477 108
1443 2564 109
1649 1056 110
3058 1429 111
2379 2507 112
885 1353 113
3551 1898 114
1650 1366 115
1632 1481 116
2536 3223 117
7 82 118
1155 3319 119
544 358 120
1775 1092 121
1383 1387 122
3311 2461 123
1130 596 124
3680 3183 125
2842 443 126
2614 1499 127
3657 2733 128
3602 1928 129
1925 2478 130
675 1696 131
3047 1094 132
1098 1677 133
282 3299 134
302 2173 135
473 3103 136
2436 1907 137
3518 2365 138
435 2105 139
562 39 140
1215 86 141
2902 2669 142
570 2706 143
783 693 144
2776 3140 145
3539 38 146
3058 1055 147
2441 2857 148
3585 224 149
3227 2273 150
3601 3678 151
2320 966 152
1810 3700 153
1854 1631 154
433 2126 155
1915 561 156
2934 1712 157
1168 3286 158
3155 582 159
3567 1788 160
648 1512 161
373 1138 162
1378 1891 163
3343 327 164
1135 1235 165
2538 1732 166
1232 77 167
3058 1545 168
157 2421 169
2173 1323 170
111 55 171
3474 190 172
1343 1469 173
1699 2462 174
3633 2036 175
1658 2171 176
71 3461 177
493 629 178
95 2372 179
2846 2531 180
1140 1910 181
220 2449 182
3441 2685 183
624 2537 184
2436 1280 185
480 2345 186
348 2559 187
2925 3344 188
2512 1300 189
196 2168 190
1279 1278 191
3262 3015 192
832 559 193
615 1274 194
653 489 195
1251 512 196
2039 1573 197
860 508 198
3551 1239 199
897 942 200
3669 878 1
498 552 2
1329 1612 3
6 416 4
302 1059 5
2781 1012 6
832 1620 7
3103 901 8
3642 467 9
3543 3457 10
1874 481 11
1083 1894 12
2114 563 13
3262 497 14
2834 1078 15
933 2717 16
1866 755 17
1419 330 18
3287 1735 19
3674 831 20
2606 2536 21
192 1006 22
2891 1026 23
1356 3186 24
2457 3549 25
1741 271 26
3394 1990 27
663 3437 28
1201 1154 29
2541 1126 30
1336 2445 31
1201 2005 32
3347 2258 33
3280 3371 34
120 3522 35
902 16 36
1311 375 37
1352 703 38
2014 1720 39
3695 1403 40
749 478 41
2973 3412 42
3420 339 43
806 655 44
2909 3197 45
191 1598 46
3111 1028 47
2010 2796 48
681 1102 49
285 1634 50
574 64 51
575 2735 52
147 2250 53
3687 2701 54
2789 2613 55
3251 1394 56
620 3231 57
759 2409 58
1284 2567 59
1914 2008 60
955 3488 61
1852 120 62
3467 2151 63
2039 2750 64
1927 2737 65
2143 1299 66
2902 2642 67
1646 3448 68
3456 3130 69
1142 615 70
83 2079 71
2259 1198 72
1151 3010 73
36 579 74
3158 2206 75
462 3158 76
3090 2973 77
679 623 78
1379 2159 79
1163 2631 80
797 170 81
2898 3267 82
813 3398 83
675 2257 84
1135 1597 85
3667 2100 86
2168 1077 87
2862 2579 88
348 1073 89
338 3569 90
3669 2670 91
3659 84 92
79 914 93
489 2299 94
3492 461 95
2485 1354 96
299 2042 97
2329 2902 98
1241 3081 99
850 917 100
3376 1361 101
148 3495 102
3196 2622 103
821 1873 104
2394 2501 105
469 3607 106
2485 683 107
1705 2432 108
722 1948 109
442 573 110
1687 371 111
2507 1155 112
1056 2011 113
1605 3141 114
1095 85 115
439 292 116
992 1572 117
893 1554 118
1042 2311 119
1091 349 120
519 817 121
2067 3238 122
3287 2068 123
973 2364 124
393 1034 125
2582 133 126
3489 1954 127
2296 3058 128
569 3308 129
251 2588 130
894 126 131
2039 1989 132
1377 1014 133
3089 2260 134
1361 1509 135
2997 2048 136
650 1341 137
3606 1841 138
176 3543 139
574 3679 140
286 1232 141
3063 775 142
3261 992 143
759 1212 144
1270 968 145
996 514 146
3362 882 147
1452 1937 148
3482 1479 149
2550 464 150
2854 1340 151
1270 3509 152
2776 684 153
3164 3000 154
1042 3621 155
2183 502 156
1809 3324 157
2643 2744 158
2673 1578 159
1168 1698 160
1747 1553 161
95 2414 162
1557 3358 163
2488 1111 164
845 794 165
3059 3068 166
1113 3508 167
3551 2485 168
3077 1184 169
871 2150 170
180 1405 171
311 2678 172
1524 68 173
1329 1538 174
448 1575 175
428 3292 176
1376 28 177
1816 2865 178
935 3165 179
1761 1317 180
3188 2321 181
3654 1377 182
2891 3627 183
647 739 184
479 554 185
2621 2584 186
211 1382 187
3308 83 188
2272 47 189
3166 1960 190
2547 2201 191
1692 2632 192
2794 1145 193
1269 2862 194
671 2822 195
2552 131 196
2119 3651 197
3094 618 198
1533 370 199
2935 3159 200
914 208 1
20 1132 2
3680 1697 3
2333 2551 4
1166 550 5
2907 1532 6
3105 938 7
398 96 8
2129 2867 9
3239 839 10
529 1902 11
1834 3544 12
656 1379 13
3439 2544 14
2261 329 15
295 1343 16
3472 398 17
1878 2795 18
124 304 19
1487 2956 20
3522 1085 21
141 2516 22
2506 3399 23
1343 3388 24
1158 2904 25
224 3070 26
2922 1668 27
1706 483 28
1872 804 29
2172 1171 30
2697 3631 31
2321 1383 32
3106 1062 33
423 283 34
1970 707 35
833 3545 36
79 1089 37
407 3237 38
2379 3606 39
3290 187 40
2571 2637 41
864 3067 42
2318 1646 43
433 3518 44
3006 1947 45
567 1207 46
3545 2921 47
2385 199 48
789 719 49
578 3500 50
3353 2532 51
1692 3056 52
2156 1506 53
1449 3353 54
546 961 55
1694 2413 56
3416 286 57
1343 759 58
273 3302 59
768 1874 60
1315 675 61
1701 476 62
1807 2911 63
240 3656 64
309 2119 65
3472 1378 66
714 1021 67
111 2958 68
687 3131 69
2098 2549 70
2278 585 71
3628 611 72
1999 808 73
3640 1978 74
3434 800 75
1600 1884 76
1378 2814 77
2789 2047 78
2048 1962 79
884 2050 80
1172 2886 81
2088 3151 82
2394 355 83
2793 983 84
2459 3677 85
2457 3234 86
3627 2962 87
1086 3634 88
1854 1901 89
3200 2018 90
1547 1016 91
2594 829 92
7 3603 93
2177 2230 94
2812 3379 95
217 2006 96
1948 1566 97
2110 3414 98
1164 1242 99
1185 3126 100
3244 1086 101
1604 879 102
2117 927 103
3169 326 104
260 351 105
973 2404 106
3655 1133 107
1239 1193 108
480 2367 109
1437 1119 110
3670 2221 111
2520 2315 112
1456 2647 113
3312 2607 114
1355 2029 115
1951 3207 116
2327 3260 117
2263 1157 118
234 101 119
1504 2200 120
1331 29 121
1806 2974 122
2322 2684 123
3551 1828 124
3172 7 125
686 940 126
1993 1988 127
489 3548 128
2167 2771 129
1700 3161 130
417 1944 131
2002 1549 132
1142 1418 133
441 1725 134
354 3164 135
2512 2009 136
850 2674 137
2666 2463 138
2472 3348 139
408 2762 140
742 3321 141
1934 3049 142
1576 2109 143
3200 3029 144
309 2494 145
2734 1289 146
3354 2123 147
1834 1925 148
2770 1302 149
789 1488 150
1839 3552 151
3680 436 152
2506 1076 153
2946 2106 154
3215 781 155
202 252 156
118 2612 157
1235 1688 158
393 134 159
1478 1859 160
1913 3083 161
355 473 162
1436 3086 163
2759 1137 164
913 1461 165
962 1596 166
2564 2268 167
1144 3622 168
1659 223 169
1000 2374 170
3001 613 171
1891 2427 172
1833 3690 173
1996 1025 174
3643 141 175
1877 3610 176
3244 2691 177
3441 1557 178
578 2430 179
3135 2387 180
1560 3093 181
3674 3594 182
2190 1015 183
1650 1186 184
3215 3153 185
936 2776 186
3316 154 187
173 3198 188
1139 3576 189
1495 2436 190
2248 1450 191
3491 1070 192
1295 960 193
3569 3170 194
3257 2615 195
1875 606 196
2112 2312 197
358 1122 198
2349 2515 199
2018 191 200
1207 2621 1
71 3588 2
375 2043 3
2672 1419 4
905 3665 5
1798 850 6
1798 1227 7
2926 3082 8
2143 3184 9
1611 2328 10
1458 1385 11
1109 2619 12
3546 161 13
2581 1669 14
600 25 15
193 3219 16
3441 1918 17
3044 62 18
1622 1037 19
1313 2051 20
1080 1576 21
267 2086 22
833 2517 23
2869 3600 24
2488 1441 25
3619 1786 26
419 2975 27
1673 3259 28
1138 2954 29
488 1052 30
659 456 31
2802 2300 32
3516 3498 33
1239 2550 34
2823 1713 35
3669 3515 36
3536 1058 37
375 117 38
664 974 39
1678 1672 40
948 3258 41
2035 1776 42
731 762 43
2333 1629 44
759 1521 45
688 3471 46
2933 1503 47
1954 818 48
3014 1731 49
74 721 50
428 838 51
551 1794 52
802 1709 53
994 2084 54
1438 3322 55
475 376 56
653 581 57
1343 3493 58
3384 1996 59
1423 214 60
354 1800 61
683 3561 62
3300 1195 63
1440 725 64
3404 79 65
1562 599 66
465 2662 67
683 347 68
2692 3014 69
580 2440 70
830 1050 71
2046 175 72
2392 3249 73
2536 3123 74
2411 2284 75
3394 2995 76
2849 2134 77
1940 1964 78
622 3369 79
1715 309 80
1828 2236 81
75 1848 82
490 3166 83
3609 2609 84
2995 2650 85
2639 2746 86
114 2265 87
1996 3112 88
2477 284 89
2620 1213 90
3489 3090 91
2098 345 92
3695 2363 93
2374 1952 94
2390 1624 95
753 1838 96
261 720 97
375 593 98
2919 3171 99
224 3490 100
2560 1080 101
1368 1539 102
1839 3147 103
570 2359 104
2846 994 105
747 3270 106
3468 3133 107
1815 1787 108
3628 2793 109
3229 887 110
2964 625 111
748 1283 112
3250 3024 113
2600 866 114
2698 2076 115
354 572 116
938 1530 117
2918 1647 118
2040 2852 119
2437 106 120
2581 1486 121
2054 3276 122
2333 1268 123
101 2721 124
2476 1346 125
691 1602 126
1465 951 127
3551 462 128
3188 1121 129
217 2235 130
46 709 131
2040 1961 132
2983 636 133
2179 11 134
2292 3597 135
2768 2234 136
2753 3222 137
1576 3287 138
3472 3226 139
1228 2358 140
777 1412 141
350 2988 142
2999 2099 143
2094 122 144
2123 3542 145
510 1868 146
3138 1542 147
1034 2072 148
382 741 149
1616 3043 150
1783 1167 151
65 1582 152
3029 973 153
2661 1806 154
3340 451 155
832 357 156
2864 2832 157
1871 81 158
2087 3216 159
2815 2376 160
2621 3481 161
2040 513 162
2774 846 163
2506 250 164
1514 3527 165
2536 2651 166
3320 2245 167
2409 1068 168
1287 511 169
3299 3526 170
974 786 171
3462 3454 172
1331 664 173
3111 20 174
2055 677 175
3169 2961 176
1566 812 177
2550 2606 178
2440 3094 179
2429 1724 180
2793 1291 181
3264 2148 182
2909 1139 183
3682 3313 184
2272 3558 185
1678 1861 186
295 3062 187
1071 1748 188
3402 2396 189
702 2198 190
3687 2007 191
529 1816 192
1777 2169 193
249 1526 194
3516 620 195
2261 2219 196
1479 1663 197
120 1607 198
860 2172 199
2473 1439 200
2671 2195 1
3653 1420 2
1245 1321 3
2439 2503 4
1919 2326 5
861 904 6
3362 3646 7
3009 2641 8
3264 2553 9
2078 1584 10
2264 1985 11
1314 2032 12
3025 765 13
2496 390 14
996 3243 15
3563 3661 16
1401 2866 17
1594 2676 18
256 2046 19
3189 472 20
2890 3406 21
371 2428 22
1134 1397 23
3589 4 24
3441 24 25
3290 3547 26
3420 1359 27
3637 3447 28
496 2223 29
624 756 30
1643 2895 31
3416 1823 32
3634 888 33
2313 231 34
1177 2900 35
2365 1202 36
2025 3367 37
1369 924 38
1230 1100 39
3357 1525 40
2049 172 41
1448 164 42
2669 1399 43
2391 2204 44
1928 1849 45
789 1230 46
1440 744 47
1927 2833 48
177 3538 49
849 1219 50
3089 912 51
1240 3177 52
348 246 53
1999 1120 54
3172 1703 55
1311 3497 56
2955 673 57
741 713 58
57 1109 59
2850 2335 60
2708 2180 61
3320 417 62
2454 1199 63
254 1507 64
1876 2561 65
1595 1236 66
2836 3458 67
948 2547 68
3250 1972 69
1189 1678 70
2408 1459 71
1533 1581 72
1996 1813 73
3505 588 74
610 2927 75
608 407 76
3346 365 77
2265 2220 78
3166 3188 79
939 2025 80
263 1959 81
2702 3505 82
41 2122 83
790 1792 84
2290 972 85
1491 2570 86
3057 1685 87
141 2156 88
1343 529 89
3110 3520 90
2889 426 91
462 3377 92
2999 2167 93
3659 2523 94
2447 1785 95
1520 2499 96
1894 492 97
3696 543 98
1314 1877 99
1927 1670 100
22 506 101
2120 906 102
3601 19 103
1364 1281 104
1245 2860 105
3200 3048 106
2801 3283 107
183 2232 108
3262 1674 109
267 56 110
3551 1763 111
1567 932 112
1343 597 113
3631 1908 114
1419 2682 115
2705 1555 116
2700 3304 117
2830 1335 118
1426 937 119
759 527 120
2564 3211 121
1681 587 122
2254 1769 123
1116 1338 124
976 2442 125
2175 2483 126
2188 1011 127
1355 419 128
2617 1306 129
3585 2163 130
3033 2751 131
2192 2352 132
1496 268 133
3227 1165 134
436 2791 135
3181 2323 136
728 446 137
3111 2689 138
915 2419 139
1560 2388 140
2764 3477 141
377 747 142
797 2298 143
182 584 144
1546 1038 145
395 3640 146
111 919 147
1974 816 148
945 195 149
627 1780 150
403 851 151
574 3590 152
176 63 153
1705 1311 154
1472 2928 155
735 221 156
459 3579 157
2455 3202 158
783 353 159
723 88 160
810 143 161
510 1200 162
1421 853 163
2849 3246 164
2939 3310 165
2694 356 166
3076 1694 167
3267 3387 168
900 3612 169
2402 2575 170
1275 251 171
1298 3506 172
1391 1090 173
1915 2506 174
3079 3524 175
2411 2240 176
656 1656 177
3279 2455 178
795 2247 179
748 2548 180
3482 1381 181
1750 1520 182
2446 203 183
199 1257 184
695 3327 185
2793 2604 186
1144 3345 187
1806 3605 188
348 1951 189
1233 2842 190
191 2534 191
567 3459 192
786 2640 193
2224 921 194
1314 3429 195
2414 2522 196
321 403 197
1045 1705 198
918 833 199
2503 532 200
2895 1926 1
767 3577 2
2728 1169 3
3303 1569 4
1580 1336 5
1556 2880 6
1880 1312 7
2482 1252 8
1436 1054 9
1343 3250 10
20 89 11
2464 662 12
3337 176 13
2283 1992 14
2432 278 15
1858 3046 16
3047 1702 17
786 2256 18
1624 2278 19
282 3536 20
1698 2705 21
89 1315 22
947 360 23
295 918 24
2395 1556 25
3658 1866 26
683 2888 27
1557 568 28
1674 1679 29
490 156 30
2408 1632 31
479 1654 32
738 2472 33
1208 964 34
1914 595 35
1031 2471 36
1171 905 37
1182 1715 38
1329 236 39
2375 2747 40
181 1808 41
3244 562 42
1095 3462 43
3482 1798 44
1503 3235 45
1752 427 46
1819 2576 47
929 2556 48
528 1484 49
638 1559 50
441 450 51
2207 1022 52
918 1913 53
594 2202 54
522 2306 55
2806 956 56
3658 282 57
1528 123 58
1238 641 59
3512 293 60
1807 2558 61
342 3300 62
2628 1256 63
3180 558 64
1107 1376 65
2386 138 66
2788 1116 67
1269 894 68
359 27 69
765 1744 70
1239 302 71
3255 3630 72
1473 2519 73
2488 2118 74
1993 867 75
379 2819 76
3338 2342 77
1078 1517 78
475 194 79
3676 600 80
2245 1042 81
166 648 82
3349 3396 83
2863 2196 84
3134 3372 85
1555 3069 86
1431 2152 87
1449 2909 88
2296 2680 89
2654 3391 90
2131 2277 91
188 331 92
2065 1460 93
505 1146 94
527 1899 95
2349 2405 96
2018 2488 97
2788 2713 98
3395 2881 99
1869 1636 100
173 442 101
2609 1467 102
3262 159 103
2173 1870 104
574 1862 105
2120 1453 106
2830 1979 107
1560 3314 108
2940 3554 109
2491 1606 110
3094 3 111
3083 2524 112
3643 3525 113
3391 1027 114
1747 1494 115
609 2677 116
1237 692 117
1489 953 118
2644 1738 119
4 2056 120
3244 2877 121
2974 127 122
1238 41 123
3374 3423 124
2891 2305 125
3087 3529 126
2161 2780 127
2032 589 128
2617 810 129
1653 3383 130
608 2591 131
3235 130 132
1195 1178 133
2262 1172 134
738 1671 135
1757 2317 136
2296 169 137
1183 2815 138
209 2845 139
37 1544 140
2720 763 141
3274 3271 142
662 475 143
498 1831 144
2869 2759 145
268 1216 146
3462 359 147
499 3364 148
3472 3674 149
822 1490 150
2272 3361 151
2886 3148 152
1597 2510 153
870 2884 154
362 428 155
3378 1217 156
2458 2625 157
3340 2823 158
1632 2182 159
2508 2218 160
3287 621 161
944 750 162
1297 1347 163
780 899 164
2790 1635 165
1411 809 166
3386 1971 167
165 2227 168
1311 2951 169
2225 3334 170
3472 2248 171
762 2941 172
1951 2166 173
1130 2770 174
1009 2527 175
1495 1692 176
1618 2270 177
1594 819 178
3152 50 179
1715 2397 180
3547 1957 181
3555 952 182
2579 404 183
1610 308 184
3653 105 185
2207 834 186
2969 1740 187
3345 1277 188
3616 1826 189
702 3137 190
556 946 191
1204 2334 192
2055 3013 193
3090 979 194
1515 771 195
1001 601 196
2397 3572 197
1667 3669 198
2652 1528 199
2485 488 200
2 2205 1
1106 273 2
1166 3274 3
3513 2874 4
354 1462 5
3478 324 6
725 1017 7
1343 366 8
2891 1758 9
3095 948 10
2404 843 11
1779 622 12
3350 3045 13
911 3157 14
766 1351 15
3227 2155 16
960 287 17
2961 2813 18
1811 18 19
1085 2661 20
1242 3613 21
874 1367 22
3674 1915 23
1909 3182 24
624 679 25
2067 1690 26
3643 1181 27
1475 3174 28
83 2254 29
1521 2594 30
1576 3120 31
3561 3037 32
1292 332 33
264 1579 34
2768 555 35
2955 2433 36
556 1797 37
2087 3350 38
3015 1019 39
537 3229 40
3269 479 41
381 3467 42
2997 3402 43
282 2554 44
1655 790 45
833 1491 46
526 1897 47
2570 54 48
2983 1833 49
2682 1228 50
1916 1777 51
1422 3499 52
438 710 53
1706 2828 54
1122 186 55
1601 1706 56
3552 1415 57
2964 1194 58
1951 1031 59
2168 1622 60
2320 3482 61
462 2679 62
2399 1953 63
3320 2383 64
627 1328 65
3453 2073 66
1425 3007 67
544 2343 68
1960 1318 69
2542 2851 70
1028 2341 71
347 666 72
1296 3609 73
2149 3424 74
499 1135 75
2671 2979 76
1434 1722 77
3567 1627 78
1392 255 79
597 2469 80
1800 2989 81
2076 3098 82
3427 2938 83
3164 466 84
2995 2788 85
901 2633 86
2486 1237 87
2423 657 88
861 1922 89
1102 2000 90
638 1349 91
3676 2338 92
1121 2673 93
2881 3228 94
2045 386 95
2248 2314 96
2484 1764 97
2290 2468 98
2053 201 99
2437 2063 100
2600 594 101
2841 3065 102
840 1106 103
2227 1049 104
2822 3023 105
3519 3080 106
2606 971 107
321 150 108
3154 1799 109
1287 3365 110
3276 3625 111
1359 2687 112
1489 2003 113
295 3244 114
1887 294 115
1419 303 116
1471 155 117
812 1711 118
118 408 119
389 3199 120
1815 1590 121
282 3512 122
1290 2075 123
3376 3242 124
286 3221 125
1042 3478 126
2234 3077 127
2827 274 128
3058 3452 129
1177 3293 130
2991 1570 131
3279 2394 132
2037 100 133
832 2971 134
511 580 135
2266 3582 136
3450 1424 137
917 3018 138
1689 192 139
469 1523 140
1852 1563 141
191 1516 142
802 435 143
463 3342 144
2464 2192 145
2334 2013 146
1158 3671 147
3509 897 148
96 2855 149
1927 544 150
2497 21 151
3604 429 152
3536 2511 153
785 687 154
2162 70 155
3131 242 156
1495 2535 157
3269 2381 158
2877 149 159
2805 3680 160
2978 3408 161
1405 217 162
156 1345 163
1915 1327 164
2119 1765 165
3231 2437 166
660 1259 167
830 480 168
1456 2982 169
283 2658 170
2824 9 171
1028 2441 172
2168 2985 173
2529 2474 174
2479 669 175
52 617 176
1807 2709 177
3679 494 178
1067 1401 179
1121 1642 180
3383 2239 181
714 1879 182
1175 262 183
34 2753 184
1667 671 185
205 3510 186
3405 569 187
1080 1425 188
44 3336 189
2715 1275 190
1168 1158 191
1850 566 192
1287 413 193
32 2174 194
1601 13 195
2758 1885 196
325 1588 197
607 425 198
1440 3076 199
840 2083 200
1248 1084 1
3593 1352 2
1990 1639 3
286 1476 4
1327 498 5
3655 1057 6
1407 457 7
3461 311 8
3164 659 9
2099 1007 10
1943 1881 11
2072 3002 12
2143 3149 13
293 1858 14
2744 2821 15
2477 682 16
2891 2097 17
817 1128 18
2942 1592 19
3604 1818 20
1324 2940 21
1116 1097 22
632 2290 23
253 267 24
1930 1939 25
2896 943 26
1440 1004 27
2877 2666 28
1580 2264 29
610 3257 30
3679 1880 31
1779 2596 32
1172 270 33
2087 1843 34
3457 1371 35
157 591 36
2874 852 37
2469 1 38
3087 1241 39
2636 3432 40
3364 1641 41
3250 2805 42
2031 1457 43
134 1695 44
524 3205 45
2205 701 46
2620 2110 47
628 26 48
2455 722 49
956 1355 50
20 556 51
2404 163 52
60 35 53
177 60 54
3089 1067 55
2670 577 56
1021 1888 57
2981 2945 58
2643 667 59
355 2784 60
2874 824 61
1081 3042 62
287 1362 63
1936 1906 64
717 2944 65
1421 770 66
3255 3626 67
2055 1872 68
3343 1156 69
992 3282 70
2806 539 71
2149 2807 72
216 1030 73
1073 1458 74
3405 291 75
2666 2379 76
2985 1834 77
658 1616 78
2203 2715 79
2188 2135 80
2822 2362 81
2835 1223 82
399 2231 83
1343 3420 84
662 1124 85
395 281 86
1350 3446 87
1526 3012 88
783 1270 89
302 2638 90
1399 1699 91
3336 3660 92
3062 2052 93
1487 3589 94
3128 1176 95
2279 1288 96
1147 1938 97
1297 1640 98
176 2434 99
135 1374 100
2374 2586 101
359 2838 102
1371 3380 103
2802 590 104
1588 871 105
1348 298 106
1163 3347 107
59 571 108
1591 455 109
2125 220 110
1035 1662 111
783 2310 112
2682 272 113
2899 2004 114
142 3277 115
995 1811 116
3257 2473 117
1900 3530 118
3244 499 119
2004 654 120
2806 48 121
3642 3699 122
2288 1664 123
580 99 124
455 2019 125
3674 465 126
2947 627 127
1645 3616 128
1978 873 129
2770 2514 130
972 1903 131
3290 2593 132
1825 1564 133
1691 1955 134
466 2910 135
867 1782 136
3290 2261 137
1891 3071 138
296 761 139
2393 826 140
310 1024 141
1692 1162 142
3509 1233 143
3032 153 144
3384 907 145
1923 678 146
2673 2526 147
3015 3331 148
1262 2738 149
1526 1398 150
1875 975 151
3095 2177 152
2274 2380 153
3013 939 154
3067 484 155
148 3668 156
3480 2624 157
3393 3132 158
519 1396 159
2076 2752 160
3345 603 161
1082 2021 162
3429 3604 163
2476 3608 164
711 2953 165
1822 941 166
3377 2259 167
389 2237 168
695 1508 169
84 504 170
163 2329 171
187 2557 172
1530 576 173
179 2418 174
2098 1408 175
3013 2745 176
1361 2695 177
450 1604 178
102 210 179
936 1430 180
1718 2475 181
2934 2743 182
329 3236 183
2641 828 184
713 959 185
1692 3559 186
3364 107 187
3089 536 188
698 58 189
1182 3303 190
489 260 191
109 1363 192
562 2087 193
1813 3284 194
838 991 195
1601 3114 196
2622 335 197
174 3384 198
3384 1140 199
2587 3598 200
1381 1701 1
2411 1911 2
1045 139 3
951 1819 4
1328 3655 5
2597 352 6
3467 2794 7
136 3681 8
1287 310 9
1098 1760 10
79 317 11
3037 2308 12
3362 171 13
2290 3405 14
2751 2818 15
2423 2088 16
2375 886 17
2525 1912 18
2033 674 19
2476 2831 20
3018 119 21
3261 2991 22
249 1909 23
3647 995 24
1181 650 25
3135 3519 26
2724 1043 27
2568 3517 28
1794 2789 29
3667 1356 30
2397 1741 31
2702 1117 32
1915 1159 33
2494 98 34
762 1986 35
2653 1878 36
597 3150 37
1005 564 38
1241 3443 39
1670 3568 40
3408 257 41
1219 3075 42
1381 930 43
1080 757 44
1655 2390 45
838 285 46
1282 2901 47
2709 3193 48
1266 207 49
1834 779 50
1599 2924 51
1314 3386 52
2234 1950 53
2600 196 54
910 3187 55
1187 1591 56
1536 2121 57
3083 3641 58
3121 3280 59
1301 2597 60
3244 2573 61
672 521 62
1459 3484 63
197 2779 64
3140 2302 65
440 346 66
2173 2734 67
1076 3419 68
3323 2581 69
1436 2325 70
543 958 71
1542 3100 72
426 2656 73
3389 1163 74
2799 3637 75
398 1071 76
2272 3121 77
3020 3440 78
3463 1652 79
526 702 80
3642 931 81
1923 1845 82
1147 784 83
411 2402 84
2192 3181 85
1931 206 86
529 1657 87
1064 2382 88
87 17 89
694 3035 90
2477 598 91
615 2630 92
3137 3556 93
1854 3354 94
3451 863 95
2891 729 96
3037 3638 97
2877 2061 98
2941 1840 99
2320 1431 100
731 259 101
3626 3225 102
3119 2491 103
2925 2089 104
578 2729 105
1751 609 106
1864 1231 107
842 1214 108
3043 1255 109
555 2142 110
2087 2922 111
717 3110 112
3279 3055 113
3589 3053 114
1378 2688 115
1858 925 116
1988 1745 117
1807 2251 118
3237 1704 119
486 769 120
3492 2990 121
2226 2332 122
755 1105 123
759 2293 124
2028 3122 125
1655 916 126
2544 1943 127
354 1180 128
233 2724 129
239 2889 130
1189 378 131
2333 3206 132
1649 1066 133
85 2719 134
1927 420 135
3181 2563 136
947 644 137
90 3649 138
3110 1316 139
833 2835 140
866 2876 141
1430 2903 142
226 2742 143
1232 640 144
2370 3476 145
973 2366 146
1587 1829 147
2824 1949 148
2474 3063 149
977 3233 150
2439 3074 151
923 3309 152
1942 2131 153
3646 2154 154
1175 2429 155
2400 694 156
1558 2600 157
1166 228 158
1894 767 159
156 1752 160
1813 2490 161
304 418 162
2768 152 163
3200 632 164
767 2803 165
3554 981 166
1066 2696 167
3305 2225 168
2488 3019 169
610 1814 170
156 3088 171
1194 1483 172
2560 157 173
465 793 174
2998 2568 175
2939 2577 176
3493 3434 177
1605 500 178
3200 2070 179
1588 1660 180
166 1743 181
334 3044 182
283 3501 183
2601 3073 184
885 822 185
2151 3562 186
3131 1127 187
3239 1548 188
147 2907 189
1748 3278 190
2907 2992 191
3658 2827 192
3179 2861 193
3062 2283 194
624 2389 195
711 1932 196
1984 3375 197
2022 1211 198
3200 1830 199
3607 184 200
720 3288 1
3269 3362 2
2987 697 3
870 1519 4
2190 832 5
753 969 6
2590 545 7
789 2055 8
2915 998 9
2254 876 10
3425 2718 11
1907 2058 12
1294 2246 13
309 1739 14
134 785 15
3245 1471 16
1800 2108 17
2821 3614 18
1877 2653 19
3247 264 20
3061 1505 21
253 1434 22
3290 1930 23
427 1976 24
1233 168 25
1657 3168 26
3220 3381 27
1900 432 28
836 3038 29
2768 910 30
3400 2977 31
3482 855 32
510 2602 33
3638 452 34
1186 2585 35
3058 3439 36
928 1594 37
1673 449 38
1343 1045 39
1017 3175 40
220 1023 41
3212 1191 42
2540 586 43
3541 922 44
2317 1571 45
1543 314 46
1187 2212 47
1251 328 48
1468 3573 49
198 2370 50
1175 193 51
2891 849 52
1485 2894 53
3082 146 54
129 605 55
912 1404 56
802 1810 57
464 1036 58
2577 2127 59
1323 3374 60
571 3296 61
1183 2267 62
3200 1969 63
3456 3473 64
2655 2132 65
3058 3315 66
1695 340 67
3183 2228 68
908 1033 69
163 2572 70
399 3421 71
295 205 72
1969 2281 73
3207 2140 74
3258 2846 75
3269 1285 76
3600 3247 77
2086 1921 78
2687 988 79
605 1768 80
1741 3294 81
423 232 82
3646 2767 83
2611 1166 84
789 147 85
3251 2241 86
3337 2199 87
1270 3059 88
2890 1141 89
3627 928 90
3577 3673 91
2946 2702 92
770 1628 93
1666 3239 94
2996 181 95
3163 3425 96
2485 3516 97
3290 753 98
2525 3445 99
2161 3248 100
2674 2497 101
1398 66 102
856 3040 103
79 1793 104
3439 2983 105
1620 3390 106
3119 1290 107
2810 2294 108
1313 1846 109
2119 1755 110
7 3033 111
1477 1271 112
395 2276 113
715 2859 114
75 2102 115
1598 635 116
2439 3456 117
1179 2243 118
2453 344 119
419 30 120
1733 859 121
92 1018 122
3646 3021 123
2173 1583 124
2272 3039 125
2274 1413 126
3643 1839 127
1317 2331 128
1931 3142 129
1446 1791 130
1775 1368 131
1500 3688 132
1969 52 133
2442 583 134
850 3143 135
314 112 136
993 2215 137
1728 185 138
1701 142 139
2580 980 140
2339 1691 141
1909 3359 142
3235 2 143
53 706 144
34 2896 145
1301 3675 146
282 2296 147
3259 3041 148
2309 1310 149
1230 2723 150
2957 1689 151
2835 1489 152
2698 2657 153
1648 2031 154
2873 1456 155
749 877 156
1294 2873 157
395 2704 158
177 3435 159
2947 2416 160
1581 460 161
3140 1753 162
2298 1551 163
822 2692 164
137 1322 165
1045 3373 166
742 607 167
1607 2217 168
1994 2955 169
1407 113 170
2399 3079 171
1655 911 172
3637 3008 173
1936 2498 174
2469 890 175
3320 3089 176
114 2672 177
1144 695 178
3177 2592 179
3474 893 180
1530 730 181
2965 179 182
544 3050 183
818 2184 184
477 3427 185
205 211 186
3652 1304 187
1296 2920 188
1468 3195 189
3614 454 190
3360 920 191
674 2986 192
2042 1535 193
2819 468 194
746 319 195
2524 724 196
1068 2354 197
1868 1475 198
201 861 199
3259 1309 200
174 1783 1
1616 3108 2
1938 1700 3
3327 1795 4
7 1609 5
303 1454 6
731 1501 7
3656 2634 8
2143 1044 9
2109 714 10
1771 2812 11
59 815 12
3418 2451 13
353 1924 14
1139 2255 15
143 3491 16
56 3431 17
1270 3363 18
1137 535 19
623 32 20
2877 3169 21
2290 2538 22
476 2952 23
2574 2157 24
3209 1243 25
512 209 26
2339 1497 27
3474 565 28
3250 540 29
2167 690 30
1339 2730 31
49 807 32
304 3196 33
1601 1095 34
1357 3693 35
2265 2916 36
1235 2133 37
1957 93 38
3034 2495 39
3089 3337 40
962 1890 41
597 490 42
1705 3351 43
94 3028 44
1739 612 45
784 2618 46
2400 3464 47
1479 1008 48
2158 505 49
3364 3376 50
353 883 51
833 2403 52
961 3307 53
1313 6 54
2543 2179 55
1605 908 56
1343 3323 57
205 3163 58
46 1314 59
216 982 60
3089 338 61
2350 3403 62
2555 1445 63
299 754 64
2806 2933 65
2841 459 66
3207 788 67
3299 2620 68
3061 3470 69
2310 1513 70
2955 2727 71
2922 2931 72
488 802 73
2283 803 74
823 557 75
632 631 76
1721 645 77
1193 2998 78
912 2628 79
3340 732 80
434 2162 81
608 3146 82
1495 711 83
1784 2027 84
870 1426 85
1379 1087 86
2105 2868 87
1918 2165 88
605 2460 89
584 751 90
622 2946 91
197 1308 92
2130 1273 93
488 3332 94
1218 1621 95
3441 3438 96
529 1269 97
3188 382 98
2830 1750 99
3522 1099 100
1093 183 101
3014 486 102
2672 145 103
1914 2629 104
1093 777 105
2895 240 106
1927 2792 107
718 3201 108
141 1416 109
2925 2726 110
2842 135 111
1828 830 112
1279 837 113
111 3329 114
2428 367 115
1421 789 116
3243 840 117
1183 200 118
3644 2583 119
2674 1871 120
78 2285 121
2678 485 122
1879 2683 123
866 1917 124
3155 2026 125
2261 2725 126
143 247 127
2788 216 128
3276 1103 129
70 431 130
806 3155 131
2292 1749 132
2926 2664 133
2341 1369 134
1331 766 135
3238 3152 136
1189 136 137
2995 642 138
1039 929 139
1698 656 140
1969 1032 141
2842 734 142
1327 2125 143
1474 3466 144
2581 1210 145
806 836 146
3590 1319 147
1058 3468 148
3644 2578 149
912 2049 150
256 2411 151
163 1136 152
1894 3395 153
847 776 154
567 3574 155
1440 2438 156
3482 2288 157
1868 2816 158
911 1710 159
1653 1980 160
1421 1751 161
3638 2496 162
1235 2022 163
2165 1638 164
1075 3106 165
3274 3335 166
282 238 167
1692 2799 168
3153 1770 169
311 2304 170
1488 3611 171
159 2849 172
1053 2080 173
2860 297 174
367 691 175
833 218 176
2995 2400 177
753 2504 178
3013 2820 179
951 774 180
2537 2092 181
1177 2764 182
3050 2739 183
3376 773 184
436 2059 185
1218 1991 186
3531 515 187
1164 1827 188
1089 2681 189
3138 1610 190
3611 708 191
1655 2802 192
2136 2804 193
578 2843 194
3573 307 195
1197 1734 196
2031 647 197
3111 528 198
1269 1558 199
152 2385 200
3695 2836 1
3409 3030 2
1479 2053 3
905 74 4
556 2749 5
944 2915 6
45 3636 7
1354 717 8
2203 1789 9
1445 243 10
1054 129 11
3402 705 12
1510 933 13
3041 1330 14
93 2191 15
1834 438 16
2854 875 17
967 3539 18
3601 835 19
2894 1197 20
2040 2357 21
1239 2320 22
1182 2869 23
1675 868 24
1237 3632 25
1479 2611 26
147 1504 27
2303 2486 28
1064 275 29
2909 3176 30
3245 1215 31
2702 903 32
2649 1082 33
3364 57 34
3580 728 35
1095 3496 36
1329 1613 37
596 2541 38
3320 3682 39
947 2272 40
180 1984 41
1340 2452 42
488 3173 43
1762 1358 44
479 1675 45
759 103 46
661 2545 47
1237 1726 48
1336 1372 49
1805 3289 50
2740 2213 51
3319 2639 52
1789 3571 53
550 963 54
2091 2500 55
1558 1284 56
1404 3615 57
1411 743 58
588 3011 59
2078 616 60
1767 80 61
2061 704 62
292 444 63
28 2147 64
1756 383 65
2104 2313 66
282 3263 67
1807 1466 68
1596 1433 69
1557 2760 70
1054 3430 71
3202 2963 72
46 1182 73
555 336 74
3623 2107 75
1624 1254 76
3250 3240 77
2620 22 78
2644 3006 79
3220 1844 80
1414 3214 81
64 2104 82
3207 845 83
2054 3054 84
2288 3213 85
931 3060 86
2529 862 87
2179 820 88
1546 3570 89
3354 2529 90
1872 740 91
2550 1774 92
29 2967 93
1079 2124 94
955 1267 95
246 3179 96
2638 2610 97
5 2546 98
890 495 99
103 3241 100
2131 1605 101
3535 2348 102
3673 2375 103
982 1148 104
1641 1053 105
3643 2518 106
1565 891 107
2363 140 108
1985 3514 109
249 354 110
2917 1754 111
414 3275 112
362 296 113
3050 433 114
1413 1074 115
2234 2322 116
2397 2350 117
2318 1500 118
508 2216 119
2996 2731 120
3141 1060 121
1118 3502 122
2930 222 123
893 913 124
348 2316 125
2744 3460 126
217 2014 127
1142 950 128
2190 1264 129
540 2864 130
2454 3578 131
2308 1614 132
3569 1203 133
1225 3659 134
2098 399 135
3482 239 136
548 2601 137
124 1552 138
1853 639 139
2768 3224 140
973 2980 141
2057 445 142
724 3533 143
3448 2690 144
3469 2840 145
3434 2420 146
766 2617 147
2300 2626 148
2881 3311 149
1046 2912 150
1235 2643 151
1248 400 152
3218 3483 153
1052 2158 154
3473 1533 155
1264 1876 156
3120 1258 157
2891 1248 158
3558 1035 159
2061 993 160
907 409 161
1232 524 162
3290 2562 163
3637 2652 164
2987 2301 165
2739 1225 166
1187 1147 167
960 3449 168
3669 1303 169
3100 2555 170
2704 3091 171
940 797 172
2446 1684 173
2854 1945 174
3138 1895 175
675 2786 176
1086 2137 177
1812 3382 178
3190 2898 179
2050 3426 180
97 955 181
1918 1142 182
176 1633 183
2192 482 184
297 1896 185
2091 2115 186
1543 3254 187
1653 1177 188
1025 1837 189
3341 2968 190
2940 116 191
3617 2834 192
511 3104 193
2698 2143 194
1674 2024 195
556 749 196
2758 2081 197
398 3623 198
1048 1801 199
1805 2128 200
3024 2913 1
428 1599 2
904 3107 3
2199 3587 4
2583 3413 5
182 3116 6
3532 1218 7
187 2466 8
3062 2698 9
3637 414 10
434 1757 11
489 2525 12
2466 2732 13
297 234 14
500 2565 15
995 1101 16
2825 923 17
3194 795 18
2200 660 19
1884 3078 20
3147 1470 21
2159 3209 22
2769 1188 23
2125 1463 24
1833 1973 25
2586 3633 26
3266 2339 27
3295 676 28
2844 1260 29
2797 3145 30
2287 2569 31
48 3210 32
1840 2037 33
1649 2939 34
1999 108 35
240 1204 36
3573 1997 37
2054 2242 38
2177 241 39
1171 1529 40
1497 1005 41
3332 342 42
766 2020 43
2427 2252 44
2499 1253 45
2363 3034 46
1981 689 47
2285 1803 48
3089 114 49
3118 1201 50
2991 1644 51
1028 3360 52
3215 362 53
3186 989 54
1570 2078 55
881 2470 56
1458 531 57
3239 3156 58
3680 2095 59
845 1051 60
1499 541 61
499 2161 62
1666 1395 63
3456 3167 64
541 1091 65
393 177 66
632 2190 67
679 3662 68
1298 3664 69
373 102 70
2018 3591 71
544 2700 72
1238 350 73
2057 5 74
2508 1221 75
1698 2002 76
1919 996 77
2734 2424 78
1809 602 79
3064 3534 80
1852 1721 81
2247 361 82
1941 448 83
1852 2716 84
1319 1853 85
635 2360 86
3431 1344 87
270 1893 88
201 90 89
2793 592 90
3606 2582 91
1913 1666 92
184 874 93
3506 1815 94
1260 2899 95
2605 1064 96
2074 3532 97
249 1779 98
1478 73 99
1068 2893 100
1607 1477 101
1089 1329 102
3375 1298 103
2865 1428 104
3699 2377 105
2120 1342 106
171 2459 107
1120 856 108
2447 1565 109
3468 1455 110
1087 1940 111
2836 2368 112
2836 1417 113
2210 1427 114
1444 2045 115
3520 1061 116
883 1716 117
3287 2286 118
1591 1665 119
1405 2279 120
82 2356 121
2922 49 122
1073 672 123
1175 225 124
196 3095 125
3332 3601 126
2996 2863 127
766 847 128
3436 2327 129
1808 388 130
2002 1234 131
2753 3444 132
663 1478 133
1894 469 134
2929 2521 135
2347 2467 136
3393 3118 137
3037 3654 138
1343 3200 139
2825 1835 140
463 3124 141
567 509 142
3358 334 143
3055 811 144
1327 1402 145
2869 1263 146
362 578 147
529 2806 148
3150 2671 149
3070 14 150
3135 3204 151
199 2450 152
1076 1536 153
1607 1480 154
1667 3341 155
2547 2211 156
260 534 157
465 522 158
638 570 159
1609 1577 160
2581 780 161
2218 987 162
3269 1683 163
2441 2117 164
1913 2891 165
1913 2964 166
3061 2934 167
762 1440 168
3226 2001 169
2942 1812 170
916 915 171
1378 3397 172
2207 1900 173
610 1920 174
2050 1619 175
1910 2378 176
882 1301 177
297 1889 178
1785 2253 179
1031 2590 180
2303 2484 181
3496 1560 182
1270 1543 183
1697 2040 184
1355 2571 185
1789 1286 186
768 2266 187
2089 1115 188
434 3455 189
3427 2185 190
3558 3692 191
7 173 192
1463 2644 193
2715 51 194
1196 3523 195
2009 2030 196
746 2330 197
1643 3394 198
3188 2587 199
2873 1020 200
114 3262 1
2614 2457 2
3146 3453 3
2069 954 4
2041 471 5
3331 2966 6
3374 288 7
109 3268 8
577 2393 9
1792 549 10
1095 439 11
1475 649 12
262 2830 13
325 2530 14
3058 3504 15
286 299 16
2925 1400 17
1927 2010 18
3036 412 19
1880 3057 20
1980 1600 21
1580 3144 22
2705 2145 23
2070 3676 24
2872 844 25
3062 1994 26
1355 653 27
3011 2959 28
574 2280 29
2044 3480 30
490 1206 31
3638 1108 32
2149 128 33
3256 652 34
3083 1175 35
142 1851 36
2266 3567 37
1436 3653 38
754 2017 39
2098 2136 40
1942 2120 41
2242 2811 42
705 2948 43
1465 3564 44
3509 1936 45
3358 397 46
1130 2415 47
2442 2353 48
814 198 49
2709 1550 50
1687 1164 51
348 1667 52
1754 1987 53
282 3047 54
2999 2197 55
3424 1568 56
3399 2226 57
3492 2772 58
1668 3368 59
1705 279 60
1054 1883 61
2518 902 62
549 2361 63
2947 1914 64
46 1013 65
559 197 66
3593 1125 67
473 3575 68
3551 3269 69
3269 2997 70
1834 2646 71
2447 1850 72
2488 821 73
2606 233 74
1834 2444 75
333 2667 76
358 1313 77
239 2015 78
700 2479 79
3487 2935 80
1099 1110 81
1100 380 82
1692 253 83
2048 2269 84
783 1993 85
174 1174 86
3467 3485 87
1066 3492 88
2110 2848 89
2311 391 90
2090 188 91
1431 1331 92
2237 2932 93
2684 604 94
2093 1448 95
2076 2996 96
2671 434 97
608 2976 98
1866 3016 99
2536 2978 100
1193 2210 101
2628 2668 102
2434 2224 103
603 2344 104
1270 3531 105
2467 3698 106
479 3356 107
3446 1778 108
1421 348 109
2939 290 110
1615 3657 111
2288 1187 112
3624 2841 113
2055 124 114
1694 525 115
1556 3338 116
851 2170 117
1855 1510 118
3538 2533 119
2436 1655 120
1823 3291 121
767 1781 122
1030 1474 123
234 2508 124
1213 2769 125
2415 2930 126
99 212 127
3393 1261 128
532 2787 129
812 1123 130
1071 3119 131
1516 3125 132
3545 1297 133
3623 857 134
2881 1072 135
1649 1276 136
2189 1409 137
3516 546 138
1492 507 139
1717 3442 140
1197 2164 141
3673 1998 142
2104 3025 143
1443 2783 144
840 3251 145
114 393 146
2997 1651 147
2225 2502 148
2702 2371 149
1472 1081 150
644 2034 151
130 374 152
509 547 153
915 1714 154
688 1761 155
1242 3031 156
1331 1824 157
1604 1150 158
2918 791 159
2424 1209 160
3682 1502 161
2492 2957 162
3381 1796 163
2282 2756 164
1855 1892 165
995 1931 166
432 31 167
526 2094 168
3006 520 169
439 1384 170
339 3619 171
1080 3061 172
1356 799 173
591 3422 174
2846 1736 175
3255 2707 176
2086 1982 177
2446 385 178
2055 643 179
2288 548 180
724 2825 181
2877 3593 182
174 395 183
1204 1537 184
2822 424 185
2085 538 186
1235 2872 187
3561 1807 188
2736 2340 189
1866 1904 190
2087 2947 191
1173 2141 192
2143 1265 193
457 2181 194
3679 1784 195
2567 3265 196
3089 2879 197
1672 202 198
249 3178 199
2899 796 200
287 3357 1
1898 2847 2
2110 2736 3
3416 1487 4
849 76 5
2183 61 6
2242 3433 7
2760 1279 8
1045 1687 9
1601 792 10
2120 3032 11
458 2763 12
2231 422 13
1532 3285 14
1629 406 15
3069 2324 16
624 2160 17
830 2808 18
2325 1887 19
1193 1852 20
174 1388 21
2740 2336 22
2303 2817 23
299 1919 24
1488 2149 25
2947 1747 26
610 226 27
574 1208 28
2931 1003 29
2701 2720 30
134 1882 31
2283 1541 32
1164 3392 33
3331 1272 34
15 3629 35
1323 2675 36
2095 2981 37
2497 1226 38
1209 1820 39
790 3581 40
170 1905 41
3416 440 42
813 2044 43
1059 1941 44
3321 3003 45
1397 1802 46
110 315 47
2486 3513 48
3518 537 49
1078 158 50
1465 3652 51
3363 219 52
1028 3191 53
3207 1324 54
77 3005 55
1207 2487 56
2992 3410 57
1095 1719 58
1798 2740 59
3038 2407 60
398 957 61
1182 2708 62
2190 1970 63
511 2773 64
2403 1365 65
2698 3685 66
1031 3479 67
1268 125 68
2506 3340 69
333 2906 70
2991 2303 71
702 1821 72
3435 2801 73
2955 2116 74
1918 1718 75
1083 2464 76
1298 2505 77
102 109 78
3658 2580 79
1501 1143 80
2393 2539 81
3098 3566 82
2850 2513 83
3254 1041 84
3279 1348 85
34 1391 86
683 768 87
2637 716 88
2088 2431 89
1651 266 90
706 503 91
3239 872 92
2395 2067 93
2201 1266 94
2415 1435 95
1838 1756 96
930 1393 97
2973 1574 98
656 2392 99
3680 814 100
2472 3052 101
2363 1968 102
2395 3154 103
3227 2214 104
3471 608 105
3447 3138 106
2803 614 107
2819 3618 108
1138 2282 109
3036 67 110
249 1626 111
643 496 112
362 1185 113
308 2616 114
2219 3134 115
831 1653 116
2721 1307 117
180 1693 118
2055 1648 119
1856 477 120
2454 3691 121
1524 110 122
1296 3555 123
2582 1729 124
2620 2369 125
1710 337 126
1846 3487 127
1357 715 128
1468 1442 129
2877 1927 130
3260 2566 131
3278 626 132
1752 1561 133
2199 2882 134
2825 389 135
1552 1842 136
1071 1746 137
1607 410 138
2291 745 139
3263 1406 140
2555 1804 141
2507 3583 142
957 2319 143
1493 1540 144
1416 1357 145
2598 1977 146
177 333 147
283 1485 148
1359 1975 149
309 646 150
2734 976 151
870 1518 152
1010 3592 153
3650 3264 154
926 1443 155
174 1083 156
3190 3489 157
688 1130 158
1326 2309 159
3014 2347 160
2238 2663 161
1580 1189 162
3359 2271 163
3200 574 164
465 2697 165
1484 3326 166
64 3511 167
389 2111 168
2061 1680 169
557 1320 170
3441 2492 171
3338 323 172
620 3370 173
354 1107 174
2187 1364 175
2884 887 176
1784 3557 177
1072 2844 178
3097 415 179
602 1112 180
3462 167 181
2750 651 182
3404 2233 183
1828 180 184
3089 1047 185
141 2655 186
2272 401 187
27 841 188
2053 2810 189
3213 2028 190
499 2509 191
755 1534 192
2245 3686 193
2357 2543 194
2269 2892 195
3435 1360 196
3307 1585 197
3226 3217 198
2924 661 199
2301 2965 200
3582 1447 1
750 1389 2
1918 95 3
2472 1129 4
2865 3563 5
1045 1009 6
2090 2071 7
3627 3689 8
592 258 9
3208 1567 10
1322 1661 11
1388 2275 12
2172 1472 13
1166 377 14
962 3378 15
3496 1832 16
458 437 17
1568 848 18
1499 628 19
748 1929 20
2671 1446 21
3114 2649 22
3657 1771 23
1233 3540 24
1565 2636 25
2296 178 26
3522 842 27
419 2826 28
1217 2465 29
2486 204 30
2476 854 31
114 3401 32
3509 700 33
671 392 34
802 2778 35
2447 3281 36
304 237 37
1112 343 38
574 75 39
2659 2741 40
56 1958 41
2987 1411 42
1353 1305 43
1503 560 44
2758 3475 45
1907 2458 46
278 182 47
3135 1190 48
833 2090 49
2562 2960 50
46 738 51
2768 1153 52
2165 2062 53
2644 985 54
3018 2038 55
1185 148 56
3111 174 57
1692 3541 58
753 2439 59
2806 1238 60
3301 2012 61
548 244 62
2060 1160 63
3191 2249 64
2987 493 65
292 1867 66
1054 1562 67
2835 967 68
2801 3687 69
658 402 70
1774 2829 71
3531 189 72
2447 1681 73
1566 2722 74
104 3128 75
3089 858 76
2487 1593 77
3089 1251 78
1914 864 79
2484 3066 80
1650 1000 81
1441 2645 82
947 610 83
3050 115 84
2862 322 85
2076 3415 86
3329 523 87
148 3586 88
3384 2456 89
1608 892 90
302 1916 91
2152 3507 92
3496 1956 93
2891 3441 94
663 1179 95
2296 1010 96
3472 1496 97
2070 463 98
3401 926 99
3332 806 100
1343 1495 101
2536 256 102
2753 318 103
1460 2188 104
353 1326 105
1653 1065 106
3561 3135 107
2139 3266 108
3509 1825 109
674 984 110
1331 782 111
3136 1029 112
1042 2398 113
965 3642 114
114 2262 115
3215 783 116
1810 1113 117
928 1649 118
3462 2694 119
3626 1617 120
257 2839 121
3250 2263 122
1628 2775 123
3516 33 124
1311 2355 125
1180 680 126
1828 1482 127
2999 778 128
1870 1337 129
1757 3409 130
393 1039 131
2164 2574 132
3493 3022 133
2524 1432 134
3126 1723 135
3441 487 136
2435 517 137
680 2781 138
343 1727 139
1828 3349 140
3420 1168 141
749 1742 142
913 752 143
2654 2292 144
1418 638 145
806 3295 146
2491 681 147
1501 1040 148
2776 727 149
2891 731 150
597 249 151
3155 3635 152
1594 2885 153
95 2854 154
2827 1630 155
3335 3580 156
3679 2093 157
1269 2614 158
1562 65 159
1919 1114 160
2869 3172 161
806 1707 162
333 3428 163
570 306 164
1340 516 165
1466 71 166
44 2098 167
2483 3232 168
2139 165 169
1388 1809 170
789 1333 171
2054 670 172
2669 3203 173
874 530 174
73 1586 175
1824 2542 176
620 823 177
380 723 178
103 1375 179
3358 630 180
3047 825 181
2182 2908 182
861 3252 183
3299 2887 184
1360 1002 185
3571 880 186
3501 1205 187
1022 1222 188
837 3273 189
634 551 190
1774 1637 191
148 1151 192
1465 3695 193
567 137 194
3320 634 195
2039 3027 196
897 935 197
2087 1437 198
510 2113 199
3619 3645 200
597 213 1
597 2703 2
1461 3352 3
3172 421 4
822 1152 5
1526 813 6
2352 3009 7
833 430 8
983 772 9
434 2635 10
2811 36 11
3257 1999 12
1230 1473 13
661 637 14
2391 2112 15
2774 2755 16
3689 1098 17
2410 3648 18
114 3494 19
1646 2307 20
3628 3256 21
1145 3546 22
3617 3218 23
3522 2603 24
1797 2295 25
2951 2333 26
2841 2287 27
1520 2426 28
1551 3318 29
3299 2408 30
1521 665 31
490 1170 32
861 3127 33
97 2039 34
147 3565 35
1948 3385 36
2296 1295 37
1758 1436 38
1552 1392 39
2917 2984 40
623 1676 41
510 3550 42
2614 712 43
648 3683 44
274 2187 45
2411 1423 46
229 2654 47
1425 3595 48
3119 373 49
3235 2016 50
2671 1292 51
2372 2777 52
884 2969 53
1326 3333 54
3082 1410 55
947 3667 56
1298 280 57
3143 3670 58
2930 227 59
2846 1492 60
1448 2875 61
3269 1468 62
350 2919 63
1186 658 64
2806 3400 65
2604 2659 66
1123 313 67
1086 1192 68
3142 1817 69
1839 2023 70
1510 1451 71
167 42 72
1397 2060 73
3248 3343 74
2476 2797 75
512 895 76
3335 685 77
2801 2856 78
3278 3663 79
1261 1686 80
1747 3272 81
608 1240 82
1468 2493 83
2464 2728 84
3679 3346 85
1381 1869 86
490 526 87
1918 3099 88
395 2395 89
980 1527 90
2925 1587 91
248 1183 92
1494 1334 93
1055 3535 94
421 1339 95
124 760 96
1814 726 97
2203 2057 98
1096 3072 99
1230 1708 100
