700 700 200
226 619 1
18 526 2
19 446 3
121 255 4
154 199 5
595 692 6
688 296 7
591 492 8
266 89 9
219 376 10
593 174 11
593 133 12
375 280 13
566 33 14
112 98 15
677 192 16
143 569 17
654 291 18
398 367 19
192 172 20
631 408 21
209 520 22
38 552 23
267 42 24
73 213 25
139 626 26
196 544 27
480 253 28
268 597 29
501 10 30
166 14 31
114 487 32
374 206 33
566 513 34
4 608 35
164 120 36
175 601 37
330 18 38
613 420 39
673 214 40
244 382 41
379 534 42
508 531 43
232 599 44
290 302 45
166 308 46
175 363 47
624 323 48
57 311 49
60 472 50
196 128 51
340 187 52
130 594 53
536 353 54
57 457 55
374 338 56
375 435 57
617 378 58
101 652 59
340 315 60
243 67 61
22 372 62
337 314 63
600 527 64
218 612 65
573 122 66
600 657 67
625 136 68
24 521 69
374 560 70
613 399 71
624 313 72
695 342 73
378 127 74
288 377 75
448 260 76
318 346 77
348 542 78
468 629 79
154 252 80
405 661 81
678 48 82
156 575 83
549 148 84
678 343 85
233 153 86
8 231 87
566 549 88
523 209 89
82 620 90
318 362 91
265 143 92
566 301 93
537 635 94
45 125 95
385 247 96
398 249 97
552 381 98
624 156 99
516 469 100
23 208 101
452 551 102
388 452 103
496 636 104
475 304 105
11 74 106
350 71 107
182 49 108
622 103 109
318 604 110
186 348 111
316 306 112
370 538 113
174 554 114
698 368 115
584 114 116
176 585 117
237 246 118
655 436 119
401 258 120
141 95 121
374 73 122
622 682 123
61 546 124
261 659 125
5 222 126
622 132 127
401 186 128
584 606 129
538 589 130
175 392 131
18 63 132
379 59 133
496 219 134
290 24 135
44 189 136
160 679 137
677 481 138
489 242 139
433 570 140
303 532 141
491 109 142
600 516 143
247 588 144
323 564 145
684 613 146
79 13 147
202 375 148
111 365 149
391 267 150
498 459 151
40 637 152
323 223 153
177 567 154
689 124 155
363 97 156
675 154 157
584 16 158
511 17 159
694 182 160
253 470 161
572 356 162
685 36 163
508 489 164
248 195 165
91 539 166
348 565 167
184 187 168
447 130 169
316 70 170
672 234 171
349 593 172
484 473 173
569 163 174
398 275 175
227 496 176
665 5 177
177 630 178
2 263 179
38 298 180
218 147 181
481 309 182
240 352 183
513 617 184
39 431 185
506 350 186
105 279 187
507 58 188
93 19 189
83 447 190
431 651 191
76 616 192
56 430 193
83 171 194
579 605 195
7 324 196
271 515 197
279 638 198
139 662 199
3 282 200
47 177 1
566 93 2
146 502 3
185 228 4
178 673 5
613 90 6
380 693 7
591 524 8
337 226 9
330 144 10
18 1 11
617 411 12
508 79 13
290 134 14
507 45 15
116 82 16
256 180 17
535 699 18
422 586 19
192 453 20
193 334 21
581 379 22
479 403 23
600 477 24
75 332 25
268 556 26
549 232 27
121 92 28
475 677 29
311 254 30
116 574 31
314 3 32
360 43 33
39 235 34
88 230 35
468 666 36
176 119 37
600 227 38
432 696 39
391 506 40
116 498 41
446 495 42
303 671 43
459 463 44
156 660 45
290 627 46
441 467 47
667 632 48
272 580 49
673 441 50
345 229 51
105 176 52
386 181 53
489 72 54
223 345 55
313 485 56
77 562 57
17 654 58
198 293 59
289 317 60
120 307 61
600 480 62
243 444 63
316 351 64
264 34 65
92 412 66
398 146 67
337 23 68
84 299 69
28 355 70
191 35 71
78 61 72
283 373 73
266 695 74
693 202 75
627 647 76
508 656 77
500 330 78
41 170 79
143 387 80
113 207 81
660 68 82
592 80 83
261 486 84
574 622 85
386 220 86
19 113 87
139 152 88
253 393 89
331 633 90
175 595 91
507 86 92
433 405 93
38 658 94
535 47 95
90 245 96
154 335 97
227 160 98
666 320 99
313 465 100
209 328 101
656 8 102
374 618 103
38 650 104
345 438 105
26 458 106
666 504 107
600 37 108
350 691 109
171 483 110
190 259 111
116 294 112
593 358 113
637 386 114
125 44 115
37 325 116
121 276 117
574 216 118
549 625 119
398 535 120
199 66 121
109 428 122
446 65 123
138 203 124
202 582 125
8 321 126
23 60 127
81 212 128
81 31 129
265 185 130
314 417 131
384 611 132
320 359 133
460 415 134
4 369 135
448 676 136
542 161 137
489 22 138
51 155 139
349 198 140
516 614 141
412 167 142
694 218 143
320 318 144
535 139 145
175 533 146
453 690 147
666 337 148
527 286 149
12 555 150
290 572 151
341 686 152
98 669 153
78 519 154
670 40 155
10 631 156
187 76 157
280 461 158
664 471 159
361 225 160
187 123 161
483 602 162
462 573 163
141 300 164
566 525 165
500 634 166
513 583 167
340 347 168
410 456 169
491 406 170
93 675 171
320 400 172
70 609 173
491 494 174
617 333 175
402 117 176
536 689 177
422 445 178
318 700 179
83 250 180
162 273 181
519 104 182
180 402 183
498 196 184
484 410 185
378 159 186
609 414 187
223 41 188
694 370 189
121 55 190
125 591 191
396 698 192
67 434 193
384 683 194
606 210 195
44 62 196
422 646 197
629 433 198
60 648 199
42 644 200
281 577 1
446 454 2
330 261 3
11 204 4
672 607 5
446 11 6
653 568 7
171 514 8
65 653 9
642 640 10
1 264 11
597 522 12
286 450 13
405 687 14
583 56 15
574 697 16
100 655 17
534 416 18
475 596 19
93 624 20
500 111 21
494 29 22
509 215 23
483 6 24
468 354 25
340 466 26
650 505 27
675 374 28
600 523 29
602 394 30
398 27 31
611 503 32
33 479 33
2 101 34
266 508 35
498 178 36
361 384 37
359 54 38
543 140 39
374 397 40
543 110 41
337 184 42
182 396 43
400 239 44
279 649 45
508 162 46
26 578 47
509 557 48
612 96 49
535 497 50
630 297 51
476 440 52
113 407 53
379 164 54
447 413 55
341 685 56
301 558 57
612 289 58
686 474 59
358 303 60
522 105 61
70 545 62
566 349 63
91 529 64
130 165 65
537 168 66
175 190 67
54 665 68
534 91 69
341 550 70
45 106 71
2 390 72
156 509 73
505 248 74
71 281 75
340 107 76
33 341 77
699 528 78
312 432 79
193 69 80
580 404 81
379 118 82
60 166 83
536 670 84
185 28 85
191 141 86
308 540 87
223 81 88
516 287 89
36 429 90
621 448 91
657 272 92
456 224 93
209 371 94
341 500 95
25 442 96
38 2 97
587 409 98
298 455 99
247 576 100
629 75 101
590 668 102
459 421 103
622 77 104
448 46 105
468 360 106
482 592 107
274 451 108
666 388 109
237 674 110
699 512 111
557 426 112
298 579 113
361 484 114
288 131 115
684 615 116
700 366 117
333 331 118
281 530 119
479 639 120
281 53 121
41 262 122
600 561 123
130 327 124
413 439 125
506 628 126
507 678 127
143 590 128
485 449 129
70 312 130
413 269 131
657 584 132
56 425 133
166 316 134
139 87 135
537 78 136
531 488 137
404 274 138
360 475 139
168 211 140
521 217 141
396 20 142
500 243 143
360 290 144
536 507 145
587 150 146
517 102 147
615 84 148
602 99 149
359 581 150
508 491 151
171 193 152
138 241 153
632 310 154
274 419 155
600 238 156
33 175 157
405 188 158
19 380 159
375 57 160
109 142 161
187 135 162
316 490 163
484 271 164
109 541 165
584 244 166
460 642 167
316 285 168
129 205 169
186 4 170
223 145 171
693 288 172
137 464 173
186 478 174
590 200 175
441 663 176
98 233 177
121 422 178
325 157 179
123 191 180
341 423 181
323 94 182
601 383 183
428 501 184
569 151 185
313 268 186
398 197 187
480 149 188
512 108 189
401 32 190
581 680 191
437 664 192
318 681 193
266 39 194
480 518 195
313 116 196
456 643 197
354 51 198
534 598 199
98 295 200
660 50 1
227 240 2
574 398 3
192 688 4
283 305 5
675 221 6
579 237 7
162 391 8
383 257 9
361 83 10
685 25 11
505 339 12
28 64 13
162 322 14
391 278 15
175 361 16
428 537 17
613 427 18
449 9 19
669 460 20
600 12 21
361 115 22
261 292 23
202 158 24
33 468 25
356 571 26
197 357 27
480 112 28
684 336 29
581 482 30
330 603 31
4 645 32
164 462 33
404 418 34
590 672 35
345 443 36
465 364 37
345 7 38
45 517 39
232 395 40
109 256 41
18 173 42
522 563 43
587 88 44
270 476 45
268 389 46
175 38 47
316 30 48
35 510 49
232 52 50
266 600 51
323 26 52
593 587 53
23 137 54
345 270 55
38 621 56
293 169 57
3 251 58
337 543 59
323 236 60
82 424 61
500 385 62
460 319 63
629 21 64
196 511 65
186 340 66
186 437 67
583 610 68
116 694 69
75 85 70
566 121 71
627 138 72
357 100 73
602 126 74
237 283 75
545 284 76
357 547 77
428 684 78
496 493 79
115 183 80
496 179 81
182 623 82
396 559 83
699 265 84
233 15 85
175 667 86
447 499 87
209 129 88
143 344 89
93 266 90
624 194 91
436 326 92
673 548 93
8 329 94
313 401 95
230 553 96
677 277 97
227 536 98
332 641 99
340 201 100
