5100 5100 200
2765 2658 1
1463 828 2
1450 3125 3
1757 3740 4
1837 2858 5
3425 1288 6
1002 1547 7
1573 2895 8
4176 1708 9
1866 3663 10
2568 1440 11
3517 1659 12
1261 1147 13
3251 1626 14
4333 286 15
2904 392 16
3321 778 17
2820 1879 18
2400 3730 19
3010 4308 20
3899 409 21
4871 4655 22
3847 2421 23
3986 3981 24
4086 3131 25
1195 1530 26
737 1735 27
4141 4868 28
1674 3297 29
1972 3450 30
580 3296 31
5020 944 32
3548 4331 33
615 1618 34
4664 1236 35
3183 257 36
3178 2175 37
300 2972 38
2104 4891 39
526 3097 40
378 4849 41
3618 239 42
3414 1473 43
5065 2644 44
4728 2597 45
3687 1376 46
384 2686 47
3357 5033 48
1995 1335 49
4781 3425 50
4822 1280 51
1388 4146 52
4959 253 53
2693 4255 54
4342 1709 55
955 2443 56
2507 1437 57
82 4497 58
64 3336 59
1658 2534 60
1457 1166 61
4204 4468 62
89 4816 63
1506 3820 64
2438 4833 65
4009 2388 66
948 529 67
2631 1333 68
4519 3674 69
4725 1120 70
3049 4448 71
3516 4386 72
3360 1648 73
235 2820 74
3924 983 75
4748 1367 76
2478 4913 77
743 2946 78
4521 4533 79
2567 1492 80
2112 142 81
4664 328 82
4560 2878 83
809 2557 84
84 3190 85
86 2 86
2696 3528 87
4743 2065 88
151 223 89
3556 3689 90
476 2408 91
2258 1116 92
4250 3798 93
1750 4 94
4700 5028 95
1284 457 96
4503 651 97
1177 714 98
4500 246 99
895 1766 100
3542 4420 101
4683 2397 102
1145 3254 103
2673 7 104
4643 4382 105
1579 1400 106
1122 722 107
2268 849 108
895 4910 109
486 4157 110
1574 1214 111
1848 3934 112
700 4731 113
1501 1225 114
1492 1453 115
4069 4951 116
4127 3032 117
3265 5013 118
4647 3604 119
384 3691 120
4145 3568 121
3027 2691 122
3010 33 123
3957 4054 124
1389 2377 125
2170 4293 126
1984 1045 127
3001 1505 128
4228 3 129
3641 853 130
2179 2899 131
84 325 132
2486 535 133
2783 738 134
3808 623 135
4366 553 136
597 653 137
4453 1315 138
4017 505 139
4140 1395 140
729 2290 141
3650 2060 142
2605 3736 143
2080 2437 144
41 1789 145
3134 2114 146
916 241 147
3660 4266 148
4439 3212 149
3647 22 150
1203 865 151
2477 4922 152
4192 2917 153
3711 2381 154
3878 1347 155
2193 4174 156
1617 810 157
1804 4148 158
317 2816 159
4042 4883 160
4963 1202 161
2316 4556 162
4351 3346 163
2399 4937 164
2363 1777 165
4973 594 166
2779 1730 167
4625 3405 168
2002 4430 169
863 3119 170
65 4669 171
4302 4094 172
947 3094 173
1975 1316 174
3393 2232 175
385 4456 176
4708 527 177
1617 3228 178
4449 4663 179
1550 111 180
456 487 181
2168 2314 182
2367 4826 183
2731 4920 184
4543 889 185
4889 4210 186
4279 1977 187
671 2920 188
1192 2275 189
472 3744 190
2201 4845 191
2216 57 192
103 2449 193
3016 2989 194
3489 4446 195
1334 3403 196
404 2089 197
4411 3782 198
1812 4027 199
133 791 200
11 3546 1
1596 4992 2
1334 4979 3
950 440 4
3083 3741 5
4604 5040 6
4342 2231 7
11 401 8
4670 468 9
487 3298 10
2730 1130 11
1492 1579 12
2058 214 13
3933 4836 14
4411 3982 15
3622 4978 16
3967 799 17
2968 2687 18
2566 669 19
756 1519 20
2979 4560 21
4322 1779 22
3132 1552 23
3781 3251 24
3233 3591 25
454 351 26
1244 201 27
760 2116 28
4503 2912 29
1868 1140 30
3351 1821 31
4982 2291 32
434 3431 33
242 4854 34
3425 4342 35
4463 4750 36
2983 4807 37
1451 5099 38
4207 370 39
2566 969 40
4772 4519 41
5093 4957 42
3349 948 43
51 1700 44
433 1126 45
3916 4135 46
870 1416 47
2315 271 48
2071 421 49
1582 1896 50
928 2489 51
4621 4026 52
3485 4422 53
3789 194 54
4088 4404 55
1021 1466 56
2054 2942 57
884 4782 58
4496 2631 59
3005 2872 60
32 3165 61
4404 1913 62
1775 4762 63
3321 2701 64
4645 366 65
1192 1220 66
197 4211 67
619 1628 68
3834 2574 69
4660 3974 70
547 1401 71
1369 1652 72
2389 3441 73
3019 2387 74
1493 4559 75
802 303 76
4570 4303 77
5095 3970 78
2286 321 79
4892 4660 80
1010 2227 81
2208 3229 82
1703 3857 83
3306 1608 84
2117 4253 85
1169 827 86
2469 4907 87
2725 1548 88
1506 1035 89
3219 4975 90
820 3962 91
1206 4151 92
1502 3511 93
3075 1542 94
1176 685 95
4682 973 96
1036 3473 97
3275 4013 98
2703 1660 99
1631 4638 100
1288 1354 101
2756 3215 102
2727 1443 103
2150 1729 104
2742 607 105
4018 1901 106
4115 4509 107
2276 4278 108
2777 501 109
960 1025 110
1050 2320 111
4560 2045 112
1228 3761 113
3289 525 114
3152 2230 115
1143 4558 116
1135 1947 117
3642 2194 118
4695 2943 119
3133 4767 120
4759 1237 121
3603 93 122
4103 2818 123
3971 3408 124
3042 737 125
5010 4313 126
3695 4107 127
3146 42 128
424 923 129
4043 127 130
3199 208 131
2319 3193 132
2317 1639 133
3251 2763 134
1880 248 135
4819 3432 136
1389 1234 137
3274 1478 138
307 1595 139
315 1277 140
54 2386 141
4839 4354 142
4801 1216 143
741 3055 144
3747 3478 145
2478 3842 146
3225 1502 147
179 2744 148
4433 3790 149
1556 4350 150
1009 2750 151
1808 3009 152
910 688 153
1935 1909 154
3766 1716 155
4323 3900 156
304 2288 157
440 402 158
778 2484 159
3615 4950 160
616 1038 161
3437 1802 162
2838 612 163
1302 97 164
3889 857 165
2313 2655 166
2167 499 167
1792 4529 168
3068 4694 169
424 1498 170
2192 3033 171
496 3830 172
2848 2716 173
4303 121 174
3924 1852 175
123 2827 176
751 3583 177
535 4806 178
4331 5068 179
1947 3533 180
1868 4223 181
424 2434 182
1338 3312 183
835 846 184
314 1482 185
2338 4853 186
2371 1085 187
4463 2762 188
4089 4000 189
1938 4591 190
325 1693 191
3472 772 192
2888 3467 193
2548 2103 194
2177 3313 195
3769 2787 196
969 4692 197
1676 4688 198
4572 4928 199
4421 4177 200
3844 3525 1
1357 2050 2
731 426 3
1836 2513 4
1236 908 5
3929 1281 6
632 2620 7
1617 1504 8
4968 1127 9
4138 4164 10
3890 2146 11
2873 233 12
4780 3780 13
1821 4464 14
2300 2159 15
2758 1887 16
1989 2915 17
3877 4772 18
4714 4812 19
2521 4459 20
1698 4835 21
3516 3664 22
478 4941 23
2067 4956 24
64 3719 25
4183 3507 26
1593 4625 27
2701 4672 28
2074 173 29
1379 4864 30
2521 1069 31
452 588 32
167 4351 33
4438 1026 34
2388 4091 35
4762 1023 36
1826 4216 37
3473 1181 38
1113 4023 39
4571 161 40
4323 4946 41
3820 2161 42
1885 485 43
1626 259 44
4291 3324 45
1192 814 46
462 3240 47
1337 3865 48
3183 897 49
3349 2009 50
1123 2826 51
1467 3108 52
2417 2555 53
4426 4689 54
3251 4626 55
1892 55 56
4197 2079 57
4069 3111 58
2078 2504 59
5048 1223 60
3855 1736 61
1870 1722 62
2570 2210 63
4088 1745 64
4182 4906 65
3060 582 66
2899 4974 67
2606 4438 68
2816 2502 69
3501 3010 70
4822 2315 71
3907 4846 72
3198 2126 73
4682 4921 74
4649 960 75
1729 2679 76
1674 2427 77
2662 1858 78
3300 4465 79
3302 1464 80
2154 3452 81
2855 783 82
1036 1942 83
1095 427 84
571 596 85
3735 1615 86
3529 4070 87
4522 3260 88
3855 4954 89
3868 4155 90
3136 584 91
3037 2596 92
4830 3122 93
4138 1612 94
1045 367 95
2903 1429 96
4765 518 97
49 356 98
1319 3552 99
950 1558 100
2548 2057 101
3654 344 102
3193 4381 103
3109 533 104
512 2646 105
2922 1869 106
3810 3762 107
2272 5006 108
835 1289 109
3797 2306 110
3648 335 111
4033 4418 112
395 2073 113
556 1540 114
992 5081 115
2917 2829 116
1375 4614 117
3404 4184 118
1019 672 119
2679 4288 120
3781 3997 121
4847 3826 122
545 3619 123
3694 1287 124
633 1355 125
1157 4601 126
3185 3938 127
2025 4650 128
4009 108 129
328 4322 130
2203 4079 131
259 4847 132
3637 1383 133
783 1764 134
3624 415 135
62 3529 136
569 1827 137
4746 3433 138
3583 4458 139
2676 1854 140
3669 569 141
4090 2352 142
4012 3593 143
3845 1410 144
1007 2896 145
975 1890 146
3425 3474 147
2420 4995 148
577 4940 149
3716 4503 150
1631 718 151
350 4405 152
1874 2619 153
4330 2424 154
879 61 155
133 3423 156
2173 1935 157
3953 4912 158
2232 4724 159
3064 4856 160
3497 2757 161
398 1934 162
732 1891 163
3744 3417 164
1091 3846 165
5064 3949 166
4 5082 167
3185 1311 168
3387 4275 169
965 2567 170
2727 4668 171
4553 1981 172
2818 4800 173
2894 1758 174
172 3993 175
2605 88 176
2321 3750 177
4098 776 178
1837 2565 179
3208 4333 180
3405 916 181
577 2702 182
4908 574 183
571 4208 184
959 3892 185
4040 2120 186
2600 2603 187
4318 2692 188
3755 4309 189
3280 1955 190
4330 3686 191
4671 2229 192
2179 920 193
3132 336 194
1360 2563 195
3402 1927 196
4847 2373 197
3279 365 198
4804 1677 199
3791 2248 200
2888 3964 1
3768 3575 2
1582 5092 3
950 1531 4
773 4781 5
3357 3954 6
248 2844 7
2078 2873 8
4444 3693 9
4111 510 10
4752 2958 11
4484 4915 12
3957 4914 13
3721 2549 14
1892 557 15
1666 3368 16
3286 4363 17
2777 3301 18
2374 1686 19
3967 1375 20
4924 2412 21
3145 883 22
685 3007 23
1842 4648 24
787 4232 25
4102 2095 26
4971 1580 27
1573 4123 28
2736 4760 29
5020 2074 30
1067 2700 31
5081 2004 32
1584 3778 33
1430 441 34
5096 423 35
3847 2802 36
2046 2222 37
1315 4741 38
1771 2518 39
1506 1994 40
2787 4020 41
63 1987 42
379 2770 43
2594 2810 44
930 361 45
4900 3822 46
2586 3919 47
4659 3461 48
3416 1586 49
722 3520 50
4543 2906 51
4637 1780 52
865 1831 53
514 1761 54
4444 3206 55
1832 2355 56
4594 4120 57
962 643 58
947 66 59
586 3465 60
543 1838 61
2629 4970 62
4505 2645 63
991 293 64
4894 4291 65
3887 1071 66
3221 573 67
4695 95 68
2565 2400 69
2149 4526 70
3132 4520 71
4330 1517 72
2417 146 73
3755 4775 74
5096 2599 75
1139 805 76
328 2725 77
2750 3946 78
31 2454 79
1965 3018 80
3265 393 81
1849 1168 82
4106 3760 83
3870 667 84
3043 3098 85
403 870 86
3714 4031 87
3587 3628 88
1753 707 89
4478 2401 90
439 4318 91
4524 1871 92
2843 3935 93
3718 4488 94
2268 581 95
2759 152 96
3194 2530 97
1685 1763 98
1375 1724 99
3072 4811 100
1666 135 101
508 2551 102
3086 982 103
927 5058 104
74 4661 105
412 4440 106
2170 3091 107
1711 4686 108
2378 3632 109
2366 3896 110
1425 2260 111
4859 2865 112
4595 4704 113
848 2584 114
4817 2059 115
4103 1083 116
1022 2976 117
2307 364 118
857 3978 119
1467 2928 120
80 2493 121
547 1864 122
702 1555 123
3920 3237 124
1022 3554 125
3177 2351 126
4781 123 127
4810 859 128
768 164 129
4969 689 130
467 4403 131
2238 2403 132
2667 3426 133
3118 2326 134
3578 128 135
4923 1545 136
4488 2994 137
3315 3386 138
3557 2560 139
4209 1431 140
3687 1912 141
1604 3117 142
1535 2659 143
2369 3455 144
1286 1798 145
3332 3422 146
3431 4564 147
3844 372 148
1184 4563 149
1501 1412 150
4631 4454 151
3712 4441 152
827 300 153
481 558 154
3608 4771 155
163 2390 156
2042 1013 157
2031 1374 158
2394 2319 159
4820 2779 160
1429 2617 161
1136 147 162
1693 2287 163
4106 4989 164
256 4494 165
478 4189 166
1764 439 167
1650 2608 168
3914 2418 169
3183 1518 170
3315 1889 171
2686 3380 172
3438 872 173
3772 1733 174
3590 76 175
3600 3973 176
2092 662 177
3293 734 178
3012 2930 179
2979 1332 180
2275 3267 181
2740 2360 182
4155 207 183
1194 3566 184
18 1282 185
1584 5053 186
278 266 187
406 4719 188
3488 1137 189
4674 2179 190
59 4011 191
4330 2259 192
4695 4294 193
3042 353 194
2226 1845 195
2548 2991 196
3300 2469 197
624 4640 198
4891 2339 199
4250 1916 200
2378 4516 1
3722 4579 2
209 728 3
1615 1182 4
436 759 5
1680 2808 6
4217 116 7
2062 710 8
3296 5045 9
4995 3353 10
3407 4121 11
2090 1892 12
1443 2860 13
4373 2639 14
2482 2405 15
3288 4358 16
3466 1019 17
4256 2167 18
2891 4143 19
4257 1991 20
2475 2668 21
3461 1133 22
4190 733 23
4232 3381 24
1745 1243 25
2187 2455 26
998 1212 27
3086 1292 28
1085 3891 29
4508 3222 30
4675 1707 31
3049 2346 32
4463 617 33
2003 2851 34
3070 2945 35
731 4391 36
3261 4627 37
1968 895 38
3841 1565 39
320 2094 40
4955 3779 41
4116 498 42
3463 280 43
4820 2887 44
4859 3858 45
1353 3306 46
416 1998 47
1593 1703 48
3699 3532 49
4592 3922 50
2548 3270 51
3425 3967 52
596 2977 53
2078 3519 54
1771 2939 55
694 3096 56
3010 2541 57
4682 2491 58
900 2136 59
163 583 60
844 1254 61
361 3449 62
3659 2457 63
3491 1823 64
608 2311 65
2727 3186 66
4970 1907 67
4955 578 68
2763 2577 69
5083 3248 70
261 396 71
577 2000 72
210 1350 73
1314 4425 74
4711 2983 75
4788 2532 76
1932 987 77
4054 1598 78
3983 307 79
950 815 80
4250 3444 81
3307 2105 82
2370 1915 83
1517 4506 84
2256 1192 85
1013 2609 86
1861 1365 87
2820 1938 88
2308 1611 89
2313 2778 90
2868 3288 91
1020 1966 92
4959 4673 93
2256 4590 94
2567 947 95
2372 4327 96
3999 1569 97
948 2333 98
2556 2084 99
355 1393 100
470 4150 101
4596 1581 102
4974 3130 103
493 4325 104
279 4252 105
3490 69 106
3844 3915 107
2963 1701 108
3635 2665 109
3072 3217 110
2920 3526 111
185 2527 112
21 2051 113
4784 362 114
821 2487 115
3693 687 116
3405 1164 117
1036 1649 118
4724 803 119
3870 4738 120
3387 3560 121
2551 4929 122
3185 4250 123
2324 3421 124
2358 4804 125
25 1131 126
1652 621 127
4496 2694 128
3010 3044 129
20 3850 130
4111 4986 131
3379 3398 132
605 1680 133
1724 2312 134
5039 2001 135
645 4328 136
1355 2529 137
4816 102 138
1432 4035 139
2567 444 140
4109 4495 141
976 16 142
2296 884 143
561 1403 144
4514 481 145
467 120 146
1072 4628 147
4022 1713 148
814 2743 149
817 4461 150
3960 4834 151
1383 858 152
2248 1638 153
3135 4408 154
4782 213 155
1353 4229 156
3850 2959 157
3785 3527 158
1706 149 159
1083 4238 160
1541 2635 161
4414 5007 162
3199 4538 163
1939 3599 164
3958 269 165
1261 1480 166
1156 2674 167
953 1944 168
3437 3618 169
3205 2624 170
4674 1553 171
2420 1679 172
3983 703 173
4333 1538 174
1360 3508 175
1261 4982 176
3403 2206 177
4956 4500 178
2486 4935 179
2741 844 180
2737 3128 181
462 4060 182
5004 2548 183
1443 3647 184
982 1296 185
719 2696 186
4604 3752 187
642 835 188
4018 474 189
1906 1483 190
3485 4078 191
2184 2647 192
5081 1509 193
2412 3309 194
1522 4485 195
4305 4683 196
321 4432 197
4844 1559 198
2273 3758 199
655 3793 200
294 1295 1
86 3998 2
3132 2795 3
3280 4018 4
2957 5057 5
3542 190 6
1662 4684 7
909 2806 8
3637 1786 9
3476 1866 10
3483 1291 11
2632 1778 12
2903 2002 13
1432 1336 14
1552 3385 15
84 198 16
4844 2722 17
1340 1808 18
4583 3121 19
60 3721 20
4881 1773 21
1892 3605 22
4157 4178 23
565 1352 24
1695 1836 25
4351 96 26
3695 2998 27
3321 1334 28
1787 3612 29
159 3688 30
4185 3133 31
3129 3926 32
4712 2164 33
311 3634 34
729 4188 35
3230 1238 36
543 4484 37
4376 4646 38
4453 4287 39
3416 1368 40
2435 3245 41
2193 4042 42
4714 3359 43
2659 376 44
3449 4657 45
148 473 46
2451 1720 47
1843 4676 48
1538 4530 49
3553 3252 50
3561 4641 51
1496 3933 52
4171 4647 53
3118 5065 54
2331 2931 55
4744 2368 56
1485 3043 57
5098 382 58
1582 2804 59
696 199 60
4475 3283 61
4817 1986 62
3879 2685 63
1376 1897 64
3490 2519 65
4723 1054 66
3058 1953 67
2348 156 68
2216 1173 69
1354 3656 70
4825 4843 71
1804 1487 72
436 4022 73
677 1577 74
4825 4735 75
4187 3683 76
2791 145 77
2999 4963 78
4759 2590 79
4703 1338 80
1691 1469 81
1132 743 82
20 4242 83
4069 343 84
1519 3123 85
5021 4983 86
4519 756 87
4841 1752 88
928 1969 89
2468 3014 90
4474 3242 91
4642 4315 92
779 1057 93
1205 4547 94
4830 373 95
2508 3545 96
1443 2798 97
2676 1698 98
787 691 99
545 597 100
2493 1507 101
1177 1331 102
108 2944 103
2161 4789 104
3954 5080 105
2930 4220 106
4394 3030 107
4643 2139 108
3958 1248 109
1873 3395 110
127 4879 111
3954 3349 112
1775 3547 113
2653 3646 114
4334 1005 115
3251 4900 116
110 1082 117
4597 550 118
2201 1079 119
1227 1946 120
1869 3056 121
835 1833 122
1729 4073 123
1874 174 124
2709 3253 125
326 502 126
434 1663 127
815 1167 128
4967 2893 129
3713 4336 130
5080 1667 131
1104 3492 132
1764 1961 133
4796 4415 134
4398 3510 135
2606 893 136
1170 3953 137
2873 1521 138
3474 3458 139
4239 3716 140
3279 750 141
3802 2123 142
510 4540 143
4269 4721 144
1515 2204 145
2427 1584 146
3810 4016 147
2830 1791 148
4778 4169 149
3522 2828 150
3584 428 151
2741 4206 152
3667 676 153
948 1370 154
1447 3813 155
4432 4112 156
2763 4365 157
1125 3220 158
218 1201 159
2318 1250 160
310 3706 161
1632 848 162
4106 4414 163
4248 1326 164
58 739 165
2468 3002 166
3553 1494 167
3215 1230 168
5012 3151 169
3155 1425 170
802 2070 171
3885 781 172
4565 3454 173
3714 4156 174
2272 957 175
831 3255 176
3512 1050 177
103 4890 178
2611 1503 179
4874 2924 180
2391 1304 181
3537 3487 182
2979 4445 183
3388 4990 184
496 5044 185
1539 3204 186
1213 3538 187
393 4799 188
2425 3397 189
234 3959 190
2882 2538 191
261 2098 192
1781 4685 193
1499 227 194
3850 454 195
1743 3090 196
4881 3396 197
959 3613 198
2645 547 199
4477 1726 200
4429 3116 1
660 915 2
2676 2422 3
2333 1039 4
4519 1433 5
3672 3291 6
1663 3544 7
4330 963 8
1492 1939 9
325 2233 10
526 932 11
284 1564 12
1423 2433 13
4130 2399 14
4557 4551 15
3300 3259 16
3356 3831 17
1389 1816 18
4650 3062 19
4559 11 20
1403 133 21
3089 4919 22
3044 1479 23
1059 3745 24
4396 4326 25
4719 1485 26
601 649 27
3383 938 28
1727 2337 29
4353 3913 30
3684 1345 31
2152 4320 32
2388 2968 33
357 4213 34
1477 3352 35
678 715 36
1885 3659 37
200 1822 38
1046 822 39
3744 3024 40
3503 1309 41
1912 79 42
4856 1053 43
686 2108 44
3954 2475 45
505 2501 46
2864 2078 47
2272 779 48
1193 798 49
3303 3021 50
1446 4759 51
4963 2498 52
669 75 53
922 1967 54
2865 4105 55
1183 2425 56
2141 151 57
2556 2171 58
4269 602 59
124 4916 60
147 2613 61
698 1653 62
4302 182 63
3952 2987 64
4146 824 65
1622 3814 66
2138 2712 67
1877 537 68
3315 2359 69
1225 3310 70
738 1015 71
835 2978 72
1443 4142 73
1209 3515 74
1963 3477 75
2102 3216 76
3010 4115 77
2521 1666 78
3280 3637 79
860 4600 80
2160 463 81
615 348 82
230 295 83
574 2441 84
4505 1456 85
5099 1100 86
2201 1556 87
4444 3075 88
1569 5016 89
3599 645 90
2271 480 91
2018 4696 92
835 3387 93
2567 3357 94
3797 4708 95
2841 911 96
4995 2465 97
815 2866 98
45 3615 99
1570 417 100
4136 117 101
2552 2604 102
2808 4949 103
2940 3621 104
4360 2219 105
1460 3650 106
5090 506 107
562 4903 108
2354 2938 109
4503 5076 110
2980 4618 111
113 4740 112
1069 4715 113
3644 4380 114
726 2500 115
233 4931 116
4042 4433 117
3825 4284 118
1710 3443 119
2211 1644 120
2370 2536 121
3761 546 122
2627 484 123
4563 4539 124
1077 150 125
3784 962 126
1739 4161 127
4906 5003 128
1292 3311 129
4706 2011 130
1019 384 131
4706 63 132
247 3699 133
703 1095 134
86 3137 135
5094 4356 136
4201 2356 137
3257 3685 138
2054 4379 139
2969 188 140
3323 3905 141
4876 3514 142
4069 2751 143
2894 106 144
3012 2483 145
1575 1819 146
3835 1321 147
4868 3232 148
2606 2964 149
1800 1960 150
1079 1163 151
4602 4943 152
1342 1692 153
5012 4467 154
169 2894 155
2331 631 156
3779 346 157
3330 438 158
4088 2081 159
4069 3966 160
4140 2471 161
1593 4947 162
1933 379 163
3802 5010 164
4301 1718 165
4682 4874 166
3057 4790 167
4558 458 168
4627 725 169
4351 3145 170
2049 2435 171
2730 855 172
1584 492 173
4664 994 174
601 1876 175
2379 1377 176
787 2393 177
4866 1605 178
4543 659 179
355 4595 180
1316 3551 181
2588 9 182
1522 302 183
60 4964 184
1959 2017 185
1353 4111 186
4576 605 187
999 950 188
4466 3491 189
2158 3737 190
2574 4024 191
192 2025 192
172 3317 193
4583 549 194
4519 3438 195
4762 4116 196
1975 4361 197
3079 1398 198
4248 4545 199
2667 1210 200
2333 1356 1
5088 4725 2
244 5083 3
165 3218 4
5047 4873 5
4232 2556 6
1360 4896 7
4373 2015 8
471 977 9
1196 924 10
80 1112 11
2074 445 12
4133 4518 13
3983 2147 14
3243 2115 15
693 1160 16
4816 3382 17
789 1049 18
2315 1132 19
2781 2364 20
357 2540 21
277 2121 22
2481 3364 23
2807 2383 24
1546 4004 25
2548 389 26
2539 1222 27
4103 3972 28
1048 4372 29
289 1447 30
374 148 31
4962 3286 32
4053 3995 33
734 1392 34
997 3239 35
1849 3960 36
1950 2854 37
1138 30 38
4848 3710 39
5065 4477 40
2801 4088 41
4696 792 42
4718 355 43
3735 1284 44
4429 3070 45
3402 338 46
757 2830 47
316 1209 48
4182 2997 49
1851 747 50
393 1614 51
3357 1593 52
857 2242 53
1853 3755 54
2427 4411 55
1927 2496 56
3769 4030 57
3041 2973 58
1972 3369 59
4009 2189 60
4815 1205 61
4371 1635 62
483 565 63
3647 3883 64
2644 1051 65
2796 3705 66
5051 2884 67
4445 1003 68
3944 3500 69
3185 1406 70
4917 12 71
2357 4960 72
553 4101 73
4323 4460 74
4447 3980 75
1079 1135 76
2340 1060 77
2695 4478 78
2371 4083 79
3638 2200 80
3101 2809 81
1678 2791 82
2071 1760 83
1219 972 84
2888 124 85
4102 3048 86
3387 4051 87
3428 3771 88
1485 1728 89
4449 2165 90
2698 1818 91
1864 4212 92
2606 2417 93
385 2125 94
494 447 95
4505 1141 96
4095 1997 97
2315 1256 98
3562 406 99
4186 3205 100
1238 4486 101
927 3226 102
1885 2353 103
4321 1040 104
786 2684 105
3247 3640 106
1885 416 107
928 1471 108
4277 1882 109
745 902 110
373 2476 111
206 2824 112
4307 3304 113
4383 3866 114
1376 1258 115
4611 256 116
116 3836 117
3075 4818 118
1011 429 119
4431 860 120
4827 1423 121
2007 4036 122
4942 3040 123
1253 618 124
1122 1052 125
1584 4199 126
1574 2640 127
4251 1625 128
1984 4752 129
1272 5084 130
3685 3651 131
4355 267 132
2590 2643 133
4688 2198 134
3828 2550 135
406 4902 136
3583 4019 137
3789 856 138
343 2224 139
3949 3673 140
4778 2660 141
4047 3302 142
2887 4858 143
1576 3246 144
656 658 145
4134 2016 146
905 310 147
4480 3231 148
4227 880 149
4534 2948 150
1866 2628 151
1324 4998 152
570 414 153
3392 949 154
318 51 155
3797 5027 156
1340 2831 157
3359 1303 158
375 347 159
77 1743 160
2546 984 161
1743 4056 162
460 615 163
4242 1533 164
1499 3936 165
4877 579 166
4645 4976 167
2741 3213 168
1679 2169 169
393 508 170
4566 698 171
2286 2870 172
2377 541 173
3041 315 174
2985 2682 175
2755 3435 176
3734 4930 177
1517 2626 178
2933 1283 179
511 2876 180
2470 1807 181
3643 5029 182
24 2176 183
1012 3082 184
3185 1910 185
263 4585 186
2252 3139 187
3654 1268 188
1067 3677 189
786 560 190
2568 4474 191
2992 56 192
571 2925 193
3064 705 194
3387 3333 195
3231 2362 196
191 3886 197
4175 808 198
4479 1809 199
2273 2092 200
4237 1844 1
1079 1933 2
4301 3854 3
4313 265 4
103 4977 5
2911 2495 6
2539 680 7
326 1999 8
117 2992 9
1535 172 10
609 483 11
4701 2497 12
1861 3581 13
1666 1687 14
3444 333 15
3403 4613 16
3638 2250 17
115 1409 18
3574 1499 19
980 3878 20
2174 2391 21
3020 3759 22
2866 3675 23
3198 1108 24
3079 1643 25
17 4829 26
2644 2180 27
2449 3999 28
47 887 29
2735 3815 30
2307 2234 31
1355 422 32
3824 4452 33
4748 2330 34
4672 4134 35
1978 14 36
187 1481 37
1977 4777 38
787 3578 39
2140 436 40
1742 1229 41
3878 281 42
2298 2511 43
3345 4298 44
1842 3672 45
1514 752 46
4463 4659 47
3476 3587 48
465 183 49
767 5094 50
1706 5098 51
2308 4463 52
2501 4588 53
2147 4819 54
4144 2022 55
1594 4089 56
4843 1476 57
4653 2740 58
1660 1512 59
2965 2790 60
3770 2096 61
4366 326 62
1968 3983 63
3778 3579 64
1492 991 65
4820 3986 66
3083 4312 67
4351 2683 68
2475 3292 69
3968 1995 70
786 272 71
2691 3803 72
2650 4257 73
3918 70 74
4572 3022 75
4390 1590 76
2583 4680 77
1357 1382 78
3402 2111 79
2231 1587 80
829 298 81
3042 2747 82
794 4866 83
1510 1048 84
4866 3676 85
4009 4376 86
3401 2480 87
2696 2776 88
321 4656 89
4933 3661 90
4615 350 91
4519 1905 92
5088 195 93
4245 4985 94
1990 1084 95
2140 2268 96
526 3170 97
1899 1247 98
4935 5055 99
752 1386 100
2486 2187 101
2155 625 102
4290 3460 103
3878 4578 104
1631 3509 105
663 4927 106
4935 1157 107
1952 1820 108
121 337 109
3139 3608 110
4390 1262 111
2153 3849 112
4536 809 113
3626 5077 114
1215 3861 115
3334 3917 116
388 2602 117
4726 804 118
4373 2077 119
1874 3279 120
978 99 121
244 3348 122
2812 1657 123
2059 2091 124
1892 2709 125
2979 3821 126
5025 3011 127
2850 1962 128
2875 1683 129
2817 4791 130
2313 2849 131
2567 224 132
3703 726 133
821 1043 134
1603 1241 135
4781 1317 136
1740 4295 137
212 4410 138
3118 729 139
3184 4582 140
2942 4621 141
3144 1522 142
400 871 143
1989 999 144
3740 801 145
3669 1018 146
1947 1900 147
2827 2680 148
1142 3641 149
4503 3424 150
1597 2322 151
1059 943 152
3809 238 153
1627 878 154
357 4431 155
2739 636 156
2067 4905 157
3171 1664 158
3466 478 159
4888 404 160
4248 3930 161
580 3480 162
1095 511 163
877 935 164
4511 3136 165
4787 1668 166
2369 2237 167
3888 2812 168
2321 2695 169
1253 1862 170
1120 1390 171
4025 2037 172
3692 3671 173
3875 3708 174
4401 4823 175
4259 4542 176
1295 3852 177
3648 2384 178
2422 2087 179
3716 4714 180
555 4681 181
2186 2318 182
895 719 183
5018 927 184
125 4761 185
2875 3263 186
1380 4447 187
1800 3295 188
3068 1523 189
910 176 190
850 2276 191
2226 1959 192
2149 1263 193
3061 3362 194
5038 431 195
3099 2132 196
545 2389 197
5013 4100 198
4998 3873 199
4440 229 200
653 211 1
486 4863 2
417 2514 3
3256 2196 4
3014 3456 5
1111 3658 6
4708 3841 7
3120 3649 8
3080 3996 9
4832 1318 10
703 3567 11
181 528 12
247 609 13
57 1857 14
1122 1597 15
1332 3332 16
4621 599 17
3236 5079 18
2576 3569 19
265 4709 20
963 4371 21
2612 2578 22
808 2225 23
4631 342 24
1629 467 25
2003 3979 26
700 94 27
1593 3027 28
1613 2101 29
243 32 30
3768 4487 31
1968 971 32
378 2553 33
1556 2251 34
276 3112 35
3303 1642 36
654 100 37
1174 2811 38
4982 2032 39
764 2733 40
3835 2479 41
1012 3361 42
1336 586 43
1143 4399 44
3393 234 45
1743 2281 46
3229 255 47
1329 690 48
57 4606 49
2161 4147 50
2567 1984 51
2949 2605 52
1232 2472 53
2019 3518 54
1904 1941 55
2755 1950 56
1799 2088 57
3241 564 58
2969 420 59
4871 4967 60
4295 4304 61
386 4532 62
187 3541 63
579 3054 64
3751 1486 65
5064 181 66
1339 3200 67
835 839 68
4671 4796 69
4350 1920 70
4111 1261 71
4195 1765 72
2986 5001 73
4106 958 74
1767 851 75
1512 4644 76
4337 1623 77
3452 4235 78
1294 4254 79
3686 3066 80
1552 3006 81
1261 4619 82
3196 3700 83
2001 4058 84
1288 4202 85
1954 1179 86
4941 2706 87
1913 3013 88
4841 4678 89
1481 3445 90
1826 4282 91
3041 1688 92
3434 4397 93
4480 1055 94
739 3087 95
2616 1755 96
4051 2731 97
3709 374 98
82 5035 99
4801 4072 100
3269 4699 101
2486 4543 102
1087 593 103
1485 3326 104
4834 2633 105
521 3958 106
1353 2296 107
1407 3208 108
3357 1044 109
4411 813 110
2179 418 111
737 263 112
2483 2589 113
1048 3963 114
3672 3876 115
1801 1077 116
2965 1506 117
4845 359 118
1635 3718 119
965 1550 120
95 2429 121
4647 3795 122
2138 4701 123
386 765 124
95 165 125
1994 622 126
3939 2916 127
2149 504 128
1034 3669 129
575 3025 130
3231 2439 131
1932 119 132
3151 2823 133
375 2984 134
4606 1206 135
1091 3274 136
512 1451 137
1563 3513 138
4175 2305 139
1366 297 140
3780 368 141
2522 2228 142
978 3660 143
3142 847 144
344 2817 145
2567 2730 146
4737 1171 147
2067 762 148
854 2797 149
410 4555 150
1925 292 151
4718 3965 152
1535 1832 153
4777 515 154
1428 3047 155
557 2376 156
55 4997 157
4220 3188 158
1326 3391 159
2546 2157 160
732 3409 161
2701 4435 162
2964 1156 163
4566 4017 164
351 3289 165
1403 3503 166
3870 3531 167
2268 2177 168
3319 876 169
2368 3694 170
1582 3680 171
2462 968 172
4799 1275 173
2663 2020 174
905 1204 175
3703 2432 176
3888 1203 177
1672 3028 178
1507 3774 179
2284 3654 180
1079 866 181
1849 3175 182
3821 3379 183
2521 561 184
60 4265 185
4706 2195 186
1918 3558 187
224 555 188
1984 3713 189
3663 3653 190
45 1276 191
4296 4513 192
496 4455 193
3548 2481 194
4026 928 195
2292 3584 196
3875 761 197
5076 929 198
4564 4841 199
394 3728 200
247 4766 1
2040 4292 2
1183 903 3
1173 1193 4
1577 4374 5
1834 1741 6
1167 3657 7
38 3884 8
2910 3316 9
54 3442 10
1978 1568 11
406 1110 12
1822 4234 13
4643 2459 14
1925 1957 15
3770 287 16
898 3400 17
1307 1956 18
3398 446 19
1619 616 20
2774 4636 21
101 1567 22
1005 2012 23
3485 820 24
1861 341 25
2081 3081 26
4318 3912 27
2231 2717 28
3930 3787 29
3116 2477 30
1773 4437 31
4190 3753 32
1552 2775 33
1739 3725 34
1684 4221 35
1479 3360 36
69 1417 37
225 2082 38
675 3376 39
3179 4306 40
2942 1965 41
2711 1180 42
2028 4952 43
2696 4003 44
4441 3747 45
2791 3872 46
4647 3035 47
1337 1346 48
4700 5072 49
1725 3430 50
4719 1430 51
4576 2141 52
2179 2282 53
3283 4329 54
1034 3817 55
2469 1455 56
4951 912 57
1493 4716 58
1959 780 59
3398 2028 60
2596 3543 61
3311 4820 62
3589 3945 63
5016 2419 64
66 4239 65
4672 2940 66
4940 4154 67
3293 268 68
3729 5087 69
3512 2027 70
1841 1497 71
4266 395 72
3445 2106 73
2907 3853 74
3099 4939 75
3392 3023 76
651 4068 77
2868 1979 78
1479 953 79
4714 4040 80
526 3784 81
3252 2904 82
1676 4662 83
3418 4965 84
3024 1596 85
4099 3211 86
2173 1541 87
4144 2345 88
4625 2903 89
4479 354 90
4752 517 91
4884 4427 92
310 4893 93
4171 2193 94
391 1893 95
2723 1917 96
1284 4324 97
3942 4742 98
4042 3144 99
4959 2062 100
3844 642 101
4447 3617 102
4451 4677 103
3099 3939 104
4370 795 105
4395 2181 106
2326 1532 107
4267 4972 108
2138 2279 109
4465 532 110
3898 3833 111
4977 3702 112
4570 4364 113
3064 3797 114
2957 486 115
763 3134 116
2363 885 117
3499 551 118
2759 4634 119
1710 1806 120
2277 985 121
2795 2109 122
3028 3155 123
4896 2919 124
4714 1144 125
686 4630 126
3446 1560 127
3231 1514 128
1802 1297 129
3954 2363 130
3704 4491 131
2806 2269 132
3693 3457 133
2763 3266 134
3186 1017 135
289 3550 136
4648 215 137
1104 3378 138
2870 129 139
1292 1619 140
2268 1712 141
1832 821 142
4511 264 143
103 273 144
1261 817 145
1904 4654 146
980 3177 147
1538 3356 148
1671 1573 149
1686 4909 150
2262 3749 151
3908 3863 152
437 3089 153
510 628 154
238 3327 155
2894 794 156
101 2245 157
1739 4307 158
352 1107 159
3351 3152 160
4248 3488 161
4963 3365 162
2935 2966 163
1743 4498 164
737 3079 165
4111 1918 166
2526 1154 167
1184 4487 168
365 4198 169
4621 62 170
2608 2507 171
1573 3794 172
950 4758 173
2281 424 174
973 283 175
4382 4904 176
2479 2061 177
1935 3631 178
4714 1794 179
894 1714 180
1703 2482 181
4074 4041 182
1729 639 183
1547 4481 184
3875 1411 185
1572 4168 186
308 162 187
712 4730 188
1353 2083 189
4219 3606 190
3676 862 191
2751 5005 192
1703 3012 193
2727 3709 194
2840 170 195
4355 4524 196
2748 3413 197
5072 1894 198
1954 1964 199
2476 4258 200
3599 453 1
593 4469 2
3303 5064 3
3719 1637 4
2018 2262 5
3306 2140 6
5063 3105 7
4103 390 8
2693 3789 9
522 1211 10
893 3610 11
2715 2135 12
718 132 13
534 2512 14
3908 3265 15
705 2264 16
357 4370 17
4399 4145 18
4240 2285 19
3031 1945 20
1256 825 21
3879 1592 22
2475 4012 23
2264 53 24
4490 1930 25
3042 2909 26
1009 1501 27
96 3643 28
1319 260 29
1842 2374 30
763 4604 31
3254 2774 32
1085 2013 33
89 1104 34
187 4797 35
50 1405 36
365 2410 37
3768 4550 38
4145 3071 39
2594 730 40
3068 956 41
1654 3992 42
1547 4732 43
3334 2980 44
4418 1837 45
1685 1527 46
1791 4773 47
357 4557 48
4716 1616 49
5047 4065 50
1739 4201 51
3208 5073 52
4621 4014 53
4570 3574 54
4366 1768 55
1814 2793 56
2805 712 57
3204 1138 58
3053 4898 59
4725 2953 60
2906 2396 61
3804 3393 62
684 4074 63
2201 2040 64
1968 2158 65
4970 430 66
2605 933 67
3019 3300 68
4498 2052 69
4577 3389 70
4009 2348 71
1539 472 72
3334 2054 73
94 830 74
3084 3489 75
167 4263 76
488 2749 77
3714 3561 78
2611 425 79
3822 4617 80
3367 2934 81
2150 4439 82
3241 2378 83
2729 967 84
1272 3459 85
3124 2734 86
4721 4280 87
3675 3682 88
4144 1302 89
2292 3383 90
2252 1855 91
25 4296 92
601 1273 93
3231 73 94
2284 1925 95
960 3504 96
4581 394 97
980 4955 98
1256 3555 99
1500 995 100
4233 2573 101
570 3277 102
2284 1528 103
955 3271 104
4695 2042 105
4825 4064 106
2018 1908 107
2462 3303 108
2615 2295 109
393 892 110
1389 1588 111
3215 3635 112
448 4205 113
187 1551 114
3016 2688 115
879 1420 116
3971 626 117
2028 222 118
3069 975 119
5050 4675 120
1395 3479 121
2903 1787 122
2249 3344 123
3517 2588 124
1686 4792 125
1204 1721 126
65 1793 127
2458 1774 128
1318 4340 129
3576 3000 130
4956 4117 131
3379 4751 132
3927 4191 133
46 3845 134
4244 3971 135
1348 4173 136
4554 4936 137
1 74 138
3193 2661 139
2209 2467 140
3170 3483 141
2779 1974 142
5072 2344 143
4436 3943 144
1584 1028 145
247 4417 146
436 4576 147
2324 1972 148
3322 3824 149
2257 3440 150
2711 2715 151
1490 3347 152
3323 4749 153
1671 769 154
2280 2648 155
2201 4186 156
457 411 157
432 313 158
4638 3627 159
185 1785 160
3175 777 161
4523 4882 162
4133 2516 163
4896 459 164
5064 2761 165
4428 833 166
597 1847 167
2783 334 168
4186 4899 169
3369 4272 170
2238 2160 171
3485 4102 172
409 2901 173
3274 1218 174
930 5097 175
521 701 176
4263 2270 177
257 4082 178
500 5047 179
4877 2877 180
4187 3530 181
4247 4152 182
3408 2990 183
3967 47 184
3574 4337 185
3087 4129 186
2153 1562 187
2807 1949 188
2168 4039 189
4613 1255 190
4049 2653 191
723 4981 192
4951 1603 193
1200 3020 194
2028 1394 195
787 81 196
3605 1970 197
3357 1535 198
3918 262 199
1261 4248 200
3027 2162 1
3983 4505 2
1113 4786 3
2607 4649 4
2512 838 5
2257 5069 6
77 2258 7
149 3281 8
1874 3223 9
3334 2119 10
2686 4580 11
3949 3763 12
4596 3890 13
2567 1739 14
1227 3894 15
833 2542 16
4524 1385 17
3021 2278 18
2521 4889 19
754 4215 20
1800 163 21
86 2316 22
2740 4334 23
1284 2627 24
3009 3739 25
1853 4624 26
4152 3074 27
1180 590 28
2338 4126 29
3092 2737 30
2887 1441 31
4130 3684 32
2899 2796 33
3310 3848 34
4568 697 35
3805 4615 36
4509 82 37
2170 4596 38
2965 4097 39
3487 154 40
3331 2910 41
1983 1797 42
2945 2738 43
1353 493 44
2878 3189 45
1379 694 46
4847 2929 47
1451 232 48
3754 3202 49
1871 2289 50
437 2486 51
3948 4037 52
3339 2460 53
5098 3522 54
1049 5054 55
3621 2342 56
4973 4085 57
3468 3100 58
109 2213 59
4033 554 60
1161 2010 61
1832 1341 62
2774 1536 63
4463 1884 64
1650 663 65
1268 5032 66
2795 770 67
2781 4345 68
2508 2072 69
3667 4273 70
986 2215 71
1806 4181 72
1884 2693 73
4305 1800 74
378 284 75
2404 4119 76
557 1958 77
4259 2093 78
1629 2622 79
4032 4359 80
340 4385 81
325 4450 82
4647 2049 83
410 1208 84
4556 2197 85
521 357 86
4758 219 87
1500 841 88
2888 1490 89
3181 1842 90
3713 1696 91
4834 3464 92
2181 1515 93
3814 3665 94
3330 3227 95
1177 2669 96
2134 5051 97
290 4132 98
3968 3416 99
4579 1372 100
4180 2921 101
2402 1751 102
2995 3331 103
3688 2952 104
404 1056 105
3920 1306 106
4409 2131 107
3672 2546 108
224 4894 109
3769 4664 110
3010 3099 111
3446 1980 112
2111 2746 113
3722 317 114
2422 681 115
698 874 116
2846 4589 117
4845 2724 118
2869 843 119
3337 2719 120
650 3148 121
976 852 122
1480 5042 123
854 2927 124
3154 2450 125
415 2253 126
914 996 127
787 1240 128
1905 231 129
24 4537 130
1113 1145 131
3767 4243 132
2165 3176 133
895 4369 134
4286 3042 135
406 3987 136
60 1622 137
4503 723 138
1446 2216 139
2765 64 140
4601 166 141
3467 1089 142
4162 3792 143
320 84 144
876 3076 145
3891 918 146
4371 2879 147
2371 2606 148
169 4377 149
4797 4535 150
1190 2675 151
1252 4607 152
3735 2754 153
4817 4339 154
2801 5048 155
3970 4067 156
3956 274 157
3713 3701 158
4976 910 159
475 4980 160
1318 4727 161
178 1226 162
4924 2340 163
567 1413 164
1995 3034 165
1186 1161 166
591 3918 167
1353 3264 168
271 2207 169
3744 1926 170
1432 115 171
2542 4575 172
691 1719 173
2754 4240 174
103 4562 175
912 23 176
1800 3611 177
1693 890 178
553 1434 179
1664 2274 180
4643 1059 181
36 327 182
5020 4736 183
224 3844 184
978 4706 185
5000 2138 186
3907 2080 187
116 3147 188
4189 832 189
3042 3158 190
3252 86 191
3043 1491 192
545 4244 193
1331 3115 194
393 2235 195
549 904 196
5053 2595 197
4414 252 198
426 4066 199
1646 1508 200
526 2426 1
2020 3819 2
3797 604 3
3360 2509 4
4772 4945 5
1356 2988 6
1990 3149 7
2446 3961 8
3427 3374 9
3381 2572 10
2298 3839 11
2110 2494 12
4569 3375 13
2727 225 14
4948 3733 15
3574 673 16
2978 1380 17
930 534 18
28 2090 19
763 2294 20
3965 4251 21
4450 2473 22
3489 1325 23
3097 4884 24
4009 3711 25
580 17 26
3648 4737 27
835 4259 28
1631 571 29
1520 4261 30
4715 2380 31
1828 2191 32
2615 1324 33
3692 3776 34
2819 1458 35
2694 2286 36
1065 559 37
4435 1362 38
690 2394 39
2191 4249 40
2670 3052 41
3009 961 42
135 988 43
3265 1982 44
385 1061 45
4233 205 46
4631 2850 47
3185 3879 48
4893 4482 49
3251 1627 50
1183 5086 51
3603 1269 52
3187 3595 53
2535 699 54
1700 4729 55
3118 3602 56
4463 1594 57
2669 2949 58
278 1252 59
3311 4671 60
1812 3234 61
1881 986 62
2418 4158 63
557 2273 64
1005 1801 65
1786 2936 66
394 206 67
1259 2677 68
2380 1102 69
4959 157 70
2556 2741 71
1479 2956 72
1870 1557 73
5013 5060 74
4444 1672 75
4266 65 76
20 2765 77
1161 130 78
4559 2766 79
2555 796 80
2371 2670 81
112 2533 82
2172 4472 83
1386 3486 84
890 4723 85
3802 1606 86
2889 4098 87
4438 2183 88
526 877 89
3125 4203 90
103 3172 91
4710 2525 92
3027 2358 93
1984 378 94
5064 217 95
1332 2185 96
517 3563 97
2123 2732 98
2320 1850 99
4973 3037 100
359 4346 101
1474 519 102
3997 4219 103
1454 455 104
4313 3773 105
4540 3785 106
3756 1936 107
4586 3521 108
3025 4483 109
651 4667 110
4051 432 111
4142 2913 112
2390 1119 113
4969 2097 114
4604 122 115
5065 2154 116
4917 2413 117
3993 2085 118
2867 3969 119
1672 981 120
950 4226 121
1753 3140 122
507 1767 123
883 4784 124
661 2382 125
3769 2202 126
779 2593 127
3788 3418 128
4438 4360 129
1007 2263 130
3657 1185 131
1606 4549 132
3844 3769 133
3875 978 134
2779 3704 135
3360 2636 136
3579 2941 137
3064 2788 138
4549 1694 139
1090 1021 140
3626 3588 141
3927 4623 142
1550 1172 143
1775 1174 144
2723 3862 145
4801 4038 146
233 5052 147
870 1191 148
413 1027 149
4569 635 150
4953 2490 151
437 155 152
1553 3868 153
3791 2280 154
4282 2803 155
2272 1985 156
3712 5091 157
734 2155 158
3895 5025 159
3844 671 160
1593 2650 161
4060 2581 162
3917 2100 163
2645 4343 164
4682 83 165
3761 3224 166
2628 1902 167
2965 2370 168
2746 4515 169
3366 4044 170
1492 3064 171
2028 2862 172
3770 2324 173
3037 4870 174
1372 3899 175
3983 3135 176
22 3590 177
2389 4086 178
4939 3537 179
1166 168 180
3602 1825 181
4722 2623 182
3018 4651 183
2468 3178 184
3135 2336 185
1915 413 186
4803 2329 187
1305 5018 188
737 4565 189
81 4728 190
3331 4512 191
4577 1457 192
5020 4443 193
614 1298 194
2551 3812 195
1719 2891 196
3603 1988 197
287 2208 198
3666 2726 199
5024 1830 200
4895 1438 1
4830 4388 2
4002 3249 3
926 2996 4
914 2284 5
2870 3499 6
3118 2283 7
4293 1169 8
3516 3703 9
1457 27 10
2540 1097 11
3649 4679 12
4143 4814 13
4923 4492 14
1216 751 15
1605 2671 16
4025 1839 17
4399 1629 18
1295 3132 19
2258 3476 20
1953 1272 21
1031 2764 22
2699 4999 23
1832 4881 24
2413 4362 25
2332 1878 26
615 25 27
4765 1129 28
2812 3005 29
4953 2947 30
3367 3645 31
443 2838 32
2277 979 33
1643 4517 34
653 4449 35
1703 419 36
1619 545 37
599 1308 38
1079 3315 39
1079 19 40
2218 4352 41
1332 169 42
2758 187 43
4637 3956 44
2979 3781 45
72 49 46
1565 469 47
2200 3179 48
37 4348 49
3525 1183 50
3154 1919 51
2252 2890 52
85 2014 53
3631 4629 54
2427 1610 55
1288 1062 56
787 1992 57
4955 3548 58
4411 1260 59
4033 1278 60
1892 3219 61
1334 3181 62
308 5038 63
3458 4080 64
1572 3469 65
2922 345 66
4106 3571 67
1884 2922 68
4584 901 69
1873 5061 70
3262 456 71
5058 4387 72
355 3126 73
4614 1461 74
1868 4860 75
71 4831 76
2540 657 77
512 2821 78
5012 4783 79
3641 4609 80
2147 1312 81
815 1337 82
1443 3414 83
1340 1647 84
1982 4827 85
573 3903 86
1353 716 87
4339 3207 88
956 2971 89
4042 3468 90
125 2142 91
3999 1348 92
3888 4141 93
4305 3342 94
3844 103 95
225 2982 96
4920 1387 97
4621 2166 98
4822 3124 99
3876 2562 100
3498 2214 101
2196 4434 102
3525 1 103
2753 3051 104
2631 3666 105
357 4423 106
4765 2466 107
2976 3977 108
3967 3549 109
965 1477 110
2320 3447 111
912 4349 112
4667 2926 113
2883 3932 114
4801 786 115
1845 1872 116
705 1000 117
4856 1525 118
492 1231 119
2722 4228 120
3608 5063 121
1674 3084 122
437 2847 123
570 1186 124
2154 914 125
965 4821 126
656 1155 127
3781 1929 128
397 2935 129
59 412 130
1362 1408 131
3589 3630 132
3669 4918 133
2813 318 134
4226 5024 135
2951 2375 136
4016 410 137
1963 2667 138
965 1146 139
4130 1859 140
3770 1828 141
3233 3029 142
3772 606 143
2820 4959 144
3910 3340 145
5016 4071 146
1835 4793 147
4655 2277 148
1989 5012 149
3503 4489 150
2430 479 151
2431 5089 152
4054 4319 153
125 3182 154
4894 3539 155
1756 3941 156
4496 209 157
3137 3003 158
212 1096 159
4584 1327 160
2522 1570 161
2292 3743 162
4063 1266 163
3781 4581 164
4310 2616 165
2727 2129 166
4863 1699 167
4532 3867 168
892 2244 169
4383 2698 170
3265 526 171
4034 462 172
1057 998 173
1951 1122 174
3937 371 175
591 3957 176
1295 3835 177
4424 753 178
3578 4176 179
4811 1769 180
937 1101 181
2855 661 182
914 4764 183
2468 4092 184
2600 4133 185
1953 2662 186
4866 3885 187
159 4368 188
256 990 189
4058 3077 190
555 3738 191
3783 1124 192
2539 1990 193
381 3585 194
1609 3404 195
1803 2835 196
3949 562 197
2255 3373 198
1502 4567 199
4250 1264 200
2308 1305 1
3082 331 2
2193 3472 3
942 1655 4
4411 2044 5
4563 4424 6
4595 3463 7
3579 3517 8
3468 648 9
3733 1943 10
3984 2406 11
965 3086 12
4587 3436 13
3106 3802 14
4614 1495 15
113 2773 16
4371 87 17
3699 3988 18
3770 1734 19
2129 71 20
787 38 21
2801 2240 22
2264 3337 23
4627 3484 24
3435 4690 25
4171 320 26
4011 4813 27
963 2292 28
1761 3159 29
492 5015 30
4600 758 31
1556 4029 32
1939 4063 33
2801 3257 34
1318 4237 35
2644 2226 36
2187 2334 37
2296 2965 38
1727 1228 39
3930 144 40
1780 2853 41
1372 702 42
823 1073 43
2667 789 44
1796 2736 45
4287 2721 46
4134 4531 47
196 1865 48
215 592 49
1837 3072 50
1286 1452 51
1535 104 52
3325 1513 53
2953 842 54
388 2520 55
3231 1782 56
800 2239 57
2701 4885 58
895 4877 59
2371 580 60
4659 3766 61
4883 1344 62
3562 3180 63
2045 1233 64
1953 4077 65
771 1041 66
564 1454 67
3660 3243 68
4049 898 69
1059 2246 70
998 2580 71
314 3322 72
4762 4745 73
1145 1227 74
426 2637 75
969 452 76
4227 3338 77
999 3908 78
4399 1342 79
4171 2201 80
437 4302 81
1020 4138 82
2738 31 83
4574 1537 84
494 4209 85
4244 608 86
2295 3198 87
1104 4966 88
965 4844 89
1757 4246 90
686 1566 91
1493 1391 92
2570 3754 93
4279 3343 94
2502 2416 95
3297 3110 96
1618 143 97
4312 4276 98
4653 4416 99
1938 2404 100
1832 2697 101
4269 1177 102
382 1419 103
2541 3446 104
696 4118 105
689 693 106
843 5062 107
297 5059 108
3116 4247 109
4130 1496 110
4476 4281 111
1481 2974 112
1432 314 113
849 1175 114
3058 4726 115
849 3729 116
1647 3770 117
2803 2366 118
5066 1805 119
2645 2118 120
274 4697 121
3082 1359 122
2244 2705 123
3307 2124 124
2522 28 125
4088 305 126
2286 2249 127
4714 4053 128
1357 4193 129
2683 391 130
4833 197 131
1817 3201 132
3868 4756 133
4423 3523 134
1253 91 135
1609 496 136
1815 3363 137
4544 495 138
86 497 139
4257 1118 140
1512 1877 141
3416 1976 142
2482 4541 143
4815 3388 144
3339 4933 145
3468 138 146
1048 3053 147
3734 656 148
4009 1351 149
1211 2908 150
2541 1300 151
1803 4394 152
3791 5050 153
3637 1870 154
139 4837 155
2826 4462 156
2059 3540 157
3995 3624 158
3480 4892 159
3613 3453 160
1589 1067 161
4047 1153 162
2545 4795 163
4739 1978 164
1522 471 165
4458 4602 166
4874 3085 167
1671 4231 168
3332 3695 169
2313 4511 170
4490 323 171
3828 2047 172
2262 2300 173
306 442 174
2753 2354 175
2781 4652 176
3254 464 177
4263 3169 178
1897 873 179
941 909 180
2094 4128 181
3111 3167 182
1606 742 183
2368 1650 184
2869 2156 185
2933 3482 186
3989 2558 187
4574 3614 188
619 1695 189
338 1860 190
4655 2442 191
1852 2144 192
1960 2807 193
3118 2995 194
2422 3670 195
3183 3358 196
1553 3490 197
2812 1150 198
1457 5011 199
4179 1575 200
206 1267 1
1786 3420 2
5023 2350 3
1546 3925 4
2124 4311 5
585 2110 6
3425 2451 7
2089 4994 8
1978 72 9
708 1371 10
4821 598 11
1674 4300 12
2354 1748 13
1097 1103 14
2626 4310 15
4057 2871 16
4719 2414 17
5004 78 18
4312 3799 19
4674 488 20
4816 1459 21
3712 2499 22
2864 2328 23
5016 304 24
4839 2900 25
1866 1414 26
1509 3801 27
4463 785 28
2689 1624 29
4900 2402 30
3865 3016 31
216 3318 32
1635 4048 33
4637 3497 34
1036 4693 35
4597 1369 36
3184 993 37
4714 2975 38
4548 1899 39
3664 4561 40
4848 3810 41
4329 4769 42
4171 4718 43
708 974 44
1372 4122 45
2173 3516 46
4294 2302 47
1965 1301 48
4664 4859 49
3162 4163 50
4069 4106 51
1203 611 52
1781 896 53
443 4958 54
3963 4747 55
343 4878 56
5053 700 57
4176 3017 58
1060 1465 59
800 4897 60
2307 1549 61
117 2710 62
4409 397 63
5064 3060 64
4288 3004 65
4120 2571 66
2703 270 67
3875 482 68
4781 1796 69
4011 34 70
1686 1681 71
4872 4926 72
245 3080 73
3241 4109 74
2414 1727 75
3624 2099 76
4057 3496 77
733 2598 78
3692 3377 79
2710 1975 80
4 1024 81
2935 3609 82
1577 184 83
3231 4734 84
3820 3129 85
1154 629 86
1603 644 87
400 748 88
4993 2440 89
942 1299 90
4675 3308 91
2635 1399 92
3009 3261 93
310 4886 94
4628 3230 95
1088 637 96
2090 4733 97
4894 2841 98
1340 3069 99
4825 1488 100
2464 1613 101
1290 2544 102
955 3692 103
2771 1224 104
2757 3102 105
3295 500 106
2201 1658 107
1550 4643 108
1488 4028 109
1075 845 110
2655 1678 111
1391 2742 112
719 4670 113
4250 2453 114
2201 1932 115
4824 1070 116
197 2805 117
4447 4774 118
1216 4475 119
192 1339 120
4175 403 121
2243 4528 122
4371 2759 123
1806 2769 124
947 1340 125
4165 4222 126
387 2547 127
2285 2407 128
1259 2846 129
37 989 130
3011 811 131
4904 3314 132
4904 1200 133
594 3328 134
4958 2055 135
850 1651 136
1268 3586 137
5024 3078 138
3042 4090 139
4471 4842 140
1680 2642 141
248 4763 142
3897 4125 143
1739 931 144
3089 4305 145
2193 58 146
317 4057 147
923 3305 148
4350 167 149
1103 377 150
4331 675 151
3291 652 152
4733 5020 153
3780 1086 154
387 3019 155
114 2066 156
224 1330 157
2045 3156 158
614 3050 159
4382 3429 160
2511 1631 161
4620 125 162
1635 2745 163
3684 3339 164
494 3506 165
508 4499 166
1451 2461 167
4321 706 168
3036 4283 169
4227 4839 170
4399 1973 171
120 1099 172
589 3221 173
77 4961 174
2541 2043 175
2179 3791 176
4294 939 177
2371 2317 178
823 1634 179
2394 2681 180
1185 3250 181
2453 992 182
483 4096 183
3739 2019 184
4559 1812 185
2314 1029 186
179 4170 187
894 1868 188
1626 952 189
4352 276 190
1775 3947 191
3435 3601 192
3741 4536 193
453 1539 194
3485 332 195
4001 1415 196
3877 3589 197
2054 4225 198
3562 3687 199
3541 40 200
4118 2575 1
4955 1020 2
715 3534 3
1990 4857 4
4848 4008 5
3803 2266 6
2321 1428 7
3086 1407 8
261 2663 9
789 3984 10
265 4400 11
1711 766 12
4622 4713 13
355 4705 14
1814 1875 15
4059 1795 16
3966 1448 17
2207 4479 18
1340 2727 19
3267 1159 20
2942 3751 21
2904 2456 22
3960 3466 23
1403 1092 24
2148 3236 25
81 4366 26
3887 4768 27
1880 1671 28
47 3565 29
1206 3765 30
4313 4185 31
4759 2993 32
3770 1963 33
1067 2372 34
2248 3187 35
514 4267 36
947 3334 37
1389 1178 38
1026 309 39
3090 2526 40
3105 3843 41
789 2430 42
4487 5100 43
1072 308 44
510 1775 45
2813 80 46
3154 3127 47
705 4289 48
2604 4230 49
3920 1373 50
4333 2117 51
2200 3210 52
3567 556 53
4649 4401 54
4716 3976 55
1024 1754 56
2462 568 57
5005 3067 58
671 3562 59
2150 2801 60
3389 595 61
2899 3638 62
36 2203 63
1496 2030 64
5008 4616 65
225 1717 66
389 4006 67
3821 2298 68
3898 3777 69
5090 731 70
481 2379 71
3210 1662 72
2641 4373 73
1183 2522 74
468 5066 75
3957 3898 76
656 2008 77
374 861 78
2343 679 79
2499 2102 80
65 4114 81
4089 646 82
325 4099 83
1978 2815 84
2548 1190 85
2735 3722 86
854 4861 87
2710 1189 88
4202 4987 89
2419 4299 90
209 2834 91
4342 3120 92
3958 1937 93
1072 2799 94
2139 358 95
4351 1418 96
4825 1444 97
760 5095 98
4894 1815 99
1252 2307 100
4485 1689 101
3118 2034 102
379 4412 103
4428 3146 104
74 1081 105
3585 4493 106
2296 4049 107
84 521 108
3482 4568 109
155 3573 110
2879 4466 111
2768 3600 112
380 4025 113
3857 732 114
2298 218 115
295 2056 116
2679 665 117
4479 3448 118
3243 760 119
2787 3154 120
889 3764 121
2090 3095 122
1225 2618 123
1334 4744 124
2692 925 125
3321 3856 126
4621 3138 127
4682 4603 128
4703 3535 129
2190 4426 130
49 1544 131
3724 1898 132
57 44 133
2417 2021 134
1378 2822 135
2959 43 136
3086 4674 137
2040 2521 138
2691 790 139
2425 2446 140
4013 3415 141
3783 4584 142
2492 1257 143
2869 2122 144
1155 633 145
1185 5019 146
3796 3001 147
1618 906 148
3797 2772 149
4140 2261 150
485 3057 151
4664 101 152
3488 4149 153
1764 470 154
1832 77 155
753 3622 156
1324 708 157
261 2444 158
3790 2652 159
4822 2570 160
4854 1940 161
2918 1285 162
2277 52 163
2567 1989 164
1307 2218 165
4986 460 166
2804 1290 167
4351 4471 168
3026 3598 169
3279 1436 170
2766 1046 171
2350 2515 172
3054 1198 173
2864 4700 174
1167 2585 175
5058 684 176
2049 2178 177
1380 4314 178
1356 1621 179
3262 2031 180
423 461 181
3041 3542 182
2429 3851 183
4106 2243 184
2717 2569 185
2391 3101 186
779 4514 187
272 1799 188
3932 1771 189
1687 1846 190
3303 2600 191
4169 4522 192
1855 3419 193
2716 3985 194
3905 634 195
1618 1903 196
775 4075 197
2018 3109 198
4366 1034 199
1713 230 200
3969 2076 1
1956 2150 2
3562 3951 3
45 1746 4
77 2170 5
1337 2255 6
2683 3642 7
1476 221 8
1877 3065 9
3306 59 10
4428 4855 11
1663 660 12
4703 1710 13
1292 386 14
1855 2148 15
1186 291 16
1990 1148 17
4049 3897 18
2218 2758 19
2539 3877 20
4856 4093 21
591 1294 22
782 1271 23
2584 290 24
4339 3341 25
4863 226 26
1472 2503 27
3789 1731 28
2864 1646 29
3763 1106 30
500 107 31
1182 489 32
4721 3668 33
26 2914 34
3877 666 35
1167 4409 36
671 3726 37
1815 4872 38
1079 2256 39
3691 3470 40
185 2018 41
38 2445 42
2605 2576 43
1681 4785 44
1268 1810 45
3987 5090 46
2298 3783 47
3525 4140 48
2975 934 49
1531 2882 50
3853 3696 51
247 2112 52
1933 2579 53
956 1007 54
3686 4034 55
317 829 56
2511 476 57
4745 4357 58
602 3384 59
1286 2664 60
818 4172 61
1167 4991 62
3602 1888 63
2439 840 64
4342 1322 65
1248 503 66
3624 2058 67
2758 3910 68
4962 4944 69
3811 3319 70
2903 3603 71
4054 35 72
72 1529 73
172 242 74
2308 1604 75
963 4407 76
2965 1361 77
4355 721 78
4820 775 79
1780 2905 80
2733 1188 81
1623 349 82
2841 5085 83
4596 1673 84
2324 2343 85
3286 330 86
1865 812 87
98 2369 88
1604 375 89
1318 2152 90
1292 2566 91
1673 793 92
3114 1474 93
999 907 94
1145 4338 95
2213 566 96
893 2852 97
5022 736 98
3320 2143 99
3118 980 100
2367 1001 101
4883 4815 102
4263 3106 103
3542 2271 104
3934 1571 105
564 254 106
3079 2629 107
2798 3860 108
2072 136 109
553 4015 110
498 4862 111
1807 3948 112
4018 2048 113
3566 250 114
3303 4803 115
4728 1843 116
1939 1251 117
1879 2252 118
4710 1439 119
980 434 120
3783 4355 121
89 869 122
2462 4069 123
3148 2323 124
2979 3026 125
1941 4389 126
1079 1109 127
4808 126 128
1989 1353 129
1959 2174 130
3922 1032 131
4152 1379 132
149 670 133
581 4924 134
1430 4264 135
539 4504 136
1938 3183 137
4843 1114 138
3605 576 139
2478 784 140
321 2656 141
3843 3268 142
661 3412 143
4444 2814 144
854 4798 145
2899 4103 146
3447 4895 147
2420 186 148
658 2036 149
1931 2464 150
3322 5041 151
2013 4925 152
2471 363 153
3791 2168 154
2090 2785 155
3776 1402 156
3525 4711 157
2701 1856 158
3734 4923 159
33 4062 160
15 1246 161
3402 619 162
1941 2897 163
672 3505 164
3280 4610 165
4308 2755 166
2491 831 167
3857 2029 168
4229 1738 169
2709 200 170
632 1886 171
4247 552 172
938 1449 173
1379 863 174
561 800 175
2216 196 176
2236 1737 177
1609 891 178
3466 946 179
64 4290 180
2278 1561 181
114 1599 182
1630 4047 183
4034 3829 184
941 258 185
3880 548 186
1035 112 187
3245 4594 188
163 3597 189
2334 1585 190
2641 3142 191
4761 3623 192
1930 4279 193
703 3924 194
2695 3832 195
103 2714 196
2603 2411 197
692 2024 198
3332 900 199
1889 449 200
3064 1757 1
999 1753 2
3876 4421 3
2891 894 4
185 2902 5
1444 936 6
4951 3914 7
3525 4395 8
4616 2845 9
3621 4061 10
2538 105 11
963 632 12
3611 2559 13
3631 3275 14
4301 834 15
2095 2357 16
3927 3644 17
2846 4722 18
445 2999 19
2213 435 20
3193 2113 21
263 2875 22
1085 2756 23
3633 4658 24
4580 2752 25
2090 4851 26
1012 2587 27
408 1094 28
927 4633 29
1155 2347 30
1076 3837 31
3672 48 32
1815 4577 33
2740 2385 34
2399 4245 35
4825 3371 36
1318 4787 37
3693 1042 38
3379 294 39
1764 540 40
1666 542 41
4783 1253 42
5050 941 43
4373 3345 44
3120 2723 45
3472 2448 46
1280 1702 47
1714 4875 48
3815 4984 49
2645 2186 50
3245 4840 51
4995 2172 52
4596 2564 53
1685 4852 54
3963 2128 55
482 754 56
3553 1357 57
2752 2840 58
2084 322 59
3574 3402 60
2877 3502 61
756 3063 62
65 867 63
300 1270 64
1539 3811 65
4239 5071 66
3888 4218 67
526 1329 68
4193 3698 69
1634 2301 70
3754 3366 71
2794 1578 72
3385 587 73
3175 3015 74
3293 1881 75
507 1011 76
3813 2634 77
3036 2699 78
4876 1516 79
2244 2247 80
1142 18 81
2955 4808 82
3999 3434 83
5039 2711 84
2819 3715 85
4206 3906 86
5064 2859 87
3667 2753 88
2415 3390 89
148 1705 90
2308 4171 91
2827 1924 92
4444 695 93
1574 2438 94
4559 2625 95
11 4962 96
3126 1463 97
2868 3927 98
2195 1546 99
1388 2907 100
4308 185 101
3526 4217 102
2440 6 103
4702 1572 104
1984 1576 105
1582 1014 106
2489 2415 107
1982 2332 108
1968 4832 109
2633 4948 110
2532 2610 111
3908 1493 112
4371 2003 113
1647 4653 114
4621 4367 115
861 1244 116
1388 4778 117
1240 4490 118
1978 4698 119
889 683 120
1978 539 121
1078 1396 122
3562 3723 123
1135 15 124
3380 4635 125
57 352 126
3174 4566 127
2111 4402 128
96 1873 129
2731 4021 130
3048 940 131
3304 767 132
2226 4631 133
472 3462 134
3485 4260 135
1957 1462 136
4650 3244 137
1685 2272 138
3334 4453 139
74 964 140
159 1286 141
3918 2594 142
2487 4702 143
2621 1914 144
947 4743 145
2979 3690 146
2222 1511 147
2936 2780 148
4331 1803 149
565 1607 150
2347 1274 151
3877 1388 152
1793 3952 153
1443 13 154
672 2523 155
3171 1187 156
305 3494 157
980 4770 158
1331 1142 159
1656 1125 160
1053 3807 161
3602 2735 162
5066 5070 163
1183 4444 164
2701 2531 165
1141 3767 166
1307 3321 167
1396 1004 168
778 818 169
1339 1697 170
2833 572 171
4703 4393 172
3409 296 173
2855 1158 174
3164 806 175
4559 1194 176
2865 1723 177
4105 3451 178
4053 3717 179
3985 4521 180
224 2979 181
4956 1684 182
3784 1343 183
1225 2792 184
2256 3907 185
4795 3786 186
2759 1435 187
1713 4707 188
543 2760 189
178 4262 190
2866 1948 191
2755 388 192
4305 5088 193
4286 2436 194
3435 2612 195
772 4236 196
3983 46 197
4851 4153 198
877 1460 199
1163 4598 200
932 1656 1
5064 2033 2
1079 2586 3
3548 959 4
4982 2130 5
4516 3197 6
1045 1853 7
1696 1691 8
765 4332 9
92 3662 10
4014 4341 11
4845 450 12
4615 1834 13
4052 4214 14
48 1064 15
4579 1426 16
28 4824 17
735 2321 18
3687 2313 19
1123 823 20
1573 3955 21
1490 3748 22
1528 4508 23
2268 3058 24
1188 2707 25
1719 3796 26
418 408 27
4053 4137 28
2370 1090 29
3868 5046 30
3061 216 31
2296 1091 32
571 306 33
2458 3928 34
1956 3293 35
2462 3804 36
4982 4196 37
2697 3039 38
3920 4390 39
3185 2889 40
969 2561 41
4541 575 42
4902 1792 43
2090 4703 44
3066 1259 45
1033 1863 46
3097 2238 47
3026 1742 48
1938 3847 49
796 630 50
4596 1076 51
3599 3629 52
393 4739 53
2049 2254 54
3785 1952 55
2190 4666 56
4595 570 57
3934 319 58
3421 3594 59
975 4865 60
5069 2781 61
2570 1589 62
3764 3161 63
5098 1143 64
3064 1632 65
1268 4127 66
2252 2856 67
3306 380 68
3208 2800 69
3202 2221 70
4927 4523 71
3525 3088 72
1598 3287 73
3231 3991 74
4277 627 75
1922 4880 76
1375 113 77
3241 3439 78
2458 2615 79
1647 3889 80
317 5002 81
4457 4850 82
2250 655 83
1253 2395 84
3608 686 85
1367 3904 86
2313 4597 87
4025 4285 88
4318 1781 89
1460 160 90
372 1582 91
1289 243 92
4352 1835 93
1045 3256 94
5080 3162 95
2273 4204 96
1318 3113 97
65 4691 98
2002 4179 99
4331 4084 100
1512 3184 101
4142 1058 102
2971 4442 103
3999 251 104
3056 4347 105
4877 2874 106
1458 2023 107
658 3881 108
4705 3756 109
2754 976 110
2264 4996 111
2359 1232 112
2393 5034 113
2975 2649 114
794 1184 115
1004 882 116
2642 4911 117
4057 2638 118
5050 4665 119
2462 2582 120
2262 153 121
1391 2607 122
1526 2591 123
3994 4207 124
1143 4136 125
3912 2729 126
3637 507 127
765 2898 128
3488 3475 129
3392 2771 130
4129 1740 131
2856 1804 132
2154 4993 133
4942 1829 134
2417 5009 135
4716 764 136
3001 4622 137
2899 4573 138
1574 1467 139
1955 10 140
74 235 141
1911 5067 142
437 2038 143
2247 1066 144
2759 4620 145
4634 3825 146
2765 1123 147
2338 2104 148
2453 5078 149
3359 3880 150
4056 1442 151
2028 4194 152
2092 1520 153
1758 4130 154
2871 360 155
2255 771 156
2231 3031 157
1326 2673 158
1517 329 159
3472 247 160
1488 1749 161
903 3406 162
1601 2880 163
4576 2545 164
2045 3937 165
4930 2543 166
2259 494 167
2986 3046 168
2756 930 169
5024 1113 170
2663 282 171
2816 3008 172
335 4182 173
3083 4888 174
3722 4383 175
4733 4052 176
1383 720 177
47 1093 178
28 3107 179
25 3720 180
4674 475 181
3103 4794 182
3264 1772 183
2567 4496 184
258 448 185
2594 4934 186
406 1152 187
3010 2068 188
1538 3580 189
610 118 190
4562 4776 191
4371 1849 192
2883 4969 193
4115 1432 194
2217 3788 195
3937 2035 196
947 1630 197
2252 1826 198
1463 1776 199
2738 513 200
2683 1037 1
3856 466 2
4569 178 3
4433 92 4
4261 2961 5
2590 2064 6
5013 1470 7
342 1213 8
4683 3931 9
38 3855 10
656 4592 11
1292 2539 12
4726 4344 13
4424 3191 14
923 2063 15
1034 3809 16
18 1543 17
4574 4353 18
4645 4192 19
1336 4710 20
3608 2951 21
1805 1221 22
2694 4009 23
2735 385 24
1421 2554 25
563 2886 26
1851 4470 27
3695 1922 28
4737 4525 29
1360 2583 30
794 1609 31
1535 4480 32
2289 1162 33
2331 1784 34
3414 2067 35
3288 3168 36
2743 2892 37
4683 204 38
2787 4938 39
3876 4973 40
140 3171 41
941 654 42
3795 4316 43
1849 1574 44
153 4809 45
3467 3045 46
1951 2217 47
1315 2223 48
3982 2006 49
629 1422 50
4579 966 51
3458 5037 52
4976 2867 53
4209 4059 54
462 261 55
1631 3524 56
1018 954 57
1234 1711 58
401 491 59
3041 2428 60
2950 3173 61
3937 1996 62
69 2969 63
341 2039 64
1477 516 65
3561 212 66
4115 4838 67
1892 3775 68
3863 4392 69
2805 1620 70
1359 4755 71
895 4822 72
2763 921 73
2724 2331 74
1787 3536 75
1095 1323 76
3132 202 77
4108 4270 78
1112 2601 79
1235 1526 80
3512 2718 81
1020 2911 82
4822 5096 83
887 5022 84
947 2149 85
1079 4330 86
5048 1759 87
3806 1783 88
4351 2474 89
3880 2163 90
1435 3975 91
992 4159 92
475 2431 93
1172 1115 94
3130 3399 95
44 3616 96
3954 1319 97
3684 1814 98
5004 937 99
286 836 100
1123 3330 101
437 1874 102
609 98 103
1794 3871 104
4025 1602 105
3754 3485 106
1683 2468 107
3488 2365 108
4443 922 109
4257 2184 110
4280 1750 111
4381 2937 112
4042 3166 113
1863 819 114
2315 3596 115
234 1121 116
2417 3049 117
4349 3893 118
4331 4534 119
3960 1002 120
3669 3607 121
5020 3351 122
5074 538 123
2353 1117 124
4526 4587 125
3876 4746 126
4669 5074 127
4129 2923 128
3243 740 129
2973 744 130
2568 4032 131
3611 2651 132
4444 4574 133
4463 3902 134
3613 724 135
3305 4612 136
1510 613 137
3367 2986 138
2930 3157 139
2983 3282 140
3278 477 141
5037 1279 142
2148 567 143
1366 2963 144
1558 24 145
4047 3498 146
204 3294 147
2002 1744 148
1388 2657 149
4821 3512 150
4595 4297 151
2730 3278 152
2817 2932 153
4664 1563 154
2511 2868 155
2840 4942 156
4900 3734 157
4463 192 158
1751 2211 159
2049 1633 160
2584 5043 161
3875 4269 162
2755 2535 163
4515 1993 164
4052 405 165
2094 2349 166
3183 1762 167
942 850 168
3210 3038 169
1968 2308 170
2709 2325 171
1376 2955 172
2579 905 173
2054 3401 174
570 137 175
1922 1170 176
1048 1524 177
3325 1472 178
1745 1139 179
2394 4605 180
2371 3655 181
4904 3355 182
1514 4144 183
2231 1111 184
2771 1840 185
539 536 186
235 3707 187
4331 1817 188
2250 886 189
3064 285 190
2744 620 191
4367 4869 192
1331 1424 193
3745 110 194
624 3247 195
2371 1848 196
4969 2832 197
3321 3626 198
2398 3195 199
2453 1012 200
3783 1500 1
4138 1954 2
1893 530 3
2897 3828 4
4263 3241 5
188 4005 6
3431 1450 7
4674 1885 8
2295 50 9
1929 3942 10
2682 2789 11
2020 2199 12
1939 591 13
3002 717 14
959 3329 15
2778 114 16
2606 60 17
2694 2654 18
1463 2458 19
1842 4323 20
261 816 21
1256 2069 22
1904 4828 23
3857 1022 24
4121 2075 25
1327 3746 26
5042 3350 27
550 4642 28
1905 763 29
284 5049 30
2230 1293 31
3997 2361 32
2168 2423 33
671 2371 34
3044 1078 35
933 134 36
1804 3838 37
108 45 38
4625 4110 39
2800 3576 40
2978 140 41
3560 1008 42
1417 2304 43
4218 1682 44
4471 1725 45
978 2005 46
2777 1031 47
4900 2843 48
4834 1075 49
4625 158 50
3348 3103 51
4540 4748 52
2741 4187 53
4666 2630 54
2955 1770 55
1377 2341 56
3148 1641 57
3844 773 58
2244 3235 59
488 4256 60
1579 4301 61
424 638 62
1671 4599 63
5099 1669 64
4845 2053 65
2870 2777 66
2965 1931 67
2820 610 68
181 4045 69
552 3940 70
1240 1047 71
4277 640 72
1492 4268 73
773 787 74
3094 4593 75
789 1676 76
2738 245 77
1654 1235 78
1603 3471 79
4894 5075 80
3706 220 81
510 4971 82
1591 2505 83
1340 387 84
3378 2861 85
3930 1654 86
4861 1242 87
1631 1446 88
4262 4166 89
1920 3284 90
258 2960 91
4871 3772 92
2979 3118 93
3613 4113 94
61 4932 95
1723 3724 96
1709 399 97
2315 4043 98
1717 4712 99
2163 755 100
2448 1468 101
4443 2447 102
4244 3697 103
4248 4887 104
1335 2303 105
1556 3768 106
3737 4165 107
1039 2954 108
2413 1971 109
3759 3564 110
2139 36 111
3189 5036 112
4923 2833 113
3225 2720 114
3915 727 115
4670 585 116
1153 2678 117
4486 2145 118
4781 29 119
821 3104 120
1574 531 121
2290 4583 122
986 4848 123
3185 4277 124
2752 2086 125
1832 2241 126
3713 1790 127
1915 650 128
3089 1366 129
1292 1880 130
3937 1196 131
870 2508 132
3789 1063 133
4256 1690 134
2567 437 135
846 997 136
3162 3874 137
3029 5014 138
4552 913 139
2003 1134 140
1522 2153 141
2176 3481 142
4790 1239 143
2389 1904 144
2763 54 145
4606 3233 146
1957 4802 147
4579 1732 148
323 2107 149
167 3203 150
4695 3667 151
2054 5008 152
2054 3944 153
4379 3370 154
3954 5004 155
1965 5000 156
2586 5093 157
2746 1358 158
789 4104 159
2248 664 160
3692 2819 161
2462 3633 162
4877 3394 163
3915 1591 164
568 5056 165
4377 4375 166
4498 311 167
2603 1923 168
4022 2869 169
1219 1951 170
1896 4197 171
2371 2192 172
5018 3411 173
3303 228 174
1542 180 175
1046 3160 176
4716 704 177
1377 1675 178
4224 881 179
1148 3639 180
4305 768 181
4781 970 182
598 4953 183
3202 522 184
914 2981 185
1058 3214 186
247 26 187
1376 1378 188
387 1136 189
2596 4160 190
1989 2883 191
4848 3823 192
3005 1349 193
3736 191 194
3505 2293 195
3615 2309 196
4069 3209 197
3654 2786 198
531 131 199
2979 1968 200
4744 369 1
5056 277 2
4886 749 3
5050 1554 4
1593 2568 5
4152 1534 6
187 3901 7
4421 2188 8
3944 1475 9
1445 3636 10
1763 4548 11
1941 2767 12
4859 3041 13
3561 5026 14
2002 2478 15
4103 514 16
358 942 17
829 4753 18
3396 3732 19
4748 4586 20
778 2517 21
3155 2488 22
1859 2614 23
1158 4378 24
655 3625 25
796 868 26
1800 3262 27
1314 4413 28
2947 4988 29
4407 682 30
146 788 31
3227 2151 32
3181 21 33
224 3501 34
2918 709 35
4173 741 36
2292 1389 37
677 1009 38
2419 2708 39
1045 917 40
2759 3916 41
1183 1219 42
372 3428 43
1139 4805 44
1439 1824 45
234 89 46
2013 577 47
554 3620 48
4625 3320 49
3012 4175 50
3660 3290 51
1582 3921 52
2470 774 53
3184 3153 54
2264 4167 55
2141 4195 56
5046 175 57
1362 3757 58
2173 2641 59
2218 4917 60
81 4544 61
343 2297 62
3325 312 63
773 4419 64
4080 2611 65
508 589 66
263 3559 67
315 3163 68
1401 2837 69
4857 4050 70
3839 807 71
3675 1105 72
2977 1036 73
1385 193 74
1115 4632 75
1982 20 76
996 340 77
2606 4825 78
4049 141 79
3058 1617 80
3553 4645 81
4267 3061 82
4199 3437 83
2480 2133 84
3427 4001 85
950 2957 86
2173 3372 87
3768 4788 88
3850 1921 89
1843 3679 90
3900 1310 91
443 4398 92
1983 4572 93
4608 3196 94
4648 3174 95
3586 544 96
2313 1928 97
4367 278 98
2601 465 99
3239 5021 100
3724 3923 101
1048 244 102
1989 1510 103
3493 3859 104
321 4286 105
4789 5031 106
4720 797 107
2049 1176 108
356 4637 109
4900 802 110
1096 407 111
5032 1636 112
4056 3495 113
4821 3570 114
4616 2842 115
3387 2134 116
5026 4335 117
2259 4801 118
897 179 119
718 288 120
1862 4010 121
3402 1397 122
877 400 123
4193 1404 124
2724 1811 125
2207 443 126
1874 2392 127
139 4810 128
192 4639 129
4544 3895 130
877 1756 131
580 1706 132
2755 4867 133
2213 5 134
773 3036 135
2667 1065 136
20 1088 137
1244 2962 138
4486 1199 139
3089 3648 140
2820 4131 141
684 4901 142
3621 1867 143
3374 2857 144
1085 2672 145
1067 2864 146
3243 4241 147
2513 2041 148
3016 1151 149
4553 951 150
4894 3083 151
3359 624 152
4029 4200 153
1979 4611 154
3688 3887 155
3969 2463 156
4009 3367 157
5064 3994 158
4241 1445 159
889 782 160
74 2462 161
3425 1360 162
4006 3950 163
2570 279 164
1076 2970 165
5034 4081 166
1933 4552 167
3557 1006 168
3628 2783 169
3795 826 170
3677 210 171
1177 1583 172
3637 1384 173
4226 2007 174
963 4817 175
2193 4429 176
4518 299 177
4350 2537 178
2872 4139 179
1731 2409 180
4664 512 181
4642 237 182
695 4224 183
2665 1265 184
3636 4717 185
4066 601 186
3135 5039 187
2687 4396 188
2139 4871 189
2174 1911 190
705 2794 191
4897 316 192
4239 1072 193
3481 603 194
357 3410 195
4330 5023 196
3025 37 197
2700 3114 198
3910 3335 199
3468 1313 200
1591 2676 1
1153 4227 2
2276 4501 3
1473 3272 4
2390 1215 5
3877 383 6
4834 2933 7
172 2257 8
4428 4757 9
796 2310 10
689 4908 11
2138 3194 12
4880 3911 13
3207 2265 14
2034 139 15
3019 2209 16
4952 3582 17
4179 1665 18
353 68 19
1959 2398 20
4872 4502 21
1323 2621 22
258 2825 23
3806 3592 24
1550 2552 25
3629 4765 26
618 4451 27
2221 4554 28
3472 2528 29
1758 3192 30
326 4087 31
1792 3652 32
355 3800 33
1633 2524 34
534 4384 35
1626 2420 36
4861 1704 37
4354 433 38
486 600 39
2785 1788 40
1773 4428 41
4323 2071 42
4418 1670 43
4182 1747 44
3537 3238 45
1391 2338 46
3574 955 47
4111 3392 48
5092 4095 49
4109 641 50
792 2510 51
947 2173 52
3703 1074 53
4445 1685 54
1292 1895 55
2645 8 56
671 2836 57
2650 1197 58
2158 678 59
2371 3735 60
2292 90 61
1493 2813 62
3436 1245 63
4366 3068 64
386 1249 65
2723 4720 66
2248 614 67
1351 3325 68
3821 1307 69
1990 3407 70
3676 3869 71
4607 2748 72
1348 1320 73
1122 2985 74
1065 2967 75
2978 837 76
3568 2137 77
4305 1010 78
507 899 79
3531 1068 80
4581 2335 81
4832 1381 82
1244 2492 83
3877 4968 84
3716 4124 85
4109 2220 86
5080 854 87
1674 1080 88
3508 4233 89
2291 696 90
4968 2470 91
3476 3714 92
3203 4510 93
690 1098 94
4480 2666 95
1312 713 96
978 3273 97
1807 4754 98
3783 3968 99
3118 523 100
1956 4695 101
980 2839 102
3114 189 103
591 2182 104
4199 864 105
763 520 106
2942 4570 107
2946 177 108
2286 4682 109
2676 1421 110
2644 3280 111
2376 3909 112
3630 2690 113
38 4108 114
4590 1149 115
5046 3059 116
671 2703 117
1574 2046 118
1494 1489 119
5087 2452 120
4329 3354 121
2522 3870 122
2289 381 123
4625 1363 124
1203 1016 125
1959 3093 126
4046 3808 127
1284 3990 128
374 3323 129
1375 4183 130
4189 692 131
1023 3269 132
2974 109 133
2943 1645 134
4864 3727 135
4503 3875 136
4599 875 137
3575 2713 138
4575 3681 139
1576 3276 140
1018 2506 141
1961 3806 142
3737 4476 143
4318 1128 144
3521 1600 145
550 745 146
1524 2267 147
4411 2299 148
2141 4271 149
679 249 150
4130 3493 151
2662 3712 152
1873 3150 153
2690 3199 154
1574 4180 155
3865 85 156
1780 324 157
2755 1165 158
4378 543 159
2333 289 160
743 2784 161
3876 524 162
549 4436 163
609 2768 164
4093 3092 165
3809 668 166
640 4608 167
2909 3143 168
889 2327 169
3605 1640 170
1006 3678 171
1494 3073 172
1892 3840 173
5050 41 174
1446 4830 175
3769 3185 176
444 3816 177
2068 2704 178
3710 4569 179
2226 2212 180
3744 3834 181
4245 3299 182
4497 1906 183
406 1715 184
2477 4076 185
3274 1813 186
2408 2863 187
739 1217 188
3012 4553 189
2565 4190 190
882 888 191
224 1674 192
2954 3864 193
2369 2689 194
3656 1601 195
1307 2367 196
2703 3920 197
4350 879 198
3619 301 199
1031 3742 200
4532 3164 1
4536 275 2
3616 1883 3
3972 3882 4
575 677 5
986 1087 6
4194 1364 7
355 1328 8
3769 3307 9
4051 2782 10
1476 1484 11
2771 339 12
1035 4457 13
2600 746 14
2751 171 15
3137 3818 16
1332 735 17
222 3827 18
2718 2881 19
3744 1207 20
2438 1841 21
2507 1661 22
5098 2190 23
3672 2885 24
1665 1851 25
3987 647 26
1140 3577 27
1954 3989 28
803 3929 29
3423 926 30
4730 5030 31
1757 2026 32
4333 757 33
4580 67 34
3747 3258 35
3075 4406 36
2458 1033 37
3740 563 38
268 4779 39
4859 4507 40
1222 236 41
2768 4571 42
3021 240 43
2883 4162 44
4737 159 45
2755 674 46
406 3553 47
3924 3225 48
1904 2739 49
2008 3427 50
3116 4780 51
3247 3285 52
4833 711 53
651 2236 54
4595 39 55
3596 2728 56
2762 1983 57
3251 2855 58
4447 4527 59
2568 1314 60
4510 1427 61
3633 2918 62
3407 3805 63
3498 2592 64
1728 4473 65
409 2127 66
4307 4055 67
3960 919 68
2567 1030 69
1400 2205 70
571 3572 71
1658 4876 72
2173 3888 73
2690 2485 74
428 2950 75
2286 3556 76
4807 4046 77
227 398 78
839 2632 79
4877 5017 80
4881 1195 81
1849 4687 82
2022 203 83
1920 4002 84
3004 490 85
2069 4321 86
1965 3141 87
57 1861 88
2881 451 89
1492 4546 90
432 4274 91
4825 3731 92
3402 2888 93
4637 4007 94
3599 2848 95
1100 945 96
4893 4317 97
984 509 98
2763 3557 99
895 4033 100
