7100 7100 200
4001 1704 1
57 5135 2
172 4115 3
4630 939 4
4627 6352 5
5699 2330 6
1931 892 7
4897 6538 8
5555 1897 9
6995 3790 10
4021 5190 11
1197 445 12
890 3396 13
2629 4566 14
704 4466 15
3727 520 16
3295 1675 17
3018 2806 18
4481 4503 19
1037 1198 20
2403 3694 21
5937 2199 22
7037 6792 23
2181 4808 24
745 4404 25
1894 5789 26
33 5816 27
5091 4625 28
4485 2898 29
357 3714 30
4458 493 31
6048 219 32
3210 1135 33
3632 979 34
5077 6472 35
6414 5083 36
1165 4850 37
3504 4812 38
4465 3428 39
480 3975 40
2499 4766 41
5075 1483 42
6897 508 43
5518 3433 44
2682 3303 45
6509 3472 46
1290 603 47
5251 2128 48
342 5678 49
7058 1394 50
778 2413 51
5844 4710 52
2717 6076 53
3310 1426 54
968 2587 55
2367 5827 56
7012 6132 57
726 412 58
1630 2028 59
5349 5534 60
6689 5571 61
229 2720 62
4392 1600 63
682 2210 64
1990 6226 65
1909 2976 66
4466 3979 67
3741 6597 68
6904 615 69
2672 6611 70
2614 850 71
6687 471 72
5379 5001 73
7093 1580 74
2980 470 75
5762 4545 76
5732 5160 77
844 5544 78
5227 282 79
3111 7078 80
5587 1192 81
509 6422 82
3858 6327 83
5895 248 84
262 1565 85
1188 5825 86
5832 6533 87
3588 5210 88
3763 6297 89
1268 568 90
5902 587 91
6689 4770 92
146 235 93
4168 2527 94
6277 4563 95
6982 358 96
3493 3601 97
2977 1975 98
2651 6709 99
1535 2010 100
1951 4070 101
2700 6134 102
3334 4995 103
6777 6725 104
1237 4134 105
3961 2785 106
6625 2146 107
1165 2240 108
1138 4954 109
4418 516 110
2908 3437 111
5972 2185 112
6575 5415 113
5795 3880 114
1894 5499 115
1011 6249 116
6289 6155 117
3153 727 118
4112 5878 119
2885 4703 120
1678 6335 121
220 5645 122
5579 238 123
5603 3784 124
4843 4143 125
1123 1031 126
1169 2517 127
1736 5651 128
4764 4935 129
5803 5727 130
5882 6300 131
3157 1591 132
4719 3094 133
738 4762 134
4264 2090 135
2605 3596 136
5349 5846 137
1747 1440 138
2680 6319 139
4384 6060 140
5316 7018 141
6114 4491 142
5386 401 143
3432 6294 144
6091 2942 145
3298 9 146
4951 4406 147
1604 2999 148
310 1370 149
5236 5855 150
6574 3343 151
5320 191 152
5765 1583 153
5681 2625 154
2299 4327 155
4992 4157 156
2467 6246 157
6839 725 158
1788 1288 159
275 4758 160
6666 1554 161
6112 3912 162
3327 559 163
80 1792 164
3300 2457 165
4422 6149 166
978 1338 167
2900 3762 168
4107 2545 169
5395 4542 170
3300 2288 171
1370 6916 172
29 6055 173
1077 6304 174
1955 6447 175
4263 6025 176
6547 6378 177
5361 5075 178
4450 402 179
4021 6058 180
1278 677 181
3370 6890 182
3302 2351 183
5313 7004 184
2629 5239 185
3999 602 186
2685 926 187
1452 5054 188
6609 5752 189
2075 5721 190
990 3132 191
2233 6437 192
3741 3191 193
2059 2671 194
4225 4530 195
5986 4541 196
4777 1727 197
3119 1141 198
4672 6353 199
3672 5530 200
4081 1291 1
739 3795 2
1337 6104 3
220 2668 4
5152 1688 5
3612 3956 6
2804 3910 7
29 5968 8
4829 6693 9
2724 3479 10
5381 5704 11
929 1951 12
3933 2364 13
1935 6282 14
2581 6579 15
1120 4147 16
5380 5187 17
4201 3937 18
5684 4842 19
800 1997 20
2618 661 21
2753 6993 22
1905 5169 23
3646 4896 24
495 5942 25
697 2396 26
1836 1287 27
4762 453 28
2207 5712 29
4015 59 30
3015 5109 31
3933 5772 32
71 6233 33
6280 909 34
5482 6 35
6414 3719 36
1822 5631 37
4447 3381 38
2442 5554 39
4976 4434 40
5985 4192 41
5512 5166 42
2029 239 43
4069 5047 44
6788 6958 45
7038 1631 46
3313 4865 47
5046 6263 48
4739 2837 49
5652 4446 50
2093 3238 51
2536 2074 52
3656 4012 53
5438 5408 54
6802 3674 55
4188 2506 56
4323 1879 57
3436 2847 58
4239 4699 59
1448 711 60
89 3983 61
2354 4007 62
2801 633 63
1362 6426 64
4364 2280 65
1445 1561 66
1630 4781 67
5125 6757 68
6428 295 69
4889 3423 70
398 5198 71
4234 6612 72
4088 5719 73
4368 3810 74
1380 2611 75
3728 4598 76
704 828 77
5001 3702 78
3588 6595 79
2756 1076 80
1899 1069 81
6995 6403 82
2256 1335 83
6361 6523 84
6656 39 85
428 443 86
5583 2065 87
2529 2612 88
472 895 89
5102 6491 90
4930 2540 91
6417 5831 92
4260 544 93
5286 5903 94
3974 3289 95
46 4378 96
4088 2157 97
1135 6818 98
216 114 99
2105 3803 100
4793 1403 101
1582 3401 102
5889 1831 103
3943 2603 104
6766 5400 105
6205 543 106
1874 4654 107
6435 4531 108
5161 1485 109
6403 6892 110
6231 5863 111
3809 1382 112
1056 5857 113
4364 2004 114
5426 5629 115
5073 5957 116
3475 5787 117
438 4646 118
2429 250 119
2453 3197 120
6154 2750 121
2443 2345 122
2567 6919 123
789 658 124
6488 1627 125
2080 4818 126
6883 542 127
1402 6363 128
2809 6026 129
4598 4013 130
6871 5005 131
1589 5178 132
2178 1272 133
6690 3391 134
241 5616 135
106 4267 136
1380 938 137
2655 6756 138
1809 3634 139
620 4526 140
6781 3054 141
2594 6874 142
4878 654 143
6990 2918 144
6462 2007 145
4226 3271 146
862 5626 147
6698 4826 148
118 2984 149
2635 3661 150
5064 4312 151
1951 4819 152
22 1538 153
5570 2284 154
6036 5790 155
4177 4837 156
7029 5701 157
241 4873 158
3466 886 159
2321 3963 160
4129 1465 161
1785 3730 162
4116 1028 163
5381 2086 164
1397 2962 165
2492 4161 166
6785 1528 167
1002 1224 168
5094 4698 169
2756 3395 170
844 5720 171
3514 3278 172
2146 194 173
6224 3483 174
6451 6582 175
1184 5096 176
5822 3222 177
7079 1625 178
2403 6376 179
6556 4929 180
2669 1008 181
6510 3747 182
2270 302 183
5162 4573 184
5845 4969 185
3536 2267 186
2420 1612 187
148 3358 188
2947 6985 189
2159 6367 190
895 6561 191
3391 6625 192
6391 4962 193
683 5449 194
6123 2045 195
4843 1805 196
1004 2936 197
4768 499 198
4407 3287 199
345 4474 200
165 5230 1
5813 4546 2
571 6522 3
1837 259 4
5172 2899 5
6817 6079 6
2597 4205 7
254 4448 8
6351 7010 9
3075 1870 10
1738 4970 11
1692 1477 12
7077 2159 13
2074 117 14
2415 5397 15
876 6392 16
3457 2938 17
5246 5476 18
861 5038 19
5868 451 20
2261 4518 21
3099 6377 22
3101 3232 23
5752 1855 24
2753 6171 25
429 2096 26
2583 2944 27
3763 805 28
5052 3441 29
2233 1283 30
4860 1865 31
6452 149 32
2516 485 33
963 2560 34
4787 5123 35
3052 3845 36
5360 4003 37
3459 5858 38
5879 6812 39
6712 4397 40
2106 2205 41
1028 2810 42
438 1611 43
3321 321 44
5760 6920 45
1393 793 46
2970 44 47
2420 6968 48
1693 3529 49
967 387 50
5801 6401 51
4371 6430 52
1048 1775 53
2001 921 54
6381 4063 55
7064 1439 56
3162 2971 57
2958 6219 58
982 3921 59
5120 1861 60
2429 5487 61
5236 362 62
1894 51 63
1315 63 64
4861 2490 65
6030 6225 66
4216 3836 67
4587 1533 68
5576 5868 69
6557 2412 70
958 903 71
4805 510 72
6421 4178 73
5530 2250 74
132 1913 75
35 5584 76
6755 6179 77
5813 5630 78
2013 1185 79
2895 91 80
6551 5769 81
6609 4609 82
2850 3909 83
6443 6477 84
3758 16 85
5967 1634 86
853 4125 87
6690 1152 88
2889 1243 89
4980 1168 90
6118 4052 91
6065 1785 92
4586 3551 93
4482 978 94
1807 5479 95
6419 2459 96
5629 492 97
7082 1284 98
4037 4817 99
2609 5872 100
3244 3501 101
5669 7069 102
3482 6771 103
4225 3077 104
1996 3316 105
2326 3548 106
4704 3182 107
846 5690 108
1503 596 109
3515 255 110
1014 3756 111
6030 2439 112
902 2901 113
6469 6022 114
4736 3496 115
4406 4311 116
3656 4216 117
1002 1151 118
6229 1356 119
3827 4401 120
4560 4144 121
4539 6716 122
4052 5975 123
5230 1158 124
2113 1215 125
963 942 126
4295 4098 127
3303 3621 128
3180 1030 129
5413 5606 130
5733 6192 131
4588 3295 132
3268 5977 133
5227 3749 134
6623 6147 135
1385 2061 136
3586 2957 137
4059 2811 138
3895 316 139
479 3935 140
6367 2313 141
1299 6512 142
1641 3707 143
1794 6272 144
446 5750 145
3194 1868 146
152 1067 147
2903 366 148
2878 5299 149
2968 6565 150
5839 1564 151
188 6185 152
5334 2727 153
2286 1932 154
22 3314 155
6173 953 156
480 2015 157
1772 5862 158
5988 346 159
2056 6347 160
1520 2076 161
853 827 162
5687 2053 163
6551 6091 164
790 6679 165
3638 4473 166
941 2110 167
455 1750 168
5142 1164 169
7050 6671 170
5575 3559 171
3907 3536 172
4789 5992 173
4480 775 174
1956 6253 175
5761 784 176
6544 6283 177
2837 1019 178
4770 6753 179
1618 298 180
2299 796 181
6464 5147 182
2560 333 183
5632 1068 184
3940 6767 185
5288 141 186
3206 2335 187
3341 2308 188
5579 4967 189
1914 2069 190
4137 3113 191
1748 4692 192
422 811 193
3985 1241 194
385 5994 195
1274 1080 196
5325 5407 197
3146 1278 198
5602 6356 199
6419 5602 200
5261 4391 1
6312 6626 2
2360 5380 3
3999 6973 4
1601 2804 5
753 3746 6
2420 2429 7
6909 6788 8
4295 5068 9
196 3498 10
4682 5703 11
175 5897 12
1389 5433 13
5377 6793 14
1589 5254 15
375 2087 16
5986 6314 17
3669 2873 18
6959 5149 19
3300 3412 20
893 1953 21
509 6201 22
5490 6121 23
2261 7011 24
1074 2495 25
4404 4851 26
2739 355 27
4339 635 28
3450 6069 29
1096 2591 30
2354 6932 31
813 5249 32
4528 2188 33
6162 3 34
4123 914 35
3716 1715 36
4069 3896 37
2844 1658 38
3213 4903 39
1766 3643 40
4469 6666 41
2966 3981 42
5361 2022 43
5045 4416 44
992 4129 45
5739 4398 46
6455 2661 47
6540 2693 48
3878 2142 49
5225 3544 50
3672 98 51
2585 4788 52
4774 1869 53
4098 1037 54
1845 1170 55
5702 5374 56
5114 1454 57
3029 126 58
1521 1219 59
1896 1958 60
5876 3241 61
2030 5064 62
4847 3869 63
1541 6903 64
653 3375 65
1412 3404 66
915 1570 67
258 1196 68
2537 7020 69
3422 6373 70
2105 1348 71
392 4639 72
6880 1617 73
1074 1270 74
4429 6096 75
1645 6053 76
4492 6938 77
836 2524 78
4649 2529 79
3088 1190 80
1353 5591 81
985 6615 82
1641 1654 83
3639 6372 84
2135 6691 85
95 3705 86
4517 21 87
6041 247 88
880 6315 89
2654 3984 90
5735 2997 91
2837 4544 92
667 3523 93
2275 5056 94
5111 143 95
5064 2646 96
6917 6591 97
81 2222 98
2531 1547 99
1467 1590 100
3368 334 101
6871 4889 102
2525 5730 103
3394 3789 104
1061 3096 105
4264 5324 106
853 1678 107
1571 5748 108
4860 4071 109
2270 5033 110
6150 4688 111
2859 4005 112
5863 1027 113
2645 4972 114
3325 1057 115
3889 1142 116
6137 6676 117
4706 4736 118
6656 620 119
2836 3609 120
452 3696 121
3381 3992 122
1380 890 123
87 6682 124
3734 595 125
3313 2355 126
1370 2526 127
757 554 128
2008 1887 129
1838 5963 130
6312 5236 131
3982 3579 132
2399 4014 133
5109 4026 134
3412 3119 135
3321 1829 136
2205 4042 137
2810 4399 138
1022 2223 139
2261 4364 140
422 5021 141
1955 846 142
2810 4065 143
6488 5948 144
5457 6702 145
7061 915 146
2968 2260 147
1865 3681 148
1186 2099 149
1702 6305 150
3886 2981 151
1940 4760 152
1387 3006 153
6351 1978 154
5970 6271 155
6553 1633 156
2601 5568 157
5084 1481 158
4204 2501 159
3027 6536 160
6022 3203 161
5189 1662 162
2308 754 163
1235 41 164
4525 5124 165
3586 1096 166
5154 6530 167
1031 3427 168
3181 4959 169
764 5082 170
3740 3823 171
5189 4886 172
1657 3283 173
3463 1940 174
261 5482 175
2792 4146 176
3883 363 177
2138 3273 178
1215 2799 179
3027 3787 180
2543 5157 181
4242 4939 182
6765 4271 183
1473 4033 184
2526 4718 185
2250 1735 186
5382 1771 187
3816 4521 188
4235 1650 189
1790 917 190
6520 57 191
983 4666 192
5164 5617 193
1320 1915 194
3468 491 195
5460 4906 196
363 5952 197
3469 552 198
2802 6084 199
2457 585 200
5799 286 1
4020 5281 2
5622 3293 3
3827 6750 4
4359 1118 5
420 3770 6
1076 2884 7
5795 5876 8
2404 3915 9
1324 5732 10
5683 1229 11
6704 226 12
5495 3522 13
1356 3657 14
1005 6567 15
597 4009 16
6738 5639 17
5162 1937 18
6534 2201 19
4723 5613 20
566 3781 21
3835 2092 22
226 3109 23
6765 3161 24
1956 1723 25
467 3733 26
7022 3044 27
5973 1624 28
6607 826 29
3326 2651 30
5619 4268 31
6277 3948 32
3892 17 33
2419 5605 34
846 2149 35
5041 6024 36
257 6856 37
5722 2057 38
29 106 39
414 5582 40
4111 3011 41
4855 4156 42
5523 3993 43
2565 1180 44
971 3457 45
3745 3582 46
4987 6957 47
569 2533 48
6589 2679 49
2821 1989 50
6609 165 51
6671 692 52
6283 3467 53
3498 1858 54
1100 2365 55
4024 164 56
2048 650 57
4528 6496 58
1747 5505 59
4819 6302 60
6998 4055 61
3235 994 62
5212 3242 63
121 245 64
5297 173 65
2109 2399 66
6134 2832 67
5262 2752 68
6037 5708 69
2031 6231 70
4597 2871 71
2517 5710 72
1579 5792 73
3227 5422 74
2275 5267 75
1380 3883 76
1262 5598 77
5227 2491 78
4975 437 79
1152 3438 80
1928 1598 81
5830 3677 82
6144 3411 83
2346 1380 84
2245 136 85
3959 6461 86
5283 5349 87
1423 2834 88
1324 5624 89
2572 4227 90
3960 4649 91
5026 332 92
1552 4402 93
4531 864 94
6584 6115 95
6544 4773 96
3588 4802 97
2812 4922 98
6924 970 99
6468 2640 100
5809 6137 101
6351 6843 102
3057 5113 103
6342 4229 104
3766 528 105
911 6003 106
4932 2922 107
4569 1610 108
3938 5984 109
74 569 110
5220 99 111
3092 1121 112
5296 929 113
3489 1945 114
8 2637 115
1053 291 116
739 1266 117
6460 1026 118
3723 6404 119
603 1911 120
6946 3504 121
5346 6061 122
5525 4608 123
21 2982 124
796 2594 125
4560 1814 126
6347 1003 127
5909 4511 128
1214 2192 129
7007 2760 130
2626 3606 131
5161 5850 132
921 6811 133
6909 1007 134
2952 1236 135
479 3247 136
4261 4006 137
2591 4662 138
2755 1178 139
968 7049 140
5381 3250 141
2296 991 142
6791 3257 143
1169 6119 144
1031 7051 145
3925 285 146
5066 655 147
5416 3809 148
5039 5907 149
4689 3557 150
3749 6504 151
451 2139 152
504 457 153
3406 3362 154
5247 3190 155
5349 4330 156
4860 2978 157
239 5561 158
3073 6268 159
4081 6549 160
5647 411 161
4507 2742 162
481 5338 163
251 4195 164
704 3958 165
5177 563 166
2864 421 167
1557 6164 168
3472 6959 169
3167 4127 170
5260 2741 171
1172 2043 172
4345 2271 173
4201 5318 174
2259 477 175
5149 5685 176
758 4519 177
6599 4447 178
4538 4117 179
1122 3852 180
5013 5894 181
365 6610 182
5902 2764 183
3314 5649 184
5887 3122 185
1909 283 186
2429 5970 187
6462 1218 188
3297 4917 189
6224 4464 190
1504 1336 191
1821 1016 192
5761 2726 193
3569 2316 194
2634 5097 195
6454 4002 196
4720 3072 197
4573 3032 198
3634 3994 199
2050 1999 200
2393 303 1
6677 5960 2
3629 1044 3
2103 3270 4
3453 2677 5
5863 7096 6
7077 1938 7
1837 1032 8
1333 1736 9
2858 3970 10
416 3754 11
2074 4436 12
5095 4769 13
4991 6577 14
4100 3782 15
4761 5012 16
1056 988 17
3639 2885 18
3432 461 19
568 2050 20
797 6324 21
6213 5085 22
2406 5890 23
5236 133 24
2407 7071 25
6872 4341 26
3763 2685 27
5484 3227 28
2177 3996 29
1955 4120 30
2864 6036 31
4452 5738 32
5266 2906 33
3018 764 34
325 4841 35
3723 3148 36
147 5181 37
3536 1823 38
692 1966 39
6448 5439 40
5283 6143 41
455 2712 42
963 2968 43
1185 2869 44
4230 6330 45
6431 6979 46
3297 3083 47
3605 3625 48
548 2006 49
1754 3357 50
3454 608 51
1241 5840 52
20 2581 53
848 1413 54
209 1609 55
5497 2903 56
2277 1212 57
4166 6463 58
6492 2908 59
968 4332 60
5400 5102 61
439 1824 62
1751 6895 63
453 6269 64
1094 1339 65
5803 65 66
6322 813 67
4766 3720 68
3857 919 69
5275 5153 70
6001 2113 71
26 1501 72
2030 4279 73
6376 4849 74
5769 1720 75
5497 834 76
2869 2546 77
5139 6632 78
6814 19 79
4635 5225 80
2016 5633 81
6656 765 82
5953 2322 83
1105 2691 84
6998 5905 85
5184 2052 86
5278 2283 87
422 2048 88
5436 616 89
3174 1159 90
4272 3642 91
1020 952 92
2190 6431 93
1076 2970 94
5760 1124 95
4169 797 96
3971 1300 97
3018 6200 98
5023 3465 99
4696 2483 100
3877 5815 101
1577 2905 102
2328 6439 103
3300 869 104
6030 5332 105
5985 5503 106
6814 4046 107
6130 2550 108
3772 3473 109
2950 3368 110
5620 1917 111
868 562 112
3470 5448 113
1980 4456 114
310 6101 115
6909 1530 116
2176 3418 117
119 213 118
4473 5142 119
2701 3799 120
3076 1685 121
4295 1964 122
3254 5421 123
1487 4346 124
6264 7009 125
876 1427 126
4742 2846 127
652 5575 128
5566 4893 129
5173 3964 130
1809 6700 131
5555 203 132
5227 3731 133
3763 2572 134
679 5263 135
4260 325 136
6611 7060 137
4311 3837 138
4475 511 139
6607 4122 140
4036 480 141
5079 5667 142
5180 6487 143
4670 6546 144
6502 1391 145
1145 2478 146
4433 3318 147
3041 2204 148
4595 4188 149
2060 2876 150
3157 3455 151
4075 3478 152
1069 6580 153
5214 6458 154
3754 5336 155
5135 3234 156
4007 901 157
463 5140 158
3999 192 159
357 5297 160
3043 5689 161
496 3794 162
5136 1398 163
5001 4142 164
2540 2704 165
1961 2151 166
844 1907 167
838 4797 168
127 4877 169
5822 7075 170
59 5295 171
1498 2056 172
6860 1508 173
4758 4352 174
3285 6252 175
5349 502 176
1822 1146 177
2739 5333 178
4990 6435 179
5909 4169 180
3783 4471 181
2707 4389 182
310 4899 183
3110 4507 184
5039 6900 185
2746 546 186
5596 3463 187
2341 243 188
4469 6953 189
6062 310 190
5021 3832 191
3264 862 192
2130 4338 193
2856 4099 194
4196 5347 195
5762 3243 196
2661 525 197
6521 802 198
4125 433 199
650 2870 200
2569 2094 1
1871 2838 2
6337 6854 3
3858 6912 4
3563 6097 5
6320 1415 6
4607 183 7
3858 2327 8
7071 6910 9
4536 4533 10
6544 1505 11
4997 6692 12
833 1677 13
6416 3773 14
4789 6027 15
2792 6054 16
3462 6833 17
2247 6183 18
520 1673 19
3045 524 20
4279 2562 21
5079 3914 22
1300 2228 23
1683 6801 24
365 5473 25
406 3827 26
805 375 27
3686 3888 28
1362 6065 29
126 4965 30
1337 1131 31
2431 6859 32
3576 5740 33
4100 2333 34
6971 5823 35
840 5920 36
4052 815 37
1711 6584 38
4567 575 39
5986 3656 40
1802 2521 41
3930 6644 42
4005 2988 43
5209 1664 44
2984 2242 45
6647 4767 46
5670 2153 47
3825 2657 48
2541 212 49
2707 2626 50
523 6467 51
3826 5419 52
1222 2100 53
4581 6882 54
6441 6292 55
6916 1374 56
2403 566 57
5026 1239 58
6962 1628 59
314 4106 60
4479 7083 61
5788 1642 62
2379 4225 63
3938 4920 64
3505 3977 65
1674 3631 66
6111 716 67
3583 3505 68
1099 2955 69
6087 3860 70
3019 2860 71
2836 1902 72
667 4910 73
1449 2989 74
5728 4565 75
3953 3432 76
1672 4712 77
1410 1726 78
1682 2826 79
2029 134 80
1605 1856 81
6050 1293 82
5115 417 83
848 2226 84
5530 4107 85
2746 5339 86
836 6135 87
5837 1791 88
5570 6675 89
5306 2933 90
1220 4295 91
4205 2366 92
2406 3150 93
5230 4996 94
5434 5185 95
992 2281 96
4098 1256 97
2243 5996 98
3230 3374 99
5623 1254 100
4700 2381 101
6404 5428 102
6529 5641 103
1401 5860 104
6492 6414 105
5068 4898 106
2869 6609 107
6100 6503 108
1834 4988 109
6271 4082 110
5811 4977 111
2685 3408 112
5662 3655 113
3723 3436 114
6425 3829 115
1007 1472 116
533 124 117
1655 5600 118
3340 6819 119
3491 1903 120
3176 5423 121
3550 2563 122
1039 2441 123
3408 30 124
685 3025 125
878 5714 126
3618 5416 127
4436 2775 128
5714 5864 129
2284 2769 130
6902 5888 131
2221 6507 132
699 2317 133
158 3732 134
3895 158 135
2103 6650 136
6174 3669 137
3803 2766 138
1928 1867 139
985 2745 140
4978 5820 141
3186 220 142
5927 3482 143
1434 2590 144
713 4659 145
6144 1065 146
421 6871 147
5200 2684 148
2135 3695 149
5810 2920 150
3609 5824 151
2105 3922 152
163 574 153
4209 4477 154
4630 2633 155
1195 1523 156
4975 504 157
875 1577 158
3338 6915 159
932 1710 160
2630 3246 161
3490 2315 162
6555 1258 163
4762 2234 164
2707 6296 165
4502 2816 166
265 6329 167
3001 430 168
6257 2730 169
2973 584 170
4158 4613 171
3112 590 172
4369 2376 173
3771 5431 174
5982 4482 175
4587 6673 176
2013 1724 177
3427 4221 178
295 2213 179
6283 5967 180
1380 5381 181
2368 599 182
185 4803 183
2557 1345 184
4367 3200 185
3975 1321 186
3133 4285 187
5075 734 188
2784 2461 189
688 5495 190
4394 4764 191
5092 152 192
3951 5829 193
7037 4280 194
6001 93 195
2893 2194 196
184 517 197
6103 5451 198
3724 5842 199
1082 1778 200
216 3499 1
5209 6050 2
3539 4714 3
2429 227 4
2050 7015 5
5381 6992 6
2145 5845 7
2058 6759 8
6939 4165 9
5351 4757 10
3132 3885 11
858 6832 12
2895 4357 13
1287 6710 14
835 2528 15
1297 3373 16
5959 2289 17
6056 139 18
4299 6318 19
1470 2843 20
2367 1807 21
171 2187 22
2812 4193 23
6376 4990 24
6461 6865 25
2380 4363 26
2968 6254 27
474 6783 28
2512 6848 29
4662 4132 30
6118 5032 31
387 3626 32
147 6838 33
3018 6087 34
2900 3115 35
2005 2388 36
5651 2523 37
3618 391 38
6464 1619 39
4676 4513 40
581 2658 41
5928 4738 42
2420 489 43
3001 690 44
2253 1090 45
5107 2817 46
351 1450 47
4501 4200 48
2375 2627 49
88 1264 50
863 2326 51
3133 3328 52
3154 6492 53
1278 1208 54
192 682 55
2223 1928 56
1049 3554 57
2750 395 58
2061 5771 59
3170 6187 60
5538 1596 61
33 2109 62
4409 1908 63
1290 5985 64
3141 4859 65
1633 5567 66
3118 47 67
5827 5057 68
1500 4618 69
3016 6667 70
5653 6182 71
1496 717 72
1811 1707 73
827 3474 74
6788 3300 75
1032 4993 76
1048 3513 77
4296 5669 78
5058 6971 79
1971 2093 80
3763 6669 81
2384 902 82
5325 6428 83
2681 2867 84
597 494 85
1896 2130 86
5578 4087 87
1612 1859 88
3959 1871 89
362 490 90
1063 2140 91
687 5055 92
3795 6917 93
1584 5634 94
4146 4807 95
3059 1054 96
120 271 97
5388 2713 98
6909 5511 99
98 4244 100
805 5577 101
2206 4572 102
3341 3614 103
3534 4061 104
4791 4288 105
3234 3252 106
5658 2425 107
419 5643 108
1185 675 109
3358 3646 110
5885 5822 111
6350 4453 112
2746 5046 113
1548 2672 114
5408 1965 115
1974 1311 116
2981 6789 117
5178 195 118
1157 5362 119
6057 1918 120
842 1936 121
1956 3284 122
102 4673 123
2076 3722 124
2271 3323 125
3115 4585 126
4634 5264 127
5914 6594 128
1662 3087 129
4762 762 130
6086 7079 131
6540 3291 132
814 1409 133
2722 2389 134
2722 5131 135
2355 6482 136
2249 6585 137
5997 1646 138
5855 5477 139
4813 4761 140
3808 2522 141
158 1931 142
6902 3317 143
3002 4418 144
1802 6464 145
2738 5949 146
5510 6227 147
866 5801 148
6334 339 149
4522 6827 150
5562 4890 151
3133 5753 152
6995 5051 153
4248 1082 154
2360 4569 155
5320 1716 156
7076 1014 157
5227 449 158
1092 1110 159
2383 897 160
597 2699 161
3698 4366 162
3001 567 163
3546 2866 164
6884 4641 165
5073 6950 166
3972 5542 167
2223 2583 168
224 1511 169
435 1354 170
2467 6658 171
1212 2254 172
3780 4499 173
5672 5352 174
3319 2332 175
852 2576 176
3957 1240 177
1229 6559 178
4296 3597 179
3577 1495 180
2261 224 181
5899 6402 182
3958 5396 183
3467 5976 184
4388 946 185
178 6117 186
5533 3056 187
2772 6502 188
3347 1051 189
1609 787 190
5733 6144 191
2442 4664 192
4521 6204 193
5370 4426 194
184 2913 195
3538 6751 196
4175 2738 197
3155 5429 198
4585 1000 199
865 3163 200
4029 5060 1
5969 4025 2
3648 5220 3
6798 5796 4
1189 2597 5
5797 482 6
5706 3259 7
5513 5527 8
6112 2294 9
5175 2082 10
1956 3116 11
5638 6802 12
220 7094 13
5373 4329 14
6167 7023 15
5173 2613 16
2054 2956 17
3019 2224 18
5713 2119 19
693 2055 20
4944 5777 21
5313 4041 22
4098 4469 23
6630 280 24
1520 2703 25
6590 3253 26
1829 4918 27
7028 5114 28
3569 5999 29
890 326 30
3215 452 31
1765 5388 32
873 4104 33
7038 2208 34
6352 4302 35
3358 6215 36
2710 6333 37
1086 273 38
3689 2155 39
7017 5242 40
3370 496 41
3451 4044 42
2608 4624 43
1315 6545 44
6218 4975 45
789 2762 46
3108 4234 47
6391 4947 48
4952 6175 49
4196 900 50
1446 4612 51
6886 4314 52
2611 6733 53
1693 199 54
234 4220 55
428 188 56
2112 6621 57
698 2588 58
387 6521 59
413 1417 60
2067 1503 61
3690 1852 62
1215 6911 63
3534 3858 64
4297 933 65
227 6955 66
1382 6627 67
7093 1795 68
3995 6293 69
2269 916 70
1094 1156 71
440 5385 72
817 6141 73
5939 2636 74
6153 4054 75
5076 6907 76
5358 1204 77
5675 2927 78
7063 218 79
1001 5981 80
1134 3377 81
1512 2856 82
4157 4207 83
4879 89 84
2766 2369 85
4745 4580 86
2375 2505 87
504 6407 88
265 4121 89
4688 1816 90
4023 3738 91
2881 3752 92
4472 2768 93
4466 2105 94
2508 695 95
1872 308 96
1564 2729 97
1883 5237 98
5647 4825 99
1739 2851 100
5755 4795 101
1329 7062 102
5577 3159 103
4381 454 104
5631 2665 105
2986 1203 106
3340 6674 107
277 1148 108
6967 6038 109
4879 3040 110
2569 349 111
1630 2474 112
6894 1783 113
1517 3048 114
2605 5128 115
3891 2177 116
1537 76 117
3848 6442 118
1843 2539 119
2503 5090 120
6677 1558 121
1711 4111 122
4836 6714 123
1193 5883 124
3155 3341 125
6232 5832 126
6024 2952 127
5973 5585 128
830 1571 129
4799 4442 130
1362 4381 131
1008 2947 132
1557 2896 133
4166 4629 134
1461 1351 135
1731 1448 136
6871 3155 137
1108 1699 138
5005 92 139
704 2467 140
6852 2036 141
6694 4728 142
4701 1381 143
1894 2270 144
1114 1294 145
5210 1754 146
346 2564 147
2130 4633 148
4549 24 149
4202 5430 150
1823 81 151
4179 2609 152
5371 4840 153
3470 40 154
444 5728 155
1366 5016 156
4906 1191 157
443 5365 158
7029 873 159
1021 6603 160
6350 1313 161
4170 720 162
3227 3039 163
5191 3658 164
1834 6929 165
5425 818 166
2976 1532 167
3933 3174 168
1399 1194 169
3221 4801 170
482 272 171
6593 6427 172
3490 1172 173
2452 323 174
2704 6574 175
466 1309 176
5601 4086 177
5177 1828 178
5333 5762 179
3489 670 180
621 693 181
4933 5950 182
3949 6145 183
430 1892 184
2198 3817 185
3781 3680 186
5152 5507 187
2274 5989 188
1823 5139 189
4519 3944 190
1676 3955 191
4282 6031 192
1274 3440 193
3387 3266 194
2270 1507 195
2022 3156 196
2935 5442 197
3436 4081 198
2825 3344 199
428 3394 200
3064 1418 1
3311 3046 2
1233 5043 3
3825 2422 4
984 770 5
5115 2089 6
3427 5911 7
739 4616 8
858 1504 9
3864 1400 10
4910 1222 11
4841 1957 12
5534 3556 13
2387 5931 14
3943 3897 15
4611 5170 16
1784 5120 17
2235 5129 18
3879 2850 19
796 5162 20
4420 4946 21
1602 5884 22
3463 441 23
1515 5866 24
1533 5270 25
4179 6986 26
2680 1004 27
1186 5212 28
1955 66 29
1868 6901 30
5123 3686 31
5022 6433 32
6200 6704 33
3403 221 34
1014 3177 35
6418 313 36
2817 3245 37
6510 6476 38
5852 5399 39
1756 4900 40
5068 5562 41
2802 7035 42
964 2033 43
967 5386 44
2301 5304 45
2029 5902 46
1337 2914 47
6468 6936 48
3752 2569 49
5730 7017 50
2856 3665 51
952 2097 52
781 3208 53
3133 1780 54
4023 3454 55
1491 6006 56
4802 6889 57
166 354 58
6886 1123 59
2155 572 60
5441 6346 61
6162 5203 62
650 7063 63
147 3477 64
5256 1280 65
2296 6830 66
4473 1303 67
2644 4510 68
4974 2747 69
5666 1939 70
3530 628 71
1738 5746 72
328 5391 73
6953 6037 74
198 5991 75
1880 4752 76
6229 1494 77
1382 3718 78
5783 5880 79
1683 531 80
4248 2496 81
3933 647 82
504 5943 83
1981 3708 84
750 3688 85
3016 3939 86
4271 5276 87
5526 1540 88
4358 3930 89
2622 3561 90
5690 4245 91
3165 1292 92
3998 3439 93
440 3678 94
5824 1255 95
2002 4230 96
2407 2965 97
1780 6726 98
5255 5305 99
93 5052 100
2490 53 101
4270 3617 102
5005 5971 103
2500 1843 104
58 3980 105
5222 4805 106
381 4923 107
2770 7053 108
5223 774 109
7017 6721 110
433 7058 111
3270 3967 112
4723 5389 113
4367 1464 114
3081 5647 115
22 6419 116
3768 830 117
532 2064 118
180 458 119
5528 1274 120
176 3828 121
3608 6355 122
5635 1277 123
4347 2286 124
2397 187 125
5064 3348 126
5518 5180 127
4919 4380 128
4219 2356 129
4672 228 130
6234 296 131
4207 1661 132
2013 2031 133
721 2291 134
2106 1498 135
4107 6102 136
5296 745 137
5013 5136 138
805 2494 139
3154 847 140
6059 2714 141
1257 488 142
5860 4934 143
6973 3160 144
2812 3940 145
5021 2443 146
406 3566 147
5146 1445 148
878 29 149
433 385 150
6864 315 151
6350 242 152
963 2652 153
3635 4744 154
2674 5172 155
4418 4323 156
274 5854 157
4367 498 158
6093 3069 159
1512 2220 160
6288 5702 161
2913 3952 162
3522 1786 163
1537 108 164
2436 642 165
3071 3867 166
5995 3796 167
1029 4938 168
6032 5319 169
1630 4543 170
6704 964 171
466 2122 172
369 1605 173
691 3765 174
2031 2375 175
3993 3766 176
5245 2695 177
6173 1698 178
4282 5019 179
4656 4667 180
6516 6127 181
4314 4994 182
6845 5410 183
2223 3233 184
342 209 185
375 5932 186
4216 145 187
5214 6768 188
1731 4567 189
4045 2476 190
3422 7041 191
4739 500 192
3445 4252 193
625 3624 194
2155 4810 195
6390 3118 196
5373 6156 197
3525 4960 198
1920 2557 199
1976 3755 200
4777 5612 1
2413 3016 2
3337 1010 3
552 1437 4
1806 1344 5
6788 6043 6
6290 3577 7
6560 3942 8
3256 5279 9
6159 2174 10
6071 2534 11
1086 1769 12
4726 5573 13
2063 4539 14
815 1568 15
827 6670 16
540 1949 17
2837 5383 18
2690 6125 19
5286 5543 20
2252 4743 21
1726 33 22
4985 960 23
1203 1455 24
5389 6044 25
5677 2479 26
4604 6850 27
1234 3662 28
5889 5438 29
6402 5901 30
1800 6398 31
1558 2253 32
3974 5679 33
6204 1406 34
3100 1433 35
5954 555 36
6443 4902 37
2103 1886 38
2407 2508 39
1759 6808 40
4166 6485 41
6426 5537 42
5615 5775 43
244 3003 44
5914 3175 45
3209 856 46
4240 2945 47
3874 4374 48
6972 6654 49
5302 495 50
6334 4750 51
4620 3325 52
2859 539 53
6048 4036 54
2618 4206 55
4898 2770 56
6312 2616 57
5542 6317 58
582 179 59
831 6772 60
5221 6687 61
732 5317 62
2393 3769 63
4095 576 64
891 4809 65
6633 3110 66
1148 4689 67
3192 2027 68
4189 6481 69
2561 5194 70
6477 4283 71
1320 4504 72
3466 2778 73
344 3540 74
4020 4215 75
4260 2098 76
1571 4576 77
2817 4197 78
3557 4384 79
3034 3471 80
5594 4291 81
4382 2553 82
1844 4856 83
5349 5027 84
6718 538 85
6841 37 86
1521 3076 87
7096 5891 88
5044 899 89
6852 4936 90
5733 3430 91
4627 5468 92
4973 2798 93
4611 3128 94
1008 3240 95
3512 1706 96
5841 1055 97
6890 905 98
5823 5601 99
3970 2697 100
4140 6601 101
2617 6745 102
2863 2732 103
5668 648 104
1419 1491 105
1636 3637 106
4946 1713 107
3003 6931 108
2141 5756 109
3463 6590 110
4930 5472 111
6871 7029 112
4367 6306 113
3960 1021 114
5297 4941 115
3787 1500 116
2868 42 117
967 2387 118
59 1034 119
1834 6978 120
5385 5023 121
1979 2664 122
6154 1359 123
1758 290 124
5550 3486 125
3993 1522 126
5125 6570 127
3536 2106 128
1418 2579 129
6446 5265 130
4256 6851 131
2750 5470 132
2420 2410 133
353 5375 134
6687 4529 135
3903 5427 136
229 4704 137
3680 5154 138
1049 5763 139
138 1930 140
2273 3508 141
1365 1659 142
145 3338 143
5484 84 144
6249 3050 145
4272 972 146
4207 5424 147
7008 304 148
476 2514 149
6693 5758 150
6644 6083 151
2135 3114 152
5700 1176 153
6443 5217 154
2194 4334 155
1020 6425 156
3709 6007 157
2417 3751 158
1717 389 159
5306 640 160
2704 4897 161
6730 6755 162
7054 405 163
3284 5457 164
1303 3193 165
4094 4470 166
6841 3365 167
3405 4610 168
5781 749 169
5464 5441 170
1369 484 171
486 996 172
4005 3924 173
5349 3603 174
2096 659 175
5470 4419 176
3144 4690 177
422 3500 178
3209 5686 179
4727 6883 180
6656 3117 181
6778 3607 182
1780 3868 183
3133 2701 184
5960 2893 185
1695 1827 186
6626 4016 187
159 629 188
172 3481 189
3622 556 190
5122 4184 191
429 2040 192
5761 5245 193
2738 5621 194
3649 1947 195
277 3734 196
5570 6698 197
6087 2403 198
3841 1087 199
1774 5306 200
4356 5632 1
3256 5462 2
5053 5115 3
1337 5834 4
4975 6823 5
1077 832 6
745 5238 7
4301 5126 8
1322 214 9
5274 5009 10
1530 4001 11
1241 3355 12
5624 3030 13
3993 6683 14
2248 3492 15
3069 6989 16
3319 1281 17
4098 1899 18
64 5174 19
6258 5328 20
3810 2143 21
1195 1162 22
2320 6042 23
1523 841 24
4098 3962 25
2904 1926 26
5065 4177 27
4704 5402 28
6929 3466 29
2312 6002 30
6268 4593 31
6937 4282 32
5346 4056 33
1260 5164 34
5037 672 35
282 4444 36
4981 1453 37
5499 1358 38
1438 4678 39
5628 3497 40
5371 1513 41
3891 4914 42
3546 4449 43
2977 5372 44
3958 198 45
4518 3812 46
1086 3974 47
1891 6588 48
4733 6275 49
4928 1960 50
586 7082 51
4804 34 52
5894 1900 53
4635 6653 54
1813 2891 55
844 507 56
6204 3089 57
95 2485 58
667 927 59
5044 4882 60
1292 4119 61
4518 4461 62
444 3957 63
6419 6551 64
5410 843 65
4723 2617 66
6446 3997 67
2650 1 68
20 3165 69
3608 1741 70
6656 3141 71
3368 5289 72
664 1670 73
2312 5997 74
1437 1620 75
766 2430 76
4587 2454 77
1833 4045 78
3877 5072 79
2190 3277 80
567 61 81
2629 4884 82
4518 5574 83
4322 2259 84
2030 1482 85
39 1174 86
6312 2079 87
237 1402 88
6232 825 89
5534 4637 90
5475 4269 91
6048 3449 92
3826 1365 93
6703 2101 94
4962 2789 95
4016 6778 96
4966 1626 97
2494 410 98
5719 1793 99
2036 3387 100
1172 571 101
5628 3709 102
1041 3704 103
294 85 104
3865 3424 105
2387 4776 106
2965 3599 107
3171 5814 108
1611 7043 109
885 4528 110
637 7028 111
4516 5916 112
6175 2552 113
2997 6202 114
3431 1559 115
3656 1779 116
1600 4091 117
3630 2763 118
1212 6116 119
1032 6468 120
74 4428 121
2285 1759 122
325 2502 123
6404 4621 124
495 5035 125
3495 2127 126
330 1119 127
4818 5228 128
2022 2728 129
5844 3748 130
4015 6153 131
7094 6719 132
5444 3576 133
963 1974 134
5021 1818 135
3749 7065 136
778 5283 137
2070 3031 138
6046 4670 139
1709 4475 140
5875 3834 141
828 5350 142
4993 6245 143
2476 691 144
1643 2748 145
3393 1787 146
220 1383 147
630 266 148
3648 6459 149
5075 4182 150
2393 4657 151
5863 6004 152
892 5087 153
2468 872 154
3495 7013 155
2132 3555 156
2206 6831 157
3577 5875 158
1329 4031 159
1812 839 160
1216 4617 161
5431 5716 162
2698 609 163
3077 5223 164
3227 1864 165
6030 3622 166
1208 3139 167
2941 4018 168
3018 38 169
4359 5697 170
4497 2621 171
6839 1360 172
1857 7093 173
564 1536 174
4805 2888 175
7076 3901 176
280 4231 177
2080 3364 178
5197 5483 179
6367 2219 180
3971 4058 181
4292 5565 182
2500 674 183
674 5466 184
2733 52 185
6175 6813 186
816 6894 187
5152 3151 188
7039 6285 189
7038 1834 190
4140 1216 191
5210 747 192
1208 908 193
4698 197 194
6095 2302 195
3892 2532 196
6701 5152 197
3436 3763 198
3436 1680 199
5320 1842 200
2030 3972 1
4358 373 2
3577 3376 3
1593 2463 4
6367 6163 5
3277 5947 6
1031 3443 7
1914 1521 8
6976 7087 9
5229 5919 10
7002 1362 11
1803 3588 12
4027 4092 13
1290 4276 14
2031 3578 15
4182 1822 16
3321 1510 17
4922 2525 18
4889 4663 19
1712 2063 20
3179 2556 21
2024 851 22
4575 2162 23
6855 2773 24
4177 4822 25
5107 6005 26
612 2862 27
6635 2350 28
3821 2711 29
1027 4479 30
4258 5111 31
4395 1434 32
3215 5939 33
5899 1005 34
357 3881 35
268 258 36
3035 2909 37
1753 1703 38
980 3378 39
1568 5654 40
4306 6645 41
3138 6316 42
51 3700 43
778 513 44
2539 4376 45
3500 2946 46
3536 5058 47
820 2639 48
3436 2059 49
3920 2070 50
1821 3302 51
1747 4839 52
4142 3711 53
6909 4218 54
314 2150 55
2109 5833 56
6791 982 57
7029 5024 58
6392 6188 59
3523 1486 60
6492 77 61
6608 2318 62
514 5998 63
153 6379 64
1283 4875 65
3370 6336 66
946 1640 67
6953 1979 68
4377 6898 69
573 5873 70
4260 1524 71
6704 1089 72
4157 6232 73
5983 3458 74
6551 6684 75
3141 3181 76
5307 1039 77
2845 3792 78
5295 549 79
3184 981 80
4992 1572 81
5903 6781 82
21 698 83
588 2370 84
6109 3878 85
3841 6111 86
292 1431 87
4168 1367 88
883 3329 89
597 2180 90
1656 2009 91
5305 4185 92
1833 1506 93
5245 3598 94
3649 6010 95
6750 6962 96
6883 2654 97
3973 7081 98
1639 679 99
183 3304 100
4763 3144 101
890 6266 102
5005 2565 103
2101 3870 104
3609 961 105
3995 6019 106
4376 4891 107
941 3882 108
1579 6039 109
3960 3184 110
6718 5559 111
3110 5294 112
1441 3776 113
3451 2314 114
6880 1355 115
5520 5599 116
5830 2755 117
3450 6349 118
3603 4344 119
3609 876 120
4285 487 121
5106 6696 122
5361 2680 123
3235 1097 124
5324 1193 125
3 889 126
2378 3666 127
1663 3853 128
234 6948 129
2616 6478 130
3111 2340 131
6740 3403 132
6981 2186 133
6048 3950 134
4922 925 135
892 1888 136
4727 4559 137
6992 4088 138
4860 4829 139
3445 1449 140
3069 6276 141
2947 4549 142
1885 4213 143
967 5073 144
3219 3166 145
2387 6258 146
2800 6685 147
3858 4235 148
5719 2724 149
1148 1592 150
788 4867 151
4436 1959 152
5637 4034 153
2403 1456 154
2060 3263 155
2616 5221 156
3608 6803 157
3525 5227 158
4089 7054 159
565 808 160
1463 6524 161
459 6217 162
7082 4458 163
7038 1683 164
753 3538 165
6901 6393 166
1457 2328 167
1834 2943 168
5450 1081 169
1210 5454 170
3754 4160 171
4630 5553 172
1712 5724 173
3540 6688 174
2420 3586 175
2104 6809 176
3113 1377 177
2029 1877 178
5306 2598 179
6218 6479 180
3227 1986 181
2707 3721 182
5028 4262 183
1484 1668 184
5386 3971 185
5778 6133 186
2559 3904 187
2699 4348 188
3948 4535 189
2030 2754 190
6626 685 191
5576 2878 192
1186 427 193
3903 5839 194
410 6394 195
5402 370 196
6377 2767 197
873 3417 198
2611 2753 199
3673 1289 200
4581 4369 1
6319 1476 2
4224 6340 3
6334 3843 4
890 2255 5
2872 3330 6
5554 1516 7
6431 5040 8
3381 123 9
4288 2257 10
3408 1184 11
1828 5252 12
6105 2575 13
2905 2373 14
3052 5356 15
1727 2452 16
4663 3533 17
2151 669 18
875 5206 19
6020 3017 20
3192 4953 21
6048 1189 22
4483 1825 23
3936 4587 24
1375 4560 25
5332 2141 26
3990 1632 27
3828 4895 28
3244 5084 29
3478 6052 30
1712 1731 31
5411 757 32
2762 5020 33
2955 1944 34
2948 687 35
1578 6440 36
3445 4881 37
7043 1796 38
6237 3605 39
6008 5063 40
6182 1740 41
1922 2830 42
997 5288 43
2968 6230 44
7094 1122 45
4916 1299 46
1853 3926 47
889 403 48
3141 3943 49
5379 1512 50
3520 1017 51
6753 1905 52
1389 699 53
4315 2649 54
5977 5848 55
2002 753 56
26 5865 57
6626 4582 58
6500 3201 59
687 109 60
5968 4155 61
2313 719 62
5736 7089 63
2391 400 64
2346 1691 65
2734 1285 66
2711 4163 67
1735 3353 68
3179 5590 69
6277 3872 70
646 5042 71
5183 5122 72
2868 2305 73
3478 5681 74
3817 6899 75
2508 6555 76
4950 447 77
6034 1499 78
3518 73 79
3370 2954 80
3751 6708 81
117 920 82
153 6571 83
2207 6797 84
6001 6212 85
5677 398 86
2225 4547 87
333 883 88
5373 6205 89
2893 3906 90
2484 5025 91
4126 6777 92
3069 4481 93
7035 2538 94
1874 1392 95
498 6405 96
691 535 97
637 6451 98
197 2084 99
3345 5100 100
4409 4173 101
5789 2026 102
1672 6640 103
3801 4289 104
1955 3398 105
4590 664 106
6267 3652 107
1513 1487 108
5761 5906 109
4428 3100 110
1602 5456 111
971 3251 112
3902 4430 113
1856 1253 114
3067 593 115
3907 1117 116
1431 5826 117
7019 5137 118
1034 4159 119
6576 1493 120
1561 3856 121
150 731 122
6555 180 123
1559 2907 124
3108 1497 125
3092 1836 126
1266 7059 127
2557 1987 128
1393 788 129
723 5130 130
6589 2948 131
963 3768 132
603 1363 133
533 2709 134
2812 2261 135
4479 4433 136
6123 4680 137
4992 5722 138
3841 3260 139
5296 365 140
5703 2498 141
1404 5812 142
811 6540 143
1004 4039 144
5885 4901 145
4837 906 146
1134 3480 147
4047 2972 148
4764 2319 149
2414 4727 150
5351 1639 151
6694 638 152
2589 5277 153
1851 5555 154
3313 5923 155
3790 4753 156
6154 2606 157
6977 6606 158
5522 3807 159
5982 1410 160
6218 6032 161
3515 6763 162
858 1484 163
6973 6075 164
1958 1686 165
6975 2615 166
4358 636 167
6819 233 168
6703 2983 169
3284 5314 170
4264 3332 171
5613 3248 172
2326 2303 173
5996 3265 174
1201 6897 175
6320 3638 176
1766 1534 177
4179 5015 178
4028 5257 179
5809 4868 180
5236 2863 181
2859 5609 182
4164 4390 183
1647 4683 184
1054 6455 185
5903 3290 186
3649 5517 187
3123 2987 188
3866 2786 189
1821 2363 190
2944 1424 191
3436 3321 192
3129 6151 193
2627 2111 194
6845 1681 195
932 1744 196
624 2725 197
3250 6927 198
5714 483 199
219 4632 200
2030 4485 1
4043 1029 2
1946 799 3
1315 397 4
5990 3668 5
3851 2568 6
111 4096 7
2531 7026 8
1693 3549 9
1446 663 10
5358 196 11
166 1446 12
3086 5189 13
6196 125 14
4074 4516 15
220 4179 16
7083 3052 17
4918 6873 18
5235 3838 19
3680 464 20
929 814 21
1047 4927 22
557 455 23
1135 4239 24
4005 6735 25
57 3760 26
658 120 27
2013 2306 28
4604 299 29
3491 3213 30
5853 2875 31
2629 5768 32
2143 760 33
1549 3199 34
2504 5675 35
3723 3461 36
6412 2819 37
6036 1738 38
2802 5953 39
542 137 40
3491 744 41
4990 3055 42
6689 4162 43
5565 5353 44
3086 4966 45
4493 2951 46
4886 3518 47
4005 3572 48
3957 1452 49
489 1490 50
3949 3798 51
6738 4653 52
3791 3553 53
3798 5692 54
4258 4427 55
1881 4415 56
320 6807 57
5059 5007 58
3508 6713 59
2153 3142 60
3022 1798 61
542 344 62
71 94 63
438 2995 64
926 2487 65
1682 6642 66
704 680 67
2799 3567 68
6870 4203 69
6153 1705 70
704 778 71
3406 790 72
1880 6086 73
102 4775 74
1193 6934 75
1394 3780 76
2013 6221 77
1268 6328 78
3748 5521 79
6797 5501 80
6091 5757 81
2074 7061 82
4239 497 83
5156 3244 84
6838 1093 85
6711 6806 86
7089 4424 87
3603 5351 88
6216 1171 89
6354 3946 90
4283 6424 91
1482 5908 92
1956 634 93
4943 5201 94
1229 2642 95
5965 3339 96
5346 5782 97
4176 2088 98
5382 1768 99
2234 6554 100
858 2937 101
63 434 102
6509 170 103
4613 3446 104
5769 3064 105
6012 6862 106
1086 1296 107
3922 5099 108
5855 4831 109
186 230 110
3980 6199 111
1868 2706 112
2022 3650 113
3943 6122 114
6743 4583 115
5704 2681 116
1761 4709 117
2696 3002 118
5035 2386 119
3142 2404 120
1843 5361 121
5663 1789 122
439 4463 123
2074 6839 124
1069 2848 125
1266 100 126
4137 2148 127
544 5480 128
4137 558 129
1251 2548 130
2467 1290 131
1362 5774 132
6172 3281 133
6880 694 134
3210 4798 135
2454 5926 136
5795 1393 137
6551 5443 138
5928 6921 139
968 1075 140
722 6244 141
4218 3892 142
2109 7072 143
3735 4429 144
145 7099 145
752 4904 146
6919 6528 147
5241 3170 148
4537 5377 149
314 3356 150
219 4562 151
5533 132 152
4272 4351 153
5203 7055 154
848 3636 155
6443 4998 156
2694 1969 157
4133 904 158
1308 2510 159
2031 5031 160
6314 791 161
4878 3793 162
566 6649 163
4332 5682 164
4819 6074 165
1358 4286 166
963 1756 167
2700 462 168
2176 4349 169
186 6383 170
3736 1114 171
5632 1933 172
3126 6630 173
4229 4387 174
3367 665 175
1184 4303 176
1423 3590 177
5248 3452 178
1404 4711 179
4711 4068 180
2966 4999 181
6883 5367 182
4207 2263 183
236 4455 184
4070 7100 185
4688 1058 186
6555 5226 187
3773 6090 188
4737 4223 189
4283 3976 190
4364 1623 191
2145 5191 192
2245 5371 193
2532 3717 194
6540 3961 195
796 5216 196
1086 4137 197
1234 1689 198
6502 435 199
4912 1330 200
1857 614 1
1495 1906 2
2365 6483 3
896 3954 4
6297 6388 5
3399 413 6
1663 3088 7
442 6108 8
1537 3826 9
5972 3999 10
1289 2716 11
4702 5662 12
3814 7057 13
1721 3947 14
1326 5955 15
1806 1308 16
3719 5586 17
2414 6779 18
4022 6220 19
2378 1257 20
2589 5209 21
789 4175 22
5588 4101 23
3424 4496 24
5426 4256 25
1310 641 26
5612 2325 27
2202 3176 28
5183 5765 29
6529 6499 30
3953 2136 31
1868 6995 32
4418 2629 33
6814 2434 34
1140 2058 35
3823 6639 36
1526 160 37
6909 1049 38
2690 6105 39
22 1022 40
368 3764 41
2991 1369 42
6698 6764 43
3443 6563 44
1920 3833 45
5324 5743 46
3665 2170 47
3431 150 48
840 6820 49
3448 4754 50
6709 6286 51
4104 714 52
227 2839 53
1136 3890 54
1047 795 55
1014 997 56
2698 2814 57
3630 381 58
3017 178 59
1674 4989 60
6640 512 61
6658 1385 62
6160 408 63
512 5301 64
4074 5091 65
1370 4701 66
6480 4635 67
107 4700 68
5360 5531 69
2635 3693 70
5352 5980 71
2536 6197 72
1387 639 73
1641 5215 74
1361 121 75
3279 5610 76
1766 4916 77
5555 2780 78
1002 1700 79
6502 2081 80
5112 2840 81
4226 4601 82
6460 1113 83
4691 2041 84
6576 4693 85
3317 4275 86
5065 5706 87
4017 1397 88
3922 3740 89
5439 4794 90
745 6334 91
6464 162 92
1185 963 93
6229 2049 94
500 1621 95
2808 4732 96
6817 4785 97
378 631 98
5428 2881 99
4340 1368 100
2850 7030 101
394 1794 102
2625 5193 103
1321 3346 104
5627 882 105
1242 307 106
779 5004 107
4922 1682 108
2864 2440 109
3677 3167 110
5816 5395 111
1308 2503 112
6492 322 113
2616 6484 114
4175 4247 115
1077 6840 116
4765 415 117
5912 5364 118
1455 6847 119
6609 4368 120
4388 4459 121
6937 6887 122
490 4730 123
6984 5234 124
6992 4979 125
5957 6180 126
3905 1742 127
5068 4130 128
6880 4308 129
1423 5618 130
3530 1853 131
6917 3960 132
2361 4307 133
2673 4671 134
5253 6620 135
6041 3539 136
6656 5403 137
5953 1586 138
502 786 139
5735 4878 140
5203 3429 141
4910 6732 142
4404 5360 143
3215 4053 144
1882 6259 145
2506 3969 146
100 2772 147
6274 5882 148
2694 1718 149
4210 111 150
262 6553 151
4572 4051 152
6045 4623 153
3314 4297 154
5715 1479 155
237 3070 156
7014 301 157
4278 3821 158
3013 225 159
2943 2855 160
3109 6647 161
6426 234 162
2966 327 163
3695 3846 164
6320 3644 165
6350 4224 166
1656 5925 167
607 1143 168
762 4828 169
6605 6015 170
6576 3134 171
3960 184 172
4885 1378 173
2016 2239 174
7063 1749 175
5766 2719 176
1216 4112 177
603 336 178
1099 1104 179
4231 6222 180
7004 3574 181
5136 6604 182
1525 4452 183
120 5729 184
7061 6368 185
6480 3352 186
5578 112 187
4242 4745 188
2029 3068 189
3518 2858 190
6928 2673 191
4035 962 192
2113 5892 193
6130 6858 194
892 4135 195
6162 5983 196
6104 666 197
5896 3405 198
5376 2233 199
6151 1893 200
2500 2836 1
1014 4787 2
5339 3286 3
3905 1396 4
2512 3311 5
3842 2066 6
2499 6987 7
673 90 8
5184 5273 9
5813 3460 10
222 5718 11
6494 1935 12
2013 789 13
6979 1025 14
2022 4930 15
4161 5074 16
2687 1546 17
6445 3750 18
6626 356 19
929 49 20
2816 5962 21
5917 6059 22
5438 6152 23
4577 5398 24
5408 456 25
990 4660 26
3706 6663 27
5351 5463 28
4123 5034 29
5058 311 30
888 6247 31
4538 4719 32
3762 989 33
104 3285 34
6486 3036 35
650 2360 36
3943 6073 37
5697 3489 38
2934 547 39
1639 941 40
1521 5379 41
1456 5694 42
6689 4747 43
3555 1350 44
2162 4594 45
4492 6562 46
6502 934 47
2555 6699 48
6623 3007 49
6803 1094 50
4450 581 51
6520 3224 52
4605 6423 53
5763 4584 54
4537 877 55
1298 2072 56
5938 4905 57
339 1432 58
685 7097 59
4774 4589 60
3763 967 61
4790 6384 62
5863 1195 63
597 3562 64
2031 2385 65
4805 5248 66
2419 1602 67
3352 5974 68
2685 275 69
1671 6106 70
2410 4779 71
1680 3783 72
3141 4854 73
566 5670 74
3530 3292 75
4591 2435 76
2073 6541 77
2131 3214 78
1290 4607 79
26 3342 80
2261 588 81
371 2121 82
6609 501 83
3308 2042 84
1426 6213 85
6561 998 86
2234 6800 87
4522 2391 88
4098 3062 89
3064 3850 90
5290 2292 91
6955 867 92
2407 6203 93
216 4240 94
4029 5251 95
1974 1526 96
4899 6829 97
2720 6466 98
501 278 99
2655 5877 100
2022 74 101
2500 4411 102
474 4957 103
345 1436 104
2889 6448 105
3979 5652 106
2838 475 107
1962 3164 108
3112 710 109
2202 3487 110
2950 3525 111
1130 2235 112
2320 3690 113
1843 5262 114
2276 6139 115
1905 3653 116
2724 2312 117
7096 1891 118
2306 6795 119
145 2648 120
2310 12 121
2444 6051 122
4856 5303 123
3656 1327 124
2317 2212 125
113 5557 126
385 62 127
1699 6988 128
6114 1878 129
843 156 130
664 2904 131
7032 193 132
2271 5956 133
4877 2301 134
4861 891 135
2764 5676 136
58 2910 137
6404 7044 138
4276 4340 139
5571 2941 140
6555 416 141
6409 60 142
451 3249 143
7082 4250 144
2467 2029 145
243 1346 146
365 2011 147
4258 231 148
3607 3820 149
6298 2682 150
3763 990 151
1032 836 152
413 5106 153
2560 5885 154
5900 4823 155
2360 1262 156
2040 3037 157
4297 167 158
6507 5030 159
1185 564 160
2399 5432 161
6925 3982 162
2698 7008 163
5562 1361 164
5314 3635 165
3386 4343 166
5021 4595 167
1506 6852 168
7040 6029 169
5294 5836 170
3192 6564 171
3645 4497 172
2191 5119 173
1004 2802 174
3250 1458 175
2742 5817 176
2625 3288 177
2560 2067 178
5016 4038 179
3531 3973 180
5736 6824 181
4069 2320 182
5839 4483 183
5783 6418 184
6447 48 185
999 4149 186
6073 207 187
4344 6250 188
1584 222 189
20 386 190
3213 5847 191
6185 4982 192
5382 6118 193
6492 2602 194
6224 5937 195
3756 254 196
4167 5668 197
2654 361 198
6510 3315 199
5711 5489 200
5596 5504 1
1495 4181 2
61 5707 3
2701 1188 4
2478 5436 5
1541 2488 6
3412 1038 7
1521 4392 8
5974 5255 9
4387 1985 10
4930 3758 11
2443 3319 12
1517 671 13
5236 6939 14
3790 613 15
174 3654 16
3226 1613 17
6756 722 18
1179 1461 19
687 3045 20
3483 4568 21
1643 1329 22
4628 6103 23
6656 4860 24
2889 3413 25
4806 6614 26
1653 1457 27
1169 2688 28
5018 5734 29
4644 3739 30
4977 3416 31
4727 4128 32
2648 2258 33
3018 2470 34
5074 4937 35
4621 4251 36
4967 5196 37
1276 4242 38
6894 4492 39
6992 2475 40
3808 1909 41
2867 3495 42
4289 4410 43
2209 3225 44
5358 2547 45
4725 5934 46
229 969 47
3589 4254 48
2501 5253 49
2725 2472 50
3534 4737 51
1315 189 52
5742 1166 53
3075 5909 54
2702 3120 55
5594 4476 56
36 4060 57
3953 3406 58
2757 6799 59
2047 5150 60
984 715 61
1974 2667 62
2500 992 63
4036 1157 64
6229 2134 65
805 738 66
3504 3990 67
6487 887 68
2673 3327 69
2206 5691 70
4829 5636 71
3133 6946 72
1220 6325 73
586 6000 74
5025 1977 75
4729 5315 76
3312 6243 77
2841 168 78
2847 1139 79
6531 144 80
4655 6690 81
2482 2761 82
5372 1064 83
375 4983 84
365 3210 85
6275 4358 86
7093 2781 87
1181 1282 88
6796 626 89
1329 5666 90
6509 4420 91
4265 2462 92
6135 928 93
82 5549 94
1509 4379 95
5431 4451 96
6073 5672 97
6186 6209 98
3613 6224 99
6076 809 100
1682 7007 101
6185 6906 102
3230 4201 103
522 4094 104
1370 6984 105
3477 6128 106
887 6631 107
6240 1509 108
4950 1566 109
5438 1950 110
6787 1083 111
4587 4194 112
1131 5767 113
6441 5569 114
1956 6952 115
3112 5638 116
1385 2963 117
5174 1211 118
5722 3905 119
6357 1429 120
3133 3517 121
4870 4676 122
4901 3081 123
273 6617 124
5329 5828 125
5703 1968 126
2350 368 127
6157 4073 128
5783 949 129
3570 4336 130
795 6996 131
29 1630 132
5499 261 133
1430 1085 134
6022 601 135
5623 5008 136
2265 6634 137
6660 5791 138
3638 4299 139
4666 2166 140
789 5488 141
3314 6443 142
5953 5838 143
244 1179 144
6516 1545 145
5467 5098 146
180 6872 147
54 371 148
4295 3887 149
1851 6519 150
3223 5292 151
5879 1896 152
3442 2710 153
456 1782 154
2252 5595 155
2077 3687 156
4049 6322 157
3105 2248 158
6161 1091 159
4332 2992 160
6678 1145 161
1099 860 162
5349 2346 163
1533 7045 164
6992 118 165
3116 3816 166
4188 3716 167
5999 5539 168
1522 3645 169
3748 2820 170
591 657 171
3002 5491 172
4963 6429 173
3336 4964 174
5455 3082 175
5549 122 176
5972 5770 177
6105 2380 178
3837 360 179
4122 532 180
4951 3514 181
1875 2958 182
2949 6506 183
3657 5552 184
2906 293 185
4479 2202 186
2190 4084 187
3198 154 188
4678 4246 189
2016 6400 190
4000 3632 191
6441 3685 192
6083 6983 193
3449 2160 194
1193 7064 195
1297 2759 196
2805 879 197
4058 5802 198
5601 6380 199
5295 6935 200
1391 6358 1
6173 338 2
5536 6951 3
5560 1226 4
4418 5735 5
4697 3080 6
3586 7037 7
3416 6158 8
963 3672 9
1022 7077 10
3119 2567 11
659 7073 12
3889 1230 13
6479 6449 14
3056 824 15
2074 4981 16
2029 4480 17
4315 1333 18
5389 1206 19
2276 1542 20
1920 5519 21
4111 317 22
5957 810 23
4865 2551 24
440 473 25
4930 652 26
1203 4100 27
1261 6501 28
95 3298 29
2361 6486 30
1868 2783 31
1914 1126 32
5504 5041 33
2894 7006 34
5014 1767 35
3116 6814 36
2337 940 37
720 3169 38
3292 4322 39
990 1845 40
1435 217 41
1220 479 42
5327 1599 43
2722 3610 44
64 3014 45
2506 5841 46
3418 1244 47
1305 6982 48
3605 4316 49
3906 1405 50
6467 3146 51
704 1315 52
880 1803 53
1942 1011 54
475 1629 55
1100 2 56
4839 331 57
2420 2980 58
4889 2998 59
6200 102 60
3192 3112 61
1212 103 62
858 1149 63
2035 3911 64
5091 2244 65
5159 3354 66
6158 5502 67
7017 3849 68
438 3078 69
71 5474 70
4635 509 71
3868 3145 72
1549 5520 73
6606 2721 74
3119 4186 75
4179 6651 76
100 2154 77
238 4325 78
7028 995 79
2954 667 80
2630 2516 81
5102 2544 82
3763 6544 83
180 1730 84
4434 4110 85
1410 5309 86
6062 6126 87
2420 5325 88
239 3230 89
4223 5320 90
604 6307 91
1907 2949 92
4324 4057 93
3815 3543 94
3870 1719 95
1565 5635 96
6589 4021 97
6579 4077 98
4763 888 99
3443 4746 100
4007 1971 101
1725 6411 102
201 689 103
4689 6150 104
3742 4365 105
5681 2835 106
7037 5556 107
4621 2080 108
5972 6505 109
3412 2450 110
2706 4721 111
6559 6386 112
2123 3928 113
5842 359 114
486 4843 115
4119 740 116
3678 6975 117
2742 1412 118
6859 6078 119
1032 2765 120
5067 340 121
5585 1033 122
4423 1387 123
1157 1209 124
4809 2246 125
1618 1765 126
3181 5889 127
1004 1747 128
5262 6397 129
2403 4304 130
771 4858 131
4001 2897 132
6599 1697 133
4021 1036 134
1537 3775 135
2836 6880 136
3084 6805 137
6635 3995 138
2508 6766 139
147 3425 140
3518 4170 141
490 3822 142
2061 3026 143
3775 2628 144
2902 5951 145
4732 3744 146
1844 3531 147
362 4373 148
4247 5886 149
4993 2879 150
6874 1895 151
6146 1872 152
2347 2807 153
1735 306 154
1542 550 155
5611 4498 156
1669 1035 157
555 4626 158
1795 5494 159
3772 1866 160
5771 983 161
6232 1873 162
5479 1246 163
1115 1910 164
2207 4588 165
1807 4768 166
3097 6758 167
3018 5755 168
1359 2600 169
5457 3623 170
4139 240 171
940 974 172
5694 6488 173
2367 175 174
4323 2822 175
1238 6033 176
4683 6550 177
3973 3051 178
3261 4571 179
4260 878 180
588 478 181
6022 1838 182
4128 4478 183
6308 6256 184
6355 6191 185
6293 5133 186
175 5607 187
4177 2889 188
5555 1386 189
3574 2678 190
944 3772 191
6821 2165 192
5719 6146 193
166 922 194
2013 4260 195
706 426 196
6689 2868 197
3591 1874 198
5795 129 199
100 6041 200
175 6655 1
1564 5550 2
4150 6664 3
4897 5450 4
104 5118 5
5037 5280 6
5730 943 7
3018 4955 8
5552 2393 9
4290 2973 10
1506 3933 11
1035 4596 12
2 6310 13
685 157 14
1426 4486 15
4133 5781 16
1578 4062 17
6030 3324 18
5246 3217 19
4230 6529 20
6662 5188 21
5613 268 22
3093 3451 23
2286 6734 24
1682 142 25
1410 1187 26
4121 4183 27
2025 2005 28
6982 6093 29
4023 1414 30
762 2689 31
833 1006 32
3710 2107 33
6607 4040 34
4017 6999 35
5125 1594 36
2092 4647 37
1447 7019 38
6281 4318 39
1890 2046 40
4559 857 41
1100 4078 42
3370 2624 43
536 6740 44
6194 202 45
4301 6261 46
2944 4494 47
3166 4199 48
394 2635 49
1165 2445 50
5729 2513 51
5283 4949 52
543 3334 53
5057 2751 54
3643 1466 55
1679 6169 56
17 3053 57
127 1806 58
6231 5628 59
4223 2331 60
2772 1342 61
3056 6526 62
4864 5904 63
4661 4487 64
5353 1015 65
522 3802 66
4109 1514 67
6017 5465 68
1809 1138 69
110 5819 70
5456 3468 71
6365 4212 72
6224 3989 73
5830 2236 74
5297 759 75
3071 1371 76
5655 6399 77
6028 1314 78
3402 2887 79
6334 5933 80
1296 1404 81
216 6990 82
5860 2215 83
5155 4725 84
4428 6904 85
4727 3592 86
5013 4505 87
1558 4015 88
364 3741 89
620 3844 90
3398 4871 91
4783 3785 92
5084 2902 93
1220 3192 94
5827 2708 95
3423 1165 96
2572 1518 97
1784 4409 98
2022 2420 99
4491 1163 100
108 1665 101
5174 4524 102
1345 2189 103
509 1275 104
6465 3875 105
1991 3934 106
1845 4158 107
5145 2774 108
845 3236 109
3561 697 110
2494 6409 111
2061 6148 112
6105 246 113
5659 1934 114
3531 4017 115
5154 3965 116
1669 987 117
4170 6558 118
3953 3279 119
5710 5713 120
2869 2731 121
1405 5141 122
3028 1924 123
4001 5945 124
6625 1567 125
4094 6138 126
1203 3059 127
2966 3447 128
7077 185 129
1056 4627 130
1022 4749 131
4449 6727 132
5130 4833 133
5160 3532 134
3116 3891 135
5683 256 136
5321 874 137
6144 1687 138
331 4171 139
5824 2241 140
6606 3987 141
1718 6728 142
6848 1529 143
3648 1063 144
513 4909 145
6246 357 146
867 4943 147
5992 70 148
990 2578 149
3968 5982 150
5218 1764 151
3126 6161 152
2357 1147 153
4525 5235 154
3222 855 155
1967 4032 156
1279 4620 157
5462 2304 158
1760 4331 159
1056 2060 160
4636 660 161
4920 5581 162
4540 5536 163
1145 5037 164
4113 999 165
4761 5871 166
2027 2018 167
1016 6047 168
2484 2247 169
1008 6556 170
6704 216 171
2392 6460 172
5408 2473 173
4133 472 174
6449 3410 175
2030 1047 176
639 2118 177
6861 4830 178
5463 958 179
399 768 180
2589 1247 181
114 5497 182
4851 2577 183
909 4400 184
7054 4438 185
2669 3340 186
2354 1373 187
5827 5061 188
6198 1249 189
5769 5048 190
5995 4933 191
3101 5401 192
5806 429 193
2259 6214 194
816 4414 195
5361 3043 196
1404 6211 197
6909 4952 198
2960 2368 199
954 1200 200
4216 5739 1
1857 2512 2
1359 852 3
1020 6849 4
3490 578 5
6292 6299 6
344 6198 7
6820 3527 8
906 3380 9
2243 6762 10
1782 534 11
4945 2427 12
2016 257 13
6309 1084 14
5573 957 15
3022 5208 16
4532 83 17
4627 284 18
6095 5316 19
2105 6774 20
5013 7067 21
3889 701 22
3490 1781 23
5031 4153 24
5642 2085 25
2861 6085 26
1473 5524 27
3128 3913 28
5297 6001 29
568 756 30
4140 945 31
4518 6707 32
6202 6190 33
652 2653 34
4663 1248 35
1993 6969 36
2910 4558 37
2237 6514 38
4712 6497 39
2886 5611 40
5520 2520 41
4849 907 42
2874 5370 43
3826 4359 44
100 2338 45
261 1079 46
3835 5089 47
2245 3512 48
1410 1053 49
5021 6589 50
1092 4940 51
3370 2950 52
5673 681 53
1592 6798 54
1013 79 55
2239 4027 56
6161 1745 57
4308 6251 58
5814 3931 59
6597 5987 60
3161 3916 61
5938 2217 62
3066 4619 63
1591 2102 64
6035 3873 65
846 4792 66
1784 68 67
4919 591 68
4727 2468 69
3373 986 70
3093 2566 71
3580 1332 72
3882 976 73
2837 651 74
3938 1379 75
3381 845 76
3315 155 77
6757 1259 78
6107 5446 79
6246 1549 80
1914 5163 81
1612 6068 82
146 4564 83
1220 5895 84
4507 3542 85
1504 2803 86
3451 913 87
2005 23 88
6224 3925 89
5863 2256 90
1548 4059 91
4479 2075 92
6536 4180 93
3179 2406 94
5094 1127 95
4062 1227 96
2943 4523 97
5632 5910 98
1513 2722 99
3119 5490 100
506 4190 101
1426 2238 102
4727 6362 103
2250 6177 104
2536 5296 105
6888 4796 106
2484 3877 107
6106 1267 108
5664 3920 109
3678 36 110
4078 3600 111
4098 2299 112
3706 6493 113
3045 6661 114
5863 6154 115
6932 6869 116
5112 1916 117
888 6542 118
3826 3098 119
1643 1837 120
6868 3484 121
2539 6206 122
2048 4581 123
1172 4748 124
2582 2831 125
5562 5445 126
6612 1753 127
6274 3938 128
270 6028 129
690 741 130
3010 4167 131
6365 1912 132
46 1573 133
1995 1988 134
4655 3618 135
624 2458 136
1020 4740 137
6231 4992 138
1743 3927 139
4490 1595 140
6087 5778 141
4356 5711 142
1782 5921 143
6488 6945 144
705 1660 145
3654 6343 146
1572 5760 147
6952 748 148
2443 548 149
4125 6623 150
2009 3929 151
6048 3123 152
943 6365 153
1138 6867 154
4294 4360 155
1652 1269 156
1782 4577 157
3725 3382 158
5425 1884 159
4359 5334 160
6656 2592 161
1828 6825 162
4378 5698 163
5253 2718 164
999 5461 165
1608 1331 166
3462 4674 167
3968 6284 168
6575 463 169
2291 5478 170
3787 6166 171
1022 6030 172
1530 3889 173
2952 3671 174
4340 237 175
741 341 176
5760 2178 177
5817 1962 178
5562 1607 179
3638 2641 180
4819 4816 181
6171 2940 182
3099 5745 183
1933 6288 184
4851 26 185
2029 383 186
5482 3237 187
2812 4085 188
6322 2674 189
1633 4686 190
621 1941 191
4110 743 192
4768 3047 193
31 2645 194
1769 3917 195
4282 177 196
5774 1416 197
1735 281 198
4846 2705 199
3908 5077 200
6663 2854 1
2661 6186 2
5726 4550 3
1421 2692 4
449 6131 5
3803 4733 6
2105 2497 7
5268 3524 8
4712 3313 9
5454 3435 10
2978 113 11
5205 5246 12
5602 3157 13
550 6878 14
5826 2964 15
6995 5528 16
117 518 17
6680 161 18
5178 3057 19
6662 1492 20
4961 1263 21
113 1423 22
3677 3464 23
2158 6736 24
6202 1201 25
5966 2619 26
2334 3660 27
6157 5156 28
1884 287 29
5895 3683 30
1954 4342 31
3731 318 32
6334 2932 33
6555 6730 34
4236 2138 35
394 3409 36
2449 2499 37
523 4049 38
5031 3042 39
6280 829 40
5579 5272 41
2087 1144 42
4089 1992 43
1130 1799 44
2763 3020 45
2986 5972 46
6139 2000 47
1305 2423 48
2015 4716 49
5180 5821 50
4298 4500 51
6616 4083 52
3043 5331 53
1242 6332 54
1648 4846 55
5204 3521 56
6381 5285 57
5410 210 58
7077 372 59
3469 1574 60
6041 2091 61
1220 4126 62
2975 632 63
5676 2071 64
1843 3086 65
198 622 66
578 1597 67
837 1252 68
2465 1001 69
4450 4321 70
1896 1970 71
4073 7038 72
667 5927 73
4293 1840 74
1928 5929 75
5528 5990 76
1724 5570 77
3963 3569 78
1308 6510 79
5178 3255 80
3472 5794 81
1266 5660 82
3998 3675 83
5762 1535 84
364 5014 85
2151 1525 86
6719 1160 87
1833 5508 88
4159 4790 89
6814 4019 90
6510 947 91
5842 3400 92
271 1018 93
2251 4172 94
1791 4029 95
3131 4335 96
2744 2277 97
6218 4233 98
3807 4985 99
4326 1695 100
2883 5922 101
2350 696 102
4133 5261 103
430 7040 104
4993 1326 105
4737 1376 106
1969 6223 107
3123 3580 108
244 6966 109
900 837 110
369 1692 111
5463 6628 112
4650 4783 113
5367 1832 114
1043 519 115
3878 5938 116
5990 3550 117
3681 5378 118
814 4243 119
1348 2929 120
3779 870 121
3554 2782 122
3176 2698 123
6048 4261 124
6633 6095 125
6638 1993 126
2270 1111 127
2607 2432 128
5262 6395 129
3035 2573 130
3927 1996 131
5632 1375 132
560 319 133
567 6011 134
5125 2183 135
4930 4292 136
1555 858 137
2048 4506 138
492 6857 139
5851 2265 140
3789 5810 141
1698 537 142
2031 1072 143
1647 683 144
2135 4847 145
5513 1199 146
1337 3491 147
386 1657 148
1837 4263 149
1899 2341 150
217 800 151
5898 4870 152
452 6088 153
3253 5088 154
4541 3966 155
6569 3152 156
6880 6480 157
5659 7031 158
5827 5940 159
4846 772 160
111 6737 161
4538 3633 162
1176 1232 163
498 5741 164
5411 2660 165
5637 18 166
2299 369 167
5472 5928 168
4054 1045 169
738 3154 170
5900 1297 171
5717 1652 172
6418 5913 173
858 2915 174
5178 6686 175
5614 1106 176
4364 2841 177
6277 1967 178
3226 577 179
4642 1302 180
4919 5146 181
1697 1129 182
4418 5369 183
1385 6369 184
6818 6810 185
5583 5195 186
825 2977 187
4642 6618 188
5386 2900 189
3562 1102 190
2062 3459 191
2129 6922 192
6796 6668 193
5499 6738 194
5424 2480 195
1185 176 196
2407 4105 197
6004 1177 198
3985 4097 199
426 2329 200
5247 3420 1
1418 3565 2
5657 4253 3
3884 5417 4
513 3090 5
6995 1548 6
911 3337 7
288 896 8
5694 4030 9
4822 6947 10
4441 4548 11
4856 3085 12
6298 1653 13
3991 3008 14
2869 1844 15
2812 4611 16
3869 5243 17
3418 4919 18
645 1788 19
4332 2515 20
6984 678 21
3095 3397 22
145 1544 23
3449 4813 24
95 476 25
2937 1245 26
1125 5213 27
5649 6600 28
3559 1502 29
738 1463 30
6589 2021 31
4069 2634 32
3344 72 33
1766 4527 34
2659 1161 35
5189 6794 36
5898 610 37
3126 130 38
5161 3091 39
2302 7024 40
2532 4751 41
2448 5321 42
6627 4561 43
246 5145 44
634 1442 45
4399 5444 46
6040 1943 47
4368 4324 48
4399 611 49
2484 418 50
5543 3507 51
233 2117 52
5243 5159 53
6231 6048 54
3591 7022 55
1695 718 56
4825 5359 57
5493 4309 58
203 3099 59
3018 1601 60
4353 6474 61
2944 4586 62
592 708 63
5899 3585 64
351 4640 65
2536 817 66
438 2211 67
1724 2690 68
5121 3000 69
5371 6821 70
2682 1496 71
745 2455 72
4190 5392 73
4620 1638 74
738 6170 75
282 5179 76
5513 2890 77
1479 7047 78
4762 2796 79
1126 1207 80
2627 1875 81
832 4887 82
1836 627 83
6817 1319 84
6994 6092 85
4515 5062 86
3056 5496 87
401 5594 88
391 3336 89
4298 4388 90
2270 2549 91
1327 3140 92
1565 505 93
7007 1205 94
5733 1220 95
5214 6981 96
4680 4695 97
6173 4472 98
4279 5784 99
581 1774 100
2296 3218 101
3314 859 102
2640 3560 103
578 5699 104
129 4284 105
2794 2676 106
1738 6937 107
4803 6278 108
3618 3951 109
2253 4685 110
1751 3908 111
3748 2477 112
3622 4578 113
2459 5818 114
6337 1421 115
2930 643 116
2233 1298 117
2965 1885 118
1748 2249 119
1324 6338 120
6376 3583 121
4569 3737 122
5245 7088 123
4124 6776 124
2106 2604 125
4611 6034 126
1766 1489 127
5932 2925 128
218 390 129
6413 4079 130
6244 6345 131
4009 135 132
4856 956 133
2410 766 134
4952 5525 135
5689 4151 136
1016 1922 137
179 3815 138
3229 3419 139
2245 621 140
5628 2872 141
3644 3511 142
4889 3959 143
4723 6382 144
238 6775 145
2346 5286 146
1315 64 147
4388 2276 148
1455 3724 149
6709 3862 150
1074 1390 151
4367 1134 152
5730 6712 153
5031 3162 154
700 4717 155
2468 1074 156
7033 739 157
745 6279 158
3723 116 159
5262 2561 160
5835 3231 161
3017 2939 162
33 1880 163
3021 4211 164
3763 6274 165
5994 4320 166
3133 3808 167
5839 724 168
6290 5515 169
3418 6289 170
6106 1963 171
1612 7076 172
4604 2300 173
6321 656 174
3022 105 175
3175 208 176
1647 6257 177
6605 4488 178
3340 3528 179
6650 5420 180
4153 4293 181
6084 2272 182
6001 3895 183
2583 3949 184
6347 730 185
341 4066 186
5666 5988 187
7061 2744 188
2059 4069 189
3434 119 190
6408 1812 191
1608 3173 192
159 2225 193
4175 5394 194
6043 128 195
4465 5627 196
5058 5959 197
2031 4763 198
2575 4857 199
3081 2823 200
1052 201 1
2431 3212 2
4137 6416 3
4261 4604 4
2030 5966 5
4490 6160 6
2924 7001 7
5390 4684 8
418 1155 9
4766 2152 10
6231 2278 11
5411 5105 12
3221 6741 13
4285 6136 14
362 6277 15
911 4118 16
4762 46 17
2895 6855 18
6689 1702 19
3949 700 20
2870 337 21
1259 2409 22
5981 442 23
6062 5793 24
6321 5003 25
386 4258 26
5278 5912 27
1220 2310 28
2893 2555 29
3043 6517 30
5092 2859 31
3176 6970 32
805 4287 33
5722 468 34
4001 1023 35
4465 4422 36
5794 6731 37
2538 7021 38
1827 5357 39
3583 4383 40
6943 5116 41
2229 3520 42
2399 1976 43
13 4928 44
2199 6375 45
2943 6967 46
3084 4437 47
2774 1923 48
3823 4597 49
5388 2842 50
5331 6184 51
6880 3399 52
6928 733 53
4598 1441 54
265 980 55
2245 5797 56
1120 1841 57
1835 3886 58
2611 1712 59
2959 561 60
102 4863 61
3968 2182 62
1445 6453 63
4295 2827 64
4210 5 65
2933 2197 66
5843 5229 67
588 5867 68
620 1920 69
1781 4217 70
4242 6720 71
2570 6159 72
5996 1071 73
956 4892 74
5736 807 75
1290 2669 76
1585 2892 77
6425 3667 78
5885 1059 79
4196 3103 80
109 1411 81
2591 6925 82
4251 3745 83
3154 5700 84
5917 1425 85
3226 2173 86
1631 6046 87
1505 379 88
2414 3022 89
4461 2137 90
7040 5547 91
5512 6539 92
106 4677 93
2270 3710 94
4852 3390 95
5577 1635 96
758 4124 97
3768 6511 98
5073 5467 99
6598 5744 100
2029 2791 101
424 1182 102
5354 6665 103
5224 131 104
4001 5899 105
378 2227 106
6130 2670 107
189 2448 108
4057 5705 109
3436 5214 110
1463 6067 111
6322 4987 112
276 936 113
1791 4010 114
1902 5271 115
5312 3369 116
5310 5171 117
1584 3195 118
5979 6208 119
501 553 120
6837 1107 121
4442 6339 122
2496 2464 123
4459 3226 124
1435 3978 125
704 277 126
2946 4265 127
738 4806 128
5003 6045 129
2521 5696 130
3421 1991 131
2820 2200 132
2145 565 133
5124 3788 134
2130 1210 135
5504 3894 136
3267 4296 137
4806 6742 138
3698 3519 139
6790 2655 140
541 3012 141
1023 2924 142
4340 4439 143
1597 4911 144
1078 4862 145
5906 3462 146
1122 6804 147
1165 6337 148
4205 6722 149
471 5936 150
109 3814 151
2881 6817 152
6760 1766 153
4691 4599 154
6904 2894 155
2345 3216 156
4298 5313 157
6035 7070 158
3798 4000 159
3428 4454 160
3979 968 161
2960 4095 162
6218 1833 163
5297 2833 164
3069 6773 165
5300 5134 166
6904 5458 167
6355 2438 168
1406 6715 169
3268 3021 170
720 804 171
1695 1820 172
2654 5293 173
6587 6172 174
1992 6754 175
1544 2852 176
1864 971 177
6350 342 178
3381 289 179
2869 3018 180
6213 2115 181
3442 4555 182
5224 1651 183
2524 4554 184
4400 6769 185
766 3384 186
6063 3125 187
878 2002 188
3949 6608 189
3950 2354 190
2070 5964 191
4795 6548 192
4767 6940 193
3399 6531 194
6386 965 195
2454 1881 196
4209 2756 197
537 898 198
5566 1557 199
4550 1133 200
1229 2273 1
6445 1734 2
1806 3147 3
1187 2717 4
2948 2311 5
618 4650 6
1468 820 7
1292 1150 8
6181 6298 9
4285 5207 10
2614 431 11
104 4072 12
2500 6157 13
7077 930 14
2747 4020 15
1205 6387 16
1049 6543 17
51 380 18
5184 4931 19
5224 6508 20
3182 1848 21
224 1347 22
2559 3207 23
1090 2334 24
3279 792 25
4345 1569 26
787 5355 27
531 2349 28
3592 4793 29
3436 186 30
3367 2352 31
6151 1328 32
1383 4123 33
5450 2554 34
5162 5589 35
4124 3692 36
4601 2003 37
270 6619 38
5715 4804 39
6917 1669 40
3710 3771 41
5910 1353 42
2694 388 43
1986 6575 44
750 6495 45
6576 5518 46
2885 6593 47
5984 6796 48
4337 6301 49
2589 6406 50
4950 1815 51
4191 2158 52
5523 1112 53
5236 265 54
1337 2218 55
157 2509 56
4773 4974 57
1743 5786 58
2216 619 59
6506 5224 60
4644 4202 61
3337 3701 62
3775 5071 63
2013 2407 64
337 3742 65
5903 4652 66
695 7095 67
2256 924 68
5209 75 69
4922 2279 70
1463 2874 71
3959 5151 72
2592 1366 73
1533 3211 74
218 1469 75
5371 2707 76
4323 6537 77
1174 1197 78
5538 4355 79
1106 1952 80
7077 5545 81
2762 5363 82
4604 893 83
608 1013 84
6502 6560 85
268 3035 86
3491 6465 87
1207 5485 88
1494 3388 89
3892 2923 90
5553 169 91
2429 527 92
3156 5861 93
738 2585 94
722 5155 95
4745 364 96
1700 6295 97
3823 2047 98
2291 684 99
6558 320 100
6465 2077 101
4819 3651 102
625 6077 103
797 4986 104
2424 1312 105
764 43 106
5021 20 107
6920 4570 108
2828 2797 109
4645 309 110
5385 182 111
2799 2442 112
6492 5737 113
1903 1213 114
6140 2666 115
5896 6581 116
4948 5665 117
46 4679 118
551 3158 119
497 1167 120
1193 297 121
5889 115 122
6516 4628 123
1331 1800 124
3797 6956 125
6254 6162 126
751 806 127
5405 1231 128
5156 4140 129
5659 4729 130
5923 536 131
5994 5583 132
5103 5335 133
3192 5717 134
651 448 135
4995 649 136
6946 2014 137
2465 2788 138
5005 6344 139
239 5341 140
6297 4948 141
2167 2687 142
3071 7000 143
5497 5806 144
6706 3204 145
2761 2784 146
4746 314 147
4727 3393 148
6111 2511 149
3475 1761 150
2270 181 151
6277 604 152
4949 3713 153
5283 1040 154
4368 4824 155
6845 2821 156
1812 1562 157
1468 3187 158
5607 3703 159
408 5078 160
3039 3604 161
4518 5231 162
2850 3530 163
5504 4655 164
1315 2739 165
3448 4815 166
5774 3073 167
4238 6408 168
1875 3611 169
6229 190 170
3527 3041 171
3678 6124 172
44 5572 173
2844 2650 174
5031 5661 175
5353 3444 176
1039 1407 177
270 618 178
1382 521 179
5883 7016 180
6763 4310 181
2029 5522 182
2720 348 183
4860 2414 184
1501 4164 185
6300 5348 186
6522 3698 187
1756 2401 188
2869 2379 189
1549 1048 190
2475 758 191
732 1901 192
3184 4691 193
5838 2120 194
1692 4048 195
1934 6896 196
4162 2518 197
7038 1002 198
314 3371 199
4808 3205 200
3212 5440 1
6981 6012 2
100 2571 3
1671 1233 4
6578 3049 5
6055 5093 6
573 583 7
47 1615 8
4286 3587 9
3837 4634 10
385 3612 11
808 1921 12
5528 2116 13
281 163 14
3907 6535 15
3022 6114 16
1794 1517 17
3749 5127 18
7077 6695 19
1410 5460 20
1929 3537 21
4290 1515 22
1569 923 23
4078 2132 24
3478 4248 25
5962 3725 26
7062 2008 27
6372 1286 28
489 6020 29
3271 1973 30
489 5954 31
4976 2632 32
3781 3998 33
10 1474 34
5720 2969 35
2333 5580 36
6186 5492 37
234 6784 38
5266 607 39
4126 506 40
281 2203 41
5117 4958 42
419 736 43
3521 5311 44
4418 6977 45
421 5619 46
2491 3178 47
778 6262 48
1857 1961 49
6196 763 50
6116 1983 51
5863 4489 52
4368 80 53
5972 4273 54
2251 2805 55
5594 3028 56
313 4370 57
1911 249 58
3189 5588 59
2365 6791 60
1770 686 61
3614 6592 62
634 5853 63
4922 1116 64
3140 5533 65
4502 1137 66
5340 5510 67
113 5576 68
2270 3546 69
2903 5658 70
3210 2776 71
2399 2062 72
371 2362 73
4125 5300 74
284 3859 75
7002 3235 76
2657 4869 77
2557 6342 78
4860 1647 79
2794 1649 80
3763 2367 81
4842 1046 82
4035 6469 83
4196 5548 84
3421 3153 85
6261 5050 86
4642 2032 87
3495 2411 88
2581 67 89
2168 6265 90
89 1711 91
6693 4814 92
2572 5117 93
2616 7012 94
3558 5167 95
4393 7056 96
3209 5773 97
4873 4512 98
270 6014 99
4098 4354 100
4216 6489 101
825 4108 102
287 4435 103
2431 4166 104
6157 7033 105
4059 4238 106
1401 2912 107
4543 2285 108
4428 4708 109
6948 376 110
577 1746 111
3773 5018 112
6358 785 113
1956 4345 114
727 6238 115
2824 5946 116
5302 3953 117
2021 50 118
2403 4386 119
2345 3570 120
2755 993 121
985 6680 122
198 4517 123
3353 1550 124
5839 3595 125
6441 533 126
386 6998 127
2366 1444 128
6669 3306 129
191 1863 130
6376 2214 131
920 3804 132
4901 573 133
3926 260 134
2031 6886 135
4449 6470 136
6883 2216 137
1653 3223 138
3652 1052 139
3685 769 140
506 4687 141
4171 1972 142
5504 3179 143
500 6845 144
5354 3475 145
3790 592 146
6689 4222 147
6105 2596 148
6597 2266 149
3015 2605 150
5021 107 151
1970 6444 152
3979 4022 153
6001 5307 154
5283 6062 155
250 1584 156
5383 6290 157
761 351 158
2593 4950 159
4607 6834 160
3629 6071 161
3510 2342 162
3470 4226 163
4997 1817 164
6290 4984 165
4616 3571 166
4710 215 167
732 467 168
4340 5759 169
276 529 170
6555 5382 171
6441 3274 172
4722 5158 173
1455 1925 174
4035 5343 175
3244 6568 176
459 6697 177
4098 6930 178
2742 625 179
5091 3593 180
2847 5329 181
1823 4540 182
2403 440 183
578 4515 184
6278 6782 185
5499 244 186
3445 97 187
2163 6652 188
6806 3899 189
7083 3149 190
3772 3322 191
4785 6629 192
6896 2175 193
545 3126 194
2153 5275 195
4113 4294 196
657 6412 197
5627 728 198
2595 3220 199
6414 6747 200
3072 2161 1
3763 6689 2
1986 4834 3
764 4301 4
5790 1105 5
4615 4004 6
4450 6863 7
5917 948 8
2256 3310 9
6830 2599 10
171 3111 11
504 262 12
3179 2886 13
1966 1062 14
5217 723 15
4232 2460 16
6322 1717 17
2968 1056 18
1086 5800 19
5646 3608 20
3182 4425 21
4755 5597 22
3710 579 23
2168 6923 24
3650 3876 25
2216 6607 26
5870 6260 27
1148 6462 28
6143 4407 29
990 4925 30
4823 2792 31
5619 3229 32
386 5540 33
452 4575 34
1324 2580 35
5346 3727 36
6258 6908 37
3244 1556 38
5645 6366 39
2869 3421 40
197 5469 41
3444 944 42
6334 5693 43
1951 1942 44
5510 6711 45
6744 1606 46
795 3824 47
620 5376 48
5215 1587 49
6105 2829 50
1913 3426 51
4540 5514 52
4482 4756 53
6241 4150 54
6635 3407 55
3743 1919 56
4490 5192 57
3174 4735 58
2132 4784 59
241 2353 60
765 4347 61
5156 2176 62
4566 6040 63
6096 1349 64
488 6694 65
6910 4855 66
6779 3431 67
7097 140 68
5408 6866 69
4950 3363 70
244 6049 71
4002 5081 72
2947 5973 73
628 6991 74
4259 2181 75
6073 966 76
2481 3648 77
1537 4075 78
1897 3215 79
1909 5642 80
33 305 81
5949 1408 82
57 3345 83
6479 2437 84
2652 1721 85
4739 1982 86
3336 6997 87
2815 1732 88
1844 3490 89
6129 5566 90
5484 6633 91
3041 3019 92
971 2371 93
6884 2809 94
1565 2857 95
1874 4591 96
6505 206 97
2055 2195 98
428 1737 99
1476 3706 100
1689 4848 101
6620 3136 102
1329 3774 103
609 2531 104
2261 4023 105
5552 5516 106
4798 4214 107
6686 2456 108
4282 5044 109
3714 5481 110
790 3171 111
142 1389 112
109 5284 113
2539 911 114
613 5805 115
5302 5132 116
20 551 117
6972 2959 118
963 6656 119
5462 2771 120
102 1260 121
4756 4462 122
4827 2558 123
333 3312 124
4569 6943 125
4689 6583 126
637 4782 127
4073 4408 128
2516 954 129
710 3010 130
422 798 131
6104 5776 132
3436 1050 133
113 95 134
1580 2994 135
6355 3476 136
2861 5323 137
181 3506 138
1564 5941 139
6768 4780 140
63 58 141
4285 5342 142
3109 4305 143
574 6976 144
3052 3172 145
523 3004 146
3311 2190 147
5260 2417 148
2611 3034 149
2176 6816 150
6296 1221 151
5652 4707 152
3583 3256 153
4992 2960 154
1162 540 155
5022 2017 156
5621 6739 157
5553 5413 158
5209 6547 159
2309 822 160
4130 975 161
2138 973 162
1375 6841 163
5384 2444 164
2675 1578 165
6839 5464 166
6557 6236 167
5639 5657 168
5896 6944 169
498 2484 170
1591 5000 171
1252 7027 172
5837 1743 173
6613 2124 174
3367 673 175
3283 3488 176
5796 735 177
5533 6837 178
3181 5615 179
2739 6364 180
4238 4932 181
6830 6438 182
1843 704 183
3957 2095 184
5034 264 185
4607 737 186
1740 465 187
2312 6280 188
6937 4579 189
6200 5327 190
3133 5783 191
3960 3071 192
2600 5345 193
4849 4963 194
3421 2343 195
5918 861 196
3958 5596 197
2049 1341 198
6792 5101 199
739 5726 200
1674 4774 1
3745 3510 2
1780 6760 3
3264 5813 4
3500 4537 5
3662 1819 6
4130 6450 7
152 866 8
2586 6657 9
2019 3065 10
2760 2614 11
3591 5673 12
1953 3101 13
1522 781 14
6040 4726 15
1640 2849 16
503 3985 17
6426 6313 18
875 5204 19
889 2935 20
2836 5986 21
5611 4956 22
5954 844 23
1758 885 24
4080 6963 25
6886 3442 26
2256 5232 27
592 3469 28
1290 6081 29
6404 3786 30
3895 5811 31
3688 5406 32
704 732 33
6845 7091 34
4439 6964 35
6846 7036 36
1380 1589 37
2288 4319 38
5120 4874 39
4975 1320 40
2443 6576 41
5613 2702 42
1775 294 43
601 5434 44
6047 2931 45
228 767 46
1327 2883 47
3795 1693 48
2742 761 49
4260 5484 50
4133 3130 51
2564 2686 52
408 6234 53
2866 1276 54
3754 2659 55
5095 2384 56
5940 2865 57
6916 7084 58
4490 5148 59
4715 3198 60
3362 25 61
1756 1430 62
2296 3697 63
7025 1655 64
6715 4705 65
3645 2746 66
2328 6933 67
4974 6008 68
732 570 69
1642 702 70
1531 5532 71
1022 1809 72
6655 4281 73
2884 3552 74
4890 269 75
5573 419 76
566 6703 77
4993 6844 78
3935 3422 79
6323 6009 80
854 6168 81
3436 1955 82
6224 1242 83
1357 6942 84
1711 1593 85
2233 1462 86
6195 1821 87
5803 2643 88
6013 1295 89
3337 5849 90
1780 3616 91
5296 6018 92
929 7034 93
1423 5393 94
3650 6241 95
2312 3918 96
2847 2051 97
6230 4672 98
4244 3124 99
6102 6602 100
4266 5452 101
282 5498 102
5607 2749 103
6488 6972 104
4305 6672 105
5618 3541 106
2442 6287 107
592 5258 108
6314 4991 109
1416 5143 110
4177 3841 111
1568 5182 112
3526 5856 113
7067 4605 114
3001 4257 115
239 5592 116
6449 1777 117
6538 5486 118
4904 6552 119
5552 3893 120
4438 4136 121
4081 6473 122
4955 3907 123
5879 5917 124
65 4944 125
5909 5256 126
4506 1995 127
5648 4317 128
5613 2167 129
3732 2911 130
4057 4191 131
1837 7002 132
1393 335 133
4952 4353 134
1039 2269 135
5163 630 136
1738 4820 137
3583 3861 138
3242 612 139
880 5898 140
4124 6681 141
4347 2535 142
6413 6021 143
3366 1648 144
6479 5287 145
2939 2631 146
3894 1060 147
5041 1101 148
3506 4622 149
1618 1575 150
106 279 151
6280 3105 152
3645 2493 153
6847 5593 154
6678 4460 155
3298 5687 156
5424 4306 157
6788 4339 158
2895 3060 159
1162 950 160
5094 6980 161
5068 5045 162
4710 3801 163
3461 22 164
4047 5437 165
1894 4367 166
3076 3097 167
5302 2449 168
4363 6659 169
7053 2184 170
6977 4241 171
6117 6748 172
1131 1234 173
4727 842 174
1279 6729 175
2380 5695 176
5655 5418 177
3018 6909 178
4454 3349 179
4157 3647 180
2030 2864 181
6759 4313 182
4827 623 183
4636 1618 184
6298 2793 185
181 15 186
5531 705 187
3205 7080 188
4980 2282 189
2836 5944 190
3438 1130 191
3083 6341 192
3468 1667 193
5667 4484 194
3539 1301 195
856 4237 196
2365 1690 197
662 3502 198
5455 4973 199
601 1990 200
1656 6351 1
1609 5650 2
726 6717 3
3658 7003 4
3622 4138 5
2074 6311 6
1681 3619 7
2449 1588 8
943 2114 9
5262 2293 10
1736 5211 11
6442 1733 12
5555 5346 13
3238 580 14
187 3331 15
509 4145 16
5084 4290 17
4764 4557 18
2527 5298 19
4607 3902 20
6361 1776 21
652 3453 22
5986 557 23
2879 439 24
5433 1261 25
2475 1748 26
3501 5541 27
1355 4219 28
4185 4968 29
4726 5108 30
3844 6207 31
573 6913 32
6753 3558 33
443 1399 34
2675 6013 35
6100 3840 36
4224 5373 37
6254 5414 38
6139 3058 39
1851 6605 40
3763 2419 41
3018 3194 42
641 1752 43
5200 853 44
4951 4393 45
6095 6785 46
5207 5930 47
2 4864 48
4906 4102 49
3889 6587 50
20 3361 51
2054 530 52
5386 1622 53
262 5808 54
4534 1666 55
536 146 56
6045 4720 57
1053 6826 58
737 404 59
2744 4942 60
5893 5688 61
6540 1811 62
2525 3664 63
950 6949 64
876 6189 65
4060 771 66
3734 6569 67
3338 4139 68
2 1223 69
4349 5022 70
6599 1851 71
6367 5644 72
3340 1604 73
4541 6868 74
5406 2307 75
5648 5637 76
2229 3865 77
6404 2757 78
2895 3264 79
5920 2723 80
1121 2309 81
4368 5302 82
41 4907 83
2299 6941 84
2019 4043 85
29 5138 86
4260 1725 87
2132 3061 88
6130 773 89
1369 6961 90
1195 5110 91
2844 236 92
821 5268 93
4501 2347 94
2223 276 95
6435 6445 96
2872 5104 97
5299 6891 98
828 1551 99
1401 3470 100
4984 746 101
1659 6518 102
5789 28 103
5146 2421 104
4506 2482 105
3272 4978 106
3983 1696 107
2753 3684 108
3751 3736 109
2341 7098 110
316 4866 111
4223 1066 112
5903 3383 113
6609 1115 114
4926 4771 115
4739 5640 116
1476 1860 117
6157 1435 118
5673 2402 119
2611 3268 120
5569 5066 121
5623 5079 122
1484 5807 123
3973 1095 124
1366 5995 125
6031 3575 126
3953 3898 127
5047 6331 128
385 3027 129
2169 1714 130
4085 2825 131
6419 1401 132
3724 6624 133
421 4861 134
4057 3563 135
3192 4396 136
118 104 137
5907 848 138
7029 6291 139
4823 6928 140
355 1645 141
2567 2001 142
6610 3138 143
1862 3673 144
242 2758 145
2682 676 146
1188 469 147
710 5622 148
2956 2191 149
6195 6557 150
22 5733 151
504 82 152
907 4724 153
6791 263 154
6779 6267 155
1172 545 156
2997 5538 157
1333 7066 158
4841 6902 159
992 3294 160
4962 3851 161
127 6035 162
2796 4274 163
6995 2245 164
6449 1169 165
2880 4538 166
915 2172 167
22 1914 168
3779 3106 169
3114 4089 170
3988 4228 171
1596 600 172
3893 3131 173
1585 3864 174
2741 2416 175
4084 3276 176
2629 4852 177
1676 1552 178
500 3267 179
7064 4915 180
2252 2993 181
2587 4501 182
6404 2237 183
397 884 184
6576 6235 185
1513 3903 186
2553 3503 187
8 1181 188
6730 1790 189
3902 2398 190
5977 2828 191
2231 2125 192
5507 2372 193
6677 1470 194
3929 1876 195
3925 4196 196
4086 2039 197
5016 1120 198
4521 4836 199
5986 5435 200
6638 159 1
6690 406 2
4909 2813 3
4898 3800 4
5949 1443 5
4263 459 6
5917 4103 7
1423 3084 8
5212 3649 9
6805 4778 10
5376 1883 11
2512 6056 12
3216 3102 13
4922 5330 14
6500 816 15
5332 4495 16
1142 4603 17
7077 3392 18
2865 3923 19
2022 3968 20
3656 3835 21
3778 2787 22
6213 5219 23
3695 4394 24
3138 1202 25
2867 4209 26
3795 2104 27
1882 6770 28
2927 6643 29
1930 3743 30
6041 5026 31
3998 2428 32
4630 5340 33
893 409 34
4216 6381 35
7096 4047 36
6344 4432 37
5992 3180 38
781 1810 39
3321 4264 40
4298 1904 41
3368 1175 42
4311 4799 43
6231 1616 44
3710 1663 45
1470 6181 46
4962 252 47
4234 6072 48
5677 1364 49
57 4074 50
443 5405 51
4931 5218 52
6419 6320 53
6429 2131 54
1950 6176 55
5503 352 56
5696 2737 57
5333 750 58
2216 2630 59
4509 7090 60
6559 6228 61
1909 3729 62
4684 4675 63
658 5094 64
2722 5852 65
2900 1324 66
3306 96 67
5278 6089 68
3393 1772 69
1305 6432 70
5484 1543 71
3828 5244 72
5200 6229 73
1988 3013 74
3086 3726 75
597 2164 76
6712 205 77
5046 3351 78
3484 5674 79
6908 1251 80
4390 780 81
1592 6498 82
676 6434 83
6123 2231 84
1178 6926 85
6257 4509 86
6689 1676 87
3312 4800 88
3739 6677 89
4285 4926 90
4986 6281 91
1589 2424 92
2556 4037 93
5592 831 94
95 5646 95
1296 2790 96
5371 2622 97
330 1994 98
1836 2537 99
1564 407 100
1423 582 101
46 7039 102
1365 2433 103
5726 586 104
4368 1555 105
337 910 106
3202 6648 107
205 6130 108
5191 709 109
2722 2815 110
4161 1553 111
2194 5935 112
3613 2274 113
6549 3239 114
205 668 115
6188 6662 116
4098 1488 117
4330 955 118
2030 6877 119
4326 78 120
2759 863 121
2414 2743 122
1116 5144 123
417 4961 124
1572 5274 125
1885 1447 126
3418 5453 127
5490 1273 128
2216 6109 129
5370 396 130
3891 2975 131
5068 45 132
5328 1109 133
1115 1322 134
1186 3689 135
5351 292 136
5260 1684 137
6109 6371 138
5958 2123 139
6427 6572 140
2883 2608 141
3404 6454 142
6280 4154 143
3511 5177 144
1630 5656 145
3965 6994 146
2690 1235 147
6749 7046 148
1245 3301 149
1969 4811 150
2500 425 151
5401 384 152
6280 6113 153
1539 5121 154
3338 4249 155
821 2012 156
959 1012 157
2492 3445 158
2070 4821 159
790 7068 160
5900 5560 161
2880 5095 162
5733 6509 163
1368 2144 164
6105 1128 165
6669 172 166
3431 3280 167
3169 5322 168
1383 503 169
7005 7050 170
1033 7086 171
471 3545 172
4523 729 173
5039 2394 174
2160 288 175
619 4210 176
753 5509 177
5633 5749 178
5092 6974 179
7039 3919 180
1445 5677 181
916 849 182
3444 3932 183
2706 4532 184
4900 594 185
3133 3874 186
5683 2275 187
6875 5411 188
3430 1108 189
2696 707 190
5385 5979 191
1998 1539 192
1210 5754 193
5867 833 194
3242 2844 195
1794 4883 196
1398 6193 197
3132 6195 198
2164 3450 199
5135 3493 200
85 6723 1
4685 3275 2
2724 3811 3
3223 4375 4
4036 1857 5
6839 6790 6
523 1585 7
6856 1762 8
6371 7074 9
3948 4694 10
853 2991 11
3359 755 12
2554 3309 13
1047 3779 14
113 4028 15
6668 3360 16
3762 3848 17
4001 7052 18
1948 3107 19
6322 446 20
3478 4465 21
1582 1428 22
2245 5168 23
215 1041 24
6579 251 25
2075 4413 26
4997 1854 27
778 1894 28
2367 1729 29
3179 1763 30
3040 4113 31
4372 1310 32
4817 3615 33
360 6822 34
6818 4980 35
3427 1395 36
1829 5103 37
1573 31 38
3874 2198 39
3521 6396 40
5226 801 41
7093 526 42
1484 6881 43
85 6596 44
2380 5924 45
1718 4259 46
2937 4204 47
5971 2818 48
2288 4417 49
1754 2985 50
1572 1946 51
3935 5013 52
2058 3516 53
4138 1265 54
6321 3871 55
5296 5240 56
1826 1804 57
6077 1250 58
4610 1708 59
3387 5526 60
4581 101 61
6609 420 62
3571 460 63
5667 4913 64
4406 87 65
4897 3121 66
6299 1140 67
148 1701 68
597 3761 69
3107 1317 70
1802 4403 71
2582 3379 72
3798 3682 73
4450 3066 74
4036 5523 75
3745 3366 76
5982 752 77
3799 6094 78
39 3133 79
4052 5250 80
3227 3613 81
2084 6374 82
107 6875 83
3827 2383 84
5583 3228 85
3395 2298 86
4375 835 87
500 3819 88
2877 6361 89
6086 918 90
5011 713 91
4285 2481 92
2948 3221 93
4218 4423 94
5361 4050 95
6667 6436 96
2764 6749 97
1185 1357 98
4549 1306 99
992 5067 100
4234 1279 101
5019 6080 102
1834 5278 103
3153 6264 104
6353 5049 105
967 2986 106
992 3129 107
86 2574 108
4626 1334 109
5278 4255 110
391 2016 111
3999 345 112
2783 2230 113
5166 3261 114
4335 5176 115
1966 5368 116
6409 5326 117
1894 2694 118
6464 2607 119
881 5017 120
2261 4845 121
351 2044 122
502 4024 123
5222 2034 124
2223 6864 125
5120 3258 126
4510 4602 127
2475 1760 128
2876 1998 129
2652 4731 130
1555 450 131
1242 2700 132
2497 3640 133
383 4236 134
4798 2133 135
5863 3797 136
148 5260 137
2059 2541 138
5381 5900 139
434 4525 140
2380 1467 141
4052 2466 142
4935 3188 143
2724 1519 144
4037 2357 145
3395 3104 146
6636 1801 147
4244 6527 148
1725 1088 149
3184 3029 150
2354 4035 151
2708 3254 152
3999 1183 153
1784 4189 154
496 4606 155
331 6270 156
4802 6924 157
935 6573 158
3833 6359 159
4409 5803 160
2586 3791 161
637 414 162
4069 2953 163
5287 2321 164
4189 3663 165
604 399 166
6405 1228 167
3792 3262 168
353 71 169
762 1318 170
5627 2610 171
3905 2921 172
3018 3723 173
4634 2415 174
4787 2408 175
3145 6842 176
3462 5751 177
761 4385 178
4641 6954 179
4609 4502 180
3195 3679 181
2837 1739 182
2828 5199 183
4429 3691 184
2890 617 185
964 6017 186
6910 6099 187
5650 6385 188
2403 1475 189
6588 3863 190
6634 3386 191
6173 4152 192
3568 2734 193
5552 5173 194
4205 350 195
6609 3186 196
992 6415 197
4053 5409 198
3074 2264 199
5450 6242 200
5747 2436 1
867 5715 2
5790 4741 3
3826 3347 4
4652 3629 5
2247 4706 6
494 5036 7
4824 1862 8
5680 4080 9
1240 6140 10
6516 5471 11
2098 4440 12
3347 5579 13
4224 3641 14
6853 1889 15
5895 2845 16
6516 88 17
4116 5893 18
4561 2287 19
3075 1709 20
3036 6752 21
6271 4382 22
3213 6237 23
3436 5683 24
492 3753 25
5856 3564 26
1268 4556 27
1914 3108 28
2306 2431 29
3632 7092 30
294 27 31
5120 5623 32
5451 3805 33
2414 5384 34
509 3831 35
2772 5312 36
145 5337 37
5928 6515 38
2893 3202 39
4628 3535 40
4661 4880 41
6314 6391 42
2000 5002 43
4597 5625 44
2675 6888 45
5499 2323 46
2298 2794 47
5454 6828 48
2056 1061 49
33 1694 50
3300 6490 51
2632 2996 52
3502 5564 53
1118 6063 54
4604 5993 55
5695 4326 56
992 2618 57
5652 1225 58
1988 1304 59
4185 5069 60
1837 2536 61
5844 3825 62
2074 1077 63
4177 6616 64
661 2251 65
1743 5455 66
4785 2638 67
2640 931 68
3802 312 69
5836 3269 70
151 3659 71
5920 6120 72
3092 5080 73
6446 4638 74
3901 3757 75
3118 5620 76
3972 5512 77
3250 4723 78
1837 422 79
2541 2469 80
5870 2147 81
5607 6441 82
3215 1882 83
600 3842 84
3958 4755 85
3051 4350 86
6544 2019 87
2950 6350 88
4546 4713 89
5763 1898 90
5960 865 91
6871 6678 92
489 3547 93
198 6417 94
10 2570 95
4460 4208 96
2766 2295 97
6701 1305 98
3810 6534 99
890 6578 100
6003 6780 101
5234 4377 102
398 5551 103
1668 1981 104
3418 8 105
3634 2928 106
6204 5447 107
5381 4064 108
1315 2696 109
569 4266 110
4870 5709 111
2442 1770 112
1128 5723 113
844 4395 114
3475 1830 115
3883 6765 116
207 959 117
2521 1531 118
6817 3806 119
6970 1576 120
394 1419 121
5294 2623 122
6249 2663 123
2077 5684 124
4167 1847 125
7096 474 126
936 1839 127
3693 86 128
5518 5851 129
5825 4468 130
3958 2179 131
1268 6516 132
2226 287 133
6362 3093 134
5640 2967 135
2850 6057 136
5576 6637 137
3140 5233 138
4161 2126 139
6242 5010 140
3680 3359 141
85 3333 142
4843 5578 143
4526 174 144
5810 7 145
6558 2023 146
6022 5358 147
4479 514 148
2022 3936 149
2125 2926 150
4116 6129 151
3480 54 152
2682 6410 153
3308 1722 154
4315 4141 155
3398 5205 156
2669 912 157
605 229 158
2375 153 159
6814 6421 160
193 1420 161
4660 2348 162
1955 2083 163
2676 2196 164
1290 6876 165
542 5648 166
5056 2361 167
5359 3023 168
6868 466 169
6886 3092 170
2994 937 171
4298 4431 172
4655 6107 173
1959 6786 174
2016 2324 175
6753 2382 176
4230 3767 177
3605 5653 178
159 6598 179
176 1636 180
1416 6194 181
1419 712 182
6392 6239 183
2246 3038 184
4650 3272 185
1443 4270 186
3242 1850 187
7037 2979 188
3308 2359 189
1682 1644 190
2921 2662 191
5971 1468 192
5296 2543 193
4913 4109 194
6403 3591 195
3198 2024 196
6204 4131 197
4311 423 198
2077 2974 199
3515 5736 200
738 4656 1
3210 1674 2
3061 823 3
7071 1238 4
271 7085 5
5041 127 6
2419 353 7
5605 5500 8
1608 3526 9
1485 4412 10
3213 1797 11
2707 2486 12
5533 1808 13
5865 812 14
1931 6884 15
4609 1024 16
3790 1268 17
166 1527 18
3760 2465 19
4140 5896 20
4129 783 21
6625 5804 22
4098 13 23
1187 2390 24
4259 4838 25
397 270 26
1568 2262 27
3873 2395 28
6263 6456 29
620 6500 30
6236 3676 31
3505 3308 32
5381 2112 33
438 1480 34
6970 5837 35
5260 645 36
5845 3370 37
5826 5529 38
6557 5764 39
3247 3137 40
4688 5269 41
1548 2584 42
811 2037 43
4123 6787 44
2025 1132 45
220 3209 46
1907 5493 47
357 4644 48
4761 4759 49
2420 2377 50
682 1043 51
4422 2733 52
4891 6354 53
996 5761 54
193 6918 55
1613 4945 56
6232 5604 57
4773 2073 58
429 4372 59
1541 5958 60
2031 4879 61
256 4631 62
550 2193 63
5276 646 64
764 5426 65
3154 5830 66
831 6622 67
2788 211 68
2622 6165 69
4763 5788 70
1833 742 71
2031 1643 72
2375 6599 73
5789 6218 74
4966 3568 75
2864 5065 76
2650 32 77
4999 6846 78
6558 2882 79
6936 6023 80
2580 4921 81
5778 4 82
4637 5780 83
4324 2054 84
3518 4772 85
5559 3448 86
3 1325 87
1569 1579 88
2478 4362 89
489 5092 90
1674 4067 91
6633 3485 92
6404 1537 93
5999 6885 94
447 5859 95
6140 2078 96
1671 6100 97
551 2378 98
3697 1980 99
5755 5513 100
2348 2489 101
3449 2392 102
6412 35 103
358 328 104
2036 2168 105
6314 5659 106
6367 2917 107
7096 4665 108
3311 3189 109
4962 6513 110
4075 4702 111
1753 3168 112
6692 6835 113
691 6357 114
4409 3219 115
1300 4765 116
4812 436 117
172 5558 118
6105 3759 119
1536 3402 120
4261 1948 121
5428 5731 122
4384 6471 123
5543 1471 124
3122 1608 125
5986 3494 126
2796 4490 127
114 3630 128
5040 2990 129
6640 6905 130
6875 5965 131
4518 2418 132
568 6216 133
1637 794 134
4630 432 135
2895 394 136
1118 5107 137
5418 3135 138
704 2030 139
2057 3079 140
6503 3024 141
1589 171 142
3202 2171 143
1122 4093 144
5267 14 145
5457 3628 146
698 2169 147
6032 1758 148
4123 3307 149
4490 3206 150
1536 4669 151
5424 838 152
2872 6586 153
2714 2683 154
4482 7042 155
2750 4976 156
2536 6390 157
3490 2145 158
3980 4912 159
7071 6323 160
2022 624 161
3938 4661 162
686 6914 163
5149 6110 164
6633 880 165
5845 1802 166
3078 2800 167
3123 6746 168
1843 2013 169
2930 881 170
4338 6178 171
1951 3620 172
6973 6566 173
2534 4924 174
790 1603 175
1322 4876 176
719 392 177
5645 393 178
3837 1307 179
2463 4894 180
1241 253 181
3836 3818 182
2029 4739 183
2772 3581 184
1020 2108 185
2153 5344 186
3338 2779 187
900 4648 188
5898 1637 189
2354 3670 190
1027 2207 191
5456 1020 192
1572 4951 193
1398 1098 194
3008 6635 195
1676 3839 196
5351 779 197
123 777 198
6372 444 199
945 5404 200
704 151 1
4010 1103 2
4952 3573 3
2694 1388 4
4698 2290 5
1961 5070 6
46 1214 7
681 5186 8
4168 1340 9
5314 1460 10
5719 3900 11
1196 2020 12
6407 2337 13
2045 894 14
6886 1751 15
2864 5587 16
7040 2209 17
3801 2620 18
1726 776 19
3234 4552 20
5407 5799 21
2431 138 22
2494 2740 23
4873 382 24
5670 821 25
6626 5546 26
2033 4872 27
3986 4791 28
6252 3712 29
4279 1323 30
869 3813 31
6350 3857 32
5136 1070 33
4862 5086 34
4527 1581 35
841 274 36
4446 4971 37
362 2268 38
5907 5603 39
4324 1656 40
5513 2919 41
7055 951 42
262 4832 43
963 148 44
2157 329 45
201 6965 46
540 5475 47
3092 1755 48
5653 4300 49
4871 3777 50
2478 3389 51
150 5563 52
310 6613 53
250 2344 54
209 2358 55
6498 2715 56
3752 5197 57
6995 6638 58
2510 2853 59
1838 4592 60
5503 4493 61
1475 3196 62
1797 819 63
5903 4614 64
2460 4844 65
2374 6860 66
721 5608 67
6707 3986 68
4556 6240 69
2217 3095 70
5381 1541 71
5408 3009 72
4404 2068 73
2851 4908 74
4410 1073 75
7085 5028 76
386 4668 77
7091 200 78
6812 2801 79
5726 1641 80
2061 1835 81
7056 2447 82
3780 4457 83
4762 1186 84
5121 1343 85
3968 6706 86
387 706 87
4665 5843 88
288 662 89
5464 3735 90
3507 5412 91
5576 6248 92
828 6196 93
22 6853 94
3165 2586 95
3250 5809 96
151 1672 97
3789 5011 98
3186 4642 99
4282 374 100
4140 5795 101
1597 3185 102
118 5874 103
4847 2221 104
2155 3297 105
3285 7048 106
220 4133 107
42 5039 108
2809 324 109
1051 984 110
5648 1422 111
3017 5366 112
6780 2808 113
2467 3534 114
440 4315 115
6296 4522 116
6154 721 117
55 2735 118
227 1099 119
3657 6475 120
1185 3639 121
1851 1384 122
4130 5969 123
3768 4697 124
4762 2135 125
1725 5879 126
5198 3778 127
2947 11 128
4290 1271 129
2978 5175 130
4017 5655 131
258 5835 132
6927 1473 133
5296 3589 134
4613 1849 135
6816 2559 136
4091 2519 137
2029 605 138
2029 6142 139
4815 2861 140
220 4168 141
3086 1237 142
3407 6308 143
2410 5887 144
6901 1438 145
95 2507 146
6414 3033 147
3722 6167 148
1559 7005 149
145 4008 150
4441 6636 151
1726 1560 152
4689 6960 153
3472 6173 154
3443 1826 155
6385 3945 156
4849 932 157
7076 5961 158
6480 2339 159
5484 523 160
3442 2451 161
1928 5354 162
2040 3855 163
5238 2916 164
3463 4298 165
2960 1813 166
3395 2103 167
2029 223 168
81 4827 169
3436 1086 170
5985 2374 171
2277 606 172
1851 4600 173
6039 3299 174
1914 2647 175
1081 2777 176
315 6870 177
2739 4888 178
3111 6413 179
6154 1173 180
4116 6389 181
911 5844 182
5904 4076 183
227 3367 184
6690 241 185
3870 4734 186
1834 4405 187
3125 5785 188
1048 3015 189
3905 1478 190
6344 6016 191
227 2252 192
2407 4742 193
336 69 194
2188 3594 195
363 5291 196
2694 2895 197
1633 589 198
4100 1372 199
669 3296 200
3936 5310 1
551 6070 2
4157 4777 3
4098 1337 4
2185 6326 5
4036 4361 6
7059 4443 7
433 3627 8
3099 5915 9
148 5425 10
3109 2025 11
5741 7032 12
4116 1092 13
3313 6494 14
7077 3143 15
3685 1929 16
1807 2243 17
1358 2453 18
277 1956 19
1899 2966 20
1086 6348 21
2013 330 22
4608 5183 23
4313 3699 24
4341 5241 25
1376 2297 26
2103 782 27
2684 6321 28
6655 6724 29
3511 1773 30
5660 2426 31
1276 3715 32
1910 232 33
5354 343 34
6312 2582 35
846 5798 36
1060 6744 37
5794 2961 38
1724 5200 39
3953 6705 40
5598 1009 41
5205 3074 42
5607 6112 43
4964 2156 44
2229 6309 45
4440 6273 46
5646 3509 47
4263 204 48
2904 4715 49
5730 597 50
6850 4445 51
2948 6761 52
6653 1136 53
2669 7025 54
4034 6893 55
2484 2644 56
4399 4148 57
22 4997 58
5790 6743 59
4294 5671 60
6686 1316 61
6126 1890 62
5373 2930 63
6206 6701 64
6726 4278 65
5428 1679 66
7043 6066 67
6589 4514 68
5586 4520 69
2163 3434 70
5302 1459 71
2812 1984 72
1572 5125 73
500 2296 74
2207 4643 75
3527 522 76
5286 1954 77
6658 4187 78
4323 4696 79
2607 2530 80
6648 4198 81
3154 3991 82
5504 4356 83
2681 6520 84
4090 300 85
6075 515 86
1168 3335 87
2903 4630 88
7076 2038 89
120 2877 90
5262 3602 91
271 985 92
5450 3005 93
3723 5202 94
2385 935 95
111 56 96
6485 6420 97
3639 6641 98
2478 1614 99
2275 2812 100
2225 2934 101
6269 1757 102
2040 751 103
3260 2336 104
4005 5259 105
2354 840 106
4388 6532 107
1449 3414 108
1509 6370 109
5683 4636 110
6818 1153 111
1613 3385 112
7053 6815 113
5971 6660 114
3663 5029 115
1662 1125 116
5884 560 117
2668 6457 118
2742 3884 119
2960 3001 120
3100 4651 121
2399 4853 122
2040 2163 123
117 4645 124
5294 5918 125
893 5459 126
6970 5535 127
1601 5614 128
1033 1217 129
107 2601 130
4083 4551 131
6492 637 132
1400 3584 133
2950 3282 134
6918 4090 135
920 486 136
3192 147 137
10 481 138
4898 4789 139
5292 3127 140
4356 5766 141
2541 6303 142
3210 4450 143
927 6452 144
1834 5266 145
613 166 146
506 3326 147
4373 6174 148
4340 1078 149
1925 2595 150
95 5222 151
6798 4467 152
3741 5290 153
509 2206 154
6093 5779 155
197 6879 156
4092 2736 157
2344 4337 158
2645 3183 159
117 428 160
3398 6360 161
3491 875 162
1765 3415 163
3133 6098 164
6107 3854 165
495 4615 166
6886 1784 167
5360 5006 168
2537 3067 169
238 3320 170
6022 1520 171
4506 367 172
5296 871 173
6766 688 174
5771 5076 175
5094 4328 176
2640 6718 177
3993 5161 178
6200 4658 179
3790 6123 180
789 1451 181
1069 2504 182
6704 2593 183
5497 6255 184
6982 55 185
558 541 186
4381 3866 187
4955 2229 188
6859 4681 189
3989 347 190
3126 4786 191
769 1846 192
3936 2405 193
6334 4441 194
3269 2795 195
3172 5308 196
2645 1042 197
3991 703 198
1555 5165 199
4820 5112 200
1974 4232 1
2361 5742 2
2371 4536 3
4799 4272 4
336 4508 5
5000 2446 6
5071 6446 7
4607 1728 8
68 3988 9
2694 4590 10
5909 3350 11
6156 5881 12
1099 2492 13
4544 5387 14
4951 4011 15
2303 5725 16
6431 5184 17
3877 4333 18
3289 1927 19
1656 4116 20
5013 4553 21
1474 3847 22
2048 2824 23
1683 3075 24
4187 5282 25
936 4835 26
1375 5247 27
1320 3879 28
3709 3728 29
704 377 30
110 2232 31
3517 2589 32
1484 6082 33
4125 4277 34
863 3941 35
2468 4176 36
559 5663 37
2960 644 38
5797 1671 39
2354 2880 40
2145 4722 41
4367 3456 42
4597 6836 43
1851 2675 44
4723 2035 45
3075 803 46
6725 3372 47
6404 4174 48
3217 3830 49
7010 726 50
2261 2397 51
4282 1352 52
7005 5059 53
5482 653 54
1176 5680 55
4919 4371 56
4436 3515 57
3807 2656 58
3940 378 59
229 3063 60
2206 4114 61
1805 2471 62
3794 5978 63
5937 5747 64
61 598 65
2581 5914 66
2823 2400 67
1049 110 68
2500 438 69
364 3305 70
3387 10 71
2674 7014 72
1802 1100 73
5163 2542 74
1063 4885 75
6729 6064 76
2521 868 77
285 6525 78
2413 6312 79
551 4682 80
3752 6861 81
4530 5390 82
2046 5869 83
6290 977 84
3200 1154 85
5918 4421 86
864 4574 87
4374 6210 88
6726 854 89
4059 5870 90
2181 6646 91
5809 1582 92
3264 2129 93
1914 267 94
4698 5053 95
3592 4534 96
4186 1563 97
228 5506 98
4315 424 99
3645 5664 100
