2400 2400 200
2269 737 1
1939 1878 2
1737 862 3
296 2303 4
290 198 5
2188 1069 6
2385 1813 7
1614 963 8
1259 1653 9
498 2240 10
1940 2363 11
1369 2127 12
1901 1473 13
1529 1948 14
402 804 15
1821 1634 16
2110 1646 17
2046 1331 18
2186 1654 19
709 335 20
2115 1713 21
2138 1449 22
525 155 23
1031 417 24
1295 119 25
383 453 26
1919 232 27
2269 90 28
2093 1052 29
413 1961 30
875 1422 31
1084 523 32
391 1883 33
2188 1401 34
1083 2361 35
2130 1852 36
1680 2116 37
2062 1958 38
972 544 39
1600 841 40
1159 70 41
740 247 42
839 91 43
1461 429 44
422 751 45
489 1379 46
279 845 47
1572 1831 48
318 118 49
1623 1287 50
1542 1493 51
1132 1061 52
904 1787 53
42 1864 54
852 219 55
2269 1763 56
2206 2238 57
1163 1368 58
2057 2121 59
1287 1105 60
2383 1673 61
408 124 62
1241 1739 63
1171 991 64
849 1995 65
2124 1524 66
2198 1912 67
1753 637 68
2099 1050 69
523 925 70
1572 313 71
321 972 72
986 1076 73
679 1971 74
1779 2275 75
1210 1497 76
1680 1225 77
1373 1117 78
874 1761 79
1623 1898 80
1833 794 81
2250 905 82
1104 16 83
676 1278 84
460 2200 85
1064 1354 86
2283 1812 87
2325 727 88
860 1399 89
1492 1626 90
915 312 91
91 1557 92
181 1197 93
504 241 94
1231 614 95
372 2294 96
711 816 97
1276 526 98
1638 2128 99
286 302 100
1683 1353 101
2009 255 102
2071 904 103
1170 41 104
2075 1060 105
1504 440 106
1611 2229 107
2320 939 108
1098 2399 109
454 2068 110
1902 2376 111
2088 1315 112
1104 541 113
992 416 114
1691 1882 115
2352 1398 116
1949 13 117
541 285 118
836 892 119
496 921 120
1846 1913 121
810 1243 122
2068 1384 123
1832 1138 124
1372 252 125
106 1851 126
321 1668 127
1268 195 128
59 740 129
1917 290 130
1778 1406 131
1141 1209 132
1854 518 133
1498 1053 134
1513 2293 135
1222 574 136
153 1690 137
1657 2107 138
1622 1092 139
164 1426 140
804 2400 141
1208 1286 142
1390 1015 143
2185 172 144
1633 1382 145
42 1075 146
481 1894 147
2207 1643 148
1462 555 149
1390 331 150
1437 1567 151
230 1229 152
1798 407 153
2031 115 154
1380 1008 155
1599 2373 156
1252 40 157
273 1522 158
928 771 159
1146 1187 160
384 1569 161
537 2006 162
1775 196 163
1582 1483 164
1007 110 165
1486 1809 166
399 531 167
199 2300 168
175 1527 169
300 666 170
751 1189 171
84 1682 172
822 831 173
665 1939 174
1148 1576 175
1400 1800 176
816 937 177
1484 1068 178
2246 1585 179
15 2336 180
1805 1935 181
1831 1157 182
1362 1245 183
816 1175 184
1791 2234 185
2141 655 186
628 2269 187
334 1235 188
921 626 189
1262 400 190
2031 2296 191
2320 1670 192
1527 44 193
918 101 194
81 1606 195
689 1808 196
1245 1609 197
2288 1375 198
1428 1639 199
57 1445 200
1214 1371 1
1570 454 2
797 592 3
901 1533 4
940 1259 5
912 1789 6
1566 604 7
798 248 8
1919 2023 9
1604 551 10
808 1972 11
2012 774 12
1786 1610 13
494 1738 14
241 229 15
1032 1664 16
1933 1051 17
1148 2276 18
2003 1063 19
405 1561 20
181 1746 21
1373 1991 22
836 1490 23
787 116 24
692 121 25
2206 1803 26
375 2251 27
1529 1222 28
1181 225 29
1416 2198 30
2277 1559 31
451 1452 32
2094 1408 33
1027 474 34
1674 1845 35
792 701 36
1333 1475 37
75 1552 38
1868 2102 39
524 1369 40
1076 584 41
689 746 42
528 886 43
69 556 44
157 1272 45
628 367 46
1520 1199 47
434 1012 48
1555 4 49
2125 1108 50
1307 885 51
1332 1838 52
1292 1773 53
626 1158 54
2105 2388 55
836 1472 56
1667 649 57
149 1951 58
2064 64 59
1798 1173 60
2234 712 61
1663 1407 62
2277 269 63
2205 1035 64
1054 1541 65
2028 1523 66
1962 146 67
885 973 68
1970 674 69
1659 610 70
1712 1001 71
2338 776 72
816 1461 73
1963 665 74
1023 2174 75
475 1328 76
62 1743 77
935 1323 78
1791 1467 79
1995 2344 80
259 1251 81
1780 1047 82
1678 18 83
176 379 84
19 8 85
860 564 86
2061 2104 87
1792 1581 88
383 2135 89
1746 754 90
1529 1536 91
2362 1918 92
452 1289 93
7 459 94
562 2125 95
556 6 96
2271 1046 97
1809 1760 98
1001 688 99
1742 1277 100
2269 502 101
734 2106 102
601 867 103
1492 1827 104
825 2140 105
2115 996 106
998 1261 107
701 347 108
378 1714 109
2338 406 110
1191 43 111
2302 1735 112
2323 2308 113
2213 35 114
451 1390 115
2251 634 116
1159 608 117
918 2114 118
338 1840 119
1823 847 120
2076 1586 121
1807 629 122
1867 735 123
1370 1459 124
1896 1100 125
239 1602 126
2301 1299 127
73 934 128
1429 703 129
333 1230 130
1057 209 131
204 1170 132
615 253 133
881 282 134
1974 835 135
2386 66 136
877 2271 137
1098 1148 138
2069 2049 139
1254 858 140
1307 411 141
592 1180 142
518 728 143
1584 784 144
1844 755 145
845 2207 146
462 2215 147
51 745 148
465 1777 149
1185 548 150
1235 1633 151
157 785 152
2031 1253 153
651 1624 154
2394 1968 155
106 725 156
993 376 157
2003 1498 158
274 1066 159
731 1766 160
1712 992 161
499 1316 162
1219 1140 163
1023 477 164
1659 1269 165
2031 214 166
1234 1779 167
2184 1535 168
462 2083 169
203 271 170
324 47 171
359 1090 172
1293 1149 173
2317 654 174
59 1150 175
901 1825 176
2135 1281 177
2280 2359 178
1406 1741 179
296 587 180
539 628 181
628 1847 182
1016 783 183
773 906 184
1236 74 185
2106 1957 186
1763 2016 187
974 1790 188
1513 822 189
1918 1572 190
1855 730 191
338 19 192
467 189 193
1589 1038 194
62 581 195
1814 149 196
2177 843 197
624 1959 198
1659 321 199
2003 2086 200
1154 1806 1
543 1137 2
915 452 3
1452 1057 4
1235 520 5
434 1018 6
416 284 7
1680 874 8
747 361 9
1423 1801 10
1052 2126 11
1254 138 12
1940 1702 13
311 1233 14
1269 1965 15
2247 793 16
1402 1614 17
637 616 18
1726 669 19
745 2327 20
1869 1383 21
1684 2188 22
412 92 23
1084 1403 24
1362 1884 25
593 724 26
1457 981 27
2032 434 28
1670 1963 29
574 1013 30
2083 1217 31
1254 243 32
788 600 33
41 360 34
1 573 35
1467 21 36
1510 979 37
2319 1754 38
1249 832 39
2257 757 40
696 1282 41
1250 1649 42
1455 1944 43
2105 350 44
1307 1036 45
357 170 46
1371 95 47
1133 1238 48
882 135 49
1038 148 50
1350 540 51
2350 928 52
2027 2235 53
1680 2056 54
477 1155 55
928 1178 56
1748 15 57
607 903 58
2118 1828 59
457 2342 60
320 265 61
2026 1956 62
2297 1017 63
1680 1305 64
1916 1141 65
2343 2186 66
574 778 67
262 1685 68
425 1067 69
901 1124 70
970 1359 71
903 2288 72
1880 462 73
804 231 74
1305 1319 75
2021 539 76
407 3 77
799 176 78
1244 1453 79
2265 471 80
578 322 81
67 534 82
1761 770 83
1940 1566 84
2297 249 85
539 1297 86
122 227 87
1889 508 88
2065 69 89
938 2018 90
283 1435 91
384 2030 92
1419 483 93
1347 514 94
1208 1244 95
724 899 96
1487 1698 97
735 602 98
51 749 99
9 670 100
256 1635 101
773 625 102
1380 585 103
712 1026 104
454 10 105
1190 1593 106
128 2386 107
1052 1153 108
368 123 109
885 1796 110
861 1154 111
1407 1349 112
1843 151 113
1911 2346 114
1372 345 115
844 174 116
316 834 117
217 1669 118
1580 570 119
696 1943 120
342 330 121
1529 1778 122
1690 1342 123
1888 384 124
1822 2341 125
871 364 126
294 2132 127
321 1529 128
949 870 129
401 1693 130
1779 1337 131
480 964 132
797 897 133
581 1508 134
1001 561 135
413 2110 136
1300 212 137
897 2258 138
1070 852 139
2360 472 140
2078 1336 141
1486 167 142
355 2166 143
299 627 144
293 889 145
1214 337 146
1652 39 147
1487 1503 148
1854 1034 149
1680 286 150
907 840 151
1234 2273 152
1558 1395 153
1918 1308 154
1354 1077 155
1134 2004 156
577 1326 157
1970 912 158
1987 274 159
1667 236 160
503 2253 161
2252 2094 162
324 1737 163
1268 2113 164
2041 1010 165
1211 819 166
1614 1946 167
1485 720 168
932 826 169
1876 2099 170
2005 2164 171
2191 1510 172
1173 1723 173
1864 127 174
1535 234 175
1355 1853 176
1520 52 177
1055 698 178
414 1416 179
1486 1265 180
668 323 181
2168 1662 182
1206 764 183
556 729 184
29 297 185
414 797 186
2293 707 187
2205 2161 188
262 1389 189
396 1367 190
2021 849 191
1840 1393 192
29 2331 193
807 1770 194
2250 2391 195
1031 1144 196
2359 2002 197
206 1190 198
2180 2368 199
1168 1520 200
288 929 1
2187 1378 2
1535 2242 3
1667 186 4
220 800 5
105 1721 6
1678 796 7
504 844 8
53 549 9
1977 2098 10
2031 1231 11
2028 192 12
35 571 13
1487 2168 14
1506 1427 15
2009 2074 16
1209 1701 17
515 2080 18
47 1616 19
1595 2019 20
2008 961 21
1876 752 22
2015 2297 23
920 1988 24
1235 1804 25
1786 1043 26
2252 409 27
646 2337 28
1663 1267 29
1763 1712 30
1705 572 31
2258 762 32
283 861 33
1338 1661 34
1168 1110 35
312 479 36
908 102 37
1684 875 38
806 1699 39
696 12 40
1659 375 41
1979 2060 42
351 238 43
1580 1232 44
2088 2263 45
823 761 46
1831 1236 47
1734 1817 48
1462 1659 49
2014 1807 50
406 877 51
1350 1074 52
334 1595 53
1474 261 54
1798 2034 55
1764 1182 56
523 53 57
2383 721 58
1535 2318 59
219 1666 60
763 603 61
2078 521 62
1595 940 63
1712 510 64
1847 2225 65
128 1921 66
499 1667 67
2042 2286 68
368 1872 69
1198 2358 70
648 470 71
89 2190 72
952 1151 73
723 705 74
1767 280 75
1027 2000 76
1860 1171 77
2269 2354 78
2189 76 79
1274 2221 80
485 1107 81
526 109 82
19 984 83
1823 325 84
863 2210 85
2153 652 86
730 1915 87
1231 287 88
2288 2163 89
50 2355 90
1869 467 91
1257 2076 92
2359 1288 93
711 2133 94
98 748 95
941 2227 96
1197 589 97
2070 2010 98
2198 617 99
960 1014 100
1359 898 101
864 1521 102
2125 576 103
1911 1270 104
1487 1488 105
923 1095 106
2135 388 107
53 2314 108
1495 1073 109
1532 2134 110
2064 2315 111
127 1093 112
1297 1640 113
1601 1318 114
437 5 115
1633 909 116
771 780 117
1792 132 118
408 512 119
2293 1169 120
1853 967 121
81 1874 122
286 1377 123
2396 97 124
416 1671 125
2262 719 126
1734 2024 127
1500 2283 128
800 2122 129
1845 377 130
2023 1665 131
686 1815 132
471 327 133
1389 2284 134
1652 183 135
2093 142 136
2174 2395 137
622 26 138
355 1530 139
1399 801 140
1090 1837 141
1854 1678 142
1779 1186 143
1958 2159 144
1792 601 145
1869 2259 146
517 591 147
2021 2185 148
1050 1188 149
73 593 150
1080 393 151
1780 395 152
237 938 153
82 1156 154
1270 1280 155
946 1463 156
1656 1420 157
1350 2365 158
2250 1087 159
2034 1802 160
1623 310 161
1036 38 162
2377 2191 163
1134 1385 164
1656 1560 165
1710 930 166
389 662 167
2099 1072 168
2245 704 169
1536 291 170
1691 1811 171
2182 2150 172
495 741 173
638 104 174
402 1276 175
2267 1856 176
2272 1753 177
1954 968 178
338 1104 179
628 1166 180
1246 1304 181
206 1350 182
359 1433 183
1490 1568 184
386 2061 185
790 2181 186
1249 554 187
1850 162 188
1535 580 189
1087 30 190
131 156 191
389 578 192
1563 2022 193
875 1240 194
2005 1720 195
667 1451 196
1002 374 197
2005 1571 198
98 2176 199
1462 412 200
1786 952 1
195 1672 2
561 1596 3
1831 2124 4
1333 1363 5
1823 620 6
468 535 7
1728 1030 8
1213 1573 9
623 1470 10
248 2112 11
471 1176 12
643 818 13
2204 160 14
816 1254 15
49 1082 16
1268 2180 17
1416 799 18
1704 2218 19
2168 656 20
1492 78 21
3 2380 22
475 1993 23
1231 2005 24
2354 1495 25
2106 1078 26
1001 1436 27
1550 1248 28
1253 270 29
1134 2073 30
1041 2032 31
571 2085 32
2140 2333 33
1395 299 34
2003 50 35
1491 254 36
842 1997 37
2280 2374 38
2019 542 39
300 1674 40
866 258 41
2130 1164 42
1494 859 43
1720 1752 44
334 731 45
1728 1999 46
462 866 47
2091 1630 48
2364 1870 49
2083 1534 50
1771 1239 51
460 1064 52
834 465 53
1884 1192 54
1748 611 55
1434 1892 56
411 144 57
607 2262 58
1031 2059 59
1245 1875 60
663 1947 61
967 642 62
1268 491 63
575 1601 64
2216 2287 65
2125 408 66
1668 1798 67
1584 2156 68
128 915 69
228 1603 70
539 733 71
679 2042 72
204 443 73
715 2306 74
1423 888 75
1308 1415 76
2028 436 77
1987 1786 78
1201 2237 79
90 1977 80
1848 998 81
1685 2205 82
2168 1680 83
2096 2 84
1332 1703 85
525 999 86
563 791 87
266 293 88
2337 1719 89
157 451 90
256 833 91
2009 122 92
2154 1223 93
1684 1134 94
422 837 95
1847 134 96
414 750 97
917 560 98
2014 1089 99
2344 1757 100
365 2111 101
106 1540 102
1342 2141 103
1256 1348 104
1297 390 105
2340 1227 106
274 524 107
412 922 108
1987 1681 109
2051 1835 110
496 532 111
1778 1575 112
1911 114 113
1307 2387 114
2268 461 115
541 1302 116
565 537 117
1636 1748 118
740 1974 119
1684 463 120
422 366 121
1393 168 122
654 1816 123
2050 72 124
4 2398 125
776 1440 126
299 2009 127
2021 942 128
921 1783 129
439 527 130
1720 1832 131
592 743 132
240 1731 133
1800 1976 134
685 957 135
105 2036 136
604 136 137
945 907 138
2065 1618 139
1127 1295 140
165 55 141
1392 1562 142
2168 157 143
427 645 144
544 1351 145
1393 2039 146
1078 1927 147
401 684 148
852 1904 149
1550 1979 150
745 500 151
1622 188 152
1415 2313 153
2134 1391 154
1482 1301 155
159 1143 156
928 1677 157
1216 233 158
2062 1588 159
1248 678 160
1249 469 161
149 2054 162
643 505 163
1514 126 164
1385 2041 165
108 615 166
2269 916 167
866 1380 168
2308 1747 169
326 2105 170
1035 150 171
2067 1716 172
716 1515 173
23 1458 174
1780 201 175
1622 1574 176
1852 449 177
1981 2137 178
619 1121 179
622 689 180
1132 1441 181
1555 1469 182
1196 2202 183
1948 2043 184
564 1642 185
1743 516 186
1807 1504 187
998 1824 188
731 175 189
471 352 190
1461 2217 191
637 987 192
1654 814 193
2062 1676 194
1834 1162 195
1691 2377 196
1622 782 197
1070 2131 198
434 1628 199
1769 194 200
1181 1623 1
173 1456 2
1999 503 3
299 2268 4
1753 1920 5
2124 772 6
833 1829 7
1889 653 8
731 1372 9
2348 2158 10
1562 2152 11
1674 624 12
525 1582 13
2377 1863 14
1337 920 15
1745 256 16
1923 185 17
66 2324 18
341 2252 19
1826 1547 20
709 294 21
1314 276 22
2362 1332 23
409 1021 24
427 2170 25
1908 710 26
1222 1823 27
534 1091 28
1566 478 29
1842 487 30
1358 456 31
1786 329 32
623 1866 33
447 947 34
479 795 35
2113 679 36
1225 495 37
2061 1932 38
943 1782 39
62 1821 40
296 77 41
1297 2317 42
1330 1484 43
1956 1275 44
722 1360 45
80 641 46
65 240 47
1569 1102 48
526 36 49
237 1262 50
48 1564 51
1902 34 52
1800 1969 53
1161 1343 54
1474 442 55
1376 612 56
1203 606 57
761 120 58
1997 1928 59
2135 305 60
972 1081 61
710 1975 62
206 1474 63
1465 1119 64
1055 475 65
1399 1550 66
1438 1556 67
2099 1941 68
480 86 69
128 607 70
2289 2139 71
1050 439 72
1026 328 73
705 48 74
1559 1650 75
2031 2280 76
1235 1834 77
731 1310 78
1151 1329 79
176 1242 80
809 768 81
2350 2162 82
81 1193 83
539 1125 84
2380 1402 85
286 1745 86
758 851 87
539 533 88
504 779 89
697 1587 90
1213 83 91
336 1792 92
2386 1356 93
1767 486 94
593 1889 95
511 1455 96
737 1600 97
144 985 98
344 2090 99
1755 200 100
2094 1933 101
2042 1027 102
481 1400 103
1840 1684 104
909 2311 105
1692 173 106
1092 2177 107
2065 2295 108
1210 635 109
428 362 110
836 1708 111
1948 594 112
1231 300 113
2383 1414 114
1765 1205 115
1668 309 116
1749 1591 117
858 891 118
1298 1607 119
1484 890 120
66 1919 121
923 1136 122
1870 169 123
407 2348 124
414 1487 125
1268 336 126
2059 1397 127
649 1097 128
1266 444 129
2013 1836 130
1571 239 131
2050 2048 132
906 1481 133
1755 2366 134
1475 2103 135
1519 190 136
2108 1387 137
2116 2352 138
2354 1314 139
697 1917 140
2106 88 141
82 210 142
2184 1733 143
1468 1966 144
1181 207 145
1711 2109 146
1940 1412 147
455 1130 148
2399 42 149
1336 143 150
1876 73 151
816 630 152
2022 1793 153
310 89 154
1301 147 155
1814 1774 156
1481 1891 157
1269 1106 158
16 2143 159
157 711 160
2311 1726 161
1760 1424 162
2021 1208 163
301 962 164
783 1059 165
2177 566 166
2314 193 167
2074 1841 168
726 1799 169
484 1539 170
351 926 171
842 333 172
587 1695 173
1282 2179 174
1840 1907 175
621 107 176
2134 2356 177
1000 499 178
949 2117 179
2351 658 180
67 1444 181
2051 1758 182
1098 1355 183
1364 447 184
1485 29 185
1585 855 186
2013 49 187
1959 1260 188
1530 399 189
2265 2115 190
2041 1982 191
2188 917 192
1513 1325 193
1392 2084 194
858 586 195
1380 924 196
1467 2203 197
1204 457 198
1346 431 199
2399 466 200
1377 63 1
1454 2136 2
415 2305 3
797 1392 4
863 2057 5
692 1725 6
316 1009 7
1236 1201 8
341 982 9
1499 2272 10
1104 199 11
1434 1491 12
1634 1062 13
952 766 14
1016 1868 15
558 715 16
607 966 17
2198 787 18
1080 640 19
2178 633 20
1441 1196 21
2003 1645 22
1268 683 23
1653 2033 24
1257 391 25
2320 281 26
1729 1324 27
262 739 28
336 1986 29
663 1294 30
408 2289 31
19 1249 32
646 1283 33
692 1608 34
1798 468 35
1651 2397 36
1450 820 37
1498 588 38
215 166 39
917 215 40
1798 1949 41
811 1724 42
1651 647 43
302 2330 44
975 758 45
871 802 46
1923 1218 47
1474 2320 48
1098 1022 49
8 1555 50
1540 2381 51
1967 2035 52
2115 1711 53
1247 2017 54
1886 697 55
1128 1411 56
511 348 57
273 1290 58
1148 1202 59
1493 1448 60
108 879 61
1447 1228 62
1943 1103 63
1536 960 64
1842 1903 65
313 1580 66
2353 1405 67
1904 1905 68
1449 811 69
2070 2299 70
342 2357 71
2129 2120 72
1164 2292 73
1659 1028 74
298 935 75
2362 206 76
2015 1589 77
2003 2187 78
1160 1844 79
2196 292 80
2089 404 81
2236 2089 82
875 726 83
1786 1500 84
1495 742 85
239 2350 86
1219 507 87
921 437 88
1055 1056 89
1212 1924 90
1247 2095 91
1594 2370 92
1510 575 93
254 2209 94
814 1006 95
246 1727 96
952 1876 97
1779 2248 98
1763 1345 99
1299 202 100
11 1797 101
393 1212 102
1310 817 103
2304 691 104
865 1887 105
912 2184 106
128 1513 107
74 955 108
2364 882 109
2321 618 110
2394 266 111
1478 1854 112
1472 23 113
1593 2345 114
90 619 115
2100 597 116
797 413 117
1571 2169 118
1558 1080 119
498 67 120
797 2360 121
1300 2339 122
1392 1768 123
1672 975 124
830 1120 125
711 2160 126
1277 513 127
1259 806 128
2274 648 129
661 277 130
1970 2232 131
460 664 132
351 369 133
2030 910 134
132 1019 135
516 2058 136
2292 1647 137
1462 338 138
2065 275 139
2067 1660 140
115 346 141
914 1 142
1159 1465 143
852 423 144
1425 775 145
388 289 146
993 257 147
2177 1471 148
2197 756 149
1083 546 150
1524 343 151
715 2347 152
2262 2026 153
425 1477 154
181 1899 155
1485 1926 156
274 1273 157
1623 708 158
66 1133 159
561 1432 160
2325 582 161
1809 1037 162
1827 1546 163
1961 1320 164
2088 2291 165
388 1710 166
429 496 167
2279 2144 168
1814 2196 169
1331 165 170
299 1514 171
2198 153 172
1869 1142 173
1580 900 174
1392 1822 175
432 853 176
1344 1722 177
1815 1861 178
128 1776 179
1302 2212 180
329 2194 181
1658 359 182
424 81 183
1008 1443 184
641 1577 185
338 1457 186
459 1088 187
605 137 188
105 595 189
441 267 190
773 1252 191
2235 2393 192
2232 1644 193
1390 139 194
1826 953 195
1406 1655 196
539 2119 197
1563 2189 198
460 622 199
1225 2228 200
100 694 1
1774 1914 2
1903 1881 3
1685 565 4
1660 245 5
622 25 6
481 385 7
1300 1830 8
1352 932 9
1266 668 10
1297 1434 11
773 2216 12
2360 1929 13
1550 1565 14
1238 1706 15
1712 1132 16
66 65 17
2033 657 18
1545 1767 19
1211 311 20
2225 32 21
2075 1127 22
2186 824 23
69 2142 24
1954 133 25
1409 1109 26
16 809 27
2042 1780 28
1508 1241 29
1376 1814 30
2123 2211 31
714 2020 32
1813 686 33
824 936 34
1501 803 35
1298 455 36
2031 1871 37
711 1321 38
2316 1396 39
1584 1867 40
2139 380 41
2017 1206 42
115 1620 43
1680 314 44
115 515 45
1223 386 46
938 7 47
463 2264 48
1495 933 49
1011 2274 50
428 2298 51
2384 2071 52
2239 2379 53
915 2277 54
222 1428 55
1823 1041 56
1658 1820 57
1912 129 58
1273 1298 59
2005 1805 60
21 1373 61
909 1179 62
774 1271 63
2378 506 64
1656 1964 65
1670 24 66
471 108 67
1840 2031 68
518 87 69
2041 1506 70
540 815 71
1397 638 72
416 1890 73
1065 1769 74
2118 145 75
140 777 76
153 1446 77
1072 1531 78
1392 974 79
339 1101 80
1268 1485 81
1164 2351 82
451 836 83
2005 2052 84
2016 197 85
386 273 86
239 949 87
928 788 88
2191 621 89
594 1476 90
66 2307 91
1487 1911 92
1987 577 93
1016 753 94
336 113 95
1063 1900 96
2086 538 97
2093 545 98
1631 488 99
1489 2153 100
2284 1247 101
1622 1357 102
2301 714 103
136 1517 104
1071 805 105
2096 1409 106
778 1221 107
1385 1362 108
722 1246 109
1949 1764 110
1633 1410 111
1544 767 112
393 717 113
2040 868 114
334 1450 115
434 326 116
149 158 117
809 569 118
1800 2053 119
1160 263 120
1581 1885 121
339 382 122
1949 553 123
2189 1055 124
563 511 125
869 441 126
1533 1003 127
1207 103 128
1811 1846 129
920 2167 130
723 1313 131
617 881 132
1184 397 133
2123 389 134
202 9 135
876 353 136
1055 2154 137
1416 2362 138
1176 1505 139
1098 484 140
1680 334 141
2169 226 142
1392 1880 143
960 583 144
1855 100 145
773 1627 146
274 769 147
1406 1858 148
1987 2378 149
2071 394 150
2146 1048 151
1542 763 152
337 1115 153
1654 808 154
454 482 155
1732 1341 156
246 1284 157
2320 2040 158
471 1657 159
2350 1437 160
1587 230 161
1230 1688 162
1791 2045 163
2277 1579 164
247 433 165
2261 154 166
70 99 167
424 244 168
1532 2338 169
1236 873 170
691 1981 171
622 1425 172
2383 262 173
2031 62 174
1815 1131 175
2096 1925 176
1921 931 177
451 1501 178
804 1700 179
2312 1116 180
1743 223 181
1483 1454 182
1996 1759 183
1022 1734 184
1013 1570 185
289 2290 186
1450 1694 187
2261 2285 188
649 2312 189
680 264 190
1297 2097 191
898 1058 192
181 1016 193
1015 1423 194
1626 848 195
306 1224 196
2284 672 197
2302 2051 198
333 1687 199
915 2003 200
858 990 1
766 1079 2
1578 1715 3
2012 128 4
307 2367 5
368 213 6
1690 2079 7
389 177 8
1445 1025 9
909 693 10
737 1967 11
1929 894 12
598 2149 13
1562 970 14
1225 2063 15
115 1419 16
477 152 17
992 1447 18
1124 1819 19
1778 988 20
1879 2233 21
268 211 22
981 1040 23
593 398 24
45 1464 25
737 1114 26
1823 381 27
278 324 28
65 1619 29
771 1984 30
2248 2321 31
881 57 32
1902 1938 33
1550 956 34
1478 1987 35
1809 1952 36
2113 680 37
974 1431 38
1917 224 39
1126 736 40
440 2178 41
222 590 42
1827 2182 43
187 1839 44
774 1085 45
1080 2197 46
1823 2208 47
144 2353 48
1416 1478 49
897 944 50
352 1528 51
960 14 52
424 1023 53
1680 424 54
1957 1604 55
1132 422 56
773 896 57
2022 405 58
264 2309 59
2134 401 60
181 1873 61
237 2396 62
145 1732 63
1158 1507 64
1515 2223 65
1712 1638 66
316 2329 67
98 1139 68
1047 2226 69
1743 1594 70
1845 1629 71
451 1181 72
2288 1347 73
2304 1784 74
365 1386 75
1833 111 76
67 365 77
2366 303 78
417 1306 79
232 1496 80
1911 918 81
1104 1204 82
511 682 83
1649 1198 84
782 2256 85
1032 1466 86
2088 954 87
866 1751 88
1164 473 89
2025 33 90
711 1111 91
1527 2302 92
1572 1033 93
525 1744 94
525 1210 95
2247 2129 96
1743 2266 97
1369 1183 98
202 2008 99
2056 2206 100
2377 2064 101
1070 643 102
109 237 103
1064 1509 104
2160 562 105
1388 80 106
1926 919 107
479 880 108
1544 2230 109
1582 2328 110
1633 2108 111
1444 182 112
375 830 113
491 2219 114
1778 1740 115
1273 744 116
1171 220 117
2130 2015 118
1672 893 119
516 2082 120
1416 673 121
1200 1989 122
992 242 123
1986 1004 124
1462 1691 125
2263 1707 126
1392 208 127
1280 623 128
2316 650 129
2255 2101 130
734 1220 131
1595 2265 132
508 1857 133
1744 421 134
1844 876 135
1487 2213 136
1912 493 137
2246 446 138
2399 340 139
363 993 140
1307 2270 141
847 1855 142
1782 568 143
330 1429 144
19 79 145
1540 1762 146
1715 1381 147
1589 677 148
632 2282 149
155 989 150
1997 2220 151
937 1129 152
61 1736 153
952 1184 154
1850 1327 155
1831 161 156
665 723 157
1667 1152 158
2216 51 159
21 842 160
605 660 161
427 1112 162
462 1860 163
714 1895 164
1330 911 165
875 2204 166
54 60 167
521 1888 168
616 1163 169
100 2173 170
2065 2369 171
1434 994 172
550 872 173
1949 1128 174
1790 1992 175
16 2246 176
1362 2070 177
610 222 178
934 1617 179
957 268 180
974 1293 181
1506 68 182
2084 1923 183
1677 908 184
338 1545 185
1692 480 186
1504 85 187
378 2096 188
1418 838 189
247 2151 190
2042 140 191
2251 1376 192
628 681 193
1173 1765 194
1303 2323 195
1467 1234 196
164 2261 197
2185 1940 198
2086 235 199
592 332 200
1236 1344 1
2280 1499 2
679 1554 3
1840 1214 4
135 1983 5
1555 2392 6
51 1729 7
1697 295 8
1792 685 9
1178 884 10
409 2025 11
1395 2255 12
744 1648 13
1674 2334 14
1919 2011 15
1509 1374 16
1282 497 17
359 228 18
1853 1207 19
1434 403 20
1766 2335 21
2034 1962 22
1788 1950 23
1084 2027 24
628 1954 25
733 702 26
1720 522 27
429 1663 28
1550 773 29
1991 112 30
389 1826 31
860 2014 32
2380 1704 33
1845 1413 34
539 1658 35
940 2138 36
885 759 37
1569 786 38
645 598 39
1571 525 40
1981 1632 41
2116 1122 42
2195 596 43
1814 272 44
1831 1901 45
105 1070 46
1075 927 47
2317 675 48
1807 1264 49
1634 1145 50
2113 2148 51
1584 11 52
1660 438 53
1096 1869 54
1529 419 55
873 1292 56
1161 1039 57
1757 2193 58
1589 1338 59
1571 489 60
2257 141 61
149 28 62
1050 1002 63
1563 1996 64
1897 1755 65
309 2044 66
1572 279 67
2149 2340 68
2224 850 69
1201 1794 70
1332 1300 71
1585 2222 72
336 2123 73
16 1307 74
2056 902 75
1468 1479 76
416 661 77
1158 1113 78
2128 977 79
1316 180 80
939 164 81
734 1849 82
334 823 83
1633 1848 84
1261 807 85
2234 747 86
57 2278 87
1694 61 88
1481 869 89
2362 1622 90
339 181 91
1840 895 92
2304 1263 93
990 1083 94
1913 1439 95
314 1146 96
1244 1494 97
1670 1709 98
243 579 99
1911 1167 100
1562 1311 101
1284 1590 102
2188 355 103
1746 179 104
313 1538 105
1070 1000 106
1751 951 107
1001 1330 108
830 1818 109
418 790 110
354 609 111
2146 1953 112
1413 2171 113
2359 2247 114
1090 2243 115
2118 1195 116
938 1054 117
377 1730 118
19 2385 119
1478 1462 120
1668 372 121
967 1045 122
1050 559 123
1559 283 124
2323 2382 125
1198 1615 126
1500 1159 127
1593 130 128
1447 971 129
1659 378 130
1371 644 131
1892 1194 132
1652 2157 133
1860 2364 134
774 1312 135
622 1460 136
915 2069 137
556 1339 138
989 319 139
106 1850 140
80 2050 141
1673 646 142
1610 460 143
1611 1185 144
499 1683 145
1799 550 146
1372 1908 147
1636 383 148
816 105 149
544 75 150
334 1191 151
943 2046 152
2320 1489 153
1823 1897 154
1842 1358 155
378 492 156
1607 2201 157
122 370 158
1853 792 159
2221 2192 160
2304 1213 161
524 2062 162
677 871 163
1032 1930 164
322 1718 165
1216 2091 166
1399 1542 167
2251 1335 168
3 415 169
1967 941 170
191 718 171
990 1910 172
1134 2257 173
593 1365 174
192 827 175
733 2077 176
860 1268 177
2022 1537 178
2303 1862 179
1851 825 180
2139 1020 181
1584 387 182
239 1172 183
556 159 184
481 765 185
562 371 186
1090 2118 187
1634 1970 188
372 722 189
1582 1394 190
1921 2281 191
1319 536 192
1184 1512 193
205 1625 194
2283 1511 195
1786 2028 196
1962 2100 197
250 1833 198
1368 1404 199
156 1042 200
70 204 1
252 552 2
1902 2145 3
1181 1352 4
1822 1303 5
100 760 6
1297 1578 7
2083 250 8
1712 1366 9
1865 1909 10
1741 1123 11
1069 1532 12
2030 351 13
1175 1936 14
1457 1605 15
424 1430 16
201 501 17
1013 485 18
2078 1168 19
384 950 20
1299 651 21
1741 1865 22
2152 2066 23
69 923 24
1795 509 25
993 221 26
1175 1099 27
1434 425 28
1412 1361 29
1457 2065 30
1539 218 31
885 2260 32
334 498 33
2070 216 34
460 976 35
2085 1480 36
917 1916 37
1174 1583 38
2161 863 39
427 1998 40
822 676 41
1164 2372 42
526 1893 43
1631 288 44
2182 17 45
2216 1886 46
843 687 47
262 2029 48
2257 45 49
463 392 50
842 368 51
326 857 52
1791 1563 53
1188 1135 54
686 883 55
1133 1775 56
1041 1032 57
1090 46 58
2045 563 59
592 357 60
607 965 61
1356 344 62
737 1902 63
2240 1258 64
697 1960 65
1111 1031 66
559 1274 67
2148 22 68
2016 1906 69
157 306 70
415 1785 71
274 341 72
1054 1879 73
1402 1692 74
706 20 75
752 980 76
1092 529 77
1257 812 78
1982 1756 79
312 58 80
737 1696 81
882 2241 82
763 435 83
550 354 84
921 1675 85
2134 1333 86
1698 1370 87
485 1937 88
496 813 89
2229 846 90
352 1291 91
1821 2301 92
1791 810 93
425 171 94
454 260 95
1173 1219 96
387 1309 97
2021 349 98
1414 246 99
1307 504 100
1383 71 101
874 1279 102
2253 2254 103
1201 37 104
2364 2146 105
1840 1931 106
940 1592 107
1680 1492 108
1863 1364 109
1966 1612 110
278 1516 111
685 2326 112
1461 1011 113
539 716 114
1067 298 115
153 1973 116
884 1788 117
788 54 118
1434 301 119
15 2147 120
36 1024 121
29 1174 122
1280 528 123
206 696 124
706 2390 125
1550 481 126
2172 599 127
747 2001 128
1970 432 129
425 464 130
792 476 131
1776 396 132
355 864 133
85 1934 134
2160 402 135
1979 1322 136
2012 1519 137
682 1599 138
1364 2310 139
1469 2155 140
1911 1656 141
113 1548 142
1015 320 143
2002 318 144
465 2322 145
2249 2245 146
414 860 147
798 948 148
524 342 149
1376 1679 150
1751 1686 151
539 1791 152
334 217 153
989 2195 154
21 410 155
1007 56 156
1680 1558 157
1680 519 158
19 946 159
1285 659 160
13 84 161
49 205 162
333 304 163
2056 901 164
2325 1985 165
1392 2389 166
1286 829 167
1720 856 168
655 373 169
2045 203 170
1809 1749 171
324 1502 172
81 427 173
1478 2021 174
2023 2038 175
953 430 176
2216 738 177
1570 426 178
1694 700 179
2093 2279 180
444 82 181
331 1525 182
1763 1118 183
1800 2067 184
942 317 185
1487 2012 186
375 854 187
696 517 188
2016 692 189
1204 2384 190
200 1065 191
255 969 192
1766 1990 193
2130 1651 194
1222 1084 195
1294 995 196
134 2081 197
2262 163 198
539 1418 199
1675 1942 200
2217 2075 1
20 1044 2
14 1417 3
405 1255 4
1786 1098 5
149 1842 6
2064 1859 7
1434 1126 8
2031 1584 9
574 1468 10
584 2087 11
1912 1388 12
860 734 13
712 2371 14
1037 1442 15
1860 663 16
574 308 17
1587 1147 18
2389 1636 19
848 2249 20
1587 1543 21
1995 699 22
970 1266 23
1355 1256 24
2065 1597 25
1261 1285 26
396 1697 27
444 2087 28
1639 2231 29
697 1728 30
778 914 31
1981 1421 32
525 1346 33
438 1689 34
1918 2343 35
2386 1250 36
1804 789 37
2091 187 38
1036 1544 39
1495 798 40
301 2304 41
733 296 42
1482 339 43
2394 494 44
842 418 45
220 2055 46
1656 613 47
1894 945 48
2121 978 49
1562 1203 50
903 1165 51
1934 530 52
1337 865 53
1013 278 54
797 1486 55
1945 2175 56
1395 706 57
495 2332 58
679 1438 59
2094 1810 60
1573 1086 61
1434 2250 62
297 1215 63
1495 1211 64
1666 1978 65
1013 567 66
871 558 67
404 2375 68
2045 1955 69
128 1296 70
1495 632 71
2292 1340 72
1231 106 73
1071 1226 74
1963 1717 75
994 958 76
1094 1549 77
206 2130 78
1874 2316 79
1881 2224 80
912 2214 81
1059 1922 82
217 983 83
819 1621 84
335 1750 85
2168 671 86
1946 1334 87
604 307 88
1084 251 89
884 458 90
286 1216 91
1542 1945 92
2098 420 93
2354 1611 94
1159 131 95
1589 2078 96
677 1096 97
2119 2013 98
2341 1896 99
1631 667 100
365 1317 101
860 1877 102
1753 631 103
1638 1094 104
1542 1237 105
1457 2267 106
1712 1071 107
451 490 108
390 125 109
1369 690 110
1774 713 111
497 1641 112
1084 2239 113
1223 1518 114
2044 959 115
2343 1843 116
26 1631 117
1987 2172 118
1783 2183 119
53 1742 120
617 943 121
1191 781 122
1290 1526 123
239 2383 124
2384 117 125
812 358 126
586 839 127
1222 2037 128
2389 448 129
2384 709 130
6 1029 131
1584 1007 132
132 732 133
1101 31 134
1477 191 135
67 2325 136
62 59 137
711 184 138
1487 1771 139
1390 363 140
2269 2007 141
906 2394 142
472 1980 143
1840 887 144
2259 2319 145
2246 2244 146
1921 445 147
1491 636 148
628 98 149
1778 605 150
115 2199 151
54 2072 152
692 2236 153
1362 1705 154
2125 356 155
692 695 156
563 259 157
2305 316 158
849 997 159
1164 543 160
1830 1795 161
45 178 162
1925 821 163
313 913 164
2244 1613 165
890 1161 166
1002 428 167
1645 1005 168
847 1598 169
1493 557 170
750 2093 171
776 1994 172
1127 27 173
1678 2088 174
1412 93 175
200 639 176
941 878 177
520 1553 178
1571 1781 179
1130 1177 180
117 1772 181
214 828 182
1684 1637 183
1850 986 184
2132 1551 185
1400 1652 186
1912 1160 187
586 2349 188
157 1482 189
322 450 190
2074 2092 191
76 2047 192
436 547 193
356 94 194
481 1257 195
1924 1049 196
1465 315 197
1133 1200 198
463 96 199
1064 2165 200
