500 500 200
123 55 1
202 397 2
98 280 3
176 37 4
134 181 5
320 96 6
450 77 7
312 147 8
321 118 9
401 465 10
107 276 11
500 75 12
472 35 13
217 498 14
30 173 15
86 408 16
458 184 17
296 295 18
415 423 19
327 462 20
118 185 21
31 130 22
76 8 23
60 434 24
201 11 25
313 201 26
484 206 27
227 28 28
219 12 29
222 406 30
247 431 31
252 129 32
213 131 33
459 272 34
168 343 35
352 6 36
493 26 37
475 404 38
201 110 39
415 119 40
28 424 41
320 264 42
31 223 43
191 322 44
55 484 45
215 186 46
31 335 47
57 243 48
37 168 49
208 300 50
459 383 51
369 117 52
306 359 53
218 325 54
304 490 55
46 301 56
55 443 57
455 441 58
365 310 59
158 225 60
398 466 61
282 68 62
398 162 63
222 153 64
366 177 65
351 334 66
326 422 67
147 337 68
441 76 69
168 108 70
292 232 71
46 123 72
417 148 73
425 238 74
399 430 75
376 209 76
288 415 77
417 14 78
48 394 79
25 229 80
290 444 81
12 302 82
288 93 83
293 137 84
236 427 85
339 235 86
347 210 87
41 439 88
247 230 89
423 13 90
472 304 91
159 453 92
251 333 93
290 46 94
332 84 95
308 256 96
470 454 97
290 366 98
227 312 99
349 449 100
337 409 101
39 196 102
90 481 103
127 216 104
339 482 105
46 48 106
207 398 107
187 487 108
46 294 109
444 265 110
496 455 111
30 371 112
153 471 113
147 199 114
227 31 115
375 401 116
161 124 117
93 353 118
194 102 119
296 429 120
170 483 121
1 393 122
168 53 123
227 292 124
240 208 125
21 136 126
348 182 127
433 80 128
137 500 129
219 170 130
320 246 131
183 308 132
499 478 133
161 255 134
31 191 135
290 81 136
439 433 137
39 195 138
227 122 139
421 390 140
222 372 141
335 313 142
470 227 143
305 459 144
199 10 145
424 405 146
400 284 147
305 289 148
158 379 149
116 58 150
79 309 151
437 36 152
122 252 153
241 62 154
183 410 155
363 494 156
439 420 157
161 23 158
173 412 159
57 176 160
320 152 161
265 281 162
500 437 163
272 98 164
227 319 165
201 88 166
290 30 167
139 33 168
223 190 169
151 384 170
56 39 171
176 463 172
157 244 173
191 413 174
417 363 175
31 174 176
41 212 177
31 428 178
236 45 179
314 126 180
11 224 181
56 356 182
215 234 183
477 5 184
387 357 185
149 187 186
54 282 187
491 245 188
335 87 189
472 21 190
468 114 191
293 198 192
242 306 193
54 329 194
168 180 195
322 42 196
99 134 197
320 268 198
149 144 199
105 287 200
223 73 1
24 34 2
116 361 3
275 373 4
317 354 5
100 326 6
377 456 7
244 94 8
472 345 9
313 27 10
471 474 11
412 120 12
112 475 13
123 492 14
155 296 15
408 392 16
317 91 17
191 486 18
241 450 19
312 25 20
109 341 21
243 141 22
90 291 23
122 83 24
61 133 25
433 324 26
31 261 27
1 299 28
29 239 29
492 163 30
295 387 31
148 99 32
376 215 33
93 207 34
161 389 35
374 257 36
475 260 37
59 38 38
25 205 39
335 113 40
455 488 41
252 74 42
191 377 43
356 146 44
149 375 45
172 97 46
41 499 47
454 421 48
292 143 49
459 49 50
402 104 51
417 24 52
78 231 53
430 314 54
379 411 55
455 90 56
293 496 57
137 469 58
382 467 59
383 381 60
375 103 61
415 358 62
23 7 63
272 192 64
174 249 65
153 132 66
198 457 67
159 352 68
84 365 69
454 380 70
457 4 71
171 9 72
452 338 73
237 67 74
54 350 75
185 318 76
488 155 77
319 402 78
470 111 79
221 145 80
312 149 81
407 275 82
25 360 83
12 497 84
158 479 85
3 1 86
226 495 87
421 59 88
241 320 89
37 157 90
167 340 91
296 414 92
201 442 93
246 491 94
387 307 95
153 189 96
252 171 97
28 86 98
363 217 99
456 247 100
218 297 101
349 236 102
336 100 103
48 445 104
146 273 105
161 142 106
57 321 107
137 106 108
54 57 109
75 202 110
468 385 111
147 416 112
319 476 113
223 17 114
301 52 115
310 368 116
429 266 117
313 274 118
435 432 119
394 151 120
42 418 121
453 489 122
236 175 123
371 89 124
155 253 125
106 109 126
227 56 127
207 448 128
210 355 129
224 2 130
222 105 131
352 480 132
225 71 133
245 473 134
263 271 135
60 44 136
198 214 137
223 220 138
48 351 139
379 446 140
290 470 141
282 269 142
165 254 143
161 197 144
477 267 145
453 213 146
47 315 147
455 472 148
143 169 149
116 193 150
421 251 151
167 262 152
77 150 153
227 327 154
54 464 155
116 92 156
478 367 157
84 237 158
408 128 159
89 331 160
122 403 161
339 242 162
208 458 163
289 121 164
6 78 165
54 194 166
400 40 167
106 435 168
111 61 169
384 387 170
75 82 171
243 19 172
227 241 173
276 166 174
305 426 175
376 447 176
491 346 177
339 167 178
371 139 179
22 468 180
267 63 181
183 286 182
470 54 183
207 419 184
480 18 185
30 293 186
367 277 187
239 43 188
461 347 189
312 127 190
96 115 191
46 270 192
100 138 193
471 200 194
109 378 195
9 203 196
321 51 197
319 493 198
115 279 199
470 60 200
119 317 1
312 22 2
470 344 3
216 160 4
122 107 5
158 417 6
132 226 7
375 332 8
319 172 9
89 339 10
128 258 11
336 396 12
41 323 13
468 154 14
75 316 15
116 158 16
99 15 17
398 16 18
250 164 19
2 178 20
180 436 21
428 135 22
412 311 23
290 41 24
86 69 25
142 288 26
350 47 27
425 32 28
465 95 29
115 400 30
127 485 31
408 461 32
30 240 33
382 425 34
27 125 35
370 336 36
37 219 37
31 305 38
433 382 39
290 452 40
239 330 41
266 233 42
293 477 43
290 460 44
461 165 45
122 159 46
219 259 47
269 70 48
331 362 49
299 66 50
227 438 51
261 179 52
438 101 53
364 303 54
25 188 55
284 218 56
392 369 57
458 298 58
293 116 59
125 283 60
198 29 61
291 65 62
394 221 63
188 156 64
439 79 65
46 263 66
306 328 67
482 348 68
158 376 69
204 278 70
158 374 71
54 407 72
240 395 73
486 222 74
186 211 75
256 228 76
16 285 77
472 440 78
320 349 79
159 342 80
100 451 81
4 250 82
377 391 83
253 364 84
97 386 85
96 399 86
471 370 87
227 20 88
143 50 89
192 388 90
75 204 91
305 85 92
3 72 93
318 112 94
227 183 95
371 3 96
278 248 97
455 161 98
25 140 99
309 64 100
