5000 5000 200
2857 61 1
1235 4111 2
411 2577 3
3887 2701 4
1003 1908 5
1609 1236 6
2659 1860 7
2056 3686 8
2641 3774 9
1923 2494 10
1430 1710 11
4672 4106 12
3804 4945 13
2872 3361 14
1076 1246 15
92 4031 16
1505 1941 17
3635 1225 18
4955 1361 19
2638 352 20
1874 2273 21
2622 3199 22
2161 2007 23
2243 285 24
4115 3999 25
4841 2887 26
2878 1309 27
3475 3044 28
2249 586 29
1274 2655 30
184 809 31
3259 2425 32
497 3586 33
1027 2938 34
3537 1803 35
1367 4342 36
2668 373 37
4856 1067 38
4700 2064 39
1031 442 40
2380 4867 41
1876 1348 42
1487 987 43
521 1251 44
4979 4246 45
3260 3258 46
2219 3819 47
2736 2335 48
1038 3791 49
2844 4580 50
3815 1616 51
1531 3756 52
2134 3696 53
3981 2354 54
701 2800 55
3636 2204 56
2342 299 57
615 3459 58
1950 4673 59
1725 2936 60
770 4646 61
185 944 62
4762 126 63
1883 2515 64
3289 910 65
4816 1777 66
665 2746 67
368 4530 68
4766 210 69
492 511 70
1273 4698 71
2276 1009 72
492 888 73
1025 1588 74
4936 617 75
2375 843 76
3089 4822 77
4367 2360 78
4442 3379 79
1013 3642 80
3423 3709 81
1688 2972 82
1608 3879 83
3164 3924 84
246 525 85
4586 1408 86
3649 966 87
2806 3828 88
2174 1848 89
2598 169 90
2139 3373 91
3838 3440 92
1106 4482 93
883 1942 94
4550 4374 95
1353 1913 96
2323 1974 97
2130 1663 98
2173 1914 99
4111 387 100
411 4917 101
4114 3522 102
4365 2684 103
3207 3937 104
2684 4474 105
2031 505 106
2679 3970 107
492 808 108
1023 407 109
3886 2461 110
3264 1774 111
3968 3028 112
687 3993 113
2729 4789 114
1705 2165 115
2673 2143 116
486 517 117
3519 4971 118
2154 735 119
132 3281 120
4008 4965 121
3428 2847 122
2128 3923 123
2928 1390 124
3000 2901 125
4547 1876 126
4828 637 127
136 3001 128
2982 3644 129
2777 1204 130
4450 2797 131
2836 950 132
2817 528 133
2148 1943 134
252 4493 135
139 401 136
4177 757 137
2462 4495 138
1820 4773 139
3089 290 140
159 2767 141
2418 4659 142
4603 4441 143
843 3248 144
3392 3612 145
4929 4260 146
819 1863 147
1592 3419 148
2779 396 149
132 519 150
119 1642 151
4850 1573 152
1457 4317 153
271 4890 154
2861 672 155
4818 3541 156
988 4277 157
2359 2869 158
247 3375 159
352 3055 160
955 2390 161
3528 2032 162
1302 4416 163
1783 1335 164
3259 2298 165
4740 2464 166
2832 612 167
3898 898 168
1826 1634 169
1996 43 170
1592 4418 171
1080 3425 172
820 3040 173
3099 1148 174
2926 4875 175
4529 4988 176
1076 4019 177
3152 3658 178
4240 2068 179
3476 2501 180
309 4108 181
2576 4632 182
266 3174 183
1405 4128 184
1871 4375 185
2214 3523 186
2661 16 187
665 4250 188
1759 3180 189
1211 1089 190
4036 46 191
1110 1415 192
946 272 193
1155 234 194
1618 3163 195
4962 2261 196
3267 2488 197
2734 3207 198
1520 2718 199
4002 1165 200
971 2673 1
4352 1022 2
126 2353 3
3423 4309 4
1090 4920 5
2961 1396 6
3329 797 7
2658 4445 8
2960 2435 9
155 2457 10
890 431 11
985 2028 12
2585 1146 13
554 4141 14
2148 171 15
122 463 16
3510 3732 17
3229 4606 18
1675 564 19
468 1300 20
816 1179 21
2571 1682 22
4384 887 23
4286 4929 24
4318 2459 25
2732 3139 26
3449 4013 27
1581 3066 28
4234 3164 29
988 2045 30
2299 1844 31
4944 1247 32
1798 4996 33
2372 4267 34
514 2534 35
1786 2227 36
274 3368 37
4373 1116 38
2032 2229 39
1187 135 40
1462 1756 41
662 2043 42
2156 1609 43
2137 1424 44
1581 1380 45
1388 177 46
4022 3241 47
942 3623 48
4514 2677 49
1852 997 50
2144 459 51
997 2271 52
3219 4022 53
1627 406 54
123 3404 55
1981 2579 56
1083 1964 57
907 3183 58
4121 3228 59
992 3833 60
2803 4536 61
4440 4935 62
1531 2828 63
527 1343 64
2505 2871 65
4853 2982 66
496 3122 67
920 2450 68
1976 2975 69
598 3673 70
2743 4934 71
116 1567 72
3628 2632 73
2304 1045 74
3930 1780 75
2541 3470 76
2231 3343 77
4227 710 78
2081 3056 79
3408 4940 80
4631 3161 81
1284 1903 82
1083 2025 83
4162 1201 84
368 4157 85
559 1494 86
438 2732 87
1370 1088 88
4954 3951 89
2889 4524 90
3466 947 91
390 1051 92
1631 506 93
2981 1145 94
2148 4963 95
1630 2789 96
3730 484 97
4894 1554 98
2505 1565 99
2936 1393 100
3155 3273 101
2091 1701 102
3374 2009 103
4429 297 104
684 2504 105
2619 3692 106
4700 3481 107
1942 621 108
3319 1327 109
4637 3994 110
1353 1769 111
4286 784 112
4206 256 113
1893 2239 114
3296 1217 115
3647 1064 116
74 4795 117
1912 4519 118
1689 1817 119
2483 1377 120
3502 4190 121
2150 2145 122
1976 2575 123
4558 3257 124
1543 2376 125
3935 2562 126
4201 4409 127
3145 1821 128
3933 2398 129
3584 2928 130
2035 1268 131
2966 3059 132
4450 2117 133
4223 2486 134
534 3837 135
4276 4398 136
4986 3424 137
2349 2041 138
1634 1461 139
3672 2540 140
3227 2197 141
4351 2707 142
2836 1287 143
2167 398 144
1544 3126 145
4454 3293 146
3220 2365 147
2894 121 148
11 2051 149
4769 2889 150
1648 2914 151
359 2723 152
2568 3706 153
1884 3418 154
4456 1837 155
2031 2151 156
1171 3952 157
1894 1288 158
1501 2814 159
4445 713 160
883 1933 161
2809 4390 162
515 2235 163
1192 1365 164
2683 4974 165
1282 3417 166
4271 1608 167
4836 1428 168
1318 2591 169
992 2072 170
698 3124 171
3239 461 172
276 685 173
2850 1447 174
359 132 175
4781 3214 176
3351 3772 177
2183 172 178
290 3610 179
2970 3573 180
4225 827 181
2237 4255 182
1329 3707 183
3505 3082 184
2420 1699 185
2161 729 186
3382 2279 187
1763 3246 188
564 2910 189
2122 130 190
3507 2602 191
2669 4857 192
3263 3757 193
3294 1272 194
3377 3012 195
2499 2720 196
2576 2697 197
3730 847 198
2828 3568 199
4197 3530 200
4728 654 1
3268 2630 2
4744 1781 3
2511 3825 4
2513 609 5
3778 125 6
2576 357 7
4654 3134 8
2052 2841 9
4662 1973 10
2173 2726 11
1326 3043 12
4170 1829 13
1363 226 14
961 1736 15
3914 3983 16
4102 1640 17
167 472 18
3024 3243 19
3547 3479 20
4240 4645 21
1295 3549 22
3046 3809 23
3433 1224 24
900 563 25
4654 4290 26
4923 937 27
4839 2955 28
4568 3301 29
346 4070 30
4248 1513 31
4162 2102 32
817 1633 33
4556 3119 34
346 640 35
4108 197 36
904 4313 37
344 2164 38
406 207 39
4286 3188 40
814 1818 41
3672 3755 42
3501 4184 43
1996 4046 44
4998 1921 45
4840 4423 46
3189 3802 47
4082 4328 48
2047 4549 49
2109 3796 50
4546 1458 51
1214 4025 52
628 2074 53
1353 3846 54
734 2400 55
1892 1172 56
523 3310 57
3179 3656 58
2743 2311 59
2455 1323 60
1328 282 61
2344 2699 62
3253 4677 63
1779 795 64
934 2781 65
4555 1133 66
1179 3148 67
79 49 68
2342 4937 69
3067 4647 70
4352 3489 71
1060 4739 72
4628 958 73
184 4265 74
4289 1901 75
2899 3103 76
4610 2692 77
1448 1320 78
475 2890 79
1652 358 80
314 376 81
4809 1207 82
834 2156 83
3433 2729 84
3720 2711 85
1490 1330 86
4431 3717 87
2321 2216 88
490 4520 89
2022 4205 90
1469 1717 91
1211 3428 92
3807 3753 93
97 3049 94
2377 184 95
2812 3434 96
4173 3171 97
4797 4212 98
1993 1971 99
2194 389 100
2351 1255 101
4786 312 102
709 2278 103
3244 4452 104
3986 1916 105
2313 3336 106
766 4819 107
1836 3316 108
2872 3532 109
1469 3577 110
637 980 111
349 11 112
3678 1580 113
3261 2819 114
2424 1005 115
2002 1463 116
2771 4910 117
3055 4933 118
279 457 119
2895 2833 120
3344 3436 121
2586 745 122
3938 4314 123
1478 4944 124
3879 3291 125
1658 3271 126
1181 2503 127
2756 3973 128
2173 1789 129
2582 4868 130
4982 4715 131
3803 1071 132
2689 1662 133
3672 2822 134
3666 2596 135
730 3222 136
3557 2635 137
662 4599 138
1382 2686 139
1869 2561 140
4816 3152 141
4483 3061 142
3049 1068 143
1643 1991 144
3931 2127 145
1479 315 146
2641 4554 147
2828 2861 148
243 4902 149
2513 112 150
3820 4138 151
3977 4558 152
1205 1799 153
1513 698 154
2014 4706 155
3898 878 156
3918 1132 157
2023 1418 158
305 2761 159
2413 1010 160
3313 662 161
791 3121 162
1284 500 163
3582 2223 164
3478 1978 165
1912 4604 166
2328 4942 167
466 3631 168
4079 1715 169
518 587 170
3102 880 171
3260 3045 172
2642 1256 173
4034 3708 174
1457 1540 175
1457 1952 176
1172 524 177
2588 4455 178
1419 3900 179
4575 2092 180
3361 2995 181
3083 4596 182
2577 1370 183
3816 4469 184
3533 2542 185
1200 1446 186
3433 2990 187
4986 4992 188
296 1998 189
2468 3390 190
846 2987 191
3043 485 192
1363 2126 193
3835 3217 194
1852 1882 195
1880 4873 196
2017 1194 197
3778 4512 198
2318 91 199
4240 2741 200
4145 4511 1
601 141 2
632 2243 3
3208 4952 4
4970 1166 5
1142 3674 6
1895 4213 7
3855 3353 8
1874 1076 9
4888 824 10
4971 4484 11
1240 2991 12
2023 691 13
2257 3917 14
4728 2295 15
2265 1745 16
2751 3385 17
2017 520 18
3229 1155 19
695 3778 20
1563 3508 21
2372 438 22
2879 48 23
4473 4 24
4550 301 25
2530 1108 26
2167 4380 27
3052 538 28
4081 175 29
4768 1644 30
4263 3736 31
198 4188 32
3944 2452 33
1868 2812 34
3170 3426 35
4451 1136 36
2537 2196 37
340 1035 38
1494 4977 39
3999 4882 40
2799 1226 41
384 2520 42
3576 1956 43
1090 4400 44
1263 1455 45
2524 963 46
3761 4473 47
1931 2868 48
4958 266 49
4656 4358 50
6 29 51
2304 1231 52
4420 3450 53
1494 1372 54
2824 4074 55
2984 565 56
862 1021 57
1438 518 58
1892 116 59
4240 2996 60
3523 51 61
81 994 62
2066 2985 63
1472 402 64
122 4180 65
4113 4181 66
4432 989 67
827 1512 68
3650 3046 69
4643 4415 70
802 3447 71
2996 2375 72
3916 3156 73
3914 409 74
4470 2806 75
2420 4170 76
3041 1867 77
1748 2616 78
4092 2541 79
4431 4754 80
1725 1708 81
1999 2665 82
3207 1591 83
1431 1936 84
2964 2071 85
2100 1475 86
3576 4556 87
518 3697 88
2881 3604 89
2409 4863 90
580 4747 91
2214 2458 92
1384 3991 93
3670 930 94
376 805 95
4898 739 96
188 31 97
3872 1297 98
2607 560 99
2292 1926 100
706 4311 101
1033 3614 102
1469 3403 103
4077 1123 104
159 1985 105
1641 4820 106
4381 2527 107
1765 1140 108
898 822 109
1826 970 110
3038 3009 111
924 4649 112
180 3386 113
2327 1352 114
709 570 115
780 101 116
1479 76 117
3227 1611 118
2891 877 119
220 3123 120
3189 4234 121
2679 1759 122
4929 2695 123
2064 1094 124
1513 202 125
3802 257 126
1069 1360 127
2249 3168 128
2481 2022 129
1345 2881 130
1173 2611 131
2694 1960 132
599 2005 133
3165 3678 134
1709 3533 135
1547 1159 136
4122 4998 137
4055 730 138
1643 3482 139
3107 1128 140
4200 1731 141
3877 3571 142
66 4148 143
4384 4018 144
4962 3939 145
4115 3074 146
1826 3006 147
1255 104 148
4048 3804 149
4023 683 150
3898 79 151
1091 2479 152
3728 1435 153
2717 2060 154
144 2302 155
3781 1199 156
4257 4665 157
3107 936 158
4054 4588 159
14 124 160
1226 1753 161
3043 4437 162
1910 3546 163
4289 992 164
2473 1966 165
766 218 166
506 3748 167
2729 2637 168
3960 3461 169
1238 4176 170
1538 2667 171
1786 4950 172
4263 4237 173
791 181 174
3081 4681 175
3892 4528 176
4997 1937 177
3239 1142 178
3248 4426 179
4654 2779 180
2365 4848 181
1374 444 182
3031 3763 183
3594 3929 184
4915 973 185
2583 884 186
4938 4829 187
1649 2971 188
1022 1665 189
4407 4594 190
2354 2976 191
4565 4295 192
3595 2120 193
3591 2904 194
143 12 195
898 4806 196
1781 1050 197
1008 3605 198
3778 4016 199
2714 1947 200
196 1457 1
2669 3531 2
1544 3334 3
2264 4613 4
1299 4187 5
2249 1660 6
2407 4385 7
3089 3058 8
3802 4160 9
1795 2290 10
4997 3981 11
3141 2342 12
2272 1338 13
4408 4490 14
4997 1122 15
4482 2974 16
1245 2294 17
1180 4224 18
1888 2019 19
1399 4378 20
2156 4468 21
4768 4403 22
2399 2493 23
1090 4339 24
1100 4778 25
123 63 26
1511 1938 27
615 1216 28
4187 2838 29
1127 1929 30
4346 2199 31
2070 663 32
3029 4683 33
2903 1426 34
1836 1488 35
3589 3053 36
887 804 37
3263 4436 38
1970 4969 39
1460 4417 40
530 3975 41
184 1430 42
4643 2753 43
3581 196 44
4591 3908 45
971 2095 46
1913 1989 47
2236 3392 48
1419 2152 49
723 2478 50
413 508 51
3676 4458 52
1801 904 53
2299 2803 54
1548 2217 55
2890 1508 56
1294 4779 57
4176 501 58
1731 473 59
4017 1059 60
1081 277 61
258 2047 62
4768 393 63
3085 3625 64
3244 3540 65
2529 2712 66
471 655 67
1997 754 68
3957 4185 69
1879 2201 70
1117 4862 71
2114 929 72
3561 2331 73
2994 2415 74
1829 1579 75
3830 3102 76
711 2492 77
2849 2259 78
4595 1429 79
4344 4307 80
4809 2388 81
4859 4341 82
4975 4151 83
4036 3016 84
301 4983 85
1799 1851 86
121 1267 87
4115 1969 88
3337 3380 89
3144 4425 90
1504 4980 91
936 1232 92
802 855 93
284 3722 94
4948 4961 95
838 1945 96
2802 2511 97
4264 3036 98
3409 1150 99
2608 1873 100
4289 276 101
3576 4163 102
3722 1571 103
4453 2878 104
1807 3661 105
297 1011 106
3202 2548 107
4052 825 108
2388 3170 109
3960 4655 110
543 1337 111
1520 2816 112
580 1214 113
1511 3495 114
2455 1709 115
2017 2356 116
2677 1707 117
4854 2339 118
1032 1487 119
328 2157 120
4311 4100 121
428 3158 122
2306 4709 123
3319 163 124
3329 2679 125
4982 2329 126
2915 2820 127
1651 2061 128
4247 2274 129
311 4605 130
1358 4612 131
1802 3726 132
4435 1561 133
306 3388 134
890 296 135
2752 2106 136
2204 108 137
391 4995 138
1006 9 139
2960 3537 140
2617 4918 141
1022 148 142
2789 3814 143
1525 310 144
884 875 145
2734 4099 146
4135 1275 147
389 2863 148
4724 3341 149
4428 1271 150
256 178 151
3611 95 152
3672 273 153
2951 692 154
3188 2687 155
3614 4523 156
4255 2713 157
1459 850 158
3494 3995 159
4564 4639 160
4363 179 161
4722 1305 162
4599 3607 163
2106 496 164
2330 1417 165
1148 1497 166
3963 2480 167
2056 479 168
1223 1244 169
1371 1858 170
380 871 171
2566 583 172
819 192 173
2283 4509 174
482 3969 175
256 2526 176
309 4911 177
4948 1558 178
4115 4622 179
680 4855 180
3855 2305 181
4543 2625 182
359 1779 183
4945 3014 184
3797 1197 185
733 3181 186
700 4464 187
720 752 188
4271 532 189
1705 4165 190
4204 3096 191
4947 1504 192
4330 897 193
316 1040 194
822 2710 195
2119 561 196
4854 3704 197
432 2000 198
4898 137 199
116 1754 200
4726 4702 1
2986 1526 2
2658 1054 3
4405 3029 4
27 3817 5
1951 2213 6
2791 4001 7
4223 585 8
450 2763 9
3538 1238 10
1100 1765 11
4698 901 12
1554 2323 13
1786 1280 14
2530 596 15
2338 1951 16
4157 446 17
3468 3907 18
2473 2947 19
3920 4585 20
1364 1134 21
1173 4326 22
3280 2254 23
4551 4626 24
4997 3935 25
25 330 26
2500 3089 27
1331 3407 28
4715 2449 29
2500 3896 30
2002 1522 31
3615 984 32
144 353 33
638 3886 34
2513 2186 35
2927 3987 36
364 4312 37
1129 584 38
1176 1100 39
1353 657 40
3896 3223 41
118 945 42
2022 405 43
2872 3938 44
1494 3559 45
1384 3701 46
3892 1839 47
1718 1572 48
4206 4894 49
2881 4686 50
4248 1992 51
2035 318 52
1956 3048 53
4215 1904 54
2412 3558 55
3877 3486 56
4859 4834 57
2894 4376 58
2848 2700 59
2712 345 60
614 763 61
724 4143 62
1763 2124 63
359 554 64
4476 3836 65
4442 456 66
3648 1245 67
930 2765 68
3519 758 69
2481 819 70
4146 4318 71
349 4316 72
3851 3345 73
1547 1889 74
3989 3051 75
758 158 76
3798 2653 77
3534 1259 78
3039 3786 79
3286 931 80
1830 1260 81
3909 537 82
1176 3357 83
2489 1442 84
1775 726 85
212 1063 86
3594 320 87
555 2959 88
2193 1346 89
1751 3230 90
358 1896 91
3557 3627 92
4509 2840 93
4383 4729 94
1496 2363 95
1815 4847 96
250 4728 97
964 2161 98
4918 4627 99
3991 2809 100
1270 1902 101
4297 1441 102
3432 3745 103
4072 3023 104
4666 2825 105
4645 1101 106
4935 1528 107
3938 3460 108
816 2499 109
3614 3615 110
3148 2669 111
2964 1792 112
2292 1248 113
2333 690 114
3876 1532 115
4745 3942 116
202 1277 117
2181 326 118
1912 1124 119
2927 3466 120
1892 521 121
3018 324 122
998 3475 123
3366 2633 124
2283 2316 125
1823 4321 126
4743 700 127
3626 2922 128
1953 2366 129
2728 4067 130
723 1090 131
659 705 132
1438 2708 133
1763 2370 134
2304 2364 135
3859 920 136
1464 2694 137
4826 325 138
4436 2654 139
3509 4211 140
1540 4557 141
1504 440 142
329 3815 143
2107 4453 144
4783 1735 145
1310 3731 146
4044 4981 147
4959 4182 148
1609 3617 149
685 221 150
3286 3534 151
4523 4640 152
4827 968 153
2505 673 154
2682 2340 155
2617 2758 156
1173 32 157
4962 4768 158
3678 4059 159
3576 774 160
4617 2142 161
2225 2269 162
987 2564 163
1636 2306 164
4268 1909 165
1345 801 166
498 4402 167
2598 4871 168
4594 1388 169
2700 2416 170
2025 2805 171
3250 3110 172
1459 1742 173
1308 4365 174
484 2027 175
4646 3477 176
496 725 177
1546 2083 178
2145 3075 179
1098 2026 180
2861 2262 181
3691 4846 182
4369 3284 183
1163 4505 184
4766 3792 185
1676 3518 186
1943 2937 187
1487 306 188
1373 2793 189
4866 4782 190
3409 2792 191
4827 4274 192
1868 806 193
298 8 194
4229 2879 195
189 1635 196
4795 160 197
4375 4876 198
1538 3252 199
949 199 200
2426 3529 1
1728 976 2
3966 295 3
1189 792 4
4012 75 5
4930 3570 6
1266 3364 7
3815 712 8
3682 794 9
2513 321 10
2530 1999 11
4629 2403 12
599 4162 13
1889 4956 14
1725 959 15
2126 2404 16
2206 4908 17
328 635 18
1492 2454 19
2545 1261 20
2482 1928 21
2010 2129 22
1597 4044 23
96 2766 24
810 1149 25
561 2174 26
1110 2940 27
1912 1728 28
1807 1491 29
2729 2438 30
187 1975 31
1387 3536 32
4317 2892 33
4409 1520 34
750 3247 35
1788 3639 36
2286 597 37
4562 19 38
2964 1053 39
2421 4967 40
2628 4870 41
635 52 42
3927 4767 43
3310 1641 44
4100 247 45
893 3488 46
2764 2206 47
2734 4926 48
1754 2191 49
1353 2163 50
155 4449 51
3392 1160 52
2466 3105 53
996 4670 54
2723 2835 55
3627 2546 56
2710 1740 57
916 2108 58
2306 120 59
4519 3519 60
2970 4009 61
4681 1645 62
3654 3117 63
3699 3359 64
3593 2873 65
4136 3294 66
194 3305 67
2583 2348 68
122 3400 69
955 114 70
2476 3000 71
2541 3986 72
2642 1102 73
53 4383 74
450 2104 75
279 1351 76
471 183 77
4210 2939 78
4200 1791 79
573 404 80
1427 3962 81
4930 4901 82
3031 131 83
4000 2057 84
4557 3620 85
1319 1534 86
2949 3762 87
2608 4922 88
2238 1655 89
1524 4407 90
387 1364 91
2498 3270 92
3465 4615 93
3250 1629 94
2492 3716 95
3230 1082 96
3679 3855 97
4682 3569 98
4408 899 99
4004 4938 100
185 3510 101
706 1652 102
2732 4725 103
3615 455 104
1620 3142 105
1023 1289 106
102 3909 107
4201 741 108
3938 1853 109
1487 22 110
414 4785 111
1019 238 112
614 2893 113
344 2384 114
3528 4815 115
469 1234 116
936 1468 117
2604 1566 118
3442 539 119
518 4564 120
4402 2593 121
1860 4869 122
3121 1302 123
966 2200 124
2388 1210 125
1547 4331 126
3990 1628 127
490 3464 128
1147 1191 129
4915 1104 130
3216 3072 131
2401 4841 132
4008 4856 133
4504 2114 134
2761 4068 135
3138 4679 136
1914 4446 137
2791 36 138
206 4586 139
1497 4356 140
1791 4058 141
1441 1016 142
2261 2238 143
3580 926 144
1713 516 145
2071 67 146
1547 1176 147
314 3759 148
3882 1229 149
445 4919 150
3353 1221 151
3143 1746 152
513 317 153
4553 4816 154
1559 4112 155
461 1057 156
3921 1079 157
4456 2460 158
1260 2785 159
843 27 160
3184 4705 161
3313 371 162
2455 410 163
4779 2536 164
2536 3287 165
4645 3208 166
2841 1344 167
1004 3107 168
1345 3225 169
1236 3606 170
559 2643 171
2762 3822 172
366 4229 173
2762 3356 174
417 2757 175
2621 4818 176
4739 3737 177
3404 2118 178
2841 556 179
3704 1056 180
1615 4724 181
4166 2301 182
3746 3715 183
482 3676 184
3715 969 185
1767 719 186
3590 4220 187
3329 2122 188
3382 264 189
4936 3209 190
385 3843 191
4809 4970 192
463 1606 193
1769 2818 194
2123 165 195
4318 77 196
1587 3881 197
2651 3352 198
3798 4005 199
1545 946 200
1347 503 1
3136 3004 2
978 323 3
387 810 4
2562 716 5
1361 2864 6
2006 623 7
3528 99 8
4486 3780 9
1211 857 10
1619 830 11
255 4699 12
4886 1885 13
4004 344 14
3468 3128 15
4118 2965 16
2267 1253 17
3414 1112 18
1689 3956 19
2914 1285 20
4473 3632 21
2442 4149 22
4407 1752 23
777 1784 24
3516 2902 25
4269 3160 26
1469 2467 27
4410 1147 28
3829 1423 29
1062 2369 30
4683 4736 31
2520 851 32
591 2066 33
2946 3863 34
4516 749 35
1124 3954 36
3529 883 37
4715 394 38
3334 380 39
2563 1988 40
252 2925 41
3387 696 42
1684 1125 43
1926 2252 44
3720 3060 45
3189 1852 46
1100 4874 47
4079 2321 48
2520 1523 49
1075 1325 50
4381 2475 51
497 1049 52
2650 618 53
888 1692 54
3053 2170 55
1862 4766 56
3797 4860 57
4492 928 58
4084 1768 59
1051 915 60
4087 1118 61
657 3030 62
3715 551 63
4952 1827 64
377 682 65
399 2846 66
1113 93 67
4404 1008 68
3957 1273 69
1502 2313 70
1430 4269 71
791 697 72
715 4695 73
3113 3329 74
4772 3295 75
3701 4682 76
2636 3650 77
4954 4030 78
2040 2472 79
2329 3315 80
3157 3019 81
571 2139 82
161 2245 83
3400 3589 84
3010 2439 85
2844 3286 86
2739 3630 87
2491 251 88
1364 1697 89
4962 1912 90
1600 490 91
3604 3977 92
4454 2656 93
1698 50 94
4592 1877 95
4322 4727 96
974 4762 97
2043 3224 98
390 2185 99
3517 3008 100
599 4093 101
825 229 102
563 3675 103
1155 1483 104
4766 3297 105
4996 4541 106
1990 2670 107
3337 4973 108
2152 589 109
2372 3645 110
3592 35 111
1795 3038 112
3550 3415 113
2568 3332 114
4156 3382 115
2438 1095 116
3482 4270 117
4105 762 118
2054 4587 119
4351 3140 120
1540 3963 121
2140 1987 122
2526 4161 123
2410 481 124
2272 1413 125
5000 4202 126
219 1514 127
3035 2807 128
1915 688 129
4262 2783 130
1504 4799 131
4532 740 132
3896 1336 133
3668 604 134
1270 4898 135
4770 1298 136
4677 198 137
4900 4043 138
1741 3789 139
1423 3192 140
186 1213 141
3451 938 142
3161 2006 143
4799 4178 144
1374 1411 145
4182 3724 146
2377 1533 147
4537 2251 148
2362 4381 149
2177 3996 150
1921 2446 151
957 1503 152
1054 2770 153
158 3885 154
4760 607 155
2709 2614 156
3900 40 157
314 3372 158
2365 547 159
3426 3473 160
2071 2539 161
4052 2017 162
295 934 163
3779 2589 164
411 3143 165
1910 3785 166
4173 918 167
1538 4086 168
4306 1223 169
4132 3528 170
290 4817 171
3168 4238 172
2010 1299 173
1852 2377 174
3033 3444 175
1430 2208 176
4798 4562 177
219 1648 178
151 4720 179
2964 2470 180
1002 2021 181
599 3830 182
328 1039 183
4204 313 184
1140 644 185
4240 2960 186
3986 2919 187
2656 1399 188
4368 4503 189
3423 3979 190
1923 4284 191
2821 3485 192
151 3144 193
4409 3672 194
3674 1164 195
3179 1622 196
3445 1786 197
2434 3643 198
1958 2205 199
379 3800 200
1565 24 1
411 580 2
2559 531 3
3450 1027 4
1214 2374 5
4542 4122 6
1438 3201 7
864 4712 8
1375 2727 9
4715 2146 10
3699 4153 11
230 292 12
2723 4370 13
3317 3976 14
1337 3471 15
156 1750 16
3055 59 17
4863 614 18
2274 1721 19
3613 4802 20
2153 39 21
741 3883 22
1964 2123 23
4086 978 24
1451 2565 25
4493 2952 26
1626 4199 27
352 1098 28
281 390 29
2828 107 30
2492 1724 31
251 2093 32
640 4653 33
2491 3366 34
2595 1625 35
4901 3298 36
2741 2153 37
4465 3729 38
2537 800 39
1620 4347 40
1326 2351 41
701 2241 42
1438 259 43
475 4413 44
1729 4563 45
2413 4839 46
2643 4617 47
2719 1598 48
3361 4925 49
3566 1416 50
555 3925 51
2559 2733 52
4818 3017 53
3423 927 54
586 1029 55
3182 2283 56
106 3320 57
591 2545 58
4909 4527 59
3104 3203 60
380 2681 61
2499 656 62
3179 3362 63
2369 359 64
1062 2222 65
2002 4662 66
2559 4579 67
3990 3713 68
1377 2210 69
3532 2791 70
1069 3808 71
911 742 72
1833 2287 73
366 2652 74
1818 1406 75
745 2084 76
2728 4362 77
2659 2421 78
1472 4119 79
1176 2617 80
4912 533 81
4001 204 82
974 4796 83
2518 1386 84
2174 146 85
4445 4526 86
3388 2427 87
920 4145 88
4449 1993 89
585 489 90
1076 4026 91
4135 2911 92
3244 4496 93
106 4888 94
1123 3700 95
4979 1823 96
3052 3430 97
4481 3264 98
2338 1703 99
140 1480 100
2182 881 101
1795 4094 102
814 3330 103
2758 1334 104
2105 3564 105
2960 205 106
1940 791 107
4429 939 108
4252 599 109
3540 4641 110
1918 2600 111
2658 4668 112
2002 3408 113
4605 1870 114
3353 1944 115
2646 2875 116
2144 327 117
3415 2237 118
3741 1414 119
2617 2999 120
1386 1578 121
976 3733 122
4620 3576 123
1666 305 124
4929 1013 125
3513 3050 126
3612 2880 127
2754 3618 128
282 2355 129
4766 594 130
3250 2571 131
3373 2463 132
174 2842 133
2207 1031 134
1124 3556 135
2122 3629 136
2318 3957 137
2611 908 138
2899 4904 139
2903 1685 140
200 4115 141
2627 1757 142
4038 1028 143
3220 4054 144
1163 2693 145
959 3552 146
4030 4701 147
2669 3790 148
4262 2203 149
1104 3750 150
4197 1924 151
1494 3840 152
3500 4966 153
108 2382 154
2309 488 155
4268 4810 156
3810 164 157
2222 2877 158
1609 159 159
4542 1556 160
264 3446 161
599 498 162
3968 1126 163
1705 2003 164
4252 74 165
2098 3691 166
2017 2082 167
4473 1688 168
3982 2053 169
3189 841 170
1459 187 171
2762 2314 172
1004 2764 173
1651 2319 174
2264 4233 175
580 4583 176
2723 377 177
3554 30 178
4848 1219 179
124 3712 180
2714 2646 181
4864 486 182
1177 2209 183
1709 3841 184
2500 1091 185
3148 4614 186
1513 2372 187
4537 367 188
1880 4486 189
4682 3899 190
498 1470 191
1352 3218 192
4240 346 193
4825 2357 194
1906 3132 195
1868 4978 196
1064 807 197
4133 3554 198
4434 3655 199
1326 1211 200
3182 274 1
2896 2141 2
2466 1466 3
4572 23 4
4923 951 5
4262 3370 6
1872 4958 7
3855 4491 8
2349 240 9
4555 4150 10
3000 669 11
1951 852 12
4099 4293 13
4931 3779 14
959 3279 15
1630 3599 16
3 4017 17
4402 4742 18
2858 3813 19
1019 328 20
1937 3911 21
2473 1939 22
4243 2550 23
2204 4492 24
3597 4525 25
297 4330 26
4867 3646 27
2668 2672 28
4886 388 29
1697 550 30
241 4696 31
52 2015 32
1594 182 33
3445 2740 34
69 356 35
2389 145 36
1541 4098 37
2638 4954 38
4375 4643 39
1911 18 40
3179 3961 41
2157 2046 42
3745 1282 43
4098 924 44
3099 2453 45
1587 1340 46
202 2544 47
814 1761 48
2403 3255 49
895 2715 50
936 957 51
4791 4757 52
4020 1438 53
1047 2866 54
1066 4540 55
237 2523 56
1641 154 57
397 412 58
4150 425 59
4555 4388 60
539 1982 61
1258 2790 62
1116 3435 63
2571 2773 64
4936 3621 65
2581 343 66
1847 3894 67
1127 2969 68
3716 633 69
2665 1500 70
3498 4830 71
4160 1910 72
2516 423 73
2937 25 74
755 4707 75
3957 4571 76
833 1551 77
2816 977 78
4157 610 79
1955 4372 80
3242 2065 81
302 4021 82
1061 2012 83
4035 20 84
4255 1706 85
4162 2107 86
3636 4056 87
888 7 88
4086 755 89
4055 4753 90
1270 3810 91
1237 81 92
495 1333 93
4266 3339 94
448 854 95
857 1486 96
3162 261 97
4814 4337 98
857 3567 99
1062 2549 100
4587 4129 101
1652 3073 102
2388 2705 103
1193 2917 104
287 413 105
4819 2417 106
1317 2908 107
119 2284 108
1274 1489 109
2749 999 110
518 4550 111
1025 853 112
2551 1161 113
3329 2918 114
3491 2171 115
4750 233 116
4500 3187 117
4813 3964 118
2023 3922 119
2322 4264 120
116 495 121
1747 3109 122
1106 2 123
2204 2636 124
2541 3918 125
3377 1711 126
4067 4350 127
4798 1294 128
1524 3441 129
4407 2188 130
733 71 131
11 4087 132
4004 3033 133
3804 4300 134
1483 3666 135
1429 3878 136
4878 395 137
3340 2622 138
4798 1182 139
140 2950 140
4113 546 141
3164 1530 142
4575 3953 143
756 1222 144
2837 4793 145
4519 4002 146
2831 3974 147
298 3892 148
116 1797 149
2010 2706 150
1542 4189 151
1963 1712 152
3042 813 153
4903 3870 154
1073 2024 155
1160 4879 156
3436 4303 157
715 4144 158
1574 4124 159
3189 4240 160
3515 56 161
4088 1026 162
1451 3494 163
1162 3484 164
1374 3035 165
3734 981 166
1386 180 167
3859 1666 168
1387 1596 169
526 3331 170
328 2119 171
59 3025 172
1636 1077 173
2764 2581 174
602 477 175
3292 1326 176
1430 818 177
1935 4738 178
2157 832 179
738 750 180
1830 2155 181
860 3127 182
3936 4630 183
4745 1783 184
2753 4171 185
2698 3591 186
3840 1681 187
4449 2338 188
3360 4623 189
672 2189 190
255 2310 191
3739 4807 192
4249 960 193
1794 289 194
4883 1356 195
3688 4577 196
999 4909 197
1852 237 198
1220 540 199
3005 4126 200
1912 1586 1
2946 3853 2
3423 1875 3
576 4266 4
3676 3108 5
3628 2038 6
3626 834 7
2182 1241 8
325 4461 9
357 1018 10
1478 4842 11
4397 186 12
3125 1452 13
4369 1815 14
336 2588 15
3265 4282 16
4473 17 17
2415 1269 18
1871 4915 19
4293 1167 20
1615 3720 21
3396 105 22
2647 4200 23
109 139 24
2285 3346 25
2306 567 26
562 4011 27
4962 2039 28
1730 2016 29
2895 2207 30
893 1965 31
841 1185 32
4491 2402 33
2235 4652 34
3164 3427 35
1790 1250 36
518 866 37
4809 2268 38
4009 2661 39
4393 1409 40
4452 4532 41
1407 796 42
4587 3797 43
3038 2660 44
1454 4905 45
4740 4028 46
4728 2756 47
2662 1509 48
2057 3698 49
2986 4814 50
4271 1643 51
3920 4242 52
1619 1175 53
1781 820 54
2427 1672 55
1779 4513 56
3264 4285 57
964 3869 58
4768 3396 59
2829 267 60
2758 4003 61
3260 2618 62
4684 2929 63
4094 1632 64
3576 2103 65
3236 3767 66
2198 2615 67
2994 215 68
1738 2810 69
2864 1078 70
1731 778 71
513 2267 72
546 1339 73
3409 3989 74
4940 986 75
3166 2029 76
1894 2775 77
3000 94 78
2638 2476 79
4760 4671 80
2313 2558 81
3165 4447 82
2761 364 83
1501 2894 84
3667 1485 85
864 1996 86
3898 1669 87
4991 4529 88
1655 4062 89
1347 4889 90
4620 2831 91
622 996 92
3867 2320 93
3121 4444 94
1154 3458 95
1781 2173 96
553 3318 97
1635 2079 98
2638 2396 99
4162 3250 100
3031 1698 101
1138 3583 102
4739 1129 103
2236 648 104
3592 4570 105
4550 4306 106
1377 812 107
4020 3864 108
2134 1284 109
230 347 110
4960 759 111
4708 715 112
956 548 113
3292 1880 114
1764 903 115
1129 4130 116
4373 3912 117
3938 3219 118
612 1661 119
3874 381 120
4090 2344 121
4962 2896 122
3469 1843 123
2221 2048 124
1148 2552 125
4473 3699 126
2376 2993 127
3000 3070 128
1959 2113 129
546 4703 130
524 3921 131
4373 1925 132
1478 3865 133
309 747 134
2306 2817 135
864 4714 136
4700 3788 137
1345 1419 138
3982 2282 139
1973 1395 140
821 4674 141
1589 646 142
2424 3249 143
4410 4349 144
1834 4177 145
687 3342 146
3089 1127 147
3515 293 148
2603 1230 149
1336 3068 150
2543 3940 151
563 1383 152
2903 4691 153
3043 3982 154
2809 3597 155
3253 2532 156
332 286 157
3189 1801 158
129 365 159
671 147 160
1783 839 161
3104 4085 162
3403 3378 163
733 4746 164
4367 3254 165
4061 1510 166
1559 3783 167
784 4319 168
4663 1481 169
3550 1859 170
886 3141 171
1547 176 172
3584 2640 173
1958 2233 174
3720 3299 175
1763 4953 176
4271 1043 177
4822 2033 178
2020 372 179
69 3094 180
4323 2115 181
366 1931 182
499 2075 183
4625 3867 184
4631 840 185
1819 4299 186
4982 4089 187
90 2992 188
4271 1186 189
1595 4428 190
1658 1828 191
4240 4713 192
4162 3746 193
1245 3268 194
2067 2560 195
1255 3391 196
354 1381 197
4248 1738 198
1611 1174 199
3377 916 200
4336 2219 1
771 3898 2
1790 138 3
2399 1240 4
1623 838 5
1910 384 6
2996 316 7
1537 1923 8
3835 3584 9
811 157 10
1666 1307 11
720 4055 12
4654 4609 13
311 1421 14
4601 1650 15
2523 1379 16
2683 3085 17
96 319 18
2200 1451 19
555 2843 20
2995 3439 21
4223 422 22
4363 225 23
4876 2397 24
1544 1354 25
3816 3659 26
4271 307 27
3820 1680 28
286 429 29
2849 3751 30
1642 2304 31
3015 993 32
498 3095 33
46 4433 34
3795 1506 35
3672 4801 36
4248 4287 37
42 2428 38
554 1541 39
2388 3393 40
4377 4197 41
2178 4864 42
1566 2128 43
283 250 44
1039 304 45
4856 1308 46
640 3078 47
3679 2088 48
2891 1855 49
1653 1775 50
1407 4772 51
4700 1198 52
210 392 53
2656 1826 54
811 3065 55
2551 799 56
48 369 57
4024 1190 58
2908 1946 59
1326 1362 60
3019 4195 61
2827 1895 62
220 764 63
1707 2130 64
2338 2264 65
4542 3560 66
1895 4487 67
3289 3054 68
2559 2434 69
3679 3377 70
1423 4479 71
3780 3398 72
1143 2345 73
2831 3581 74
4647 3784 75
417 258 76
2831 879 77
3103 2717 78
2369 4454 79
2161 2696 80
4754 2603 81
1399 3245 82
2131 2795 83
1013 922 84
1172 3278 85
4181 4123 86
1361 2250 87
3912 1793 88
857 4230 89
1089 1911 90
1806 1002 91
940 2915 92
2002 3740 93
791 227 94
2741 4008 95
1513 2738 96
662 1263 97
1356 3600 98
11 1464 99
706 3703 100
200 2172 101
3544 679 102
4542 965 103
832 2826 104
267 817 105
3676 4531 106
4720 2073 107
1964 2855 108
1652 3781 109
3210 2336 110
2859 1600 111
620 2649 112
3864 1538 113
2478 515 114
3248 2998 115
2559 2405 116
2329 1476 117
3102 58 118
890 2192 119
368 2899 120
1419 3609 121
4565 2337 122
3291 2956 123
1459 57 124
2578 572 125
1597 72 126
1337 2256 127
992 1137 128
3071 2198 129
3674 2839 130
2302 4281 131
876 333 132
2969 3719 133
2858 188 134
186 2685 135
4217 2433 136
1663 3490 137
173 2537 138
2724 3198 139
3250 1403 140
3938 4152 141
1166 42 142
1995 2215 143
3225 1594 144
3146 3988 145
2791 1368 146
1898 2668 147
4828 3185 148
1652 4786 149
4659 1313 150
1811 3057 151
3031 602 152
254 419 153
4898 4322 154
1220 4470 155
3582 1747 156
1296 1227 157
1852 3542 158
904 2512 159
3053 209 160
2390 2389 161
4346 3572 162
4035 211 163
172 1295 164
4918 3668 165
90 557 166
2349 4397 167
472 1637 168
4564 3120 169
2986 2837 170
2787 3190 171
1566 731 172
3967 3197 173
811 606 174
471 451 175
1235 3636 176
4251 4533 177
664 2246 178
2825 3093 179
3294 4881 180
2515 4168 181
3968 3933 182
1531 4694 183
3384 1539 184
1517 4826 185
4095 2749 186
735 3919 187
2265 3 188
3244 4566 189
1116 140 190
411 2111 191
359 3624 192
4309 1138 193
1705 4600 194
3634 4476 195
4456 4263 196
2223 3752 197
1660 3544 198
4903 4393 199
3387 4780 200
4185 2067 1
4718 3771 2
1501 4020 3
2009 3367 4
1226 4717 5
3986 4561 6
2516 2730 7
4289 3799 8
1666 1653 9
2035 3566 10
1566 4419 11
3461 55 12
1003 340 13
1024 2432 14
4990 220 15
132 3880 16
3861 2721 17
669 4497 18
4454 2743 19
4348 3823 20
4744 1547 21
1024 3651 22
447 4685 23
1572 3402 24
3961 4217 25
4747 751 26
801 4308 27
3931 1478 28
834 3221 29
3768 1015 30
3967 1407 31
2047 694 32
1943 3326 33
3250 4371 34
1615 3321 35
81 2359 36
2902 4893 37
2294 1842 38
1424 3998 39
4646 83 40
4009 1454 41
1388 492 42
4380 2386 43
4152 4037 44
3961 4951 45
4454 1861 46
1702 268 47
2286 3776 48
4093 2986 49
802 53 50
383 4500 51
1553 4024 52
1435 4443 53
2277 1997 54
1886 1402 55
2300 4788 56
484 2776 57
2872 417 58
3639 1449 59
1340 4522 60
2351 3884 61
3528 1794 62
1880 2489 63
790 1286 64
1222 4833 65
893 1163 66
468 2906 67
2564 1564 68
2369 1950 69
4158 3950 70
4332 476 71
1675 1332 72
1148 2735 73
4454 4369 74
4786 3240 75
1491 4542 76
2130 166 77
4507 861 78
3929 1967 79
1425 4014 80
4729 244 81
2805 4811 82
3567 3311 83
339 2234 84
2238 569 85
3429 3414 86
2000 666 87
2586 1069 88
1571 1398 89
910 1007 90
3148 3232 91
3649 2885 92
4954 3744 93
2970 4947 94
991 174 95
4243 967 96
4798 1085 97
1327 4346 98
1760 3451 99
4088 1959 100
627 4657 101
4756 4327 102
1107 2780 103
847 4494 104
1859 2296 105
2098 4459 106
3609 1714 107
99 645 108
3961 1602 109
4992 2387 110
132 890 111
2119 3193 112
594 3520 113
4914 2303 114
981 1103 115
533 4292 116
4332 4759 117
4894 2182 118
247 385 119
3260 624 120
1660 361 121
2567 4939 122
4589 760 123
553 2194 124
2182 756 125
3313 403 126
605 78 127
1504 1587 128
62 4066 129
1808 4329 130
2435 4763 131
3120 4174 132
1964 2462 133
3480 2886 134
852 893 135
2125 4078 136
4760 2619 137
1214 2431 138
3488 4748 139
974 1376 140
2056 4797 141
3294 3657 142
1544 1427 143
1459 1366 144
4092 1135 145
3810 1737 146
358 2932 147
413 3011 148
4863 3387 149
2025 3882 150
4136 4439 151
2696 3834 152
2893 865 153
315 1646 154
2957 4975 155
825 2583 156
1311 4254 157
4789 3204 158
2090 4851 159
57 3125 160
4499 4192 161
1874 2850 162
3316 4090 163
1476 1846 164
4565 2169 165
270 1456 166
804 2347 167
3624 2002 168
3127 793 169
3944 4000 170
3189 935 171
2377 278 172
4487 1052 173
3656 2585 174
3840 902 175
3291 2062 176
2964 65 177
997 862 178
3910 2100 179
1634 1462 180
4698 3521 181
2205 3739 182
2162 3945 183
3947 4251 184
4791 4928 185
798 2280 186
4959 1744 187
2140 4751 188
2306 3622 189
1932 239 190
4038 777 191
4814 1453 192
571 722 193
4380 3596 194
4312 3959 195
457 4777 196
4020 4568 197
2957 1955 198
1558 3300 199
3221 514 200
3528 1115 1
4850 949 2
4122 2167 3
999 4741 4
3769 298 5
2551 1577 6
2837 3543 7
1599 3275 8
1634 4648 9
1651 4214 10
1137 1450 11
237 1659 12
2349 458 13
163 1265 14
2274 1704 15
3716 4656 16
4347 3548 17
2571 733 18
3968 2253 19
3746 4353 20
4098 1233 21
4662 3266 22
1410 4567 23
2732 1536 24
1172 2543 25
424 4288 26
1819 3685 27
2996 4832 28
3061 3080 29
599 727 30
2799 4283 31
1620 3276 32
3177 4007 33
1458 212 34
841 4897 35
4009 3413 36
1179 1099 37
3089 681 38
4764 341 39
1990 231 40
2585 4304 41
657 1772 42
296 2592 43
682 2606 44
2631 3551 45
1487 660 46
3778 1139 47
386 4823 48
2637 1208 49
2529 1314 50
2611 3210 51
1421 948 52
3380 474 53
3313 1228 54
1517 2412 55
74 2522 56
2177 1196 57
576 4410 58
614 434 59
1986 2001 60
2970 1316 61
2088 342 62
2936 3384 63
2898 837 64
4982 4539 65
3055 4831 66
3741 4113 67
4223 3990 68
4518 3251 69
3028 1349 70
2124 4764 71
1803 454 72
843 1321 73
294 1788 74
3232 1529 75
3965 3468 76
3297 2089 77
527 3340 78
766 523 79
4891 1058 80
4762 271 81
4637 766 82
3420 2874 83
53 2240 84
2006 1363 85
1344 1218 86
3626 559 87
1337 2507 88
3846 4638 89
1040 3978 90
4240 3229 91
17 738 92
3636 665 93
2266 2942 94
4341 4749 95
3319 1353 96
4570 2605 97
551 2931 98
3264 900 99
741 3432 100
4222 868 101
1458 4858 102
4603 2272 103
1324 4451 104
3004 3133 105
2835 2255 106
4449 283 107
4286 1627 108
438 2042 109
167 886 110
36 300 111
782 3024 112
1624 1531 113
2088 3553 114
631 3442 115
4970 4323 116
3605 2984 117
1959 86 118
4745 4976 119
3334 3405 120
1723 1838 121
279 664 122
3532 3875 123
2148 2832 124
2647 2573 125
1317 942 126
3252 1025 127
2575 1673 128
4380 2125 129
3297 4310 130
562 2334 131
1941 4060 132
2513 3901 133
761 885 134
4067 3513 135
608 3634 136
1128 3176 137
4094 2977 138
4281 2004 139
684 2642 140
250 2230 141
3444 3525 142
530 1569 143
1464 1667 144
1608 1264 145
3264 4555 146
2314 2482 147
2694 4456 148
2928 803 149
944 1679 150
1206 3897 151
2696 206 152
4176 2391 153
3189 1062 154
2749 1575 155
834 3272 156
125 2724 157
40 680 158
693 2867 159
1029 4065 160
3305 3429 161
3144 919 162
1167 497 163
3846 1832 164
866 4723 165
123 3416 166
1807 2920 167
1868 3154 168
3615 1806 169
476 189 170
12 3850 171
1799 3191 172
3146 2168 173
2095 703 174
301 2498 175
3986 4803 176
2894 659 177
2970 1084 178
4941 2845 179
1526 4463 180
1198 1157 181
2377 4092 182
4136 2035 183
1243 3374 184
1723 2289 185
1255 3946 186
4327 3200 187
4637 4294 188
4108 611 189
258 923 190
3540 2598 191
1871 1651 192
4231 4601 193
2257 4990 194
75 2623 195
599 1519 196
3532 2318 197
1116 4629 198
3189 1517 199
3627 1546 200
1608 2641 1
2341 3234 2
2338 2748 3
3994 608 4
4797 69 5
893 815 6
359 1220 7
3614 3313 8
4004 555 9
2088 2895 10
1825 2244 11
2881 281 12
396 3159 13
734 2258 14
1689 2429 15
33 2137 16
292 3500 17
1073 1038 18
955 3550 19
2499 1986 20
2022 2862 21
832 2484 22
1438 4886 23
999 772 24
1852 1809 25
3807 427 26
4108 1677 27
1294 4139 28
3038 2827 29
2513 1734 30
4350 3472 31
287 3498 32
706 1670 33
2013 3118 34
4168 1306 35
4883 1440 36
3063 150 37
3470 4460 38
1737 2175 39
3700 3242 40
4779 4442 41
869 246 42
2981 15 43
954 2506 44
609 4892 45
4587 1080 46
4930 5000 47
3214 1980 48
1606 3236 49
2758 1023 50
1049 2648 51
493 4032 52
4411 4692 53
4356 1169 54
5 3328 55
2289 3213 56
2388 110 57
2683 4050 58
1090 1292 59
1649 3111 60
801 3131 61
2577 2737 62
3097 2612 63
3581 4546 64
821 1854 65
2023 995 66
4156 113 67
3212 4783 68
4854 3112 69
3399 1658 70
2369 3730 71
883 2771 72
4452 4964 73
3769 279 74
1099 1720 75
1852 598 76
4240 4210 77
4336 3515 78
1986 3971 79
1753 1762 80
1275 4887 81
2529 2751 82
418 448 83
1544 3465 84
1172 1317 85
3544 4812 86
2325 581 87
428 693 88
2338 3960 89
4929 3433 90
3750 4006 91
2945 2772 92
2369 1795 93
1834 4515 94
4954 3734 95
2908 643 96
2236 723 97
432 1083 98
3089 3166 99
4271 1995 100
124 3363 101
720 331 102
4330 3350 103
974 4787 104
1384 3667 105
3386 4186 106
307 642 107
2177 230 108
2024 1654 109
1615 4770 110
27 3307 111
3488 2934 112
923 3090 113
55 1152 114
1826 478 115
1875 3026 116
518 4972 117
2164 1151 118
4654 753 119
2011 1555 120
4142 2423 121
2890 3603 122
4902 191 123
4978 658 124
4024 2291 125
1118 3395 126
4338 1866 127
4216 1862 128
4607 4660 129
3829 2935 130
1547 4052 131
185 1810 132
1454 2140 133
4352 3916 134
1390 4368 135
457 4621 136
3488 3259 137
604 2554 138
4221 4595 139
4027 2014 140
2478 2897 141
4377 3104 142
1789 5 143
913 677 144
4027 1590 145
1419 3399 146
3375 2343 147
3693 3186 148
4926 3309 149
691 842 150
1624 1460 151
2370 203 152
791 1865 153
3543 4989 154
2790 4672 155
876 767 156
1725 2898 157
3584 2441 158
3005 3256 159
82 1318 160
886 4133 161
2814 3476 162
3283 912 163
2729 1448 164
2044 4650 165
2461 1741 166
3556 3022 167
1432 1170 168
1074 3175 169
3991 1270 170
3104 1683 171
1244 2689 172
2960 2943 173
3926 3727 174
4054 2739 175
1529 4941 176
549 4693 177
122 1324 178
1158 3335 179
1608 530 180
2818 2876 181
3225 1940 182
2941 2406 183
387 1935 184
3565 3827 185
1892 1881 186
1517 4231 187
1173 482 188
3304 1389 189
93 3693 190
759 2671 191
3872 2644 192
1786 1557 193
1874 1239 194
3563 4155 195
1270 3211 196
2498 4036 197
615 3338 198
2807 4792 199
1136 4097 200
1124 466 1
1834 628 2
3011 4664 3
2459 253 4
2451 1120 5
1708 4301 6
1855 3512 7
3592 4466 8
4145 2424 9
475 1755 10
898 4015 11
2323 1060 12
969 1612 13
3121 195 14
4769 3167 15
1156 4545 16
1097 1656 17
1181 603 18
4404 3347 19
2377 1894 20
1349 3422 21
1124 1096 22
1493 4096 23
4423 375 24
527 2921 25
2994 1957 26
4204 2524 27
1632 1820 28
490 4598 29
2060 2448 30
1116 1674 31
3374 2595 32
33 592 33
1357 339 34
2410 2013 35
1871 2704 36
3471 3015 37
194 3052 38
4679 3325 39
3898 222 40
2473 329 41
788 1030 42
833 3575 43
1345 2136 44
1760 3069 45
4551 1469 46
1375 4386 47
1235 4146 48
1551 1183 49
3164 2378 50
2194 3283 51
1345 4164 52
2741 3835 53
131 975 54
3600 3083 55
3835 2859 56
4814 835 57
366 2379 58
4715 3031 59
553 2531 60
173 4537 61
2964 3741 62
2051 4159 63
2233 783 64
3344 1807 65
4326 2346 66
1597 430 67
984 1498 68
1405 3237 69
3530 2409 70
4371 2582 71
4955 142 72
1497 828 73
2351 54 74
2002 4667 75
3392 4997 76
2720 2784 77
3669 4387 78
3948 686 79
1940 2796 80
1860 3145 81
4991 351 82
3377 1044 83
1550 13 84
3730 2568 85
2523 2647 86
4836 652 87
2137 2854 88
3270 724 89
2758 4930 90
2369 3319 91
1345 4392 92
4132 3445 93
1666 3681 94
2449 3580 95
3024 3113 96
3588 3114 97
4523 4012 98
77 4125 99
3829 3100 100
1011 2860 101
4508 1093 102
3461 4082 103
1811 2154 104
3264 2691 105
1036 119 106
2779 3930 107
2714 2853 108
3155 781 109
1106 1822 110
389 143 111
3445 3654 112
2347 3452 113
1795 4931 114
1807 3626 115
4987 201 116
3649 790 117
3528 2010 118
487 1405 119
2421 1436 120
3648 4173 121
184 2609 122
4325 1614 123
479 2087 124
943 4597 125
1127 1812 126
1807 991 127
4516 891 128
281 1310 129
4565 2081 130
1786 3838 131
2604 1001 132
98 613 133
212 4960 134
3179 3915 135
850 4351 136
1554 2059 137
3580 4072 138
3469 2257 139
4650 3351 140
383 2110 141
733 3735 142
1957 1431 143
2281 2535 144
1752 4209 145
4411 1760 146
1469 1816 147
237 887 148
3361 1501 149
102 4256 150
1795 3349 151
1041 3765 152
2675 4676 153
511 3824 154
2917 1006 155
1299 2979 156
358 2426 157
2451 961 158
4444 1649 159
2293 3002 160
2437 4949 161
4375 1055 162
1963 4534 163
2668 2307 164
1702 3848 165
1548 354 166
3609 4853 167
543 3136 168
2530 3099 169
2304 917 170
693 2228 171
4077 4338 172
353 1188 173
1979 3926 174
2881 1599 175
2872 4136 176
4201 3787 177
2138 3511 178
2236 2054 179
637 2968 180
1902 704 181
344 867 182
3881 3037 183
167 4276 184
3947 3238 185
4018 1726 186
515 4518 187
500 1729 188
2327 4987 189
3785 1154 190
1912 4247 191
2078 1647 192
2862 421 193
4768 3931 194
1017 3872 195
2607 4634 196
820 84 197
3045 4029 198
1879 1017 199
521 3456 200
1317 2824 1
3901 100 2
581 284 3
1217 4560 4
358 1725 5
1040 2162 6
2222 3866 7
1678 736 8
2021 737 9
4962 432 10
1889 117 11
1807 4289 12
1731 3448 13
498 1367 14
849 4721 15
2872 3640 16
4745 3062 17
2656 582 18
4985 4502 19
3162 2690 20
2459 2148 21
2148 3820 22
946 3801 23
1557 4884 24
3357 544 25
4687 1437 26
904 2907 27
1721 4399 28
255 4771 29
163 2052 30
2162 3323 31
1426 4565 32
1834 499 33
1872 1802 34
4744 4955 35
3189 1374 36
4063 535 37
2752 2112 38
2318 1322 39
4009 1562 40
926 831 41
1483 4448 42
766 3355 43
1541 1114 44
3720 1412 45
2734 1892 46
2491 3327 47
368 309 48
4483 1981 49
3864 3457 50
4990 2288 51
1778 400 52
1066 1563 53
3914 3859 54
4919 3611 55
4393 1202 56
1005 2553 57
3073 2326 58
2714 3811 59
2156 3941 60
4446 1081 61
2655 2716 62
390 2477 63
1513 4610 64
2482 649 65
545 3807 66
1066 370 67
2109 4027 68
932 779 69
366 3263 70
2741 676 71
556 2430 72
4182 651 73
1728 3269 74
2911 3934 75
954 1382 76
3763 4548 77
2177 940 78
1096 1173 79
3837 4718 80
4830 70 81
4542 590 82
4317 4332 83
2412 378 84
3229 3292 85
3043 860 86
493 3818 87
4197 2650 88
3150 2286 89
3215 1917 90
1992 2436 91
1712 4603 92
2054 2621 93
3890 4798 94
2891 2225 95
307 3021 96
4462 4828 97
3811 4507 98
1353 543 99
1488 103 100
3761 3690 101
3409 4628 102
3493 2547 103
473 4506 104
3476 2030 105
711 3860 106
1423 2954 107
1133 3106 108
307 213 109
2908 541 110
1099 1678 111
335 4690 112
2878 3487 113
3464 4389 114
757 1702 115
825 1189 116
3201 2078 117
1559 275 118
200 3955 119
2551 4420 120
2492 2666 121
864 509 122
2151 1521 123
3859 1983 124
3498 4061 125
4462 1732 126
3741 4836 127
4054 4084 128
890 1479 129
3049 4183 130
3882 1631 131
3392 826 132
1795 465 133
715 4127 134
4954 1976 135
287 1619 136
760 2077 137
1107 428 138
3100 4355 139
484 4431 140
3983 1254 141
3900 2909 142
3966 4553 143
1388 1574 144
4269 3431 145
992 1515 146
4093 2734 147
3032 249 148
4081 1605 149
637 28 150
2768 1830 151
3033 3226 152
1334 2510 153
1537 363 154
1796 3562 155
2157 1919 156
490 2559 157
2214 512 158
4421 1890 159
987 4765 160
3172 4734 161
782 2664 162
1062 4678 163
4865 4412 164
3035 4516 165
4371 2455 166
3886 1824 167
3304 859 168
796 3638 169
2124 2572 170
4445 44 171
2450 2714 172
4974 2888 173
4502 2978 174
3301 2496 175
383 4154 176
4602 626 177
3481 1927 178
599 2799 179
3286 933 180
917 4118 181
2981 2731 182
352 3253 183
669 1918 184
3113 4315 185
2396 3768 186
1875 4891 187
3933 4081 188
3944 2849 189
553 4620 190
2 4396 191
2154 4063 192
3469 1874 193
132 4825 194
1108 4135 195
4830 4838 196
2371 3588 197
899 3637 198
2002 2094 199
4377 4408 200
3349 452 1
3893 748 2
2400 217 3
1258 4140 4
2113 1385 5
393 2983 6
1465 2362 7
1644 4999 8
2602 2442 9
1894 2069 10
1591 4804 11
2555 4704 12
518 287 13
4546 1833 14
163 4866 15
4248 3795 16
2929 3932 17
4553 2158 18
1770 397 19
161 1131 20
4764 1311 21
1176 3244 22
1548 1638 23
187 3936 24
3409 1444 25
2996 2300 26
3999 2322 27
4963 4239 28
1697 34 29
4787 1984 30
1600 1618 31
4920 882 32
2082 3135 33
1127 4166 34
3298 4576 35
2858 1266 36
3280 1279 37
3696 1072 38
1089 4885 39
366 3047 40
96 4273 41
695 2913 42
4492 3165 43
2211 1014 44
1535 480 45
3411 3308 46
51 4774 47
2409 1589 48
4568 4684 49
1809 1097 50
964 1177 51
4265 675 52
1632 1195 53
3192 1433 54
2017 3212 55
1320 1727 56
543 3887 57
1018 558 58
4761 1 59
3627 314 60
1758 1106 61
2719 4611 62
2054 2970 63
1353 3680 64
132 3775 65
3146 2521 66
2447 4137 67
4265 1143 68
4668 2883 69
3063 574 70
84 3702 71
4519 4340 72
3540 2566 73
3094 4222 74
1739 2808 75
363 4203 76
4008 3871 77
62 3652 78
2655 2487 79
1830 2419 80
4568 2601 81
2047 3493 82
4744 3769 83
4915 953 84
4616 232 85
2881 1329 86
3864 4859 87
1891 2242 88
1243 1535 89
976 3410 90
4540 418 91
1560 3842 92
4117 542 93
2173 619 94
4012 3535 95
2680 3895 96
2994 134 97
4225 2495 98
2233 1032 99
4194 4719 100
4594 3671 101
940 208 102
2861 1800 103
3864 2469 104
328 4769 105
4523 1516 106
966 3663 107
283 3087 108
3663 1434 109
59 3007 110
2627 2399 111
2382 4039 112
4637 90 113
3307 1906 114
1205 3397 115
2620 2394 116
2714 1778 117
832 4366 118
2081 536 119
122 1733 120
2596 2508 121
2064 21 122
4093 4481 123
1273 4114 124
4092 3669 125
2478 2481 126
1859 1723 127
2512 889 128
1260 414 129
3681 3538 130
4281 4110 131
2342 2099 132
1439 1948 133
1872 2178 134
1852 302 135
377 1192 136
1795 4132 137
1453 4041 138
2351 3463 139
1855 2408 140
2157 2505 141
2543 2926 142
3207 4477 143
2588 3067 144
1133 836 145
997 4042 146
4214 2324 147
1249 3868 148
185 4824 149
4641 97 150
1465 3478 151
2388 4248 152
2858 911 153
3663 1477 154
2580 3101 155
4162 2265 156
1211 3496 157
4982 4899 158
3006 2166 159
1250 2090 160
2185 1864 161
3576 2473 162
4886 4489 163
4234 252 164
1217 1432 165
4961 3151 166
242 3949 167
2637 1420 168
2568 3728 169
4373 129 170
3496 4900 171
2197 1024 172
4248 2413 173
4821 4073 174
4904 811 175
3534 3619 176
2715 4708 177
493 3506 178
3982 4618 179
1241 3928 180
1963 4262 181
3334 4722 182
2357 149 183
1880 4791 184
2134 1350 185
256 707 186
3132 2085 187
3107 3695 188
1710 2953 189
2407 153 190
3604 4280 191
151 593 192
2390 2674 193
2748 3905 194
3415 2945 195
4725 678 196
955 3910 197
3150 4333 198
2744 3754 199
1412 3705 200
1028 468 1
2054 4421 2
4387 3088 3
3536 1970 4
2849 4827 5
2679 2392 6
4879 4361 7
4902 2815 8
1619 4737 9
3014 4680 10
449 2352 11
1736 2930 12
791 144 13
1823 2594 14
3308 1897 15
3829 2576 16
2723 3233 17
1231 2036 18
2827 3302 19
4052 4335 20
4432 2401 21
2460 671 22
560 127 23
4216 1400 24
3361 3344 25
895 391 26
1530 379 27
4974 382 28
514 956 29
4822 2551 30
4919 1887 31
4778 4414 32
964 2474 33
1051 1696 34
1308 2325 35
4373 4584 36
2543 2657 37
328 1291 38
812 1749 39
2868 3849 40
27 3265 41
2306 717 42
2026 3816 43
2566 2266 44
1187 734 45
4769 60 46
273 667 47
1116 2176 48
1547 1615 49
3319 4637 50
3656 2951 51
258 3020 52
4262 4424 53
294 3563 54
1865 3747 55
3408 2214 56
4996 4215 57
2836 773 58
1353 1763 59
2095 1315 60
2883 4790 61
4293 1585 62
1141 4236 63
1455 2187 64
4798 64 65
746 3516 66
3354 4794 67
4350 4914 68
3698 4169 69
1957 2620 70
2907 780 71
3510 1341 72
1630 449 73
2812 4104 74
3245 416 75
2856 4103 76
4542 1891 77
2523 863 78
4698 4758 79
927 3758 80
695 1242 81
4543 2624 82
2091 3782 83
4438 3806 84
344 1613 85
2418 1968 86
1517 2811 87
2752 2451 88
1374 3653 89
4792 441 90
1747 3857 91
2556 1835 92
276 3888 93
487 4033 94
3031 4261 95
626 4924 96
1458 3595 97
490 3876 98
1083 1502 99
2996 66 100
2581 502 101
1541 460 102
4260 2639 103
2039 4591 104
1412 4986 105
2032 3261 106
1031 2502 107
2245 1042 108
4970 4865 109
4145 3557 110
2619 2133 111
1113 3467 112
4493 4049 113
324 3677 114
1412 4348 115
1872 4483 116
4039 1962 117
709 3296 118
4342 3598 119
4308 1046 120
2375 1401 121
3094 491 122
4121 2774 123
2426 3582 124
4377 2782 125
3461 2040 126
971 3891 127
3802 2277 128
1600 33 129
3323 4485 130
1061 798 131
3914 4569 132
4473 4948 133
4133 193 134
1940 14 135
1852 4962 136
3778 4760 137
4347 631 138
3933 1492 139
3429 943 140
4392 2456 141
397 106 142
2611 3628 143
3628 1813 144
2359 2070 145
3233 1713 146
3765 2116 147
3627 4134 148
3928 4538 149
955 4631 150
3260 2407 151
1345 471 152
4160 4661 153
3465 4472 154
1758 4849 155
913 1686 156
1479 983 157
1790 288 158
4408 2528 159
1678 1158 160
3072 2381 161
745 3079 162
3887 1465 163
782 1162 164
1016 4710 165
3677 4535 166
4456 2798 167
2144 133 168
3378 1695 169
3730 1301 170
850 3032 171
723 2645 172
1801 1459 173
2323 527 174
1814 1212 175
1879 1387 176
3124 600 177
2605 3854 178
1956 3992 179
3914 1620 180
140 1397 181
3143 4305 182
2257 3574 183
3313 1274 184
4262 1907 185
2852 4907 186
4902 223 187
4094 1278 188
3553 1511 189
4431 170 190
4709 2368 191
4486 4467 192
379 3770 193
1517 2044 194
3425 3902 195
816 122 196
1966 4259 197
1729 3585 198
2937 1847 199
581 4878 200
1017 4994 1
1711 3984 2
3730 4095 3
3810 1570 4
4536 1119 5
183 4325 6
4875 470 7
2568 2193 8
3151 4324 9
4231 3157 10
4562 578 11
4928 3539 12
3307 4245 13
3327 1181 14
4086 270 15
198 3858 16
1700 3972 17
4206 2144 18
156 4551 19
1343 4116 20
2571 1020 21
4861 3306 22
4219 2788 23
1202 2008 24
4093 136 25
613 3526 26
2720 4590 27
2410 2275 28
763 4278 29
2489 3590 30
1983 2948 31
3807 190 32
4523 4422 33
1198 4206 34
3220 4854 35
3539 1215 36
1316 1671 37
4756 355 38
3027 2465 39
512 2610 40
2002 2086 41
2214 1293 42
1869 4275 43
727 3064 44
3168 4912 45
2534 2927 46
1926 4430 47
1265 3483 48
4897 2519 49
4849 2509 50
1064 4633 51
1451 2631 52
82 3003 53
4825 4198 54
917 848 55
3715 383 56
4448 3172 57
1375 3793 58
260 2220 59
3367 3027 60
591 4088 61
4421 3718 62
4084 1601 63
2571 4048 64
3977 433 65
4373 1782 66
3961 4343 67
3524 3304 68
2945 4689 69
366 894 70
1585 2080 71
937 2905 72
4146 2420 73
1694 1359 74
4162 634 75
402 2096 76
137 1900 77
1636 200 78
755 2385 79
2182 2202 80
2757 771 81
3000 2249 82
695 308 83
3864 3227 84
3103 115 85
22 962 86
2759 1304 87
311 6 88
4052 605 89
3578 2958 90
459 3665 91
1889 2134 92
1459 424 93
152 4345 94
823 1153 95
3801 3303 96
2549 2109 97
3660 1552 98
3802 3517 99
3960 3179 100
1752 3578 101
4162 2794 102
2933 102 103
260 2101 104
4225 3845 105
2472 3861 106
2153 4023 107
4481 4179 108
3746 3005 109
4831 96 110
2476 782 111
2622 4302 112
417 2683 113
1329 1621 114
3006 789 115
2150 118 116
3741 2292 117
4219 622 118
3741 1258 119
4360 2195 120
664 4635 121
368 436 122
2022 549 123
605 1495 124
4828 3738 125
1322 3608 126
339 2468 127
2205 1840 128
200 3202 129
3232 1474 130
2134 3453 131
4421 3613 132
3239 4845 133
2235 4241 134
3714 1178 135
2723 2491 136
625 2097 137
2915 3354 138
4720 1922 139
1229 4121 140
2853 4521 141
2443 2676 142
755 2823 143
518 3805 144
3076 2988 145
1337 971 146
1397 2980 147
2505 1883 148
2499 4271 149
3004 3502 150
3035 1604 151
2854 2834 152
2530 1518 153
659 439 154
1128 128 155
1859 2586 156
495 575 157
2091 1675 158
2730 248 159
3484 3081 160
711 3010 161
4673 2702 162
2450 2135 163
3573 925 164
3626 545 165
2040 3437 166
1107 2276 167
1331 82 168
4959 1012 169
360 3324 170
457 360 171
3156 636 172
2536 2725 173
1318 4450 174
418 3593 175
3835 699 176
3945 906 177
2731 708 178
196 155 179
2734 1834 180
292 4102 181
4929 1790 182
2650 1785 183
4643 4272 184
185 3839 185
964 1811 186
1568 68 187
3575 785 188
106 909 189
2167 2924 190
4469 1130 191
642 3337 192
2700 3944 193
3929 348 194
4985 1507 195
1085 507 196
274 1872 197
3151 625 198
4932 2857 199
965 4207 200
782 4204 1
4650 1771 2
266 2538 3
3429 3670 4
1135 3968 5
2994 3092 6
2723 4735 7
1681 2098 8
1622 4733 9
4520 3091 10
2970 2659 11
4648 2747 12
1940 1814 13
35 3381 14
3096 972 15
3329 3394 16
4003 1770 17
920 1205 18
2356 3710 19
2233 4080 20
591 1041 21
4199 2680 22
3944 4268 23
2872 553 24
3531 2260 25
888 3856 26
4363 2221 27
3169 2179 28
467 2651 29
3042 3662 30
572 337 31
1116 601 32
1033 2236 33
1438 816 34
4824 2483 35
421 4993 36
1854 162 37
1345 2056 38
2236 4286 39
1465 526 40
3764 4357 41
2275 3155 42
382 2471 43
4982 4775 44
1794 1584 45
3772 214 46
4306 3579 47
243 2900 48
2814 1871 49
2141 2989 50
3409 4743 51
1597 3803 52
1880 689 53
2751 4360 54
4643 1537 55
3769 1243 56
2505 3682 57
1424 219 58
2119 3773 59
4211 87 60
3380 2778 61
2835 3358 62
534 802 63
2668 1617 64
3313 1070 65
2636 2599 66
2158 1597 67
628 1200 68
618 647 69
2711 3920 70
1847 467 71
2102 4844 72
2414 744 73
602 4334 74
4409 1249 75
155 1905 76
3004 522 77
643 1719 78
2824 1743 79
2245 1990 80
2617 4923 81
2990 2813 82
1666 743 83
4493 2422 84
3220 2962 85
1214 2944 86
490 1331 87
328 4517 88
1834 4429 89
2311 1156 90
701 2285 91
521 4427 92
4371 4471 93
3329 1443 94
617 1559 95
4555 3545 96
3777 1378 97
3353 4457 98
3760 1092 99
4070 2063 100
1567 3150 101
457 4258 102
3996 3262 103
1874 4071 104
4698 1553 105
4083 4354 106
4819 3333 107
2365 2418 108
1002 2350 109
4318 870 110
1352 4257 111
2150 362 112
4298 4359 113
3336 291 114
3887 1075 115
3766 4034 116
4450 4921 117
3225 2848 118
3912 2490 119
1108 4861 120
3227 2578 121
4620 964 122
1489 3913 123
4122 1404 124
301 1687 125
156 1235 126
2811 4219 127
2498 483 128
3465 1206 129
1492 2497 130
3423 3169 131
2442 1087 132
1314 3764 133
4235 3958 134
4627 4619 135
3313 4384 136
1284 235 137
142 3893 138
2945 3877 139
3035 3177 140
2996 2513 141
4375 3601 142
2721 2281 143
2549 4880 144
4727 92 145
3349 2247 146
2643 3967 147
3919 3129 148
2170 1141 149
3395 4726 150
4124 4147 151
607 2946 152
1459 1496 153
2448 4544 154
523 4120 155
2513 4077 156
664 2801 157
3399 1471 158
1912 4201 159
3319 1869 160
3261 954 161
2769 1657 162
2472 1073 163
4206 3289 164
757 1066 165
4758 2411 166
4770 2533 167
4478 3683 168
3415 450 169
1525 3371 170
1347 3438 171
2320 2263 172
2591 1111 173
4904 1693 174
447 2703 175
2729 4800 176
2749 1994 177
2035 98 178
1332 4291 179
2203 4616 180
4916 408 181
3773 2367 182
4915 3376 183
366 161 184
62 4035 185
1459 4602 186
2741 4216 187
3400 2762 188
2694 702 189
3977 979 190
1130 4480 191
2031 2604 192
1892 1626 193
2896 3966 194
675 4395 195
3942 2856 196
3498 243 197
4700 4510 198
3964 2395 199
81 1581 200
4768 4411 1
4979 1548 2
3868 3948 3
3164 4578 4
399 1751 5
4346 2181 6
4523 1893 7
3146 3282 8
3113 4406 9
2322 510 10
4920 4850 11
2896 4809 12
390 4075 13
57 111 14
4248 3115 15
2854 616 16
4019 2963 17
559 445 18
186 3260 19
4760 1003 20
499 1979 21
4622 1841 22
2829 3474 23
1458 336 24
3939 2574 25
635 786 26
4568 2836 27
3766 2858 28
2474 1371 29
289 4336 30
2390 3798 31
2563 4669 32
2221 4968 33
4280 3742 34
3769 38 35
3317 4913 36
4312 1445 37
4836 4158 38
4550 896 39
2510 3462 40
1857 3220 41
4479 2557 42
3577 4636 43
4231 4377 44
1966 88 45
3942 932 46
4451 4813 47
3652 415 48
4395 245 49
3679 4252 50
393 670 51
1600 3084 52
1326 3098 53
1109 47 54
1090 985 55
4832 2663 56
4312 2916 57
2257 1961 58
1114 2608 59
2401 2226 60
2597 80 61
2342 1796 62
2693 4057 63
3944 907 64
2894 4687 65
4826 3725 66
4157 216 67
4758 579 68
4709 4363 69
2322 687 70
2212 2514 71
2936 1825 72
192 4877 73
1075 1849 74
8 639 75
4917 1328 76
1004 2736 77
3420 4514 78
412 1856 79
1912 2580 80
2919 1593 81
2228 2634 82
4828 2380 83
366 872 84
2116 3130 85
145 3205 86
471 2500 87
623 2957 88
156 955 89
797 2613 90
130 263 91
2541 487 92
4558 3196 93
2898 2218 94
151 823 95
3968 1850 96
4767 3194 97
4555 4379 98
1459 2349 99
1465 720 100
489 1716 101
1367 3723 102
118 1722 103
417 3965 104
3306 10 105
3115 3547 106
4206 1694 107
4589 338 108
840 1425 109
3316 2627 110
123 1543 111
2333 1920 112
954 2149 113
3994 1954 114
3280 4688 115
3263 4624 116
2970 366 117
3058 4559 118
4402 4394 119
3929 3689 120
1927 2445 121
2628 2678 122
3991 4208 123
3859 3684 124
1999 294 125
1464 1065 126
4449 573 127
3111 3491 128
4428 869 129
3679 3348 130
3263 1037 131
4246 4644 132
4967 4756 133
2927 3137 134
1060 3401 135
4970 775 136
1890 4109 137
2233 3138 138
2996 706 139
307 1898 140
3487 504 141
4087 3147 142
3348 311 143
878 768 144
1652 3947 145
3061 2517 146
2723 1758 147
373 2224 148
3693 4175 149
2157 3360 150
1816 2590 151
3678 1493 152
543 4805 153
224 4658 154
3165 2933 155
3647 1019 156
1491 895 157
4347 2884 158
4010 1878 159
434 4895 160
1718 4697 161
485 4499 162
3957 3182 163
3470 2371 164
2056 2150 165
2776 3149 166
2696 4382 167
829 2393 168
1874 2787 169
4567 4191 170
4537 1312 171
4297 1499 172
2277 4038 173
707 4344 174
2054 4740 175
4161 2629 176
4980 3173 177
944 3594 178
3124 714 179
287 4821 180
4586 1047 181
1499 1048 182
2473 914 183
3318 4582 184
163 349 185
3244 1773 186
3955 620 187
1419 2516 188
814 4547 189
1641 1684 190
119 469 191
1783 1117 192
955 1004 193
3399 876 194
4020 4589 195
1983 1857 196
709 1705 197
4348 3503 198
4377 4218 199
4711 3687 200
3797 2941 1
281 4581 2
4756 4105 3
4452 2034 4
186 4663 5
354 1467 6
1522 4906 7
475 1342 8
4976 1283 9
4240 2872 10
2526 350 11
981 653 12
3296 4959 13
3381 2923 14
3286 2328 15
2106 167 16
4160 3761 17
900 2966 18
1921 1899 19
3229 156 20
1745 3322 21
1491 814 22
1460 4172 23
4423 2584 24
107 2786 25
3736 3514 26
1855 3480 27
3768 4083 28
433 3317 29
4776 1171 30
1983 3034 31
923 62 32
3069 3231 33
1975 3178 34
3263 4872 35
362 3195 36
4925 475 37
2997 280 38
2118 464 39
3944 3943 40
3967 2330 41
181 1290 42
1472 4040 43
1089 4167 44
1893 420 45
3206 3664 46
2604 45 47
1275 3097 48
4350 2315 49
2705 2132 50
2017 4069 51
3647 3420 52
398 1639 53
1520 4761 54
3804 1798 55
3299 990 56
176 3409 57
2476 3071 58
1581 2485 59
2112 4784 60
3664 718 61
1235 576 62
2245 3497 63
2749 1121 64
1871 4776 65
3667 3904 66
2661 3455 67
3582 4404 68
2384 2447 69
4286 1819 70
2694 1373 71
2178 453 72
1322 2569 73
992 4227 74
4083 1610 75
3864 2529 76
1296 2750 77
883 1607 78
1487 2212 79
129 2518 80
1783 1524 81
3509 4903 82
4947 3829 83
4063 1525 84
570 4946 85
2157 2804 86
3117 529 87
3281 2865 88
2531 4142 89
2607 1868 90
3507 4700 91
273 684 92
1653 4432 93
2501 552 94
2353 2628 95
99 864 96
1986 4101 97
660 4840 98
397 3985 99
2359 632 100
3573 829 101
4311 2183 102
2299 1582 103
468 2373 104
1387 2891 105
1699 1718 106
2600 595 107
3657 3862 108
830 2160 109
1205 2556 110
3248 776 111
3197 1977 112
2497 1034 113
4827 2997 114
1947 2597 115
313 3076 116
2457 1915 117
2861 3406 118
64 2626 119
4225 3423 120
4561 2410 121
4077 228 122
1819 1949 123
4770 123 124
3704 1107 125
4347 2023 126
1089 3997 127
3480 4593 128
4809 1357 129
1814 2912 130
2868 4575 131
3532 185 132
1517 3914 133
3914 3821 134
3649 3146 135
1353 3874 136
1244 1932 137
4930 4462 138
3347 3288 139
1603 1358 140
4634 4091 141
4982 3851 142
3921 650 143
3719 4932 144
4351 3616 145
1696 846 146
4715 435 147
201 2662 148
3014 236 149
2995 335 150
4523 1391 151
3067 2184 152
3584 85 153
2872 1345 154
3839 2444 155
3449 3285 156
2951 1676 157
4523 3927 158
3135 3454 159
2137 1113 160
1502 701 161
1019 2530 162
344 2658 163
3051 2722 164
2808 844 165
305 3561 166
1513 1237 167
1143 1482 168
1986 4979 169
3675 3389 170
3292 1958 171
1577 4228 172
2922 1439 173
914 892 174
1211 1879 175
1539 2159 176
1090 1886 177
3498 1422 178
4432 4552 179
4317 2105 180
918 4064 181
1760 4053 182
1801 728 183
3532 1484 184
541 3524 185
1963 1296 186
2322 3421 187
3596 3587 188
3797 3215 189
486 4808 190
1211 2638 191
2134 711 192
4093 2607 193
1458 4625 194
11 4253 195
264 1257 196
4231 591 197
4048 769 198
2000 1000 199
3470 1805 200
3178 4401 1
2741 4744 2
287 638 3
1062 1033 4
479 2973 5
4429 2333 6
2859 2964 7
2470 3592 8
3390 1664 9
1712 2851 10
3294 746 11
2897 2309 12
3677 845 13
1518 322 14
2335 1668 15
1964 4957 16
2323 109 17
3362 4232 18
4550 3505 19
2757 4508 20
2198 2058 21
3673 2341 22
3840 4752 23
91 788 24
543 1595 25
755 1739 26
1919 1472 27
4427 2358 28
989 1394 29
220 1180 30
482 2754 31
1441 3312 32
623 3365 33
2981 4943 34
1308 4391 35
3771 982 36
10 566 37
359 1375 38
2478 921 39
4769 2131 40
3432 2037 41
1019 3766 42
1464 1550 43
3504 4572 44
782 411 45
1660 1473 46
218 386 47
4271 1624 48
3734 1787 49
2145 3980 50
1894 1549 51
1457 4405 52
4441 4574 53
11 2698 54
2835 3641 55
3570 3509 56
2752 2719 57
4044 1831 58
3178 4196 59
656 2759 60
1328 1930 61
3316 3777 62
2859 1766 63
237 4936 64
3305 4607 65
4092 1384 66
4963 2293 67
2280 4732 68
1585 2138 69
2837 334 70
4915 1623 71
3163 629 72
3060 3383 73
1491 4883 74
772 1109 75
3620 2742 76
3043 2903 77
75 1845 78
2763 2821 79
3351 2830 80
1587 3660 81
3609 1061 82
4764 661 83
1391 1262 84
2383 1144 85
940 3206 86
4904 3635 87
1849 1110 88
2491 3116 89
3264 1036 90
4445 2777 91
3197 241 92
1798 2760 93
4979 721 94
2369 3647 95
3661 89 96
1422 1767 97
443 4279 98
939 4642 99
1137 2031 100
1768 4296 101
4778 3077 102
2369 1689 103
2664 4051 104
2399 3633 105
2705 437 106
1225 1369 107
1462 1776 108
2675 41 109
3932 3184 110
3519 3555 111
3989 2050 112
4622 3903 113
1083 4225 114
2145 1808 115
2311 562 116
2141 833 117
3528 4373 118
4072 4755 119
3424 3274 120
2556 224 121
3531 3844 122
3500 4843 123
4094 3852 124
2338 1888 125
3338 4927 126
2339 3694 127
1414 1319 128
3600 2567 129
4322 1193 130
2526 3847 131
791 1276 132
711 577 133
3394 37 134
307 3063 135
3244 3449 136
4145 761 137
4248 73 138
3098 443 139
999 3565 140
1862 4221 141
1591 2755 142
1162 2147 143
3788 4543 144
4392 173 145
4481 1505 146
1214 1972 147
3944 4244 148
2881 2994 149
4483 974 150
4626 3760 151
400 4916 152
4351 3688 153
316 873 154
2292 513 155
2836 1592 156
4397 856 157
15 1281 158
1540 1490 159
3872 2525 160
2607 152 161
4115 4352 162
1912 2076 163
2748 265 164
4210 194 165
791 2967 166
3628 2312 167
935 1583 168
4375 2870 169
3874 988 170
425 2882 171
438 3216 172
1601 2190 173
3095 1576 174
3297 4488 175
782 709 176
2134 3648 177
1781 1836 178
2671 1560 179
1967 3277 180
1832 668 181
76 2055 182
457 2675 183
1451 2121 184
1931 4320 185
1041 3239 186
4405 1545 187
4558 952 188
3317 426 189
1781 3890 190
553 3507 191
1291 303 192
1879 2802 193
82 4107 194
1375 998 195
3522 3831 196
3775 3812 197
2102 1603 198
2118 2308 199
4035 2949 200
409 3013 1
1022 2852 2
3647 2327 3
3609 4435 4
3725 874 5
2853 3162 6
1497 1074 7
3609 4079 8
1697 2270 9
161 2177 10
2518 3086 11
1494 4438 12
4457 1884 13
4504 1748 14
3062 3314 15
3138 1347 16
1054 1086 17
4804 1953 18
2020 2248 19
2618 2443 20
4452 4243 21
2044 1544 22
3524 2018 23
4216 3280 24
2162 2361 25
4056 4835 26
4462 3906 27
2811 4045 28
3835 4156 29
4234 4745 30
4093 1630 31
2054 2332 32
4586 630 33
311 2744 34
3344 695 35
4094 3721 36
2924 905 37
4160 3267 38
4954 1209 39
1496 1691 40
4190 3889 41
2935 4249 42
1231 3711 43
1742 2961 44
1162 269 45
4769 2211 46
4514 2709 47
3914 3469 48
305 4852 49
3313 399 50
3316 3743 51
4162 2728 52
857 913 53
1091 4730 54
4048 2299 55
4474 462 56
3730 368 57
4263 2769 58
2704 787 59
1033 3679 60
4964 26 61
2960 615 62
4897 4991 63
4924 1730 64
3427 3501 65
4912 3369 66
1936 2555 67
4822 2829 68
4849 674 69
1577 2011 70
3368 4465 71
3055 732 72
4162 4982 73
1648 2020 74
4111 4478 75
1353 2752 76
97 3499 77
791 4117 78
3615 765 79
2881 4440 80
3852 3527 81
2064 494 82
2936 2745 83
1983 770 84
4517 4711 85
1002 4675 86
2046 4010 87
888 1527 88
1847 627 89
173 3443 90
3182 493 91
612 4364 92
1880 4504 93
2881 4193 94
4745 3832 95
4234 4367 96
1245 4896 97
1811 1690 98
2524 4076 99
2647 2383 100
4645 1355 101
3741 641 102
2643 571 103
741 260 104
4546 4985 105
1464 2981 106
3425 2317 107
3840 3826 108
4687 3873 109
1526 1568 110
3465 3018 111
4954 4501 112
4994 2440 113
2466 3290 114
966 4298 115
4896 254 116
1811 4750 117
1501 2414 118
4453 1804 119
4715 1187 120
1176 2563 121
1547 4223 122
4729 3492 123
2601 3749 124
2832 374 125
532 588 126
4551 534 127
1834 151 128
176 3039 129
3626 2091 130
582 3504 131
1816 1542 132
2697 1303 133
2091 4837 134
185 2688 135
116 4654 136
2936 858 137
1884 4131 138
1469 4592 139
2277 941 140
3253 3714 141
3852 1168 142
2442 1410 143
1453 1203 144
4492 1764 145
4947 1963 146
373 1934 147
1106 4573 148
587 332 149
3244 447 150
893 2587 151
3609 168 152
3475 4608 153
4240 255 154
802 3411 155
1608 4666 156
673 1700 157
3063 4475 158
2665 4984 159
3055 2049 160
534 4194 161
587 4731 162
1255 4235 163
2236 1636 164
237 2180 165
4476 3602 166
3157 4781 167
931 2297 168
4377 242 169
4044 849 170
2042 568 171
3086 4498 172
3211 3041 173
3457 3794 174
2945 2570 175
2222 2844 176
3062 1184 177
4601 2768 178
2205 262 179
2384 3235 180
3393 4716 181
1019 2437 182
3626 821 183
2144 3649 184
787 2232 185
3000 2466 186
4223 4226 187
432 4004 188
4286 4047 189
4678 4651 190
2199 1105 191
3821 4434 192
2574 1392 193
1879 3042 194
1044 3412 195
2617 2231 196
1537 2682 197
3581 4297 198
359 1252 199
2580 3153 200
