3600 3600 200
3046 2355 1
1133 1747 2
2384 2661 3
1253 678 4
2060 104 5
772 915 6
2260 3088 7
1990 1265 8
660 2101 9
2889 2029 10
395 3181 11
1737 133 12
2626 1293 13
95 1415 14
3159 900 15
3533 2925 16
2733 872 17
2687 1048 18
1401 1992 19
958 2504 20
1177 590 21
1081 1061 22
2730 3485 23
252 1331 24
2201 1875 25
3448 824 26
56 1635 27
3088 2154 28
1970 2062 29
1791 421 30
1875 612 31
2595 978 32
1174 2129 33
2807 3264 34
615 1238 35
453 1003 36
939 3558 37
3448 1542 38
1715 1054 39
3408 1775 40
2086 947 41
1906 552 42
715 3308 43
144 3588 44
1729 2249 45
3563 1830 46
1733 3453 47
58 1401 48
1727 3122 49
1692 340 50
641 10 51
2537 1221 52
1906 3313 53
722 3238 54
54 2132 55
2334 39 56
1418 2800 57
3376 1097 58
1970 182 59
3171 2028 60
953 290 61
1176 3349 62
2994 2040 63
1479 912 64
732 2118 65
2409 524 66
263 895 67
2637 2946 68
2250 588 69
1332 3002 70
1359 1031 71
2047 3350 72
992 683 73
2271 1109 74
2558 481 75
1675 305 76
1820 1937 77
61 2470 78
1999 819 79
1130 2258 80
512 1893 81
603 2522 82
845 1583 83
1195 483 84
1026 403 85
1902 415 86
373 2556 87
2144 3462 88
520 257 89
1561 2546 90
3036 2276 91
630 3108 92
3567 389 93
1182 2561 94
3319 2260 95
3268 2299 96
2534 1737 97
1225 1963 98
3303 2825 99
69 587 100
847 2300 101
2983 2107 102
1318 1557 103
3370 2262 104
2429 1537 105
126 3153 106
214 805 107
2523 3121 108
1569 3339 109
2492 2342 110
2854 2007 111
1335 3360 112
3550 2252 113
3328 975 114
533 926 115
199 1453 116
1331 3501 117
3124 2544 118
2107 1322 119
1169 1064 120
2224 993 121
2337 1562 122
2736 798 123
1708 783 124
1272 634 125
2691 1127 126
872 1819 127
1413 254 128
362 72 129
2300 1395 130
729 1751 131
2708 1792 132
1807 1765 133
1768 2166 134
284 3142 135
2180 2050 136
1523 3586 137
3041 1019 138
350 1096 139
3439 583 140
3503 2723 141
2326 1803 142
3203 2092 143
3415 730 144
557 3402 145
3391 2345 146
3308 2663 147
993 2620 148
3479 3394 149
2668 1797 150
968 3090 151
566 707 152
3474 1517 153
3427 1382 154
2157 1990 155
613 2808 156
1776 383 157
3153 1075 158
637 1321 159
1504 65 160
3087 3443 161
195 548 162
2367 3196 163
2746 2377 164
420 1213 165
2606 2003 166
3429 1595 167
316 194 168
555 410 169
718 2240 170
343 1612 171
2479 1600 172
922 3396 173
907 250 174
1798 1157 175
1640 3408 176
2936 147 177
1505 3455 178
3319 3581 179
1750 1633 180
698 3435 181
1737 2909 182
109 2720 183
1698 1274 184
2735 1945 185
1210 1836 186
2325 271 187
2824 1859 188
864 995 189
1862 2108 190
1362 3302 191
1599 3243 192
724 2842 193
189 2784 194
922 721 195
3476 2548 196
2570 5 197
2339 1016 198
2139 1588 199
1902 2955 200
232 1731 1
758 944 2
2318 879 3
3311 269 4
3308 2271 5
2991 386 6
3140 3395 7
3293 352 8
1564 1169 9
159 1848 10
519 746 11
3427 695 12
1244 2607 13
3347 288 14
682 2073 15
3264 3084 16
2790 1980 17
789 3403 18
431 3132 19
2637 1107 20
724 1435 21
382 3574 22
435 3481 23
1313 666 24
909 2762 25
3532 2964 26
289 1890 27
571 2039 28
1386 2417 29
1858 246 30
58 2201 31
1191 3247 32
2078 442 33
3375 1724 34
620 2895 35
3048 2080 36
2986 2015 37
3268 2558 38
660 57 39
1424 1496 40
770 2576 41
726 2465 42
475 1464 43
2029 1218 44
1484 544 45
3324 2892 46
1305 1429 47
863 749 48
2815 1479 49
679 3508 50
2610 762 51
2605 2901 52
3455 888 53
2030 1930 54
3302 2149 55
3348 2777 56
3067 758 57
3513 2520 58
2464 867 59
620 1817 60
1438 1474 61
2231 141 62
1318 3572 63
1240 2583 64
552 2624 65
2699 2786 66
1710 2980 67
889 1968 68
1788 208 69
1801 807 70
2730 3050 71
2300 1881 72
1507 1802 73
3500 826 74
2437 1412 75
2438 2431 76
2328 886 77
481 3191 78
246 464 79
144 3171 80
675 1088 81
2860 136 82
245 2983 83
3435 189 84
1687 2045 85
3512 70 86
2802 1189 87
2594 3447 88
3283 3213 89
2764 2343 90
1811 2621 91
1096 1289 92
2050 2896 93
2060 209 94
2580 2993 95
2436 1654 96
2365 3539 97
1997 3382 98
254 2935 99
2459 319 100
2948 2278 101
397 3470 102
2895 3063 103
3496 2147 104
2148 3345 105
2518 963 106
1786 3573 107
2249 2312 108
2732 2602 109
2806 632 110
2139 956 111
1362 3442 112
736 3520 113
3554 2407 114
99 1696 115
2880 2982 116
1133 2882 117
2897 1987 118
2280 3174 119
339 1407 120
1285 402 121
2562 3584 122
3140 1043 123
2043 503 124
2646 1304 125
2010 2125 126
3263 2727 127
55 2824 128
3041 239 129
2990 982 130
2783 602 131
3493 470 132
3430 806 133
3469 1513 134
3592 2153 135
735 1202 136
1522 1653 137
1021 1891 138
2032 3594 139
252 3341 140
1146 2067 141
249 366 142
805 1252 143
2356 479 144
1703 2512 145
180 1021 146
362 2443 147
1150 3498 148
230 1506 149
681 2466 150
1967 2918 151
3117 165 152
2283 1495 153
1382 1205 154
2837 1966 155
1161 3368 156
245 2216 157
1500 2032 158
1277 3227 159
95 770 160
2379 1329 161
641 2402 162
1225 2699 163
2043 2408 164
801 753 165
1459 1002 166
207 541 167
1264 2557 168
1540 3452 169
41 2179 170
2292 2966 171
865 2461 172
3031 3260 173
443 1548 174
586 392 175
2690 3444 176
3364 2793 177
2114 1943 178
2260 2730 179
378 1577 180
2863 1661 181
1876 2496 182
150 2033 183
755 233 184
1456 2683 185
2097 3461 186
712 633 187
3018 994 188
2509 1587 189
2664 2568 190
150 2853 191
2964 1722 192
620 232 193
1668 2870 194
2182 906 195
189 1862 196
2873 1320 197
265 2704 198
239 517 199
2977 2152 200
2474 198 1
1644 3231 2
2976 1295 3
2895 1362 4
2224 376 5
842 1952 6
2729 2372 7
405 3419 8
162 125 9
474 1593 10
2524 1475 11
3140 279 12
1456 2601 13
187 2759 14
2037 1515 15
92 540 16
2476 996 17
2436 755 18
1530 2430 19
2272 2821 20
592 411 21
1708 2912 22
1272 67 23
2853 2774 24
634 2899 25
3329 1488 26
2136 1938 27
598 2771 28
1651 3219 29
2613 2456 30
479 817 31
231 105 32
451 2280 33
1349 898 34
2627 1719 35
3268 2865 36
2047 1312 37
552 2524 38
2593 2488 39
1931 3316 40
1943 3183 41
3199 1185 42
2787 1618 43
529 2876 44
3217 1194 45
2460 2675 46
801 3561 47
2417 2220 48
1030 407 49
3345 709 50
3349 1126 51
916 701 52
2502 211 53
1088 821 54
2253 1594 55
1886 1065 56
1997 1931 57
1835 2569 58
1678 575 59
1611 3564 60
78 306 61
3113 1507 62
876 1648 63
2990 574 64
966 1808 65
2874 2051 66
1426 32 67
568 1326 68
1558 1879 69
210 337 70
1084 1535 71
3287 576 72
3122 1341 73
908 889 74
2118 808 75
99 1206 76
3564 1918 77
355 2700 78
2680 1552 79
1017 1314 80
3113 322 81
2327 60 82
3137 971 83
2996 1100 84
3458 3292 85
2157 3556 86
800 592 87
3147 2217 88
2672 1624 89
1688 2795 90
31 1613 91
1138 1984 92
2269 3066 93
1712 1079 94
3000 2743 95
2956 2460 96
877 2180 97
1214 3305 98
3047 2385 99
432 3239 100
1395 3559 101
92 3016 102
1498 820 103
3570 3075 104
797 2314 105
909 1222 106
1124 1249 107
144 2058 108
1644 3515 109
2810 1728 110
2972 1162 111
1569 924 112
209 2021 113
2960 690 114
2598 1008 115
3503 74 116
480 3241 117
2648 1397 118
1910 1566 119
3132 3493 120
369 2093 121
1247 167 122
2077 2478 123
1415 1071 124
2565 1271 125
1369 2908 126
2900 2428 127
1040 997 128
3586 2123 129
1901 3027 130
3509 1940 131
2514 1219 132
2119 514 133
3303 2269 134
2037 594 135
2408 2947 136
2039 3176 137
2666 3563 138
2840 3070 139
650 2968 140
2104 907 141
2770 2809 142
776 1744 143
263 3127 144
1652 405 145
2223 2887 146
1078 832 147
349 1159 148
621 660 149
2842 1353 150
317 1686 151
665 2356 152
1234 1403 153
2026 1580 154
3352 1798 155
2907 2328 156
1886 1330 157
888 3464 158
2343 2819 159
3479 1704 160
3538 390 161
2564 23 162
3059 3203 163
2759 3014 164
623 2636 165
249 155 166
1681 2939 167
3592 603 168
1925 2136 169
1198 941 170
1335 671 171
3345 3357 172
3445 1013 173
3583 2088 174
3063 2031 175
2200 1568 176
230 1375 177
909 135 178
1272 1140 179
58 92 180
1711 2877 181
2113 2979 182
912 2416 183
380 650 184
1290 1377 185
1637 560 186
1935 222 187
1739 16 188
1270 2862 189
2374 2196 190
2764 791 191
2865 2555 192
3253 12 193
1866 2834 194
2973 1309 195
40 545 196
220 1349 197
2071 3204 198
2382 2532 199
620 2574 200
3517 614 1
2649 2335 2
2626 2197 3
1552 3366 4
1652 2157 5
2053 2872 6
3044 2390 7
1509 1037 8
3209 86 9
2037 2163 10
109 2223 11
1089 2684 12
3037 638 13
2699 697 14
798 2972 15
1916 345 16
1706 2667 17
2894 2685 18
2341 2198 19
3063 1433 20
2236 2651 21
1999 1253 22
458 1532 23
594 3182 24
3060 622 25
405 1718 26
3579 3521 27
189 596 28
1383 3495 29
3307 2301 30
3517 1860 31
993 152 32
318 1884 33
2153 1502 34
3296 54 35
2472 3513 36
3162 2547 37
2642 1981 38
1893 972 39
746 3466 40
2628 827 41
196 2102 42
3009 1 43
1786 3278 44
620 2227 45
637 1082 46
1220 3389 47
3031 3083 48
285 2413 49
2004 331 50
1427 1156 51
3200 3276 52
109 2371 53
546 3450 54
1550 2495 55
2228 1673 56
1237 94 57
2004 2072 58
1798 2823 59
447 1178 60
562 691 61
2331 2588 62
439 3577 63
135 555 64
2687 3031 65
364 3033 66
2039 1211 67
3273 966 68
2254 799 69
2319 3105 70
1996 3410 71
2853 3092 72
642 2030 73
3041 2004 74
2157 1201 75
3275 2057 76
1960 1442 77
2379 3356 78
3171 1117 79
1943 681 80
2701 3585 81
1955 3516 82
1285 2393 83
1043 498 84
1926 1878 85
3206 2475 86
692 2061 87
922 600 88
3106 1059 89
2492 3504 90
3445 2671 91
397 1217 92
681 2632 93
2828 1020 94
1335 1983 95
1481 2515 96
2610 3342 97
939 2820 98
3532 2949 99
1275 2248 100
2955 35 101
1179 2308 102
846 2725 103
2919 449 104
2020 1553 105
3295 1434 106
2822 1032 107
2147 547 108
1885 2159 109
1349 1463 110
1362 3433 111
707 3249 112
779 2722 113
1267 2521 114
551 2656 115
2440 664 116
284 1193 117
1401 1645 118
499 2022 119
1101 3025 120
3303 460 121
2043 3294 122
119 3463 123
2535 987 124
2547 3086 125
1193 2284 126
2309 1135 127
3189 2500 128
3012 854 129
702 336 130
2374 2082 131
959 1924 132
2660 577 133
1479 1182 134
322 2806 135
681 64 136
1793 1746 137
1173 1853 138
1899 1318 139
2273 581 140
1679 3018 141
3217 2585 142
3378 1709 143
397 34 144
3177 433 145
2446 3531 146
1367 1355 147
66 3120 148
2114 720 149
2050 1036 150
2613 637 151
1775 3111 152
354 646 153
232 1559 154
984 456 155
3293 3253 156
126 229 157
562 942 158
314 2403 159
43 1935 160
3048 2817 161
227 2773 162
959 1204 163
343 1124 164
3392 2970 165
3291 2423 166
722 2368 167
2949 624 168
2793 37 169
2870 1753 170
105 296 171
1076 369 172
1975 3078 173
1820 494 174
1666 240 175
526 2169 176
829 3406 177
107 3446 178
279 1784 179
2085 3591 180
153 2076 181
561 3600 182
3395 3376 183
3050 501 184
608 1526 185
2718 3162 186
1825 1184 187
1899 957 188
2693 3244 189
3092 204 190
3224 3277 191
1117 3562 192
3263 2573 193
2014 520 194
2004 726 195
3445 1985 196
529 2396 197
2000 3100 198
1995 3519 199
2216 1791 200
657 3476 1
843 786 2
1096 428 3
1050 1801 4
1301 1209 5
116 3300 6
1792 2247 7
1490 2435 8
1791 2189 9
1975 2967 10
2881 3286 11
1652 1328 12
3345 3527 13
1651 3554 14
2051 1508 15
2672 2855 16
2020 3424 17
2533 3076 18
1360 1444 19
798 1783 20
2677 87 21
2341 1438 22
2203 1038 23
120 3214 24
624 3569 25
2825 2859 26
3400 689 27
205 1422 28
2254 1677 29
3150 1892 30
27 1220 31
1313 2120 32
2390 1457 33
104 2794 34
1376 326 35
3014 789 36
2437 3175 37
43 1310 38
3326 3468 39
1462 787 40
3234 368 41
1557 1389 42
2918 2365 43
439 1311 44
559 1034 45
810 3145 46
2081 1602 47
3487 2036 48
3482 413 49
2613 2910 50
586 932 51
2311 1950 52
1849 625 53
660 1247 54
2382 763 55
1169 2961 56
305 833 57
1726 1244 58
3152 676 59
464 2358 60
828 1005 61
1599 471 62
2564 406 63
561 221 64
161 828 65
894 950 66
1655 1702 67
1040 1732 68
1026 3173 69
91 2193 70
115 1363 71
1013 3576 72
184 2185 73
464 1564 74
3399 2920 75
2611 2454 76
976 3285 77
2101 3107 78
2870 3553 79
3520 865 80
1940 496 81
1928 1721 82
3329 3237 83
113 484 84
2286 1764 85
3214 2902 86
380 2078 87
1413 3229 88
558 3224 89
1500 3414 90
2737 989 91
812 731 92
3322 2911 93
284 3221 94
230 844 95
3012 3411 96
1261 1603 97
1528 804 98
555 1144 99
2352 3257 100
877 126 101
3260 1332 102
1712 3343 103
1452 1106 104
766 2507 105
1127 3371 106
3083 1307 107
1040 3329 108
775 71 109
1967 527 110
2008 3149 111
494 431 112
2570 3089 113
108 277 114
1050 558 115
1699 2511 116
3349 355 117
1291 1142 118
634 227 119
2912 188 120
1222 1607 121
2224 1615 122
3379 543 123
1753 1212 124
8 1263 125
3237 2085 126
2498 2652 127
2975 2316 128
2868 1976 129
1522 1824 130
1272 2563 131
628 1317 132
3456 2567 133
1427 3337 134
3309 1047 135
3532 2527 136
2099 2035 137
3259 2439 138
3167 56 139
3326 1173 140
2114 1561 141
1030 2615 142
652 1223 143
2719 1022 144
2259 26 145
688 1676 146
3460 1889 147
1158 1424 148
343 1887 149
1943 1877 150
693 2526 151
110 1103 152
3514 876 153
1985 2900 154
153 2627 155
2666 1572 156
1953 2648 157
2474 2253 158
1390 3385 159
2203 3457 160
2631 3215 161
2546 2367 162
3534 1093 163
3215 892 164
2121 130 165
766 1928 166
766 659 167
603 1176 168
3129 855 169
32 1687 170
1393 3534 171
931 467 172
3039 3056 173
2626 2405 174
2050 3490 175
1822 3431 176
27 688 177
2317 472 178
2565 653 179
1762 1585 180
310 466 181
144 2537 182
2720 3524 183
25 2084 184
1749 613 185
592 2354 186
2909 2479 187
2186 2034 188
935 2930 189
2764 1081 190
2504 1172 191
1324 3359 192
2631 779 193
1561 27 194
416 1023 195
2067 2068 196
840 1772 197
3190 1833 198
254 3317 199
2254 2361 200
621 2580 1
1902 2665 2
2594 174 3
2036 1183 4
2764 2642 5
88 2473 6
2610 1742 7
1628 1447 8
1599 893 9
1507 1404 10
2558 754 11
1377 1398 12
715 3478 13
3386 146 14
2365 2 15
3060 2481 16
329 2790 17
1876 282 18
1077 1372 19
657 985 20
1801 500 21
2180 3517 22
348 2634 23
1623 3067 24
25 224 25
3417 3270 26
2339 480 27
2398 2905 28
3380 73 29
75 1160 30
2000 361 31
1916 2160 32
1859 2077 33
3107 179 34
397 1538 35
3159 399 36
1810 2888 37
3512 1727 38
2127 2204 39
2284 2950 40
1569 3296 41
1852 1955 42
2082 31 43
1769 2162 44
2675 1489 45
2383 627 46
2907 724 47
3061 1165 48
2429 2863 49
3070 46 50
2060 2644 51
489 1665 52
2010 3497 53
1500 1210 54
649 1832 55
191 2767 56
3479 2659 57
79 1046 58
1037 2222 59
595 2589 60
32 713 61
2825 1035 62
2764 2178 63
1139 2483 64
1566 1203 65
1442 2703 66
3247 1187 67
3248 2860 68
1706 662 69
2574 2778 70
364 1060 71
2002 360 72
2815 1092 73
1335 2595 74
1300 2174 75
2189 2294 76
552 1291 77
2302 3118 78
958 1964 79
3368 1152 80
2273 2687 81
2732 364 82
1930 3480 83
2832 3039 84
253 98 85
2236 2099 86
1389 1941 87
144 3154 88
844 3020 89
102 261 90
1906 1300 91
1000 1255 92
3593 2468 93
2811 1667 94
701 2640 95
892 2846 96
2917 440 97
1725 658 98
621 2764 99
2639 1129 100
1557 17 101
2398 1934 102
1625 1531 103
2335 3006 104
239 419 105
2643 1912 106
1468 1738 107
3363 861 108
2072 554 109
27 1364 110
2998 3128 111
2157 2625 112
1840 2944 113
140 63 114
1980 3314 115
691 124 116
1378 1780 117
3280 1077 118
2058 2708 119
2352 2928 120
880 1750 121
3592 3303 122
997 1867 123
706 2830 124
1917 813 125
3346 2856 126
2168 1942 127
1742 1074 128
1013 1642 129
3286 2135 130
58 2582 131
2310 934 132
2490 2835 133
3007 3110 134
3060 2637 135
1845 3051 136
3073 565 137
109 2026 138
1318 1264 139
1770 1200 140
937 3284 141
668 2183 142
1326 766 143
1414 1148 144
1102 1294 145
2067 946 146
103 1373 147
2340 2266 148
727 2337 149
3335 1701 150
639 1694 151
1752 1191 152
346 2518 153
1222 1486 154
1599 3080 155
1124 223 156
2719 258 157
1962 2954 158
1742 1672 159
2349 2769 160
1133 648 161
2834 815 162
622 140 163
2527 2866 164
3194 3309 165
902 1399 166
779 3363 167
2719 3571 168
2078 1269 169
2433 2110 170
688 3487 171
728 2799 172
3577 1063 173
3481 3205 174
3506 2630 175
3381 3334 176
1418 2087 177
1028 218 178
1967 909 179
1749 2528 180
3387 2115 181
3091 3207 182
3049 215 183
3132 1757 184
1124 3322 185
2293 1671 186
1481 1040 187
1669 1872 188
85 3179 189
3167 3112 190
1682 2458 191
1708 1650 192
797 1497 193
3312 2956 194
3303 3459 195
83 3545 196
2991 1543 197
378 1680 198
955 929 199
104 1343 200
3597 2011 1
1001 40 2
2425 504 3
2045 95 4
1280 3494 5
1930 357 6
434 77 7
1612 1544 8
1074 2347 9
240 68 10
568 1340 11
952 2545 12
110 747 13
2217 1913 14
3259 2995 15
2606 2090 16
1833 1813 17
671 682 18
199 2977 19
603 3095 20
2492 3228 21
3167 891 22
3445 3032 23
183 328 24
480 535 25
3047 851 26
55 1617 27
1369 2540 28
1855 1335 29
2441 3 30
118 3267 31
1040 1967 32
2157 477 33
2162 3226 34
2423 3141 35
366 2643 36
196 384 37
1075 2484 38
32 1768 39
46 3546 40
715 1369 41
57 3126 42
1525 1371 43
1623 1426 44
810 1579 45
971 1902 46
1771 2200 47
3222 1344 48
2127 3467 49
2223 2203 50
3047 99 51
704 675 52
3107 3575 53
2057 2721 54
3460 938 55
319 1284 56
1497 1268 57
2986 2510 58
1077 1592 59
133 2052 60
609 3529 61
3252 3400 62
3554 502 63
3150 2360 64
3597 2603 65
3129 333 66
2314 3503 67
2416 2333 68
2655 3234 69
2550 1436 70
1915 371 71
2663 823 72
2467 818 73
57 875 74
3088 2009 75
3261 1636 76
3268 2373 77
3107 1511 78
3474 1242 79
3592 1285 80
1163 2871 81
3488 2549 82
358 2609 83
1024 2985 84
438 3506 85
3533 2591 86
187 2904 87
3268 3589 88
2004 298 89
2491 1248 90
573 1288 91
3159 378 92
1375 1114 93
1140 2831 94
2942 2802 95
3376 2001 96
2339 367 97
2656 1087 98
1465 454 99
667 2785 100
1579 1392 101
3324 2971 102
1898 2525 103
2613 2256 104
2795 1186 105
1992 2451 106
1380 2348 107
498 2392 108
1652 1452 109
2180 474 110
2273 3549 111
2687 736 112
1807 2155 113
1045 2733 114
2379 1533 115
3111 1567 116
1304 860 117
2356 2171 118
2102 1134 119
775 1131 120
969 2221 121
2987 452 122
2178 1995 123
2157 712 124
1506 1630 125
3067 1854 126
916 2943 127
2680 317 128
1624 1443 129
515 2150 130
2176 2951 131
212 1460 132
3137 2024 133
2050 3486 134
1481 969 135
2119 2797 136
284 3268 137
3560 1660 138
3329 2941 139
566 2444 140
1138 3266 141
3060 1809 142
2292 53 143
2273 1123 144
698 2736 145
1123 76 146
2084 3528 147
2138 1472 148
2113 1028 149
1668 1529 150
2604 3505 151
317 2437 152
2021 1456 153
1346 286 154
3222 2617 155
1135 2139 156
2374 2987 157
1586 1006 158
1010 604 159
1385 2304 160
3364 1664 161
1886 2849 162
3195 3417 163
1582 3133 164
2571 641 165
3438 3477 166
2175 2787 167
201 2191 168
3182 2662 169
499 2493 170
1762 3298 171
704 3369 172
2664 2414 173
1254 3511 174
196 1758 175
3505 1230 176
3197 526 177
1799 591 178
3430 940 179
3146 775 180
3230 611 181
1513 715 182
2436 549 183
179 1226 184
3309 2409 185
3512 1652 186
3512 2237 187
329 3166 188
1296 329 189
210 2420 190
1917 176 191
2951 1455 192
2291 3072 193
1207 1815 194
317 1682 195
1481 1623 196
2975 422 197
2841 2843 198
2477 381 199
2124 2629 200
435 857 1
1640 377 2
2874 2650 3
3599 3010 4
3414 2776 5
225 107 6
2186 1839 7
23 1473 8
1592 983 9
3120 163 10
245 573 11
2666 2329 12
1858 2037 13
1399 1834 14
2103 856 15
3392 506 16
1678 2757 17
2675 3472 18
1410 2226 19
869 1546 20
3291 3023 21
1018 1232 22
2955 181 23
2166 1437 24
2938 1342 25
1282 2453 26
1099 3422 27
1540 2232 28
1650 2677 29
2381 955 30
454 2042 31
748 3324 32
922 711 33
2918 2709 34
2660 1514 35
2928 89 36
1604 2692 37
2853 1993 38
1436 2868 39
189 1773 40
546 3423 41
1173 2434 42
3343 2726 43
2801 2144 44
989 1790 45
1386 1555 46
1972 729 47
191 546 48
2636 2761 49
3357 178 50
1967 2718 51
423 1734 52
3201 43 53
3395 1084 54
1280 2074 55
2279 816 56
2769 2202 57
369 3225 58
1104 302 59
397 1835 60
909 3379 61
1990 741 62
3500 420 63
3567 18 64
1481 150 65
2254 2732 66
183 1919 67
1506 1670 68
2322 2641 69
3425 606 70
3415 1270 71
377 647 72
1809 334 73
1811 1958 74
2693 3049 75
2733 1208 76
475 1261 77
1090 673 78
2836 2858 79
3251 2378 80
311 1240 81
2855 1739 82
3330 295 83
1375 1199 84
2584 2336 85
527 1779 86
2545 954 87
1367 2883 88
64 870 89
284 1640 90
1270 1262 91
2595 1150 92
712 3301 93
367 706 94
894 1901 95
561 2014 96
1400 2309 97
2680 1296 98
2874 1360 99
2304 275 100
278 1608 101
2101 36 102
2597 1229 103
279 1539 104
2032 1632 105
2256 2497 106
227 2186 107
838 1644 108
2969 47 109
1040 902 110
1360 2775 111
688 153 112
2607 2754 113
219 1556 114
2247 716 115
2550 1917 116
1333 1589 117
1768 3484 118
2752 534 119
1173 1125 120
1331 3312 121
2794 3137 122
3059 533 123
2021 1500 124
2114 1897 125
756 1786 126
1829 3456 127
32 1348 128
2865 196 129
495 2298 130
3469 2714 131
1077 1785 132
2230 1357 133
3290 1384 134
214 542 135
2079 2318 136
3555 981 137
2668 1276 138
2256 1866 139
1847 2112 140
843 2600 141
1393 2041 142
460 1139 143
482 80 144
937 1903 145
2356 1027 146
2522 2322 147
2245 159 148
3379 1406 149
2260 2779 150
1534 1894 151
976 1657 152
3275 382 153
3305 3163 154
111 1628 155
2515 585 156
2075 1387 157
289 882 158
2764 1393 159
1945 1154 160
3366 2239 161
191 3438 162
813 1409 163
1414 2707 164
2564 202 165
170 1965 166
3599 2880 167
2463 2572 168
1810 1298 169
1500 1812 170
2134 1094 171
931 2446 172
2148 1599 173
1564 2070 174
2935 2690 175
48 2952 176
2923 1927 177
3595 3415 178
774 2340 179
1075 2584 180
1499 1627 181
2224 2990 182
1761 81 183
2230 2551 184
3293 416 185
2964 1432 186
3295 2400 187
2003 3138 188
3208 2796 189
3402 2916 190
3510 3255 191
367 825 192
187 1787 193
1043 887 194
467 309 195
1665 2673 196
442 2242 197
3488 1922 198
3348 1346 199
2710 761 200
637 1906 1
3171 1351 2
509 1234 3
809 1700 4
1835 2281 5
128 1459 6
3311 2213 7
495 1413 8
3280 877 9
1931 1767 10
445 101 11
2416 2618 12
1130 417 13
1988 1911 14
956 2891 15
2943 3307 16
1606 2903 17
3327 835 18
1561 3048 19
882 2399 20
367 230 21
2047 1850 22
1903 3544 23
3221 2838 24
3375 1868 25
3318 794 26
704 2828 27
1495 3134 28
1427 338 29
2095 3172 30
635 3332 31
3414 372 32
1645 811 33
1708 2789 34
126 2363 35
1399 3147 36
1502 1466 37
1219 738 38
3113 2974 39
1006 3304 40
561 1858 41
1656 2694 42
1453 777 43
2153 1400 44
403 2272 45
835 2542 46
215 2729 47
632 1978 48
2660 862 49
2212 3488 50
2663 476 51
3443 2054 52
2444 964 53
119 1743 54
1321 2122 55
3517 692 56
3147 1044 57
3500 1651 58
971 1844 59
1799 3209 60
2097 3195 61
2398 2432 62
2616 1041 63
2367 2415 64
1885 1597 65
704 2681 66
1131 325 67
3291 1014 68
246 3029 69
1749 1841 70
2805 1227 71
1906 262 72
1143 2839 73
3048 2606 74
878 2570 75
603 2254 76
1332 1449 77
3533 605 78
3208 2394 79
3422 1843 80
903 2781 81
1406 1604 82
3448 1458 83
2277 925 84
2642 2857 85
1515 1098 86
1792 564 87
2829 3590 88
2407 4 89
2021 3041 90
1150 3326 91
704 642 92
3445 3583 93
2801 1085 94
1462 3465 95
3546 1215 96
2546 615 97
1956 1095 98
1854 784 99
1961 1231 100
650 829 101
1627 640 102
2279 968 103
872 2445 104
891 3251 105
236 247 106
1006 990 107
2591 129 108
623 1574 109
2455 412 110
992 1025 111
913 3523 112
802 2768 113
2764 1333 114
1571 350 115
2381 1287 116
174 2161 117
1957 3102 118
3268 1926 119
1390 739 120
1026 3099 121
2483 2192 122
926 2418 123
2629 2804 124
922 1279 125
1717 2023 126
2779 3015 127
2586 3321 128
603 567 129
474 2516 130
2338 3473 131
161 3378 132
1214 7 133
1164 3109 134
1481 620 135
835 2998 136
1752 3052 137
88 2233 138
2820 2531 139
716 684 140
2441 3299 141
1207 2755 142
1024 948 143
755 308 144
1456 2994 145
2534 2487 146
2880 2306 147
775 3245 148
2779 751 149
1416 2205 150
984 868 151
1531 93 152
3088 3218 153
198 569 154
764 2094 155
242 702 156
2000 359 157
2802 2302 158
3560 846 159
817 225 160
576 2929 161
1986 1067 162
2840 2962 163
1118 2140 164
2384 3055 165
1526 235 166
622 249 167
2986 3068 168
1263 2056 169
1916 1133 170
1672 3053 171
2830 881 172
918 1864 173
935 2612 174
2618 1431 175
3230 2565 176
489 424 177
1326 3430 178
1588 830 179
1481 1730 180
2451 3269 181
1059 935 182
558 2869 183
3451 112 184
2815 1695 185
2940 1849 186
1714 3022 187
628 1143 188
160 3198 189
2683 1056 190
1083 157 191
249 1777 192
833 116 193
3532 245 194
3557 268 195
1415 3073 196
546 2250 197
2035 206 198
3343 2025 199
1130 3077 200
218 1683 1
2182 1759 2
1147 2319 3
2273 2610 4
58 1882 5
1688 601 6
2680 878 7
1280 1916 8
993 2852 9
1369 1629 10
1382 2065 11
3313 2019 12
1189 3212 13
2379 974 14
3502 106 15
695 2158 16
2598 735 17
2301 1946 18
618 939 19
897 2559 20
2212 2038 21
1692 563 22
1975 1492 23
736 2885 24
1823 3391 25
1013 193 26
451 1254 27
2047 3412 28
2726 237 29
3313 2095 30
21 2208 31
1493 589 32
1730 380 33
2068 2772 34
1784 2087 35
2534 795 36
1858 1558 37
1791 3220 38
3597 1207 39
2916 1814 40
1092 1516 41
3411 3119 42
296 348 43
1001 1637 44
1815 1370 45
317 2283 46
1950 1354 47
1325 1519 48
2329 2751 49
1791 3479 50
3379 1570 51
1090 2734 52
3165 3123 53
193 278 54
923 1166 55
62 3283 56
1359 1503 57
2291 2370 58
1331 21 59
1118 917 60
3255 693 61
2545 2351 62
712 1823 63
2059 370 64
2613 852 65
1588 3565 66
1425 2121 67
2937 1477 68
2828 961 69
41 3367 70
3082 2942 71
2764 312 72
2561 737 73
45 1278 74
1714 1614 75
3031 3197 76
3055 316 77
1896 1402 78
1191 398 79
2280 1376 80
2837 342 81
3570 3259 82
3356 1471 83
1725 2622 84
193 1666 85
1007 1825 86
1752 717 87
158 170 88
2651 1214 89
2701 3158 90
1453 1112 91
1783 1175 92
1023 2750 93
2450 2066 94
312 3599 95
1985 2097 96
2914 1979 97
2045 1733 98
888 1638 99
2763 2604 100
2236 3054 101
1801 2633 102
317 3046 103
2782 1498 104
1898 2480 105
2527 2975 106
314 2457 107
976 461 108
1456 2324 109
2655 2079 110
3494 267 111
2040 2801 112
1583 2401 113
902 1104 114
2587 2081 115
1618 2128 116
878 2379 117
330 2482 118
209 423 119
3067 3114 120
3368 782 121
1695 2164 122
104 2352 123
3259 251 124
2945 3188 125
2333 2742 126
3021 313 127
3036 1699 128
845 285 129
2933 3030 130
1207 2715 131
2374 1091 132
2671 2978 133
573 1327 134
1523 3223 135
1348 13 136
2293 195 137
704 1688 138
1997 616 139
2571 1939 140
1712 1865 141
3459 1550 142
703 1838 143
155 459 144
1529 2289 145
1077 3150 146
2804 970 147
70 200 148
3476 553 149
1349 2697 150
2436 3034 151
1579 2921 152
2828 1130 153
2451 1171 154
252 952 155
1413 2940 156
2694 137 157
1940 1352 158
2283 630 159
2593 353 160
2085 2735 161
3486 2176 162
1985 430 163
1630 1549 164
1682 2292 165
1519 1805 166
3408 1571 167
2831 1826 168
3533 1851 169
1897 2412 170
2732 2597 171
3116 15 172
2387 2646 173
1410 1658 174
464 2441 175
2178 2654 176
252 2206 177
3087 922 178
1104 1954 179
2236 685 180
2109 1668 181
324 2214 182
3113 3352 183
1059 562 184
3182 1339 185
2261 785 186
1047 700 187
2171 115 188
3127 1951 189
784 2246 190
2157 3060 191
447 1806 192
1302 1430 193
1426 1324 194
1711 2553 195
2451 1010 196
1386 2688 197
3155 2713 198
301 1944 199
1325 2083 200
557 2988 1
3238 2867 2
1566 2228 3
2205 1736 4
1858 2837 5
1158 2349 6
1979 2013 7
3321 1316 8
2885 1625 9
761 2020 10
1335 363 11
2829 1754 12
2830 1136 13
1500 1188 14
1519 22 15
1568 1418 16
1311 3236 17
729 1807 18
1533 3211 19
3290 511 20
2710 628 21
3067 2114 22
3379 343 23
3114 1799 24
1449 1590 25
1427 1225 26
732 1068 27
3533 2913 28
2782 778 29
2638 2130 30
2680 3592 31
1040 3361 32
1871 374 33
2557 2044 34
3167 69 35
931 2746 36
291 2311 37
1305 2958 38
3 192 39
2751 597 40
3476 1051 41
1943 916 42
642 1116 43
3201 1195 44
2671 2053 45
1882 2586 46
188 1880 47
567 2578 48
916 1714 49
2162 652 50
3123 2467 51
1272 644 52
1311 2945 53
3153 437 54
877 2010 55
1479 2706 56
1226 1501 57
603 532 58
1256 3017 59
955 243 60
2059 1366 61
446 1146 62
498 2277 63
3375 1605 64
573 2119 65
2569 1821 66
933 3013 67
3199 2257 68
344 1554 69
1414 2712 70
3542 303 71
1990 871 72
1684 2341 73
3567 1982 74
2036 3007 75
2725 2275 76
2593 3518 77
1919 1900 78
85 2265 79
1875 62 80
2649 2234 81
377 2919 82
660 2127 83
557 977 84
2004 2822 85
969 2491 86
1365 2592 87
525 3096 88
75 3190 89
2927 3009 90
178 478 91
2258 2436 92
1625 3537 93
1901 58 94
1687 3319 95
587 2069 96
2155 2395 97
1440 1541 98
2162 1970 99
1237 1076 100
2851 3578 101
724 3551 102
844 3425 103
459 1250 104
1280 1073 105
1239 1197 106
2124 2649 107
2497 2426 108
3465 1153 109
2388 3331 110
2986 1810 111
2408 260 112
2587 358 113
2736 1896 114
3460 1822 115
2075 3568 116
3592 1267 117
2601 2382 118
3262 2756 119
2561 1315 120
1586 388 121
2636 216 122
3106 1578 123
1249 1521 124
856 3148 125
1193 1174 126
1081 1793 127
2907 2996 128
2323 2346 129
894 1957 130
3580 443 131
2045 903 132
8 669 133
232 2486 134
150 1338 135
2368 1266 136
2010 3000 137
1730 698 138
3049 3310 139
442 812 140
529 2384 141
1858 1029 142
376 1417 143
2941 2151 144
534 1999 145
1986 2427 146
1522 1053 147
937 2810 148
2051 728 149
2162 1794 150
1905 113 151
1636 2814 152
32 1576 153
3600 2270 154
533 1870 155
3232 822 156
1692 143 157
2656 1703 158
2932 1323 159
486 1616 160
1166 1551 161
1302 2268 162
3335 774 163
2734 1755 164
3295 264 165
2384 3087 166
3267 2647 167
2610 1272 168
688 3582 169
2604 3043 170
2916 2696 171
1990 2251 172
2710 154 173
825 3399 174
3041 270 175
1943 1302 176
3469 321 177
808 3471 178
2626 2330 179
2802 2442 180
2303 84 181
3329 1712 182
889 2287 183
3329 1427 184
58 3429 185
958 3541 186
31 3418 187
2938 3437 188
329 937 189
3329 1308 190
938 1101 191
3496 1000 192
3055 661 193
178 3409 194
99 2599 195
3554 2096 196
1963 2562 197
1818 2000 198
3486 2989 199
3058 3081 200
1427 20 1
2417 281 2
1106 11 3
1656 699 4
3170 3258 5
2363 1962 6
1527 2089 7
2522 25 8
482 866 9
1042 962 10
1013 242 11
3517 468 12
1201 3287 13
1006 2332 14
78 998 15
2153 2874 16
420 3124 17
1571 610 18
2525 2533 19
3233 1167 20
2671 1505 21
1108 1581 22
2273 1388 23
3593 160 24
1938 1490 25
2995 2471 26
3150 2678 27
222 2635 28
2254 1977 29
1792 3548 30
2896 1818 31
3194 183 32
801 3069 33
2915 536 34
603 495 35
62 1246 36
3308 497 37
3006 3510 38
2522 668 39
1972 1336 40
1823 2898 41
2085 1066 42
384 1198 43
2999 2016 44
1967 3194 45
494 3152 46
3533 2424 47
2885 1391 48
3532 1969 49
2216 2063 50
884 445 51
3220 3230 52
3592 1647 53
3214 30 54
24 324 55
2895 289 56
273 1610 57
3072 2376 58
3415 723 59
3512 475 60
440 3387 61
1237 3474 62
3063 3167 63
2106 1905 64
747 3045 65
3106 2986 66
1825 1685 67
122 1856 68
1124 1451 69
2082 2923 70
313 1149 71
2141 3156 72
3101 396 73
1304 1446 74
3451 1713 75
2050 2560 76
199 2841 77
1438 3071 78
209 284 79
2998 1319 80
681 3273 81
2235 528 82
3278 1831 83
2606 2833 84
625 241 85
3169 2638 86
3178 1251 87
3127 3365 88
3318 2875 89
3124 756 90
3294 1233 91
962 1480 92
1980 842 93
150 904 94
503 2848 95
2030 2267 96
947 2948 97
1104 2991 98
2010 2672 99
3140 2104 100
3150 1715 101
2148 2103 102
161 529 103
3320 394 104
2309 2476 105
140 1147 106
370 3500 107
2170 3566 108
798 1735 109
3485 2953 110
1374 2225 111
698 1586 112
364 134 113
2329 158 114
1964 2931 115
3211 2959 116
3055 138 117
2890 335 118
67 885 119
3007 2209 120
1222 1745 121
3022 1846 122
2870 85 123
2844 323 124
1767 1485 125
2764 959 126
2358 88 127
807 2679 128
207 3373 129
672 1015 130
3195 1690 131
2438 2124 132
2642 1102 133
2114 894 134
1611 780 135
2483 927 136
826 742 137
3439 1487 138
2637 1243 139
2957 387 140
155 2670 141
2787 362 142
2001 2658 143
1404 2134 144
2895 3538 145
603 24 146
750 1908 147
314 294 148
2734 151 149
3517 1440 150
1792 3004 151
622 2926 152
1280 447 153
2638 781 154
3540 2499 155
150 161 156
1025 2847 157
1199 2002 158
2339 2997 159
1716 3336 160
1066 3390 161
522 3355 162
2824 2705 163
58 2297 164
1448 1145 165
278 2243 166
3343 2182 167
92 949 168
704 1855 169
561 120 170
510 3104 171
2875 656 172
1268 1563 173
1340 414 174
1036 2745 175
1099 1119 176
278 960 177
304 1001 178
2367 913 179
1407 1573 180
2153 1749 181
3479 97 182
1325 3540 183
2273 800 184
1598 2934 185
2680 2710 186
1751 186 187
2491 1358 188
2422 953 189
2973 2375 190
1430 3097 191
1652 2626 192
1388 2464 193
1275 3335 194
2764 3597 195
1732 180 196
3597 2698 197
1140 2543 198
644 2170 199
1785 2383 200
1688 1306 1
1027 1007 2
2868 2889 3
2948 703 4
620 3567 5
3113 2668 6
2562 2172 7
434 1113 8
1505 748 9
738 769 10
2851 1776 11
3010 228 12
2171 3061 13
1210 2055 14
2223 556 15
1820 1216 16
2131 631 17
2288 1394 18
2719 3535 19
3109 1857 20
2881 2043 21
126 1756 22
1084 486 23
1887 1419 24
2258 2753 25
2682 3271 26
1356 539 27
644 752 28
752 1725 29
735 3003 30
334 509 31
3106 75 32
1392 834 33
1183 3426 34
1267 1069 35
1099 1565 36
28 1236 37
3551 3297 38
153 117 39
3063 199 40
1561 2719 41
1481 2936 42
1854 314 43
1859 2425 44
2318 455 45
2224 557 46
484 488 47
1749 2380 48
1217 1111 49
135 492 50
3293 568 51
2084 3026 52
1393 1996 53
172 2173 54
1360 1766 55
50 919 56
3459 1545 57
2549 2505 58
1016 3483 59
1409 14 60
533 2666 61
2546 908 62
1149 1837 63
942 2303 64
1726 2350 65
3150 1396 66
1864 213 67
1491 2187 68
3496 252 69
2160 310 70
982 3491 71
1753 3315 72
3283 96 73
1768 379 74
629 2740 75
3036 3475 76
573 1510 77
3241 214 78
2032 3448 79
3482 2406 80
1514 2728 81
2622 649 82
2638 3250 83
2290 725 84
2303 2803 85
759 1483 86
592 164 87
2969 1547 88
3460 986 89
1057 2411 90
2546 2325 91
1176 2845 92
2175 8 93
3597 1421 94
557 2285 95
185 2138 96
2943 3441 97
715 1450 98
1756 635 99
140 3295 100
3455 1120 101
2810 2873 102
1963 1228 103
1496 3079 104
2086 920 105
1317 1932 106
2425 2653 107
3295 1257 108
27 1641 109
1123 2780 110
1854 1030 111
2223 3021 112
3034 2581 113
360 41 114
1933 49 115
346 2587 116
498 273 117
123 1378 118
892 651 119
2474 3362 120
728 3217 121
3108 429 122
2340 572 123
762 1301 124
3431 873 125
2613 2338 126
2722 2878 127
1901 3533 128
2660 489 129
2450 3536 130
55 801 131
3042 1782 132
207 3165 133
2356 2914 134
651 169 135
1258 354 136
3414 1910 137
1778 1949 138
2825 3192 139
1833 1827 140
2776 859 141
62 623 142
120 3451 143
1908 3115 144
1924 156 145
2339 2907 146
1988 52 147
2916 426 148
2582 3164 149
2544 1760 150
230 175 151
2362 2879 152
2263 3235 153
1907 2211 154
2012 1256 155
1584 1108 156
2125 3160 157
1444 2241 158
630 2219 159
2113 3170 160
209 1899 161
2728 1622 162
2546 838 163
1889 1494 164
1925 3129 165
1413 1598 166
3488 3401 167
1061 3193 168
2289 910 169
2032 874 170
2302 686 171
1957 841 172
2064 1390 173
3038 3180 174
2356 2571 175
2906 911 176
2442 1991 177
2352 1530 178
1040 2273 179
3461 1994 180
2730 750 181
262 2286 182
3435 1631 183
1732 1512 184
1817 3011 185
726 444 186
2842 1796 187
1623 1659 188
1943 1024 189
2932 1499 190
2260 436 191
1263 2012 192
1860 3509 193
3120 2048 194
2150 734 195
3486 292 196
1399 3460 197
2913 1245 198
2968 1303 199
3552 83 200
3578 1929 1
70 2490 2
2648 2215 3
3339 1761 4
912 3514 5
132 45 6
593 1110 7
553 393 8
3046 2263 9
2425 2514 10
621 639 11
191 1842 12
2097 1679 13
1336 551 14
1914 809 15
1436 307 16
477 491 17
2527 3598 18
434 792 19
2051 3375 20
1247 2816 21
1604 2334 22
3532 516 23
2662 2850 24
3438 1258 25
1029 3436 26
2787 439 27
2649 2747 28
1578 3557 29
2329 1428 30
1799 776 31
878 3117 32
984 2098 33
3132 2006 34
523 346 35
2048 2711 36
996 3499 37
140 760 38
1766 3265 39
3440 1105 40
3301 3330 41
431 3333 42
2626 2387 43
554 1989 44
1036 3047 45
1655 1691 46
1858 1448 47
2168 3161 48
944 3281 49
405 1684 50
653 166 51
2842 1017 52
272 248 53
200 2818 54
1560 1649 55
305 1895 56
2636 132 57
2036 2616 58
3435 2261 59
3599 2805 60
1858 883 61
2370 3440 62
150 3289 63
3460 2259 64
2347 1009 65
1992 843 66
1115 2369 67
2305 259 68
3413 788 69
291 523 70
2854 836 71
2289 2498 72
2491 2310 73
2650 2106 74
2758 1504 75
2770 3037 76
675 493 77
2613 1070 78
1970 764 79
1361 2229 80
2342 3028 81
1732 276 82
2782 473 83
3240 3353 84
1662 655 85
2269 3580 86
2307 2508 87
2865 2448 88
1629 2763 89
1481 2210 90
28 2027 91
1313 1305 92
1498 1692 93
3209 127 94
2004 3185 95
2463 2455 96
3549 884 97
2584 3416 98
1003 1297 99
375 1470 100
1055 2462 101
1080 3136 102
701 1491 103
851 33 104
2633 2194 105
2727 1720 106
434 114 107
2338 315 108
3021 943 109
282 1669 110
1392 3240 111
3165 185 112
533 3381 113
3439 100 114
694 2326 115
3041 3384 116
3405 2184 117
2631 441 118
2971 2449 119
1106 1259 120
810 3263 121
902 191 122
3445 1528 123
104 670 124
3445 3140 125
2444 967 126
2896 1584 127
683 2788 128
1267 2291 129
1639 266 130
367 599 131
1204 928 132
2648 1299 133
3049 2922 134
3145 79 135
2605 2976 136
249 3388 137
974 391 138
644 847 139
3058 263 140
3476 2391 141
2293 142 142
1751 272 143
2865 897 144
1147 2539 145
1807 1961 146
722 2362 147
3459 190 148
1363 3038 149
2824 3252 150
3556 1359 151
1644 2331 152
579 1778 153
1725 3210 154
1158 2313 155
620 3512 156
1652 1697 157
1115 1711 158
594 3439 159
2591 1493 160
3375 238 161
2217 2960 162
1561 109 163
1579 984 164
3071 988 165
1214 3502 166
3486 3012 167
2014 2447 168
1014 1361 169
2626 2295 170
1050 3543 171
2236 1643 172
1091 450 173
922 1885 174
3201 1959 175
2894 2477 176
2040 3372 177
2671 1988 178
1305 2973 179
135 1089 180
718 2861 181
144 3059 182
1513 1975 183
8 19 184
658 3311 185
2865 1523 186
1823 2386 187
2931 44 188
1079 1915 189
3328 2290 190
2295 559 191
2176 1138 192
2124 2008 193
3395 1057 194
779 435 195
3485 518 196
2109 3522 197
61 1948 198
1543 793 199
3031 1972 200
2820 2999 1
3421 1693 2
132 2992 3
1777 2049 4
63 951 5
2093 2686 6
1860 3125 7
3190 1350 8
3021 2969 9
291 3570 10
3414 2963 11
2234 733 12
2284 131 13
3018 3279 14
1068 2826 15
2487 2965 16
749 3454 17
2865 365 18
1135 593 19
2082 519 20
974 1611 21
902 965 22
2338 301 23
3190 719 24
1809 1907 25
891 3282 26
3035 2513 27
1311 3262 28
1418 2552 29
2660 1811 30
1729 714 31
937 2071 32
599 1283 33
2414 505 34
637 212 35
1241 3200 36
1763 3184 37
2339 2452 38
343 3434 39
594 2472 40
2064 2815 41
577 356 42
2330 931 43
2527 1292 44
2072 304 45
195 680 46
3328 2738 47
2905 2485 48
8 2492 49
1980 2623 50
2003 400 51
2031 3098 52
3060 849 53
129 679 54
770 1334 55
1716 2752 56
1716 704 57
3592 2605 58
2157 636 59
2008 3222 60
603 2438 61
1449 2366 62
1123 2737 63
2284 2535 64
810 3293 65
298 1177 66
1684 3560 67
1399 1337 68
3067 55 69
1858 291 70
2732 840 71
877 1997 72
908 2047 73
2628 3130 74
2170 1072 75
3170 848 76
3399 184 77
1854 2282 78
1866 880 79
931 401 80
2997 103 81
3395 933 82
209 561 83
96 2519 84
1382 226 85
1426 2224 86
908 566 87
2821 3413 88
1247 3135 89
2540 1601 90
2055 3550 91
1260 2404 92
420 9 93
2722 339 94
2165 3146 95
2150 508 96
480 2924 97
188 149 98
1709 1196 99
1102 3306 100
1346 2126 101
254 2357 102
894 618 103
938 3325 104
3408 2359 105
1010 465 106
3145 914 107
2015 2529 108
2491 318 109
2116 3432 110
3378 945 111
48 1416 112
2217 1118 113
618 3178 114
126 168 115
2701 839 116
2974 1847 117
279 1852 118
3291 1646 119
896 2731 120
57 3364 121
3181 2419 122
2418 1947 123
2547 853 124
816 201 125
109 595 126
312 2064 127
1199 609 128
2379 2613 129
784 1379 130
924 2741 131
2366 2017 132
1630 1235 133
1640 2005 134
671 1241 135
1748 2190 136
877 3005 137
2147 1925 138
807 2628 139
1525 1888 140
1123 408 141
1623 173 142
1828 2933 143
3012 287 144
612 3168 145
1909 457 146
788 1441 147
1451 283 148
1799 469 149
120 1158 150
3395 3291 151
2809 1921 152
3053 2199 153
1328 580 154
3071 1462 155
1767 1155 156
3189 797 157
894 1525 158
1555 3421 159
1088 3103 160
839 2724 161
2016 3057 162
1851 687 163
879 1705 164
1519 667 165
2745 2469 166
817 2293 167
55 1828 168
53 2693 169
982 2245 170
1117 2691 171
3479 3139 172
152 1770 173
1692 2429 174
654 643 175
341 3383 176
422 2389 177
2931 236 178
1659 1723 179
567 3201 180
3190 3169 181
599 2886 182
1578 3377 183
1194 1224 184
29 3386 185
3583 1840 186
3533 3155 187
974 3525 188
2533 976 189
1400 2142 190
2995 3246 191
2663 663 192
426 1011 193
644 2494 194
2587 1042 195
329 1290 196
1267 2086 197
317 2440 198
2845 1883 199
1104 831 200
1623 674 1
926 253 2
907 203 3
2175 1313 4
2272 1707 5
802 3407 6
1664 255 7
2991 446 8
284 1141 9
1937 3354 10
2313 1099 11
1860 1026 12
1263 485 13
2114 1410 14
1555 530 15
3582 1774 16
2304 1522 17
3597 1569 18
835 1909 19
3146 1575 20
3145 1411 21
43 91 22
2260 2320 23
1001 1706 24
550 122 25
2472 2296 26
1131 896 27
2936 2517 28
264 1741 29
3036 2676 30
486 2117 31
2114 3113 32
2010 2168 33
62 525 34
2406 1626 35
2761 293 36
1561 50 37
859 3542 38
350 2766 39
3321 2984 40
207 3062 41
2723 2410 42
2376 3288 43
3146 1771 44
169 29 45
3171 3507 46
507 1012 47
2147 512 48
598 2279 49
1640 3082 50
1410 2218 51
2650 1277 52
3415 1049 53
1738 3186 54
32 2836 55
1617 1383 56
3344 510 57
2615 1762 58
3319 2564 59
391 890 60
3544 2611 61
3333 2744 62
198 3593 63
1399 837 64
1536 1128 65
1459 1582 66
982 1536 67
2085 1374 68
128 2374 69
453 2937 70
188 3530 71
1870 3157 72
2525 3036 73
3343 3131 74
784 2906 75
2417 2827 76
479 1380 77
2969 48 78
271 3001 79
2497 3094 80
2328 3116 81
2007 145 82
1468 570 83
2209 162 84
495 1662 85
2828 2422 86
1881 1596 87
487 2893 88
3445 1716 89
1658 2701 90
3329 3595 91
1553 2100 92
1140 1520 93
926 2274 94
629 1275 95
2647 1873 96
2853 665 97
2313 2344 98
694 1423 99
3494 1237 100
2288 3320 101
3303 1763 102
215 2760 103
489 2388 104
655 2353 105
319 3449 106
2441 923 107
825 3044 108
2269 2854 109
3235 487 110
317 621 111
161 3405 112
2335 2509 113
2810 1960 114
1439 1356 115
102 2141 116
2950 2156 117
671 802 118
2356 2489 119
2269 2758 120
2738 2474 121
2097 1260 122
784 2851 123
3317 427 124
62 438 125
1160 2506 126
3117 1386 127
149 3040 128
62 2593 129
3268 197 130
648 3428 131
2498 901 132
759 1045 133
1220 1656 134
958 2807 135
2809 1405 136
2514 1052 137
99 586 138
561 3233 139
1013 1674 140
144 864 141
2719 2660 142
110 297 143
2687 2840 144
1371 858 145
3132 187 146
3291 1325 147
2895 1769 148
2831 2829 149
1475 108 150
2909 1527 151
199 2459 152
1358 2664 153
621 3280 154
3213 425 155
3058 3275 156
2064 373 157
1699 2264 158
2106 598 159
2874 1663 160
3495 1620 161
2551 3397 162
2687 584 163
1828 320 164
1088 1179 165
817 1717 166
3112 727 167
1628 3074 168
2365 2717 169
2139 3101 170
637 2695 171
2228 2450 172
41 3064 173
3385 2231 174
715 980 175
629 102 176
193 1986 177
1905 1904 178
1375 3427 179
2491 921 180
2917 845 181
2236 1280 182
1027 2927 183
2671 1425 184
1906 810 185
1977 2575 186
3431 1678 187
2033 2770 188
2940 1974 189
109 2897 190
29 3579 191
41 123 192
847 3469 193
305 2167 194
1586 930 195
2382 1956 196
2680 2339 197
3036 2116 198
3041 1164 199
1957 3008 200
1321 1168 1
3532 1018 2
2684 172 3
3196 1161 4
170 803 5
2841 2235 6
2958 1347 7
3375 1675 8
2799 2212 9
1202 280 10
3113 1898 11
1854 434 12
1533 78 13
2537 1192 14
1269 490 15
2546 2534 16
2836 1478 17
1371 2645 18
1116 3232 19
935 991 20
447 3065 21
2033 148 22
2352 1004 23
341 3547 24
1059 759 25
234 42 26
3284 2181 27
2258 696 28
1147 1591 29
2986 3256 30
3006 3380 31
1382 2503 32
3312 1534 33
2572 3323 34
762 1190 35
1727 90 36
2680 1481 37
2582 3398 38
1088 463 39
620 1820 40
2162 1740 41
2175 1445 42
1544 2749 43
267 1137 44
2836 1621 45
3557 745 46
2440 2327 47
1297 771 48
1903 1752 49
2060 397 50
475 645 51
1481 2060 52
2906 2307 53
1981 1914 54
3557 2501 55
3495 3202 56
621 3445 57
2424 1282 58
99 3358 59
312 619 60
2124 2143 61
1558 205 62
311 1484 63
503 3482 64
907 448 65
2987 1121 66
749 1681 67
3532 3248 68
2685 59 69
2672 3254 70
3159 850 71
3060 626 72
1160 139 73
3455 3492 74
1766 2018 75
1285 2594 76
2466 1861 77
965 757 78
3242 462 79
126 1414 80
482 2207 81
1675 1078 82
3358 1273 83
2558 2236 84
1970 1933 85
3284 2938 86
1990 409 87
2324 1800 88
2828 3404 89
3532 1936 90
2455 111 91
1089 2131 92
161 274 93
3451 3370 94
245 128 95
1496 3420 96
2255 2702 97
3147 2881 98
1855 744 99
2171 3328 100
1650 2811 101
2916 3344 102
618 2175 103
2722 869 104
453 3290 105
2536 3024 106
3048 6 107
1364 2075 108
1285 3159 109
2896 2091 110
1464 3272 111
2234 1408 112
173 2932 113
2334 1345 114
1879 3144 115
2278 2792 116
3229 1845 117
1722 905 118
1192 1365 119
3533 220 120
2614 2177 121
1730 1467 122
2960 3091 123
975 617 124
3421 2981 125
1290 1509 126
1798 3555 127
533 722 128
1298 385 129
2047 3208 130
642 51 131
2114 2059 132
2258 2523 133
1035 571 134
2000 1180 135
2389 507 136
2230 2137 137
1089 1086 138
2060 2536 139
238 515 140
2438 231 141
3351 482 142
1158 2590 143
267 2884 144
322 1953 145
3071 2598 146
940 2579 147
2160 1058 148
1395 344 149
3030 1454 150
32 2669 151
2239 38 152
1997 330 153
2779 299 154
199 2782 155
384 1420 156
2627 2541 157
2434 3338 158
3107 2748 159
405 1115 160
2543 217 161
937 1033 162
25 513 163
561 1729 164
3566 2639 165
273 531 166
1313 1816 167
1881 1748 168
1102 608 169
1561 3552 170
1507 521 171
270 82 172
1856 1726 173
328 2566 174
471 2145 175
838 3019 176
2752 311 177
2384 1468 178
6 1708 179
2671 1476 180
688 772 181
2815 2917 182
2033 2230 183
2219 2433 184
3089 395 185
1220 1518 186
2273 1050 187
1228 2315 188
109 453 189
2223 718 190
1374 347 191
943 2255 192
3437 2195 193
1426 2165 194
1286 3596 195
3472 1062 196
2799 1368 197
147 2502 198
2610 3496 199
987 2864 200
2298 3242 1
1413 2657 2
550 1609 3
1394 1876 4
2440 2832 5
3342 768 6
3159 654 7
3577 351 8
1222 210 9
856 1122 10
126 3348 11
2875 1781 12
1375 300 13
2828 1540 14
2766 3346 15
2842 3261 16
2836 3177 17
2157 2109 18
1228 2188 19
3314 1163 20
2299 790 21
1210 1789 22
117 3206 23
300 2105 24
3419 629 25
909 2463 26
732 672 27
965 458 28
2189 2739 29
1781 992 30
2948 773 31
95 1385 32
1267 171 33
2822 3340 34
622 1829 35
902 1090 36
3165 1710 37
3230 1560 38
726 332 39
1313 1973 40
2965 1634 41
3495 1439 42
27 3106 43
465 1469 44
3327 3392 45
1275 499 46
3000 1619 47
144 522 48
314 2844 49
892 265 50
1390 1874 51
2849 1923 52
207 2323 53
3255 3085 54
3486 1181 55
2842 219 56
64 244 57
2379 66 58
2117 2608 59
1274 710 60
3431 1689 61
3146 1804 62
2108 899 63
1507 3347 64
2773 1863 65
2060 2791 66
2041 2614 67
335 2530 68
3278 2046 69
74 1698 70
2258 418 71
314 3189 72
2522 918 73
567 3489 74
1069 1461 75
1901 936 76
980 2596 77
2986 1920 78
1314 2421 79
158 743 80
1612 1795 81
2389 110 82
3378 694 83
2737 1239 84
1438 999 85
2097 432 86
1070 327 87
2894 3351 88
1659 1886 89
1879 708 90
17 2812 91
3500 538 92
2719 144 93
2832 767 94
1730 2798 95
375 1788 96
907 28 97
3557 234 98
3497 3187 99
2995 1639 100
2441 2619 101
2601 1482 102
2909 1871 103
2075 3374 104
1778 1381 105
2821 1055 106
1217 121 107
109 256 108
147 1655 109
196 3318 110
112 3587 111
1277 1606 112
1995 61 113
1948 349 114
2896 863 115
1267 3058 116
974 2631 117
412 2689 118
344 1039 119
1978 1524 120
3286 1869 121
1957 2915 122
1265 2894 123
1193 979 124
1016 2321 125
1273 2397 126
1318 3143 127
695 2305 128
2170 2538 129
537 2111 130
3018 3199 131
1267 118 132
1328 3526 133
1730 375 134
2273 3458 135
1712 2244 136
864 705 137
2319 550 138
810 2398 139
1535 2554 140
2631 2783 141
1629 2957 142
1321 582 143
2000 607 144
2021 2550 145
2122 2577 146
289 2238 147
1901 2148 148
3215 796 149
1353 537 150
2616 1998 151
1343 2765 152
633 341 153
892 3327 154
1730 3532 155
3522 177 156
526 3035 157
2745 1083 158
1973 2364 159
3098 2381 160
275 1170 161
1855 1367 162
2203 404 163
2614 2682 164
2811 2716 165
968 1281 166
1837 1132 167
1026 1465 168
966 578 169
1599 1080 170
2562 677 171
2556 740 172
2269 2288 173
489 2655 174
2615 2674 175
1659 1151 176
3283 3393 177
3343 973 178
2309 3093 179
173 2146 180
3233 451 181
1213 2113 182
2224 2890 183
3330 1286 184
2507 3216 185
1756 207 186
1164 958 187
83 3042 188
2914 3151 189
364 3274 190
2801 765 191
148 2317 192
238 2133 193
2086 1971 194
378 657 195
3369 119 196
951 579 197
315 2813 198
2318 814 199
279 732 200
