4500 4500 200
273 769 1
2845 482 2
1406 2132 3
2059 1004 4
634 2437 5
922 3567 6
1462 684 7
2229 3409 8
1412 2878 9
3585 1504 10
2571 2608 11
3433 3192 12
320 1170 13
3461 4322 14
3219 2596 15
1430 1791 16
2484 1745 17
941 1058 18
1917 2748 19
957 1231 20
4002 2803 21
3943 3189 22
2193 3019 23
4468 1540 24
4178 34 25
3856 407 26
3664 1741 27
2203 480 28
4386 760 29
4084 85 30
4193 1509 31
3049 2797 32
1927 3800 33
1240 1678 34
3794 2111 35
4400 1047 36
1381 4197 37
4348 1045 38
3111 1746 39
2916 2945 40
2523 3345 41
1349 790 42
3048 2761 43
3333 818 44
1133 3364 45
3512 4205 46
4159 963 47
2615 1331 48
3539 3054 49
3566 1925 50
987 277 51
2458 1536 52
1435 4105 53
512 337 54
4148 2151 55
1853 3921 56
1271 2867 57
3189 3551 58
3453 220 59
1328 3862 60
2285 711 61
881 3592 62
2859 3401 63
2975 3955 64
1395 4312 65
4363 3684 66
2175 839 67
3181 1637 68
963 2923 69
4177 1496 70
2938 789 71
2195 3467 72
218 37 73
3861 2071 74
1142 4287 75
3435 3474 76
4207 3311 77
1352 3726 78
657 2884 79
573 1355 80
85 1748 81
4141 1253 82
2727 4146 83
3083 3 84
2584 560 85
852 402 86
3708 3550 87
1073 1387 88
3350 2433 89
3279 3227 90
3593 3917 91
665 4297 92
3480 317 93
918 305 94
2734 4122 95
3931 364 96
2117 4409 97
400 3621 98
2110 4051 99
641 494 100
3191 2737 101
553 4182 102
201 2818 103
752 802 104
3814 4262 105
2213 3387 106
665 4296 107
4398 1896 108
769 361 109
931 2590 110
258 1109 111
3335 1960 112
3430 2743 113
3855 3588 114
1146 3692 115
3997 2318 116
3778 912 117
634 2515 118
3279 1937 119
3613 1532 120
809 4072 121
1427 315 122
458 4014 123
3838 1617 124
681 2472 125
610 107 126
763 1586 127
931 897 128
3182 2209 129
1490 1258 130
4375 2724 131
1832 417 132
2799 4242 133
2336 1215 134
1500 2567 135
2265 2570 136
2592 3547 137
3671 3835 138
958 1604 139
790 1254 140
2538 3916 141
3402 4288 142
505 3424 143
3769 265 144
856 4147 145
4213 1676 146
2999 1598 147
1904 2476 148
2877 2121 149
2272 3214 150
3941 3705 151
3797 401 152
18 4132 153
3215 350 154
2265 287 155
3594 1650 156
2938 2754 157
1568 2577 158
1539 2637 159
2802 3274 160
2239 507 161
4077 1689 162
3347 3398 163
1498 4056 164
1486 2275 165
766 1378 166
2157 3967 167
1430 168 168
1055 3850 169
696 513 170
2412 680 171
919 1452 172
1523 1470 173
2908 436 174
3935 2494 175
1832 29 176
1949 3731 177
1913 2118 178
1076 248 179
1462 2601 180
612 3026 181
1576 299 182
18 4449 183
1181 2503 184
4065 3903 185
3938 1433 186
3750 1744 187
1348 2368 188
287 2081 189
403 230 190
118 138 191
3568 1017 192
3778 2234 193
117 2138 194
1968 4333 195
902 2135 196
510 118 197
2786 2704 198
4236 1467 199
429 2860 200
821 3040 1
1669 2238 2
4199 2155 3
4431 1544 4
2924 423 5
2960 3103 6
2776 4195 7
1101 4079 8
859 3922 9
2394 1986 10
1814 3768 11
4340 2864 12
1607 2747 13
987 3402 14
195 4164 15
3260 68 16
3963 1701 17
2297 3239 18
2491 35 19
1406 4279 20
1701 2430 21
4428 1555 22
228 3367 23
1634 3292 24
2481 2783 25
4109 4330 26
3264 2171 27
3037 4112 28
2520 4065 29
2498 2523 30
289 4074 31
1535 532 32
4055 200 33
569 3337 34
413 1353 35
963 1487 36
1540 2734 37
1865 1762 38
3615 2436 39
1110 2019 40
3237 395 41
3429 1736 42
3465 2672 43
1037 259 44
2855 3330 45
2482 1659 46
4307 605 47
4209 1382 48
1143 336 49
3494 3600 50
2091 1705 51
3696 1943 52
1388 2309 53
2642 75 54
2585 83 55
2840 808 56
1734 4212 57
2601 1309 58
3392 1029 59
3371 1742 60
692 1557 61
2482 2602 62
2041 501 63
2355 2728 64
1431 4315 65
247 4309 66
1573 1259 67
1157 1441 68
3280 2261 69
3371 1439 70
4386 3371 71
2711 601 72
1604 2606 73
3882 2093 74
3642 1766 75
3902 3671 76
1608 1829 77
1489 2061 78
53 723 79
3193 1072 80
2629 3314 81
4199 3999 82
1013 3653 83
3951 1974 84
3237 1853 85
2847 3804 86
1568 4485 87
4156 612 88
2058 4407 89
3726 333 90
710 3877 91
2870 554 92
3418 3151 93
1332 1901 94
3143 1002 95
3717 2955 96
2009 4005 97
2442 4226 98
3460 1622 99
2500 1213 100
1676 3920 101
805 2349 102
1675 2223 103
2975 1296 104
1489 152 105
3304 2790 106
2450 4232 107
639 1607 108
2539 3982 109
144 2516 110
3529 1816 111
3860 2444 112
1939 690 113
3179 3915 114
307 978 115
291 956 116
1474 4136 117
2988 2427 118
3645 2026 119
2803 2107 120
3173 1008 121
2924 819 122
616 1714 123
160 687 124
2055 3652 125
24 1221 126
3610 4171 127
3942 2246 128
2051 2559 129
2880 2195 130
3661 2459 131
1101 4011 132
2619 1886 133
1345 3640 134
1009 4016 135
1938 2129 136
2327 661 137
4466 1337 138
2589 4313 139
1106 3887 140
3303 1822 141
3153 1384 142
991 2621 143
2329 1468 144
3509 754 145
3467 2377 146
2937 110 147
3937 3190 148
1998 770 149
3374 158 150
1168 552 151
143 884 152
3135 330 153
2449 817 154
471 1860 155
2011 2768 156
3217 1861 157
1501 989 158
3124 3063 159
2207 2816 160
1349 404 161
231 2063 162
958 2711 163
4204 325 164
2657 2942 165
3195 1783 166
3104 74 167
1382 1003 168
3170 951 169
4036 4154 170
815 991 171
3310 4472 172
1513 870 173
4085 1503 174
2074 510 175
4054 4089 176
4181 3902 177
1961 4076 178
1081 3319 179
644 2586 180
1463 3528 181
2880 1397 182
1056 555 183
3350 3010 184
1845 1985 185
592 1538 186
2181 3411 187
2392 1247 188
146 3697 189
2641 191 190
958 2612 191
3510 3881 192
3417 4143 193
2175 2828 194
3113 1368 195
4084 454 196
3144 1101 197
3817 544 198
2642 828 199
3717 1110 200
2216 2191 1
569 1889 2
1080 303 3
2911 4452 4
3555 1411 5
2578 1980 6
734 2996 7
3931 1863 8
3949 188 9
2794 4121 10
2828 128 11
819 36 12
96 1210 13
2152 3101 14
649 1492 15
2468 3322 16
2728 4257 17
845 1301 18
1695 3747 19
2781 743 20
4054 530 21
6 831 22
3881 3180 23
3736 1906 24
146 1067 25
2136 813 26
3071 3728 27
1589 1173 28
1865 4291 29
3847 4052 30
2172 965 31
3582 3854 32
96 1739 33
2398 4267 34
3480 2403 35
3294 2042 36
1398 1358 37
2661 883 38
3095 709 39
834 2934 40
1583 3936 41
1164 3181 42
3943 2846 43
3686 3538 44
2186 1770 45
3798 3565 46
758 3249 47
1730 930 48
2273 269 49
1163 3399 50
3986 4000 51
1398 917 52
337 2313 53
1098 384 54
3684 1237 55
4197 3497 56
544 1697 57
1858 2907 58
500 3307 59
362 1724 60
4306 1984 61
4095 463 62
2051 2739 63
4316 3823 64
1539 4473 65
1159 3509 66
3024 4053 67
3179 197 68
1806 1138 69
2567 2013 70
448 1948 71
1359 763 72
2636 1585 73
2886 2646 74
3223 1876 75
1627 3187 76
3996 662 77
4177 2970 78
1698 2331 79
1049 1093 80
268 785 81
3503 3342 82
2482 117 83
485 1276 84
1256 2130 85
3494 3788 86
3489 619 87
1419 2812 88
153 4003 89
2103 1082 90
1013 2226 91
4209 3794 92
3024 2871 93
973 460 94
3572 1340 95
880 2477 96
3975 713 97
258 2336 98
2644 3335 99
1800 3225 100
3371 1888 101
54 2491 102
1964 115 103
2865 387 104
2117 1011 105
1165 47 106
1165 1690 107
3834 3548 108
3764 4174 109
2655 2367 110
300 609 111
1354 2738 112
3741 2372 113
4436 2422 114
3254 4355 115
2453 628 116
690 871 117
1406 1039 118
1150 515 119
1498 1464 120
238 1274 121
1244 2573 122
1600 3546 123
3610 157 124
4101 1032 125
1060 4278 126
66 2371 127
3033 2648 128
2362 733 129
4415 1069 130
4375 3480 131
2125 3433 132
1358 408 133
3218 1405 134
4165 571 135
2408 1149 136
2606 1646 137
1218 898 138
203 505 139
1539 1501 140
251 1934 141
110 2910 142
507 3179 143
4476 3715 144
769 1928 145
582 1048 146
2585 3021 147
1938 2012 148
1821 638 149
399 1905 150
1363 4289 151
3484 2383 152
2522 2562 153
181 2742 154
543 3659 155
3017 1572 156
2970 2616 157
823 3242 158
3157 4091 159
1146 993 160
1814 3925 161
3369 3182 162
3849 3056 163
1545 799 164
3974 4047 165
1863 1908 166
2269 1046 167
2596 3566 168
1165 2840 169
3801 311 170
941 739 171
2210 2174 172
4053 3719 173
579 1611 174
3175 1522 175
4406 4248 176
3597 2206 177
720 927 178
3049 1768 179
4122 1147 180
4216 1341 181
4417 4378 182
3619 783 183
712 2758 184
3723 1710 185
4447 2859 186
1327 1664 187
1298 32 188
1669 4095 189
2710 2762 190
334 3295 191
1680 1728 192
3347 2265 193
3024 622 194
2279 2922 195
2920 217 196
3564 2078 197
3554 4357 198
3886 2686 199
4136 3778 200
4375 371 1
2562 3466 2
4174 1023 3
2676 3949 4
923 4335 5
4016 193 6
3671 1478 7
2082 4426 8
2994 633 9
1577 2113 10
2247 1775 11
1851 4236 12
1352 2609 13
3619 1862 14
3662 2850 15
3607 113 16
2411 1632 17
3549 3829 18
1333 7 19
3161 1185 20
1519 658 21
613 4431 22
693 3130 23
3417 1682 24
3360 3228 25
1415 2753 26
3279 2959 27
3830 590 28
2512 2697 29
1037 3989 30
869 224 31
2748 4101 32
1289 3034 33
2708 3478 34
3931 801 35
1439 4450 36
4476 1462 37
318 3015 38
2711 3436 39
41 4222 40
3200 4342 41
2564 976 42
2379 3811 43
2862 1545 44
2265 112 45
168 1410 46
296 572 47
2890 1667 48
2387 3986 49
3484 1229 50
382 587 51
2360 1767 52
3783 3593 53
5 2863 54
1325 1372 55
3819 3825 56
3743 563 57
3809 3959 58
1130 1476 59
4483 4188 60
2041 1257 61
4298 2351 62
2317 4290 63
90 4388 64
467 2326 65
2085 3573 66
1665 3365 67
2535 3431 68
1797 3614 69
3730 4234 70
1957 2466 71
3418 3612 72
3178 1903 73
3786 1188 74
4016 2381 75
2756 73 76
903 3900 77
766 108 78
2787 841 79
1058 1790 80
2901 3114 81
3998 3647 82
1711 3423 83
3142 376 84
696 1668 85
1117 3264 86
2336 2128 87
337 1201 88
2525 1268 89
3399 4142 90
1142 2786 91
8 2100 92
285 4215 93
1483 4224 94
247 2000 95
4220 1732 96
18 2705 97
3975 3108 98
2172 2355 99
4166 4233 100
2074 1419 101
2011 2258 102
3737 1962 103
1004 972 104
3624 3188 105
362 4356 106
2325 4031 107
804 2094 108
3215 2822 109
1944 3879 110
237 1574 111
232 1277 112
1649 2240 113
537 1653 114
666 3896 115
4077 1597 116
2504 57 117
2305 4401 118
2051 3278 119
2712 2321 120
2209 3038 121
1517 766 122
4290 1727 123
4411 2095 124
2684 2529 125
219 1013 126
3577 447 127
4210 2732 128
2997 3756 129
682 326 130
1101 3572 131
1448 2756 132
2411 104 133
200 1495 134
215 4035 135
4204 1150 136
2947 4206 137
3636 1942 138
179 3210 139
3838 1235 140
1534 3308 141
3136 3155 142
1240 194 143
174 3733 144
322 3635 145
2948 4036 146
3816 784 147
1273 3277 148
2578 4220 149
2123 2184 150
2512 1605 151
1739 3898 152
3731 3485 153
3985 1679 154
2130 1325 155
3680 517 156
4417 4255 157
2503 249 158
3157 1473 159
135 3220 160
1249 450 161
2386 1771 162
1007 3834 163
681 3946 164
391 1321 165
3707 3688 166
2837 18 167
2790 2872 168
3849 2177 169
1981 596 170
2602 2914 171
649 3221 172
3491 583 173
2812 2289 174
1144 2709 175
3772 2595 176
1329 24 177
1301 3134 178
382 127 179
2408 4271 180
2083 3666 181
2789 267 182
1317 3291 183
556 174 184
643 2378 185
1751 3634 186
1151 503 187
45 358 188
3675 4196 189
3848 416 190
2781 3935 191
97 1638 192
1474 2554 193
2203 3995 194
166 218 195
2828 23 196
3931 2802 197
1637 3009 198
2781 3491 199
892 4145 200
4276 3501 1
3414 1130 2
4036 3858 3
2023 1305 4
849 3748 5
913 3183 6
3201 4099 7
1239 2935 8
1043 1095 9
4145 4038 10
4457 2260 11
1964 2125 12
3173 3351 13
3490 2729 14
3516 1127 15
2069 3864 16
2840 2363 17
3116 2517 18
4063 4380 19
2638 4471 20
3884 1335 21
3203 1774 22
3495 2855 23
3157 1474 24
1721 2045 25
3515 1424 26
3142 4054 27
188 4107 28
2403 4245 29
1966 3977 30
1332 502 31
501 3191 32
2862 3113 33
1431 909 34
3769 4470 35
2299 4477 36
4205 3435 37
3463 149 38
3950 2610 39
1604 3172 40
2778 3165 41
4323 3320 42
4260 492 43
1960 781 44
3925 2003 45
345 2018 46
1149 3313 47
2083 1156 48
1986 3505 49
3024 931 50
4116 1481 51
1692 837 52
3113 2710 53
1152 984 54
3281 2773 55
4048 2499 56
1000 1084 57
3622 229 58
228 1227 59
3157 2543 60
3630 1323 61
3770 860 62
1960 3219 63
2529 2853 64
2569 2827 65
1589 2144 66
1667 902 67
3132 2181 68
684 1425 69
3829 678 70
1790 3067 71
1473 1669 72
2051 953 73
40 3441 74
3452 856 75
2058 3927 76
2056 4127 77
2629 908 78
832 4125 79
3474 1246 80
1641 3120 81
479 126 82
958 2781 83
917 1034 84
3383 3058 85
445 2244 86
3289 3525 87
1473 1448 88
3144 2411 89
3816 2339 90
1173 4026 91
2336 3602 92
3585 4211 93
3745 3844 94
787 3761 95
573 3938 96
2147 1793 97
2985 2995 98
1188 3868 99
700 2382 100
286 4264 101
3274 1674 102
197 2320 103
1568 2346 104
2719 3527 105
2195 1940 106
4447 3651 107
958 3136 108
2271 1406 109
2781 3393 110
2820 4385 111
488 1403 112
3975 2997 113
3495 1123 114
865 243 115
1821 4270 116
1117 2322 117
359 4140 118
2428 1233 119
1540 465 120
253 338 121
1361 2804 122
2912 1750 123
268 1395 124
2909 3852 125
3642 2255 126
3145 1284 127
711 309 128
2597 2210 129
3912 933 130
2477 172 131
45 2250 132
3374 1265 133
1261 3694 134
3676 2817 135
2856 2083 136
2863 1947 137
129 4441 138
3121 692 139
804 442 140
3157 2682 141
650 858 142
108 3894 143
325 1176 144
1396 2036 145
1703 1280 146
529 1263 147
1049 2759 148
2396 566 149
3629 641 150
2086 2426 151
1960 4272 152
2924 2630 153
3974 2939 154
340 3175 155
4205 765 156
3775 2325 157
979 3287 158
4484 2278 159
956 4408 160
4136 2800 161
174 1872 162
2682 793 163
337 3289 164
3992 681 165
4157 506 166
2007 147 167
66 3968 168
4232 1080 169
4477 1603 170
1895 3087 171
1063 578 172
1852 3797 173
1589 1794 174
1160 4444 175
1215 3360 176
4213 514 177
2822 2750 178
1921 2505 179
2955 3512 180
3083 2474 181
2542 1849 182
2156 3941 183
1998 4343 184
1047 2897 185
2954 1119 186
785 3581 187
4122 3691 188
4408 4050 189
1262 1902 190
3215 479 191
856 1760 192
165 69 193
338 2971 194
2707 792 195
2495 2604 196
2779 12 197
187 2806 198
224 403 199
179 1778 200
1841 700 1
408 1351 2
1949 348 3
702 58 4
1218 190 5
479 4113 6
1568 3237 7
3347 87 8
4158 3079 9
4084 676 10
532 1414 11
2061 4427 12
2844 365 13
35 98 14
1041 779 15
461 4285 16
3471 3143 17
3912 2086 18
4373 3682 19
1596 51 20
2870 2162 21
4489 3115 22
3592 788 23
3839 3934 24
2394 1832 25
2710 1052 26
1149 433 27
2433 2815 28
832 1373 29
3494 2142 30
2271 3495 31
4002 1627 32
1413 3998 33
2911 3460 34
673 1643 35
3949 2680 36
306 1226 37
3886 664 38
4281 1317 39
4375 716 40
1535 2882 41
2347 2548 42
2480 1250 43
399 2775 44
3746 2905 45
317 2269 46
1705 396 47
189 3176 48
901 481 49
4481 76 50
4276 2826 51
2938 1513 52
3066 4013 53
1884 2305 54
4082 1592 55
2023 1956 56
3586 1436 57
2109 2008 58
3611 3909 59
1178 1427 60
3262 4429 61
473 439 62
232 2617 63
3867 2414 64
574 3405 65
3621 4325 66
3953 2763 67
3048 2294 68
1506 247 69
3981 1820 70
2691 1252 71
4185 1633 72
3922 1845 73
1349 2237 74
3603 1342 75
3909 3563 76
1901 2332 77
1814 971 78
1381 3257 79
1998 586 80
814 1079 81
1805 2421 82
1387 1909 83
2717 4319 84
439 360 85
2631 3606 86
4075 4493 87
1720 2384 88
4398 1973 89
1123 306 90
3182 1608 91
1417 2801 92
2166 4351 93
508 4201 94
3601 1028 95
4328 422 96
2575 3777 97
2676 3717 98
812 253 99
2924 2385 100
302 2488 101
779 4375 102
3684 316 103
4253 1115 104
2217 4387 105
1357 3919 106
219 1687 107
3819 368 108
2008 3713 109
2164 1100 110
873 3711 111
3090 22 112
3062 4131 113
3414 3299 114
1010 1249 115
3451 2938 116
1988 1267 117
3492 3372 118
2228 957 119
3494 2074 120
4425 2375 121
1722 574 122
582 958 123
1450 485 124
2855 3997 125
2673 738 126
2111 3890 127
3639 980 128
1007 2669 129
1138 427 130
4305 1216 131
153 3540 132
419 432 133
2371 4185 134
3781 1716 135
232 4062 136
3783 1158 137
3061 646 138
752 896 139
3371 708 140
3813 391 141
3208 212 142
219 2493 143
3521 891 144
3489 2404 145
584 774 146
796 2962 147
2828 2603 148
1742 3700 149
2169 4422 150
510 4249 151
2054 430 152
3132 2254 153
4222 3735 154
4053 922 155
1336 1177 156
3048 3403 157
2316 3905 158
2388 1161 159
2939 1510 160
2821 2079 161
1157 4110 162
2514 4456 163
1981 2651 164
4210 762 165
2998 3555 166
4276 756 167
1030 1006 168
4371 1056 169
3704 2703 170
3935 985 171
1687 3197 172
334 2450 173
1103 1570 174
247 1826 175
1447 2565 176
18 4399 177
2778 546 178
2176 4130 179
3517 4377 180
2437 1831 181
3610 1824 182
426 4126 183
3801 4046 184
3755 4301 185
2871 4490 186
3775 1990 187
4197 3036 188
2768 1255 189
3398 2583 190
858 968 191
3519 1749 192
3350 3648 193
2170 705 194
634 3153 195
2855 3816 196
4271 2552 197
3077 308 198
969 3660 199
170 3002 200
405 2187 1
2783 3542 2
4303 2921 3
4457 3250 4
1523 640 5
55 4365 6
2731 2861 7
797 1386 8
1689 2290 9
582 3206 10
1431 4468 11
2715 2576 12
4029 1175 13
2788 2701 14
1366 2958 15
945 99 16
2028 3710 17
912 771 18
592 4103 19
2522 3127 20
4002 1151 21
1966 3866 22
3498 3406 23
582 1911 24
3856 2877 25
3589 3517 26
869 9 27
3586 1796 28
3516 246 29
1137 2984 30
4261 2229 31
1140 1915 32
1679 2799 33
3144 1703 34
137 2443 35
1465 3118 36
146 2837 37
1869 2532 38
2118 1890 39
865 2220 40
450 1655 41
2468 3521 42
50 176 43
1305 2645 44
3097 3410 45
498 1807 46
3150 381 47
1037 1178 48
2030 1113 49
1703 1111 50
1540 3736 51
889 3574 52
1156 4497 53
781 3742 54
3019 3720 55
2997 3533 56
2908 4430 57
828 715 58
4364 144 59
1719 625 60
782 2838 61
517 2879 62
2010 804 63
1969 3965 64
411 4078 65
1886 111 66
1962 1444 67
3860 1717 68
2221 3084 69
472 944 70
3671 357 71
1641 1449 72
4183 2165 73
2988 3121 74
3842 4210 75
1007 1485 76
302 659 77
4261 67 78
248 196 79
1162 2409 80
2112 4191 81
2666 923 82
1876 2479 83
75 1514 84
2789 3937 85
454 1707 86
1412 3486 87
3806 1577 88
1451 519 89
2754 2849 90
1947 3064 91
2475 1989 92
2271 1407 93
3657 324 94
4339 3104 95
1868 1343 96
3368 996 97
1110 3637 98
2972 3442 99
4395 2178 100
1063 2431 101
174 1763 102
1728 1660 103
2012 296 104
909 2691 105
3347 3468 106
1751 3301 107
3730 2836 108
2058 548 109
92 4386 110
2259 1300 111
4084 822 112
1591 2489 113
1858 796 114
2948 3285 115
399 1186 116
3902 2964 117
2107 3204 118
595 1007 119
384 3397 120
4354 1260 121
2262 2744 122
1804 2419 123
1765 2659 124
160 2342 125
845 3095 126
3402 352 127
1946 1755 128
2068 686 129
4136 2986 130
382 4167 131
2972 954 132
2528 1044 133
1853 382 134
4375 2435 135
1913 2798 136
4453 603 137
3429 2994 138
2385 768 139
842 1021 140
4181 3383 141
3770 3097 142
1750 748 143
2512 2585 144
2784 938 145
3526 1549 146
400 4372 147
3330 4370 148
4302 2947 149
2394 2399 150
3143 3872 151
3610 1157 152
3431 1418 153
3195 4004 154
711 4282 155
497 3712 156
1986 3128 157
3601 1584 158
2494 2023 159
1498 1923 160
642 3553 161
987 4114 162
3997 4165 163
985 2718 164
60 4253 165
3219 832 166
1523 2841 167
649 1700 168
1901 3209 169
258 960 170
3839 1619 171
2246 2492 172
2758 706 173
3347 1957 174
3609 346 175
3166 4269 176
4402 747 177
3105 493 178
3003 553 179
1841 90 180
3972 3213 181
177 2395 182
3199 3993 183
3531 776 184
842 2407 185
4148 1454 186
101 1918 187
270 1040 188
2543 3069 189
1888 3417 190
3599 1554 191
2481 2241 192
3153 4390 193
663 920 194
2109 1172 195
276 2304 196
2676 3374 197
4032 1310 198
1278 2401 199
87 3487 200
3335 3145 1
3495 868 2
2955 4002 3
1359 2126 4
3977 2513 5
4371 775 6
455 1856 7
4194 3516 8
2994 1573 9
564 653 10
2646 1465 11
2037 810 12
1407 1137 13
2987 744 14
2881 1737 15
3146 1126 16
3586 4067 17
1124 531 18
1954 2391 19
1114 940 20
1048 2235 21
3869 3496 22
3429 649 23
2082 3077 24
1695 363 25
525 3125 26
1774 4060 27
1957 3005 28
2071 3138 29
3304 1606 30
1048 2169 31
3436 1734 32
2665 851 33
4108 2319 34
3682 3802 35
1345 3142 36
325 268 37
333 778 38
611 1461 39
1696 2919 40
320 529 41
230 3667 42
2711 2845 43
2002 3709 44
1000 1613 45
642 914 46
3603 86 47
3049 4129 48
902 647 49
3541 3463 50
2221 3847 51
548 3455 52
1701 2578 53
835 4081 54
1818 4008 55
4321 1319 56
2330 707 57
904 1142 58
3263 2869 59
3610 569 60
44 767 61
2216 2487 62
2606 2106 63
1111 164 64
3243 4068 65
2117 2496 66
3157 3147 67
2263 2224 68
222 3344 69
1600 2448 70
4359 3906 71
1216 1020 72
2575 2699 73
3797 1648 74
2099 3939 75
2792 1988 76
456 2296 77
4367 161 78
3971 3930 79
2632 4440 80
3805 1520 81
4453 2314 82
3685 2725 83
1806 1580 84
2711 2198 85
3895 655 86
1675 3685 87
3250 2678 88
2494 3727 89
2649 3066 90
933 1713 91
1069 2745 92
1539 1303 93
1705 1089 94
2596 4235 95
1474 2605 96
1237 1994 97
1787 4208 98
1747 66 99
4254 2043 100
1760 3746 101
437 1506 102
3029 849 103
3281 2279 104
3072 3679 105
873 4064 106
1634 2140 107
4295 2249 108
3623 1978 109
404 3798 110
817 2895 111
3720 1552 112
3180 2311 113
3462 207 114
1159 1631 115
1036 1684 116
1772 420 117
1366 2594 118
1776 1502 119
2948 3543 120
2555 2636 121
2030 3830 122
4224 4416 123
280 1482 124
4206 1587 125
2557 624 126
2641 2097 127
3991 4022 128
2033 473 129
1600 1981 130
379 2622 131
2765 2380 132
4481 4448 133
1330 2510 134
3221 4480 135
796 1322 136
554 356 137
2843 4499 138
2034 4088 139
2051 983 140
1998 2668 141
2271 2924 142
3369 2299 143
2204 3770 144
1217 623 145
2793 988 146
1951 2611 147
2687 1490 148
3083 1596 149
1543 201 150
822 1997 151
3628 511 152
3552 2046 153
2362 3801 154
1492 1499 155
1152 1893 156
41 2618 157
3447 1070 158
2294 1789 159
2951 3305 160
1039 3616 161
205 935 162
2828 2170 163
4386 3498 164
1803 2927 165
3461 1114 166
1224 380 167
3279 2581 168
2642 3459 169
2258 3987 170
1445 2183 171
697 3251 172
2680 1484 173
842 812 174
1689 2599 175
4450 701 176
4397 2620 177
4400 3686 178
801 2010 179
971 1217 180
3590 70 181
1969 1059 182
1315 2302 183
3965 2677 184
219 400 185
1215 4442 186
1381 123 187
1168 1899 188
1629 3843 189
1788 2439 190
2665 1174 191
1473 3445 192
2629 835 193
2002 657 194
4386 2671 195
1839 1792 196
1319 704 197
2781 512 198
945 4156 199
1057 2127 200
4221 2980 1
4470 2413 2
1285 727 3
3609 3760 4
1632 1642 5
1902 1851 6
4084 1726 7
1649 96 8
3975 3961 9
444 2315 10
2338 3942 11
676 1721 12
228 4276 13
1505 3340 14
2668 4400 15
614 3503 16
371 2975 17
91 1022 18
1814 187 19
768 2656 20
3653 688 21
1268 1695 22
4143 3325 23
1513 1125 24
2146 4092 25
302 3901 26
3555 2749 27
2168 3100 28
286 697 29
2551 4221 30
296 4376 31
2082 2490 32
262 1388 33
2475 3235 34
4042 2085 35
762 3075 36
2481 2769 37
1852 209 38
3176 4059 39
3732 2670 40
1056 2723 41
1629 4020 42
2657 2389 43
4397 3434 44
3061 2941 45
412 3465 46
3330 145 47
4307 809 48
2931 2141 49
582 3510 50
2512 1398 51
4150 2772 52
2219 2037 53
574 1875 54
2054 1218 55
85 3785 56
467 3378 57
3755 522 58
3113 2310 59
3152 1297 60
3014 4454 61
2644 3158 62
4152 3951 63
3389 4218 64
338 3065 65
4184 2830 66
1002 859 67
1568 60 68
3766 4172 69
2500 3404 70
59 2933 71
4143 3644 72
3281 2353 73
1840 1179 74
1111 1567 75
4405 3693 76
2299 1453 77
4476 682 78
325 3073 79
2365 1870 80
3585 3849 81
3652 2675 82
4476 3429 83
18 876 84
3552 2398 85
1589 1081 86
4063 2009 87
1749 1885 88
30 3150 89
4053 4229 90
560 466 91
3291 4034 92
1842 449 93
3095 1483 94
3902 2580 95
3558 329 96
1407 1615 97
3262 285 98
3822 618 99
3723 2951 100
179 3132 101
3393 2625 102
3337 2983 103
2706 959 104
676 736 105
3881 1194 106
756 591 107
3551 1212 108
232 1348 109
4302 476 110
415 2256 111
2244 561 112
2143 3524 113
3215 1675 114
813 1421 115
1322 3827 116
1492 1537 117
2737 378 118
1545 2555 119
4457 1055 120
235 3536 121
161 1677 122
1852 3980 123
3230 2060 124
1779 1018 125
4240 2674 126
4027 504 127
2041 1907 128
3038 2481 129
1906 162 130
3648 3774 131
1635 1602 132
1888 3248 133
3942 3139 134
1448 746 135
3205 446 136
779 1927 137
2283 2423 138
824 3672 139
189 1939 140
3984 1371 141
1055 2833 142
2781 2461 143
1350 3331 144
3235 3091 145
4234 3275 146
2715 2485 147
4068 2755 148
4437 2706 149
3688 2832 150
2302 3626 151
1796 1670 152
1233 1811 153
2208 4293 154
3836 1877 155
3440 2464 156
2617 1618 157
3900 4106 158
3017 1455 159
550 979 160
3882 2774 161
3839 3439 162
606 4258 163
2114 1220 164
2068 4037 165
4330 3681 166
1076 3096 167
191 1361 168
307 1190 169
3077 4418 170
3117 1818 171
815 1273 172
2513 3578 173
2626 142 174
4112 2228 175
2363 3670 176
735 1187 177
2033 718 178
4438 2333 179
729 2663 180
2461 339 181
295 1042 182
1242 1019 183
4379 166 184
4099 1291 185
2007 3865 186
87 1588 187
2310 1515 188
1080 3053 189
1278 2153 190
3571 3782 191
2990 1377 192
3472 636 193
1327 2182 194
2724 2197 195
2348 1524 196
613 3167 197
3103 3081 198
1792 1561 199
202 1459 200
2789 2881 1
270 497 2
3645 516 3
1462 1912 4
3814 2550 5
3046 3298 6
1642 2001 7
4282 455 8
2602 1314 9
1636 389 10
2185 675 11
1470 4169 12
555 4323 13
1474 550 14
2303 3699 15
2568 1356 16
2733 2152 17
1345 4337 18
3821 4299 19
187 2624 20
3279 2937 21
882 1543 22
2257 4225 23
2674 2901 24
2504 3408 25
1819 4108 26
182 3739 27
4150 3092 28
2002 2689 29
1144 4338 30
655 2424 31
4181 2795 32
3819 3690 33
178 3407 34
3195 853 35
4490 195 36
4302 2087 37
2918 245 38
3651 4061 39
4307 4049 40
2628 3828 41
87 92 42
4466 4204 43
2013 1671 44
1748 3520 45
3762 2266 46
2928 431 47
4040 2524 48
4485 1036 49
3157 1527 50
4109 2985 51
297 1357 52
152 491 53
851 4097 54
568 539 55
3781 2230 56
1033 1624 57
2871 722 58
542 464 59
3119 2203 60
3633 3236 61
1600 1308 62
3335 3783 63
3919 2740 64
3024 2642 65
3374 3929 66
2676 258 67
3690 3762 68
3707 2582 69
1535 3609 70
586 803 71
1285 2415 72
1421 3806 73
3416 3281 74
2585 3611 75
2616 1191 76
1367 2690 77
1209 2531 78
1820 3390 79
1949 2039 80
71 3837 81
3655 1078 82
3803 1971 83
3238 2537 84
2116 3229 85
3956 798 86
2675 2218 87
805 283 88
2596 3675 89
3967 2736 90
3203 2286 91
2642 721 92
2408 1251 93
1473 1563 94
911 549 95
421 2400 96
3274 4266 97
4302 2116 98
3335 4070 99
2657 397 100
3037 4015 101
2840 815 102
1645 1804 103
695 1271 104
2866 616 105
2841 3564 106
1597 3506 107
638 3430 108
4253 3772 109
395 1578 110
3518 3508 111
977 928 112
4359 2056 113
4431 272 114
734 2579 115
2729 4481 116
3709 3716 117
649 1610 118
676 1128 119
2800 3333 120
3874 691 121
2176 1076 122
832 3363 123
3528 443 124
1302 3595 125
194 2041 126
3296 3099 127
2881 2374 128
2788 2693 129
489 3504 130
1898 873 131
2793 1625 132
1827 3446 133
654 600 134
3544 4274 135
3971 1437 136
3467 1718 137
2619 1196 138
3465 3984 139
1176 199 140
426 169 141
4330 4066 142
2538 1330 143
1900 1038 144
4440 3388 145
2351 2202 146
2542 2928 147
1649 1842 148
502 1526 149
1316 2784 150
1412 3293 151
325 313 152
792 2211 153
3434 3534 154
1107 4347 155
1118 900 156
1041 2482 157
3181 800 158
299 1654 159
1315 4080 160
70 509 161
2283 3974 162
351 1051 163
1225 717 164
4248 2390 165
444 2936 166
1855 500 167
4415 939 168
702 2814 169
1889 1511 170
1300 2120 171
2647 4367 172
2626 3284 173
4457 2386 174
1885 1809 175
3992 4339 176
3125 755 177
3494 3904 178
1157 1698 179
1269 3954 180
2082 2634 181
2924 3610 182
144 3161 183
1407 4181 184
4070 2793 185
2377 4009 186
4464 3790 187
2545 2535 188
92 2194 189
2468 3889 190
3350 3386 191
3324 1206 192
444 2998 193
3898 2591 194
2068 426 195
1348 240 196
2855 488 197
4247 2888 198
4289 2167 199
1806 3874 200
3347 3173 1
2578 1720 2
2560 3502 3
3781 3400 4
973 981 5
3999 4187 6
4068 4404 7
146 525 8
4054 3518 9
4140 1982 10
2215 1817 11
1640 495 12
2508 1350 13
2044 3950 14
2387 1016 15
3764 1825 16
3404 71 17
1197 4455 18
2541 2179 19
2101 838 20
3148 4252 21
1470 345 22
844 4467 23
1101 3030 24
4169 2158 25
4070 2694 26
1960 81 27
1911 4247 28
2222 3523 29
314 1628 30
3449 524 31
483 1118 32
3362 2735 33
4394 3420 34
556 1316 35
4065 1935 36
4094 3789 37
2152 3014 38
3398 2885 39
1407 3895 40
408 1292 41
1880 943 42
2271 2856 43
650 639 44
2989 2848 45
268 3373 46
2917 3676 47
3346 1685 48
3395 6 49
232 31 50
3465 4240 51
177 3661 52
2835 3554 53
1570 2096 54
1090 1559 55
4371 1293 56
1481 2915 57
2682 2545 58
3747 3557 59
2540 3039 60
3049 231 61
1876 3255 62
3237 2673 63
4243 4163 64
1129 4344 65
2023 2072 66
4145 693 67
2622 1153 68
946 3440 69
4427 637 70
4295 4128 71
648 3044 72
1991 2159 73
2113 1311 74
3129 2898 75
472 4403 76
2955 1159 77
4261 751 78
362 702 79
1607 2811 80
523 1833 81
1025 937 82
1413 903 83
4144 2940 84
3347 3049 85
2488 2232 86
2829 2456 87
1144 3477 88
2033 375 89
1872 2164 90
3992 2347 91
430 2394 92
473 2557 93
2169 2716 94
1110 2379 95
1524 132 96
3293 881 97
2887 475 98
1130 3226 99
709 3168 100
268 3462 101
1589 3448 102
3369 3244 103
3076 2979 104
476 1583 105
1362 3156 106
846 758 107
4330 4025 108
2716 4371 109
4327 2556 110
1683 1136 111
606 282 112
291 4406 113
3539 916 114
2299 1976 115
192 3958 116
1187 2767 117
1747 3140 118
3335 1223 119
682 2558 120
958 2782 121
129 3185 122
904 50 123
1568 189 124
3283 1239 125
3619 1813 126
3283 1031 127
1580 2572 128
682 3037 129
4293 284 130
1509 4411 131
1851 288 132
3949 2478 133
1094 3370 134
4468 2222 135
2249 3515 136
2936 533 137
2056 2649 138
1858 2512 139
2002 3394 140
2649 1098 141
2836 2627 142
3496 4227 143
1816 301 144
224 3584 145
4232 1389 146
601 3842 147
2312 1307 148
1583 4281 149
267 3166 150
1345 3261 151
4199 3368 152
880 2213 153
444 1772 154
1073 4364 155
2865 2131 156
2618 2839 157
2841 1782 158
90 133 159
4179 3282 160
44 3649 161
444 1879 162
3237 334 163
2724 4238 164
2289 4141 165
2068 650 166
273 1814 167
1470 1359 168
3283 1630 169
1033 370 170
3260 359 171
1381 2978 172
1550 4259 173
2794 934 174
2298 4439 175
4405 627 176
101 1043 177
2398 1575 178
1332 4040 179
3322 3880 180
2630 1852 181
3811 418 182
4113 3074 183
406 4241 184
3929 1562 185
3572 1025 186
4129 38 187
4393 1195 188
3024 2050 189
1118 10 190
4405 2428 191
2342 1891 192
1419 559 193
3521 2726 194
4012 3476 195
2213 1064 196
4308 1132 197
2127 3957 198
1226 278 199
297 2335 200
1899 3499 1
3964 2563 2
225 77 3
3568 2217 4
3429 3022 5
3058 2388 6
2091 683 7
2463 1236 8
769 3042 9
2556 271 10
2793 1458 11
1879 302 12
541 4331 13
2193 2587 14
3816 4186 15
4181 1865 16
139 130 17
4294 1116 18
566 961 19
686 2776 20
3115 135 21
4383 2104 22
2283 645 23
766 3085 24
2303 185 25
1325 4086 26
3496 1344 27
4405 1400 28
877 4057 29
1683 1805 30
3911 2287 31
4240 2950 32
1450 3821 33
3167 518 34
1794 4041 35
2198 2460 36
2174 2681 37
2606 4 38
222 1878 39
3258 2896 40
1991 955 41
3474 1369 42
2892 4239 43
2555 4180 44
404 4350 45
4176 254 46
3416 865 47
3451 1450 48
4366 2930 49
352 1181 50
649 3483 51
3708 2029 52
4109 2592 53
1178 2858 54
3560 2917 55
3552 2638 56
2165 1558 57
1483 2227 58
35 4437 59
404 1564 60
2074 2103 61
2668 4207 62
1331 3247 63
525 82 64
2748 3068 65
913 1972 66
1792 3531 67
3294 2722 68
4346 4314 69
512 4055 70
338 648 71
4093 4469 72
3158 2201 73
3610 3769 74
1174 3795 75
1692 1155 76
174 211 77
2509 1959 78
3162 3884 79
1476 1240 80
3190 1075 81
2271 845 82
2074 2613 83
919 3784 84
2590 1810 85
3163 3379 86
334 1336 87
4397 4083 88
1743 731 89
3593 1780 90
2379 3628 91
1777 3013 92
3757 826 93
3801 3016 94
564 3126 95
2955 3636 96
3546 4148 97
4204 1590 98
3471 925 99
293 1961 100
3013 2926 101
1138 3341 102
382 1133 103
2951 3992 104
1462 1224 105
1259 772 106
3808 4044 107
993 888 108
1335 806 109
2671 3272 110
3908 3668 111
1008 1565 112
4170 999 113
2385 970 114
2651 1392 115
3049 1954 116
461 4001 117
3601 3223 118
4094 2200 119
2172 611 120
3188 2032 121
1339 2835 122
2831 4033 123
975 651 124
3468 694 125
3014 150 126
412 3199 127
1943 4231 128
4453 2084 129
1008 3873 130
1883 61 131
332 4341 132
1763 882 133
619 1661 134
2822 2344 135
4109 3369 136
2258 1913 137
649 2807 138
3561 3222 139
1486 787 140
200 1616 141
4406 183 142
643 1722 143
1501 4492 144
817 3361 145
904 1658 146
1421 1428 147
3539 1148 148
1118 4460 149
1041 2271 150
2931 4318 151
3108 4030 152
3412 260 153
1030 3511 154
3640 2501 155
621 3419 156
3531 3457 157
2024 2264 158
3425 816 159
1463 341 160
4260 3596 161
1376 3253 162
359 654 163
600 88 164
2848 26 165
3963 4228 166
3984 1843 167
2197 2549 168
684 242 169
3371 219 170
1541 3348 171
325 19 172
146 3294 173
1275 857 174
952 3580 175
3836 3231 176
1709 2334 177
829 2327 178
590 2808 179
3509 39 180
1239 477 181
1844 2406 182
2043 15 183
4081 153 184
3584 4149 185
712 2449 186
4131 347 187
3022 2902 188
1013 4010 189
3460 1759 190
2699 2780 191
2019 1085 192
4364 3599 193
2862 2468 194
2413 3382 195
755 2252 196
158 2571 197
2221 4366 198
690 4115 199
2429 2108 200
4453 4294 1
2642 3624 2
2629 2540 3
2803 3106 4
2716 2446 5
102 2506 6
2636 4024 7
2894 3522 8
595 3940 9
2581 94 10
1691 4118 11
613 3924 12
2540 1781 13
1466 393 14
2855 1261 15
302 1815 16
4243 3750 17
2941 1612 18
3462 89 19
779 3732 20
4116 4465 21
1769 3276 22
865 4190 23
2359 3083 24
735 3203 25
2969 820 26
1604 986 27
3942 2944 28
2019 3451 29
2169 728 30
1166 1306 31
582 1413 32
1763 1991 33
4046 3832 34
2050 737 35
1683 2796 36
218 2124 37
3467 1477 38
1745 1621 39
1494 1166 40
2936 1868 41
4235 2069 42
1976 3051 43
3839 4159 44
17 2521 45
3139 2821 46
2222 1519 47
754 4495 48
1010 1262 49
2765 2819 50
3857 2598 51
1360 2684 52
574 2778 53
2294 667 54
632 621 55
1413 1917 56
2575 1290 57
1692 3908 58
1137 2575 59
1498 1438 60
3379 1466 61
1980 1346 62
4169 3683 63
1312 2717 64
3166 30 65
3346 3779 66
1328 3871 67
1739 4433 68
1722 2731 69
829 3238 70
510 3857 71
1791 2932 72
2676 1431 73
801 3664 74
1868 1050 75
1615 1197 76
1265 3513 77
911 2522 78
3436 3356 79
3778 2685 80
268 468 81
638 615 82
2435 1965 83
4301 3355 84
2005 349 85
372 4023 86
3699 2048 87
4476 1287 88
488 3047 89
299 388 90
1123 3819 91
957 3216 92
1648 3321 93
1667 3286 94
2473 3723 95
273 2007 96
2315 1060 97
3903 4073 98
3193 3597 99
210 3144 100
4051 1409 101
54 2647 102
1275 4363 103
4181 444 104
2268 2017 105
2863 3033 106
2198 3729 107
2249 244 108
3981 3035 109
881 842 110
4477 469 111
4248 3218 112
622 2192 113
4084 2551 114
3983 2766 115
3984 1696 116
3192 1324 117
1540 3833 118
4222 453 119
569 3452 120
3031 2712 121
582 3414 122
1142 3988 123
644 3461 124
3157 3848 125
3142 2787 126
988 2434 127
3125 3062 128
2848 3170 129
1974 4432 130
3596 3018 131
2019 4048 132
4369 3878 133
650 2486 134
2869 151 135
4447 4042 136
1969 2953 137
3715 1998 138
904 1640 139
1151 2276 140
4295 889 141
444 1743 142
711 1729 143
2007 2641 144
3534 2991 145
766 2831 146
301 3352 147
3172 2248 148
3129 665 149
1359 4420 150
989 588 151
3495 154 152
2750 741 153
694 3824 154
3494 3678 155
2083 3268 156
2779 2770 157
326 471 158
3943 2033 159
4321 610 160
2870 2597 161
3393 498 162
155 255 163
4294 467 164
3157 3233 165
1473 893 166
3877 124 167
1330 2520 168
215 3302 169
889 4417 170
4457 1374 171
676 2193 172
1146 4369 173
1446 3590 174
126 1919 175
1955 3259 176
53 4358 177
3725 4273 178
492 3273 179
3593 3758 180
2993 2760 181
4165 1620 182
2482 668 183
2144 3560 184
2249 1723 185
2629 1106 186
615 1828 187
3547 410 188
1345 3098 189
581 41 190
4209 2221 191
1159 2789 192
586 2272 193
147 3796 194
2994 1063 195
1600 1332 196
1283 827 197
4276 1505 198
2162 2242 199
247 1211 200
210 1830 1
334 3507 2
760 2025 3
4162 1134 4
3961 3375 5
4291 3642 6
821 3704 7
1 2809 8
196 3296 9
3264 745 10
2474 1844 11
743 2215 12
1832 1920 13
3902 613 14
1159 3638 15
511 1715 16
1063 332 17
3429 483 18
3956 3745 19
1209 1663 20
332 679 21
1757 2920 22
3992 3539 23
771 221 24
3512 4177 25
3193 3674 26
4173 486 27
1130 734 28
461 353 29
3731 3027 30
1821 2880 31
2265 21 32
559 3193 33
3048 4237 34
1632 1547 35
1348 456 36
3111 3045 37
3781 677 38
1431 2172 39
1258 703 40
1376 2498 41
4232 3641 42
4176 2906 43
779 1329 44
1002 2303 45
3985 2186 46
2225 3316 47
3884 2268 48
1760 2553 49
127 3271 50
2856 2345 51
222 155 52
1005 3952 53
2707 251 54
3347 3082 55
3250 1910 56
2046 1124 57
170 4102 58
1188 2392 59
1257 3530 60
1758 4382 61
371 2664 62
1776 499 63
1011 225 64
3473 2049 65
1412 331 66
3043 2281 67
2172 2365 68
1360 3912 69
1546 2943 70
2364 2102 71
4489 1402 72
3925 2257 73
3887 3605 74
1430 3116 75
4008 1066 76
886 2340 77
3300 1855 78
234 4300 79
1904 3377 80
1863 344 81
2460 3841 82
1479 1800 83
4349 3650 84
472 2698 85
297 2168 86
1347 2447 87
2685 1731 88
1028 1313 89
66 3149 90
554 4090 91
1646 1874 92
1489 3537 93
1489 1475 94
2346 3178 95
4369 1672 96
2762 1326 97
2942 3885 98
53 1996 99
3007 2794 100
445 2969 101
4328 2089 102
1461 629 103
1576 1370 104
490 4268 105
1194 372 106
1523 577 107
106 4275 108
2190 63 109
3386 2410 110
3398 97 111
3704 1914 112
4420 2370 113
954 2890 114
4063 3217 115
3127 1967 116
503 1315 117
4361 689 118
2802 1146 119
3839 354 120
3846 3771 121
2973 2607 122
4470 1264 123
476 177 124
2768 879 125
3416 2785 126
3215 1709 127
3144 3152 128
3347 2653 129
1545 206 130
1316 3918 131
2451 2110 132
1711 2480 133
3849 462 134
3689 4483 135
3619 3093 136
778 3990 137
1063 4453 138
1461 1542 139
1684 1451 140
655 478 141
3335 3706 142
1747 3297 143
2023 2857 144
881 3154 145
2795 2356 146
3382 887 147
2984 749 148
1493 1270 149
2521 4304 150
2481 1706 151
2339 4199 152
573 904 153
1262 538 154
400 440 155
3387 235 156
85 64 157
4457 536 158
4414 846 159
621 3625 160
2303 3453 161
3736 210 162
2585 3078 163
3717 573 164
2128 4039 165
1994 2263 166
155 3882 167
819 585 168
2024 445 169
476 1399 170
3518 4192 171
4366 3198 172
1265 861 173
556 4077 174
2376 750 175
1357 1983 176
3872 2308 177
2227 451 178
4196 671 179
579 1404 180
1063 2508 181
1700 2982 182
4211 2366 183
169 3385 184
110 1601 185
4294 3484 186
2980 2432 187
3974 1320 188
352 2143 189
3554 2483 190
2880 3876 191
2043 3006 192
2396 2891 193
2256 3086 194
17 2589 195
1298 1494 196
1757 3124 197
4051 4396 198
1629 3754 199
4189 2259 200
3423 3384 1
3848 1752 2
2398 4200 3
3874 1086 4
872 3252 5
1359 351 6
3666 2715 7
2145 4043 8
3927 4170 9
1672 4284 10
319 1788 11
3304 120 12
1989 3028 13
1055 2251 14
1381 2614 15
2050 1285 16
3201 2270 17
3585 595 18
2957 1529 19
502 264 20
2101 2771 21
3618 3458 22
2192 4032 23
3429 405 24
4098 2900 25
589 3994 26
585 3300 27
4362 3327 28
3723 1352 29
285 4075 30
604 2657 31
1584 109 32
1569 2189 33
1989 1635 34
411 2655 35
798 1546 36
2750 3869 37
862 1623 38
650 184 39
1740 1895 40
3212 3288 41
1486 2455 42
2617 2316 43
863 3413 44
1173 2092 45
3115 2188 46
808 878 47
2951 962 48
2148 597 49
838 3011 50
1463 1711 51
1808 2099 52
4042 3171 53
2644 2500 54
1537 1784 55
940 3562 56
1150 65 57
3144 3148 58
3451 1647 59
3781 3449 60
2265 4124 61
3989 824 62
1006 4184 63
3887 2541 64
3643 4292 65
4468 1600 66
3808 3529 67
289 1765 68
1229 652 69
2975 234 70
3779 607 71
2176 2727 72
960 3102 73
2916 1272 74
4245 3008 75
3704 2306 76
3166 484 77
2886 1054 78
3003 3072 79
3299 2892 80
611 1469 81
720 103 82
2555 2631 83
838 2277 84
2228 121 85
447 3969 86
228 1802 87
66 2912 88
606 4329 89
1407 2629 90
3461 2834 91
2477 967 92
3769 3488 93
780 1594 94
3846 1279 95
413 3836 96
2118 3654 97
1849 159 98
2586 3110 99
2215 2297 100
3909 256 101
1554 1857 102
3013 4155 103
1041 412 104
2843 1423 105
3205 3001 106
1669 3907 107
643 3755 108
1285 4384 109
2597 4202 110
2209 2292 111
3428 3892 112
3182 59 113
900 910 114
82 946 115
2522 1140 116
4375 4295 117
2045 2497 118
1770 3519 119
1237 343 120
4052 3426 121
3633 136 122
1889 379 123
2702 1204 124
4487 850 125
28 3159 126
224 238 127
3585 198 128
973 4464 129
1645 2518 130
1301 1333 131
3540 4265 132
1178 223 133
1625 2987 134
543 2442 135
2996 4119 136
2933 1228 137
3552 1096 138
3603 3633 139
3104 1282 140
2564 3023 141
3235 452 142
1005 3471 143
1178 4336 144
1571 2851 145
1152 2569 146
3735 487 147
4006 608 148
2912 4137 149
3215 1122 150
3775 4397 151
3024 2024 152
51 2471 153
1887 1952 154
82 1673 155
976 1312 156
3846 3535 157
1369 698 158
1050 472 159
3438 2298 160
232 3809 161
2118 2961 162
57 1364 163
3715 3354 164
1136 3724 165
1011 2212 166
3369 634 167
3350 1278 168
4393 1656 169
3173 1420 170
650 362 171
2711 2225 172
2870 3643 173
3721 1390 174
3336 1380 175
783 4500 176
3360 2440 177
1921 3721 178
2477 2418 179
1575 2650 180
4242 814 181
2756 4348 182
3012 847 183
258 2862 184
48 3703 185
1814 1360 186
2845 1798 187
1130 2948 188
1278 1241 189
3707 2813 190
2004 2458 191
1726 3838 192
1715 1871 193
444 2644 194
2289 4134 195
1111 1131 196
4468 4414 197
4276 867 198
3112 4354 199
1777 3996 200
2870 735 1
1874 4498 2
325 49 3
1298 4328 4
956 1528 5
1178 105 6
553 753 7
4128 540 8
4200 4462 9
1137 921 10
2907 2216 11
2865 669 12
2401 3000 13
2867 2700 14
2684 3891 15
2239 1866 16
2862 3212 17
931 399 18
3993 3107 19
468 4017 20
3610 941 21
3893 2454 22
435 1035 23
3090 3312 24
1087 125 25
3555 4085 26
2111 2810 27
2907 3146 28
4316 2615 29
4194 3362 30
1157 579 31
2070 1171 32
1242 2544 33
490 3807 34
3151 4152 35
2435 1304 36
1436 4213 37
3747 1799 38
940 280 39
3357 4168 40
569 807 41
2516 3123 42
511 4459 43
3727 1764 44
1279 2285 45
2359 3570 46
1349 1869 47
3297 394 48
2011 2293 49
3519 310 50
219 1245 51
1409 2633 52
2386 2918 53
1945 409 54
1227 1480 55
3594 3913 56
3585 279 57
3717 2741 58
3270 1936 59
3949 2665 60
4063 4160 61
3957 844 62
2204 4424 63
3155 1219 64
443 2231 65
2387 998 66
1241 3945 67
822 1202 68
437 1966 69
4054 725 70
941 3094 71
2235 1930 72
4386 4484 73
3867 1000 74
2786 1963 75
390 2777 76
2925 3412 77
3066 52 78
1461 4389 79
2271 411 80
3213 2267 81
1584 2765 82
1027 3545 83
3645 80 84
2859 1401 85
3237 2359 86
419 134 87
1801 327 88
3610 1112 89
4181 1349 90
273 880 91
261 2533 92
4084 3601 93
2247 834 94
2880 293 95
1117 942 96
3042 3604 97
2312 2405 98
1336 435 99
3315 777 100
157 3552 101
797 2992 102
4110 4368 103
1101 4173 104
3693 3359 105
40 1163 106
2602 2976 107
2456 1995 108
1683 3757 109
3581 263 110
2485 3791 111
2982 1222 112
4226 1566 113
1847 1266 114
2467 2639 115
234 1088 116
87 3810 117
1445 632 118
640 2016 119
1902 575 120
3931 3582 121
3112 987 122
641 2640 123
2175 1858 124
4317 3820 125
2068 2825 126
4405 3315 127
2087 875 128
3121 2307 129
146 1294 130
521 425 131
3618 1681 132
1747 4359 133
3392 1162 134
1957 1751 135
2625 3669 136
357 2679 137
2856 5 138
1370 918 139
3823 180 140
3443 3677 141
1527 1993 142
2147 1924 143
2363 438 144
2175 1289 145
857 672 146
2881 4193 147
604 3017 148
2555 3753 149
4156 4045 150
2256 3708 151
2283 3070 152
2641 2887 153
454 46 154
2590 1129 155
1283 1686 156
1797 825 157
3521 2156 158
2377 17 159
1308 3911 160
1746 2600 161
2324 262 162
2535 3470 163
2030 4096 164
1058 3043 165
2658 2526 166
1170 2566 167
41 4474 168
4426 413 169
1980 3859 170
2881 2791 171
953 4436 172
1494 3696 173
2172 3619 174
2166 1354 175
1922 567 176
501 1591 177
2492 2463 178
3024 1165 179
1256 542 180
4462 1932 181
2671 429 182
1056 2075 183
239 448 184
3416 2719 185
4327 4104 186
1680 4006 187
3594 2239 188
849 854 189
4208 1873 190
819 1641 191
4028 3608 192
413 392 193
3135 2643 194
4359 1104 195
3254 2683 196
3586 3473 197
4240 383 198
1396 3577 199
72 4413 200
2491 2713 1
243 4361 2
750 2105 3
4410 1242 4
1269 1199 5
2601 1541 6
1776 4298 7
4206 2360 8
1323 294 9
3364 2929 10
1486 3162 11
1692 4447 12
1786 670 13
2387 275 14
1965 791 15
2252 2661 16
2724 2329 17
1665 3318 18
503 1014 19
1684 1662 20
3678 2720 21
134 2397 22
3661 4391 23
3173 3812 24
1070 3646 25
3281 3615 26
303 2873 27
752 33 28
2074 2911 29
3050 3059 30
3371 3964 31
87 3883 32
1227 2654 33
4136 4373 34
815 419 35
3451 415 36
3163 3773 37
465 1010 38
903 1821 39
2208 489 40
1227 4458 41
2988 1283 42
187 1442 43
2924 2011 44
31 1837 45
929 4071 46
3984 3304 47
3809 1144 48
904 4321 49
1012 1614 50
2127 3701 51
3349 295 52
110 1761 53
218 398 54
4281 973 55
2227 2324 56
2235 1238 57
3148 170 58
2243 374 59
1337 527 60
2058 4443 61
4002 1381 62
1398 4421 63
873 570 64
3944 4223 65
2222 4394 66
4152 1026 67
3305 593 68
4424 4244 69
3555 2509 70
2891 1334 71
2442 1393 72
2129 4340 73
3112 1192 74
3346 1883 75
1240 764 76
157 3923 77
655 1512 78
3639 208 79
3736 740 80
1723 1077 81
399 3839 82
3129 434 83
2588 674 84
823 2852 85
765 895 86
3664 543 87
4332 4326 88
642 2874 89
4288 292 90
661 2136 91
821 2913 92
3902 250 93
582 2412 94
1434 2091 95
3610 581 96
774 213 97
2418 3655 98
2151 4153 99
1425 2438 100
525 3792 101
431 3867 102
1315 2147 103
4139 414 104
1946 3514 105
3442 3326 106
1842 102 107
111 719 108
4254 2185 109
1385 1062 110
1760 3695 111
4010 794 112
4218 4018 113
2386 3336 114
3605 589 115
1689 4150 116
1642 3088 117
430 1589 118
1699 915 119
1376 644 120
259 274 121
2874 3323 122
3354 53 123
1156 3052 124
801 2176 125
2635 2062 126
2504 3764 127
1998 4250 128
4222 1087 129
2260 3663 130
1201 1120 131
3495 3893 132
3636 3853 133
2842 4479 134
2461 4087 135
3114 1892 136
96 1725 137
201 557 138
2565 4251 139
3955 926 140
3350 2453 141
2715 1396 142
3861 1758 143
3343 2273 144
1461 3164 145
3224 3246 146
911 3766 147
1620 116 148
174 2588 149
482 2190 150
1601 2823 151
1006 3432 152
1142 1964 153
1085 2058 154
2312 3870 155
299 3381 156
1133 3141 157
15 2844 158
2182 2160 159
80 1629 160
3467 2301 161
3829 300 162
273 4277 163
4311 1652 164
3016 4111 165
2953 3639 166
3163 314 167
222 226 168
833 4280 169
218 369 170
3125 3346 171
404 2233 172
4208 4019 173
916 304 174
239 386 175
2051 2027 176
1589 2068 177
903 1808 178
4293 2358 179
2402 4306 180
1547 2805 181
2148 1803 182
2734 3781 183
1662 1416 184
3924 1107 185
3495 2981 186
2971 1525 187
3173 146 188
291 3245 189
3589 131 190
2132 3032 191
4468 1657 192
4061 2373 193
1010 3303 194
3975 4491 195
4000 2134 196
201 3627 197
1392 1958 198
755 3258 199
2685 1945 200
601 3863 1
4316 1184 2
723 3232 3
1005 2354 4
4441 3256 5
882 2053 6
1482 4123 7
44 2467 8
4254 2708 9
2415 3012 10
2960 289 11
4267 2457 12
128 3751 13
181 3558 14
1814 3202 15
2282 2119 16
4243 3076 17
2722 2824 18
3279 3421 19
1165 974 20
2870 2117 21
75 3629 22
454 821 23
1339 4410 24
1607 322 25
3483 129 26
2751 4349 27
1395 2752 28
3542 1286 29
2222 1834 30
1635 3444 31
1218 3860 32
3629 3741 33
3444 919 34
3600 3427 35
1050 2662 36
466 3089 37
779 3416 38
1875 1548 39
2482 3943 40
3794 1649 41
1013 4463 42
4474 1534 43
1298 1730 44
4002 298 45
4430 3740 46
4449 528 47
1947 4334 48
897 3112 49
2442 2530 50
3125 3350 51
3991 3425 52
2068 1521 53
2054 232 54
603 321 55
2994 1719 56
3119 4434 57
295 4496 58
265 101 59
2524 2350 60
2359 4435 61
354 1645 62
2453 1205 63
3429 4198 64
3753 2623 65
1700 3813 66
1388 2022 67
330 833 68
2101 3207 69
1359 2949 70
3183 1904 71
642 3234 72
3867 276 73
1430 1867 74
691 3718 75
3661 836 76
2520 3645 77
1587 2295 78
1816 2015 79
1705 936 80
4457 4393 81
4466 27 82
166 4139 83
3911 2002 84
2718 237 85
3383 1702 86
4490 3818 87
2110 2077 88
3666 3840 89
488 1103 90
1635 2204 91
3933 1835 92
947 1518 93
3258 598 94
2512 907 95
2681 2180 96
3053 3339 97
1821 1141 98
1255 3117 99
1935 4082 100
3089 1318 101
1265 1345 102
4027 2006 103
1571 3050 104
3993 1145 105
1921 182 106
3730 1099 107
2075 114 108
1842 3479 109
4124 1203 110
1156 911 111
900 997 112
2221 1182 113
4277 3737 114
3988 2031 115
8 1214 116
3022 367 117
2840 1090 118
3173 2139 119
2114 630 120
1764 2328 121
232 1486 122
903 2584 123
1124 4488 124
1521 2115 125
1722 1347 126
1205 1508 127
2240 178 128
270 3240 129
375 2866 130
2958 3329 131
3817 663 132
2271 2054 133
735 4058 134
2781 3489 135
244 2291 136
2312 4166 137
4101 864 138
2265 3205 139
4093 4346 140
4366 3415 141
2500 1071 142
3250 852 143
1649 3349 144
2509 3926 145
3270 3856 146
201 786 147
1332 1299 148
1162 1009 149
828 205 150
3237 2330 151
1893 982 152
1955 929 153
1581 1950 154
4457 3888 155
2317 2779 156
2272 1922 157
3723 2196 158
977 3803 159
1899 2909 160
2815 3422 161
2371 626 162
695 3966 163
1031 2035 164
2101 642 165
3011 594 166
3715 1747 167
3104 106 168
4471 3587 169
480 947 170
3330 2364 171
2946 2893 172
1124 173 173
693 1074 174
444 710 175
3015 1445 176
1434 1383 177
684 2721 178
2941 726 179
4116 2020 180
322 20 181
957 1430 182
2618 576 183
3501 424 184
1004 3780 185
1596 1738 186
3082 297 187
2054 2451 188
2540 3003 189
2191 2465 190
3686 335 191
236 2098 192
3490 1933 193
1111 843 194
922 3855 195
1399 1493 196
93 3947 197
1275 695 198
2031 4286 199
3511 4151 200
1537 2236 1
2687 2757 2
3575 2746 3
4359 1232 4
1041 582 5
3813 1415 6
4321 1531 7
874 1708 8
1408 3579 9
4457 2525 10
3910 3630 11
1777 932 12
290 122 13
1969 1636 14
3952 4203 15
1523 1298 16
2793 3080 17
3226 1440 18
2021 1951 19
833 1105 20
4466 3571 21
3417 236 22
273 44 23
3335 2283 24
232 1900 25
312 2847 26
1802 366 27
1701 4021 28
4124 977 29
3953 568 30
2226 2312 31
3812 4098 32
4349 547 33
515 3702 34
3449 1582 35
3190 1379 36
1417 3392 37
686 2519 38
3547 1941 39
4005 3169 40
2451 2908 41
1065 3090 42
3113 1839 43
80 995 44
1540 100 45
3992 1665 46
4393 2137 47
3402 1507 48
1600 1429 49
3776 4183 50
909 2475 51
1067 3687 52
163 1644 53
2900 3814 54
2136 4392 55
334 291 56
2344 4217 57
1508 964 58
2025 459 59
1748 2038 60
1422 496 61
1349 2112 62
4057 2253 63
1456 534 64
215 4352 65
2630 1854 66
3428 562 67
1406 2974 68
184 614 69
437 1897 70
2227 2161 71
2584 948 72
2523 1244 73
1032 2402 74
228 54 75
931 580 76
427 1391 77
928 949 78
2258 160 79
3003 3787 80
1080 537 81
644 1275 82
60 3808 83
2277 1688 84
2177 4360 85
1563 1753 86
1358 3215 87
2189 1581 88
1110 2560 89
1699 55 90
1969 1117 91
2913 1024 92
736 2243 93
1301 3306 94
3041 3020 95
2166 3991 96
2632 3549 97
1283 3186 98
3072 2968 99
3510 1931 100
2782 318 101
3281 286 102
2019 2564 103
1535 1884 104
743 874 105
442 1243 106
3495 4028 107
4408 1881 108
2359 1634 109
4453 3931 110
3024 2870 111
2979 156 112
1360 4395 113
3046 2536 114
2303 3338 115
3132 1001 116
2064 1929 117
470 3541 118
2468 3897 119
1032 3914 120
1140 3973 121
3766 699 122
1494 1012 123
2540 1955 124
2613 3569 125
3805 3007 126
415 945 127
3584 565 128
1772 1757 129
1325 4260 130
3494 2214 131
3067 3469 132
176 886 133
4092 1422 134
2118 3793 135
273 1838 136
2370 2660 137
814 4117 138
585 261 139
3964 2868 140
2641 2387 141
904 3163 142
1470 2904 143
2512 2051 144
3095 2688 145
4473 773 146
3808 62 147
1490 204 148
4001 148 149
1818 3978 150
2629 273 151
625 2989 152
1058 3680 153
92 2990 154
3661 28 155
2024 1169 156
569 1569 157
2949 4482 158
404 2338 159
523 1327 160
3520 1530 161
2703 3454 162
790 4398 163
3014 3948 164
470 215 165
3113 3725 166
3280 3279 167
2490 4438 168
1869 2999 169
4420 2157 170
2388 823 171
2317 2916 172
982 3960 173
3279 2123 174
181 78 175
2003 3886 176
3279 1092 177
2573 863 178
957 165 179
1853 2262 180
877 2452 181
1052 2854 182
2481 752 183
1344 252 184
3997 4027 185
233 2473 186
1545 2040 187
751 4494 188
2924 1489 189
2525 3722 190
881 1143 191
4116 2284 192
4392 2502 193
684 4303 194
914 25 195
2828 660 196
1865 3831 197
1256 3270 198
2577 2894 199
2392 3752 200
466 2977 1
2403 3137 2
4330 2030 3
958 3347 4
3382 1027 5
1064 2528 6
1669 3776 7
2399 3983 8
1316 3443 9
384 2417 10
341 1626 11
4039 3598 12
3096 1864 13
904 2396 14
4083 2416 15
2461 4302 16
356 2357 17
4002 1385 18
1449 2066 19
807 3591 20
1615 2504 21
91 3004 22
2922 780 23
3357 2205 24
1486 3817 25
4457 1362 26
912 602 27
154 545 28
2050 1500 29
525 1516 30
3436 1295 31
337 490 32
3590 4256 33
1776 3607 34
897 521 35
316 3620 36
2862 4383 37
1920 2507 38
1227 3861 39
298 4133 40
2070 1248 41
2622 2652 42
2259 617 43
4078 1987 44
1909 1180 45
3354 1102 46
406 3698 47
3163 2376 48
1564 3025 49
3253 1894 50
1568 214 51
4359 1921 52
33 93 53
2634 2764 54
457 3211 55
3305 1785 56
4350 714 57
4211 3061 58
2947 1651 59
157 2317 60
2136 2842 61
3836 119 62
3528 377 63
4330 3200 64
3998 4012 65
3387 643 66
2363 3556 67
2031 3482 68
2668 1550 69
2246 4219 70
2538 2514 71
1540 3932 72
187 312 73
2511 4423 74
1571 171 75
4077 2865 76
2646 4144 77
4315 1898 78
799 241 79
3805 3332 80
1112 2792 81
3589 3160 82
3055 428 83
3554 2057 84
4001 2829 85
2643 4230 86
2560 3613 87
917 3976 88
1249 3689 89
1723 355 90
1743 1061 91
712 3357 92
2239 3343 93
3193 3979 94
2539 3456 95
581 1539 96
755 3526 97
3839 3389 98
258 3418 99
2249 2282 100
2605 1887 101
3414 811 102
195 3673 103
515 2005 104
630 742 105
2257 1806 106
2107 3353 107
426 3589 108
3451 3309 109
2847 3500 110
1589 1769 111
3662 40 112
2019 4379 113
3541 3910 114
900 141 115
4172 1733 116
3657 592 117
3724 685 118
1975 4451 119
1405 3324 120
712 1472 121
399 2348 122
2117 2154 123
2756 1553 124
682 1234 125
1794 3122 126
2728 3290 127
82 320 128
1736 3738 129
3444 2145 130
2376 666 131
87 556 132
1947 1497 133
3016 3262 134
2268 892 135
2911 2149 136
2792 1787 137
3900 4308 138
3418 2574 139
3319 3267 140
4281 1823 141
4139 3208 142
2812 143 143
1874 1970 144
4010 535 145
4254 3544 146
435 604 147
3546 2751 148
1352 4316 149
2041 3475 150
1237 1471 151
4332 2014 152
273 3494 153
2360 1 154
4303 1139 155
1553 203 156
2613 4243 157
4042 3799 158
1043 3933 159
2855 1443 160
3126 2547 161
2197 13 162
3978 4007 163
2873 1693 164
2146 3559 165
1746 2122 166
168 1946 167
556 2166 168
173 3944 169
3935 3328 170
1692 4094 171
1289 1735 172
210 606 173
3653 4029 174
3740 1083 175
2164 4246 176
338 72 177
1058 4412 178
3812 2546 179
3576 2702 180
3350 3201 181
3607 202 182
85 163 183
1904 990 184
4089 2199 185
234 1053 186
2024 2462 187
2470 3845 188
2396 584 189
2477 42 190
3955 2469 191
3510 2133 192
239 732 193
511 3875 194
1641 3956 195
106 2957 196
2077 4162 197
2647 4428 198
689 2429 199
2040 3230 200
2545 4478 1
3458 541 2
2815 3622 3
3880 2966 4
3737 757 5
838 1593 6
1041 228 7
3586 270 8
2347 1795 9
4339 2954 10
3398 3585 11
319 2114 12
2544 1848 13
4163 2484 14
4457 2538 15
1596 3195 16
1332 1302 17
2179 631 18
721 2067 19
3219 1819 20
3166 720 21
2277 1666 22
2151 2973 23
3985 3963 24
2975 2288 25
87 1164 26
3988 3928 27
3358 2899 28
4183 1836 29
2363 551 30
3613 3177 31
3693 2788 32
4317 4475 33
2874 3391 34
302 307 35
4011 2692 36
941 1683 37
3454 2337 38
4177 3041 39
2938 2148 40
2625 829 41
686 885 42
1030 1432 43
1048 3428 44
2330 2034 45
319 1094 46
3506 2208 47
1005 1949 48
3867 696 49
1407 4487 50
3856 3576 51
4379 729 52
395 3481 53
3281 3775 54
1146 1446 55
4350 1812 56
941 4254 57
533 3280 58
1707 3194 59
922 1167 60
2705 3972 61
641 901 62
315 2539 63
2210 1068 64
957 1365 65
856 2946 66
273 3157 67
193 4138 68
357 2280 69
3147 1776 70
2574 4461 71
1824 950 72
4431 906 73
1824 1847 74
3613 724 75
1151 1168 76
3561 1049 77
2662 1097 78
3898 1953 79
595 3224 80
3985 1339 81
3116 1189 82
1603 137 83
791 2064 84
2713 966 85
4049 520 86
658 3970 87
2781 1491 88
3113 45 89
2863 730 90
2573 2052 91
2019 257 92
1137 2886 93
3057 3583 94
3750 4327 95
3781 782 96
1748 3376 97
3098 840 98
1636 281 99
442 3759 100
317 2626 101
1407 3395 102
4122 969 103
3124 1840 104
2676 2101 105
1589 3586 106
859 3822 107
92 1434 108
1453 385 109
2936 2044 110
1552 1846 111
2544 3805 112
813 862 113
1112 4175 114
3206 4157 115
2162 1073 116
769 712 117
2011 1704 118
1399 3283 119
1960 1198 120
4078 2972 121
1419 2883 122
574 4402 123
1249 526 124
2754 1367 125
3830 2527 126
686 458 127
345 2341 128
4472 1999 129
3842 952 130
2328 4419 131
3985 3568 132
1398 323 133
3346 4311 134
1568 4476 135
2449 1926 136
1652 1754 137
1876 4425 138
1052 1338 139
277 4415 140
2260 3174 141
4174 2903 142
595 1463 143
2283 1447 144
2261 4158 145
1986 2707 146
2046 4381 147
959 1801 148
1568 222 149
2221 1938 150
3274 1599 151
4294 805 152
1521 3266 153
3309 3953 154
319 3243 155
3444 3055 156
1527 1363 157
3723 1773 158
601 1230 159
2123 441 160
3224 3662 161
1796 4214 162
1600 890 163
1673 1556 164
1431 4109 165
4330 1571 166
3165 4305 167
354 1968 168
3975 4069 169
4094 564 170
3007 4362 171
1417 290 172
1304 1408 173
3049 1037 174
2620 4374 175
4063 461 176
1202 1975 177
1949 175 178
3003 2109 179
2031 761 180
3819 2352 181
1013 1256 182
868 474 183
4083 1488 184
4364 1740 185
3182 3310 186
978 56 187
2520 913 188
4097 167 189
970 3060 190
2943 2343 191
4474 2323 192
258 2993 193
2341 2658 194
314 3031 195
1249 2425 196
3295 797 197
2630 1517 198
2174 1108 199
4077 1152 200
3060 558 1
103 3196 2
787 3334 3
3163 2207 4
3426 894 5
315 2534 6
3528 3447 7
2344 4263 8
3819 95 9
3280 3029 10
4078 924 11
3 3254 12
783 1208 13
1460 1209 14
470 3464 15
2387 1551 16
1940 1207 17
3206 3024 18
1687 1756 19
3805 3492 20
3023 1850 21
2218 2073 22
787 3437 23
2605 1841 24
1407 4345 25
3650 1694 26
4308 1533 27
4177 899 28
1711 1057 29
275 3493 30
3974 2088 31
390 3623 32
2482 2687 33
2118 3269 34
82 1779 35
444 3985 36
4181 1366 37
2559 2965 38
739 1944 39
682 2059 40
3121 2146 41
1866 2445 42
866 2362 43
277 1154 44
4054 2150 45
1330 179 46
865 848 47
357 2635 48
1814 1033 49
4181 2175 50
2828 3048 51
2193 759 52
476 1992 53
1090 1457 54
1329 2300 55
1009 656 56
3038 1281 57
3872 4486 58
3873 2843 59
3328 2561 60
2793 421 61
2676 1535 62
769 3111 63
4027 1121 64
399 3575 65
884 3887 66
3224 3734 67
2637 1699 68
3494 4084 69
1491 4320 70
49 1595 71
553 3714 72
2271 869 73
1042 620 74
4414 4466 75
3450 457 76
1692 3749 77
1434 4283 78
3146 8 79
479 3133 80
799 3846 81
2302 795 82
3144 1183 83
4152 84 84
502 2875 85
1600 3131 86
129 3380 87
2622 1065 88
3057 1880 89
3281 1030 90
2953 1576 91
3387 4261 92
920 186 93
2848 3366 94
2542 3962 95
2756 14 96
3960 1916 97
3937 91 98
1101 4093 99
2213 3815 100
3466 3135 101
2369 2730 102
3745 2082 103
897 1827 104
3409 4178 105
2862 1568 106
1462 1523 107
4179 3899 108
4336 3603 109
2189 1160 110
2619 3057 111
120 1639 112
1294 2021 113
345 3105 114
734 905 115
1413 2676 116
3926 3765 117
2077 3109 118
4210 2714 119
1730 2593 120
1057 2963 121
4469 1712 122
2856 3975 123
2910 2369 124
3512 1328 125
3682 1498 126
3931 4189 127
1569 1979 128
577 2733 129
1665 992 130
318 4176 131
3949 1200 132
4358 4100 133
3764 139 134
1960 2090 135
3934 2274 136
689 1882 137
3732 2889 138
3102 1977 139
1726 4317 140
3760 3971 141
3370 877 142
2294 3631 143
3143 3490 144
1190 2420 145
2007 4405 146
3738 673 147
2506 342 148
1798 3618 149
3091 1560 150
505 830 151
352 1691 152
958 2619 153
1188 2988 154
2641 523 155
1207 373 156
2938 2925 157
3949 1376 158
4302 3438 159
3450 43 160
3258 2568 161
4104 2361 162
1600 3450 163
4161 3665 164
581 3786 165
2958 2 166
405 872 167
2950 4216 168
3585 1417 169
189 1479 170
946 4445 171
2150 4116 172
77 4120 173
4457 1412 174
634 1394 175
4109 4179 176
2389 599 177
3654 1288 178
3380 4446 179
2019 3730 180
3683 406 181
2386 2055 182
828 319 183
3492 227 184
2019 4194 185
866 3594 186
1385 3241 187
4458 3617 188
3209 3632 189
3943 2632 190
982 2080 191
2348 4135 192
3818 2173 193
3205 1269 194
316 1435 195
1170 1426 196
479 3656 197
1045 2695 198
208 4332 199
2508 2441 200
4307 3657 1
4303 2931 2
2046 1777 3
1447 855 4
739 2163 5
781 3071 6
1150 2952 7
1573 233 8
3037 3707 9
603 2967 10
710 1797 11
1146 266 12
1562 1579 13
2993 1969 14
2166 48 15
2107 2004 16
2988 4324 17
1387 1375 18
405 1135 19
4285 3263 20
357 328 21
915 3317 22
2925 1859 23
2269 2628 24
2111 3561 25
122 2960 26
1853 2696 27
2748 1609 28
93 3184 29
3959 11 30
2037 3358 31
1563 3265 32
2512 3046 33
1479 2219 34
2599 3744 35
858 4307 36
3528 2028 37
1376 4063 38
375 2247 39
761 3119 40
2360 2470 41
3641 2511 42
3188 79 43
2688 3658 44
3900 1005 45
4232 635 46
1431 239 47
3531 16 48
1646 1091 49
4099 2076 50
1349 866 51
3189 975 52
2442 2820 53
790 437 54
3417 2245 55
945 2667 56
2043 1456 57
690 181 58
3049 1460 59
1886 2408 60
1080 2070 61
757 1225 62
3787 2666 63
471 390 64
828 192 65
3645 4489 66
4099 3826 67
2403 4310 68
517 3763 69
2677 1786 70
2715 3472 71
1014 3851 72
3282 1015 73
2009 216 74
1484 2956 75
3544 4161 76
3294 2542 77
2450 4209 78
2150 3396 79
3157 470 80
4027 2393 81
3510 340 82
1260 994 83
1911 2876 84
345 3532 85
4211 3260 86
1110 4457 87
3797 1193 88
2924 3981 89
4148 2495 90
3541 1680 91
1569 140 92
2042 2065 93
3387 3129 94
4177 1692 95
757 4353 96
2799 508 97
3685 2047 98
1013 3743 99
2290 3767 100
