1700 1700 200
1496 1239 1
490 461 2
616 381 3
786 135 4
1503 18 5
1536 1247 6
1623 1434 7
226 93 8
160 535 9
868 1032 10
249 1383 11
777 155 12
126 1402 13
916 1573 14
18 402 15
1131 322 16
897 1366 17
1660 80 18
993 1070 19
620 1656 20
75 969 21
34 783 22
489 1109 23
980 976 24
286 43 25
1692 95 26
1289 1603 27
1449 986 28
827 1111 29
438 71 30
254 1137 31
1449 1645 32
339 1004 33
557 1523 34
1230 603 35
308 1673 36
207 410 37
855 1253 38
328 686 39
941 838 40
1540 479 41
19 1592 42
223 383 43
1626 1646 44
1572 1371 45
158 888 46
1680 153 47
98 1453 48
1064 975 49
1388 288 50
1326 773 51
1432 549 52
662 963 53
1150 1202 54
22 1159 55
361 1365 56
1418 711 57
782 587 58
756 1395 59
1188 1363 60
919 350 61
570 426 62
723 406 63
897 280 64
1310 34 65
1680 1227 66
254 260 67
1403 786 68
312 1175 69
1007 365 70
660 1596 71
340 864 72
1569 234 73
1682 356 74
976 1148 75
1121 815 76
471 632 77
378 921 78
682 204 79
1255 482 80
1544 1068 81
1642 805 82
246 226 83
135 550 84
758 121 85
427 782 86
1257 282 87
775 1088 88
158 1290 89
87 49 90
1091 584 91
44 494 92
1298 1274 93
319 1620 94
673 343 95
673 1040 96
1638 358 97
994 1543 98
622 793 99
1682 1223 100
617 419 101
70 1336 102
793 1318 103
635 1272 104
760 1188 105
623 1671 106
586 1226 107
492 1625 108
428 1259 109
1548 1085 110
1676 1687 111
1409 665 112
891 87 113
1243 1418 114
1490 298 115
152 1022 116
767 487 117
1336 668 118
834 459 119
1432 788 120
1606 967 121
1606 923 122
240 1186 123
1363 101 124
1443 801 125
252 1235 126
702 338 127
516 409 128
1316 695 129
374 912 130
563 1361 131
208 1674 132
99 456 133
1310 7 134
1480 1409 135
1508 1668 136
1544 1517 137
742 306 138
1215 389 139
1431 994 140
190 827 141
26 989 142
635 970 143
602 106 144
676 918 145
1604 1579 146
1310 36 147
1191 887 148
476 920 149
1584 541 150
1678 677 151
1160 617 152
1179 796 153
755 818 154
1255 1488 155
809 529 156
1266 191 157
1405 1310 158
1683 196 159
743 392 160
1688 840 161
338 982 162
11 186 163
1420 1073 164
658 1094 165
564 227 166
1275 582 167
1441 171 168
1651 981 169
1544 1298 170
338 1647 171
125 829 172
437 1432 173
107 1585 174
928 1066 175
1606 1190 176
1621 1482 177
1092 1354 178
602 1198 179
728 757 180
1008 821 181
217 1441 182
30 1637 183
1218 131 184
702 1500 185
348 98 186
503 820 187
203 934 188
728 590 189
1671 646 190
639 884 191
1020 297 192
262 208 193
568 62 194
1302 816 195
835 1185 196
1038 1609 197
85 1397 198
1462 506 199
1619 99 200
471 992 1
1637 1649 2
1112 430 3
1174 492 4
653 375 5
1235 1379 6
100 909 7
1283 1457 8
1514 61 9
743 192 10
226 543 11
1107 732 12
1147 602 13
1551 810 14
319 168 15
343 683 16
1507 1360 17
37 1479 18
1544 1124 19
1503 1095 20
1277 572 21
1231 1152 22
918 1304 23
190 708 24
1566 486 25
1166 1079 26
159 1621 27
1233 408 28
276 63 29
58 442 30
733 271 31
1324 1112 32
155 671 33
767 513 34
1246 193 35
414 733 36
305 1060 37
96 1129 38
1457 1650 39
1642 952 40
1350 1146 41
657 902 42
726 585 43
1251 277 44
1202 325 45
1241 1427 46
354 699 47
945 604 48
967 223 49
1584 1179 50
480 447 51
708 1548 52
1450 1639 53
589 830 54
445 1009 55
107 429 56
663 706 57
1603 344 58
643 974 59
796 642 60
923 1502 61
641 451 62
1265 520 63
1232 9 64
689 1039 65
328 555 66
340 438 67
1190 675 68
1498 522 69
1100 149 70
978 468 71
726 806 72
267 624 73
119 1268 74
1109 627 75
1100 50 76
165 427 77
206 1153 78
885 335 79
268 330 80
1162 1514 81
1507 1556 82
208 526 83
1566 1063 84
890 823 85
682 1183 86
306 700 87
1545 1138 88
1426 1106 89
623 755 90
1067 372 91
1654 273 92
360 453 93
1315 110 94
1401 1403 95
1212 1173 96
696 1546 97
209 645 98
326 1478 99
465 1302 100
289 1162 101
1655 1356 102
676 317 103
503 1627 104
684 244 105
1246 1014 106
1666 1442 107
143 211 108
367 387 109
717 774 110
1257 752 111
1630 183 112
67 1602 113
1105 1071 114
539 54 115
1175 1672 116
1401 1242 117
858 1481 118
170 1130 119
1511 1696 120
1479 1125 121
1112 464 122
1207 1286 123
199 735 124
1122 1659 125
1072 667 126
1421 450 127
1338 606 128
537 834 129
617 269 130
106 631 131
105 1404 132
911 767 133
788 1218 134
1105 1475 135
579 730 136
920 885 137
732 1617 138
1100 724 139
169 475 140
1473 1154 141
190 851 142
400 1267 143
346 1044 144
425 228 145
320 262 146
1068 924 147
1655 105 148
317 148 149
1656 1633 150
1105 276 151
537 177 152
558 597 153
1656 39 154
208 1448 155
37 1005 156
105 332 157
1107 1147 158
1303 849 159
760 577 160
523 1097 161
10 1429 162
1518 978 163
345 569 164
825 1082 165
864 1610 166
439 1205 167
1457 225 168
843 1283 169
67 432 170
220 1296 171
1297 1586 172
869 799 173
1577 1533 174
1659 628 175
1535 117 176
375 1077 177
1023 1033 178
1544 634 179
507 116 180
487 1378 181
1637 1053 182
398 1042 183
1233 1295 184
915 1333 185
340 1375 186
433 1157 187
820 78 188
1217 1180 189
1578 551 190
755 1577 191
344 509 192
220 247 193
1664 40 194
143 1414 195
1241 548 196
460 727 197
1514 956 198
463 469 199
893 1135 200
63 1117 1
1147 813 2
1248 316 3
982 136 4
247 1083 5
893 593 6
1508 997 7
857 1337 8
1174 898 9
132 1648 10
1190 413 11
492 946 12
367 1459 13
1489 339 14
753 1000 15
152 674 16
338 1460 17
1136 119 18
1529 1220 19
470 1038 20
730 324 21
761 499 22
838 1231 23
746 1292 24
118 1688 25
616 1450 26
1443 1203 27
920 846 28
441 1037 29
690 1204 30
1112 845 31
190 1455 32
1418 803 33
839 1017 34
1424 326 35
354 1177 36
501 633 37
791 158 38
1315 126 39
1443 213 40
192 498 41
40 1384 42
30 240 43
417 147 44
1130 44 45
1282 1611 46
1126 23 47
196 1492 48
586 484 49
659 933 50
967 96 51
803 789 52
1417 329 53
621 1284 54
1177 1507 55
1371 6 56
1083 539 57
1133 114 58
1365 609 59
1660 881 60
954 382 61
1544 134 62
395 480 63
1514 185 64
1151 1102 65
1107 687 66
982 580 67
659 1294 68
810 1471 69
477 592 70
1364 1287 71
503 1011 72
261 167 73
819 268 74
676 1255 75
1249 314 76
877 883 77
438 935 78
388 1388 79
1559 562 80
1618 987 81
180 1700 82
1480 1505 83
1532 1120 84
816 1377 85
34 1462 86
643 570 87
1289 658 88
1047 70 89
1582 445 90
427 1464 91
358 876 92
499 896 93
1567 1262 94
782 236 95
403 581 96
392 497 97
602 618 98
1656 1549 99
772 207 100
710 764 101
1535 360 102
1421 1170 103
983 205 104
1126 1087 105
341 926 106
1471 1301 107
105 224 108
1556 65 109
1554 401 110
617 55 111
437 742 112
81 1195 113
1190 1508 114
1212 1115 115
1659 122 116
782 689 117
1188 718 118
419 807 119
605 880 120
68 1380 121
217 931 122
468 868 123
1181 759 124
782 1308 125
948 452 126
736 79 127
669 814 128
303 722 129
782 941 130
303 1598 131
994 894 132
591 860 133
694 83 134
662 454 135
1559 127 136
695 394 137
745 266 138
408 1104 139
1602 641 140
1448 312 141
608 731 142
395 1142 143
217 1540 144
842 1358 145
1233 932 146
530 1281 147
362 1131 148
1661 703 149
1505 566 150
3 866 151
1214 265 152
1033 263 153
614 808 154
19 1369 155
1065 619 156
180 552 157
1540 66 158
1433 1651 159
1603 12 160
1479 294 161
988 27 162
1588 446 163
263 46 164
1692 744 165
633 991 166
1401 42 167
1700 310 168
1262 1307 169
589 714 170
216 1246 171
1049 561 172
881 691 173
544 899 174
28 1684 175
159 1554 176
643 354 177
1448 38 178
1246 1133 179
1606 165 180
165 367 181
1325 8 182
1551 1372 183
1496 739 184
593 747 185
861 679 186
1503 67 187
96 785 188
810 1544 189
1503 1233 190
273 164 191
1231 728 192
851 630 193
1460 1552 194
643 340 195
911 467 196
226 1007 197
1129 1555 198
604 1491 199
1176 1149 200
1254 886 1
767 1006 2
1491 798 3
820 1410 4
173 664 5
855 321 6
1176 897 7
203 138 8
1403 1191 9
21 953 10
1159 366 11
741 559 12
143 1271 13
921 1423 14
854 568 15
259 971 16
1602 1279 17
1142 1391 18
601 1428 19
1126 45 20
1338 1452 21
899 1041 22
1326 762 23
880 1560 24
1629 1570 25
1218 928 26
478 1347 27
616 1612 28
110 203 29
848 290 30
1431 958 31
414 351 32
620 137 33
277 528 34
1569 1348 35
776 1686 36
438 264 37
187 1015 38
1630 1359 39
1254 1513 40
1450 1030 41
132 1456 42
1455 292 43
587 425 44
286 915 45
751 1118 46
149 908 47
10 863 48
1606 1207 49
317 1557 50
589 1345 51
675 1139 52
503 890 53
765 124 54
1467 1622 55
246 1232 56
160 983 57
573 1321 58
974 58 59
873 233 60
465 1326 61
94 201 62
879 640 63
1626 1509 64
167 938 65
1376 1243 66
18 594 67
827 1078 68
1031 1026 69
1590 357 70
75 422 71
1022 1382 72
476 507 73
704 170 74
692 1344 75
34 1658 76
1246 1250 77
1434 853 78
84 22 79
901 1444 80
78 741 81
1603 1496 82
49 1559 83
1644 1691 84
1551 1451 85
1370 181 86
271 1291 87
809 215 88
1385 1181 89
1118 300 90
340 865 91
503 1608 92
58 1013 93
1071 1234 94
1486 188 95
262 76 96
912 1566 97
1163 5 98
1626 763 99
437 493 100
438 875 101
1006 879 102
416 907 103
897 637 104
1372 1136 105
241 690 106
861 1276 107
1535 1629 108
647 673 109
1507 15 110
472 47 111
1208 1436 112
1196 1236 113
18 190 114
618 10 115
1358 100 116
938 1386 117
753 1553 118
1289 712 119
861 441 120
1462 698 121
1450 254 122
488 440 123
223 769 124
1671 1110 125
211 1661 126
862 151 127
535 378 128
1556 1477 129
425 74 130
971 1561 131
438 81 132
897 495 133
949 279 134
12 696 135
768 836 136
1081 1694 137
925 19 138
458 1393 139
1647 217 140
1126 1412 141
1223 1346 142
1692 1114 143
393 1653 144
1420 1134 145
1261 35 146
1401 85 147
866 173 148
676 832 149
570 466 150
507 359 151
1451 669 152
1450 474 153
1016 1201 154
900 403 155
5 355 156
35 779 157
225 802 158
1352 488 159
1617 1353 160
573 1398 161
132 519 162
267 1012 163
1638 490 164
941 1028 165
1451 1059 166
432 984 167
39 979 168
982 638 169
400 753 170
616 1065 171
340 670 172
810 1421 173
967 1293 174
1545 1469 175
937 929 176
534 1387 177
1681 364 178
436 647 179
1321 439 180
84 202 181
573 1370 182
586 29 183
246 973 184
1581 917 185
1507 1258 186
689 1275 187
460 88 188
552 817 189
262 516 190
1692 180 191
316 1411 192
149 1512 193
1192 1472 194
12 893 195
1433 109 196
940 176 197
1192 69 198
166 455 199
956 489 200
185 1241 1
1588 243 2
185 246 3
398 424 4
1618 11 5
1205 270 6
1204 850 7
587 1107 8
1005 919 9
1517 530 10
744 515 11
685 524 12
840 1364 13
753 371 14
1544 179 15
1665 906 16
716 1547 17
1313 940 18
615 348 19
277 601 20
1326 1415 21
653 1588 22
254 723 23
425 1273 24
249 1158 25
22 342 26
728 726 27
387 639 28
1581 1251 29
1350 1578 30
262 370 31
261 400 32
1491 778 33
616 676 34
1572 966 35
1025 715 36
187 1643 37
1627 82 38
443 1092 39
382 725 40
1260 1319 41
1474 1315 42
1692 102 43
676 1091 44
859 396 45
645 672 46
793 1035 47
1455 397 48
1302 436 49
911 589 50
1503 1682 51
443 336 52
565 1046 53
803 936 54
489 1689 55
545 837 56
1231 1248 57
143 791 58
1397 1569 59
240 1350 60
460 293 61
3 73 62
669 218 63
111 622 64
1445 1167 65
1207 323 66
1467 1257 67
388 842 68
823 598 69
1293 1532 70
467 1636 71
1025 1249 72
1671 1165 73
1165 1096 74
1621 1282 75
1700 1199 76
911 843 77
820 1184 78
1685 1193 79
782 90 80
345 1016 81
1651 1426 82
254 1619 83
890 1216 84
1433 1311 85
1385 174 86
379 274 87
61 693 88
1602 1084 89
1223 1101 90
1615 996 91
211 139 92
1180 1309 93
1553 540 94
861 1572 95
1147 159 96
1464 809 97
1680 1002 98
28 916 99
356 914 100
558 1567 101
1654 852 102
1451 220 103
1034 120 104
289 1521 105
624 960 106
379 1330 107
615 1530 108
632 882 109
565 91 110
887 874 111
1284 1208 112
436 621 113
262 579 114
165 1624 115
1412 286 116
1603 825 117
586 844 118
820 68 119
375 471 120
996 1486 121
1081 776 122
1109 28 123
272 72 124
157 746 125
1289 1401 126
174 1317 127
1087 1445 128
1136 835 129
333 505 130
1243 502 131
839 701 132
1413 656 133
1422 1695 134
690 346 135
406 1657 136
1551 1593 137
300 1515 138
220 858 139
429 1389 140
1350 331 141
1174 133 142
617 1090 143
320 1599 144
503 414 145
437 104 146
427 623 147
207 458 148
1431 398 149
1211 130 150
843 1089 151
653 84 152
21 749 153
1677 1055 154
1230 252 155
379 345 156
734 123 157
1330 1483 158
466 943 159
340 538 160
983 1020 161
1152 1113 162
608 904 163
81 1495 164
192 449 165
1514 999 166
930 1093 167
1231 1582 168
1581 248 169
719 709 170
231 334 171
1079 245 172
594 1265 173
1488 1003 174
1503 1692 175
1219 172 176
1162 536 177
751 1174 178
345 1025 179
1292 748 180
756 792 181
675 854 182
891 660 183
717 1489 184
1005 563 185
1450 533 186
1265 57 187
843 418 188
240 760 189
586 1178 190
1016 942 191
1623 1675 192
340 347 193
836 1238 194
1184 1087 195
1229 1670 196
958 1466 197
656 1685 198
184 574 199
1551 285 200
217 1116 1
18 745 2
1075 157 3
702 1219 4
284 652 5
302 521 6
501 1550 7
143 59 8
503 586 9
18 740 10
1585 889 11
503 472 12
1116 1018 13
917 771 14
731 1454 15
431 1473 16
1626 1416 17
184 1616 18
1480 118 19
1405 955 20
1028 33 21
1132 1662 22
714 1438 23
126 182 24
690 1642 25
67 869 26
1623 770 27
858 107 28
1421 1313 29
321 369 30
1098 1072 31
1612 219 32
1650 97 33
192 655 34
1627 913 35
1449 1439 36
1664 625 37
26 1641 38
452 1487 39
780 1541 40
32 1506 41
703 1050 42
269 717 43
968 993 44
653 1197 45
1330 390 46
649 416 47
1508 295 48
772 251 49
1679 1542 50
835 1635 51
347 1385 52
1350 1206 53
448 239 54
980 272 55
346 420 56
591 309 57
427 1655 58
296 657 59
593 1535 60
1283 1520 61
71 407 62
1073 1061 63
597 307 64
1230 308 65
843 1538 66
1606 1314 67
967 1504 68
1258 210 69
857 1498 70
637 531 71
213 1338 72
1555 1305 73
779 1447 74
317 14 75
292 384 76
451 37 77
245 877 78
1166 1430 79
485 13 80
1508 795 81
1505 537 82
923 1564 83
58 1029 84
1271 1325 85
915 1527 86
767 661 87
504 89 88
1441 688 89
4 784 90
340 1525 91
1166 1225 92
1128 315 93
340 388 94
831 546 95
17 613 96
143 1 97
1033 1260 98
179 1320 99
656 1526 100
1418 968 101
658 222 102
1450 911 103
997 1264 104
1007 1528 105
380 998 106
1694 1151 107
1584 302 108
52 1537 109
477 1322 110
490 1408 111
1584 514 112
265 1362 113
472 483 114
1102 1140 115
595 872 116
811 680 117
903 1164 118
305 1332 119
1326 1644 120
331 504 121
1372 653 122
1053 230 123
676 3 124
595 831 125
901 1075 126
215 1663 127
547 259 128
87 635 129
658 716 130
414 465 131
1548 1228 132
1642 491 133
480 16 134
208 1589 135
988 857 136
208 629 137
296 327 138
855 258 139
110 1100 140
351 1591 141
1376 353 142
623 1160 143
749 1224 144
1584 1008 145
24 1056 146
1482 1200 147
367 1660 148
630 692 149
623 720 150
1143 650 151
219 681 152
1517 32 153
1178 1229 154
1482 738 155
1226 554 156
810 470 157
1168 1468 158
894 1155 159
857 1182 160
832 1669 161
509 780 162
552 1054 163
419 304 164
578 678 165
869 600 166
988 1581 167
1065 1431 168
1417 284 169
1324 1047 170
344 437 171
818 1524 172
920 376 173
784 804 174
289 1023 175
663 905 176
637 1339 177
1101 861 178
1415 605 179
1366 1470 180
949 1676 181
1397 1638 182
1125 615 183
40 31 184
1677 1192 185
1043 411 186
1431 985 187
375 595 188
502 575 189
1168 385 190
425 373 191
395 256 192
1674 48 193
822 951 194
819 578 195
1660 160 196
146 1144 197
167 1443 198
982 859 199
854 154 200
1103 871 1
782 721 2
1677 1163 3
476 20 4
480 195 5
1418 197 6
1105 434 7
767 448 8
455 1062 9
1361 108 10
1613 694 11
869 178 12
1621 1266 13
572 1600 14
289 560 15
724 24 16
1243 1215 17
716 1501 18
643 1036 19
1089 719 20
1691 415 21
790 1254 22
262 839 23
70 1189 24
443 1349 25
340 1105 26
799 950 27
1683 41 28
1342 1127 29
616 1480 30
166 751 31
37 775 32
757 1280 33
1215 1019 34
1564 1081 35
937 289 36
308 1518 37
1460 811 38
589 391 39
1450 1568 40
1082 1074 41
1007 596 42
1368 684 43
774 1463 44
1491 142 45
61 508 46
792 281 47
1309 525 48
145 1297 49
855 1590 50
682 374 51
1692 870 52
777 1628 53
1202 812 54
42 1034 55
169 1300 56
1296 901 57
14 1632 58
133 1270 59
811 1597 60
167 152 61
1433 873 62
461 146 63
351 52 64
296 1355 65
602 184 66
446 1376 67
271 1437 68
1694 255 69
1160 772 70
1692 443 71
1178 473 72
870 636 73
214 320 74
261 1503 75
258 927 76
1610 1634 77
616 1551 78
864 1474 79
1023 768 80
284 1424 81
1675 1052 82
1372 1614 83
251 1631 84
256 128 85
940 232 86
247 435 87
617 1303 88
1696 352 89
1212 1490 90
1615 1211 91
882 361 92
1433 964 93
538 527 94
1190 1683 95
706 1461 96
9 1534 97
790 1562 98
289 216 99
641 1343 100
214 1584 101
1126 787 102
740 1240 103
1612 143 104
467 512 105
509 64 106
982 145 107
879 1217 108
1207 1328 109
1241 1209 110
740 523 111
719 337 112
785 1435 113
1372 643 114
1336 1563 115
165 250 116
1003 301 117
827 417 118
1088 477 119
214 544 120
167 1623 121
1162 542 122
895 1261 123
1342 892 124
332 1196 125
90 141 126
857 1237 127
1372 937 128
925 51 129
59 710 130
428 848 131
513 583 132
231 949 133
1584 1324 134
427 790 135
593 1024 136
760 878 137
283 1126 138
317 610 139
381 826 140
538 607 141
1397 1698 142
614 25 143
1480 478 144
1219 547 145
1176 659 146
264 405 147
344 457 148
840 1697 149
84 972 150
474 1681 151
252 1166 152
398 386 153
1253 1252 154
1627 1099 155
1091 92 156
203 644 157
240 766 158
1008 545 159
676 166 160
1481 571 161
515 654 162
2 463 163
379 26 164
1083 1357 165
943 1145 166
21 242 167
1612 1214 168
1251 743 169
1551 1665 170
465 1194 171
408 1484 172
1431 1394 173
1248 500 174
1677 1511 175
379 341 176
1511 737 177
1265 651 178
474 476 179
1350 1630 180
1619 1558 181
895 557 182
111 1399 183
1431 30 184
747 129 185
49 221 186
762 1187 187
1405 666 188
192 910 189
1021 112 190
801 21 191
482 841 192
414 573 193
262 1406 194
1606 283 195
578 1342 196
155 175 197
1100 2 198
1518 1122 199
460 649 200
503 1230 1
216 1119 2
446 734 3
980 800 4
971 156 5
912 1497 6
1067 267 7
209 819 8
1176 729 9
911 209 10
353 1580 11
1089 1413 12
439 511 13
414 988 14
751 1123 15
1233 1049 16
18 460 17
231 925 18
927 1539 19
1405 1367 20
616 1289 21
1072 1493 22
312 1335 23
1658 1449 24
941 756 25
280 229 26
1376 614 27
1297 163 28
835 1341 29
1410 1048 30
819 1210 31
1253 705 32
70 891 33
1480 206 34
1023 231 35
385 56 36
1477 423 37
931 144 38
1342 944 39
1617 995 40
1617 287 41
1410 395 42
203 1679 43
696 305 44
1000 922 45
471 1128 46
1551 261 47
381 990 48
379 1176 49
347 957 50
37 86 51
792 1172 52
862 1440 53
353 431 54
1243 1652 55
607 313 56
275 1027 57
661 94 58
1676 125 59
1295 959 60
510 1171 61
1247 1485 62
719 377 63
1496 1045 64
289 169 65
1700 1396 66
1489 1169 67
224 187 68
1569 296 69
1684 1400 70
722 363 71
804 1373 72
676 765 73
218 1103 74
314 1288 75
240 161 76
251 558 77
220 1067 78
465 1021 79
910 517 80
669 1213 81
41 576 82
1125 1156 83
1486 1058 84
1198 945 85
1556 1312 86
471 241 87
991 1352 88
14 608 89
1498 1069 90
1204 53 91
1023 1605 92
967 214 93
344 150 94
673 965 95
1480 379 96
1627 1678 97
1302 620 98
136 1677 99
1230 1417 100
1661 399 101
263 1494 102
992 1654 103
797 380 104
668 1565 105
1042 189 106
641 1433 107
535 1465 108
6 685 109
1383 754 110
58 1244 111
819 1121 112
152 1467 113
263 1536 114
252 433 115
965 1323 116
465 333 117
651 626 118
502 707 119
1490 1626 120
974 275 121
1595 1351 122
766 1422 123
820 855 124
1564 599 125
112 349 126
780 900 127
398 518 128
1633 113 129
911 1143 130
71 1640 131
1071 481 132
745 368 133
809 510 134
1458 1667 135
70 1545 136
1126 534 137
1353 1108 138
917 1269 139
958 612 140
1395 847 141
1087 977 142
510 212 143
1214 777 144
937 503 145
587 75 146
637 948 147
980 1575 148
1615 1316 149
1125 253 150
1255 1574 151
207 761 152
543 462 153
1630 713 154
1200 833 155
1147 77 156
843 1381 157
547 1277 158
1072 1222 159
170 1476 160
316 1132 161
980 1604 162
1065 1329 163
345 428 164
595 962 165
818 311 166
1511 1392 167
398 1666 168
925 895 169
678 1306 170
246 591 171
12 702 172
1211 4 173
84 1420 174
1135 961 175
1315 1594 176
864 704 177
283 939 178
1008 736 179
206 903 180
1647 1576 181
321 1699 182
1149 930 183
1314 421 184
967 1212 185
110 1285 186
550 162 187
904 1390 188
1177 682 189
37 565 190
34 194 191
1248 1446 192
842 501 193
755 1618 194
1328 1690 195
708 1221 196
460 1693 197
84 299 198
1575 794 199
158 611 200
1603 496 1
1204 1010 2
410 412 3
672 862 4
299 662 5
602 485 6
1653 567 7
622 17 8
496 393 9
1398 588 10
1219 1664 11
1062 1245 12
773 1263 13
793 328 14
251 1680 15
653 1368 16
1343 115 17
1343 648 18
451 1340 19
855 1334 20
351 1299 21
10 1613 22
366 1168 23
1188 1331 24
1095 781 25
1184 564 26
1596 1001 27
923 947 28
938 235 29
758 1161 30
1509 1531 31
220 1615 32
717 824 33
631 1086 34
1282 1150 35
1626 1064 36
868 1607 37
1514 319 38
1091 404 39
1222 132 40
877 1419 41
947 1031 42
1483 249 43
446 1595 44
1219 758 45
1122 1425 46
1100 1256 47
996 1510 48
616 1522 49
810 111 50
387 303 51
30 954 52
1173 60 53
1686 1076 54
1186 278 55
782 1098 56
911 1601 57
547 200 58
1368 980 59
586 362 60
945 822 61
538 1278 62
1606 1051 63
514 1516 64
1241 291 65
478 257 66
306 1583 67
1258 553 68
1136 1327 69
471 198 70
974 1529 71
643 199 72
1448 1407 73
362 444 74
1296 1499 75
88 1080 76
1507 140 77
347 103 78
1399 1571 79
501 1519 80
575 237 81
994 1374 82
724 1141 83
1627 663 84
338 1405 85
682 1043 86
472 556 87
1606 616 88
669 867 89
746 697 90
825 1057 91
84 532 92
1639 856 93
956 797 94
246 318 95
673 1587 96
538 750 97
1696 238 98
1679 1458 99
1302 828 100
