1900 1900 200
952 764 1
266 827 2
1789 1487 3
6 1028 4
33 396 5
515 1575 6
1600 1089 7
1813 1142 8
109 1834 9
274 1212 10
854 698 11
355 952 12
1228 634 13
1820 1182 14
179 677 15
410 773 16
787 1010 17
182 1745 18
603 1009 19
403 1187 20
715 182 21
1756 1079 22
1363 1896 23
1090 600 24
797 1593 25
1559 423 26
971 958 27
895 364 28
956 473 29
1364 242 30
1884 1189 31
1717 173 32
1050 1885 33
222 564 34
1824 1294 35
583 1869 36
1404 931 37
1319 1638 38
1642 260 39
1279 311 40
1743 1224 41
765 1882 42
973 1000 43
1193 909 44
1600 452 45
1384 694 46
756 1141 47
800 1143 48
1605 1311 49
1898 840 50
1092 1872 51
151 316 52
741 1334 53
1254 1422 54
1034 658 55
461 1445 56
466 62 57
1370 313 58
1709 1065 59
857 1690 60
826 798 61
1779 697 62
517 251 63
1040 743 64
802 61 65
1894 96 66
1182 975 67
1724 957 68
515 1599 69
620 1618 70
1603 1772 71
1078 851 72
296 1208 73
132 1865 74
1845 1181 75
565 905 76
1309 639 77
937 1339 78
850 113 79
381 1 80
623 456 81
1291 1876 82
1598 1341 83
710 580 84
211 441 85
1099 946 86
632 1475 87
555 1259 88
168 953 89
1215 1646 90
1523 894 91
1717 1521 92
830 598 93
1148 125 94
1218 148 95
1280 857 96
80 363 97
393 236 98
141 105 99
1877 1303 100
923 367 101
179 603 102
861 1293 103
486 1419 104
156 520 105
168 1454 106
979 1364 107
350 1242 108
1792 1733 109
176 108 110
406 1884 111
1278 234 112
1750 771 113
1679 1455 114
678 848 115
1591 1527 116
1494 831 117
1054 759 118
67 1662 119
1604 557 120
1021 1490 121
1040 168 122
137 943 123
134 854 124
512 1204 125
1569 1477 126
1614 1329 127
350 549 128
1146 1856 129
854 495 130
1255 386 131
1462 1466 132
1009 1315 133
1240 1247 134
478 413 135
65 686 136
242 1825 137
137 601 138
531 849 139
1824 1837 140
913 100 141
168 1815 142
1741 1375 143
1728 133 144
969 487 145
1269 1350 146
852 761 147
870 126 148
550 701 149
367 498 150
469 210 151
433 1117 152
969 1580 153
1366 1739 154
447 1463 155
1655 302 156
609 959 157
1842 1171 158
1659 29 159
740 1491 160
357 1046 161
1867 1824 162
823 1434 163
943 1786 164
1436 823 165
1012 912 166
640 732 167
504 722 168
268 572 169
406 407 170
878 1796 171
1489 1340 172
609 1359 173
1555 349 174
1105 418 175
1671 812 176
1693 248 177
418 1199 178
1875 514 179
770 1769 180
1163 1894 181
1452 843 182
1631 1018 183
300 903 184
1519 1100 185
1532 401 186
645 1194 187
733 167 188
1747 1806 189
1202 968 190
389 279 191
1629 1055 192
1833 747 193
300 1231 194
817 650 195
959 591 196
369 892 197
1740 1015 198
1673 457 199
878 1553 200
830 1441 1
1826 1076 2
1532 620 3
919 1886 4
700 395 5
1426 706 6
1743 310 7
284 1561 8
999 891 9
523 1875 10
1811 33 11
1 750 12
211 861 13
1745 1666 14
1372 463 15
515 1173 16
195 1132 17
585 910 18
1032 870 19
1290 143 20
1159 1687 21
366 268 22
1847 1186 23
1091 1722 24
1544 1351 25
1277 531 26
218 1404 27
1040 585 28
1181 1552 29
1368 317 30
958 1026 31
1382 333 32
1600 1296 33
1844 439 34
367 77 35
447 1508 36
1498 101 37
987 449 38
163 930 39
922 998 40
543 579 41
1806 1407 42
1040 1489 43
1459 1179 44
108 303 45
363 1249 46
505 1269 47
1290 1255 48
1579 1138 49
755 1386 50
549 1592 51
1716 255 52
1728 259 53
1361 1651 54
849 284 55
1409 1473 56
1168 1458 57
1276 1892 58
860 400 59
271 421 60
682 1647 61
874 1768 62
846 844 63
1155 1529 64
988 977 65
525 24 66
1138 1205 67
899 1734 68
418 978 69
957 1118 70
171 1585 71
818 1655 72
1671 804 73
562 1257 74
840 965 75
129 1180 76
1650 1022 77
1040 500 78
1230 1495 79
1802 1162 80
1215 198 81
966 14 82
715 286 83
918 570 84
1693 980 85
1848 1298 86
1545 802 87
1875 1637 88
564 492 89
946 1698 90
578 45 91
18 1812 92
1039 766 93
296 1573 94
309 1750 95
482 1336 96
980 1654 97
84 1863 98
905 1809 99
1650 201 100
1738 809 101
789 724 102
68 405 103
1843 969 104
491 623 105
499 1566 106
1679 1759 107
1425 483 108
1687 243 109
1348 784 110
1307 138 111
139 672 112
577 1862 113
1722 350 114
721 484 115
1239 595 116
531 491 117
745 1178 118
1366 1392 119
227 1251 120
1351 1692 121
809 57 122
598 297 123
1504 140 124
839 1039 125
1437 1398 126
282 1304 127
15 1038 128
58 1116 129
351 97 130
508 1776 131
1159 1288 132
293 1630 133
486 1429 134
1024 64 135
401 1569 136
300 1509 137
1275 1457 138
460 1387 139
1740 1532 140
213 1431 141
887 332 142
1307 1146 143
937 1155 144
1485 1748 145
1332 846 146
919 1437 147
548 397 148
50 429 149
962 1266 150
151 398 151
1361 1520 152
168 1731 153
469 1550 154
1300 933 155
870 630 156
1719 1676 157
896 1612 158
979 176 159
1843 52 160
173 1302 161
168 455 162
715 1757 163
1442 1124 164
299 524 165
1288 118 166
1880 331 167
1799 1900 168
1357 417 169
651 899 170
694 357 171
363 241 172
1569 199 173
197 1807 174
1419 1871 175
1859 1167 176
1663 351 177
266 288 178
1065 106 179
779 428 180
835 981 181
1861 1044 182
1503 410 183
1672 321 184
367 237 185
942 1309 186
1220 1808 187
1545 996 188
609 886 189
902 607 190
65 1741 191
628 1432 192
561 1390 193
801 1325 194
150 868 195
643 25 196
662 1184 197
1659 1471 198
1729 13 199
1815 1549 200
927 521 1
1817 89 2
1875 193 3
556 629 4
564 304 5
760 635 6
326 58 7
1206 984 8
1170 356 9
485 1149 10
1430 208 11
413 15 12
512 644 13
462 726 14
1050 721 15
1236 245 16
1741 945 17
1086 1510 18
808 339 19
488 1830 20
369 611 21
613 940 22
1522 1531 23
1322 738 24
1092 1335 25
253 1586 26
137 1127 27
593 123 28
729 1887 29
1454 987 30
1826 1562 31
1445 117 32
1851 383 33
1543 578 34
1170 1061 35
1052 938 36
1078 880 37
1673 1013 38
1363 1523 39
285 1777 40
6 1681 41
1232 767 42
1714 657 43
585 1783 44
368 906 45
1252 318 46
184 702 47
700 263 48
391 511 49
1629 923 50
571 1611 51
939 240 52
1667 132 53
417 309 54
380 1642 55
1045 1841 56
1898 1452 57
148 1590 58
1721 1168 59
894 1714 60
1255 1016 61
517 1052 62
863 751 63
615 1730 64
1629 1232 65
478 11 66
1165 1791 67
370 1456 68
336 1024 69
1646 789 70
578 1878 71
1289 867 72
331 1072 73
1040 161 74
1387 482 75
35 1253 76
1397 1578 77
1091 1363 78
892 1707 79
1259 627 80
1279 1724 81
503 794 82
134 18 83
1313 213 84
1760 272 85
1657 8 86
1289 228 87
1225 992 88
1852 787 89
732 592 90
145 1331 91
1304 218 92
350 1203 93
1058 68 94
689 1211 95
89 1062 96
413 937 97
124 782 98
107 908 99
1280 84 100
465 1572 101
521 1421 102
1384 979 103
593 673 104
1408 1525 105
156 1560 106
517 609 107
1392 438 108
173 1196 109
32 1770 110
1512 1268 111
1649 1667 112
1716 821 113
924 287 114
1100 352 115
476 1821 116
1034 19 117
642 430 118
1097 1299 119
380 696 120
615 1607 121
251 1409 122
1415 156 123
360 453 124
1159 1598 125
1479 1664 126
1526 1230 127
641 1042 128
1193 540 129
1530 1227 130
1503 1877 131
1531 162 132
1236 1384 133
1017 56 134
1676 548 135
1884 187 136
611 631 137
1148 1088 138
1088 746 139
258 47 140
402 462 141
1030 1503 142
1721 795 143
324 1514 144
854 1099 145
240 754 146
1663 1775 147
1492 335 148
641 1282 149
1454 1148 150
1229 758 151
1413 1625 152
1311 1383 153
872 619 154
380 777 155
1319 1889 156
1203 1684 157
944 1023 158
1632 757 159
1441 385 160
1628 1866 161
822 774 162
60 1405 163
1695 216 164
1500 246 165
1366 1361 166
1405 1589 167
678 799 168
698 1860 169
346 550 170
472 670 171
1132 189 172
1039 775 173
543 845 174
1451 990 175
860 1773 176
212 1147 177
550 1324 178
83 546 179
1503 1054 180
1166 1705 181
336 1154 182
1057 676 183
1010 704 184
1441 1787 185
1596 964 186
1300 659 187
35 1110 188
1051 381 189
1884 1842 190
1040 1228 191
365 1043 192
212 1835 193
1360 1601 194
192 1779 195
182 314 196
1503 110 197
132 944 198
839 924 199
1332 649 200
376 1484 1
1559 971 2
1898 370 3
413 1851 4
418 1836 5
209 1746 6
818 55 7
1776 1880 8
271 1718 9
20 1528 10
562 1093 11
1132 547 12
1852 715 13
940 359 14
1671 1372 15
646 1782 16
11 289 17
280 779 18
210 1486 19
1712 1895 20
329 768 21
1507 1048 22
497 1250 23
1415 35 24
1728 6 25
1017 778 26
399 1595 27
67 545 28
1133 1411 29
957 728 30
1360 1801 31
1832 1636 32
746 1738 33
758 1888 34
666 1505 35
114 1313 36
733 1864 37
932 99 38
1791 510 39
565 343 40
1239 1101 41
1889 1577 42
1228 1699 43
1105 1867 44
754 1540 45
1290 1436 46
218 852 47
475 1391 48
589 769 49
575 191 50
1756 584 51
1667 581 52
125 508 53
1373 358 54
1220 745 55
475 1370 56
725 625 57
11 485 58
651 1025 59
934 1326 60
469 1214 61
667 185 62
944 734 63
949 145 64
523 1036 65
585 139 66
413 256 67
959 1537 68
1165 501 69
1397 355 70
990 408 71
578 617 72
689 231 73
1237 537 74
1347 1555 75
1078 281 76
1347 712 77
150 741 78
972 419 79
983 991 80
539 315 81
1339 919 82
1406 679 83
469 1177 84
1240 1135 85
1873 586 86
1559 1535 87
452 157 88
773 525 89
987 1668 90
1185 551 91
65 535 92
1094 388 93
602 1613 94
1868 1396 95
1575 1243 96
1519 533 97
1520 695 98
259 283 99
120 180 100
259 755 101
881 1261 102
1722 1767 103
1363 893 104
1852 493 105
1254 1497 106
840 424 107
1196 925 108
1600 1218 109
1503 1312 110
370 1111 111
1307 1001 112
253 1519 113
1289 481 114
486 808 115
105 1890 116
1144 1700 117
1137 345 118
17 1817 119
1712 797 120
1727 75 121
203 178 122
1293 41 123
486 1122 124
605 72 125
604 404 126
1050 1085 127
894 137 128
1710 859 129
150 1671 130
694 682 131
414 921 132
299 475 133
306 569 134
1716 628 135
1092 1071 136
968 411 137
922 1343 138
819 22 139
1679 1831 140
567 1828 141
222 555 142
1598 192 143
369 1366 144
808 81 145
933 516 146
259 49 147
281 1451 148
410 1798 149
1852 711 150
319 1539 151
1522 1306 152
279 1338 153
988 244 154
1678 1701 155
57 1348 156
1721 716 157
1228 817 158
1132 1234 159
680 1710 160
939 1388 161
1686 1771 162
379 1753 163
486 1709 164
813 1682 165
312 1448 166
892 1134 167
795 1704 168
12 1120 169
1131 1121 170
846 294 171
710 1467 172
1790 144 173
125 458 174
40 1371 175
1583 786 176
924 1365 177
1017 838 178
999 1274 179
1223 1412 180
413 134 181
972 476 182
892 1144 183
1410 1774 184
1322 669 185
902 833 186
1747 1742 187
1290 1736 188
195 529 189
869 1816 190
1544 1645 191
380 346 192
571 917 193
503 1037 194
1758 904 195
851 888 196
78 956 197
550 710 198
1340 519 199
959 1732 200
1823 1558 1
631 254 2
192 409 3
1058 1443 4
937 1213 5
855 920 6
1484 306 7
603 879 8
1432 1379 9
1887 1113 10
114 742 11
1376 667 12
1555 503 13
240 1545 14
1272 1789 15
735 7 16
1457 1156 17
1642 528 18
341 836 19
320 985 20
110 1591 21
1441 267 22
1842 876 23
1040 1717 24
1307 1287 25
20 842 26
69 165 27
1209 1610 28
226 1826 29
242 382 30
78 371 31
741 1106 32
1083 169 33
1195 1639 34
212 645 35
683 1098 36
271 1258 37
272 337 38
1790 1075 39
1600 366 40
282 544 41
710 855 42
340 1260 43
450 195 44
969 1663 45
1360 850 46
61 1620 47
731 914 48
494 1616 49
29 1140 50
109 151 51
731 1483 52
571 1219 53
578 807 54
540 1021 55
181 1172 56
1159 1624 57
1864 390 58
501 668 59
740 360 60
1078 291 61
1862 1265 62
1898 1381 63
1577 582 64
690 1568 65
1722 433 66
294 1819 67
1159 1246 68
1657 954 69
318 1794 70
1790 806 71
1171 950 72
665 330 73
1144 1665 74
1039 375 75
179 1126 76
1078 365 77
1579 1033 78
261 1012 79
67 87 80
1698 1183 81
1228 814 82
447 258 83
1092 1067 84
1510 175 85
626 1485 86
968 882 87
369 300 88
1353 1840 89
1600 1045 90
1332 505 91
153 1567 92
1372 469 93
996 871 94
1633 1587 95
1352 793 96
38 780 97
986 10 98
924 1164 99
158 1160 100
1838 895 101
11 543 102
85 1597 103
1659 641 104
257 307 105
1229 142 106
647 448 107
253 664 108
961 1858 109
450 1576 110
853 877 111
1760 884 112
491 1635 113
550 1252 114
1898 1027 115
15 740 116
113 811 117
979 509 118
1719 1170 119
1140 50 120
1280 497 121
198 640 122
1623 1056 123
1739 468 124
1290 1845 125
1646 999 126
486 615 127
577 416 128
1543 1165 129
1852 154 130
399 1241 131
282 308 132
401 1292 133
525 1082 134
1238 116 135
1642 1543 136
1731 46 137
259 1805 138
1357 348 139
1744 1123 140
968 342 141
1314 1829 142
1255 690 143
1678 222 144
809 425 145
298 1425 146
1165 662 147
954 970 148
1027 826 149
854 223 150
1875 1546 151
1055 1380 152
53 1496 153
235 1766 154
1039 51 155
716 800 156
954 447 157
1393 129 158
711 1357 159
1214 605 160
1415 1472 161
1756 372 162
1060 1395 163
1875 219 164
474 1330 165
1287 27 166
1851 26 167
1875 226 168
1485 942 169
1339 648 170
959 1188 171
1455 1145 172
1030 486 173
515 1849 174
620 1680 175
1678 927 176
773 803 177
992 1314 178
1813 1554 179
150 369 180
1521 227 181
1069 688 182
1114 1128 183
1202 875 184
609 1728 185
1480 719 186
69 1238 187
1126 1151 188
464 596 189
153 474 190
551 1115 191
1637 541 192
1218 1195 193
568 54 194
197 1059 195
1671 1657 196
51 326 197
252 837 198
1357 890 199
1854 174 200
1148 1632 1
1789 530 2
777 1245 3
399 1517 4
198 818 5
1148 131 6
1332 171 7
455 1133 8
179 613 9
711 1107 10
1728 1225 11
1307 966 12
357 1355 13
973 736 14
341 1729 15
112 1594 16
1346 1850 17
418 683 18
1384 626 19
742 21 20
924 1275 21
877 250 22
1655 790 23
734 1083 24
948 499 25
1304 1453 26
877 470 27
1332 1426 28
777 1755 29
1335 1800 30
109 353 31
1384 184 32
1532 1498 33
1040 700 34
1099 1057 35
452 1677 36
925 717 37
1159 1764 38
522 36 39
1209 32 40
1830 74 41
822 1084 42
182 280 43
923 1080 44
1144 1198 45
1384 1507 46
1169 1090 47
150 1058 48
729 1641 49
1898 1893 50
365 1720 51
1054 612 52
1385 392 53
1485 1675 54
1333 135 55
326 334 56
741 153 57
341 1193 58
664 1003 59
960 1814 60
399 1752 61
1214 374 62
9 691 63
432 718 64
530 1656 65
1156 1137 66
1090 1197 67
1174 1310 68
349 111 69
939 660 70
1089 1522 71
653 885 72
611 1544 73
922 1740 74
522 1139 75
109 1420 76
469 642 77
303 1672 78
379 1272 79
70 1152 80
1553 518 81
1328 1615 82
910 532 83
1086 1688 84
1314 420 85
1753 1047 86
1280 461 87
437 1327 88
514 1693 89
1645 1799 90
1107 1534 91
1699 490 92
212 466 93
461 770 94
276 1070 95
1007 873 96
1566 936 97
763 467 98
262 1614 99
927 233 100
639 1899 101
272 98 102
991 344 103
602 95 104
134 737 105
543 575 106
28 1354 107
173 402 108
113 1726 109
389 723 110
36 1414 111
999 1881 112
68 1316 113
1704 562 114
1290 993 115
555 472 116
860 1617 117
338 60 118
640 1297 119
403 215 120
1075 1201 121
682 902 122
150 1030 123
1701 1570 124
783 587 125
1018 1785 126
710 48 127
1133 43 128
1193 1169 129
93 59 130
1296 1291 131
812 563 132
80 646 133
935 1161 134
1566 65 135
23 1737 136
1893 504 137
508 1267 138
297 204 139
1508 290 140
1077 1159 141
1467 1559 142
93 459 143
237 633 144
812 561 145
1328 915 146
268 446 147
188 127 148
1332 266 149
353 1499 150
856 1078 151
545 1102 152
894 336 153
1656 1112 154
1040 235 155
1087 1619 156
1560 1644 157
1862 1511 158
68 1506 159
523 1418 160
459 1344 161
227 44 162
495 1416 163
925 88 164
1600 69 165
1090 1064 166
1034 414 167
854 1756 168
1716 887 169
35 1673 170
1898 1747 171
922 1318 172
1416 159 173
892 1743 174
913 1397 175
1690 1444 176
925 1233 177
478 1278 178
924 1017 179
714 1674 180
651 1643 181
176 282 182
1386 1488 183
880 1846 184
783 763 185
900 929 186
614 1516 187
550 972 188
395 149 189
1232 735 190
263 1373 191
191 834 192
44 1788 193
1765 911 194
1421 1081 195
1179 955 196
324 1131 197
1027 1049 198
1247 66 199
1646 1378 200
768 1702 1
623 1609 2
461 170 3
926 1301 4
1359 552 5
957 305 6
997 1050 7
1442 949 8
1479 1811 9
1280 1109 10
875 1408 11
549 83 12
1579 1321 13
1034 28 14
237 815 15
802 918 16
1451 1459 17
1046 1362 18
1488 624 19
1885 900 20
1322 394 21
897 1648 22
797 1349 23
1274 79 24
1312 53 25
575 663 26
1573 1857 27
1510 608 28
1017 488 29
667 73 30
1543 614 31
1678 1376 32
1621 1002 33
526 1754 34
968 1781 35
300 661 36
1568 554 37
1671 1870 38
1119 362 39
316 1703 40
1131 1176 41
837 559 42
69 1460 43
1487 858 44
1239 1512 45
1343 1861 46
1564 727 47
1638 654 48
236 247 49
1106 962 50
1146 172 51
1404 1827 52
459 655 53
863 618 54
370 1105 55
579 9 56
1191 211 57
1174 378 58
1309 1571 59
1522 602 60
1563 1623 61
237 1563 62
195 16 63
1238 652 64
478 67 65
1236 271 66
829 427 67
450 1852 68
237 816 69
906 1536 70
1761 637 71
165 1210 72
150 1040 73
1094 443 74
665 232 75
1671 478 76
165 963 77
483 506 78
1357 220 79
703 1602 80
272 995 81
641 1074 82
1710 1130 83
663 120 84
1783 197 85
886 916 86
343 37 87
1433 257 88
386 1765 89
385 496 90
796 190 91
500 1749 92
734 1446 93
992 368 94
1290 1094 95
293 928 96
711 160 97
863 983 98
510 78 99
830 1813 100
1898 863 101
223 566 102
251 384 103
1239 23 104
572 556 105
534 1368 106
1313 568 107
165 1803 108
1851 163 109
741 1157 110
241 675 111
1077 610 112
1889 1029 113
150 1494 114
640 1588 115
1722 274 116
517 166 117
1852 1678 118
1260 277 119
1583 997 120
35 860 121
226 377 122
363 941 123
485 265 124
1469 320 125
1842 693 126
150 1207 127
1244 665 128
1701 206 129
437 1793 130
390 707 131
521 935 132
1360 1095 133
1576 1763 134
966 1604 135
1191 1435 136
621 1377 137
1898 323 138
1823 1190 139
854 651 140
1185 1166 141
905 1271 142
1736 1683 143
560 1136 144
560 1283 145
327 217 146
433 907 147
531 571 148
268 70 149
1843 1394 150
1228 1008 151
482 328 152
1894 112 153
1514 1879 154
1076 589 155
67 1442 156
1642 1898 157
938 1449 158
980 322 159
1595 1264 160
1145 1417 161
937 340 162
455 1582 163
1740 526 164
1261 1873 165
787 1574 166
1452 788 167
1647 841 168
1503 261 169
1719 403 170
1733 1019 171
1854 465 172
34 897 173
1740 1482 174
1052 376 175
1520 573 176
280 31 177
341 1200 178
1148 1659 179
346 1583 180
1168 253 181
226 1581 182
1088 776 183
937 783 184
1683 1715 185
652 40 186
715 1239 187
1054 898 188
168 324 189
1633 270 190
304 801 191
405 1627 192
251 1820 193
29 1465 194
1106 1854 195
202 1661 196
1066 1104 197
1099 828 198
609 1352 199
1298 822 200
184 146 1
1671 1712 2
235 1202 3
1103 1605 4
168 1859 5
1600 298 6
279 109 7
1838 94 8
1162 229 9
840 810 10
783 93 11
436 853 12
385 38 13
1577 393 14
1277 230 15
483 1810 16
998 85 17
649 739 18
1366 1596 19
404 986 20
1272 71 21
368 273 22
1101 63 23
1218 1097 24
937 1669 25
1230 102 26
1864 164 27
539 1004 28
1312 1631 29
789 1874 30
716 616 31
1384 269 32
585 262 33
1676 1087 34
69 1633 35
343 1897 36
1431 796 37
696 1468 38
1092 1035 39
828 152 40
943 1603 41
1332 881 42
959 451 43
1236 725 44
700 440 45
271 681 46
982 1006 47
1207 292 48
275 1513 49
150 1014 50
880 203 51
1134 1209 52
495 593 53
1884 325 54
179 1556 55
868 1600 56
1681 436 57
1831 221 58
1811 4 59
157 583 60
184 1254 61
672 1608 62
742 225 63
651 994 64
626 1277 65
1741 1780 66
839 224 67
65 494 68
1106 527 69
1415 689 70
1272 338 71
391 80 72
1535 194 73
1010 1400 74
251 1235 75
1800 1440 76
96 86 77
319 1493 78
300 1063 79
263 685 80
1094 341 81
1462 186 82
501 1660 83
927 1125 84
1630 621 85
426 1108 86
1218 1427 87
1511 781 88
785 1628 89
524 762 90
1843 1206 91
1566 1175 92
1559 974 93
233 1393 94
380 1804 95
562 590 96
1878 489 97
69 1719 98
516 1256 99
387 1358 100
341 1280 101
565 604 102
1762 878 103
312 76 104
972 1237 105
125 1433 106
1717 1413 107
1880 705 108
1094 922 109
649 674 110
281 1847 111
1448 1262 112
1815 1382 113
245 874 114
1125 948 115
467 512 116
1726 2 117
1843 671 118
1755 196 119
830 1346 120
1755 373 121
211 1504 122
577 687 123
1632 1855 124
984 1223 125
924 913 126
1125 1150 127
331 1481 128
1471 731 129
731 1320 130
1691 1217 131
1498 792 132
991 864 133
571 1797 134
350 1285 135
1713 720 136
447 252 137
1174 1060 138
585 1236 139
272 1389 140
469 967 141
1811 502 142
1898 856 143
1515 748 144
1650 862 145
344 1248 146
1507 1758 147
1366 130 148
1456 1706 149
1308 1289 150
560 1438 151
1426 276 152
1014 539 153
314 1802 154
336 1031 155
1817 1226 156
151 147 157
887 347 158
1740 939 159
937 1051 160
904 158 161
455 973 162
64 597 163
231 212 164
214 301 165
754 1345 166
188 1716 167
1228 1542 168
932 872 169
966 412 170
785 730 171
1328 177 172
1208 155 173
517 1215 174
1714 708 175
1597 312 176
1397 883 177
452 1492 178
682 1711 179
1790 387 180
562 435 181
299 1423 182
1272 1670 183
534 442 184
1581 1273 185
1719 1778 186
1253 1526 187
238 982 188
1742 181 189
534 1564 190
483 896 191
1750 1685 192
1373 1103 193
1324 1353 194
133 714 195
846 1689 196
798 1337 197
1392 869 198
1272 1369 199
1176 1551 200
880 1658 1
517 1461 2
1283 553 3
1163 426 4
146 128 5
113 1652 6
182 989 7
825 934 8
851 829 9
1130 1216 10
1597 1713 11
1451 1244 12
1235 200 13
1279 479 14
783 756 15
226 1410 16
262 636 17
1004 588 18
1829 1096 19
966 1191 20
1148 379 21
1886 477 22
1304 1300 23
1138 432 24
1428 1281 25
710 1621 26
831 1270 27
1509 1222 28
1165 1579 29
139 1818 30
843 1129 31
295 1402 32
1089 450 33
1001 121 34
157 542 35
1462 437 36
953 1450 37
195 179 38
170 238 39
840 1695 40
366 1848 41
1536 752 42
1081 1502 43
125 1073 44
1290 523 45
751 1374 46
1671 380 47
588 622 48
1036 513 49
127 558 50
1753 209 51
533 901 52
1683 988 53
1812 560 54
1700 638 55
1347 1548 56
1426 1328 57
1304 431 58
692 1305 59
1193 765 60
551 1784 61
1695 188 62
1439 1041 63
1816 709 64
1452 1822 65
1678 114 66
1643 1470 67
1208 1697 68
1650 847 69
443 1474 70
642 1518 71
896 1761 72
508 34 73
1814 1501 74
856 1650 75
1228 1415 76
1447 813 77
1207 1229 78
1134 515 79
1045 577 80
1801 296 81
1426 1069 82
324 1185 83
934 1053 84
170 361 85
550 183 86
1523 141 87
369 517 88
442 205 89
242 507 90
478 1762 91
1040 830 92
165 599 93
1633 760 94
854 1838 95
1809 1626 96
1765 1500 97
1134 329 98
922 1403 99
1213 1479 100
1249 692 101
597 1347 102
1240 1469 103
936 1843 104
399 832 105
1513 1640 106
1867 825 107
1759 1005 108
436 1515 109
11 1332 110
1376 729 111
926 932 112
1561 91 113
380 295 114
1384 1606 115
1360 733 116
590 207 117
555 1333 118
331 1322 119
450 1086 120
1024 42 121
1847 1447 122
1045 1276 123
937 1356 124
1545 1723 125
1186 202 126
399 327 127
526 1868 128
1671 299 129
403 534 130
920 866 131
1197 1430 132
12 753 133
1642 522 134
1065 434 135
1415 445 136
1064 1691 137
372 1308 138
110 1032 139
1712 1399 140
1252 1174 141
1629 480 142
488 319 143
715 1696 144
393 1401 145
1472 92 146
911 293 147
1740 819 148
182 1524 149
1177 835 150
1249 1007 151
246 713 152
922 391 153
1700 82 154
410 684 155
259 1478 156
298 1240 157
692 214 158
1455 90 159
245 1462 160
527 1833 161
1016 1629 162
114 666 163
710 606 164
1852 1721 165
282 951 166
933 249 167
507 415 168
235 104 169
645 124 170
414 976 171
379 647 172
1275 703 173
972 1307 174
1308 1068 175
1455 264 176
180 1832 177
1205 1891 178
289 406 179
1188 1708 180
1681 1464 181
1641 1192 182
1690 1476 183
1186 1119 184
1721 1406 185
1134 1424 186
1718 3 187
770 1480 188
1232 699 189
1809 1751 190
585 103 191
611 1649 192
459 20 193
1723 454 194
1238 1686 195
401 239 196
1040 960 197
1722 1360 198
1429 1533 199
620 567 200
983 1385 1
1704 460 2
1215 1091 3
1442 1092 4
380 1290 5
1716 536 6
729 594 7
1823 1727 8
1432 1011 9
1376 1844 10
650 1317 11
611 1077 12
1631 1319 13
1251 354 14
1255 1323 15
1884 464 16
585 136 17
1765 565 18
1212 1295 19
217 1547 20
1717 839 21
525 1530 22
1386 285 23
1240 678 24
403 1428 25
1214 1279 26
141 889 27
1049 115 28
898 947 29
1498 187 30
526 749 31
366 791 32
1508 422 33
1300 1725 34
827 785 35
1555 30 36
999 632 37
1012 772 38
689 1792 39
1888 680 40
395 1634 41
1786 1883 42
616 1158 43
662 1839 44
288 1541 45
32 1221 46
877 1342 47
1868 1153 48
85 1795 49
1073 643 50
1855 1622 51
1071 122 52
1552 744 53
723 1823 54
1296 824 55
372 17 56
1504 1263 57
1649 1114 58
1197 1284 59
281 1220 60
455 1163 61
577 1679 62
846 1565 63
1638 1286 64
437 1735 65
1275 656 66
1185 1760 67
1418 5 68
520 1694 69
319 865 70
737 1853 71
1071 39 72
67 1439 73
222 1744 74
575 1066 75
1188 107 76
954 576 77
377 538 78
1485 471 79
508 1790 80
1147 1584 81
1373 820 82
1265 961 83
1255 278 84
1390 1653 85
151 1367 86
725 389 87
1576 399 88
1360 1557 89
1442 926 90
920 275 91
1728 574 92
1656 12 93
1207 1034 94
1351 1538 95
552 119 96
585 1020 97
1255 805 98
259 653 99
324 444 100
