1200 1200 200
807 97 1
85 907 2
642 207 3
24 825 4
737 778 5
299 641 6
351 1059 7
433 458 8
579 334 9
240 133 10
200 766 11
199 955 12
814 824 13
1193 296 14
940 863 15
695 1179 16
1132 259 17
1171 964 18
574 8 19
731 1132 20
1002 1128 21
736 566 22
1161 599 23
398 160 24
131 347 25
976 712 26
379 1078 27
948 884 28
841 545 29
761 331 30
1063 1024 31
83 313 32
807 1193 33
81 492 34
431 375 35
569 764 36
771 845 37
912 358 38
1185 510 39
651 424 40
1099 900 41
323 22 42
1034 806 43
943 619 44
698 753 45
940 23 46
1045 915 47
1042 333 48
626 707 49
1144 793 50
960 301 51
542 456 52
892 342 53
742 756 54
162 851 55
46 998 56
828 228 57
978 1076 58
698 701 59
732 255 60
283 35 61
518 248 62
563 1121 63
277 668 64
18 430 65
976 789 66
610 803 67
1012 396 68
886 858 69
589 512 70
294 678 71
1102 43 72
260 739 73
102 585 74
1193 791 75
1007 420 76
855 411 77
867 984 78
150 1192 79
665 747 80
724 1126 81
460 191 82
378 913 83
1067 1107 84
868 682 85
1141 888 86
971 469 87
1036 21 88
511 206 89
522 9 90
351 642 91
631 578 92
679 541 93
1106 166 94
100 1113 95
588 819 96
807 781 97
325 138 98
785 627 99
190 47 100
936 1122 101
219 1018 102
187 904 103
484 284 104
997 63 105
718 427 106
1034 1127 107
443 340 108
790 112 109
46 691 110
890 407 111
621 435 112
701 113 113
334 56 114
978 999 115
158 461 116
529 951 117
225 593 118
522 104 119
736 692 120
70 100 121
515 62 122
603 1056 123
1171 393 124
684 606 125
952 926 126
357 1045 127
599 307 128
161 1095 129
694 470 130
814 423 131
441 589 132
61 330 133
864 281 134
670 12 135
710 68 136
1090 1038 137
632 854 138
695 1109 139
220 752 140
698 1034 141
611 321 142
396 107 143
1031 810 144
169 352 145
922 311 146
69 689 147
95 4 148
810 302 149
43 380 150
1195 203 151
867 1112 152
18 245 153
320 933 154
435 1048 155
200 44 156
949 973 157
491 990 158
177 1120 159
943 725 160
754 205 161
735 1160 162
1013 1118 163
971 297 164
946 859 165
1180 66 166
405 102 167
486 1133 168
1196 953 169
817 643 170
243 18 171
989 1162 172
1131 989 173
998 534 174
344 232 175
42 11 176
564 453 177
588 986 178
712 225 179
1023 1136 180
557 519 181
875 60 182
1117 65 183
633 879 184
34 1075 185
170 152 186
690 957 187
936 140 188
360 137 189
693 886 190
182 224 191
145 234 192
961 878 193
983 500 194
70 348 195
871 715 196
824 864 197
822 277 198
564 684 199
749 473 200
539 677 1
392 588 2
626 978 3
321 760 4
698 611 5
1034 995 6
1027 1021 7
593 780 8
123 77 9
1108 438 10
323 876 11
579 731 12
743 79 13
1142 53 14
761 1101 15
584 887 16
844 873 17
912 350 18
482 305 19
690 1145 20
678 903 21
1196 1186 22
766 924 23
1108 1169 24
345 591 25
756 161 26
654 652 27
1192 208 28
496 522 29
574 273 30
627 498 31
37 754 32
522 968 33
1139 38 34
1135 633 35
147 33 36
95 949 37
639 520 38
1046 970 39
799 1022 40
625 965 41
901 648 42
984 390 43
243 770 44
260 88 45
915 1074 46
225 1105 47
227 759 48
1006 345 49
790 394 50
306 417 51
16 850 52
1046 666 53
940 1003 54
627 1098 55
923 687 56
1029 339 57
418 628 58
97 387 59
379 174 60
703 608 61
867 711 62
715 1033 63
325 837 64
293 5 65
229 363 66
617 490 67
901 815 68
368 916 69
246 71 70
49 1189 71
321 504 72
611 659 73
1138 963 74
948 785 75
738 1073 76
580 987 77
978 552 78
213 530 79
976 116 80
992 656 81
839 105 82
799 556 83
780 795 84
337 881 85
9 1194 86
1101 471 87
744 874 88
783 582 89
908 661 90
916 362 91
611 178 92
243 346 93
486 82 94
783 705 95
83 943 96
734 409 97
129 959 98
625 356 99
875 761 100
173 893 101
116 150 102
280 432 103
19 310 104
871 649 105
256 327 106
1034 136 107
392 1157 108
630 635 109
1010 833 110
1055 308 111
587 93 112
1068 464 113
388 1044 114
626 503 115
757 117 116
851 644 117
808 737 118
95 948 119
1041 1028 120
1124 400 121
243 818 122
603 1176 123
200 1197 124
772 478 125
396 745 126
820 862 127
282 370 128
440 156 129
901 401 130
60 1114 131
647 1146 132
694 1096 133
804 703 134
830 479 135
556 439 136
240 258 137
1041 741 138
1041 359 139
143 694 140
734 551 141
949 912 142
710 309 143
548 2 144
603 17 145
222 278 146
416 120 147
581 418 148
949 631 149
698 177 150
296 735 151
1151 717 152
563 325 153
262 168 154
826 157 155
185 1062 156
691 622 157
1098 700 158
732 110 159
983 295 160
81 645 161
885 535 162
12 1148 163
739 412 164
886 13 165
698 612 166
152 34 167
277 1200 168
929 702 169
936 812 170
51 671 171
1180 488 172
844 332 173
670 827 174
995 811 175
1169 262 176
953 368 177
275 1166 178
1043 69 179
787 372 180
1034 1037 181
1031 268 182
592 974 183
732 638 184
695 353 185
1034 1007 186
1014 695 187
1009 895 188
143 1041 189
78 685 190
475 620 191
1200 1125 192
749 443 193
599 256 194
852 486 195
686 558 196
127 654 197
72 653 198
605 399 199
212 917 200
1161 463 1
998 123 2
993 360 3
922 835 4
1036 40 5
925 290 6
241 743 7
551 797 8
237 26 9
538 183 10
515 1094 11
91 336 12
983 909 13
387 415 14
429 908 15
1117 1149 16
561 662 17
1129 1174 18
665 144 19
240 718 20
1195 251 21
785 294 22
1093 1163 23
807 993 24
26 1108 25
756 383 26
718 1000 27
146 637 28
1010 425 29
760 319 30
507 554 31
325 392 32
967 118 33
159 213 34
971 925 35
72 843 36
1187 809 37
349 946 38
1033 64 39
889 1152 40
1037 36 41
550 817 42
247 1150 43
121 92 44
173 706 45
576 696 46
670 171 47
239 1023 48
16 354 49
98 1032 50
772 446 51
560 165 52
1178 373 53
652 763 54
169 828 55
799 675 56
1120 388 57
1193 131 58
95 592 59
395 169 60
1011 713 61
178 440 62
976 378 63
37 154 64
65 465 65
440 377 66
953 923 67
1178 821 68
292 253 69
936 199 70
1037 1138 71
1166 748 72
756 94 73
1010 630 74
76 784 75
1041 455 76
518 1036 77
333 59 78
304 516 79
1123 192 80
491 243 81
770 526 82
806 1039 83
121 533 84
806 441 85
100 790 86
756 562 87
761 15 88
747 1084 89
857 934 90
783 198 91
646 386 92
625 538 93
949 1184 94
806 426 95
220 801 96
695 1124 97
1061 617 98
733 404 99
830 1177 100
321 318 101
1002 775 102
234 1183 103
1178 384 104
284 842 105
238 738 106
490 109 107
1185 1002 108
14 114 109
82 911 110
791 939 111
934 826 112
1014 218 113
860 1173 114
744 983 115
922 1147 116
976 621 117
563 42 118
26 688 119
943 523 120
1105 751 121
70 214 122
412 24 123
455 629 124
786 481 125
238 952 126
580 537 127
598 135 128
908 1141 129
143 491 130
491 518 131
1178 329 132
736 1065 133
564 787 134
169 221 135
712 940 136
967 746 137
1143 357 138
395 536 139
920 632 140
37 1016 141
416 604 142
971 239 143
7 149 144
445 274 145
1096 58 146
362 436 147
986 1182 148
1008 704 149
900 364 150
694 1167 151
781 184 152
1092 134 153
257 768 154
846 710 155
536 1049 156
78 413 157
405 636 158
737 16 159
791 95 160
550 1097 161
849 155 162
949 312 163
807 179 164
304 147 165
716 244 166
153 985 167
1083 196 168
507 280 169
1190 977 170
741 293 171
593 1196 172
324 804 173
875 343 174
93 74 175
807 1195 176
34 942 177
355 1004 178
869 242 179
1095 129 180
690 185 181
446 560 182
389 783 183
16 732 184
943 151 185
1038 1143 186
1012 257 187
323 452 188
414 947 189
1046 757 190
1195 716 191
343 1001 192
690 1054 193
1137 831 194
110 869 195
110 322 196
132 1159 197
1077 956 198
138 816 199
979 467 200
1185 527 1
116 1040 2
528 607 3
225 448 4
1105 623 5
112 928 6
74 1142 7
870 595 8
513 544 9
1057 237 10
200 660 11
919 676 12
98 482 13
1033 122 14
956 777 15
760 742 16
993 215 17
177 355 18
907 1058 19
389 303 20
416 402 21
536 935 22
1029 1008 23
81 433 24
1119 130 25
397 865 26
429 223 27
698 848 28
971 1 29
1141 170 30
58 454 31
563 145 32
423 958 33
343 10 34
304 124 35
1061 714 36
714 988 37
852 1071 38
810 499 39
858 1005 40
70 200 41
284 408 42
31 397 43
876 494 44
299 292 45
200 996 46
993 814 47
333 103 48
222 1079 49
856 944 50
389 367 51
446 966 52
602 28 53
132 1170 54
116 602 55
325 786 56
609 849 57
448 474 58
294 385 59
1195 220 60
654 236 61
177 941 62
710 561 63
609 902 64
1095 286 65
949 875 66
1006 937 67
143 1123 68
1011 762 69
431 187 70
954 614 71
712 574 72
1046 853 73
429 1051 74
327 1134 75
78 981 76
847 30 77
1198 1063 78
95 111 79
611 972 80
765 189 81
877 497 82
1096 1085 83
495 779 84
577 945 85
272 126 86
496 227 87
442 540 88
482 1072 89
332 299 90
77 493 91
820 272 92
337 146 93
626 570 94
880 403 95
1034 971 96
657 894 97
1141 472 98
225 315 99
1109 565 100
469 749 101
1023 618 102
36 829 103
558 932 104
791 867 105
268 673 106
1187 788 107
124 480 108
1054 1064 109
810 549 110
62 720 111
786 14 112
1 800 113
178 991 114
715 624 115
577 7 116
218 132 117
1151 583 118
85 317 119
1054 338 120
14 450 121
871 264 122
504 462 123
545 1131 124
292 1050 125
169 709 126
791 1057 127
828 975 128
676 1103 129
368 967 130
429 1090 131
158 727 132
429 650 133
182 838 134
324 626 135
954 335 136
1028 728 137
429 70 138
138 460 139
574 159 140
70 507 141
1007 1199 142
1034 1088 143
523 475 144
1036 844 145
611 1009 146
994 211 147
320 139 148
460 289 149
804 1178 150
574 1093 151
567 723 152
541 1035 153
135 1053 154
1109 769 155
634 29 156
218 918 157
388 1164 158
83 1029 159
453 39 160
956 600 161
1089 267 162
863 505 163
379 501 164
1195 663 165
218 597 166
715 772 167
262 672 168
355 1154 169
1028 509 170
100 46 171
296 1188 172
195 1086 173
116 647 174
275 172 175
441 521 176
97 164 177
670 511 178
348 142 179
42 476 180
954 421 181
173 194 182
793 204 183
1075 568 184
401 734 185
97 55 186
117 230 187
473 414 188
472 674 189
414 514 190
987 733 191
1045 573 192
1114 250 193
370 326 194
304 802 195
654 1047 196
563 898 197
593 776 198
993 930 199
237 49 200
756 1087 1
898 1089 2
696 457 3
919 83 4
847 794 5
243 1061 6
481 567 7
387 173 8
116 1017 9
480 451 10
935 571 11
290 856 12
414 61 13
619 543 14
18 773 15
6 883 16
908 287 17
1071 52 18
716 1161 19
110 291 20
947 1175 21
934 195 22
810 87 23
88 1190 24
632 487 25
808 1027 26
805 914 27
687 216 28
182 670 29
78 209 30
1019 483 31
557 1060 32
617 896 33
617 724 34
14 899 35
242 115 36
105 85 37
12 870 38
536 889 39
1044 279 40
652 449 41
204 658 42
617 1077 43
735 1006 44
569 153 45
971 564 46
139 502 47
93 1191 48
769 45 49
855 31 50
1010 1104 51
473 434 52
734 1068 53
1034 529 54
1170 596 55
313 98 56
388 210 57
210 866 58
642 263 59
171 99 60
976 496 61
93 1135 62
521 887 63
209 528 64
127 382 65
954 1137 66
563 839 67
1071 27 68
1123 857 69
582 276 70
446 980 71
292 270 72
812 254 73
611 143 74
452 19 75
297 871 76
170 1198 77
833 328 78
875 1102 79
564 324 80
741 950 81
550 1011 82
649 1144 83
1029 657 84
359 861 85
631 468 86
1102 575 87
560 1067 88
442 730 89
133 489 90
16 96 91
1189 466 92
143 1106 93
929 771 94
979 186 95
1164 285 96
12 1116 97
316 927 98
799 852 99
18 590 100
943 1129 101
337 1156 102
498 872 103
625 506 104
280 50 105
431 193 106
72 445 107
698 429 108
570 954 109
1041 740 110
95 422 111
660 252 112
309 1151 113
784 847 114
1109 813 115
280 919 116
122 594 117
837 366 118
818 235 119
626 822 120
481 1031 121
738 3 122
394 758 123
649 167 124
726 231 125
41 1025 126
813 391 127
569 665 128
832 41 129
417 1100 130
1037 921 131
302 584 132
61 410 133
299 54 134
405 901 135
741 238 136
818 222 137
443 48 138
846 744 139
243 1158 140
1195 799 141
984 1172 142
334 163 143
57 891 144
853 25 145
507 994 146
394 906 147
133 1181 148
353 767 149
897 572 150
323 708 151
257 101 152
1105 485 153
321 976 154
199 371 155
690 148 156
883 508 157
182 261 158
948 655 159
1195 729 160
869 106 161
200 586 162
320 1117 163
240 80 164
293 890 165
1038 664 166
148 910 167
763 721 168
525 1153 169
105 119 170
46 587 171
518 855 172
564 1014 173
993 532 174
1034 395 175
564 782 176
26 437 177
940 722 178
124 265 179
561 341 180
492 84 181
994 885 182
683 517 183
299 750 184
476 180 185
293 260 186
799 181 187
1090 1046 188
622 76 189
718 78 190
587 304 191
185 513 192
1032 553 193
799 1012 194
31 840 195
924 605 196
344 314 197
814 398 198
737 369 199
177 609 200
1123 182 1
138 546 2
846 982 3
1195 202 4
1129 1091 5
463 459 6
1178 1082 7
577 288 8
587 81 9
254 1187 10
258 601 11
1090 846 12
97 897 13
623 922 14
701 807 15
965 1110 16
491 808 17
523 877 18
888 349 19
113 447 20
1179 820 21
1137 219 22
699 547 23
275 344 24
158 32 25
225 229 26
1040 832 27
1012 880 28
691 158 29
1155 1180 30
229 188 31
520 798 32
1090 841 33
888 477 34
701 121 35
838 920 36
712 563 37
679 37 38
868 681 39
290 444 40
629 419 41
302 1066 42
141 1081 43
876 162 44
244 580 45
289 905 46
679 86 47
869 233 48
428 67 49
908 693 50
439 683 51
857 868 52
1124 442 53
1189 1070 54
515 1139 55
293 979 56
401 559 57
1083 931 58
1057 1013 59
888 73 60
592 282 61
577 128 62
237 249 63
312 774 64
698 936 65
181 796 66
51 634 67
646 615 68
1145 1026 69
600 524 70
218 176 71
694 1010 72
218 531 73
843 125 74
1000 1119 75
479 1020 76
1028 929 77
649 323 78
1007 736 79
1010 298 80
892 962 81
790 830 82
560 1015 83
256 72 84
40 271 85
360 484 86
783 805 87
979 266 88
1007 190 89
826 1030 90
86 539 91
563 240 92
892 1155 93
26 246 94
611 1083 95
432 1115 96
936 1069 97
448 431 98
460 613 99
1039 20 100
784 1111 101
405 542 102
839 679 103
240 306 104
625 1043 105
273 320 106
523 938 107
74 361 108
943 997 109
929 226 110
1002 379 111
1041 569 112
1002 212 113
992 823 114
416 557 115
670 247 116
1117 680 117
608 283 118
563 389 119
1028 1099 120
100 416 121
539 269 122
515 960 123
726 365 124
824 699 125
570 892 126
742 579 127
741 961 128
190 581 129
747 882 130
505 381 131
761 719 132
281 639 133
556 667 134
335 241 135
623 91 136
389 625 137
958 1052 138
815 1140 139
698 515 140
737 1080 141
580 610 142
395 555 143
1061 992 144
976 127 145
126 765 146
431 337 147
790 201 148
1124 834 149
841 792 150
1129 576 151
1046 1185 152
791 669 153
170 300 154
726 89 155
1116 316 156
1043 860 157
586 1130 158
822 726 159
870 428 160
766 548 161
625 351 162
1041 275 163
693 175 164
172 1168 165
994 550 166
397 1055 167
299 374 168
1003 1092 169
37 755 170
1135 697 171
925 1019 172
1051 75 173
728 1165 174
480 90 175
976 577 176
297 1171 177
1180 57 178
67 495 179
631 603 180
375 616 181
1057 405 182
511 108 183
441 525 184
719 217 185
743 836 186
432 51 187
1009 651 188
818 376 189
557 406 190
1036 197 191
848 6 192
648 686 193
897 646 194
105 640 195
803 1042 196
807 690 197
564 969 198
264 598 199
660 141 200
