3400 3400 200
666 2104 1
2387 2763 2
1867 1942 3
1854 1175 4
1767 3076 5
2510 2495 6
560 1896 7
2745 21 8
200 1113 9
724 3055 10
1578 627 11
2950 900 12
1393 3191 13
1361 3334 14
3331 3215 15
2131 2833 16
699 2734 17
106 3013 18
3143 2586 19
2311 2185 20
40 2145 21
2179 1395 22
737 2719 23
114 2490 24
1813 360 25
882 596 26
809 1637 27
2221 1679 28
2715 1268 29
2487 2828 30
2725 1985 31
106 1814 32
2393 1032 33
586 1781 34
3276 135 35
499 1507 36
3341 2581 37
2008 398 38
963 432 39
2286 359 40
138 2658 41
1730 437 42
2264 1722 43
2412 1819 44
3092 1717 45
907 1775 46
1585 2739 47
1591 999 48
2213 1058 49
2717 2995 50
172 2472 51
814 1179 52
3035 1161 53
2799 300 54
1061 2820 55
2511 2862 56
3265 1920 57
444 3316 58
1374 1254 59
1615 3250 60
1349 2022 61
1101 314 62
1967 679 63
268 2141 64
964 1570 65
1120 1929 66
165 1401 67
1186 1008 68
2092 2426 69
1384 2067 70
700 1077 71
2976 377 72
2890 2386 73
70 1558 74
1131 42 75
1083 622 76
2519 2275 77
3115 237 78
2282 688 79
1243 1369 80
1155 788 81
415 1033 82
199 588 83
1604 2303 84
3227 2630 85
3041 1116 86
1902 2269 87
2658 1323 88
981 738 89
3265 2012 90
2099 172 91
2668 3014 92
205 2085 93
2974 1239 94
1330 66 95
1577 75 96
3047 414 97
920 3224 98
3135 544 99
1437 501 100
961 3344 101
1203 1484 102
727 756 103
1302 3130 104
1441 730 105
550 92 106
2227 2603 107
3061 3015 108
3093 2571 109
753 2015 110
3264 624 111
1084 3110 112
1902 1791 113
428 1890 114
1598 640 115
766 3307 116
73 1082 117
418 2147 118
2178 382 119
442 3211 120
163 3121 121
741 2226 122
1811 1723 123
2134 1836 124
2564 287 125
2347 2454 126
1479 3203 127
1269 2355 128
2734 2143 129
415 1073 130
3188 890 131
1672 3373 132
1090 705 133
2967 864 134
1914 3106 135
1336 1015 136
573 356 137
794 297 138
241 39 139
2950 1376 140
2748 423 141
3086 2768 142
1559 562 143
2939 944 144
2565 906 145
930 3342 146
76 187 147
1797 512 148
3340 2874 149
1757 1932 150
707 1724 151
1273 2878 152
618 1730 153
1555 270 154
673 1832 155
799 855 156
2608 2703 157
2813 1547 158
2517 1753 159
9 341 160
1440 2539 161
3374 1382 162
627 2212 163
864 2464 164
2862 2322 165
1650 1695 166
3293 3160 167
2919 2489 168
1485 2045 169
3194 2418 170
1344 2766 171
1813 817 172
347 1959 173
2430 457 174
1334 1106 175
3031 335 176
587 1611 177
1515 373 178
2725 2928 179
633 684 180
1363 169 181
1253 3118 182
2926 2582 183
2167 1875 184
1493 1305 185
2623 2604 186
3224 1385 187
1054 1764 188
1728 3296 189
2875 800 190
188 798 191
2834 2187 192
2587 1586 193
910 2564 194
2336 93 195
2861 1283 196
2852 668 197
1283 3318 198
491 1678 199
1506 2382 200
2797 2544 1
199 2310 2
1743 2792 3
14 2433 4
715 643 5
2613 2337 6
1953 3183 7
146 2626 8
45 19 9
2422 1706 10
1839 843 11
594 3315 12
1847 1394 13
704 127 14
980 953 15
1233 2942 16
2967 499 17
1960 1625 18
2099 2563 19
1400 148 20
2014 587 21
1271 44 22
420 882 23
924 2858 24
239 519 25
2383 1633 26
2170 2415 27
2451 2101 28
2674 2782 29
976 149 30
1928 1747 31
3264 2086 32
723 1897 33
2292 2689 34
762 1440 35
571 1465 36
187 2696 37
2967 546 38
1568 2186 39
2674 2251 40
1470 1849 41
1389 2154 42
1242 1435 43
3023 182 44
1058 3383 45
1918 536 46
2744 991 47
1549 961 48
2420 2401 49
1744 648 50
2265 1876 51
1123 1214 52
507 3384 53
1137 1565 54
1953 3032 55
1076 2089 56
2867 2294 57
1619 2422 58
3263 3364 59
1374 1982 60
1917 1410 61
3115 3132 62
2469 2991 63
3069 2870 64
835 603 65
1684 1118 66
186 1411 67
507 191 68
848 1766 69
254 1691 70
1441 3061 71
1017 2034 72
2014 2180 73
591 2211 74
1103 77 75
1438 3317 76
1342 2064 77
17 2758 78
1675 3031 79
1255 3226 80
1615 3087 81
596 2096 82
2686 3398 83
1851 2455 84
3001 3218 85
1033 212 86
1618 2591 87
1194 1787 88
2248 447 89
1708 2741 90
511 232 91
1216 780 92
1090 2937 93
514 435 94
754 2570 95
898 462 96
646 1322 97
1441 3313 98
175 2219 99
1700 3008 100
2871 3301 101
2583 1833 102
1580 2162 103
1606 400 104
397 1855 105
2014 3266 106
2472 3337 107
1756 2816 108
2157 1472 109
3371 1009 110
1216 2209 111
1048 1357 112
302 2281 113
2674 2017 114
2068 239 115
1847 3039 116
1546 2844 117
1291 2508 118
2448 214 119
1475 2200 120
1707 3060 121
21 2291 122
1604 550 123
1598 763 124
1222 2149 125
278 1285 126
783 1538 127
1626 83 128
49 175 129
162 2399 130
2494 368 131
989 1137 132
3117 697 133
117 188 134
857 3198 135
3385 2295 136
3222 810 137
2275 529 138
2658 547 139
3035 1196 140
2959 1511 141
1940 1812 142
877 1701 143
438 563 144
276 3038 145
2306 2520 146
1165 3044 147
2492 568 148
1252 1610 149
1612 1704 150
717 255 151
276 376 152
2267 49 153
1160 2647 154
1141 1956 155
731 2051 156
1319 2311 157
1520 2927 158
1745 797 159
3009 3387 160
1846 955 161
849 2165 162
2137 1525 163
2489 347 164
2745 1516 165
2919 1532 166
239 1559 167
282 811 168
1086 71 169
83 608 170
431 2718 171
291 2525 172
2080 1523 173
2683 2119 174
2686 2438 175
999 1414 176
1263 246 177
310 174 178
3382 2899 179
3156 510 180
3018 2826 181
2812 1552 182
2292 2614 183
1078 822 184
2463 1491 185
366 65 186
3051 2530 187
29 470 188
3023 2122 189
2876 2781 190
1986 2445 191
291 1550 192
208 445 193
2469 507 194
1700 1681 195
2795 2640 196
1492 923 197
3358 2073 198
1950 950 199
2859 210 200
329 860 1
773 1204 2
922 1445 3
3150 3210 4
432 2740 5
17 1844 6
3125 998 7
1397 305 8
1361 2799 9
2023 7 10
3363 80 11
3127 537 12
1682 2070 13
206 2138 14
1320 836 15
2398 2879 16
2731 1270 17
1328 661 18
2363 167 19
877 2645 20
2953 430 21
1334 967 22
2296 1170 23
3153 1930 24
2744 145 25
739 706 26
277 1562 27
1419 64 28
3113 1779 29
2155 799 30
1553 1146 31
1119 1377 32
3177 741 33
1553 701 34
882 918 35
2339 1980 36
632 3305 37
2140 1962 38
2036 1192 39
2712 11 40
3292 743 41
1638 3297 42
926 338 43
3263 1816 44
849 1406 45
2151 1566 46
1130 1974 47
1473 193 48
734 2655 49
2448 620 50
2329 1325 51
1089 1120 52
2283 3161 53
1066 740 54
625 1172 55
1334 3328 56
1223 2627 57
2744 2318 58
633 198 59
2587 88 60
1057 2654 61
2164 1640 62
295 1924 63
1335 2106 64
591 592 65
3133 883 66
2812 3323 67
605 1680 68
3131 3251 69
1195 2850 70
1936 1407 71
2243 1397 72
1777 195 73
2367 1165 74
1699 2316 75
1758 1028 76
2064 1129 77
1917 2077 78
1509 2342 79
2883 2726 80
2429 1769 81
3199 498 82
2823 1365 83
339 2136 84
2760 3290 85
707 2494 86
2484 1018 87
1928 2321 88
1108 2950 89
1064 1884 90
2345 1906 91
1888 330 92
1443 850 93
1043 2011 94
627 3123 95
1481 448 96
1444 2872 97
215 802 98
1024 1346 99
503 3010 100
160 2350 101
484 2938 102
3207 1458 103
996 1858 104
2433 3162 105
845 1494 106
522 1156 107
1489 1271 108
1424 3091 109
788 2707 110
2287 384 111
3099 3018 112
510 2760 113
2452 3366 114
290 1865 115
1822 2533 116
2752 558 117
1717 1229 118
2365 1838 119
2919 2108 120
1035 2443 121
2745 1969 122
3357 2934 123
704 467 124
2354 3319 125
1434 2235 126
1705 1112 127
3301 2113 128
3094 3047 129
3023 2778 130
1368 749 131
3127 2886 132
1549 1749 133
478 983 134
3030 3234 135
1867 2949 136
1618 793 137
1953 1767 138
826 2916 139
3282 1867 140
87 128 141
1846 2568 142
3199 2359 143
3248 1984 144
650 2181 145
90 1427 146
3389 2375 147
2165 260 148
419 3024 149
1847 1619 150
1775 3352 151
2918 2652 152
1593 2391 153
2752 252 154
3121 3058 155
1405 1943 156
2941 1534 157
2613 1448 158
276 1466 159
544 2482 160
3051 566 161
2890 990 162
2626 2218 163
1706 263 164
522 2556 165
1854 2010 166
1441 299 167
1103 1729 168
1271 2373 169
1553 727 170
205 1528 171
555 1879 172
3196 2059 173
1046 3074 174
125 601 175
1233 1402 176
2270 1797 177
865 1177 178
310 275 179
2286 2232 180
2772 503 181
628 3263 182
1039 3350 183
1979 3238 184
73 551 185
3058 896 186
2937 3043 187
3250 748 188
2925 819 189
3272 2889 190
3130 642 191
163 3332 192
1615 114 193
976 1072 194
343 3064 195
3104 1804 196
524 1288 197
1767 1174 198
425 1366 199
2412 1304 200
2478 1479 1
2876 732 2
2048 2282 3
2725 1428 4
2075 2204 5
2092 2825 6
3308 2695 7
2831 1169 8
1901 2503 9
2492 258 10
2990 1280 11
575 2158 12
1914 2567 13
2854 2266 14
2269 1190 15
3008 3128 16
3276 1776 17
3094 784 18
1821 2600 19
3163 759 20
3224 1659 21
1615 2867 22
1457 2037 23
539 2313 24
1745 2473 25
2341 2578 26
2198 456 27
1447 614 28
3258 180 29
2830 2579 30
3144 2507 31
1975 1176 32
1268 505 33
720 58 34
532 1958 35
1820 1732 36
3090 968 37
3310 3098 38
2954 3111 39
1914 474 40
546 2144 41
646 2952 42
2545 2565 43
2337 672 44
1298 561 45
3124 2946 46
1598 771 47
1840 3262 48
1887 1546 49
1909 951 50
3328 1319 51
2757 2288 52
283 806 53
349 1476 54
745 3309 55
2121 3078 56
2369 1578 57
218 2936 58
1134 2312 59
2797 1473 60
2340 1643 61
3282 3173 62
226 1182 63
2577 2789 64
339 1790 65
363 1829 66
545 1574 67
1266 699 68
1539 516 69
2252 2860 70
2861 1390 71
2925 2773 72
2270 838 73
2075 1703 74
2954 1557 75
3181 238 76
549 2832 77
3051 265 78
1889 2672 79
1505 2992 80
3277 1265 81
529 1122 82
184 1757 83
1231 1579 84
550 2685 85
2833 2007 86
2320 2713 87
1420 3261 88
1657 1336 89
2590 2297 90
2450 2488 91
2407 637 92
363 1057 93
964 372 94
989 1863 95
1953 3257 96
1820 2491 97
695 2956 98
1433 2278 99
940 960 100
2 1810 101
2709 1569 102
65 2398 103
973 921 104
1520 123 105
1532 1652 106
1334 845 107
3086 1089 108
538 1650 109
2113 577 110
3139 3070 111
3241 1705 112
1216 3116 113
1677 1824 114
3000 949 115
2389 1299 116
1424 2277 117
2838 695 118
589 1436 119
2859 1846 120
410 192 121
921 2166 122
1549 3200 123
2088 2605 124
2499 2688 125
731 20 126
891 1061 127
2136 1185 128
2036 345 129
1520 1205 130
160 2370 131
558 490 132
808 2941 133
653 2795 134
2275 1768 135
1079 726 136
2306 1024 137
344 2341 138
210 227 139
829 1296 140
163 2004 141
1545 1130 142
1447 2981 143
844 2366 144
138 385 145
1773 3041 146
1238 358 147
440 2606 148
3278 1667 149
1916 211 150
2389 2157 151
1864 1745 152
796 1591 153
1909 766 154
272 1618 155
3078 578 156
3194 3112 157
878 1439 158
1712 117 159
3081 2810 160
2525 2066 161
1032 1355 162
2057 2659 163
2389 276 164
902 1294 165
3005 224 166
3099 2270 167
1698 925 168
973 2338 169
647 719 170
299 2249 171
87 2280 172
2541 1687 173
1913 3003 174
2981 2439 175
1699 2459 176
1283 290 177
1522 669 178
1535 413 179
2123 3369 180
1831 1843 181
2386 3193 182
425 3372 183
2057 1877 184
3326 616 185
695 2550 186
1214 2127 187
1973 852 188
3278 1434 189
907 2836 190
3255 3244 191
2549 683 192
3349 3167 193
262 480 194
1373 2998 195
3191 567 196
3177 1927 197
2387 818 198
1577 2462 199
363 2871 200
3226 2184 1
1291 3186 2
558 286 3
2253 686 4
1770 1854 5
537 1488 6
3127 3381 7
804 1629 8
29 2683 9
1712 2859 10
387 1462 11
2268 1885 12
2947 142 13
1563 284 14
2768 2656 15
1832 43 16
2960 3084 17
1233 1178 18
1567 390 19
73 877 20
3273 2023 21
1146 2053 22
2259 3379 23
1299 1227 24
726 1327 25
3094 1742 26
2131 371 27
2908 2649 28
794 249 29
685 2117 30
1564 1684 31
2102 3019 32
2177 2900 33
2983 2804 34
2213 3163 35
3265 1553 36
3323 1656 37
2364 3090 38
3159 10 39
2550 541 40
2140 2486 41
546 3325 42
22 3357 43
1718 2595 44
1658 1121 45
2248 2516 46
121 3396 47
2694 696 48
964 2423 49
2464 3358 50
2668 1014 51
428 2669 52
3243 1218 53
1143 677 54
1216 1803 55
2442 179 56
490 2993 57
2849 3205 58
3278 582 59
1134 3376 60
1128 575 61
2577 3196 62
2453 1419 63
1344 2975 64
922 1661 65
3005 318 66
379 2847 67
901 2699 68
2294 2246 69
783 554 70
1442 3169 71
2283 2394 72
2555 2112 73
1455 2208 74
1831 911 75
1093 3140 76
1691 508 77
1368 2279 78
383 910 79
1705 1794 80
2315 2940 81
2342 1935 82
1328 1587 83
1119 3353 84
1427 3021 85
3315 378 86
753 2863 87
2437 579 88
1046 90 89
3049 635 90
978 3365 91
1457 2221 92
3158 2923 93
1283 2467 94
2823 202 95
66 2537 96
2379 1504 97
2263 2680 98
546 475 99
1790 1098 100
198 2058 101
1344 584 102
221 1258 103
3124 1266 104
1941 2241 105
1960 177 106
177 235 107
2914 367 108
3257 1965 109
442 1083 110
496 1860 111
2744 1421 112
1189 513 113
68 628 114
2457 1825 115
2232 3181 116
1723 1217 117
2706 2497 118
2429 755 119
2008 138 120
1405 1699 121
106 1389 122
1470 786 123
3250 3311 124
3020 2632 125
3105 2724 126
1589 469 127
2768 3065 128
1479 1150 129
1673 1841 130
3097 1247 131
796 45 132
2877 966 133
1909 152 134
2085 929 135
2318 861 136
3375 29 137
1543 491 138
1800 2248 139
1563 1910 140
1289 2631 141
17 905 142
665 995 143
3 2560 144
2583 361 145
1250 2025 146
939 2063 147
71 703 148
3396 1412 149
262 1971 150
849 79 151
659 2336 152
3058 1634 153
2760 3108 154
1210 1368 155
2885 2475 156
2922 32 157
981 901 158
2008 189 159
2318 2369 160
1923 2409 161
1997 3303 162
2147 559 163
827 873 164
3085 2888 165
3245 2666 166
1336 1384 167
1426 2729 168
1401 3165 169
3265 722 170
1339 493 171
1242 405 172
1448 1761 173
1967 1367 174
312 565 175
1811 2841 176
3293 553 177
2862 3298 178
1320 1805 179
127 939 180
1197 1940 181
2052 903 182
500 828 183
2967 631 184
2793 3184 185
1336 3133 186
2181 3 187
2235 1755 188
2345 1000 189
1130 446 190
46 233 191
3156 2598 192
2099 3347 193
365 1345 194
825 1 195
226 1548 196
2278 1321 197
1766 2083 198
2311 2574 199
1900 1264 200
1775 3103 1
127 659 2
2012 1199 3
1283 2692 4
3023 242 5
1914 1918 6
2231 1124 7
2102 1554 8
3320 2406 9
3112 3237 10
3090 2590 11
1569 3213 12
3143 1941 13
2215 1902 14
3362 3125 15
2306 2861 16
64 1527 17
1702 268 18
419 875 19
1252 2335 20
1 1084 21
2536 3138 22
795 156 23
3230 2701 24
3250 1096 25
659 767 26
2442 159 27
1208 1048 28
3144 2693 29
3345 2702 30
1169 3394 31
1604 2620 32
205 3256 33
3128 1105 34
758 285 35
3196 837 36
558 2215 37
195 2029 38
3241 3291 39
470 3177 40
2206 3284 41
45 2410 42
754 2493 43
808 623 44
2508 2329 45
1015 2608 46
2628 821 47
776 938 48
2306 858 49
1515 868 50
2918 1626 51
1728 3322 52
794 1811 53
1933 25 54
531 2636 55
2 1380 56
2527 835 57
1526 1393 58
2577 1597 59
906 2134 60
358 1485 61
2330 1568 62
3276 2225 63
3027 977 64
1120 3278 65
1887 1598 66
2348 3390 67
625 3241 68
2261 1347 69
3212 328 70
2350 3063 71
2104 1226 72
1466 1752 73
3150 15 74
2250 2999 75
1038 2732 76
2947 1151 77
3018 251 78
2583 451 79
753 370 80
262 840 81
2439 1184 82
984 1349 83
837 626 84
1846 2471 85
845 721 86
2822 2661 87
1604 682 88
1218 2357 89
3266 207 90
2738 2052 91
365 1194 92
3011 2767 93
2195 1620 94
2839 2323 95
670 1200 96
638 3164 97
1235 2345 98
825 930 99
3362 1004 100
218 2634 101
3156 1180 102
2292 1286 103
571 2451 104
1594 3392 105
984 1515 106
1839 110 107
1553 1657 108
3034 2125 109
3320 455 110
1302 477 111
2904 2456 112
1520 351 113
784 2358 114
3202 2442 115
1158 839 116
366 2873 117
727 1481 118
2612 2963 119
1097 3023 120
1970 1242 121
1407 348 122
1909 1994 123
117 729 124
3331 2071 125
473 154 126
16 1725 127
87 2431 128
3005 827 129
1403 3356 130
2085 3326 131
2005 1274 132
950 581 133
1841 2602 134
3195 1126 135
2059 527 136
2955 415 137
989 1017 138
707 315 139
2164 218 140
915 495 141
3327 2434 142
2102 3269 143
407 406 144
3264 2131 145
2462 3279 146
1481 1418 147
3277 1487 148
33 3072 149
1418 476 150
90 2757 151
391 1343 152
896 3122 153
1509 22 154
2463 2610 155
3170 2997 156
3018 3201 157
2678 1038 158
296 2276 159
1632 1127 160
3097 654 161
1553 1909 162
35 1925 163
783 2115 164
67 2986 165
2274 2100 166
4 165 167
276 394 168
2998 1157 169
1054 1272 170
586 2818 171
282 1540 172
2932 3093 173
882 621 174
627 707 175
1870 3355 176
1462 2551 177
1334 2890 178
81 1260 179
1349 1298 180
2729 1104 181
1605 1095 182
1674 1404 183
2198 2745 184
3388 2926 185
1822 2976 186
2671 2202 187
1328 564 188
1728 1989 189
2336 3057 190
2669 1386 191
685 2896 192
2598 787 193
153 3083 194
1419 922 195
90 664 196
2916 2548 197
3372 1042 198
381 2784 199
912 3022 200
510 594 1
614 2435 2
3284 1743 3
3278 1773 4
1701 2000 5
986 1944 6
2595 2592 7
3074 1979 8
2329 1870 9
558 70 10
1454 3202 11
940 1246 12
2286 2084 13
991 1328 14
1675 2547 15
1829 2414 16
3236 3354 17
2941 1251 18
2344 2065 19
2508 1203 20
1496 1324 21
329 26 22
2145 119 23
2394 2554 24
3205 2479 25
676 2990 26
3374 663 27
333 3280 28
2959 1831 29
1548 2135 30
163 1839 31
2083 2236 32
2461 3299 33
3199 2234 34
2460 404 35
1827 3391 36
127 395 37
22 220 38
1917 2612 39
2136 307 40
313 1211 41
2113 3221 42
183 805 43
2069 158 44
1941 387 45
176 1263 46
2615 2642 47
1325 1685 48
3168 1011 49
344 1416 50
1964 2408 51
490 634 52
1060 2914 53
114 3274 54
1980 1518 55
790 2984 56
1005 3157 57
2953 1166 58
3086 73 59
560 2258 60
898 1864 61
2765 1053 62
589 1683 63
883 1115 64
1650 1333 65
1271 2368 66
1909 1892 67
3133 381 68
2678 497 69
2131 3051 70
198 1922 71
558 272 72
1742 1963 73
2685 1500 74
52 1148 75
2875 2619 76
1432 1886 77
2700 656 78
2161 652 79
1060 1912 80
3237 2379 81
634 2921 82
1168 2076 83
262 2043 84
2506 1893 85
3224 3289 86
2119 1438 87
848 166 88
3289 2893 89
521 2284 90
2618 646 91
1883 3258 92
2414 1047 93
1663 2397 94
1457 2286 95
3376 3059 96
796 754 97
2575 1881 98
21 206 99
2181 2090 100
2831 1469 101
1130 886 102
546 2327 103
500 2238 104
2253 2196 105
3121 2891 106
3250 2552 107
2514 3377 108
222 342 109
183 2030 110
419 792 111
2125 2035 112
366 2925 113
2231 1467 114
3278 1850 115
1423 1198 116
1794 1765 117
3030 1238 118
1902 2835 119
2191 53 120
2154 1019 121
1894 2735 122
681 1751 123
1016 99 124
1428 1013 125
1285 1040 126
913 1960 127
1294 1646 128
1149 3282 129
226 1234 130
1986 1002 131
3005 3150 132
1119 2730 133
3351 1869 134
162 2948 135
1794 2780 136
2142 1482 137
190 1613 138
3207 2376 139
2487 3149 140
2595 1754 141
631 3081 142
2415 1938 143
2022 2737 144
334 2723 145
2430 168 146
3330 1044 147
428 1119 148
1155 815 149
1396 3166 150
221 1460 151
796 3324 152
1466 2213 153
2206 312 154
1270 872 155
3143 273 156
3005 647 157
3189 1872 158
484 1740 159
2689 217 160
795 571 161
381 994 162
347 509 163
2319 236 164
476 720 165
141 2223 166
3008 3180 167
1466 407 168
1715 1031 169
2114 458 170
2502 593 171
1962 580 172
2642 2954 173
796 2753 174
3069 303 175
940 1716 176
3343 2973 177
751 1748 178
2828 333 179
3008 3235 180
1933 826 181
1097 549 182
2836 528 183
1283 2716 184
573 1036 185
1078 3285 186
1482 1396 187
120 2960 188
83 2987 189
3233 1117 190
1452 2650 191
1791 956 192
3252 1193 193
997 269 194
68 982 195
327 2549 196
87 1233 197
2162 694 198
2781 1189 199
2565 783 200
2629 2254 1
2257 1210 2
1947 133 3
940 2555 4
649 393 5
3276 1443 6
1151 957 7
1708 1669 8
2950 1342 9
765 2615 10
290 1510 11
2062 782 12
1443 3027 13
3385 2866 14
2166 2146 15
2587 1509 16
860 3009 17
26 1303 18
2859 1939 19
3224 2809 20
225 1826 21
1097 2834 22
410 1295 23
823 3148 24
1490 2361 25
1387 841 26
3341 1913 27
3039 1010 28
507 2700 29
2981 1261 30
2911 141 31
3124 928 32
1428 253 33
906 1658 34
1328 1992 35
289 115 36
2620 1653 37
2553 30 38
1606 2273 39
3236 744 40
2365 2352 41
619 2309 42
1846 514 43
586 981 44
1553 2292 45
3247 1480 46
3099 2163 47
3270 2465 48
2318 126 49
977 472 50
1545 984 51
113 570 52
2982 2633 53
2753 336 54
1728 2623 55
3276 1573 56
2405 231 57
984 524 58
1423 2907 59
1159 1628 60
1091 1741 61
826 2474 62
3086 2527 63
1432 2314 64
868 2510 65
1845 2687 66
426 2837 67
2059 1823 68
1941 3080 69
2965 37 70
1383 2353 71
2587 1782 72
428 1827 73
522 535 74
1354 76 75
163 421 76
2161 2477 77
1800 678 78
3250 3124 79
539 1230 80
998 959 81
943 1330 82
1466 854 83
231 3229 84
589 1387 85
1177 2904 86
2215 1131 87
428 1966 88
885 1692 89
314 234 90
3330 1605 91
3127 816 92
1718 1005 93
1774 2686 94
2417 2074 95
1487 86 96
2749 2091 97
210 2340 98
745 388 99
1591 2407 100
177 698 101
2910 1111 102
155 2024 103
2995 866 104
596 2727 105
1307 1273 106
860 1563 107
2678 1710 108
1328 823 109
3163 1486 110
647 2402 111
168 2205 112
802 3335 113
1013 3142 114
2514 1463 115
418 2733 116
356 283 117
2130 1621 118
2325 2432 119
3360 3046 120
1663 2175 121
3217 675 122
556 888 123
1341 857 124
3009 2596 125
902 2413 126
1349 1408 127
1846 1444 128
477 2970 129
3307 2982 130
1386 1998 131
2760 2347 132
804 876 133
794 2790 134
1615 920 135
2890 2877 136
861 1648 137
2203 2320 138
2540 645 139
796 353 140
1035 2107 141
2163 2381 142
2341 752 143
2165 1351 144
1478 849 145
1661 803 146
1693 2671 147
1081 2848 148
617 964 149
537 1228 150
2375 3002 151
538 2813 152
266 667 153
820 1964 154
2237 3066 155
858 1908 156
138 1269 157
1532 2930 158
1026 1990 159
383 3374 160
3295 1292 161
1439 2228 162
1886 2905 163
773 1936 164
2826 1859 165
2565 1596 166
1171 197 167
1650 2164 168
1971 935 169
349 1799 170
1233 725 171
2393 116 172
1845 943 173
463 247 174
751 3179 175
2371 1614 176
3199 2324 177
1520 808 178
196 1243 179
365 1915 180
1451 1645 181
3074 94 182
808 118 183
1030 2838 184
3369 1783 185
3120 764 186
1516 425 187
153 2558 188
808 2050 189
618 3042 190
2964 2806 191
747 349 192
2744 2005 193
447 1524 194
1712 1429 195
1535 3220 196
1533 2625 197
153 2195 198
1346 2098 199
2227 2796 200
2407 2573 1
2817 1945 2
538 1649 3
2577 2543 4
1520 884 5
64 461 6
352 1236 7
310 1923 8
2875 2628 9
2258 2334 10
208 2706 11
1197 1851 12
1336 2153 13
2764 1076 14
2418 137 15
718 3141 16
1889 496 17
3253 2390 18
1597 880 19
2005 629 20
658 1857 21
3015 2042 22
1192 2087 23
1034 1344 24
2389 2511 25
1999 545 26
3241 794 27
1328 2139 28
1806 804 29
1914 1337 30
1152 1446 31
1137 1882 32
2430 306 33
2318 2919 34
687 479 35
1303 3000 36
2402 1978 37
1440 293 38
1309 1898 39
2744 1903 40
1773 2178 41
109 1332 42
621 2047 43
184 971 44
2599 1209 45
286 2521 46
963 2231 47
5 280 48
594 3182 49
2253 1608 50
2942 1279 51
1090 91 52
2830 3145 53
670 2129 54
691 1092 55
1979 1635 56
3366 1282 57
633 1431 58
2418 1413 59
2200 3214 60
939 2293 61
1426 1778 62
1615 1505 63
92 3265 64
1868 2679 65
672 3267 66
1328 1736 67
3371 354 68
1434 2174 69
2215 438 70
2615 2710 71
2306 1375 72
678 1731 73
2359 1995 74
2284 3136 75
1355 2055 76
2094 392 77
2420 1141 78
1515 2868 79
1892 2405 80
2583 419 81
765 3375 82
2241 1602 83
1989 2929 84
214 162 85
1035 3206 86
625 2069 87
3362 945 88
2657 942 89
1650 851 90
2294 3382 91
1682 3113 92
2616 1339 93
3318 323 94
475 690 95
1509 2468 96
2668 2123 97
2327 2594 98
3053 887 99
2286 1953 100
457 1064 101
3149 2553 102
1712 1498 103
679 2287 104
2965 399 105
2904 716 106
2423 1503 107
1637 924 108
2380 213 109
2136 2080 110
2799 2839 111
1522 1070 112
3343 484 113
3149 1099 114
945 1821 115
2386 2343 116
3353 201 117
2781 1987 118
2570 2585 119
3048 1109 120
3024 216 121
29 1433 122
1196 3336 123
1596 1543 124
2336 2214 125
1204 3174 126
567 2561 127
682 2046 128
1154 1670 129
467 1688 130
1030 1290 131
2669 2344 132
126 2675 133
1002 2155 134
3252 1371 135
2270 3092 136
1785 102 137
539 2725 138
2326 2354 139
681 105 140
294 2008 141
2995 1760 142
3374 1856 143
1597 47 144
3140 2365 145
707 1517 146
1775 3095 147
317 125 148
117 2779 149
1137 898 150
1965 1029 151
792 1293 152
1580 3310 153
1898 2681 154
2659 1820 155
2312 526 156
310 365 157
2048 1996 158
2443 1617 159
1585 3034 160
1328 825 161
619 708 162
3257 2478 163
1447 478 164
3217 2978 165
1143 874 166
885 321 167
381 302 168
1702 2487 169
1598 881 170
2074 2274 171
2457 2720 172
591 334 173
1123 611 174
607 3281 175
1644 3371 176
1774 641 177
3388 1426 178
1600 606 179
860 3139 180
2481 2081 181
3233 2939 182
1814 2378 183
1713 2532 184
2414 316 185
478 266 186
1027 598 187
594 1356 188
1591 420 189
415 574 190
625 1967 191
1364 34 192
3372 492 193
2615 120 194
3019 3340 195
594 1606 196
1678 2901 197
631 1711 198
459 3152 199
1011 466 200
967 973 1
1361 2068 2
131 332 3
1415 2470 4
1108 1206 5
1811 1842 6
2266 3067 7
1928 3154 8
717 2653 9
2267 954 10
1794 1276 11
808 830 12
2214 3096 13
1684 662 14
1973 122 15
665 1575 16
3099 2506 17
3270 2983 18
2237 1955 19
1466 1917 20
2275 1208 21
2963 1560 22
2161 2041 23
2514 1492 24
534 1459 25
192 2082 26
2082 3017 27
3311 2460 28
2556 1087 29
320 60 30
2934 59 31
75 1746 32
2904 1789 33
773 996 34
1379 612 35
2150 2842 36
2087 1025 37
3018 989 38
807 1750 39
156 2331 40
1224 745 41
1902 650 42
1761 2885 43
3069 1379 44
1987 397 45
2859 1673 46
96 3049 47
2583 1514 48
883 2821 49
3362 1437 50
538 1734 51
1336 106 52
1557 6 53
560 452 54
2215 2668 55
1885 1358 56
323 1720 57
2816 853 58
2155 339 59
2445 2427 60
826 1868 61
1809 1468 62
1437 278 63
2321 2103 64
291 1012 65
1921 2869 66
3276 1186 67
2198 538 68
1609 3348 69
2336 1785 70
3149 2348 71
1014 2229 72
2558 772 73
3179 2694 74
3046 46 75
2274 2588 76
2519 653 77
896 3242 78
1144 813 79
280 429 80
2735 2875 81
1850 292 82
2318 2854 83
1328 809 84
906 892 85
146 1817 86
1684 3088 87
2168 36 88
1939 1248 89
2420 753 90
2292 1225 91
1657 1173 92
625 317 93
2606 1818 94
629 489 95
3015 1772 96
779 975 97
443 3037 98
878 2088 99
1836 750 100
1944 2759 101
2019 28 102
538 1457 103
2185 139 104
2155 3131 105
1009 248 106
1442 3172 107
2685 2935 108
815 2049 109
2283 2290 110
1538 487 111
66 1664 112
2231 1654 113
2161 1253 114
2859 2717 115
1172 1101 116
490 2827 117
3177 500 118
550 97 119
2361 2453 120
722 2776 121
2497 340 122
2333 532 123
1419 2512 124
97 1615 125
3127 2237 126
1312 1289 127
1381 1422 128
2405 2971 129
1555 1049 130
1084 2271 131
1555 2750 132
820 1822 133
977 434 134
2752 3005 135
415 859 136
1718 1495 137
2424 1676 138
666 3100 139
533 3199 140
1119 3264 141
953 3178 142
3391 2902 143
275 2909 144
1437 2417 145
3037 1372 146
310 2148 147
1371 2224 148
1336 878 149
275 85 150
754 1353 151
1596 3253 152
899 3272 153
1702 3330 154
3070 3185 155
2162 897 156
2854 3273 157
1058 1871 158
1924 2589 159
410 846 160
1042 2075 161
1119 2257 162
1823 814 163
1705 2393 164
1012 1114 165
590 742 166
3323 241 167
573 78 168
215 245 169
2008 2261 170
1076 2285 171
498 1972 172
794 2374 173
215 1588 174
2367 173 175
1275 824 176
2420 2786 177
118 602 178
1149 3135 179
2616 1496 180
920 2450 181
125 3068 182
747 3270 183
3088 1249 184
499 2171 185
226 915 186
2669 2691 187
1931 1056 188
1980 980 189
1216 2665 190
276 1921 191
883 2003 192
2 1132 193
2714 543 194
1541 2216 195
1661 13 196
221 1016 197
3357 1975 198
2157 1948 199
665 1961 200
1404 992 1
1015 1556 2
2320 1020 3
3207 2951 4
1270 2793 5
526 2006 6
1800 2105 7
2768 691 8
1831 1207 9
1024 3255 10
729 1065 11
2231 2429 12
3097 101 13
1586 1792 14
1877 3293 15
294 453 16
792 2566 17
123 1521 18
588 3246 19
3276 625 20
2511 2587 21
2678 1291 22
2984 2315 23
766 2749 24
3068 1167 25
2354 1689 26
1604 522 27
1042 418 28
3396 530 29
1968 1946 30
1985 2917 31
3006 2705 32
2821 1245 33
902 1068 34
2100 1237 35
27 2865 36
2504 2222 37
428 2265 38
1736 346 39
1449 2534 40
2992 1777 41
3330 3386 42
1718 2908 43
1553 832 44
2310 1883 45
176 2268 46
1213 1037 47
2812 963 48
1024 383 49
2654 889 50
2867 940 51
1146 1719 52
2275 3054 53
3383 2332 54
1539 2624 55
434 2159 56
2757 170 57
1585 521 58
632 671 59
1167 494 60
933 2965 61
1024 907 62
3325 40 63
174 3079 64
1493 589 65
3384 468 66
2099 2535 67
2247 1623 68
640 3094 69
410 1108 70
3086 1447 71
3149 271 72
1650 288 73
1496 1026 74
2163 1331 75
1654 2704 76
2325 54 77
2385 2256 78
907 2616 79
2265 795 80
92 2306 81
2813 2367 82
199 436 83
1397 2120 84
1312 746 85
1489 2169 86
263 548 87
1530 2651 88
272 1638 89
1902 3127 90
254 481 91
917 417 92
2104 308 93
550 2243 94
763 869 95
3205 937 96
467 2607 97
2121 3314 98
1243 2774 99
3195 17 100
1774 2156 101
1210 1133 102
3218 1456 103
1573 2638 104
311 3053 105
990 2404 106
400 1140 107
2069 1220 108
1940 1158 109
2745 1341 110
110 2518 111
202 2943 112
2787 3028 113
1192 2531 114
1299 891 115
985 2289 116
978 1737 117
2079 264 118
329 630 119
2572 2172 120
254 291 121
3243 723 122
3146 3248 123
400 3120 124
757 3343 125
1792 2924 126
560 867 127
125 1848 128
3025 48 129
1604 2514 130
2052 871 131
2543 1937 132
1539 865 133
789 2207 134
2282 2961 135
2515 2922 136
2818 2188 137
1003 1417 138
3133 1035 139
3208 936 140
1919 2747 141
2286 3101 142
2059 1364 143
1314 518 144
975 1535 145
3210 350 146
2732 1171 147
867 1277 148
765 3236 149
1636 124 150
3069 2674 151
2326 1931 152
755 1160 153
2118 96 154
884 515 155
967 3159 156
1832 50 157
1604 205 158
1555 2814 159
339 1307 160
327 569 161
2881 757 162
2043 3117 163
190 1744 164
1905 987 165
1883 1880 166
447 1991 167
2155 557 168
3187 3175 169
1034 1609 170
538 1718 171
2881 673 172
317 1647 173
2511 790 174
1015 51 175
2946 607 176
215 2026 177
138 72 178
268 2644 179
2008 1350 180
2052 2170 181
1003 2884 182
1363 3395 183
1175 542 184
1278 3188 185
1745 1301 186
1336 2880 187
1478 687 188
2047 2529 189
2569 3190 190
188 1100 191
2139 834 192
380 411 193
2941 3245 194
1160 724 195
2620 2989 196
857 3399 197
3241 885 198
3172 842 199
2802 2755 200
114 633 1
3318 2197 2
1722 3137 3
814 2230 4
741 681 5
3248 1153 6
960 617 7
420 777 8
733 2485 9
2147 655 10
1733 2722 11
2587 573 12
3243 2296 13
1437 1539 14
1549 3216 15
97 366 16
2130 913 17
310 1536 18
591 2988 19
2395 3082 20
2572 2576 21
2866 1914 22
109 403 23
1008 444 24
2268 3239 25
516 389 26
1004 2528 27
113 1891 28
1274 2857 29
3367 482 30
2238 1735 31
629 1595 32
3108 1241 33
2910 267 34
1994 2263 35
47 685 36
2254 401 37
168 1188 38
1143 2754 39
2131 2333 40
3375 2715 41
875 2663 42
3109 728 43
1965 1329 44
2990 1144 45
1909 2452 46
1967 153 47
839 2953 48
3181 8 49
848 1798 50
2744 2540 51
2130 2395 52
2077 84 53
2965 709 54
454 919 55
3183 1582 56
1270 1454 57
3324 1950 58
290 3050 59
1049 3223 60
79 1348 61
454 2648 62
1160 1191 63
2253 450 64
3106 3048 65
538 1675 66
2269 3119 67
1041 600 68
211 791 69
914 781 70
799 2611 71
1424 504 72
2086 2801 73
2558 1423 74
1108 2028 75
2583 1317 76
2764 1604 77
363 1490 78
3005 1928 79
1856 3207 80
3080 2769 81
205 2168 82
751 926 83
1905 3156 84
2066 585 85
608 523 86
1346 1874 87
914 443 88
1619 132 89
1630 2676 90
1636 1957 91
538 1441 92
3057 976 93
2478 2944 94
369 1952 95
240 770 96
1634 1878 97
946 3339 98
586 1224 99
2407 1381 100
421 1362 101
2826 917 102
3057 2411 103
715 1502 104
2745 221 105
3316 362 106
174 1464 107
640 3393 108
2307 2711 109
3124 506 110
3307 1075 111
1585 2383 112
444 3035 113
1994 948 114
573 932 115
2473 111 116
215 946 117
1615 257 118
3026 3192 119
2813 737 120
366 970 121
1496 1662 122
917 2541 123
2272 1318 124
428 2731 125
3255 1297 126
724 856 127
1287 534 128
106 2967 129
2048 540 130
1490 2823 131
85 244 132
3329 89 133
1329 1714 134
202 1370 135
2859 1034 136
1464 2559 137
678 2027 138
349 2931 139
2699 1080 140
1365 3146 141
3291 618 142
192 2121 143
421 1788 144
1039 2500 145
929 228 146
196 112 147
733 692 148
1891 978 149
2420 2253 150
2835 605 151
1039 762 152
2365 1840 153
885 16 154
3340 298 155
2365 3197 156
858 440 157
2231 1551 158
3158 2746 159
2818 223 160
2337 2897 161
151 1313 162
1235 483 163
31 2328 164
3032 2002 165
21 779 166
146 2894 167
3241 1123 168
2835 2822 169
1031 1363 170
2716 55 171
3309 2882 172
2487 1267 173
1840 2800 174
1663 1405 175
2102 2557 176
265 3040 177
1455 1981 178
940 2036 179
1610 3155 180
2014 3306 181
1602 1707 182
558 586 183
2603 441 184
2812 2448 185
2771 2524 186
2806 1388 187
2444 2380 188
3250 363 189
1027 2111 190
2168 2466 191
2838 525 192
288 1934 193
490 1154 194
1086 1561 195
1597 3056 196
1167 789 197
517 3036 198
365 2412 199
1233 1453 200
1609 680 1
329 262 2
2689 972 3
1180 638 4
1892 2509 5
1850 2262 6
2319 1499 7
3370 3189 8
1892 1887 9
1798 2957 10
1936 2513 11
2439 615 12
1046 2985 13
2910 2974 14
1128 3134 15
2312 3351 16
907 863 17
2214 185 18
3313 380 19
1909 2797 20
1903 2220 21
2606 693 22
2118 2849 23
275 670 24
2862 1320 25
40 3045 26
1800 1708 27
364 1977 28
878 2499 29
2036 1861 30
97 3304 31
1457 1663 32
1650 2807 33
1553 1142 34
497 2193 35
1928 848 36
1556 134 37
447 2629 38
1488 1309 39
2423 986 40
1648 62 41
1114 2244 42
201 1828 43
2028 1866 44
497 391 45
1457 69 46
1909 1235 47
3187 2538 48
1134 2272 49
2192 2199 50
2133 2031 51
1756 108 52
2025 1721 53
1583 619 54
825 1275 55
886 775 56
2849 807 57
1682 2911 58
1986 2831 59
1218 5 60
295 343 61
2232 2191 62
3307 1110 63
2729 1051 64
1038 3126 65
827 1583 66
2287 985 67
112 1780 68
174 2959 69
851 2505 70
1346 2945 71
3155 3283 72
1169 2044 73
970 1030 74
920 2152 75
2000 2437 76
1024 1580 77
1382 130 78
114 311 79
2463 2384 80
2829 144 81
2429 140 82
1968 1316 83
2500 2428 84
1839 2892 85
669 161 86
141 3300 87
3291 3268 88
1700 2802 89
270 2142 90
1312 2440 91
2598 1221 92
2036 1571 93
1391 355 94
814 200 95
1490 1223 96
2749 751 97
1871 2830 98
1257 1852 99
555 2020 100
2333 1770 101
428 2239 102
1539 583 103
1548 556 104
3098 160 105
3374 230 106
131 1631 107
2520 2791 108
2515 3225 109
106 1442 110
2557 295 111
565 1415 112
2627 1022 113
3125 844 114
2498 136 115
2393 1452 116
2828 2646 117
3323 1043 118
2508 2124 119
2290 2330 120
1062 2079 121
773 1993 122
1890 665 123
831 1655 124
2678 2430 125
1598 2840 126
3004 2061 127
1580 1168 128
2904 1055 129
1139 2787 130
2959 41 131
1749 433 132
1865 1455 133
2519 183 134
1894 2094 135
1478 2339 136
3388 3259 137
2369 259 138
550 1374 139
2827 68 140
3270 651 141
3085 2421 142
1822 931 143
2302 2765 144
1378 424 145
124 893 146
1887 2250 147
983 1359 148
55 3029 149
1713 2013 150
2426 904 151
452 3151 152
816 2492 153
267 3231 154
2862 1361 155
687 331 156
605 2259 157
1953 3208 158
1896 1901 159
1552 1212 160
1465 2808 161
1894 1278 162
1722 2097 163
1906 2864 164
221 1311 165
2325 2346 166
375 1483 167
883 2396 168
2757 1801 169
816 1641 170
3115 2001 171
3139 1195 172
3022 386 173
469 2599 174
1625 1830 175
3121 1489 176
3204 408 177
555 997 178
516 3012 179
2646 1162 180
2265 1334 181
3025 409 182
1184 1087 183
922 1697 184
2376 610 185
3158 2252 186
1589 31 187
1858 1183 188
3018 1522 189
2830 1533 190
2421 129 191
2305 2018 192
273 1847 193
45 240 194
827 3232 195
1520 1134 196
1770 1616 197
624 1666 198
1994 1128 199
2068 151 200
1382 352 1
679 155 2
2752 2038 3
2418 2690 4
1408 2173 5
2706 1069 6
427 2060 7
397 2424 8
1894 2458 9
2868 2641 10
2752 147 11
1030 3320 12
467 916 13
421 1774 14
96 713 15
669 3006 16
2562 776 17
2958 18 18
3120 2819 19
1044 2360 20
864 33 21
2818 107 22
105 3327 23
2871 1926 24
2866 1090 25
2906 1537 26
525 590 27
2626 1216 28
989 613 29
1037 3144 30
2237 3011 31
2178 2305 32
1037 2217 33
886 1478 34
779 2132 35
1604 2021 36
11 3367 37
1332 1059 38
2272 1709 39
347 2762 40
2880 1802 41
3019 2245 42
2286 2420 43
1757 2377 44
2008 3277 45
2028 3109 46
1493 2137 47
2145 2201 48
1118 595 49
765 2463 50
1490 322 51
2466 1391 52
2433 2569 53
2686 1567 54
2606 2240 55
2436 2761 56
1888 747 57
1657 1894 58
337 1284 59
2511 226 60
1334 1585 61
250 2898 62
3399 2775 63
1275 178 64
2418 2798 65
1017 3217 66
586 3086 67
1580 2182 68
755 449 69
994 952 70
1223 375 71
538 1520 72
1054 2969 73
1757 3187 74
2601 3275 75
2678 2744 76
841 2526 77
1598 3227 78
3240 296 79
755 785 80
355 1474 81
2476 2824 82
3342 1256 83
478 1213 84
1408 2436 85
410 3097 86
2026 1713 87
1057 1470 88
370 2933 89
555 1796 90
2710 164 91
3357 1672 92
1143 1513 93
749 576 94
2712 98 95
713 657 96
1944 2903 97
2198 3240 98
3311 2920 99
1171 1262 100
3048 1651 101
638 768 102
202 2913 103
2876 52 104
87 2845 105
629 1758 106
470 2062 107
1718 9 108
1592 2815 109
2162 927 110
1551 2667 111
1185 2040 112
333 27 113
1538 1845 114
2616 3254 115
1037 2829 116
3018 243 117
920 3385 118
81 1432 119
1923 3312 120
3031 427 121
160 1403 122
428 1712 123
2964 364 124
68 2523 125
1039 1988 126
1208 700 127
613 14 128
2940 2016 129
1093 2233 130
2678 1555 131
694 2502 132
1336 2476 133
2918 2301 134
2367 254 135
2470 1315 136
2036 1062 137
3311 2772 138
716 1430 139
2880 337 140
2318 2572 141
3139 2133 142
2848 2677 143
526 3073 144
3196 374 145
2005 3363 146
1846 1642 147
1252 1694 148
47 3286 149
1469 2183 150
2770 2972 151
2280 2054 152
2361 712 153
1970 3349 154
383 190 155
1761 993 156
823 67 157
92 1202 158
1718 520 159
1295 1074 160
3133 3129 161
299 1951 162
2845 1526 163
1423 1450 164
2283 2179 165
3127 2095 166
3206 57 167
2418 2032 168
1590 1968 169
913 1696 170
1977 1862 171
2175 2400 172
538 1373 173
918 1420 174
829 3260 175
195 199 176
3331 1102 177
3009 1006 178
1604 1312 179
613 2853 180
1888 2481 181
2908 1125 182
3241 2752 183
1800 1066 184
987 2770 185
1756 1306 186
3304 3062 187
307 597 188
2613 3004 189
921 1067 190
2796 3105 191
3374 2876 192
1074 1086 193
2764 428 194
1044 2697 195
1620 2110 196
3285 208 197
1205 644 198
3265 1360 199
1023 1837 200
224 2738 1
1441 250 2
2967 2855 3
659 774 4
2921 1007 5
474 552 6
2318 1601 7
761 1088 8
2394 1512 9
2201 1383 10
967 157 11
2992 2057 12
792 1834 13
930 2803 14
2448 327 15
2965 947 16
2191 2546 17
1605 1806 18
1528 1911 19
1326 2130 20
1457 3020 21
563 186 22
1933 24 23
3394 2167 24
147 2947 25
3057 2817 26
948 1809 27
2306 3346 28
3149 1094 29
1270 1149 30
2161 2403 31
268 734 32
2389 2227 33
2497 1581 34
809 3153 35
1542 1603 36
312 609 37
1922 326 38
194 847 39
104 2362 40
1353 1145 41
899 1398 42
252 1449 43
816 2189 44
1489 1895 45
1906 2856 46
2744 765 47
2714 222 48
2138 2785 49
2354 1354 50
490 517 51
1482 219 52
2394 279 53
3186 1727 54
3328 225 55
2015 3219 56
1119 796 57
2797 1255 58
3311 82 59
1002 3107 60
1712 3099 61
765 3147 62
2608 1281 63
704 1549 64
2669 3194 65
979 2736 66
579 572 67
1501 1392 68
3265 310 69
1682 2392 70
747 2078 71
2437 2483 72
3362 1594 73
2745 1259 74
3159 3233 75
174 109 76
1454 2461 77
1440 2756 78
3260 2190 79
1553 396 80
2862 2496 81
2463 2092 82
3250 2968 83
2793 3249 84
3184 2771 85
2302 2843 86
496 2194 87
1511 35 88
1576 1671 89
106 2657 90
632 2712 91
783 3329 92
879 660 93
932 1497 94
1305 304 95
1909 974 96
2287 1919 97
1299 2851 98
294 463 99
426 3252 100
2142 3295 101
277 1519 102
2074 2617 103
2511 2388 104
1809 104 105
363 2161 106
2237 1530 107
2088 2618 108
2745 3276 109
2680 674 110
1311 439 111
2069 1001 112
1894 2206 113
1298 2304 114
845 2150 115
691 1916 116
2781 203 117
2414 1686 118
1911 714 119
424 1471 120
3205 833 121
411 1425 122
2964 591 123
2852 3288 124
1604 3362 125
1015 3102 126
1328 1690 127
1253 277 128
2829 2072 129
755 1310 130
2954 2356 131
1964 2177 132
793 1807 133
366 38 134
620 2639 135
352 301 136
175 402 137
2569 1424 138
1940 1181 139
1041 3212 140
2889 1308 141
26 319 142
2037 2660 143
2981 426 144
286 3308 145
1097 2545 146
2992 3287 147
194 1542 148
3053 1815 149
1208 1756 150
1663 3115 151
1734 2317 152
1990 736 153
970 1097 154
619 261 155
2277 2698 156
3156 2102 157
586 2522 158
83 2140 159
54 2419 160
779 74 161
3186 899 162
291 2449 163
1082 3170 164
1220 735 165
388 1622 166
2376 934 167
2012 1152 168
2088 4 169
848 1222 170
1932 1232 171
704 215 172
2467 962 173
2362 3176 174
967 313 175
2565 829 176
785 689 177
1987 2480 178
257 3033 179
1536 2109 180
2981 1813 181
2445 2056 182
2826 539 183
2867 2128 184
1807 862 185
2453 274 186
2910 1888 187
2768 464 188
2846 2852 189
1031 486 190
1131 2446 191
1511 1762 192
302 1899 193
2240 3077 194
2829 2895 195
288 3071 196
3019 2300 197
1606 2714 198
1906 710 199
1177 2210 200
2562 1085 1
268 256 2
1578 2255 3
814 1050 4
3035 2308 5
3039 1907 6
915 184 7
717 666 8
119 3016 9
2813 2613 10
1598 1079 11
3291 2444 12
1044 485 13
2323 1739 14
2701 465 15
2729 131 16
3139 3292 17
1442 733 18
1553 3222 19
1867 1197 20
300 2915 21
3206 1400 22
557 1612 23
1365 113 24
410 1800 25
3218 2515 26
497 459 27
438 2673 28
1851 2664 29
1361 2912 30
3149 2748 31
1555 1163 32
997 63 33
2130 1970 34
193 988 35
1097 2643 36
777 324 37
1759 965 38
2797 3052 39
737 979 40
262 1143 41
1539 2114 42
2136 2014 43
2088 2881 44
537 649 45
3334 2298 46
2085 3209 47
2166 3089 48
3139 196 49
1004 704 50
1057 1187 51
885 1590 52
2267 3378 53
1960 1201 54
1415 2805 55
586 2203 56
3080 23 57
1274 1584 58
872 3228 59
2617 473 60
127 531 61
302 1853 62
2118 1046 63
3248 2977 64
2448 1314 65
1335 1071 66
353 820 67
2701 1039 68
1172 1335 69
2359 2160 70
2341 2039 71
2813 2099 72
100 2637 73
1642 229 74
2918 3104 75
1224 1501 76
1199 812 77
2714 1107 78
344 1399 79
363 3341 80
2041 1607 81
3173 1139 82
2826 3069 83
940 718 84
2311 2425 85
381 171 86
1216 1674 87
70 454 88
450 2994 89
410 3025 90
961 369 91
3359 1147 92
3133 2307 93
678 344 94
978 2363 95
823 3331 96
3221 3361 97
864 2441 98
3301 2048 99
1123 2498 100
2758 1302 101
420 1052 102
2318 2176 103
621 2302 104
1547 1231 105
2710 143 106
1358 1733 107
2701 715 108
972 3370 109
2452 1973 110
1691 1091 111
1496 1627 112
3143 1933 113
2669 2267 114
798 2958 115
310 3389 116
2131 3230 117
428 1702 118
2866 1728 119
1888 2932 120
2438 758 121
1559 1660 122
2421 1529 123
453 914 124
2426 636 125
3209 2743 126
1728 3085 127
1831 639 128
526 1900 129
419 1738 130
3030 2682 131
1159 894 132
2321 281 133
400 1093 134
854 769 135
1541 2584 136
827 209 137
3168 1786 138
366 2389 139
3083 1793 140
2102 2583 141
1902 2788 142
1571 739 143
2259 3007 144
1831 2 145
886 1159 146
3019 2966 147
2752 2964 148
911 3397 149
2123 1630 150
1841 2387 151
239 176 152
2008 3321 153
1516 2601 154
500 1665 155
510 3388 156
2889 555 157
1511 1759 158
2577 1078 159
820 3143 160
2615 3380 161
1362 282 162
2721 1808 163
1074 760 164
1405 1541 165
1177 3243 166
640 2325 167
267 879 168
641 1164 169
1345 1287 170
1663 1668 171
2293 2811 172
2191 2670 173
269 1572 174
3157 870 175
2036 2910 176
2557 100 177
2657 2742 178
1454 2517 179
2306 1041 180
1516 2416 181
2386 958 182
1182 941 183
2364 3333 184
546 3001 185
3353 1644 186
2080 471 187
1650 1976 188
3284 3368 189
714 1240 190
997 2033 191
2004 1531 192
583 3302 193
1010 2126 194
1937 2019 195
2474 1624 196
1728 2777 197
809 121 198
3369 3338 199
2389 1693 200
425 2264 1
3363 1700 2
353 1155 3
448 61 4
319 2980 5
2849 1081 6
2168 502 7
717 2326 8
2361 1576 9
1728 2536 10
1649 2597 11
2432 1784 12
1134 2709 13
1042 12 14
583 1461 15
1748 1252 16
1464 2283 17
2407 2319 18
2524 2621 19
1355 181 20
2301 3345 21
2266 2979 22
2168 3294 23
1134 731 24
2340 1636 25
1426 2794 26
45 1250 27
1894 702 28
1442 442 29
2683 908 30
45 2918 31
1748 1592 32
1708 1545 33
1111 1983 34
1845 909 35
2268 2622 36
2647 1600 37
2531 895 38
627 1244 39
981 1997 40
97 1639 41
2412 2662 42
2691 2562 43
2423 2609 44
3005 1135 45
1745 1257 46
1062 146 47
3177 1947 48
3018 3271 49
940 3030 50
3374 1593 51
3269 3114 52
1544 3026 53
14 81 54
125 1021 55
3107 3204 56
625 410 57
1992 1103 58
2478 329 59
669 2484 60
2156 1506 61
805 1999 62
2766 2962 63
1002 1054 64
280 1475 65
2466 1698 66
1831 801 67
147 2093 68
2257 2151 69
2535 1726 70
3309 3168 71
3060 1340 72
740 1835 73
629 1326 74
1578 632 75
2052 1508 76
2791 2385 77
1707 320 78
2195 325 79
2232 902 80
3276 357 81
734 416 82
3194 1493 83
33 711 84
912 1632 85
1986 163 86
2242 1763 87
1928 1949 88
329 204 89
1325 3171 90
2417 1986 91
625 2575 92
2085 2721 93
2618 1873 94
1930 1409 95
2269 1589 96
349 2349 97
1653 2783 98
1866 2996 99
1700 1027 100
1437 778 101
1480 1300 102
1527 1219 103
1566 289 104
321 831 105
2500 2593 106
2035 2580 107
1516 2577 108
1190 3360 109
1712 3195 110
3057 56 111
614 1003 112
1604 2198 113
510 2260 114
88 1136 115
1283 1889 116
322 2242 117
974 912 118
3111 2247 119
1980 1544 120
3104 1577 121
2302 379 122
1346 2846 123
1678 1045 124
3144 1060 125
2015 3247 126
413 2192 127
192 194 128
613 2812 129
40 933 130
3005 1904 131
1500 2542 132
1199 431 133
2269 1715 134
2036 2504 135
2861 2371 136
3025 2635 137
1095 2457 138
3370 2955 139
1294 103 140
1642 1677 141
2012 3158 142
2400 604 143
1265 1599 144
3375 1682 145
1762 1771 146
3104 1138 147
1520 1378 148
2839 2501 149
135 2708 150
1571 460 151
617 2372 152
1433 533 153
1349 1795 154
2739 599 155
3359 1954 156
1213 560 157
2005 717 158
1039 2751 159
2813 761 160
2926 3075 161
1550 422 162
1941 2009 163
2594 2351 164
1223 1063 165
2931 1215 166
2315 1451 167
2672 488 168
2764 2469 169
1516 2118 170
2876 2519 171
1570 511 172
1015 2883 173
2418 773 174
793 2116 175
2995 95 176
1505 294 177
1832 2887 178
1190 676 179
1108 2299 180
2744 2906 181
3016 1477 182
538 1905 183
964 2447 184
3049 412 185
1275 2684 186
1693 150 187
1224 658 188
2168 3359 189
3330 309 190
2927 2364 191
158 969 192
294 1023 193
3095 3400 194
2347 1338 195
1079 1564 196
3215 2728 197
2059 1352 198
2198 2678 199
1657 87 200
