7000 7000 200
3753 4675 1
6882 1039 2
2266 2347 3
4546 4353 4
5170 5752 5
349 2873 6
5461 4277 7
5539 6989 8
6135 6296 9
4486 6997 10
6905 3508 11
643 6652 12
5910 660 13
5690 1210 14
3768 4439 15
5573 2341 16
151 2042 17
561 6518 18
3278 5132 19
2378 3431 20
5908 2934 21
1814 2060 22
5601 1852 23
3446 4616 24
969 5690 25
4626 5613 26
1950 3719 27
926 2009 28
6649 3448 29
4896 484 30
3108 6388 31
6039 5162 32
110 1870 33
2443 3543 34
3916 4308 35
1518 4894 36
2564 2800 37
1658 2173 38
2635 798 39
6291 7 40
616 6768 41
5086 6162 42
4551 122 43
4 505 44
6102 6612 45
5668 5632 46
5798 3135 47
1821 2849 48
2986 3514 49
2516 2670 50
4133 4360 51
2239 1556 52
1735 5572 53
3753 2402 54
5608 611 55
4262 6117 56
2739 6231 57
3142 6092 58
5615 2022 59
1693 4967 60
1764 3147 61
1510 3582 62
3047 640 63
3936 478 64
4353 6524 65
3666 2661 66
4092 4088 67
3170 6947 68
3305 5524 69
2359 6943 70
3977 4157 71
4561 3629 72
2195 3232 73
1087 6631 74
4214 6154 75
8 6423 76
5757 2026 77
2432 6873 78
5266 6756 79
1606 2037 80
6480 2778 81
2313 1858 82
163 2639 83
4534 4411 84
1174 6190 85
5065 6968 86
5323 3190 87
4874 3069 88
930 2884 89
6480 4745 90
2264 3645 91
897 3562 92
5461 1099 93
5191 3492 94
3792 6440 95
1530 260 96
5590 1148 97
3436 3470 98
4091 5795 99
338 5553 100
6268 4668 101
977 432 102
6829 4213 103
85 6125 104
6267 2055 105
833 531 106
1164 3988 107
4566 2525 108
2590 4803 109
2929 5780 110
1664 4611 111
6042 1279 112
5841 1658 113
539 5159 114
907 1857 115
632 5384 116
5726 1559 117
903 6326 118
2338 2703 119
3518 2142 120
2251 5029 121
6958 4365 122
3894 3153 123
3627 514 124
6702 170 125
2697 2479 126
272 351 127
3636 6750 128
751 4040 129
6795 6439 130
3805 3068 131
2590 154 132
4564 5299 133
2403 4914 134
4401 240 135
934 3021 136
6048 2493 137
6082 1429 138
2572 863 139
2771 3157 140
1747 2421 141
3858 5932 142
4282 5479 143
5632 3285 144
3809 4399 145
1093 1972 146
977 502 147
3153 4780 148
1101 5861 149
3983 5023 150
6119 2472 151
1486 1000 152
5661 1637 153
3335 6213 154
5056 5619 155
1866 1574 156
670 4686 157
2544 5136 158
2296 3711 159
4868 157 160
1186 3272 161
1072 1678 162
5115 5043 163
4216 5536 164
5583 1885 165
5588 188 166
4883 1791 167
1504 4224 168
3377 4174 169
6079 5119 170
6480 6021 171
419 2059 172
1158 6283 173
4136 6795 174
3173 4006 175
1493 1797 176
4988 1353 177
3116 3340 178
6482 3328 179
4393 1568 180
5026 6720 181
3902 4526 182
606 1607 183
3848 248 184
1640 6540 185
6816 4770 186
298 5087 187
1773 303 188
6687 6368 189
2079 4606 190
4454 5271 191
5345 3228 192
3451 492 193
812 4817 194
2644 2264 195
6837 1314 196
4365 4021 197
5509 6914 198
1748 3648 199
1520 5629 200
725 2842 1
6165 5377 2
6195 6517 3
4702 5476 4
1764 5154 5
1595 1492 6
995 6357 7
4422 2166 8
574 5840 9
6667 5509 10
3757 5215 11
5834 1164 12
3408 986 13
2455 936 14
6691 4757 15
4441 3602 16
4906 6246 17
6867 2636 18
461 5193 19
2119 2877 20
2312 1115 21
1265 6193 22
4085 512 23
3261 380 24
272 2511 25
1385 2361 26
3223 6511 27
1837 144 28
6179 2223 29
835 503 30
4510 6073 31
6775 3868 32
6997 6548 33
3069 5030 34
2937 4236 35
2680 414 36
4200 4192 37
5563 1594 38
201 5867 39
4780 4542 40
4948 3032 41
3717 2571 42
6948 3086 43
5599 2609 44
2697 3525 45
5426 6561 46
14 3221 47
2059 5913 48
3160 2693 49
4788 5929 50
4020 1391 51
3394 4412 52
1841 2266 53
2884 2139 54
1155 350 55
1997 6147 56
761 6329 57
6655 1151 58
2576 5819 59
5042 5004 60
3299 5178 61
6188 1686 62
3853 4319 63
186 629 64
6829 1849 65
341 5792 66
1587 3331 67
5948 669 68
5671 1468 69
6123 2206 70
1120 5241 71
2463 3885 72
3323 223 73
2378 6076 74
6362 6174 75
1523 1197 76
682 2623 77
1384 6391 78
5265 718 79
937 5013 80
3224 477 81
3859 415 82
4198 5784 83
4099 5470 84
4313 4325 85
5556 2443 86
2106 2123 87
4922 5020 88
1164 2815 89
6401 5736 90
1725 3056 91
4386 5689 92
4076 1053 93
2378 1086 94
13 6855 95
746 6624 96
1132 2859 97
4477 266 98
5432 3616 99
4585 5589 100
550 2338 101
4175 3389 102
4918 2039 103
1106 3283 104
6148 2750 105
3980 4577 106
3834 6589 107
2901 6959 108
6637 3527 109
4906 2806 110
671 3709 111
448 4346 112
3865 195 113
4003 5282 114
6255 2999 115
2600 4029 116
2576 6691 117
4693 704 118
3564 2915 119
4923 5381 120
3108 941 121
2961 243 122
6682 5843 123
3544 1983 124
3863 1119 125
6700 5746 126
5025 3769 127
2354 3342 128
2085 1805 129
3090 272 130
1117 2548 131
4895 6011 132
5338 4909 133
2842 4689 134
3453 1584 135
1909 2853 136
1017 4170 137
1909 2410 138
325 562 139
312 630 140
5895 4217 141
783 3722 142
1936 4011 143
6399 4314 144
3252 3935 145
6486 6189 146
3831 3762 147
937 5627 148
5717 473 149
6463 6318 150
3217 5252 151
2765 2634 152
2516 5694 153
6058 124 154
6259 6330 155
5971 5911 156
1273 6074 157
3586 2324 158
262 6880 159
1593 2809 160
6003 648 161
2842 4915 162
4075 6538 163
5752 1251 164
4449 3948 165
2307 2015 166
1134 4625 167
4547 5938 168
3101 1878 169
6290 3409 170
2255 5106 171
3742 5224 172
6829 2804 173
4878 4728 174
4827 5665 175
3747 344 176
1968 1184 177
908 2723 178
6966 6192 179
1174 3295 180
6009 6775 181
1363 456 182
4027 1804 183
1573 4210 184
1192 2363 185
4744 6421 186
1801 1580 187
934 6358 188
2185 6596 189
5668 6848 190
1278 4106 191
4582 1451 192
1767 3942 193
1161 698 194
717 513 195
5203 6654 196
397 5857 197
5796 5582 198
6798 5790 199
3261 4361 200
3667 2612 1
5098 3900 2
2558 2666 3
1267 5475 4
989 2460 5
6597 6363 6
5574 6708 7
1296 5698 8
50 2899 9
4115 143 10
4546 664 11
5903 372 12
928 507 13
487 3296 14
2294 284 15
1534 3315 16
4163 3647 17
2848 6930 18
2765 6460 19
2411 4644 20
3863 4808 21
5607 3967 22
487 6863 23
2766 2870 24
5148 2024 25
5513 2766 26
733 3765 27
3174 5856 28
6797 5685 29
6362 4720 30
4546 738 31
5056 1161 32
564 4039 33
1924 2974 34
4522 3918 35
6090 245 36
686 3706 37
3192 34 38
6391 2089 39
719 6475 40
5308 31 41
2141 3937 42
6545 3759 43
10 5738 44
572 5461 45
2308 6081 46
575 1926 47
5553 3398 48
1982 4317 49
4378 1044 50
2467 5294 51
4013 479 52
6981 3449 53
6959 3677 54
6162 1304 55
2375 1889 56
3286 2016 57
300 399 58
2761 2108 59
448 6197 60
5069 536 61
3065 2755 62
6375 5994 63
4586 5046 64
367 1162 65
302 1004 66
2096 4214 67
1230 2645 68
2840 1962 69
603 5687 70
2181 53 71
4823 2244 72
4723 2664 73
5862 3496 74
3342 1370 75
3222 4493 76
5069 3864 77
807 3120 78
4982 71 79
2460 3848 80
482 6098 81
332 6269 82
1242 1382 83
6911 5902 84
331 6812 85
4353 5142 86
4151 1088 87
2098 6334 88
3703 1630 89
2271 6109 90
1209 4225 91
1923 2412 92
2764 4986 93
755 3635 94
2491 3901 95
4004 2957 96
2221 6789 97
4654 2006 98
482 2476 99
5971 4003 100
1943 205 101
5017 3555 102
4544 5686 103
3826 5744 104
1254 743 105
2635 3536 106
2144 4442 107
5523 4087 108
1247 5642 109
4582 2061 110
1001 190 111
6601 4987 112
4674 5664 113
2442 6619 114
3476 2094 115
4377 2012 116
4466 3595 117
2108 1190 118
1120 3156 119
2479 4259 120
1206 1064 121
5881 3534 122
742 4196 123
2856 226 124
2449 4742 125
5095 2554 126
2840 4108 127
5047 2615 128
4592 978 129
5692 6740 130
5533 4488 131
603 4563 132
2207 3039 133
3735 2034 134
6816 5924 135
380 1111 136
5200 6965 137
1061 3040 138
3608 1636 139
5740 1957 140
1069 6057 141
2815 2504 142
3503 6886 143
4420 682 144
3325 65 145
2723 3140 146
2439 2390 147
1866 6706 148
3941 2314 149
3446 4129 150
4762 2031 151
1034 5870 152
3518 6243 153
6481 1565 154
1169 6364 155
6000 1097 156
1977 1872 157
5212 610 158
1733 4764 159
3314 4756 160
5501 6053 161
6898 6948 162
3547 862 163
3879 465 164
2978 5998 165
5791 2501 166
1133 4017 167
5972 3956 168
2118 5941 169
5875 1790 170
2154 6830 171
2404 5838 172
1980 524 173
3851 1466 174
847 6688 175
2901 3601 176
4871 6668 177
3487 3621 178
5296 4114 179
667 4910 180
3144 5137 181
3155 1055 182
5751 6165 183
6058 2774 184
4321 4168 185
6659 6755 186
17 6580 187
116 4502 188
4181 3545 189
5841 3010 190
4918 521 191
3963 4651 192
2650 3199 193
2982 2547 194
5369 4393 195
2881 4942 196
3014 1145 197
6061 3024 198
5054 6919 199
5266 1798 200
5241 4253 1
1296 3223 2
1598 5697 3
6596 4025 4
4026 6591 5
6794 4565 6
3876 6622 7
2786 2109 8
1185 4058 9
3115 3960 10
2232 5045 11
5661 6651 12
490 1479 13
5867 1800 14
4167 454 15
5988 6378 16
6943 6563 17
6710 4790 18
738 801 19
2885 1146 20
3194 4722 21
3108 282 22
1850 4844 23
3261 5405 24
482 6191 25
686 2854 26
1356 3619 27
3722 1399 28
6662 2578 29
4868 2393 30
4997 5197 31
5559 4396 32
910 6758 33
3951 6510 34
2229 172 35
952 5895 36
410 1033 37
651 3417 38
234 4053 39
3507 2095 40
2497 288 41
5128 1310 42
2975 2648 43
2552 2413 44
4034 224 45
1929 4704 46
671 5595 47
5111 6697 48
5342 6577 49
4347 975 50
2169 3092 51
3496 3096 52
345 5503 53
2294 2249 54
5185 6727 55
836 4975 56
5901 1100 57
1116 546 58
2958 6798 59
4064 3611 60
6964 6868 61
3230 5837 62
776 374 63
5627 2209 64
5489 6062 65
6148 1729 66
3427 3925 67
1011 2213 68
2380 3045 69
3577 5387 70
3301 5376 71
4921 191 72
4239 4083 73
4535 1380 74
3017 5967 75
680 3703 76
5631 5496 77
6363 6675 78
738 185 79
6106 4960 80
3511 4820 81
2087 4316 82
2503 1152 83
1490 227 84
5691 736 85
6002 3721 86
5449 6172 87
6484 1714 88
473 6272 89
1978 6858 90
3345 5320 91
2487 1694 92
4966 25 93
263 3089 94
513 5979 95
5367 4549 96
2651 4115 97
6385 6508 98
6483 735 99
3024 3776 100
1670 4297 101
324 706 102
230 5036 103
3105 1204 104
4508 1483 105
6973 6002 106
2103 5814 107
3538 6139 108
4870 4478 109
6492 2817 110
44 6525 111
389 2706 112
4561 566 113
1310 4775 114
1190 6659 115
2449 6650 116
867 6349 117
2125 5048 118
2966 3963 119
2519 1875 120
1972 2079 121
2744 4315 122
5959 428 123
6758 5676 124
6046 325 125
6850 206 126
1017 2235 127
4111 4762 128
714 4123 129
3719 6390 130
2901 3318 131
1595 2315 132
4034 1079 133
5263 6792 134
3301 4043 135
4749 3896 136
4422 634 137
250 4220 138
5812 2309 139
1645 1494 140
557 3495 141
6655 2436 142
5513 6664 143
4070 278 144
1002 3542 145
3584 1539 146
6976 6132 147
1449 624 148
4764 971 149
4127 40 150
734 4740 151
5850 1416 152
6902 556 153
4836 4078 154
488 1448 155
5393 1418 156
177 1642 157
1982 1663 158
2429 3870 159
370 4258 160
3747 4922 161
5864 1809 162
3209 2813 163
4666 1240 164
6236 5297 165
3805 1776 166
3150 6741 167
6562 1125 168
6410 6240 169
1504 5953 170
2747 2447 171
47 3131 172
5513 5308 173
227 5457 174
1153 6545 175
1236 5101 176
1693 5112 177
2625 5810 178
685 4513 179
1831 5348 180
1909 2002 181
2289 10 182
1657 3763 183
2608 6381 184
3108 1561 185
513 3038 186
1756 361 187
4254 4837 188
5661 3360 189
4127 4056 190
2132 2144 191
6423 5649 192
783 1736 193
1125 4323 194
5323 459 195
5170 957 196
3575 2289 197
5193 345 198
6244 3532 199
6952 1337 200
4580 2867 1
6563 2478 2
5303 5909 3
6337 4612 4
513 6385 5
1040 6637 6
5220 6090 7
5865 5436 8
5449 352 9
1466 2420 10
5588 5529 11
1592 4753 12
419 6129 13
6194 4888 14
5455 5533 15
2842 5839 16
1741 299 17
3376 772 18
1101 6275 19
1821 363 20
3533 3897 21
667 5743 22
4114 2217 23
3659 6377 24
564 2593 25
1190 320 26
1272 3549 27
4041 6502 28
2020 621 29
4702 2008 30
2067 609 31
3423 4310 32
627 215 33
3710 3588 34
3420 2533 35
102 3026 36
3969 1274 37
2162 3000 38
3517 1493 39
3715 4773 40
2215 1376 41
3904 3005 42
3399 3196 43
4087 5620 44
720 5688 45
846 842 46
3772 4069 47
1302 2200 48
4869 3678 49
3318 3368 50
6663 2236 51
5610 3950 52
5443 4197 53
744 2045 54
1636 3553 55
6926 1263 56
1628 1179 57
6343 3444 58
2243 3790 59
44 4690 60
4619 2343 61
2359 46 62
5308 6324 63
4202 4879 64
43 5248 65
319 3289 66
1067 5202 67
68 1488 68
591 5568 69
1305 1738 70
5160 6913 71
83 6983 72
123 6359 73
7000 6556 74
4905 6766 75
1145 882 76
4173 4348 77
4522 62 78
2747 3339 79
4532 6034 80
5024 1999 81
2361 269 82
2432 928 83
4447 3850 84
1443 3128 85
3629 5850 86
5687 1011 87
3924 1910 88
2422 6917 89
6801 4033 90
6548 3580 91
6102 3646 92
5034 5121 93
3853 1710 94
2501 4394 95
5646 643 96
1611 2342 97
4551 6101 98
4734 3791 99
3336 1744 100
4268 2807 101
6971 2270 102
6653 5289 103
4585 3254 104
2364 1665 105
6724 3606 106
6042 1666 107
6516 241 108
4748 5615 109
3299 1575 110
3296 1604 111
752 3829 112
4929 5102 113
6212 3162 114
6877 4857 115
2050 2466 116
3609 994 117
4967 77 118
6691 6669 119
1935 6239 120
1865 5459 121
4951 6121 122
2135 56 123
6978 5098 124
1144 1517 125
1808 5860 126
2021 1386 127
6049 2671 128
2220 2658 129
1771 3689 130
5436 5061 131
5178 150 132
6816 1124 133
3142 2803 134
206 4789 135
5327 3357 136
3223 1913 137
1762 591 138
2835 850 139
3027 3691 140
3641 6552 141
2065 6892 142
513 6509 143
697 3164 144
1672 5973 145
3350 3730 146
1751 3559 147
566 1866 148
6820 692 149
5803 3437 150
3452 5669 151
30 6733 152
195 5284 153
3556 601 154
746 1060 155
2604 1496 156
6220 1792 157
4013 1586 158
2429 5395 159
391 3276 160
6895 3433 161
6798 331 162
1007 6115 163
2014 5432 164
5016 4066 165
4586 2742 166
4588 1402 167
1416 2373 168
5307 6049 169
2287 733 170
2048 183 171
2555 6276 172
5402 6787 173
1726 6780 174
1370 1787 175
725 2516 176
2774 559 177
5644 5262 178
4011 5425 179
1046 4635 180
361 6042 181
3821 2850 182
1017 4838 183
2982 1250 184
5399 3634 185
3717 4576 186
4247 1515 187
5018 680 188
5912 822 189
776 649 190
6513 1182 191
4090 408 192
2380 3074 193
6668 1901 194
6798 1481 195
1137 934 196
1008 4679 197
2639 130 198
1209 298 199
1137 4261 200
3622 367 1
1896 942 2
5447 2253 3
2230 5604 4
6322 2339 5
2871 3466 6
6344 777 7
2929 1707 8
2982 2064 9
2498 4100 10
3074 5135 11
2509 1309 12
6418 3818 13
3777 1593 14
3302 481 15
1373 4913 16
24 6988 17
6207 915 18
2961 4409 19
3010 1297 20
621 274 21
3716 2470 22
1399 6916 23
5549 6646 24
513 1632 25
513 6463 26
6252 3414 27
1078 4597 28
6454 4710 29
6391 5311 30
1473 142 31
3222 4805 32
6063 685 33
6018 2688 34
3299 5410 35
3419 6046 36
2451 6335 37
2879 5842 38
640 5875 39
860 5492 40
3069 1247 41
1738 5968 42
5667 4654 43
5448 2600 44
488 4504 45
2466 219 46
4921 5212 47
1779 6371 48
3078 354 49
2619 3511 50
2741 5927 51
4148 2473 52
2535 6683 53
277 1270 54
934 1120 55
6066 4928 56
1861 3408 57
5706 4140 58
4665 3849 59
3097 3701 60
5045 3913 61
4987 5213 62
2851 3185 63
2912 164 64
5850 5352 65
1354 2513 66
27 1709 67
5077 935 68
2998 1463 69
6136 6893 70
5658 1268 71
4050 1143 72
6469 5059 73
2096 1118 74
589 385 75
5881 6035 76
3330 2621 77
6285 6080 78
921 2583 79
2487 6985 80
3043 2321 81
6145 1533 82
1190 937 83
6232 2834 84
2050 5692 85
2079 6122 86
301 6070 87
564 2861 88
6866 3149 89
5823 5451 90
1184 60 91
5694 1276 92
15 6496 93
1861 3649 94
6111 5729 95
744 848 96
6938 1920 97
4387 539 98
1191 3546 99
5599 567 100
1550 6689 101
1299 1108 102
606 108 103
2958 5789 104
3050 83 105
6170 4167 106
183 1993 107
918 3597 108
2303 4397 109
3902 754 110
3360 5422 111
3563 5347 112
527 4059 113
5501 5128 114
421 1529 115
1328 4391 116
3960 4965 117
2995 5905 118
2312 789 119
2797 267 120
907 6229 121
3990 1010 122
1346 5208 123
68 6853 124
4976 338 125
727 4464 126
6942 6662 127
4866 895 128
1679 5331 129
1461 5086 130
6611 4305 131
5556 5129 132
5816 672 133
3292 3108 134
1395 358 135
6210 1676 136
4596 1006 137
1626 6760 138
5265 516 139
2402 3975 140
3797 2102 141
1601 1415 142
924 6937 143
5609 2965 144
1977 4912 145
1305 3158 146
4749 6635 147
2851 1458 148
3725 5853 149
5636 4420 150
5184 4709 151
5894 2626 152
1982 4340 153
6298 5598 154
5957 1355 155
5107 3999 156
1194 3122 157
1758 6254 158
523 1220 159
2665 2510 160
5894 36 161
2994 1352 162
2318 6273 163
2251 104 164
6438 1058 165
6562 4186 166
5056 4886 167
3216 5209 168
4090 4560 169
635 6181 170
2937 2283 171
6879 4520 172
4744 931 173
1662 3603 174
1636 4976 175
3891 4209 176
3223 2355 177
5432 480 178
4204 2944 179
4139 5117 180
3347 5367 181
3259 5080 182
4727 2344 183
4856 3218 184
2805 2489 185
1928 6805 186
4975 5881 187
6851 3480 188
3728 4558 189
2011 4134 190
4953 438 191
1184 1449 192
3491 300 193
6391 4352 194
2225 2434 195
5497 2364 196
6689 6932 197
3848 3236 198
3601 4122 199
1658 4286 200
2502 111 1
1611 2712 2
2931 5140 3
6219 63 4
4451 5379 5
513 3777 6
4421 263 7
1244 3852 8
763 4269 9
4 1400 10
3140 4241 11
1510 2252 12
1041 1132 13
926 2653 14
5428 4265 15
5602 390 16
5980 5663 17
191 5033 18
2657 2690 19
1137 3031 20
340 6310 21
5066 476 22
2881 4479 23
3463 5429 24
275 2793 25
921 2792 26
4139 2449 27
6058 4290 28
5687 2756 29
2103 3401 30
2937 4816 31
5124 6998 32
5743 308 33
142 1836 34
5911 4963 35
5740 6903 36
4871 2738 37
677 258 38
5922 5226 39
5014 6450 40
3072 441 41
2563 329 42
2971 6091 43
4303 6641 44
6064 3954 45
6340 6474 46
261 2720 47
2071 2660 48
4589 6097 49
4723 5397 50
727 2651 51
2422 4363 52
5296 3001 53
942 578 54
3942 1823 55
858 5996 56
633 3134 57
6167 3404 58
5513 6093 59
6784 3139 60
3584 5388 61
3600 6860 62
68 4544 63
2816 5541 64
2047 3591 65
5072 6732 66
2529 3352 67
6480 3504 68
3848 1808 69
6907 3618 70
5433 6774 71
78 4230 72
5272 2725 73
6659 387 74
4982 5050 75
6659 4866 76
6723 5769 77
6536 3626 78
2624 3727 79
3306 5301 80
4746 6118 81
2959 2686 82
3899 5002 83
3936 3844 84
1416 3891 85
4125 494 86
4135 3457 87
4306 4002 88
5910 3102 89
6435 4902 90
2358 449 91
1947 1174 92
4236 4024 93
4166 5000 94
4145 236 95
1603 2260 96
4713 4827 97
5628 2030 98
2686 950 99
1078 3171 100
546 2454 101
665 3307 102
6125 969 103
2975 1007 104
5785 1325 105
3675 1645 106
2901 1484 107
1303 6453 108
6830 1236 109
2170 6811 110
4525 5586 111
5207 5327 112
5378 1105 113
2515 2381 114
30 1598 115
3471 2614 116
5786 2682 117
5142 3181 118
116 5276 119
4380 5709 120
5981 5643 121
2967 6095 122
5335 4727 123
4111 244 124
3608 2911 125
6994 5319 126
3994 5040 127
4522 5072 128
2303 3825 129
1525 4431 130
1461 1904 131
1393 3833 132
5798 4440 133
2184 911 134
4208 1369 135
3533 2405 136
3936 4037 137
2079 2581 138
5922 6431 139
3024 2851 140
90 5748 141
6672 4893 142
691 5493 143
4184 6224 144
4996 6974 145
4146 2285 146
3701 3830 147
2502 2083 148
2243 1070 149
6749 468 150
849 6402 151
846 1420 152
4975 5733 153
3564 1341 154
2505 3048 155
1416 6156 156
4243 4307 157
2005 5625 158
2603 2747 159
1657 6694 160
1029 791 161
810 2896 162
3399 5283 163
5731 2654 164
5416 6404 165
4224 837 166
5093 5008 167
595 3952 168
2932 5525 169
4999 2811 170
2605 5081 171
4697 727 172
4015 5025 173
5689 327 174
4552 4208 175
6633 321 176
5473 1347 177
4013 1997 178
3505 3206 179
4887 4813 180
6764 3529 181
2924 3165 182
2419 2404 183
2352 739 184
345 5528 185
103 3880 186
380 5295 187
1877 2456 188
271 315 189
2646 4880 190
3012 2 191
5353 2562 192
5548 6374 193
1115 4659 194
2614 2440 195
1685 5610 196
2342 312 197
2489 3699 198
1373 6604 199
3914 4794 200
1734 5622 1
270 4932 2
6847 3260 3
6835 6047 4
747 3944 5
6038 4706 6
19 5776 7
4025 4793 8
3395 5184 9
4319 6803 10
2432 1696 11
2438 4638 12
6233 6036 13
455 4234 14
776 4104 15
6236 2432 16
3043 864 17
5296 5693 18
2750 292 19
1041 2475 20
2723 4456 21
2103 6735 22
5999 3526 23
235 1789 24
884 5325 25
6415 770 26
4387 1003 27
2667 965 28
2982 4441 29
4853 4630 30
6421 5873 31
765 1573 32
2995 6710 33
4757 1419 34
2278 6679 35
1726 4178 36
1271 742 37
6505 4275 38
2179 4018 39
861 6676 40
390 3676 41
4127 87 42
1925 2091 43
6340 5326 44
2908 381 45
5800 5514 46
4309 2865 47
2536 2491 48
3812 3715 49
1775 1072 50
725 2198 51
6614 3558 52
3990 2567 53
6655 6065 54
6816 5711 55
6487 3421 56
4905 1428 57
6614 6466 58
572 528 59
5971 6312 60
1642 483 61
5788 5587 62
462 4555 63
5085 5146 64
4524 3655 65
6349 2271 66
1352 160 67
4216 2939 68
5837 530 69
6634 3939 70
2712 3873 71
947 5354 72
4471 1199 73
2744 2068 74
1777 18 75
4653 6534 76
1629 4643 77
2567 3883 78
6343 442 79
822 3945 80
1670 5416 81
6286 2054 82
5049 4385 83
6459 125 84
6337 1793 85
1898 5180 86
4322 5719 87
2183 1201 88
5151 2308 89
1546 607 90
3162 6542 91
345 6319 92
3493 3490 93
1084 4569 94
6051 3679 95
4421 147 96
4948 1211 97
5186 4835 98
514 869 99
4051 1914 100
5033 5532 101
4242 1521 102
3933 6503 103
5319 4769 104
5441 5491 105
6820 6736 106
6429 2659 107
2980 6433 108
4387 4640 109
344 4819 110
5752 6835 111
4213 3841 112
4207 6484 113
2198 4421 114
2025 1912 115
3207 2808 116
1188 1087 117
1696 572 118
6104 4989 119
2331 4402 120
5033 4176 121
3257 2618 122
1927 357 123
6928 1091 124
6695 5152 125
27 1134 126
6030 763 127
670 3308 128
117 4367 129
867 1499 130
6346 5362 131
6081 1697 132
675 5292 133
5858 6483 134
612 3213 135
3805 6279 136
2059 888 137
2838 2617 138
610 4721 139
1628 3509 140
338 5448 141
2107 4538 142
1801 5396 143
2607 3440 144
4762 2399 145
1821 6942 146
6184 1590 147
1963 435 148
3140 6987 149
6923 4943 150
1591 2923 151
3858 4839 152
4454 6136 153
3928 3754 154
4546 3683 155
4987 4309 156
1217 2579 157
4952 816 158
4657 3797 159
5259 3312 160
5911 3953 161
6243 2276 162
2761 1411 163
719 6712 164
1233 3118 165
4337 5864 166
5790 5266 167
452 5349 168
2915 3969 169
3495 4434 170
323 2328 171
4510 1899 172
3018 1138 173
5595 5585 174
2845 3012 175
5994 1315 176
2160 6155 177
4580 6278 178
6100 2505 179
2160 5450 180
5864 1454 181
4978 2360 182
4883 1828 183
2160 4567 184
4567 3874 185
85 5259 186
2577 4263 187
567 3687 188
1613 4351 189
2975 8 190
2723 2553 191
4965 5993 192
4632 4924 193
4090 2665 194
2322 4636 195
1365 3675 196
3696 3552 197
6162 2770 198
124 3809 199
715 6274 200
3973 2234 1
2903 6952 2
2750 423 3
6788 3971 4
3155 6845 5
2805 6303 6
1063 2674 7
1278 6424 8
6761 5100 9
2442 4429 10
4422 5517 11
5203 1085 12
2067 3483 13
6651 2048 14
6980 4601 15
5095 5759 16
4438 5243 17
5108 1359 18
1996 3262 19
2964 1985 20
5091 645 21
6509 3908 22
3047 6017 23
4298 5771 24
1853 6992 25
5901 6150 26
3222 807 27
3882 3425 28
6372 6302 29
5165 797 30
2652 2881 31
5201 429 32
48 3476 33
5282 3965 34
2137 5130 35
2515 4490 36
137 3098 37
6582 1372 38
3147 4712 39
4819 4935 40
3731 3327 41
6903 4336 42
173 1020 43
1015 1326 44
2441 5374 45
893 5234 46
5246 4580 47
5864 631 48
4413 3107 49
2914 2171 50
2902 4251 51
1490 2199 52
4605 3252 53
3913 6828 54
3726 1459 55
3909 4833 56
2912 5832 57
2805 297 58
6404 6328 59
3314 2799 60
4898 3477 61
3479 1865 62
1138 1720 63
3948 6872 64
513 6291 65
4111 4125 66
5853 1582 67
4842 3203 68
2596 3321 69
1956 3919 70
6126 412 71
5711 5472 72
1069 4085 73
2294 2675 74
1987 1223 75
4458 6321 76
1995 2906 77
594 3250 78
3038 6784 79
1896 4595 80
3933 2920 81
4421 5758 82
319 161 83
423 3356 84
1275 4785 85
3073 6301 86
275 402 87
173 6799 88
2955 3287 89
2297 3442 90
6846 9 91
5861 6704 92
1056 4369 93
3264 6052 94
3055 6133 95
6659 4646 96
5448 3231 97
1698 4512 98
4527 5882 99
6287 2225 100
1472 1316 101
6750 5774 102
619 655 103
6295 1768 104
2161 2497 105
5208 5723 106
2160 2322 107
6949 6606 108
5996 1624 109
5687 5816 110
3262 1526 111
660 4359 112
4145 6234 113
5372 828 114
3020 6201 115
5076 752 116
4582 1643 117
6688 4535 118
3796 5361 119
2629 1810 120
3659 488 121
3864 3491 122
1137 4333 123
4054 2577 124
3895 688 125
3848 4472 126
858 3667 127
309 1167 128
3538 1078 129
5558 5940 130
227 2698 131
4426 5777 132
6372 3926 133
5200 3 134
4437 2426 135
4278 6461 136
1820 659 137
1797 6478 138
934 2538 139
185 6055 140
468 678 141
3268 4959 142
2183 4301 143
1551 4231 144
2266 6370 145
2501 5880 146
4918 4110 147
4577 4948 148
4173 6061 149
6983 3516 150
6814 2348 151
6601 4940 152
6843 2130 153
2269 2114 154
4947 4028 155
942 368 156
1519 2599 157
4471 4614 158
6442 4075 159
2150 32 160
6307 3063 161
6052 1532 162
4781 4243 163
3634 1587 164
4263 3772 165
2083 6038 166
731 4508 167
118 5194 168
5256 3124 169
4819 4792 170
5726 3479 171
3317 3208 172
6109 3955 173
5310 6347 174
4851 721 175
6239 970 176
2952 3651 177
3983 6592 178
3081 2604 179
6719 6083 180
1893 2248 181
3869 1527 182
1014 355 183
3848 41 184
1169 4400 185
3902 2601 186
4423 4898 187
3233 231 188
6805 233 189
2991 5120 190
4728 5630 191
1352 4204 192
2085 4054 193
6852 6260 194
341 2584 195
4954 5261 196
1440 2590 197
6339 6354 198
1228 4293 199
5066 1860 200
1088 4405 1
3521 2912 2
945 2643 3
1751 2606 4
5032 1083 5
4646 734 6
185 5335 7
4244 2451 8
5726 5611 9
4268 4067 10
293 6366 11
4561 384 12
2820 5478 13
6899 3142 14
5798 1269 15
4054 4027 16
5971 323 17
2966 1937 18
749 2871 19
1609 2689 20
3599 2107 21
1073 1844 22
915 1266 23
2150 5338 24
4859 6135 25
6892 6018 26
23 5918 27
6058 1435 28
364 6584 29
3293 2835 30
5513 3119 31
513 4205 32
4805 4920 33
5093 1977 34
2171 4786 35
5686 1717 36
5020 3093 37
3133 1725 38
397 4592 39
169 3355 40
6110 5034 41
160 5903 42
1029 3838 43
3916 3732 44
2583 1932 45
811 6422 46
3677 946 47
2816 527 48
5589 4735 49
3031 4218 50
5307 5375 51
3997 6570 52
4070 4221 53
6059 5494 54
1727 3461 55
6226 6721 56
2958 6847 57
5185 2503 58
4254 6295 59
1461 3292 60
2611 1987 61
2851 6486 62
3657 6711 63
6525 912 64
5737 148 65
5949 2437 66
2895 2170 67
2755 1239 68
3629 5018 69
6063 6759 70
6727 1302 71
2575 6430 72
5115 5829 73
5811 3083 74
725 2708 75
102 722 76
4544 4672 77
2695 1741 78
6904 5575 79
619 2943 80
4423 2536 81
4915 1785 82
5874 2425 83
4887 2545 84
1374 2927 85
1779 1469 86
1434 171 87
3453 4607 88
6061 2180 89
5810 1767 90
51 5773 91
3719 2587 92
2882 2184 93
4604 6268 94
5372 1371 95
3949 3290 96
4599 3795 97
4604 2594 98
1775 3986 99
1570 3456 100
3380 4744 101
2845 1867 102
2338 4534 103
2616 6482 104
1572 6831 105
811 1871 106
5089 3392 107
4428 4031 108
2995 5577 109
2804 1431 110
930 5195 111
2691 955 112
412 2605 113
365 2352 114
6443 823 115
523 4619 116
3898 6921 117
6020 831 118
4515 463 119
4186 5155 120
6076 3265 121
6618 3979 122
4612 1123 123
3717 6599 124
2897 6210 125
134 3654 126
1662 2650 127
3937 5751 128
6749 6063 129
6542 5691 130
5018 4185 131
3317 6585 132
1955 3238 133
1487 5985 134
3408 5785 135
4878 4539 136
6572 3049 137
3649 4462 138
5314 431 139
5124 2640 140
744 4925 141
1120 635 142
1932 2313 143
3568 6345 144
3334 2872 145
3380 1689 146
4657 4941 147
4608 5661 148
6840 5859 149
5224 5118 150
4871 4337 151
6905 4523 152
927 5005 153
2586 2782 154
6885 6417 155
3716 3974 156
320 813 157
6500 228 158
83 2936 159
6423 3748 160
6973 4900 161
5265 5951 162
6088 2574 163
3633 1034 164
3907 1754 165
1493 2439 166
2477 1512 167
4994 4284 168
6670 2797 169
1487 3674 170
1055 2101 171
5296 542 172
2760 908 173
5815 1765 174
5292 1029 175
4535 1631 176
3517 2232 177
5777 6887 178
5356 2168 179
4525 5896 180
4145 5740 181
1187 1542 182
6613 12 183
419 5599 184
1605 3220 185
504 1837 186
1094 6722 187
6368 1824 188
3653 6693 189
5721 3613 190
6749 3263 191
1748 268 192
1664 2291 193
6278 4238 194
1132 597 195
3770 3519 196
6372 6895 197
5962 548 198
5797 2077 199
5667 1137 200
6764 6079 1
1444 4491 2
4050 6259 3
5278 885 4
6147 306 5
6571 3284 6
5580 949 7
2655 5315 8
1000 5189 9
6035 5240 10
189 988 11
4975 67 12
6122 2087 13
2575 4585 14
1670 2781 15
3665 5070 16
2637 3471 17
4383 5949 18
4563 3204 19
6236 1235 20
598 3025 21
5513 5588 22
5265 5093 23
785 3188 24
94 39 25
1570 525 26
4740 2319 27
2136 5467 28
4135 2820 29
502 1438 30
2505 3922 31
1572 5125 32
3544 3316 33
4139 966 34
2458 2424 35
3878 1818 36
830 5044 37
2576 1996 38
6509 2914 39
961 4482 40
6696 3067 41
6099 153 42
3112 2942 43
1161 5019 44
1525 6015 45
3761 4889 46
6285 989 47
3153 6901 48
5523 2657 49
6592 2207 50
3372 3436 51
4918 4182 52
3264 2667 53
1943 1735 54
1853 6696 55
3411 2247 56
293 4432 57
2373 3052 58
5942 2400 59
2509 5227 60
5470 1550 61
2224 3441 62
997 6972 63
6784 579 64
934 1456 65
4051 1127 66
6477 3992 67
610 6634 68
4020 3608 69
2547 6620 70
5188 6963 71
6343 4981 72
1631 3871 73
209 6950 74
261 1464 75
597 6499 76
2053 6934 77
6543 5067 78
4607 3475 79
3728 1564 80
78 2071 81
5033 2894 82
2533 2477 83
125 1344 84
313 4783 85
452 3343 86
1831 5708 87
5726 2132 88
1923 4249 89
2472 1361 90
4121 5749 91
563 1305 92
56 687 93
6074 4256 94
989 3551 95
2471 102 96
2264 2457 97
1694 2423 98
2043 6399 99
1536 6397 100
5285 6353 101
2791 3060 102
6866 4328 103
5584 565 104
4029 693 105
2114 1601 106
5185 1331 107
6442 1769 108
1166 2486 109
1917 4685 110
6416 2422 111
501 923 112
1177 771 113
6573 1652 114
6025 4548 115
3639 3041 116
1767 4080 117
6691 6262 118
6579 6875 119
6824 584 120
185 4306 121
1197 6817 122
4007 6161 123
1709 2763 124
5049 537 125
3816 3524 126
6365 3116 127
6938 4436 128
6122 2858 129
3554 4425 130
3893 4724 131
3844 1566 132
3611 2762 133
1342 3320 134
6375 1681 135
6516 1320 136
625 2732 137
539 6323 138
6310 1061 139
3496 6869 140
2502 3858 141
3937 6309 142
897 1771 143
2378 4229 144
3765 6099 145
4388 2746 146
937 5390 147
5170 2704 148
105 4731 149
5882 4807 150
5751 6796 151
1132 4223 152
4712 6772 153
2995 582 154
6663 1817 155
1857 2146 156
5077 6277 157
5510 5893 158
2283 1581 159
3920 719 160
1158 973 161
5375 5158 162
1137 54 163
5028 4822 164
1432 1232 165
2501 4652 166
6764 3154 167
524 3375 168
5614 3371 169
4580 6531 170
1464 3275 171
1926 1283 172
3279 2950 173
3347 3881 174
971 6138 175
4164 2084 176
2491 3770 177
85 4831 178
5606 5433 179
653 2092 180
6634 1422 181
5123 6306 182
6982 2098 183
1898 938 184
1771 2325 185
993 3736 186
4915 117 187
2338 3820 188
1073 5547 189
5083 2377 190
40 101 191
2457 421 192
906 6613 193
6645 208 194
2744 6096 195
1505 5549 196
2263 5907 197
6240 654 198
6339 6336 199
4070 2785 200
4936 3819 1
2334 2056 2
5803 1260 3
295 3330 4
677 116 5
3116 2788 6
6758 4102 7
2868 4155 8
6391 5618 9
3835 1704 10
3517 5986 11
5220 1730 12
3619 4858 13
4160 3127 14
1016 6593 15
675 2880 16
5092 843 17
4173 5373 18
4803 6331 19
5714 4821 20
4373 1966 21
6194 1814 22
2842 2826 23
3408 6966 24
174 5879 25
6491 2673 26
4859 1596 27
3090 4358 28
4663 3051 29
4143 6264 30
5513 4046 31
6628 6984 32
2350 3452 33
2432 5495 34
191 6904 35
4039 105 36
237 4119 37
830 4435 38
3155 4248 39
6396 1472 40
2477 2461 41
6052 3561 42
6195 6505 43
5513 6060 44
876 6208 45
5198 446 46
320 3205 47
2535 2152 48
3376 2802 49
4947 701 50
2975 1853 51
1229 1726 52
6897 1833 53
807 4658 54
4744 5192 55
5869 6975 56
4969 750 57
4868 833 58
6214 4368 59
3709 5716 60
4944 3506 61
4207 1214 62
2825 5442 63
1972 2445 64
4696 2715 65
6411 5934 66
2388 6569 67
189 2695 68
2033 4386 69
3697 4916 70
5619 2023 71
3853 3929 72
5632 1281 73
4531 5265 74
4090 5601 75
3858 3057 76
2211 3137 77
6763 2427 78
2564 4682 79
3419 3982 80
2891 3145 81
880 595 82
3888 853 83
6715 2097 84
3145 4887 85
2833 1155 86
5733 4919 87
2418 2589 88
3250 6089 89
1125 1357 90
5513 1356 91
1767 1603 92
2122 1698 93
6269 6105 94
189 6905 95
4412 6014 96
6822 3125 97
320 3114 98
6249 5172 99
6329 4162 100
6639 1381 101
725 550 102
1219 2000 103
3598 3912 104
977 5848 105
2445 1480 106
6790 485 107
6609 5592 108
4976 812 109
5042 1670 110
1861 3313 111
608 6566 112
1295 2901 113
389 996 114
4963 6228 115
2587 3523 116
3937 1156 117
5853 3258 118
5632 6553 119
382 6265 120
303 4841 121
5075 1732 122
3489 166 123
4037 5220 124
6046 3350 125
2859 3899 126
1050 5539 127
6167 6418 128
2301 3854 129
2431 3656 130
4728 6465 131
6382 1739 132
1391 821 133
105 2113 134
1331 3243 135
4467 4041 136
4083 184 137
4592 4990 138
1114 128 139
4426 4918 140
4981 4322 141
3217 602 142
570 3219 143
3289 3419 144
1120 4278 145
2542 1891 146
10 1639 147
2766 4177 148
4441 2295 149
738 2226 150
6499 1384 151
2327 4788 152
5208 920 153
1153 5513 154
5718 2441 155
4372 5190 156
4998 3824 157
700 4345 158
5081 3983 159
1682 3810 160
3439 6785 161
2871 3902 162
2020 5357 163
1152 1014 164
6525 3094 165
1309 6648 166
3703 4267 167
5790 4454 168
5555 6661 169
6130 1144 170
4353 84 171
5805 5188 172
270 3839 173
6915 3705 174
3728 1760 175
2380 2127 176
1093 2685 177
2103 3430 178
1504 5975 179
77 6986 180
6653 5383 181
6028 3693 182
2130 1874 183
2101 1245 184
612 5288 185
6668 4076 186
1821 4050 187
5155 197 188
1547 673 189
2971 4799 190
1055 1811 191
1268 5016 192
1866 5948 193
5588 6649 194
2460 3541 195
4847 6033 196
2108 5419 197
2141 4905 198
6733 3064 199
389 2928 200
687 6403 1
3793 4211 2
5790 6723 3
2079 140 4
1450 561 5
3868 2336 6
2667 5420 7
1116 1475 8
2457 2416 9
183 684 10
1611 1486 11
6187 6386 12
4296 5497 13
4323 2069 14
1691 359 15
804 3747 16
5705 103 17
1370 5766 18
5197 35 19
1712 2383 20
4839 1170 21
2023 568 22
1275 820 23
6729 2243 24
3447 6446 25
2551 3507 26
3872 339 27
6064 4543 28
570 2556 29
2442 4632 30
3756 1015 31
1677 571 32
2670 5806 33
5584 3173 34
6573 5817 35
3419 3907 36
3785 6120 37
2103 6920 38
1528 2148 39
2961 4620 40
2378 6285 41
4525 1342 42
927 2987 43
40 1098 44
6158 4853 45
3028 314 46
4674 3200 47
3150 5174 48
1407 2531 49
824 4077 50
3359 3615 51
5501 3253 52
6007 73 53
1784 6198 54
2471 2330 55
1813 6387 56
6845 4834 57
926 5480 58
6907 3959 59
6493 4098 60
4546 4283 61
1813 4013 62
3419 4631 63
1929 6066 64
734 6716 65
1390 6140 66
4068 1028 67
397 76 68
1088 6300 69
4189 2951 70
4987 1056 71
6545 6640 72
2436 3581 73
4643 4143 74
188 4370 75
2723 1293 76
635 4433 77
603 1921 78
5959 4648 79
764 2890 80
5537 3187 81
1705 4354 82
2577 3387 83
4586 838 84
6996 397 85
1036 5251 86
2840 4872 87
3194 1835 88
4523 4691 89
320 5537 90
6291 332 91
781 2848 92
6218 4048 93
3734 5505 94
661 4622 95
6695 4521 96
5868 1505 97
2975 5803 98
3087 683 99
5135 5238 100
2554 997 101
2986 222 102
419 6401 103
3529 4624 104
5043 1457 105
275 5943 106
6265 509 107
3425 1832 108
1775 879 109
419 2521 110
3449 1157 111
5632 5355 112
1416 4663 113
262 6394 114
4263 328 115
2797 1783 116
2402 6094 117
4051 2137 118
1510 905 119
1219 1851 120
4573 3326 121
6801 2559 122
2870 6579 123
942 2787 124
5042 3194 125
5236 5775 126
5521 4343 127
2642 2468 128
523 5438 129
3264 5923 130
6968 4514 131
182 6145 132
5588 6993 133
5323 1843 134
5402 1953 135
3636 4312 136
115 2910 137
6543 5169 138
6798 5566 139
1182 1154 140
442 6481 141
2131 3111 142
738 5581 143
4151 2304 144
1161 6609 145
5936 3831 146
3669 883 147
1292 2379 148
172 2104 149
3306 4884 150
6699 3998 151
6904 3023 152
6965 3814 153
5216 1524 154
2108 4546 155
5971 6492 156
5381 5139 157
384 6114 158
5218 6690 159
2251 6025 160
152 3264 161
6188 4321 162
2706 4304 163
2422 730 164
2315 489 165
3589 2124 166
1731 4505 167
5509 4101 168
1672 2883 169
5878 4750 170
3007 939 171
3224 6843 172
3127 5305 173
5389 6027 174
3703 793 175
5546 4688 176
3882 3531 177
1079 855 178
2217 2121 179
6966 2038 180
2030 2374 181
2959 6261 182
5046 6539 183
5971 5910 184
1261 4496 185
1022 6459 186
1071 6438 187
1702 6389 188
1655 5888 189
2252 6445 190
451 1121 191
1051 5075 192
1089 2174 193
1782 5997 194
4842 79 195
2741 2067 196
1001 1672 197
1821 4874 198
713 4237 199
4353 1241 200
1334 4160 1
4235 2158 2
3963 4164 3
4402 4191 4
3709 3565 5
5930 1873 6
3654 2080 7
5019 4070 8
6644 4410 9
563 4139 10
6638 3277 11
2318 652 12
2087 5426 13
3378 6757 14
2945 5502 15
5466 4473 16
6123 3061 17
1540 2968 18
1480 5223 19
2851 2480 20
134 4131 21
6629 3463 22
201 943 23
1176 5757 24
2125 3248 25
2859 3726 26
4561 6219 27
4452 1131 28
189 3774 29
1545 4983 30
1205 3704 31
6147 5988 32
6749 1942 33
1504 3482 34
5514 3653 35
670 3738 36
6906 2973 37
94 1142 38
2675 2990 39
5840 6223 40
1595 5653 41
1284 6717 42
3592 6127 43
1065 4849 44
2764 5408 45
2339 6294 46
3863 1975 47
4610 2585 48
6905 1971 49
4619 265 50
6236 4105 51
1910 3637 52
6053 690 53
2827 2549 54
4045 3384 55
5109 2954 56
6652 5987 57
2702 5535 58
2160 5312 59
109 2790 60
125 3585 61
1510 2371 62
5455 4700 63
5701 1160 64
1854 788 65
6346 1188 66
6548 5037 67
3404 353 68
6582 1610 69
1593 1695 70
3059 1907 71
56 830 72
4867 5552 73
2016 3823 74
5941 4974 75
4810 6410 76
5819 1084 77
1243 2575 78
5660 3906 79
6123 2596 80
1467 249 81
292 6149 82
4224 2759 83
919 954 84
3376 998 85
3073 2494 86
5279 995 87
4654 861 88
2861 6582 89
4268 5542 90
3800 6560 91
6664 365 92
594 1332 93
3001 4375 94
5404 5570 95
186 99 96
5263 3528 97
4333 6454 98
2903 4299 99
2074 5504 100
4748 5898 101
5841 976 102
6408 2013 103
4580 3735 104
2412 4132 105
1877 2960 106
5602 286 107
3958 3840 108
2085 3161 109
5160 6226 110
6049 6007 111
3432 3640 112
488 264 113
1947 3991 114
5692 1903 115
2154 3407 116
6781 95 117
4481 2772 118
3575 211 119
4868 2050 120
6656 5670 121
3282 1406 122
1851 6142 123
4738 4381 124
2141 6849 125
2435 2805 126
5084 5543 127
931 2301 128
2961 6022 129
3124 2857 130
2874 1265 131
6755 5138 132
2917 5310 133
3553 2367 134
5840 2955 135
2526 3322 136
5077 6996 137
124 2972 138
3567 405 139
4689 5171 140
5483 433 141
152 4366 142
4967 379 143
4544 6 144
676 4843 145
3453 2971 146
4418 1280 147
5713 2157 148
2522 3081 149
6668 4923 150
4019 3505 151
4315 1690 152
495 6395 153
2975 1617 154
6510 6951 155
3790 511 156
3099 3349 157
1380 2700 158
2282 2784 159
2349 6856 160
6126 1093 161
4499 1648 162
2289 4461 163
5166 5269 164
733 4285 165
6572 2487 166
4063 5925 167
3129 3301 168
4668 3390 169
2781 4870 170
6210 5787 171
3650 5969 172
3518 5303 173
2612 1089 174
6126 5307 175
6245 2219 176
6130 6043 177
6954 4754 178
4281 1677 179
4643 3072 180
2163 3273 181
1595 5755 182
6651 4972 183
1709 5616 184
1937 4093 185
2750 650 186
1488 1795 187
4544 1531 188
1102 5336 189
4015 2411 190
5335 4623 191
5929 1291 192
3953 2998 193
177 552 194
3686 805 195
1184 6148 196
869 4463 197
1975 4511 198
382 66 199
6060 5962 200
5225 6962 1
6844 2595 2
3700 3990 3
527 5919 4
6846 6814 5
3777 5501 6
3783 251 7
4208 3434 8
1540 3589 9
48 1737 10
1850 5874 11
5513 1461 12
1922 5756 13
3564 6106 14
3010 4264 15
4912 2705 16
295 3493 17
4345 3337 18
3423 6618 19
5686 856 20
5192 5957 21
3180 1933 22
1771 5322 23
2148 2090 24
552 3109 25
1359 5947 26
6761 999 27
5737 4045 28
5200 1432 29
92 1430 30
5393 2394 31
1850 6889 32
1921 6642 33
717 6925 34
6702 4516 35
3649 1234 36
1040 3317 37
5501 1242 38
733 3853 39
5780 5300 40
1502 1290 41
468 4832 42
5805 2025 43
3425 4677 44
1072 5358 45
5324 430 46
4905 3488 47
2871 1476 48
1188 6536 49
698 6533 50
2651 395 51
6509 547 52
5350 4262 53
157 230 54
4489 5871 55
5411 1567 56
6798 3062 57
6929 5339 58
3629 1412 59
5486 1991 60
3430 2141 61
6060 2622 62
3605 3329 63
2963 4189 64
1225 5176 65
1427 2572 66
1821 6207 67
6188 2892 68
5903 3033 69
6277 495 70
2765 5606 71
23 6597 72
2475 2269 73
1278 4809 74
4127 3535 75
5229 1589 76
2517 4295 77
442 3351 78
6836 4255 79
3108 3070 80
3090 3293 81
6048 4103 82
6521 2469 83
4308 168 84
6098 5056 85
3633 6678 86
4183 4376 87
5190 4969 88
5203 1112 89
5923 3020 90
2958 2125 91
1053 69 92
3382 2147 93
3891 656 94
5876 1701 95
4623 961 96
2619 2565 97
986 4772 98
3324 2696 99
2971 4671 100
5849 6594 101
1675 1605 102
3728 6084 103
1342 2135 104
4646 6462 105
730 2349 106
1867 639 107
4728 5332 108
996 1716 109
4668 3132 110
2245 697 111
4966 6284 112
5867 6305 113
6429 1788 114
2320 1943 115
4039 3358 116
6123 5105 117
6867 6044 118
3560 6639 119
1144 732 120
3584 2196 121
1874 2751 122
1176 6102 123
3790 5946 124
989 2798 125
6355 182 126
2439 3354 127
5701 457 128
781 613 129
1447 5858 130
5498 3247 131
468 4670 132
2020 4313 133
5501 6944 134
3859 1868 135
6584 2380 136
6904 4531 137
4586 599 138
4309 2823 139
1534 6879 140
5468 81 141
5012 273 142
4054 2214 143
1633 3813 144
2569 792 145
4091 364 146
6702 499 147
279 5444 148
415 1101 149
2858 5546 150
6745 204 151
3816 3178 152
4542 5675 153
3314 598 154
6644 1350 155
6137 5254 156
5967 892 157
1120 461 158
3341 5364 159
2854 3403 160
5032 1002 161
1573 6317 162
942 1540 163
6655 3980 164
1440 149 165
3387 1756 166
2757 1445 167
1373 5999 168
482 3573 169
2770 2997 170
6982 3201 171
5032 784 172
336 2852 173
2677 3804 174
5497 5741 175
1736 2887 176
6834 5382 177
1513 1203 178
5203 6933 179
1865 2267 180
1534 6470 181
2625 6434 182
1652 3353 183
3765 113 184
6786 916 185
5042 3053 186
2103 2161 187
3027 6131 188
3828 2149 189
44 2282 190
334 4090 191
6404 1998 192
5912 4296 193
2198 6425 194
1267 1192 195
1481 1509 196
2403 6375 197
546 4471 198
5764 386 199
1670 5770 200
1118 4133 1
4887 400 2
2547 5328 3
6104 5805 4
386 2316 5
380 4687 6
5253 6940 7
5242 6665 8
5995 5242 9
5307 4653 10
4631 5431 11
6920 3757 12
4968 6376 13
5743 2438 14
2005 391 15
104 2783 16
2369 178 17
5511 317 18
6319 5801 19
2743 4281 20
2132 3842 21
5481 2733 22
2712 15 23
2790 333 24
6063 6380 25
3424 378 26
714 804 27
4868 636 28
2919 2691 29
4595 726 30
1465 6770 31
1218 4476 32
2278 5273 33
2538 646 34
1739 4280 35
109 445 36
4388 4096 37
1359 256 38
111 836 39
4623 3362 40
4307 3663 41
5919 914 42
3097 4015 43
913 5841 44
1679 3690 45
2969 252 46
112 1508 47
3997 3642 48
2378 6902 49
3445 134 50
157 956 51
5246 4153 52
1684 6384 53
5814 135 54
5292 6837 55
5208 1684 56
4260 1202 57
262 5523 58
4927 1024 59
610 4999 60
4584 2508 61
881 4621 62
1613 6087 63
1168 3847 64
4039 3288 65
1631 5150 66
3289 1728 67
4253 6251 68
5186 1396 69
5239 4517 70
6885 4752 71
2145 6874 72
5405 5827 73
2917 6846 74
5667 3837 75
5060 5380 76
6474 5278 77
4039 4591 78
3524 4736 79
6971 1708 80
6601 4128 81
1137 4818 82
3109 1511 83
2605 2181 84
2232 6995 85
2712 217 86
1593 6340 87
5340 6709 88
2757 2655 89
4795 1757 90
6002 799 91
1991 2204 92
1412 3893 93
1464 5739 94
4778 3744 95
6341 4339 96
307 6419 97
2982 5126 98
2961 5164 99
4145 670 100
5726 3537 101
1842 6971 102
2531 543 103
4563 3261 104
2914 6411 105
1252 6667 106
1388 5038 107
2982 2099 108
506 393 109
85 440 110
4334 1016 111
6949 2274 112
1548 4882 113
977 2263 114
3916 3673 115
3358 4184 116
552 5423 117
4874 6414 118
3411 5141 119
2183 4583 120
3897 3628 121
574 4566 122
4744 48 123
4795 5464 124
5017 5648 125
952 6754 126
6434 2229 127
6148 1047 128
4099 2187 129
5316 5453 130
513 2258 131
3299 3604 132
546 709 133
488 6501 134
1133 6100 135
1149 455 136
4878 177 137
4050 2378 138
919 1285 139
2277 90 140
2555 6816 141
504 419 142
1464 5114 143
6098 1490 144
2628 6660 145
585 769 146
3992 3103 147
6354 6973 148
4333 4855 149
980 6455 150
250 3443 151
516 6703 152
3445 3734 153
2052 1646 154
3749 4112 155
6315 61 156
6306 6293 157
6217 731 158
6195 2608 159
695 2687 160
3316 6457 161
4013 5815 162
2303 5228 163
4626 5809 164
5402 5148 165
4469 4005 166
5153 5359 167
3679 6929 168
2119 4245 169
1930 5508 170
3071 3739 171
5326 2397 172
2334 657 173
3338 605 174
4608 4199 175
513 2982 176
6852 3095 177
5521 4713 178
1275 508 179
4386 5808 180
195 5703 181
2331 4014 182
968 5458 183
2026 3723 184
4902 5681 185
309 3666 186
6364 865 187
3416 6444 188
3737 4944 189
2159 1687 190
5594 748 191
4755 3011 192
4339 5063 193
2161 110 194
3816 1233 195
3034 1135 196
4873 800 197
201 6807 198
783 1525 199
2576 6866 200
4705 1528 1
3487 2120 2
3067 3614 3
3521 3377 4
3037 2895 5
6479 958 6
6463 6218 7
1613 3302 8
5246 5583 9
564 6346 10
1593 4183 11
630 2151 12
413 6773 13
6512 1909 14
5814 2305 15
4223 2208 16
4837 5885 17
6608 1193 18
2596 2452 19
4099 4939 20
2380 1373 21
3275 4378 22
4154 3416 23
5443 5032 24
1066 5834 25
1546 1535 26
670 1009 27
1166 3279 28
3979 3836 29
1958 2495 30
2094 3658 31
2242 5704 32
5834 413 33
561 5369 34
1731 1992 35
5780 4878 36
6283 3685 37
1842 6166 38
384 5671 39
5193 1187 40
6904 6355 41
131 3857 42
5012 1477 43
2457 775 44
6312 587 45
6509 43 46
1346 1685 47
6764 2216 48
3068 4634 49
1807 1462 50
2171 2238 51
4208 4016 52
6389 2231 53
5411 533 54
3896 6471 55
6839 1554 56
3550 1249 57
6824 5268 58
2752 1547 59
5198 6241 60
4687 1198 61
2764 3071 62
4947 2743 63
5730 6522 64
2917 2644 65
2660 203 66
6089 4413 67
5212 5066 68
907 2288 69
2198 5051 70
5310 2408 71
5051 5498 72
4371 1923 73
5450 6209 74
6748 1830 75
5108 5111 76
33 3731 77
3057 6175 78
122 6451 79
2461 2637 80
6075 2969 81
635 3319 82
4823 1622 83
5102 2824 84
4030 1608 85
3639 2647 86
4675 1827 87
3458 6990 88
1939 4120 89
2364 849 90
2876 1106 91
6884 3895 92
5863 2474 93
3617 1207 94
964 5147 95
1829 1335 96
557 1653 97
3997 4958 98
1570 5921 99
6749 1446 100
4767 2931 101
504 3115 102
2966 5256 103
2277 2350 104
5252 2878 105
1269 5781 106
5695 577 107
5478 460 108
2334 5296 109
157 6054 110
5773 5170 111
6094 1842 112
6920 4300 113
1963 671 114
1996 3487 115
6667 4171 116
2871 3502 117
467 6587 118
1664 501 119
3716 1727 120
2184 1018 121
1764 4604 122
416 3160 123
2968 2730 124
4727 3560 125
1655 6356 126
1504 5291 127
3459 179 128
1482 3718 129
375 1980 130
3196 181 131
415 3363 132
2591 213 133
4534 694 134
2108 677 135
2183 2007 136
936 3136 137
5865 1944 138
6839 1863 139
5120 2210 140
4979 493 141
4558 6614 142
6231 2299 143
5853 4763 144
4919 1388 145
4921 4161 146
2034 1616 147
3622 3741 148
459 5270 149
6729 2876 150
29 467 151
5108 3894 152
5790 2524 153
3018 3764 154
1073 860 155
5437 80 156
2983 42 157
4129 6870 158
748 517 159
6601 2096 160
1918 137 161
6241 2893 162
2805 6159 163
1630 169 164
2385 5285 165
3792 4642 166
1611 4240 167
2802 4515 168
458 5526 169
1382 3215 170
1041 3877 171
3953 3325 172
4144 5672 173
3342 1423 174
5389 1693 175
2980 3720 176
1274 573 177
1359 5386 178
206 5286 179
1821 744 180
3468 1715 181
5300 5897 182
5296 1222 183
784 3630 184
3631 5659 185
340 5522 186
2373 3386 187
2195 5446 188
4528 5134 189
4607 2721 190
5032 57 191
87 6551 192
4563 2885 193
934 319 194
6958 762 195
6051 2540 196
4067 1627 197
1517 1354 198
988 5945 199
1184 6616 200
4513 2541 1
919 6379 2
82 4158 3
561 1629 4
2534 4060 5
6659 5673 6
2991 6573 7
2564 4094 8
4907 1651 9
1188 4848 10
5032 6064 11
417 945 12
4663 5883 13
5887 3333 14
4091 2502 15
6333 3172 16
5513 4561 17
3437 6769 18
2551 2977 19
5461 5244 20
5800 1633 21
5645 6178 22
4400 6069 23
4859 2318 24
3868 2681 25
4554 5217 26
2652 5343 27
738 5556 28
6920 940 29
5691 1221 30
5331 5489 31
513 3395 32
887 3578 33
3112 1682 34
4138 6936 35
5386 3002 36
1620 5031 37
32 5654 38
3246 4626 39
6212 180 40
6341 4536 41
6088 1289 42
5697 5900 43
6611 2509 44
2040 918 45
755 3822 46
918 1713 47
6584 6730 48
3445 152 49
5901 2018 50
5599 5096 51
3899 401 52
2331 443 53
5020 5734 54
4981 5578 55
4732 2327 56
4353 349 57
5350 86 58
3600 5884 59
70 4068 60
5907 4180 61
6017 5378 62
2873 1333 63
1092 3596 64
4050 2946 65
4653 1850 66
2198 4470 67
6954 5484 68
56 6572 69
5751 5983 70
3765 5561 71
1140 4937 72
3867 5035 73
3068 2736 74
4746 5877 75
3951 1883 76
5064 1264 77
6171 2932 78
6358 3888 79
6447 5995 80
4151 2392 81
730 6270 82
2505 6167 83
1363 1387 84
5246 4787 85
1137 1548 86
2538 417 87
5659 2566 88
6998 6393 89
2842 3143 90
1603 146 91
1371 4956 92
2291 4116 93
2757 695 94
2203 5165 95
3067 5799 96
5957 2619 97
6070 6554 98
3726 4584 99
5736 1706 100
331 5272 101
6285 3359 102
5046 6734 103
3944 3694 104
1461 1557 105
3209 4149 106
6079 3826 107
3140 987 108
98 371 109
1398 898 110
3633 239 111
2538 534 112
1073 293 113
2796 2433 114
2375 3887 115
6049 3941 116
5273 851 117
5773 5393 118
6190 795 119
2986 4840 120
4558 3930 121
3728 2771 122
4744 4596 123
4395 4716 124
2369 990 125
5247 5468 126
6994 2255 127
6018 4897 128
354 1424 129
4337 1365 130
4907 3489 131
1661 2279 132
667 5277 133
4301 3090 134
2859 6480 135
1313 1722 136
5995 1576 137
8 6006 138
4618 4357 139
975 968 140
6853 418 141
856 2904 142
6888 1562 143
6230 6361 144
6434 1176 145
5126 4708 146
717 5700 147
6083 6072 148
6326 6877 149
3807 1213 150
720 6839 151
6066 4062 152
2096 3110 153
4907 6016 154
2399 4908 155
5088 5094 156
3140 6491 157
1041 3150 158
6792 1956 159
6629 6643 160
6102 6586 161
293 6206 162
1663 1049 163
292 4714 164
4976 3624 165
4839 6146 166
3742 6024 167
30 3569 168
5876 2754 169
4923 2326 170
2019 2195 171
3209 6082 172
5205 6215 173
5819 6568 174
5131 4559 175
2628 2597 176
5869 382 177
5335 5574 178
649 6677 179
3342 1504 180
3794 496 181
1227 1898 182
6117 1522 183
1944 91 184
6784 1649 185
3402 6369 186
2130 6894 187
3607 5621 188
4396 2962 189
2129 5600 190
1893 1267 191
4655 5564 192
3223 6137 193
2519 162 194
389 2707 195
1764 3465 196
5205 2917 197
3027 1812 198
6994 6203 199
6456 3035 200
1206 3751 1
218 3905 2
3766 2280 3
3174 4796 4
2181 4602 5
3983 1442 6
3719 6602 7
3894 2757 8
4563 6221 9
4767 3832 10
287 3713 11
5708 5791 12
5098 2297 13
4531 2499 14
1235 930 15
4196 6342 16
6088 2332 17
632 2418 18
2312 3808 19
2654 5567 20
4470 6068 21
4080 4380 22
5426 5293 23
4626 4666 24
1229 444 25
6784 2444 26
4545 3771 27
5704 522 28
6354 406 29
2094 1478 30
384 3391 31
2975 1523 32
3230 5462 33
5973 2726 34
3997 5981 35
1762 5745 36
2607 4331 37
1461 1026 38
1373 3707 39
3790 3943 40
4076 6719 41
3417 6776 42
1659 2718 43
3692 1038 44
5353 3964 45
5445 4118 46
1073 356 47
6388 6611 48
940 5054 49
6115 1973 50
237 2074 51
3790 5678 52
2644 5398 53
4209 4532 54
5094 3058 55
2295 1990 56
2911 5298 57
15 1930 58
2794 2544 59
2957 4398 60
3457 1066 61
1665 2580 62
1683 6456 63
6371 1553 64
2642 5399 65
4671 6581 66
3306 844 67
2030 6498 68
1402 904 69
4757 2847 70
6307 1979 71
6363 4657 72
2450 2909 73
3898 1721 74
771 919 75
99 3752 76
1618 1625 77
5069 4384 78
5390 1609 79
6945 3286 80
995 6507 81
3380 6464 82
3977 1330 83
3210 6638 84
3517 880 85
2880 3623 86
3204 4984 87
3437 4084 88
6600 1409 89
1235 1825 90
2677 6761 91
508 4964 92
1886 3821 93
1003 4930 94
4216 3438 95
2389 2694 96
6017 1949 97
6830 1571 98
2892 1096 99
2990 6427 100
1914 2832 101
6715 1248 102
4124 3778 103
6068 2345 104
3607 5635 105
4400 6314 106
4283 6029 107
1281 2201 108
1927 6088 109
4583 3639 110
5026 2072 111
4360 1778 112
1846 6702 113
2919 5944 114
5562 2415 115
5443 1861 116
4025 4034 117
3742 4988 118
4783 952 119
4532 729 120
2758 49 121
2913 4610 122
375 6557 123
2908 3796 124
5971 1186 125
6449 2769 126
2657 3661 127
5263 1328 128
3903 5079 129
3376 5712 130
1709 6926 131
1023 225 132
1173 6152 133
1683 6957 134
1341 6822 135
4406 4374 136
1144 2459 137
6068 1027 138
4072 5779 139
5679 6288 140
2311 1786 141
1051 2598 142
2403 5350 143
5443 64 144
4086 3182 145
5196 2382 146
2233 4175 147
909 766 148
5518 5490 149
3252 581 150
6117 5258 151
6691 1780 152
4663 2680 153
604 1284 154
4504 3245 155
5694 2409 156
5184 728 157
2793 5488 158
1997 4725 159
2773 3625 160
3587 1075 161
5223 1074 162
6346 1679 163
1138 1641 164
4186 4097 165
4525 717 166
4744 980 167
2974 5074 168
457 2668 169
4616 6583 170
440 6575 171
6408 2044 172
6888 1360 173
3630 4971 174
1267 1288 175
2958 2354 176
1087 4057 177
167 6479 178
340 5157 179
5186 4287 180
1624 420 181
648 901 182
749 2066 183
4010 1558 184
670 1103 185
2859 6187 186
1610 1650 187
5752 558 188
205 6752 189
1544 4242 190
825 1169 191
1218 4072 192
6346 3129 193
2911 6521 194
4523 1379 195
5222 6163 196
3289 4859 197
593 2211 198
1564 3397 199
6068 2669 200
2962 6751 1
1151 3781 2
4451 6258 3
3790 6339 4
6508 3411 5
6826 2116 6
1367 3451 7
4546 710 8
6485 6200 9
4896 615 10
2975 6490 11
5611 1109 12
5707 691 13
2181 4282 14
5030 4593 15
2942 6528 16
1671 255 17
343 5302 18
1356 1752 19
3564 5092 20
4047 4362 21
5887 2368 22
4917 4276 23
6407 3346 24
5230 6777 25
1474 2534 26
6244 3681 27
3281 6407 28
5051 5231 29
3828 5939 30
6836 3077 31
4576 4791 32
4706 5280 33
1241 662 34
2518 3382 35
4240 5682 36
2535 275 37
2428 1902 38
2142 6413 39
5716 1421 40
1037 5584 41
4030 310 42
5596 2967 43
713 311 44
4994 2333 45
4047 3474 46
499 2869 47
2375 4408 48
3186 2046 49
6315 1781 50
6550 6898 51
358 2570 52
2020 705 53
802 6400 54
593 450 55
3990 1619 56
6028 1773 57
6809 4719 58
604 24 59
3742 1731 60
4240 4495 61
865 6151 62
912 4537 63
3568 389 64
2848 4598 65
6368 2816 66
5667 4921 67
2159 6448 68
1434 98 69
4263 3225 70
27 982 71
6119 75 72
1609 6896 73
2688 4019 74
3797 2446 75
3564 1168 76
5514 6714 77
3289 6608 78
4444 28 79
661 5445 80
365 285 81
5030 5104 82
2845 6409 83
6110 5966 84
5877 4697 85
1672 1922 86
3379 3393 87
3649 214 88
5430 5904 89
5033 5782 90
701 5917 91
2231 2561 92
43 3050 93
2471 5166 94
184 2228 95
1705 3055 96
3281 6656 97
6346 2919 98
5715 6494 99
3091 1718 100
2259 2300 101
1066 3517 102
3994 3563 103
6191 6299 104
1103 5482 105
5042 2907 106
4401 4350 107
4781 4032 108
4271 1908 109
3251 1081 110
6492 2154 111
6377 6119 112
4007 4144 113
4578 3251 114
3486 6341 115
1893 335 116
6755 3126 117
5834 5026 118
4780 3966 119
1887 425 120
5509 1620 121
4113 806 122
1112 3422 123
3804 1482 124
5430 2292 125
6705 4579 126
5724 3385 127
5594 1243 128
3659 2560 129
279 2169 130
6291 6687 131
4001 302 132
783 3584 133
2770 1683 134
3479 1916 135
2273 4329 136
2047 3995 137
3894 4449 138
2644 5182 139
5798 3756 140
959 3668 141
3977 6979 142
1120 1518 143
1397 2796 144
5537 3042 145
6068 1519 146
635 5123 147
2477 2964 148
5432 3716 149
5518 3846 150
5831 3698 151
2054 2307 152
459 5783 153
5636 2401 154
4577 2165 155
4864 6495 156
6983 2406 157
6269 4055 158
1896 4865 159
1239 5499 160
4722 1128 161
3756 4588 162
4626 713 163
2385 2359 164
3837 5279 165
6928 2471 166
6218 348 167
591 1592 168
5023 2041 169
5511 1534 170
6279 1363 171
5483 1141 172
6361 4260 173
404 2358 174
367 1702 175
5057 5073 176
364 4748 177
6217 212 178
5352 2856 179
1295 6629 180
448 3876 181
1456 2442 182
2369 5520 183
2692 5486 184
645 221 185
5667 2812 186
4494 3177 187
3567 4073 188
6601 606 189
883 89 190
5222 4562 191
1514 296 192
6664 3961 193
3748 3348 194
1053 3101 195
1066 5077 196
1066 3088 197
3359 4717 198
4913 4347 199
4806 2496 200
5636 1206 1
147 2306 2
3017 3282 3
4744 6956 4
5144 1734 5
2642 5391 6
5615 1110 7
1628 6871 8
815 900 9
6599 6412 10
1041 4954 11
4958 4475 12
1029 5027 13
6850 4828 14
2026 4326 15
3614 2819 16
6135 5249 17
6094 3672 18
627 4901 19
4281 5569 20
1436 1165 21
6890 3909 22
6758 2317 23
5518 305 24
592 3600 25
5660 5680 26
4567 5603 27
5193 5772 28
2177 5221 29
163 2677 30
5294 2203 31
2065 216 32
2278 2417 33
4391 5133 34
3341 469 35
3795 5260 36
4098 3981 37
5360 6245 38
5630 5211 39
5410 5210 40
6510 716 41
1412 967 42
4947 6520 43
5065 3047 44
3360 3745 45
6892 626 46
5800 5847 47
1186 207 48
6217 4294 49
5327 5113 50
6438 1453 51
1861 594 52
5687 3412 53
1797 2709 54
1188 5695 55
686 3294 56
482 4617 57
4103 3500 58
5668 6954 59
6784 3341 60
557 3080 61
5107 498 62
5355 37 63
2608 6633 64
5273 2205 65
6993 3266 66
6347 59 67
4519 392 68
1695 4979 69
6076 1628 70
5948 6590 71
60 6859 72
3300 6468 73
6763 948 74
3700 3176 75
2367 1967 76
3478 854 77
3047 6701 78
1041 3224 79
4145 1023 80
2488 4676 81
6063 4711 82
136 2242 83
3811 6103 84
3478 129 85
4859 3246 86
1133 2761 87
2734 4390 88
4608 370 89
2417 1444 90
2132 4949 91
5652 5835 92
1228 1893 93
3365 3364 94
5419 1751 95
5360 4416 96
2603 3087 97
5639 6392 98
5051 3784 99
3583 983 100
5834 2375 101
1876 3402 102
5116 5550 103
5628 1046 104
1336 16 105
4797 47 106
4420 5203 107
2917 5926 108
1025 4609 109
1835 3336 110
6353 1405 111
5164 3768 112
1990 3044 113
3667 4661 114
1662 1530 115
2883 6636 116
4207 6964 117
4899 1536 118
3292 486 119
5041 4862 120
3142 5922 121
1231 4438 122
6256 2728 123
1391 5089 124
4091 1071 125
279 3638 126
4632 3801 127
1846 5634 128
3753 4228 129
3895 1510 130
4229 2256 131
4592 6230 132
3958 876 133
382 5652 134
5065 3812 135
2380 5961 136
1005 4733 137
482 963 138
2168 4414 139
1978 3612 140
6702 6857 141
1685 3766 142
4470 3987 143
638 118 144
1679 6313 145
5675 3996 146
3878 6040 147
1188 5401 148
6920 1854 149
3445 5200 150
1190 5793 151
3352 4117 152
5539 1338 153
4076 1231 154
5446 5920 155
1191 5481 156
136 6019 157
3673 1094 158
6972 1964 159
1694 6442 160
2596 2237 161
6978 1259 162
1234 4633 163
1764 867 164
4207 1897 165
4485 6980 166
262 857 167
6287 2744 168
3292 3556 169
5847 1368 170
3894 6550 171
3217 5559 172
5163 407 173
2122 3548 174
4780 1955 175
6169 6308 176
176 781 177
2675 5275 178
3218 808 179
4164 4202 180
1537 6280 181
4417 2262 182
462 6977 183
2489 2156 184
4306 760 185
5230 4086 186
602 6026 187
313 6924 188
6977 2543 189
4998 5021 190
2983 4501 191
319 1450 192
534 301 193
1780 6316 194
2428 5959 195
2005 1322 196
6926 1414 197
5188 2838 198
2085 4145 199
4037 6504 200
5212 764 1
5611 5812 2
2306 1572 3
2039 5206 4
3872 1876 5
3458 5912 6
755 2293 7
415 4692 8
5523 523 9
262 5330 10
3944 1918 11
3664 3904 12
2535 3155 13
2237 3530 14
4434 5974 15
4677 4247 16
2603 6565 17
5314 4760 18
4526 1366 19
5667 5767 20
3645 5992 21
186 5069 22
5667 847 23
62 2507 24
6850 6512 25
2771 2628 26
3827 1644 27
2837 4444 28
2798 4499 29
703 3650 30
835 3540 31
5800 3592 32
4507 6051 33
5583 1051 34
1151 4518 35
3517 2481 36
5144 1426 37
1271 6627 38
3795 1761 39
6975 6800 40
1650 1763 41
76 2722 42
1680 3212 43
1632 5646 44
2874 4868 45
4456 6725 46
648 818 47
5344 1215 48
1826 1772 49
536 4778 50
4421 1952 51
3679 151 52
3075 5198 53
3982 1806 54
3443 5047 55
5319 2776 56
1067 141 57
2298 4159 58
4910 5889 59
2232 416 60
60 3915 61
4333 5124 62
5628 2986 63
3374 1183 64
2530 3921 65
5556 3620 66
3142 2882 67
783 1261 68
3260 2106 69
4372 3014 70
6851 2386 71
2256 1965 72
6322 326 73
3453 2627 74
3368 5487 75
1790 4466 76
5864 1498 77
3103 133 78
1457 4379 79
5995 1447 80
2679 1766 81
1683 21 82
6312 3097 83
5887 1970 84
2079 4173 85
6318 2387 86
2070 5732 87
4129 4477 88
6649 2731 89
1523 3166 90
5785 5818 91
3608 2065 92
4481 3631 93
134 427 94
6071 2822 95
4397 6832 96
5543 6666 97
2537 2978 98
3884 1296 99
6403 5972 100
6523 1724 101
502 1655 102
620 1311 103
4123 4334 104
52 1180 105
3250 2514 106
1145 6488 107
4386 2966 108
4586 5666 109
2739 3775 110
1662 6005 111
1137 725 112
195 1227 113
3725 1657 114
4007 4968 115
1420 2557 116
5829 6574 117
451 4044 118
536 3773 119
6245 6827 120
3380 1067 121
6997 6842 122
5238 4860 123
5588 592 124
3080 1841 125
4621 2952 126
223 3513 127
2136 1803 128
2994 5456 129
3347 5317 130
64 6435 131
5033 3742 132
214 809 133
5470 3599 134
2096 1473 135
6944 3304 136
2288 5181 137
5813 6144 138
1729 1712 139
2292 3688 140
2835 3867 141
5006 1945 142
33 6549 143
3750 2582 144
2392 1185 145
5981 4903 146
4052 6348 147
2132 6949 148
748 5230 149
312 2186 150
6950 403 151
4091 6682 152
3960 6567 153
6263 4324 154
2014 6514 155
52 242 156
6195 2183 157
5154 4664 158
3958 3547 159
2803 5062 160
1922 6196 161
3721 2801 162
4771 4957 163
4050 2431 164
6211 790 165
5537 6881 166
2517 4427 167
2986 1375 168
2572 1413 169
6784 5153 170
6498 1378 171
5272 22 172
5301 5977 173
3918 5727 174
1181 3951 175
1775 5872 176
2113 2889 177
3517 1116 178
1954 281 179
3895 3924 180
1811 4863 181
180 1031 182
6027 1107 183
5032 1216 184
349 6955 185
6052 2624 186
5703 708 187
871 3680 188
6088 5892 189
6928 6809 190
3746 55 191
1446 653 192
3170 6350 193
1303 2563 194
5066 2713 195
504 2331 196
627 2182 197
3414 4802 198
356 5851 199
731 2078 200
2903 4739 1
421 6833 2
4235 4741 3
4291 4459 4
319 3740 5
2614 6304 6
6052 619 7
5032 3244 8
3997 3078 9
3313 6322 10
5959 5527 11
6203 2938 12
563 4615 13
3350 6281 14
2171 756 15
4457 1941 16
6210 2518 17
6053 6253 18
2122 394 19
6135 451 20
5994 6797 21
3047 3191 22
3672 1410 23
989 3159 24
6229 6153 25
6622 4693 26
185 3786 27
4136 4138 28
2198 6134 29
1935 761 30
5279 1474 31
612 6194 32
5800 6171 33
4088 304 34
1135 3113 35
6517 229 36
3937 6765 37
3051 4734 38
4145 2340 39
3503 5041 40
6158 1407 41
3347 1452 42
115 5516 43
5661 1194 44
2287 4955 45
2314 1888 46
4645 4001 47
779 4568 48
3101 2843 49
1523 2385 50
2018 5110 51
5800 4605 52
4020 1846 53
4525 603 54
1087 5222 55
4846 6745 56
5185 4181 57
921 779 58
5106 2888 59
1375 1906 60
919 2281 61
1906 5058 62
226 2188 63
3313 3423 64
3224 189 65
731 6405 66
6292 2716 67
4898 1149 68
2033 6737 69
3799 3420 70
1157 4246 71
2079 277 72
3826 6428 73
6104 2389 74
4039 921 75
1312 786 76
6080 1750 77
6550 6707 78
5528 5778 79
177 922 80
2440 175 81
1996 44 82
3487 3568 83
3916 6286 84
6083 5761 85
5322 2748 86
4978 4729 87
5678 4452 88
7 3662 89
2066 3572 90
5975 4846 91
5166 2369 92
4229 6180 93
548 3003 94
5353 2070 95
5828 2335 96
3325 6746 97
2303 388 98
5291 5683 99
4551 3271 100
3728 4338 101
3102 1755 102
4020 3859 103
1403 5990 104
1243 4683 105
3446 665 106
3292 5015 107
921 307 108
6322 3467 109
2184 3993 110
6727 628 111
2043 2021 112
3891 2063 113
5518 6994 114
5774 4274 115
3863 5076 116
700 3692 117
3584 1437 118
1182 6220 119
5353 4201 120
6052 5887 121
6027 6782 122
2998 453 123
1917 5530 124
2875 2610 125
5957 4239 126
27 209 127
191 6595 128
2758 6487 129
1670 3598 130
5310 545 131
5772 5930 132
5666 1895 133
570 6216 134
1940 3481 135
542 3239 136
5432 3130 137
4997 1065 138
2288 1470 139
4561 3216 140
3180 6610 141
6996 859 142
3604 6794 143
1133 2692 144
4056 404 145
1984 569 146
5032 1037 147
4832 3878 148
2807 6003 149
1370 3758 150
186 845 151
5230 6477 152
5958 3927 153
5307 2082 154
2078 4797 155
5146 5891 156
6043 1699 157
5104 5471 158
2431 45 159
3408 279 160
4965 2900 161
6966 712 162
2533 1745 163
2833 6658 164
324 2140 165
3893 1647 166
319 6844 167
1023 4023 168
2761 2227 169
4457 4320 170
6291 3148 171
3631 1403 172
910 4603 173
3097 5636 174
6257 6030 175
4080 4927 176
4583 5954 177
2757 4551 178
2075 1059 179
177 6408 180
83 4977 181
1317 4953 182
3048 991 183
6912 1563 184
737 3538 185
1345 6681 186
3115 3566 187
4908 3117 188
5149 6530 189
195 759 190
5635 92 191
1056 259 192
5256 1349 193
6189 3886 194
3639 4650 195
3980 5980 196
295 1815 197
4546 3997 198
507 6588 199
3521 2672 200
2193 5796 1
5723 6778 2
4898 5576 3
461 5091 4
651 723 5
6249 2735 6
6024 3972 7
2826 1758 8
959 3462 9
83 6248 10
444 3034 11
5321 2592 12
6729 2840 13
1217 6851 14
5042 6352 15
1234 5439 16
6005 1150 17
6358 3323 18
167 3761 19
486 2975 20
838 6398 21
5686 5109 22
111 1829 23
5102 1286 24
1654 4064 25
2917 3380 26
3562 5964 27
5419 6256 28
2824 114 29
2472 2679 30
5728 5143 31
4866 6176 32
1821 6544 33
5077 1606 34
312 2719 35
6950 4124 36
4279 4235 37
6404 827 38
1685 1253 39
3751 5647 40
5259 1398 41
2766 2828 42
648 3084 43
2848 6267 44
2876 1764 45
1452 3521 46
6207 6939 47
4809 4500 48
1234 3940 49
2148 2602 50
645 3473 51
5751 4587 52
1975 3163 53
3002 1178 54
621 4303 55
358 2844 56
2025 3780 57
4458 2286 58
338 6420 59
4816 1560 60
4572 6852 61
564 6655 62
6764 126 63
6888 283 64
2227 1212 65
5546 2273 66
539 4272 67
3172 5710 68
1085 6001 69
3255 6170 70
6727 4776 71
4177 5862 72
6993 5519 73
4039 5826 74
4736 6779 75
5525 1749 76
1228 1600 77
2085 576 78
5142 1277 79
402 3515 80
1006 192 81
6513 6337 82
1137 1133 83
6364 5754 84
142 4126 85
6557 4684 86
4869 4344 87
5145 2789 88
4930 50 89
1476 2362 90
2334 318 91
5173 4992 92
1950 6555 93
5666 2086 94
831 1389 95
6060 3865 96
3568 4861 97
1927 1301 98
5840 1986 99
3895 2047 100
6562 4135 101
4943 3234 102
1696 6829 103
5831 1159 104
4017 6343 105
6164 4292 106
3598 3862 107
4251 6861 108
3246 574 109
6687 3920 110
4800 3815 111
5708 2517 112
1416 1612 113
5081 1054 114
1630 3240 115
6193 6970 116
5667 3518 117
6530 1673 118
6432 1995 119
3509 637 120
2402 1807 121
6245 6023 122
3605 2453 123
4185 2898 124
2628 3361 125
3790 313 126
1271 341 127
6509 2240 128
4698 5309 129
6104 2153 130
4723 2656 131
1469 1654 132
6082 3229 133
2319 1175 134
6722 1237 135
111 1994 136
5875 2376 137
2135 2294 138
1717 127 139
6677 5368 140
6942 5515 141
5667 2576 142
5388 1063 143
1994 5565 144
1239 1934 145
5440 5417 146
5296 5356 147
6843 4746 148
963 3750 149
4353 4749 150
5721 6519 151
1161 3217 152
404 3202 153
2060 5413 154
5321 3670 155
5386 1299 156
702 3659 157
3295 2290 158
4428 6698 159
756 1385 160
594 6020 161
2513 3454 162
3570 1080 163
5049 2118 164
1461 5628 165
3437 6271 166
631 2786 167
5543 5257 168
5971 620 169
717 1434 170
2263 132 171
6279 4678 172
5468 1282 173
287 5145 174
442 2620 175
6009 6749 176
334 424 177
4915 5371 178
557 4417 179
6195 5191 180
5022 3410 181
2770 4600 182
6496 2532 183
3900 3309 184
3392 625 185
439 3593 186
3888 1924 187
5924 4998 188
3738 4895 189
4163 5392 190
4047 6449 191
1886 852 192
4063 4506 193
4967 1173 194
5282 2711 195
1166 746 196
6509 3564 197
275 4854 198
124 4876 199
4947 2175 200
6202 4980 1
4810 560 2
3960 5608 3
1675 2550 4
2061 1 5
3658 4589 6
5816 5915 7
4522 5914 8
6536 4447 9
4020 3717 10
5393 1273 11
3058 5131 12
1523 2729 13
5709 3934 14
2108 5163 15
3907 3472 16
744 868 17
4670 2162 18
4930 410 19
4315 4152 20
4327 5418 21
3926 4480 22
3293 3682 23
5910 4382 24
6633 3497 25
6496 3464 26
4582 4681 27
6651 6225 28
2692 6600 29
3398 6897 30
4464 4448 31
2099 5022 32
4333 4929 33
5383 1076 34
5169 3121 35
3318 5306 36
5375 11 37
5943 1393 38
4810 3936 39
1898 3800 40
3264 2429 41
6110 4270 42
134 6222 43
4000 3028 44
1166 4 45
1722 396 46
3715 5545 47
3459 254 48
3366 2683 49
5032 675 50
4717 5407 51
1294 3702 52
4556 835 53
6798 4530 54
1186 2085 55
2160 3082 56
356 1968 57
791 5763 58
5729 3059 59
2818 2749 60
2040 4341 61
1120 3882 62
1764 3892 63
4282 2081 64
5170 5557 65
5187 4590 66
795 4219 67
4236 6472 68
4731 3933 69
5047 1345 70
5259 5640 71
6200 3574 72
6695 411 73
3630 2864 74
6153 3460 75
1962 6907 76
1509 5650 77
5618 1667 78
6829 6012 79
1186 3827 80
5249 4950 81
2198 4575 82
6479 2202 83
1884 1189 84
6549 6429 85
3025 6876 86
2096 1775 87
2914 1634 88
2233 917 89
5382 2662 90
2356 4947 91
6197 877 92
3293 3174 93
2269 6801 94
5793 4423 95
6358 2278 96
5573 5385 97
2639 2994 98
2774 1549 99
6615 6078 100
2422 1940 101
2583 2829 102
4020 5443 103
2558 2926 104
4723 210 105
5868 2138 106
6367 5828 107
412 1570 108
5752 6123 109
1626 4656 110
2120 6967 111
5740 5638 112
4873 2017 113
5644 6630 114
6792 5424 115
591 4645 116
4091 5216 117
1461 5725 118
784 1025 119
6534 6128 120
470 1917 121
6905 3257 122
3994 2160 123
4577 4702 124
2982 5800 125
5813 4540 126
1490 4647 127
287 3957 128
5505 4127 129
2466 3029 130
6391 6298 131
1294 434 132
3494 5412 133
3222 4099 134
5281 3539 135
5505 2241 136
4432 1471 137
906 1017 138
1230 4850 139
1673 5845 140
3426 2836 141
4660 3743 142
5308 2245 143
2350 1759 144
2835 1513 145
2734 3910 146
6358 3696 147
2786 1585 148
279 5116 149
5595 2492 150
168 4356 151
5164 1692 152
3980 1691 153
2061 1257 154
5077 4660 155
2047 158 156
982 3755 157
2069 596 158
4247 4582 159
3899 2752 160
6104 6764 161
4127 6077 162
1605 6467 163
6445 5346 164
4026 773 165
6053 1621 166
6525 887 167
1485 2629 168
5566 196 169
3517 4216 170
6619 6915 171
6596 5699 172
5890 554 173
3888 340 174
2978 5321 175
6355 5674 176
808 5641 177
4758 5353 178
6312 2384 179
3487 651 180
4953 1238 181
2428 3388 182
5455 4042 183
3649 4335 184
3282 4372 185
1886 832 186
6363 1552 187
402 4715 188
6651 2192 189
4780 6647 190
6728 1890 191
2917 200 192
477 2311 193
5296 5017 194
1153 4869 195
8 1126 196
51 2103 197
1688 1095 198
5969 6000 199
6064 6786 200
1777 1491 1
3912 696 2
4028 2745 3
312 5765 4
3542 1615 5
2291 891 6
4342 2268 7
6388 5820 8
1133 2961 9
4871 3962 10
5431 6991 11
794 360 12
2734 906 13
5740 6953 14
470 2395 15
1662 4629 16
6489 2448 17
4578 3817 18
534 6836 19
1939 2498 20
3310 825 21
4128 3066 22
2248 5593 23
1296 5028 24
6212 1272 25
6076 1139 26
4522 5071 27
1689 2633 28
2523 2638 29
1604 4311 30
3278 3338 31
189 2177 32
186 194 33
2108 3426 34
2073 2649 35
116 4557 36
3268 1816 37
68 2555 38
4927 1770 39
4362 785 40
5768 1939 41
125 2028 42
5772 2133 43
5935 6726 44
6034 974 45
163 4424 46
6536 4257 47
4746 1911 48
4243 4667 49
1598 6818 50
5291 3214 51
3536 1224 52
6291 2261 53
6459 6184 54
3740 586 55
2463 398 56
5769 1340 57
3790 3306 58
1371 4081 59
1606 4111 60
1231 960 61
595 3575 62
5664 1495 63
4009 5696 64
924 2027 65
820 4904 66
958 2780 67
4296 2035 68
1137 343 69
6761 5167 70
6734 4628 71
3152 3554 72
4048 6311 73
1734 4761 74
153 535 75
4929 3807 76
5976 1358 77
4507 1506 78
3289 2551 79
105 6441 80
6354 5597 81
3097 6705 82
5864 627 83
3529 3406 84
3108 3369 85
1578 4038 86
6675 5684 87
6195 5626 88
62 6211 89
2885 2467 90
345 202 91
5890 5886 92
3286 2528 93
2418 436 94
4148 1892 95
3758 5394 96
6445 3501 97
5647 4545 98
2719 5989 99
2816 3803 100
2827 4529 101
1093 235 102
4812 2366 103
2642 1674 104
1665 3550 105
1609 4553 106
4528 3641 107
2982 2483 108
6526 139 109
786 1441 110
4822 3242 111
5534 5064 112
5505 4578 113
5465 4147 114
4638 5742 115
5017 5179 116
3108 2765 117
1453 2250 118
487 4732 119
2015 5083 120
2439 2991 121
4802 155 122
2560 6909 123
404 4599 124
3561 106 125
1484 3104 126
3786 6367 127
6495 1362 128
4921 1460 129
4097 97 130
3797 2737 131
532 5833 132
5556 2529 133
3140 5768 134
3812 6657 135
5765 1545 136
163 6168 137
5603 6252 138
2871 2573 139
4785 253 140
1595 5246 141
1902 881 142
4342 2980 143
117 5 144
1821 2334 145
742 6186 146
4313 4194 147
5899 247 148
3987 1436 149
1984 3334 150
6372 2052 151
5276 2257 152
5851 2239 153
2171 5555 154
2657 5090 155
384 3399 156
1886 4842 157
4532 2641 158
4268 6815 159
3325 6059 160
6793 5544 161
5092 689 162
670 4665 163
5029 5942 164
924 1976 165
5862 3903 166
2119 437 167
5212 2902 168
4229 6290 169
199 271 170
2859 2740 171
1271 2959 172
1561 2145 173
4700 1784 174
5850 1163 175
4762 5624 176
6847 4856 177
3387 2933 178
2199 3269 179
5954 3256 180
1058 6935 181
2719 3335 182
5519 1845 183
1710 4891 184
3432 6315 185
649 5720 186
5327 6793 187
488 4507 188
4176 1500 189
3193 5563 190
343 156 191
3891 4371 192
340 2110 193
4746 2535 194
3372 5714 195
5107 246 196
6385 1334 197
3916 2841 198
2524 2302 199
4561 1813 200
2154 6938 1
116 1200 2
6420 6205 3
6238 3146 4
441 2407 5
4530 4450 6
2982 4154 7
5583 909 8
3315 3970 9
1029 4074 10
1462 5430 11
3292 1068 12
358 2542 13
3372 6674 14
4712 280 15
3930 5825 16
2529 4063 17
2750 2922 18
2958 2428 19
6022 1794 20
3848 2058 21
4657 5334 22
1252 3300 23
1161 3233 24
6873 2484 25
2877 4489 26
4811 2111 27
1146 5760 28
4781 5473 29
1000 5633 30
2761 6601 31
2655 4994 32
1531 3866 33
5785 3946 34
675 74 35
3568 1961 36
2349 6882 37
2726 6671 38
2936 1045 39
3573 5878 40
259 4946 41
6149 5427 42
5023 5540 43
1187 4383 44
5628 5218 45
3458 5933 46
5678 2233 47
2870 6700 48
1769 5830 49
3380 3305 50
2685 2768 51
763 5822 52
4839 3938 53
977 699 54
5443 347 55
2876 82 56
3977 3209 57
6122 3186 58
3254 3428 59
2739 2004 60
1275 871 61
3487 2625 62
5947 5890 63
7000 617 64
4344 6899 65
4309 506 66
2563 2777 67
1604 3911 68
330 4203 69
3639 1514 70
1669 6107 71
1466 4755 72
1531 3695 73
1328 6558 74
6988 6742 75
684 1659 76
4248 2337 77
5607 1092 78
2857 3141 79
312 4451 80
453 1614 81
3071 6469 82
6064 6824 83
4301 5602 84
6343 6747 85
490 2455 86
3598 2515 87
6035 3788 88
4013 6885 89
5114 2178 90
2903 3512 91
3012 4137 92
1195 2003 93
6572 1408 94
3052 4465 95
5607 6244 96
6343 3498 97
4227 5421 98
5780 5894 99
1046 6578 100
5919 4469 101
213 362 102
3800 979 103
4433 2329 104
6312 4982 105
2373 3267 106
4420 5982 107
2795 3802 108
3839 5916 109
3997 1364 110
1824 6085 111
287 4938 112
5195 894 113
461 4198 114
6408 3579 115
6775 5868 116
2786 1348 117
1853 2767 118
6263 4649 119
2611 38 120
3933 2875 121
2472 5214 122
387 2979 123
6749 944 124
4780 4907 125
3100 6008 126
5857 4342 127
4045 741 128
2103 4655 129
5238 2155 130
1996 3609 131
4921 136 132
6022 4007 133
5566 4049 134
1929 287 135
5207 5144 136
3824 2981 137
4214 5721 138
4050 6729 139
701 6826 140
2125 6199 141
6032 3533 142
6968 3643 143
467 3013 144
3822 5906 145
4207 6212 146
4694 1306 147
1694 802 148
1859 4485 149
3278 2259 150
2914 2287 151
1150 1820 152
3082 962 153
473 3898 154
5127 3557 155
6281 1300 156
6043 3749 157
696 198 158
5539 3968 159
4593 5168 160
3641 3583 161
594 6493 162
5948 2710 163
4650 765 164
2399 5078 165
1633 6416 166
336 6458 167
2577 780 168
1294 4395 169
2535 518 170
3113 1840 171
5891 1984 172
504 2607 173
4525 840 174
3037 4052 175
124 3332 176
86 6452 177
3264 2049 178
3622 3949 179
4997 5866 180
6435 2678 181
5415 541 182
6037 3324 183
2107 5318 184
2917 1613 185
2910 3586 186
4139 1626 187
2456 4751 188
5826 4487 189
6059 1208 190
1399 3037 191
1996 2734 192
5296 2929 193
3639 2526 194
6810 1319 195
3859 3469 196
4420 4674 197
5354 5706 198
4076 439 199
6571 3932 200
4533 2992 1
6694 4206 2
5018 3446 3
1132 6564 4
1413 6900 5
5814 6529 6
963 1762 7
5205 5899 8
5971 4864 9
788 4618 10
3178 2825 11
3518 4800 12
4700 1671 13
534 4226 14
2641 1879 15
2125 3036 16
3130 3617 17
4008 1140 18
640 2215 19
942 6365 20
364 2663 21
3706 2795 22
1514 5813 23
2616 6325 24
504 4227 25
907 2537 26
671 334 27
4367 2935 28
2439 890 29
620 6645 30
937 6684 31
2603 3259 32
5219 4172 33
6963 6327 34
2033 1946 35
3342 926 36
1205 3365 37
83 5055 38
564 3372 39
1116 1166 40
2278 2053 41
6057 829 42
2699 5722 43
3942 3861 44
2519 5507 45
3361 6344 46
4851 4765 47
5994 174 48
5840 2131 49
799 6713 50
1636 123 51
2488 4873 52
640 2265 53
5482 2539 54
331 4497 55
5834 874 56
2154 94 57
4690 992 58
3181 774 59
1870 1882 60
4795 5370 61
632 6112 62
60 866 63
603 4705 64
1962 3875 65
1384 532 66
6598 6282 67
6359 5239 68
1218 3447 69
3108 4389 70
1854 5477 71
6521 583 72
4881 4701 73
5850 5085 74
461 1008 75
207 5151 76
5195 4723 77
4789 5518 78
440 3427 79
6296 5855 80
1341 1925 81
2614 4392 82
2533 515 83
6385 3311 84
5513 4020 85
5166 3879 86
2498 1497 87
3511 2414 88
1884 2833 89
3648 6883 90
940 711 91
6180 4991 92
3007 4156 93
2452 839 94
5192 6911 95
1922 3298 96
3703 4298 97
982 1397 98
2083 1485 99
1345 6031 100
5076 4148 101
6843 2642 102
223 316 103
2994 811 104
3539 1507 105
6063 6067 106
784 2948 107
2349 899 108
3458 3249 109
4309 5797 110
4289 6242 111
5065 6104 112
5554 1753 113
6013 925 114
3453 2916 115
3837 6931 116
5241 3278 117
5969 977 118
4106 3478 119
2971 6058 120
3629 564 121
5554 2837 122
5538 6715 123
5433 238 124
3642 6041 125
2082 1502 126
4404 4047 127
1341 1884 128
595 1129 129
2207 5469 130
2422 5931 131
3649 2963 132
1278 475 133
6184 6237 134
6608 644 135
1073 2983 136
5265 2830 137
4241 2179 138
2787 6820 139
6521 834 140
4510 5287 141
3882 2351 142
5682 6086 143
377 529 144
5798 6009 145
3224 4961 146
6181 4892 147
6420 5724 148
6076 2450 149
3275 3400 150
5036 3928 151
5979 745 152
4973 6202 153
6764 2488 154
512 2057 155
2361 324 156
1328 2419 157
6242 120 158
6382 3241 159
5529 232 160
3020 1043 161
1510 1988 162
4237 753 163
2198 6532 164
4267 810 165
1335 3779 166
5693 3123 167
422 2465 168
2793 4252 169
2489 647 170
4805 5750 171
5686 4109 172
5166 4771 173
1756 4779 174
4617 4743 175
2728 1062 176
5367 2463 177
6573 6841 178
5661 6653 179
412 6013 180
3786 1856 181
2423 623 182
967 6182 183
3419 740 184
1490 3783 185
4700 4768 186
4535 5068 187
4336 1032 188
1278 376 189
4378 1417 190
2771 3376 191
3862 4233 192
4931 5235 193
197 1869 194
3997 5204 195
1118 3450 196
4864 4163 197
5798 846 198
186 6236 199
1456 3192 200
534 2122 1
4654 5798 2
3442 4092 3
3359 6287 4
4123 6958 5
4927 5644 6
2140 3794 7
5594 5645 8
1686 778 9
6942 3923 10
3868 4095 11
265 889 12
4017 1963 13
1067 5233 14
6060 1779 15
2342 4142 16
2791 4467 17
703 5455 18
6051 5009 19
1137 448 20
3310 1195 21
6562 6443 22
4384 887 23
5910 3811 24
3222 5483 25
944 5735 26
1525 20 27
5107 5558 28
6021 5852 29
5343 2159 30
2048 2312 31
4502 3207 32
5862 257 33
3253 6867 34
4627 6791 35
2798 5854 36
6014 2222 37
982 2005 38
6337 6908 39
4728 6981 40
1091 1838 41
6850 295 42
5046 6249 43
3649 3043 44
6057 4150 45
3835 4082 46
5096 19 47
1407 6050 48
3816 1329 49
3814 4836 50
1849 6188 51
6212 3075 52
3380 3112 53
2384 724 54
4561 3916 55
2752 3198 56
341 6071 57
3313 1258 58
2314 1826 59
5021 2357 60
1904 1041 61
5509 6426 62
3780 5323 63
2975 1591 64
2576 6195 65
3170 3652 66
3974 600 67
4696 4747 68
6220 409 69
6106 6124 70
102 2758 71
6185 5662 72
3728 1228 73
3994 5161 74
2403 1308 75
5612 3660 76
3690 4428 77
2326 5728 78
5997 6515 79
3347 3710 80
3272 426 81
4509 4945 82
5739 5908 83
5744 2500 84
2345 819 85
394 3657 86
6162 5103 87
6104 1583 88
4746 5097 89
2294 5404 90
2442 5580 91
3185 1597 92
6366 5823 93
3633 5970 94
5798 1544 95
2380 3627 96
3476 2163 97
910 1543 98
5753 6362 99
3716 757 100
2874 6884 101
1662 4026 102
3537 5372 103
18 2996 104
1865 1928 105
4878 4810 106
5645 3432 107
3764 6680 108
412 3453 109
98 2886 110
2941 2117 111
4677 491 112
1846 6158 113
2033 638 114
372 6235 115
186 4885 116
3884 6731 117
5726 490 118
4805 5465 119
4555 6878 120
3555 4503 121
4271 4662 122
6787 551 123
1976 3644 124
3495 1035 125
3115 3180 126
3293 4136 127
4039 4377 128
831 5965 129
3144 377 130
76 5053 131
2132 1392 132
6658 4460 133
6866 2523 134
1978 3004 135
1294 3665 136
804 5366 137
1455 5267 138
6990 618 139
928 1948 140
2671 6179 141
4975 4012 142
168 5360 143
4532 5548 144
4525 1978 145
4853 6039 146
6933 5463 147
99 5538 148
412 2020 149
4007 1130 150
6426 6767 151
4020 3863 152
4823 540 153
4605 1158 154
3888 2684 155
5188 6632 156
2519 4498 157
5343 814 158
2160 783 159
5163 3700 160
1179 6141 161
717 6562 162
5357 1077 163
4859 5715 164
2177 2105 165
2548 5219 166
961 6783 167
1611 1440 168
4050 2739 169
6386 884 170
4516 2855 171
84 4906 172
4201 4669 173
1550 4349 174
1860 5802 175
1474 3175 176
3010 3366 177
4831 747 178
6442 2272 179
295 1147 180
5606 6699 181
1461 2150 182
4458 5956 183
444 3189 184
1902 167 185
5085 2940 186
4418 663 187
756 4388 188
2143 563 189
6217 2320 190
6437 3834 191
5319 107 192
3292 23 193
6784 4966 194
1703 2001 195
5746 841 196
3300 2827 197
1350 1748 198
1177 1503 199
3302 5639 200
5989 3633 1
2917 2014 2
6217 3737 3
2153 4564 4
5596 1287 5
5868 555 6
2931 5414 7
1824 2921 8
4484 1487 9
6811 6819 10
6761 4327 11
1239 3418 12
2354 1777 13
6601 6621 14
5532 5607 15
1461 1782 16
675 5764 17
1846 6663 18
1612 870 19
8 5571 20
6408 4403 21
1690 5010 22
6666 2949 23
5389 633 24
5643 4784 25
940 6432 26
4132 1799 27
116 3799 28
4561 6382 29
5185 720 30
6353 1881 31
83 5485 32
6489 5060 33
3756 109 34
2861 4815 35
195 3344 36
5777 1404 37
4158 4852 38
3037 5149 39
6705 6383 40
4895 5609 41
3449 366 42
6619 5107 43
1861 1052 44
867 2197 45
1073 6628 46
6058 2818 47
1023 2862 48
2906 2701 49
2027 500 50
4997 1102 51
4975 520 52
4663 4867 53
3958 6372 54
5962 4415 55
958 2702 56
1854 4200 57
2538 667 58
2917 4279 59
2891 3984 60
736 1317 61
1265 5955 62
2987 2646 63
6045 5474 64
193 1537 65
6278 5253 66
145 6332 67
3791 1618 68
1502 593 69
1370 758 70
4532 4406 71
6459 910 72
6048 6571 73
2135 5237 74
6838 3729 75
3637 2821 76
5091 4332 77
1229 5115 78
5668 4010 79
5291 3435 80
87 1719 81
2351 6500 82
6814 3007 83
5628 482 84
2929 776 85
4342 4146 86
3285 6865 87
2085 1927 88
3665 3027 89
6353 5225 90
5296 2185 91
5615 1383 92
3222 4698 93
68 5668 94
563 270 95
6859 6617 96
149 614 97
6990 4637 98
6603 5122 99
2876 1669 100
1481 2588 101
561 2717 102
5355 3179 103
2525 4877 104
4919 5500 105
172 466 106
3804 2697 107
5531 6214 108
3153 1864 109
6265 5099 110
1254 3805 111
1041 1073 112
1983 5001 113
6084 4193 114
3359 1896 115
6100 1050 116
4054 2519 117
4309 3468 118
2597 1516 119
2629 632 120
5700 3753 121
566 3958 122
941 5183 123
5883 3054 124
20 88 125
4605 570 126
3992 5329 127
1278 2552 128
24 2866 129
6257 6695 130
6687 6526 131
3225 6961 132
1284 5250 133
5089 3577 134
3742 4268 135
958 4695 136
4778 4694 137
1144 1656 138
5450 953 139
6945 5247 140
4887 5199 141
6416 1931 142
6259 3976 143
2465 4437 144
3561 5901 145
5935 3789 146
2245 375 147
6158 2937 148
5212 4404 149
3097 2903 150
1068 2365 151
3929 3522 152
772 3065 153
2457 5340 154
5883 858 155
2243 6718 156
1847 964 157
2929 4730 158
13 3429 159
4675 2956 160
1485 3274 161
2893 2839 162
5310 6130 163
320 5512 164
4327 1262 165
5621 1638 166
4409 4419 167
5208 4995 168
6274 2947 169
6447 3792 170
3233 4107 171
4779 2794 172
780 3856 173
3751 2126 174
5814 3006 175
6255 4890 176
733 5024 177
6946 5865 178
4700 5631 179
4050 5594 180
2739 3889 181
2846 2603 182
4027 5560 183
6281 4291 184
3987 1209 185
1402 4030 186
646 4726 187
2752 4130 188
1315 3571 189
50 1847 190
2880 6266 191
2315 6032 192
5107 1680 193
550 3373 194
2229 5590 195
154 3439 196
6988 6056 197
3207 2221 198
1391 78 199
5682 1577 200
4686 5012 1
6629 2630 2
2314 1796 3
104 6790 4
6312 6048 5
2866 3607 6
2350 1635 7
3076 6890 8
4447 5762 9
4718 3230 10
6107 4829 11
5265 5511 12
4840 6976 13
4580 5737 14
290 5978 15
6829 4847 16
1442 309 17
2378 4443 18
6703 3167 19
5501 2699 20
6953 3484 21
1896 52 22
1329 2970 23
6810 276 24
631 2945 25
1460 6333 26
1664 2591 27
4552 4445 28
1570 2908 29
1461 5003 30
6138 1938 31
2958 1578 32
5862 131 33
809 5434 34
1660 1894 35
6838 4673 36
5045 6804 37
6401 4875 38
4525 5667 39
3840 1036 40
783 5084 41
6176 981 42
2243 6447 43
6485 3845 44
2851 2275 45
5091 4215 46
4710 5937 47
2986 1346 48
2454 2779 49
4345 4581 50
2971 5415 51
928 3008 52
6588 3169 53
1281 6673 54
5682 700 55
2799 1774 56
173 2033 57
6692 1936 58
813 794 59
405 6547 60
5700 4509 61
3692 2924 62
6063 5831 63
4054 1022 64
845 1723 65
3673 6781 66
2861 2941 67
4393 4533 68
6111 4355 69
3052 2586 70
5060 3019 71
4202 1336 72
3210 6918 73
5723 452 74
5937 2134 75
4868 1455 76
2208 4527 77
1672 1104 78
906 72 79
714 2760 80
5032 4522 81
5089 5510 82
3495 4556 83
1153 4091 84
4215 4330 85
6663 6255 86
78 5579 87
4150 2485 88
4517 5363 89
1996 1427 90
1352 330 91
5936 5437 92
534 932 93
6123 6864 94
4119 6110 95
5013 6233 96
4176 6670 97
3487 5006 98
2891 3503 99
6043 2863 100
56 5677 101
2533 5702 102
6814 1700 103
3668 622 104
3302 6292 105
217 3724 106
4303 6906 107
2814 4804 108
5279 290 109
4337 4573 110
853 510 111
2487 5428 112
6217 985 113
4687 3379 114
2040 5365 115
2242 2613 116
116 4541 117
123 4830 118
1504 1711 119
1461 3367 120
1797 6607 121
560 1303 122
1888 4641 123
604 6075 124
6347 6232 125
318 497 126
1622 826 127
3608 4481 128
231 2212 129
5036 947 130
3742 3947 131
356 2093 132
2304 4528 133
1832 6644 134
5908 6437 135
1456 2897 136
1950 3459 137
4437 6838 138
1683 2616 139
122 4474 140
4657 4468 141
849 2040 142
3496 5960 143
4481 5718 144
845 3197 145
4051 4823 146
5442 447 147
589 4004 148
5316 2088 149
5480 3890 150
6386 4554 151
924 1623 152
609 4244 153
6291 2218 154
485 2190 155
3942 1042 156
4163 5466 157
5803 3133 158
5263 3195 159
4546 3835 160
4991 929 161
6827 3985 162
6611 2303 163
6027 3977 164
3239 6116 165
3285 4572 166
1153 3686 167
2982 2430 168
5540 3787 169
6066 5753 170
4546 1324 171
4337 674 172
733 4187 173
1593 6513 174
1935 2512 175
6997 6605 176
2422 2403 177
3425 993 178
1166 2224 179
1491 5232 180
5003 471 181
4419 342 182
1502 6728 183
2909 588 184
3832 5952 185
1084 1351 186
6496 5011 187
5255 5409 188
3300 3076 189
5124 2100 190
3191 538 191
5285 2136 192
3217 3851 193
3816 2724 194
2761 6217 195
1296 1848 196
6049 6862 197
2946 4364 198
635 6922 199
1373 5337 200
5517 3085 1
3145 2558 2
5669 1740 3
633 5344 4
2505 1254 5
2486 5281 6
3511 5701 7
5345 6373 8
3302 2714 9
297 6157 10
4702 893 11
5313 6576 12
794 2310 13
2961 4871 14
4585 6406 15
4522 5811 16
380 1801 17
4728 1705 18
6509 2143 19
6044 6960 20
6655 2546 21
910 29 22
594 1339 23
5178 3099 24
5086 4608 25
1799 681 26
2340 1122 27
5995 3138 28
1866 2727 29
1813 951 30
3921 4483 31
1120 4933 32
2775 6010 33
1293 1275 34
1186 1538 35
1041 5264 36
4617 3100 37
3097 5596 38
2534 3793 39
4488 4065 40
6763 3046 41
2807 927 42
4706 2051 43
62 6307 44
1886 3299 45
48 2611 46
6022 6351 47
2654 4008 48
513 4738 49
328 462 50
1263 4318 51
6730 6164 52
1928 1323 53
6475 1951 54
76 3855 55
1120 612 56
4958 5591 57
6305 2569 58
4136 5186 59
1593 1252 60
5887 5534 61
3246 6763 62
6187 2396 63
5862 658 64
589 5201 65
3059 5747 66
3289 2874 67
6599 1395 68
568 6762 69
941 4455 70
3561 2522 71
4616 2810 72
5285 2995 73
1174 6748 74
5110 1217 75
3884 4288 76
2086 824 77
1188 6823 78
4202 3255 79
6433 1012 80
5990 1747 81
1289 803 82
5659 4737 83
1461 5313 84
6076 575 85
1176 2905 86
4519 1839 87
2846 5460 88
1440 5573 89
3359 5717 90
3292 5971 91
5391 322 92
769 1244 93
2334 604 94
2287 4931 95
1061 6802 96
5092 984 97
5960 2845 98
6423 4883 99
2103 1611 100
4229 5705 101
3090 4917 102
1935 2062 103
3789 6543 104
6195 6227 105
2929 6928 106
4994 3303 107
8 3018 108
2243 3310 109
1777 3806 110
2087 4766 111
1670 5236 112
5375 3917 113
4200 6028 114
1065 679 115
4657 5562 116
1056 2891 117
765 5863 118
2242 2254 119
5533 199 120
6729 4051 121
2006 6263 122
3157 6250 123
3657 5554 124
5128 6289 125
1011 1246 126
2766 5185 127
667 6485 128
4623 4190 129
2073 2370 130
5853 3009 131
789 3184 132
4744 1831 133
1663 6969 134
3037 6473 135
5563 2112 136
3486 4774 137
5159 3381 138
4190 4486 139
3018 4457 140
4574 4061 141
2334 5389 142
4352 5804 143
3683 1929 144
2572 1219 145
6101 2953 146
3958 165 147
4240 4547 148
4937 3270 149
6383 6888 150
6681 4759 151
1762 5658 152
2030 913 153
6374 6999 154
1229 544 155
2103 703 156
6064 2868 157
5655 5786 158
2963 4552 159
6558 5950 160
448 608 161
2232 2043 162
3975 6297 163
3112 5605 164
1570 4000 165
4185 1218 166
4491 6396 167
1235 1040 168
6633 121 169
1188 1295 170
1346 4195 171
1427 5936 172
180 6685 173
4192 17 174
6356 3394 175
1303 6626 176
6646 2167 177
2847 1599 178
6460 2073 179
4949 5637 180
1910 3697 181
1886 1877 182
6025 676 183
5323 1802 184
2616 749 185
982 1859 186
97 5617 187
3266 112 188
363 6415 189
2258 4973 190
1515 2164 191
944 5345 192
682 5127 193
1387 3712 194
2342 767 195
214 6625 196
3060 3914 197
4488 641 198
234 6497 199
6081 1969 200
3754 6771 1
3974 58 2
1425 1313 3
6577 5304 4
319 6788 5
1059 1113 6
1883 3664 7
3916 2564 8
717 173 9
6942 2930 10
3355 6506 11
3383 4430 12
1963 5095 13
1195 4718 14
5495 2176 15
1576 4089 16
1120 261 17
6673 6825 18
2917 96 19
4492 4996 20
1996 6850 21
5910 2631 22
6025 2814 23
1312 1443 24
847 1595 25
5446 590 26
1514 2356 27
5931 4166 28
4378 1307 29
3832 6247 30
6816 3144 31
6401 5976 32
4535 875 33
3273 6169 34
3756 1675 35
5830 4222 36
3756 237 37
2166 4703 38
3109 3860 39
5241 4811 40
2761 3725 41
3022 6185 42
4718 4113 43
1342 68 44
205 2220 45
1442 2632 46
6764 6808 47
5979 5049 48
136 2019 49
2242 470 50
190 2277 51
199 2128 52
3834 291 53
2487 3605 54
3227 3281 55
1313 1579 56
4032 1377 57
3725 5042 58
2065 3622 59
629 4899 60
6949 138 61
6964 4911 62
2752 2398 63
73 6739 64
4128 3405 65
5976 2189 66
2555 1343 67
604 5263 68
6274 383 69
3608 2119 70
1341 4767 71
6300 4881 72
1416 6813 73
713 4169 74
4504 2773 75
1575 3746 76
5089 3544 77
1173 145 78
6550 70 79
6730 5314 80
717 4934 81
5419 4806 82
5293 4952 83
6753 6177 84
1347 5844 85
546 3151 86
5428 5655 87
173 3445 88
815 4510 89
6846 6692 90
4054 1950 91
1188 2435 92
2741 346 93
4653 4519 94
3295 1021 95
2611 5316 96
4637 4699 97
5052 5984 98
1218 3030 99
5305 3413 100
4344 6257 101
3865 815 102
922 4812 103
499 1959 104
3180 4680 105
1642 1196 106
4836 5447 107
1695 5821 108
3289 4271 109
4893 6910 110
437 5160 111
3072 3733 112
5303 2764 113
714 6436 114
6875 5207 115
327 4824 116
4783 3458 117
2318 886 118
2747 1439 119
5877 1935 120
6584 3872 121
2354 85 122
6657 3193 123
3120 1703 124
3629 3594 125
6705 616 126
354 5614 127
5296 5402 128
6191 1255 129
6572 30 130
6758 3235 131
2021 2191 132
4056 6724 133
3078 1069 134
1058 6037 135
1402 2129 136
5746 4453 137
4380 6004 138
612 557 139
5639 2172 140
667 6806 141
4616 6173 142
6880 201 143
5602 519 144
2982 5205 145
4878 4951 146
840 4458 147
1239 1321 148
6442 3499 149
1514 5406 150
260 6546 151
3966 3494 152
6385 1394 153
2245 5928 154
6236 5411 155
1526 3415 156
3703 6045 157
2489 5435 158
190 6320 159
4242 1114 160
3719 6672 161
4561 504 162
934 3017 163
6023 3424 164
3189 2652 165
6463 2568 166
1573 5846 167
4164 878 168
523 2879 169
6902 5341 170
3692 4814 171
2861 1278 172
1056 2251 173
546 3396 174
2905 3485 175
6687 897 176
166 1090 177
2994 737 178
5049 1602 179
2995 4179 180
1615 458 181
3350 4009 182
4464 5255 183
4507 4896 184
64 4586 185
6905 1688 186
74 13 187
5534 1588 188
2857 3708 189
4782 4446 190
2559 1919 191
96 1374 192
6588 589 193
78 907 194
1458 2976 195
330 4782 196
208 2520 197
206 1048 198
952 3510 199
6334 289 200
4076 1915 1
1453 3105 2
3376 1136 3
897 3632 4
99 6978 5
2758 3291 6
2353 1318 7
5995 4401 8
2611 5351 9
4654 3222 10
2205 6810 11
4519 1887 12
2063 3455 13
2287 2993 14
5535 472 15
2442 33 16
4433 3669 17
3734 4422 18
4161 715 19
415 6126 20
3918 5794 21
6281 4926 22
1935 6738 23
4675 702 24
5205 5454 25
2126 6744 26
3738 6535 27
1120 5521 28
2103 3016 29
6800 3079 30
6110 6160 31
1092 2388 32
858 4426 33
3848 6111 34
30 5440 35
23 3760 36
1023 4594 37
2307 5452 38
4999 5196 39
5375 250 40
6376 2925 41
3894 6338 42
575 4373 43
3224 3280 44
6267 26 45
6013 176 46
1449 1271 47
1457 1226 48
3947 1974 49
1887 6516 50
207 4121 51
4899 4571 52
5513 4525 53
44 5730 54
6556 4798 55
4435 1225 56
1634 2846 57
375 1862 58
5241 4696 59
6025 4574 60
6489 3590 61
2972 3714 62
4815 4962 63
613 4266 64
5296 4207 65
5900 4302 66
1094 5713 67
3812 2791 68
4314 2076 69
5627 2246 70
6596 5245 71
4324 4212 72
3997 4289 73
2646 119 74
4345 873 75
3937 2298 76
3693 5274 77
631 1005 78
3468 5177 79
2609 6743 80
2848 5229 81
1486 14 82
5609 6854 83
3835 3314 84
3884 1229 85
4612 4707 86
2384 2115 87
70 5333 88
587 5991 89
1461 3374 90
5230 787 91
6002 3091 92
5824 3567 93
2107 5324 94
5019 6927 95
4209 6945 96
5443 5506 97
2840 4851 98
2644 4418 99
6779 1822 100
910 4484 101
1702 3152 102
1854 422 103
911 5849 104
1182 5082 105
4379 1661 106
5212 4997 107
4987 2831 108
1921 5007 109
153 666 110
629 163 111
5128 2913 112
1190 4801 113
2809 2011 114
6007 4492 115
6798 1662 116
2947 6559 117
4886 2464 118
4525 6541 119
2761 159 120
2764 1425 121
2063 549 122
6079 642 123
119 4845 124
4837 5290 125
3827 4232 126
6230 3570 127
4930 115 128
1067 1171 129
934 3728 130
4208 1390 131
5210 3978 132
1030 193 133
4976 2458 134
3017 4250 135
149 3268 136
2315 4758 137
2744 1555 138
1595 924 139
96 1401 140
3962 6238 141
6099 4079 142
3227 234 143
6619 3073 144
1176 1982 145
6753 1205 146
3564 1819 147
6549 2353 148
6256 3576 149
6098 5963 150
6218 755 151
4755 896 152
5473 2860 153
6286 1177 154
1041 661 155
130 1569 156
3608 2753 157
3479 5088 158
3781 1743 159
6366 2029 160
3174 1989 161
1738 6912 162
6723 2988 163
6509 5065 164
1073 3884 165
585 5679 166
2230 1880 167
2009 3183 168
4378 902 169
2103 1886 170
4499 5187 171
2704 6108 172
892 6623 173
5790 27 174
5285 4071 175
4177 1541 176
5667 1660 177
1265 1546 178
4502 2530 179
4705 5651 180
4009 4936 181
3639 1640 182
1158 1742 183
3865 6603 184
5296 1900 185
1635 6891 186
1705 972 187
486 5731 188
174 5788 189
3457 5108 190
3936 6204 191
3150 6941 192
1133 2958 193
6227 294 194
5606 3210 195
73 3106 196
5798 3347 197
3752 782 198
3944 1905 199
2476 3237 200
36 4036 1
2525 3767 2
5577 487 3
3426 4795 4
6186 5531 5
4045 1855 6
5163 1230 7
2308 2775 8
3832 5441 9
5286 526 10
6975 1057 11
1133 1551 12
179 3297 13
1201 1834 14
78 4188 15
5102 5156 16
6286 218 17
3889 3211 18
998 5660 19
2660 686 20
1840 1981 21
3904 3989 22
3224 3869 23
5402 1668 24
2391 6923 25
654 5175 26
4899 3378 27
3272 6982 28
322 4524 29
5724 5052 30
5553 5657 31
5056 1292 32
5724 1960 33
330 2490 34
5231 3782 35
582 4165 36
4189 4141 37
2515 3671 38
4090 2284 39
492 474 40
589 1520 41
340 6946 42
4914 2676 43
4697 2984 44
153 5551 45
4214 5876 46
3268 4570 47
1356 4627 48
6732 4777 49
6125 336 50
5112 1433 51
2324 1954 52
3888 2482 53
377 3843 54
1474 1467 55
2861 1947 56
4654 2391 57
2510 2194 58
2785 4970 59
2692 5612 60
5743 5656 61
4033 1465 62
1595 6113 63
4261 5726 64
1394 553 65
3958 4273 66
5772 3931 67
3230 1117 68
2150 3684 69
6343 4151 70
3765 3785 71
6375 1327 72
2975 93 73
1596 6527 74
3832 3226 75
6164 220 76
4418 5707 77
4194 6360 78
5877 4407 79
1225 4613 80
2628 5014 81
51 3022 82
4147 4022 83
990 4825 84
1103 1181 85
4020 1821 86
1103 4639 87
4506 580 88
5815 2193 89
4874 6183 90
4561 3994 91
5676 369 92
6111 3168 93
1503 6143 94
6312 1001 95
519 5836 96
1441 3345 97
1632 464 98
1501 4978 99
1929 4494 100
911 4985 101
6801 100 102
5279 707 103
2385 5403 104
836 5935 105
5067 6821 106
6498 7000 107
6155 1298 108
2871 6753 109
1101 668 110
4433 1172 111
4261 2230 112
3227 4035 113
3032 1489 114
3273 1030 115
453 2527 116
6219 373 117
928 2741 118
5200 3587 119
332 817 120
3753 3828 121
1821 1294 122
1262 2989 123
1342 714 124
2841 5057 125
574 4781 126
5212 187 127
707 751 128
1570 5824 129
6122 3798 130
4847 872 131
6572 3610 132
3913 6523 133
5686 2296 134
5192 5400 135
163 1367 136
5548 1958 137
2717 1013 138
6038 2918 139
3518 3486 140
1407 3973 141
4561 1312 142
999 3015 143
3100 2346 144
6154 5958 145
4697 2323 146
5362 3636 147
725 1664 148
4617 3816 149
513 186 150
640 262 151
1623 1501 152
3319 5449 153
3202 2032 154
3630 4550 155
563 4254 156
3642 3170 157
6280 5039 158
2997 5342 159
6605 5807 160
830 1733 161
3115 337 162
3516 6537 163
3289 6686 164
4996 1019 165
4546 51 166
3866 3520 167
2800 3383 168
3889 585 169
6647 2075 170
4544 6489 171
2986 1191 172
4147 2010 173
5740 1746 174
4948 1082 175
5542 4826 176
1850 959 177
416 2506 178
3372 6598 179
5086 4387 180
843 5173 181
594 2462 182
1406 2985 183
1672 2036 184
2559 6476 185
875 2372 186
2856 2635 187
3772 6834 188
5878 4993 189
456 933 190
402 768 191
3709 6615 192
6210 3370 193
5307 5869 194
6957 1256 195
5606 796 196
2797 5623 197
2154 6840 198
3195 903 199
6942 3227 200
