4100 4100 200
2765 4069 1
3272 1633 2
3263 833 3
3650 3999 4
21 294 5
2699 964 6
2635 803 7
468 1665 8
2079 95 9
1855 1145 10
2175 3193 11
2099 819 12
3151 2059 13
2624 2393 14
3750 3438 15
2057 3282 16
3577 3792 17
1909 1159 18
2483 1127 19
3821 3825 20
111 3422 21
1083 2841 22
3709 2299 23
1579 1378 24
2256 2636 25
1498 1479 26
3773 2417 27
1145 1693 28
3415 1937 29
333 121 30
1086 415 31
2416 619 32
1730 578 33
3354 462 34
2487 1899 35
1722 4001 36
459 963 37
271 3248 38
1947 3605 39
243 3832 40
652 3763 41
2753 881 42
1069 3440 43
3070 2492 44
1373 1621 45
1054 1018 46
2270 2373 47
1053 1574 48
3877 1248 49
2212 2286 50
2974 701 51
3773 603 52
3310 3955 53
1691 3118 54
3860 3953 55
782 3510 56
1105 267 57
2906 3566 58
3682 2715 59
1525 1358 60
95 2164 61
2160 153 62
2270 360 63
2460 1233 64
1532 1031 65
3965 3168 66
2168 1598 67
1569 3174 68
3409 72 69
212 545 70
3111 3105 71
3061 1481 72
3904 3005 73
3293 1399 74
2623 1922 75
3084 2870 76
1736 3096 77
3014 2315 78
1409 2704 79
1215 1842 80
2484 3318 81
2205 2482 82
3561 2713 83
260 1670 84
4040 303 85
2502 3868 86
56 3728 87
1056 1973 88
2831 259 89
3059 2771 90
3524 3021 91
2143 3024 92
768 119 93
1647 2698 94
3346 1896 95
3482 2319 96
3138 2742 97
2913 1109 98
4037 3143 99
3505 875 100
702 1339 101
853 1059 102
3581 4036 103
256 3769 104
3554 3675 105
2329 649 106
2633 139 107
284 3259 108
2097 1820 109
3403 1149 110
2887 2605 111
2867 1515 112
2460 886 113
3571 278 114
2115 2123 115
3664 1443 116
3215 2632 117
2368 3414 118
1197 1160 119
3896 997 120
2482 2588 121
666 3371 122
2163 2881 123
480 1134 124
947 3576 125
3082 1521 126
3548 2967 127
1878 3755 128
4051 204 129
1125 164 130
3170 1505 131
3732 11 132
1218 3053 133
3616 2210 134
1653 347 135
2358 2654 136
841 3618 137
2834 3347 138
2861 1370 139
2418 1888 140
2236 744 141
2272 413 142
1942 871 143
1985 2508 144
1730 2807 145
44 262 146
3128 3524 147
2950 693 148
3703 2823 149
3668 2181 150
2850 3557 151
3726 1141 152
1215 3495 153
1553 1944 154
2243 3837 155
1011 1408 156
1953 3499 157
3353 2665 158
3178 3899 159
1054 2087 160
2169 3449 161
3584 3936 162
81 82 163
1117 1115 164
3897 1849 165
3189 818 166
3636 412 167
107 396 168
1433 3372 169
1299 3477 170
3676 1016 171
2909 760 172
241 566 173
563 2681 174
906 316 175
3667 2751 176
3567 522 177
2691 3722 178
1452 378 179
3732 3540 180
2558 1431 181
427 3918 182
831 459 183
3068 3125 184
2686 3266 185
1870 2622 186
251 1150 187
3437 103 188
3175 2326 189
1061 2969 190
2753 385 191
3512 2383 192
2594 3562 193
81 1340 194
1076 748 195
1127 1732 196
633 3042 197
195 60 198
497 1195 199
2108 826 200
2576 1926 1
2131 2568 2
1160 1010 3
1447 1676 4
930 1349 5
526 3821 6
2104 3129 7
3386 710 8
1484 3515 9
772 304 10
2941 3797 11
2007 4045 12
1386 2367 13
1507 3786 14
170 2560 15
3069 1996 16
877 1953 17
3212 1484 18
601 4072 19
24 3230 20
748 1612 21
2014 1533 22
57 1529 23
950 2885 24
1035 2239 25
481 3235 26
2550 193 27
2832 520 28
2913 2915 29
2528 574 30
466 733 31
617 662 32
677 687 33
4003 2579 34
3481 3160 35
2566 2749 36
401 198 37
3824 3865 38
1011 1318 39
1264 3380 40
46 2182 41
161 2289 42
3916 1917 43
3555 2555 44
3045 2091 45
1342 449 46
2087 2231 47
3916 2072 48
1655 2883 49
3206 3315 50
3130 2516 51
3634 3843 52
2693 2556 53
1718 3127 54
2940 386 55
170 2213 56
4077 728 57
900 807 58
2721 791 59
645 4004 60
1737 3712 61
3275 3309 62
1113 2450 63
1638 4017 64
950 3556 65
663 1330 66
978 502 67
3788 2047 68
3633 3154 69
73 3206 70
1455 1245 71
2504 2952 72
59 2451 73
880 600 74
2590 2043 75
2437 2420 76
2995 741 77
3021 57 78
1662 2246 79
782 1824 80
3981 3333 81
2152 797 82
1197 2063 83
1570 2379 84
1389 3766 85
3561 188 86
3095 2774 87
495 3418 88
1911 3846 89
2400 1748 90
225 3522 91
2004 3808 92
3584 3377 93
3937 2798 94
1577 1613 95
3293 3074 96
56 1450 97
2661 1183 98
1207 2419 99
3900 1316 100
2734 2948 101
3401 426 102
968 2936 103
4066 2358 104
2820 4083 105
1851 1686 106
2047 2382 107
3157 1858 108
2311 4032 109
1601 2896 110
3561 2538 111
1864 2489 112
3519 2338 113
488 3457 114
4028 1622 115
3502 2708 116
3508 3823 117
3045 1503 118
3027 2155 119
2957 3044 120
3839 1920 121
136 1946 122
1246 1616 123
1264 1530 124
56 2873 125
1641 3471 126
2327 428 127
2086 4051 128
2380 923 129
1512 3520 130
3257 2011 131
3799 3316 132
2103 989 133
628 2736 134
3873 3804 135
1956 296 136
2315 302 137
1468 3867 138
2731 1808 139
3758 2487 140
3651 3203 141
3927 1237 142
1901 1886 143
3876 1492 144
856 3487 145
1460 325 146
273 4018 147
3287 2220 148
2699 3986 149
2453 1952 150
375 1684 151
2776 3455 152
3664 480 153
3291 1068 154
342 870 155
1356 3676 156
2738 3737 157
1308 1554 158
3869 2847 159
6 3860 160
2300 1699 161
3188 1333 162
3892 1171 163
2056 3460 164
3913 3345 165
864 2586 166
121 1222 167
2551 2318 168
3386 3360 169
1878 2839 170
4007 2034 171
2192 94 172
324 3881 173
1523 3299 174
1936 3196 175
491 3383 176
5 1759 177
56 3246 178
3590 2216 179
3616 772 180
3990 240 181
3487 2527 182
3022 2423 183
28 3785 184
3742 4065 185
2957 739 186
2700 3917 187
3402 1012 188
2584 2163 189
1991 3729 190
138 3580 191
171 3994 192
118 2355 193
846 2396 194
2689 3645 195
3892 167 196
1705 1797 197
2895 1812 198
1985 672 199
1396 860 200
3641 2653 1
3696 3078 2
84 2272 3
163 1410 4
2731 1604 5
3584 1661 6
3313 1094 7
1723 1904 8
3307 2411 9
1441 1294 10
1222 2677 11
3415 2645 12
81 421 13
1268 1625 14
3951 322 15
2749 417 16
1974 2229 17
2646 3914 18
704 3391 19
3850 2683 20
2726 2208 21
3633 3912 22
3726 3962 23
1730 3473 24
2670 1055 25
3773 3454 26
88 3929 27
2266 2032 28
2584 717 29
769 2165 30
4079 419 31
1447 3756 32
2696 3334 33
1594 2054 34
1750 1091 35
2886 3806 36
886 954 37
1743 1022 38
3649 3812 39
273 2360 40
3194 1430 41
3954 1737 42
1569 1120 43
1633 301 44
1018 2914 45
2197 1152 46
1101 393 47
1768 1960 48
1554 2093 49
1956 1607 50
1279 3651 51
316 1305 52
2691 3166 53
2731 67 54
3770 3950 55
2496 2712 56
2780 3884 57
4066 3537 58
1011 2524 59
2136 776 60
2296 2613 61
3031 896 62
377 2989 63
3159 546 64
3725 3320 65
347 1390 66
2379 439 67
523 3578 68
2812 3190 69
1808 464 70
2275 404 71
2809 3579 72
3180 2761 73
2404 767 74
491 1275 75
760 3640 76
2056 851 77
3352 1452 78
2314 2840 79
1409 3232 80
1868 3946 81
2285 3802 82
502 1274 83
1556 2436 84
593 2209 85
1131 28 86
2291 1766 87
3688 2673 88
619 1338 89
2728 941 90
249 1395 91
3585 4096 92
3379 1254 93
2507 2115 94
273 3335 95
957 3781 96
806 3368 97
3770 3611 98
356 4041 99
1620 2262 100
3095 2389 101
1801 560 102
2708 1079 103
614 3423 104
3614 1072 105
3209 3942 106
523 1295 107
3492 1746 108
3929 3367 109
3889 1752 110
2990 2313 111
201 2469 112
3522 592 113
1220 2082 114
881 5 115
2078 3733 116
1056 250 117
2266 642 118
2204 3243 119
3435 1148 120
1822 670 121
3671 1383 122
3558 1064 123
1280 3156 124
1408 3139 125
1424 1143 126
2618 1033 127
3555 2166 128
2605 1304 129
1945 973 130
3295 168 131
2282 2688 132
3575 1455 133
740 414 134
2682 86 135
50 991 136
3307 2755 137
3050 1641 138
2748 1353 139
1447 2480 140
737 1258 141
4080 2038 142
659 2459 143
3973 1331 144
1620 2441 145
3173 96 146
1274 1487 147
719 1911 148
2763 3509 149
3270 200 150
1748 2633 151
415 3926 152
2021 163 153
3221 3461 154
107 1927 155
2471 2603 156
978 2460 157
3088 3003 158
930 2691 159
1202 3389 160
3896 887 161
3368 1374 162
1767 2455 163
937 3386 164
61 3022 165
3440 664 166
886 1369 167
3002 2657 168
3859 2986 169
1632 51 170
1271 1241 171
1111 2346 172
1048 557 173
3847 4012 174
476 3271 175
1955 390 176
3757 1439 177
2034 509 178
256 1975 179
1046 2609 180
3888 3643 181
130 782 182
1406 2620 183
3786 2428 184
718 2136 185
688 1664 186
726 2252 187
2093 2866 188
1217 681 189
864 2953 190
4079 2875 191
2024 4044 192
869 2258 193
3611 2350 194
3614 764 195
3900 1498 196
3508 1640 197
1160 3776 198
3852 2186 199
1814 3164 200
1312 1402 1
3125 34 2
3436 918 3
2307 2970 4
2766 737 5
1829 3033 6
314 590 7
401 178 8
1309 1029 9
1310 2307 10
3556 2759 11
1822 1465 12
2731 481 13
1660 1965 14
285 2779 15
257 85 16
2375 2718 17
190 898 18
4021 2031 19
2603 308 20
452 916 21
124 1228 22
2277 1624 23
2021 3536 24
1576 3302 25
2201 324 26
1076 3260 27
3986 1133 28
3736 3192 29
407 2025 30
3790 2268 31
813 245 32
1585 2008 33
1638 4058 34
1911 4021 35
1950 639 36
1418 2903 37
384 762 38
3105 2678 39
3994 2120 40
1326 2906 41
2272 1620 42
2058 2316 43
651 1908 44
114 1932 45
3645 47 46
1483 2667 47
2965 3269 48
742 988 49
2399 3249 50
460 3197 51
795 3528 52
3867 2894 53
2109 1405 54
1208 2500 55
2073 2727 56
524 2982 57
2594 939 58
1255 3056 59
3093 1125 60
2272 2563 61
3349 1444 62
3850 1303 63
2156 1229 64
1266 234 65
317 3211 66
1412 3782 67
704 2061 68
3954 3864 69
1406 391 70
1406 1252 71
1856 2928 72
2040 2709 73
601 2230 74
1703 3705 75
1577 2498 76
3454 2809 77
4064 1882 78
2104 2124 79
3511 2554 80
83 2245 81
1498 3004 82
2234 3465 83
81 348 84
569 3833 85
3937 2707 86
2945 3598 87
59 3395 88
768 411 89
2401 1180 90
2829 594 91
458 2269 92
3027 1553 93
3762 2675 94
1950 3541 95
1230 1775 96
2345 1261 97
1662 3159 98
2869 3902 99
3685 1913 100
854 3546 101
2480 2077 102
2077 657 103
3567 253 104
3081 1779 105
838 1201 106
3490 944 107
1750 482 108
3141 540 109
2766 3281 110
4071 3965 111
3920 358 112
2911 3205 113
2384 3060 114
2721 652 115
758 3558 116
434 326 117
900 1101 118
3648 901 119
1666 1658 120
3614 2076 121
2763 897 122
161 3548 123
2735 207 124
1899 2385 125
2045 985 126
3897 3313 127
4095 4087 128
185 2083 129
618 794 130
82 398 131
2869 333 132
171 2334 133
2990 429 134
1480 3204 135
609 1772 136
2843 1299 137
3616 3212 138
2875 2543 139
3235 1993 140
3120 830 141
174 2565 142
3803 3691 143
1571 3459 144
3907 1288 145
2698 3314 146
1232 2832 147
2507 3809 148
2621 3587 149
3503 3907 150
1326 2496 151
1279 329 152
391 1359 153
435 922 154
2253 2189 155
207 2364 156
3575 2447 157
2140 1161 158
945 2674 159
390 3047 160
371 2664 161
3669 365 162
2371 1809 163
2589 2478 164
2326 3977 165
3537 59 166
3172 3991 167
3700 1377 168
812 2015 169
2677 1834 170
2913 1281 171
2727 4094 172
3464 1794 173
3027 758 174
1018 1787 175
3789 3039 176
1576 3382 177
1360 406 178
3392 606 179
563 2349 180
511 2975 181
3685 1363 182
1580 349 183
1396 1097 184
1859 1420 185
136 3130 186
3165 1356 187
1774 1959 188
2328 1566 189
405 1045 190
2699 2998 191
3099 2413 192
101 955 193
365 2006 194
3922 1923 195
50 795 196
3295 1651 197
1139 2288 198
3512 403 199
695 3031 200
88 1750 1
915 1928 2
2693 380 3
2218 2226 4
244 3262 5
4085 206 6
2734 2925 7
1590 196 8
2198 808 9
3114 2791 10
648 3228 11
3233 3138 12
3089 3041 13
3128 1619 14
978 2201 15
1747 2225 16
730 1284 17
1536 1104 18
1833 3245 19
2058 27 20
2644 2060 21
2044 2161 22
1635 3768 23
3310 2012 24
194 588 25
2609 1483 26
992 2582 27
2228 2180 28
3958 311 29
2666 56 30
3402 1536 31
2384 2087 32
3980 2890 33
3092 2694 34
331 730 35
3257 2501 36
4071 2142 37
1083 3083 38
2735 3945 39
1191 876 40
2285 1893 41
798 2991 42
1559 1190 43
4057 33 44
2136 3981 45
51 2421 46
2524 983 47
3501 2390 48
2483 3498 49
3255 1761 50
3406 1071 51
2650 2868 52
1653 3913 53
3034 550 54
2021 3575 55
2478 861 56
434 3427 57
776 2386 58
1062 3886 59
2444 2468 60
1117 3813 61
1197 2169 62
635 2747 63
3657 3199 64
2495 1708 65
1160 616 66
4096 1957 67
1608 724 68
1458 126 69
236 3267 70
2649 2214 71
3183 4100 72
1750 1694 73
708 318 74
876 3208 75
2749 779 76
20 1067 77
1583 3292 78
2010 3940 79
2429 2381 80
688 551 81
82 1510 82
666 1460 83
1197 2958 84
1345 2039 85
3147 1591 86
493 562 87
772 1860 88
3913 829 89
3470 1007 90
992 76 91
975 3679 92
3293 255 93
1525 541 94
2449 3145 95
1947 2064 96
2741 2154 97
3194 3147 98
4000 1040 99
2540 2464 100
2776 486 101
1433 129 102
1536 552 103
2089 504 104
4017 3735 105
704 3394 106
3541 729 107
27 621 108
1668 3200 109
758 1020 110
2753 2345 111
144 2273 112
877 4052 113
1564 1800 114
2589 811 115
991 638 116
1386 3671 117
145 1051 118
2104 3250 119
2737 3595 120
651 2267 121
706 2255 122
2497 2007 123
1189 2882 124
571 2506 125
896 501 126
3258 30 127
1900 1783 128
1250 1416 129
1386 957 130
2358 3435 131
1779 1496 132
1388 1652 133
3407 483 134
2565 384 135
2614 2746 136
2499 2218 137
4058 1723 138
832 1419 139
3918 1482 140
809 3788 141
3759 1634 142
3082 2945 143
2454 1397 144
3805 2547 145
3885 3165 146
1362 1745 147
4040 1690 148
3334 3589 149
143 695 150
3816 1572 151
174 3062 152
1065 2183 153
2023 696 154
3772 1264 155
3388 708 156
2263 610 157
2215 1643 158
2721 2265 159
178 3873 160
1945 2716 161
2178 689 162
3507 1988 163
2812 1321 164
3218 1939 165
838 2977 166
3973 3992 167
2021 1309 168
2591 3111 169
90 685 170
735 2730 171
1796 1760 172
3841 3504 173
375 2502 174
551 1596 175
3180 3336 176
3591 584 177
3127 3702 178
3479 3387 179
1856 2862 180
472 142 181
2465 3098 182
862 735 183
4052 3888 184
2345 3757 185
464 2888 186
2926 4005 187
333 2534 188
2407 2943 189
281 3441 190
3669 3685 191
1586 825 192
2598 1712 193
2079 3110 194
2203 405 195
2373 2676 196
1014 969 197
3215 2758 198
490 1669 199
3763 815 200
3295 3307 1
2109 442 2
1497 1437 3
2327 3436 4
787 3553 5
3842 3310 6
2408 1417 7
1662 2686 8
2253 2855 9
2743 2816 10
2899 1964 11
2038 3491 12
3863 2056 13
2060 1720 14
1604 3294 15
3703 2640 16
801 2127 17
1975 2750 18
2471 1004 19
2857 1298 20
373 471 21
1741 1504 22
2357 3472 23
2731 3891 24
2109 3122 25
2371 3568 26
877 678 27
4059 935 28
922 3289 29
4020 4040 30
3900 479 31
3352 2212 32
2602 2656 33
3507 2219 34
700 2733 35
1891 841 36
2354 3469 37
24 1879 38
3225 2663 39
3352 804 40
3524 2240 41
3991 654 42
2666 3407 43
2365 2551 44
2909 1731 45
2086 2533 46
50 470 47
1473 2726 48
2460 1638 49
210 1552 50
1694 1864 51
1689 210 52
2306 70 53
3852 350 54
2314 97 55
3516 2384 56
2919 3236 57
1988 2343 58
1923 2570 59
3937 1857 60
1625 3144 61
2884 595 62
2450 1391 63
2801 3718 64
3091 2133 65
1362 3463 66
1185 2217 67
2682 3857 68
1125 1971 69
3053 719 70
1895 1796 71
2937 987 72
3388 1974 73
3726 2204 74
905 2537 75
2682 147 76
1750 1466 77
937 3458 78
2672 3960 79
1134 2 80
2961 3453 81
3715 2144 82
404 272 83
2470 648 84
3188 2013 85
2990 630 86
560 2910 87
2909 1597 88
2142 1360 89
1975 1042 90
2891 3851 91
2744 951 92
2086 3739 93
3021 3939 94
3454 1348 95
2534 3614 96
3843 1489 97
2973 1393 98
902 4039 99
105 3384 100
2362 1337 101
1510 257 102
2146 3644 103
1246 2387 104
3585 2171 105
1792 1546 106
3535 279 107
929 3847 108
1922 219 109
4095 453 110
2013 490 111
1309 2277 112
1950 3415 113
711 755 114
256 2260 115
594 183 116
3814 3443 117
1310 993 118
2150 1111 119
2391 2706 120
3571 2912 121
979 2317 122
2830 1931 123
2394 1499 124
1699 3635 125
3138 1556 126
3194 2196 127
1497 792 128
1525 2149 129
3563 3703 130
3468 2198 131
2341 3317 132
81 3900 133
2277 2992 134
3616 3485 135
3306 485 136
3849 1691 137
831 1903 138
351 2803 139
1010 2919 140
1488 71 141
2972 2700 142
1054 827 143
2401 902 144
3800 288 145
1197 3773 146
3238 1019 147
17 1950 148
2150 399 149
223 3070 150
2913 1206 151
1468 1581 152
2156 261 153
3618 1589 154
2911 872 155
1052 1963 156
17 373 157
3549 1822 158
2119 579 159
1048 3173 160
2674 2861 161
1442 3629 162
3421 3341 163
3486 622 164
467 4095 165
1320 1615 166
2721 3339 167
2362 1856 168
2572 2407 169
2858 765 170
140 855 171
1008 3480 172
3816 1418 173
1767 2720 174
2846 1385 175
256 3924 176
2699 9 177
3205 1236 178
3863 2192 179
2720 2530 180
2693 965 181
2978 363 182
1400 1873 183
2857 3577 184
666 1902 185
2187 2444 186
1908 1478 187
1442 187 188
3258 1539 189
459 201 190
610 1623 191
2187 4022 192
391 613 193
155 1685 194
756 3911 195
1828 2760 196
2467 928 197
742 3725 198
3171 2237 199
1946 3015 200
2351 3135 1
1891 1653 2
2996 2010 3
2925 585 4
2048 517 5
743 2929 6
3833 1562 7
3019 2463 8
3815 2466 9
3669 1103 10
6 66 11
671 2545 12
1292 3486 13
3561 3413 14
1359 2792 15
2819 1121 16
1507 141 17
2412 3830 18
2707 3740 19
1136 3688 20
3462 3790 21
3699 1706 22
1111 2794 23
2023 3381 24
3709 3569 25
3255 2844 26
391 2461 27
3254 1242 28
4074 100 29
36 3123 30
396 1727 31
3565 1744 32
1132 1352 33
2471 3584 34
4066 2788 35
310 1096 36
998 2092 37
2996 900 38
2621 1555 39
1121 468 40
2440 599 41
1297 2836 42
481 434 43
3390 172 44
2919 628 45
3178 1966 46
1731 1351 47
1681 2813 48
3388 84 49
2396 312 50
307 3793 51
3015 1225 52
3620 1034 53
1042 3406 54
649 2168 55
4089 2752 56
434 3880 57
3750 2505 58
2295 2801 59
2082 3826 60
3809 1545 61
3388 3398 62
1514 3547 63
4074 1718 64
2768 2086 65
3724 3388 66
3433 3505 67
350 605 68
3876 1700 69
202 443 70
1151 1563 71
2972 1106 72
1176 2243 73
1947 927 74
3737 1976 75
177 2177 76
3613 2810 77
1163 1885 78
1040 1921 79
605 248 80
3792 1918 81
88 3603 82
4083 1074 83
480 2395 84
3859 2095 85
13 3920 86
1571 143 87
3698 291 88
3485 1382 89
3771 1933 90
1479 191 91
1267 2854 92
2842 3678 93
666 2576 94
2355 567 95
4039 3934 96
113 1282 97
1163 3858 98
680 1070 99
2323 3526 100
899 2084 101
1744 1979 102
3555 1704 103
3234 2539 104
1898 1475 105
1485 516 106
2427 3080 107
2688 3069 108
1977 784 109
2371 1571 110
2840 1189 111
1659 1936 112
316 2983 113
1809 2178 114
1106 910 115
1399 832 116
3561 3663 117
1324 1941 118
58 1139 119
3300 299 120
383 26 121
3722 3653 122
3839 2348 123
378 1217 124
4019 138 125
3956 68 126
1645 2598 127
2588 3073 128
90 3242 129
2269 1493 130
2460 216 131
732 3209 132
3659 722 133
1923 306 134
2696 1958 135
3642 79 136
1301 12 137
3435 2434 138
1877 4003 139
1078 570 140
1889 2150 141
3773 2103 142
220 822 143
675 2458 144
381 2003 145
1594 3329 146
1214 1509 147
3100 388 148
2149 2170 149
654 3378 150
1747 2931 151
2944 4014 152
3497 2521 153
3366 179 154
1864 2016 155
677 2540 156
2036 3943 157
2699 838 158
3994 3746 159
42 1729 160
2674 3642 161
3238 2162 162
3882 3124 163
3340 1853 164
1310 189 165
2023 2802 166
2949 3478 167
937 3544 168
666 3696 169
2863 2215 170
1075 3551 171
2942 408 172
3603 2227 173
1977 1696 174
593 1557 175
3529 2884 176
1500 1702 177
1492 165 178
2448 1041 179
3053 507 180
1065 3727 181
2250 3633 182
930 3921 183
3518 813 184
1662 3128 185
434 1698 186
2657 2949 187
66 40 188
2434 1788 189
2993 2321 190
3224 487 191
3976 942 192
3421 3742 193
3756 661 194
3190 381 195
3524 2018 196
3030 3066 197
1728 1630 198
3479 14 199
3477 2631 200
1903 2790 1
3992 4013 2
3616 618 3
3882 424 4
1745 2567 5
1191 146 6
706 1364 7
3672 2725 8
2355 1432 9
31 646 10
2131 3796 11
506 608 12
34 1838 13
2433 1742 14
1129 1350 15
2744 436 16
3344 691 17
4008 3186 18
2987 2638 19
3419 3180 20
3677 3582 21
2358 3591 22
3849 3944 23
2861 1128 24
3700 1407 25
3627 1657 26
2463 176 27
1824 1319 28
2210 3638 29
1951 1317 30
1843 3290 31
2023 688 32
3885 3093 33
2909 960 34
931 882 35
2884 289 36
2495 647 37
1425 3655 38
978 3597 39
381 1388 40
90 3941 41
2532 511 42
228 3029 43
861 3220 44
2833 1015 45
1860 3694 46
2869 3217 47
3190 2211 48
2409 1285 49
2355 1679 50
3303 3082 51
2245 572 52
1173 3102 53
3501 2869 54
1217 1987 55
2887 161 56
1808 2590 57
1630 1995 58
682 2974 59
1901 1038 60
488 3311 61
1786 1878 62
3612 2456 63
739 1525 64
3118 430 65
1865 2642 66
1903 859 67
1741 3736 68
2977 1168 69
1039 290 70
469 909 71
1438 1786 72
2242 3263 73
569 1357 74
4018 3904 75
3786 3340 76
1135 2445 77
2540 4 78
1103 87 79
294 3602 80
1485 919 81
88 615 82
548 387 83
1592 1689 84
2945 3226 85
3488 1567 86
3222 2494 87
1491 2573 88
212 4035 89
384 1362 90
1655 15 91
2890 1564 92
320 2298 93
88 3839 94
3762 2838 95
1137 3588 96
681 1253 97
2826 1678 98
3663 3641 99
3750 2933 100
3146 2111 101
3494 3058 102
998 2988 103
3163 669 104
3265 1312 105
2795 3623 106
723 455 107
652 3117 108
1162 3191 109
4076 847 110
3135 4090 111
2203 2284 112
3298 1272 113
3055 3795 114
342 1568 115
1649 2824 116
3976 3748 117
2683 2549 118
2249 338 119
2344 284 120
481 3439 121
2136 1660 122
4074 1246 123
2670 995 124
165 1575 125
210 1199 126
3198 1187 127
517 1291 128
1081 2078 129
3825 3592 130
469 2001 131
422 3238 132
2450 4077 133
3 2754 134
775 2102 135
2873 2145 136
1452 1984 137
3253 2939 138
1946 869 139
1805 2200 140
498 2370 141
2878 3800 142
2593 375 143
2950 684 144
764 3778 145
3926 3534 146
185 2285 147
1135 1528 148
3641 2962 149
3449 364 150
2532 224 151
1357 194 152
59 1138 153
421 4015 154
331 1433 155
312 2134 156
1496 3023 157
2951 300 158
604 332 159
3466 114 160
1160 3852 161
773 151 162
3313 3444 163
1408 3716 164
1697 1590 165
1777 1142 166
1054 228 167
1516 3612 168
3266 3794 169
1783 3609 170
2199 3501 171
864 315 172
1987 2416 173
3934 3090 174
4088 1223 175
3395 236 176
1879 444 177
2371 702 178
3283 149 179
287 1035 180
3371 2362 181
890 4028 182
1136 1768 183
1124 714 184
2064 2649 185
2987 1441 186
3731 854 187
525 2173 188
107 458 189
2857 1404 190
2709 3646 191
1510 1573 192
2860 1366 193
3418 2404 194
2840 2808 195
2166 549 196
2082 2323 197
195 2119 198
1273 2595 199
3659 631 200
768 340 1
817 2963 2
2818 3411 3
3661 2510 4
2169 4048 5
2311 1179 6
1573 3564 7
2400 3390 8
675 597 9
990 629 10
472 2697 11
1617 3708 12
1164 3831 13
2576 1464 14
1510 1227 15
551 3157 16
249 1636 17
2406 1270 18
2030 407 19
2490 1355 20
3120 2108 21
124 287 22
4052 2335 23
3419 786 24
3094 921 25
3842 2185 26
3700 3750 27
2986 202 28
2327 1260 29
2228 3126 30
1479 607 31
2421 2627 32
50 823 33
1086 781 34
423 2257 35
3688 2702 36
609 195 37
2169 2819 38
161 2453 39
2576 761 40
1298 1335 41
2244 2864 42
731 2670 43
1521 2695 44
3388 2904 45
2344 1387 46
3753 92 47
348 2797 48
3891 3905 49
1333 1426 50
3916 1176 51
2010 2467 52
2659 2587 53
108 1470 54
1930 321 55
4035 1005 56
725 974 57
3347 3049 58
1331 423 59
2356 1983 60
2917 1027 61
733 3475 62
2530 558 63
760 2520 64
1746 2167 65
599 3990 66
950 3067 67
2295 2601 68
1065 2442 69
498 3995 70
2082 3682 71
3433 2490 72
423 2826 73
2018 3698 74
2181 2994 75
3786 1942 76
2445 1631 77
107 1534 78
2073 2927 79
2445 460 80
644 3312 81
586 802 82
2197 907 83
1100 180 84
3967 624 85
3859 1083 86
1727 3749 87
2610 1082 88
2064 1656 89
3 2236 90
365 1290 91
1359 2484 92
3922 2414 93
587 2606 94
3733 1600 95
3139 122 96
4070 1198 97
1989 457 98
3492 3674 99
4035 1323 100
3839 2398 101
4084 2886 102
1355 1424 103
3731 1617 104
3789 1827 105
2768 1968 106
1630 1576 107
2974 2851 108
3705 793 109
3744 3113 110
3010 3816 111
2169 732 112
2215 169 113
3961 2485 114
568 4016 115
3207 1840 116
2745 3523 117
1547 2405 118
2295 422 119
1443 1502 120
2655 2116 121
2023 3258 122
744 1311 123
3139 1730 124
852 2535 125
3885 2701 126
1593 1914 127
4077 2612 128
3514 2741 129
2331 2402 130
484 3780 131
1425 2739 132
2198 1802 133
2270 2099 134
1308 3613 135
358 128 136
3082 2079 137
1309 3321 138
1275 3114 139
3685 2304 140
506 461 141
4077 3296 142
107 1747 143
1101 2052 144
3922 170 145
730 3666 146
2128 1205 147
472 235 148
599 2486 149
1780 3890 150
3222 2051 151
2649 2865 152
817 1396 153
2686 582 154
3891 2584 155
909 2647 156
771 527 157
3614 1156 158
50 2109 159
930 4085 160
207 936 161
2945 1791 162
1742 3765 163
1285 3560 164
2843 3915 165
2125 2473 166
652 2263 167
3419 2722 168
881 2611 169
3935 3594 170
3691 1559 171
3914 1667 172
124 1593 173
4081 4042 174
3745 967 175
243 4070 176
4096 2572 177
3258 3512 178
1218 137 179
247 2518 180
1136 2366 181
2049 2571 182
2073 3667 183
2633 1544 184
3413 1881 185
2195 3068 186
3611 1084 187
1882 1472 188
1866 3892 189
1137 1847 190
3825 2333 191
3397 1494 192
3179 3970 193
2532 1897 194
3746 2352 195
2304 258 196
888 6 197
88 3859 198
1779 3599 199
628 2310 200
219 52 1
4067 938 2
281 1833 3
929 1692 4
2471 229 5
1340 1785 6
3084 1471 7
2244 3365 8
169 2542 9
2998 1434 10
466 676 11
2009 1389 12
333 931 13
335 48 14
1095 3359 15
1430 1859 16
3265 18 17
3175 2471 18
2913 2339 19
538 3223 20
840 1057 21
2471 3272 22
2449 3770 23
82 930 24
3750 2472 25
2197 451 26
1639 3363 27
847 1077 28
960 3346 29
3388 3132 30
1923 409 31
1769 3274 32
2913 515 33
315 2815 34
3712 1776 35
2983 1341 36
1262 3532 37
1592 2139 38
727 3483 39
3134 2635 40
719 3050 41
2763 3593 42
2462 2828 43
44 518 44
1283 3322 45
1318 2341 46
2003 3077 47
2520 3697 48
1936 1743 49
1185 1213 50
4017 402 51
3840 3701 52
3553 2955 53
3512 4080 54
1521 1890 55
3227 1342 56
2616 1403 57
154 469 58
950 1409 59
341 2785 60
3433 2775 61
2476 1710 62
786 895 63
3992 3889 64
3773 342 65
365 3369 66
3901 3496 67
2611 2172 68
2718 2203 69
3286 3898 70
2371 2202 71
774 3828 72
3869 3474 73
2906 2089 74
1403 431 75
3622 3767 76
2449 438 77
2655 3506 78
3031 3466 79
168 2157 80
1641 3244 81
3418 634 82
3184 1538 83
1366 1200 84
1215 3008 85
992 2559 86
2770 3650 87
3494 78 88
28 310 89
2979 2951 90
1592 1841 91
3679 980 92
2078 130 93
2891 1449 94
2589 3452 95
205 3879 96
369 3998 97
3856 1916 98
3610 892 99
949 2817 100
3519 2703 101
379 3189 102
2298 535 103
798 1877 104
3657 221 105
3479 3521 106
173 1105 107
746 1951 108
1275 2972 109
1977 1663 110
4070 2787 111
2450 1675 112
1284 2597 113
2459 1771 114
1691 2710 115
2502 3429 116
775 3862 117
1352 706 118
1192 3456 119
1201 3393 120
2588 711 121
2087 2857 122
3633 36 123
707 1231 124
4082 2159 125
3796 274 126
2528 705 127
1525 1925 128
3616 2918 129
783 418 130
2293 2065 131
709 3987 132
709 1707 133
1635 2594 134
586 1000 135
3795 2954 136
3848 437 137
1074 3841 138
4053 1608 139
4012 1647 140
1099 1558 141
682 3084 142
1741 3518 143
491 19 144
3025 2283 145
2572 2195 146
4015 2294 147
3992 159 148
1409 848 149
2016 123 150
3058 3038 151
3518 2328 152
2766 29 153
1039 269 154
1160 3256 155
114 2940 156
877 2332 157
708 2615 158
1273 513 159
2499 1560 160
3283 275 161
2009 990 162
3796 2238 163
2502 2944 164
13 2311 165
2648 3604 166
3293 2512 167
253 3984 168
3993 3215 169
1890 2256 170
4047 1329 171
1412 3761 172
1301 2118 173
2079 3233 174
3548 1813 175
2417 1943 176
2913 1400 177
2843 2070 178
1692 976 179
636 452 180
1975 1949 181
4051 2526 182
1891 1642 183
2358 465 184
3459 1754 185
3585 937 186
1579 35 187
2972 718 188
2260 4059 189
2700 723 190
3120 571 191
3900 1401 192
3618 674 193
1197 2957 194
722 1709 195
4070 878 196
2425 679 197
347 2833 198
3661 157 199
3842 1806 200
1565 1740 1
2957 2616 2
2169 3561 3
1791 3179 4
2588 912 5
3968 2550 6
858 215 7
3940 1701 8
1632 720 9
2417 140 10
2091 984 11
2169 491 12
1294 3231 13
3556 3002 14
2722 3502 15
3325 158 16
4041 512 17
983 2600 18
1066 3559 19
8 1872 20
3485 979 21
458 1406 22
768 800 23
2556 1682 24
3756 3974 25
1154 675 26
730 3967 27
184 3621 28
1881 3661 29
1498 1065 30
732 3554 31
1877 1929 32
3462 2599 33
3553 212 34
3987 394 35
3119 1146 36
2812 3184 37
2261 885 38
3047 435 39
2720 1247 40
1407 1216 41
4086 846 42
3921 2278 43
695 3181 44
2124 2357 45
3702 3617 46
1400 37 47
1775 2639 48
1977 1659 49
514 25 50
1213 626 51
279 2096 52
1635 1919 53
950 2504 54
375 2671 55
937 2917 56
1626 3183 57
1604 1601 58
3215 3628 59
2073 845 60
3387 2322 61
2589 2135 62
2691 377 63
249 367 64
2326 1023 65
190 1739 66
869 3088 67
2379 573 68
2109 1001 69
1141 1009 70
4023 1819 71
1071 3376 72
1160 3001 73
3004 1795 74
3505 3037 75
2377 874 76
1830 981 77
2320 658 78
317 3046 79
3541 849 80
2483 3295 81
1322 1551 82
2549 3975 83
1510 2827 84
1913 982 85
3180 3493 86
666 2131 87
3585 4047 88
2933 1826 89
30 2519 90
63 699 91
110 809 92
2819 4071 93
945 3972 94
3214 1967 95
2027 2235 96
2121 93 97
687 537 98
2030 2641 99
1337 3791 100
1251 1935 101
2376 853 102
3880 3759 103
523 920 104
3393 3819 105
791 1300 106
583 3188 107
3501 1215 108
2775 144 109
3394 319 110
2602 1852 111
3266 2511 112
708 589 113
1348 1114 114
1311 4061 115
3494 1543 116
1513 1219 117
2934 120 118
2595 1749 119
1314 2956 120
3138 3325 121
3097 530 122
710 2544 123
3267 2148 124
3387 778 125
423 3020 126
479 145 127
813 2793 128
2169 2101 129
960 1220 130
2662 3948 131
3593 2574 132
3667 3396 133
1746 2009 134
978 1080 135
2446 2658 136
2795 339 137
2109 1425 138
2868 155 139
3250 1332 140
3614 3752 141
3436 3297 142
2819 2529 143
3328 2831 144
3485 940 145
150 2705 146
1124 359 147
698 2898 148
1744 2330 149
3859 2902 150
3184 2932 151
2819 3401 152
3672 4043 153
3134 2361 154
981 2291 155
1386 3799 156
3585 2282 157
3555 313 158
1326 17 159
1145 242 160
870 3760 161
1113 2821 162
1943 241 163
1726 3982 164
4083 1695 165
1859 4076 166
3379 3207 167
859 3140 168
1486 2022 169
3650 3657 170
2996 3952 171
189 3508 172
3665 3034 173
221 3445 174
2721 2666 175
30 3007 176
3642 1192 177
4058 4006 178
141 427 179
2417 2023 180
1656 254 181
3233 3016 182
2438 961 183
1010 41 184
1281 2566 185
3599 858 186
2945 1172 187
1996 246 188
3941 285 189
561 2325 190
3031 1915 191
2852 1308 192
2143 3141 193
4084 519 194
2401 4079 195
1359 295 196
3563 1603 197
732 3479 198
2265 1480 199
942 233 200
2666 1457 1
92 4075 2
1308 3601 3
887 3374 4
124 1343 5
3401 3693 6
1927 2249 7
2700 2852 8
3972 1454 9
1152 1043 10
2700 3973 11
1213 868 12
3965 2680 13
809 879 14
3810 3709 15
4058 1283 16
422 1705 17
1704 2028 18
3174 410 19
2385 1030 20
1033 3856 21
428 1801 22
731 3695 23
2819 2979 24
1 2728 25
2442 307 26
2588 3539 27
2952 3116 28
3649 908 29
1433 1056 30
2543 3237 31
2471 58 32
758 1512 33
1283 2837 34
3357 2158 35
3783 1224 36
2725 1092 37
1841 1017 38
1186 3850 39
2540 749 40
3295 1277 41
22 1673 42
2970 1239 43
3891 2859 44
2702 3202 45
3997 2443 46
1113 1583 47
3876 1467 48
2438 1269 49
2986 1757 50
2791 3869 51
2884 3328 52
2150 2374 53
1121 4056 54
235 2153 55
732 1989 56
3081 3065 57
2140 3357 58
3859 3375 59
1308 1296 60
3436 1713 61
3212 3131 62
3095 2920 63
3892 2300 64
1871 1301 65
3670 4027 66
2423 843 67
718 1816 68
2990 83 69
1326 601 70
1163 330 71
6 3467 72
2086 225 73
3311 1458 74
724 2908 75
3001 74 76
484 2066 77
633 4046 78
1608 2430 79
3824 3331 80
3433 3519 81
1405 4025 82
1453 3811 83
3293 223 84
1011 998 85
1262 4084 86
2272 1851 87
1662 256 88
1311 3985 89
1632 1741 90
143 2320 91
2572 3091 92
1249 2892 93
59 1116 94
606 3583 95
1966 1605 96
3903 2353 97
1909 1259 98
3399 1112 99
2931 3901 100
2675 3076 101
3921 1392 102
3213 3909 103
479 806 104
1156 2772 105
3269 1234 106
143 2696 107
872 1208 108
294 543 109
1780 3530 110
1678 857 111
3138 117 112
618 1655 113
340 752 114
457 1870 115
189 1130 116
2936 3097 117
3965 334 118
740 309 119
1903 3632 120
3783 162 121
2440 3930 122
2610 1058 123
1197 2199 124
515 3863 125
2891 1862 126
2342 3400 127
3322 1147 128
3198 39 129
3673 1782 130
3111 2971 131
3977 2069 132
1780 3878 133
2464 89 134
5 2690 135
711 2055 136
2528 587 137
1743 4063 138
2326 3925 139
4064 489 140
210 2583 141
1797 971 142
3292 3803 143
2708 3996 144
577 1196 145
2829 3353 146
2404 2074 147
3048 3229 148
2961 2625 149
380 1910 150
98 915 151
1424 4064 152
673 3416 153
2835 3153 154
3652 3690 155
810 3000 156
2444 1561 157
608 3017 158
743 2241 159
3847 3158 160
817 3027 161
43 2796 162
3847 556 163
718 2662 164
677 913 165
3143 3572 166
2916 1315 167
571 1490 168
4029 2369 169
775 3146 170
809 1240 171
1949 1447 172
2073 775 173
1835 1674 174
2937 2359 175
3015 98 176
3700 13 177
2199 3352 178
171 1751 179
247 1137 180
3419 2744 181
662 346 182
3421 2937 183
2902 577 184
2680 1844 185
1698 1961 186
1513 1762 187
190 134 188
1169 1025 189
1217 2223 190
1443 949 191
3995 2497 192
1954 899 193
2955 3639 194
1132 2911 195
3933 416 196
515 3255 197
2915 1868 198
2918 3013 199
3326 1423 200
512 2617 1
1741 2738 2
471 2966 3
3319 575 4
43 3198 5
3598 1874 6
495 3590 7
81 3303 8
189 3252 9
731 3634 10
1632 2783 11
921 4093 12
1813 2628 13
2199 945 14
1585 4031 15
2811 2113 16
1548 1324 17
1414 3278 18
742 1828 19
2752 2100 20
1218 251 21
1362 104 22
2906 107 23
184 2049 24
3468 1081 25
3350 351 26
4086 531 27
2614 10 28
3052 891 29
3041 1940 30
3398 2799 31
1066 3052 32
2623 2259 33
2401 190 34
3375 401 35
801 2624 36
3816 2863 37
2675 3072 38
4096 1446 39
3303 2630 40
1956 1453 41
1989 3586 42
4003 2176 43
1762 1981 44
4043 1511 45
116 2188 46
202 75 47
1659 1415 48
3409 2452 49
2275 249 50
1967 2221 51
2816 3684 52
3006 1836 53
2760 3288 54
768 4037 55
551 3109 56
1654 3089 57
102 2488 58
3925 1093 59
421 569 60
1216 3133 61
1073 3213 62
1742 715 63
3954 1846 64
1114 3420 65
3068 2973 66
2902 3957 67
1266 3717 68
3724 1592 69
688 3951 70
3236 362 71
3954 1895 72
1921 2513 73
3388 197 74
2072 356 75
1197 379 76
2382 1672 77
768 1666 78
3478 1078 79
1243 799 80
2666 1210 81
853 4088 82
3392 3061 83
3164 2418 84
2170 1821 85
4095 3840 86
273 1203 87
2199 3010 88
2814 866 89
1407 1302 90
1889 113 91
2449 3253 92
1379 1194 93
3379 3261 94
2422 239 95
3122 796 96
3968 4062 97
97 2623 98
2473 510 99
1480 680 100
2132 837 101
78 3104 102
3128 1243 103
3479 742 104
164 3012 105
1954 2375 106
700 2764 107
3205 1725 108
261 1629 109
3737 3607 110
333 3608 111
3921 1184 112
3410 2762 113
2464 1565 114
41 1823 115
2169 3964 116
154 975 117
3370 3529 118
3401 3234 119
2878 2871 120
2920 576 121
3286 1807 122
644 203 123
1866 2648 124
583 593 125
2169 21 126
1635 2071 127
147 2305 128
2323 2191 129
2862 2403 130
2271 1906 131
3205 2242 132
373 2266 133
1177 1924 134
807 3979 135
1501 2026 136
256 3571 137
823 1980 138
3435 3030 139
140 352 140
2699 3876 141
4096 177 142
2931 2004 143
3311 2660 144
2661 392 145
3546 994 146
1020 3681 147
1262 500 148
2290 3764 149
130 1371 150
2464 617 151
1510 3660 152
2213 2408 153
774 2980 154
1131 2895 155
1113 3108 156
3614 3468 157
603 656 158
3313 2934 159
2201 4098 160
2329 230 161
4001 2938 162
277 1611 163
81 698 164
2515 1777 165
2517 1587 166
2768 3301 167
480 64 168
2601 3710 169
3616 1883 170
2135 1892 171
1170 620 172
2645 1188 173
2931 3980 174
2858 3497 175
3418 484 176
2030 1262 177
3994 1627 178
3431 614 179
1600 2132 180
3455 3658 181
3119 1584 182
1352 99 183
2681 3268 184
2761 335 185
1085 160 186
792 1177 187
1389 105 188
870 174 189
586 493 190
791 2329 191
2408 1140 192
2915 283 193
2452 1414 194
2512 667 195
702 222 196
2475 707 197
2861 297 198
2314 3937 199
1736 1769 200
1447 2987 1
3614 175 2
1728 3747 3
2555 2426 4
3724 3492 5
2749 1124 6
1521 1250 7
2036 3836 8
4043 1784 9
349 244 10
2789 2757 11
902 3801 12
854 3507 13
1285 2985 14
929 3753 15
3923 382 16
3043 1322 17
3027 2057 18
3519 1218 19
56 2048 20
718 4068 21
1058 2193 22
2178 3834 23
978 1113 24
1109 3182 25
481 2058 26
2873 1724 27
499 3239 28
2442 3171 29
2797 635 30
3561 697 31
3178 651 32
3628 1804 33
776 2552 34
1160 1947 35
202 3081 36
2551 682 37
1081 1268 38
1913 1969 39
2889 2812 40
1715 1677 41
3256 529 42
2571 3978 43
3522 736 44
2122 3968 45
1583 525 46
551 1869 47
1908 2553 48
2589 817 49
972 956 50
1894 1994 51
4096 514 52
3027 3555 53
1906 1178 54
732 978 55
3010 2327 56
2532 2770 57
4045 1380 58
1432 148 59
347 3167 60
2021 3412 61
3618 1073 62
3055 2314 63
577 3838 64
3178 3172 65
2166 328 66
3100 3552 67
2919 1609 68
1498 4067 69
3428 508 70
2681 1086 71
2691 532 72
1523 2454 73
2630 2897 74
3199 2041 75
341 3106 76
3256 3647 77
1355 3758 78
3575 3152 79
407 314 80
580 2184 81
3412 1451 82
2765 3446 83
1665 2777 84
1053 3961 85
98 996 86
1092 4038 87
223 1982 88
3722 4055 89
1275 1427 90
3310 534 91
1638 213 92
3459 3431 93
3863 1990 94
2986 3100 95
1737 798 96
532 1174 97
2131 2377 98
1085 1047 99
1209 4053 100
1890 3896 101
4037 1654 102
419 2424 103
2328 968 104
1174 38 105
666 1889 106
3214 2960 107
3748 2525 108
3047 2476 109
1610 2592 110
2909 2850 111
111 2409 112
1553 561 113
1596 3779 114
45 3035 115
579 692 116
3403 1347 117
3006 3437 118
2104 2672 119
2401 1954 120
4024 3403 121
1518 3861 122
817 521 123
1325 3699 124
913 4009 125
968 3741 126
1696 1488 127
1250 3745 128
421 2470 129
2907 2562 130
467 644 131
2682 3178 132
2358 3086 133
3458 2990 134
107 1052 135
3064 3932 136
4040 2830 137
3212 1032 138
3563 3818 139
3972 1900 140
1947 1100 141
379 1326 142
2846 2916 143
2451 3787 144
4089 1839 145
421 111 146
768 2027 147
2478 2342 148
3668 2880 149
2368 2435 150
237 3805 151
1452 665 152
2589 2122 153
3586 3947 154
3616 1955 155
3606 2125 156
2256 1002 157
2290 2999 158
950 2889 159
3724 88 160
526 932 161
1568 1763 162
4000 1628 163
1373 1039 164
3120 1865 165
1355 171 166
1386 2437 167
3433 2996 168
2857 952 169
2398 598 170
2277 2290 171
3649 3700 172
170 1151 173
1910 3689 174
719 2344 175
3027 934 176
2493 397 177
654 327 178
642 1526 179
3475 156 180
2324 2446 181
3947 1244 182
3454 3327 183
868 673 184
1889 2804 185
1569 266 186
2996 3293 187
3633 2121 188
3233 1770 189
2167 3606 190
1355 2682 191
2233 1292 192
387 1618 193
2291 2717 194
732 4092 195
427 2331 196
532 1048 197
378 2081 198
2711 754 199
2452 1829 200
1352 4029 1
3673 2477 2
402 496 3
175 1334 4
3664 1830 5
2820 625 6
3342 2719 7
988 3829 8
274 3379 9
2243 1518 10
1085 2137 11
3518 1376 12
1176 1626 13
974 1157 14
2125 580 15
3406 2363 16
3002 3720 17
2972 3683 18
1632 1738 19
3177 2253 20
476 743 21
3094 292 22
812 686 23
3719 1517 24
3082 2179 25
83 336 26
2380 32 27
2379 768 28
3816 1320 29
2209 1212 30
1406 1997 31
1696 3270 32
429 1569 33
56 273 34
3021 2308 35
3419 3545 36
1065 1781 37
3177 220 38
113 3224 39
424 2336 40
2177 132 41
3230 2893 42
466 3338 43
1546 3630 44
844 3807 45
2397 1650 46
3597 1193 47
2615 2923 48
196 1832 49
3168 903 50
2972 1956 51
3799 456 52
3621 3774 53
4052 2650 54
30 877 55
3275 3470 56
1956 1438 57
651 3958 58
141 970 59
2132 777 60
1498 277 61
2869 2577 62
1999 2780 63
886 1090 64
2385 2981 65
1694 2503 66
888 1635 67
589 3362 68
3168 109 69
675 2422 70
1496 3119 71
2721 3227 72
1491 2522 73
870 1046 74
3349 2879 75
81 3549 76
1290 3574 77
2913 2699 78
3718 1585 79
3428 2685 80
3281 1875 81
3584 3636 82
641 2324 83
4020 2151 84
341 1774 85
3663 1054 86
1816 2942 87
1662 2745 88
4092 320 89
964 1273 90
11 2261 91
3885 1075 92
3383 1773 93
3576 1948 94
1330 3933 95
287 3665 96
1135 2160 97
3214 842 98
2675 2778 99
978 3724 100
1595 555 101
3891 2499 102
3773 3783 103
2738 1411 104
2804 2907 105
3132 1962 106
3114 2829 107
3459 1758 108
2165 2872 109
3158 1375 110
1007 3542 111
706 3120 112
2686 3919 113
159 205 114
4067 924 115
421 1428 116
2532 1491 117
2590 22 118
1675 2090 119
965 1344 120
3973 115 121
2155 2853 122
3891 1977 123
3433 1662 124
1424 276 125
2496 3356 126
968 1119 127
2048 554 128
1617 475 129
3488 1365 130
3371 3535 131
3395 3151 132
2436 1435 133
4030 1107 134
3852 4030 135
2913 2073 136
2326 2935 137
2515 1884 138
2122 3464 139
1386 1588 140
3852 1532 141
815 2207 142
1728 953 143
823 2887 144
1592 738 145
2541 2415 146
2448 226 147
2670 3448 148
1738 2085 149
401 1263 150
2996 185 151
3352 3254 152
3383 1703 153
375 3344 154
620 3162 155
1946 1790 156
1945 3744 157
3977 3121 158
2885 3370 159
2857 3954 160
1163 3625 161
3724 663 162
864 1811 163
2681 2295 164
1460 1169 165
2077 3897 166
1573 3155 167
3178 2734 168
1597 3927 169
1352 2040 170
1967 1577 171
50 2763 172
649 894 173
3384 1286 174
2328 1154 175
1074 3421 176
1877 2711 177
1233 2493 178
3245 1456 179
174 1008 180
2483 467 181
2298 2976 182
30 1235 183
3145 3134 184
1126 3218 185
2471 2438 186
3796 2602 187
817 734 188
2249 2347 189
937 1891 190
2227 1671 191
708 3276 192
1135 596 193
506 3711 194
3671 1372 195
72 627 196
1456 3714 197
2362 925 198
2972 2753 199
1635 4060 200
3016 828 1
3096 747 2
4030 1985 3
334 2312 4
3728 3107 5
1091 1793 6
2483 2589 7
2744 2280 8
434 2205 9
3795 3018 10
756 425 11
2891 2425 12
2184 3219 13
1921 2075 14
732 1945 15
2933 3513 16
1691 1062 17
1570 1136 18
3618 2993 19
2996 2244 20
2733 1060 21
4085 3789 22
2572 1570 23
3885 2856 24
630 539 25
2700 3055 26
1984 463 27
1922 2303 28
3416 1469 29
4043 1165 30
2201 2281 31
3733 3462 32
2040 3385 33
399 1887 34
525 3187 35
3130 503 36
2318 2968 37
3833 3094 38
1773 341 39
978 2297 40
2768 839 41
603 553 42
50 1540 43
29 1582 44
3565 323 45
1090 247 46
1509 3997 47
2520 3291 48
298 1230 49
3069 265 50
2128 1721 51
1893 1734 52
3375 2050 53
2305 2634 54
2857 1131 55
3786 1500 56
1809 893 57
1202 716 58
84 268 59
3454 2351 60
1197 3409 61
3999 293 62
2696 3373 63
1919 166 64
2282 2401 65
2979 2950 66
3940 154 67
3357 1006 68
1275 1668 69
804 3257 70
1137 3686 71
2572 1202 72
3883 499 73
742 152 74
1525 3064 75
3816 1249 76
271 2474 77
1134 317 78
1075 3596 79
291 1459 80
1088 1049 81
2880 1646 82
2155 1602 83
3524 2593 84
986 788 85
776 20 86
1588 1266 87
1071 3983 88
1216 1637 89
4030 1 90
495 3772 91
2434 604 92
3772 2901 93
1808 3057 94
1816 1912 95
603 3988 96
2933 3101 97
3568 1735 98
1279 298 99
3047 1271 100
3718 3887 101
3649 2731 102
1148 867 103
3657 446 104
2951 3040 105
99 1837 106
3402 2509 107
1368 2495 108
1283 3870 109
140 2858 110
1805 3330 111
13 972 112
714 181 113
1602 3025 114
2691 3659 115
2390 1850 116
1065 2811 117
3395 745 118
1124 237 119
2051 2293 120
3270 1835 121
760 3620 122
2441 3482 123
1828 1876 124
3736 583 125
1890 3332 126
3198 3169 127
3205 3349 128
1537 544 129
59 1717 130
3433 3585 131
731 2439 132
3642 3287 133
195 1087 134
3546 1610 135
3376 4010 136
938 844 137
862 712 138
668 1519 139
3393 1998 140
2209 3514 141
1955 2248 142
2373 1733 143
2826 3895 144
1496 73 145
3233 1050 146
3138 1085 147
1163 2843 148
3769 2652 149
2859 1765 150
2928 454 151
1911 2926 152
3145 2679 153
1899 3754 154
2145 3364 155
2171 2580 156
3657 2094 157
2263 3351 158
4095 1373 159
315 780 160
3098 345 161
526 1310 162
2565 3713 163
1151 3971 164
3914 2714 165
3566 199 166
268 23 167
2589 1328 168
1866 2921 169
772 568 170
3268 1934 171
122 1413 172
3270 1520 173
2079 271 174
1870 2020 175
2033 361 176
1054 1476 177
2242 933 178
2534 864 179
3114 1815 180
1580 3424 181
1631 1586 182
782 2000 183
2137 3032 184
3255 1028 185
3413 700 186
2766 1257 187
331 524 188
2265 4066 189
1054 80 190
4060 3488 191
1442 2129 192
1927 3428 193
2693 2795 194
3616 2431 195
463 3527 196
3080 2769 197
2244 2515 198
3577 3283 199
704 1780 200
2282 677 1
1793 1843 2
2682 3672 3
2036 3432 4
1046 1854 5
2460 2546 6
3010 369 7
213 533 8
2103 3687 9
1841 1214 10
464 1726 11
2212 2354 12
2380 3177 13
2721 950 14
950 3175 15
2583 3404 16
484 472 17
3891 888 18
1989 420 19
1473 2062 20
3533 1211 21
459 3938 22
1659 564 23
403 2392 24
3704 4000 25
1010 2805 26
3891 2820 27
3963 1209 28
3375 116 29
402 3051 30
384 2818 31
3488 966 32
2483 2104 33
8 2491 34
3987 999 35
3895 3304 36
2265 1688 37
814 494 38
228 3150 39
2650 263 40
939 812 41
698 4091 42
2620 1898 43
1184 1547 44
3308 2233 45
98 3247 46
2775 2604 47
2211 3706 48
3055 3732 49
2068 1999 50
2329 721 51
3128 3361 52
2548 766 53
1232 2643 54
1011 3894 55
3832 1485 56
1922 2737 57
1954 1644 58
610 3715 59
2199 2909 60
3069 2621 61
97 725 62
121 2899 63
613 3285 64
2058 1970 65
2913 2309 66
158 1379 67
491 2264 68
3567 3324 69
1371 3775 70
1483 3216 71
1999 62 72
1007 2270 73
198 2156 74
2213 774 75
1889 2776 76
3902 2412 77
3568 1307 78
1341 2724 79
3805 3028 80
3027 905 81
1937 2536 82
3821 801 83
3236 2514 84
1632 497 85
487 1831 86
648 1681 87
3872 2141 88
1348 3355 89
2688 2250 90
787 3447 91
4085 883 92
2278 4024 93
3887 880 94
271 3673 95
4005 1204 96
3808 2729 97
2187 840 98
666 370 99
2440 3882 100
1663 2287 101
2630 331 102
2924 3489 103
798 1792 104
1460 1594 105
1069 1061 106
2883 3348 107
3183 1648 108
3673 102 109
2915 218 110
1844 889 111
791 2558 112
1659 2806 113
1046 1279 114
1989 1013 115
945 1880 116
2282 3112 117
3988 473 118
929 1011 119
1849 2372 120
1352 914 121
697 1578 122
677 660 123
2470 3405 124
386 1421 125
775 3354 126
1050 623 127
49 713 128
3052 1412 129
3866 2581 130
3028 2017 131
1694 3883 132
223 2689 133
2209 548 134
3992 547 135
1160 2743 136
289 3631 137
1081 2394 138
2259 581 139
101 1541 140
1705 3903 141
2261 917 142
3940 3922 143
474 150 144
581 2723 145
343 31 146
1232 659 147
1750 3481 148
1010 3115 149
3407 505 150
894 217 151
1128 2946 152
3011 2106 153
2980 1798 154
3418 488 155
1300 790 156
455 3525 157
3303 4086 158
1591 740 159
1279 703 160
3539 3305 161
3930 1473 162
1889 3963 163
452 2391 164
3726 906 165
136 3273 166
1716 2292 167
3286 2784 168
1196 2740 169
1007 2140 170
3839 821 171
175 1486 172
3245 668 173
3211 2019 174
1132 986 175
3907 1293 176
1629 1845 177
411 789 178
1162 2800 179
1493 1327 180
908 2449 181
1616 376 182
839 3149 183
950 2465 184
3585 81 185
2282 55 186
2588 2152 187
1160 3916 188
2843 946 189
744 3099 190
2884 2044 191
3973 666 192
147 389 193
3592 770 194
732 1632 195
964 1715 196
2490 1523 197
2174 3092 198
2588 3442 199
3117 3654 200
2833 1173 1
1185 4049 2
3852 1386 3
3500 3494 4
3629 1680 5
3922 2732 6
1728 2406 7
3584 1129 8
17 609 9
676 1764 10
2615 2053 11
3226 1221 12
3548 2668 13
3132 2822 14
22 1158 15
2953 3670 16
4083 2517 17
3449 3222 18
3158 1508 19
3128 3009 20
2556 653 21
2265 783 22
2294 2781 23
3951 3161 24
1105 3517 25
1638 3300 26
1510 49 27
3647 3538 28
884 3935 29
1715 448 30
3709 3784 31
3175 238 32
742 3844 33
1357 3095 34
3620 1697 35
841 2528 36
1947 3885 37
3662 3516 38
911 2397 39
1010 3210 40
2269 1549 41
4056 2965 42
535 270 43
3805 3142 44
2400 694 45
2699 2693 46
181 69 47
1185 476 48
2840 101 49
1455 7 50
947 45 51
1260 506 52
333 2197 53
2482 962 54
1308 1495 55
491 2410 56
1467 2692 57
2840 2448 58
2152 948 59
908 4033 60
3578 3284 61
748 1325 62
1531 834 63
1460 447 64
3353 372 65
817 2930 66
3931 2578 67
1498 1599 68
4098 1076 69
307 355 70
791 2035 71
1263 2114 72
3684 1026 73
3536 3875 74
2899 2029 75
4066 3827 76
772 3762 77
274 2964 78
1977 3063 79
2691 1436 80
1602 3410 81
185 3723 82
1567 3637 83
2996 124 84
1675 1088 85
3150 3656 86
1543 4050 87
1713 3820 88
107 2088 89
2887 2080 90
2990 3048 91
2892 2619 92
677 1144 93
2728 2378 94
3504 2399 95
2915 3194 96
467 3419 97
1947 136 98
1320 612 99
3288 2786 100
3296 440 101
3120 3751 102
915 2575 103
4019 2130 104
3529 3550 105
1540 3306 106
2185 4057 107
1868 4097 108
1884 1719 109
2708 3195 110
1522 750 111
1297 3163 112
986 3908 113
1783 2175 114
1617 3476 115
2199 2014 116
1452 3036 117
2448 2042 118
2957 1163 119
500 432 120
1531 1756 121
1950 3397 122
1697 3855 123
1954 835 124
395 3071 125
941 977 126
79 3280 127
381 542 128
821 3989 129
602 528 130
2816 884 131
2100 1639 132
2514 2251 133
187 112 134
1623 2138 135
1790 929 136
2345 3565 137
173 106 138
2250 2531 139
3934 3342 140
2490 526 141
719 3573 142
2178 769 143
165 1683 144
2170 2279 145
2306 2765 146
3222 2661 147
2108 2112 148
633 3450 149
371 231 150
652 3771 151
2037 563 152
968 3648 153
2680 2651 154
3532 1289 155
3166 759 156
3303 2432 157
2906 1814 158
2837 4099 159
3451 3854 160
117 1123 161
1081 3399 162
3234 4034 163
978 2614 164
396 3626 165
1876 3777 166
2950 1037 167
2592 2296 168
3383 3627 169
564 371 170
2536 3511 171
2918 2814 172
3852 2376 173
2445 1614 174
3682 2462 175
739 1866 176
4007 1306 177
2266 3615 178
470 280 179
196 2271 180
3951 2924 181
1389 3085 182
3664 2564 183
2138 753 184
831 1278 185
468 4020 186
284 2995 187
274 3059 188
1735 1907 189
68 2002 190
846 173 191
1583 260 192
2485 3358 193
2346 3531 194
2951 650 195
981 184 196
1249 44 197
875 763 198
378 1810 199
234 3677 200
3395 1036 1
1814 3652 2
3750 3136 3
3888 1287 4
1218 3425 5
1350 3871 6
205 2036 7
1524 591 8
6 1871 9
124 523 10
1696 357 11
467 131 12
3272 3738 13
73 344 14
1413 2276 15
1902 305 16
609 655 17
203 3743 18
3739 2067 19
3896 2878 20
3621 1753 21
1340 1155 22
3920 3298 23
3747 1448 24
2891 3201 25
3326 3845 26
1047 3434 27
154 3279 28
2383 2867 29
732 2669 30
3619 1506 31
3575 2557 32
3282 2922 33
4095 1972 34
768 3087 35
4 890 36
3954 538 37
1662 2721 38
988 2947 39
1303 816 40
1113 1513 41
2986 1687 42
1222 862 43
331 3286 44
3669 90 45
2087 4026 46
3089 383 47
3799 1175 48
765 1863 49
706 2222 50
2531 3721 51
3512 2097 52
3859 1110 53
2101 2874 54
2314 133 55
1659 1848 56
758 586 57
1617 1728 58
3762 3241 59
1592 2037 60
2958 353 61
1588 2825 62
434 3993 63
2699 3490 64
1214 2481 65
1142 2834 66
2891 1361 67
3078 1089 68
1261 8 69
1786 1550 70
3105 65 71
2003 3949 72
832 947 73
2816 2789 74
402 1537 75
2029 24 76
580 3408 77
298 1014 78
1131 3610 79
1847 1474 80
2497 1255 81
3585 2306 82
2552 4002 83
2857 3734 84
317 477 85
3015 771 86
2608 108 87
1032 2848 88
3518 2128 89
1366 3011 90
3050 856 91
3821 3075 92
3902 2275 93
1843 2596 94
2021 2190 95
791 282 96
1146 3815 97
1737 904 98
105 3719 99
3733 2905 100
77 395 101
1075 478 102
3099 1595 103
682 3500 104
1275 2045 105
480 2380 106
2909 3433 107
330 2457 108
3341 3853 109
1954 3326 110
937 3669 111
95 3240 112
930 1778 113
1512 186 114
1534 3054 115
1116 227 116
136 831 117
146 873 118
1328 727 119
118 2959 120
1597 2766 121
761 836 122
2013 3956 123
806 2194 124
1678 1251 125
2699 1185 126
3589 232 127
2345 3814 128
2199 1162 129
1447 3662 130
931 1256 131
2103 368 132
2820 466 133
3352 2371 134
3236 1714 135
1804 3959 136
2270 3726 137
3954 3265 138
1737 2187 139
1297 2608 140
704 2068 141
2859 1232 142
1889 3045 143
4078 632 144
2064 2891 145
680 61 146
1284 1126 147
1472 441 148
1895 3969 149
2445 2860 150
2955 1384 151
790 2046 152
900 746 153
1082 3417 154
3317 1736 155
3436 2254 156
3088 2876 157
2495 1118 158
1217 2961 159
2270 1186 160
3621 785 161
3217 2835 162
1529 46 163
3900 1805 164
1355 731 165
3618 2021 166
2861 2659 167
2592 1461 168
2263 343 169
6 1354 170
396 602 171
618 445 172
3082 2098 173
2857 2337 174
1932 1716 175
4007 2147 176
2335 1314 177
2096 2845 178
3821 3103 179
3605 3503 180
1950 2440 181
476 43 182
2558 1992 183
1343 1818 184
3264 3624 185
3456 1336 186
103 1063 187
3896 214 188
3418 1579 189
3605 53 190
1135 1855 191
1906 4078 192
4053 2984 193
1947 2735 194
2454 3026 195
3325 3221 196
175 1297 197
2167 1345 198
2768 943 199
1337 4007 200
3401 135 1
3200 374 2
2753 3704 3
90 2684 4
1760 1440 5
3925 1381 6
4052 2507 7
2815 824 8
706 636 9
2900 1108 10
551 1531 11
250 1978 12
2907 641 13
758 637 14
11 2541 15
1852 3533 16
3683 3350 17
2142 3570 18
2909 3616 19
2911 495 20
937 3692 21
481 54 22
2689 643 23
381 2234 24
874 1181 25
3737 1711 26
333 3923 27
4047 1368 28
525 3308 29
3636 208 30
532 2610 31
185 911 32
3816 2532 33
2657 926 34
2454 3680 35
1086 2117 36
1376 3835 37
2753 1167 38
3700 2849 39
686 1153 40
2861 3798 41
880 1986 42
3555 1044 43
3753 1606 44
3458 1132 45
3773 3649 46
1556 2475 47
2263 2400 48
523 281 49
2009 1501 50
2868 2655 51
4039 1003 52
644 2626 53
2005 127 54
2371 1191 55
312 865 56
3850 3668 57
2470 1394 58
2362 1429 59
4043 1867 60
2756 2143 61
2818 2224 62
2548 3910 63
1405 2629 64
694 4019 65
2522 1817 66
2278 1346 67
403 77 68
3356 3928 69
4050 810 70
1316 2646 71
910 3430 72
344 1117 73
1044 863 74
1736 286 75
2814 2356 76
2330 805 77
2032 852 78
2633 1645 79
1786 3323 80
3319 1170 81
2987 63 82
2734 2782 83
396 2877 84
2547 1367 85
2449 110 86
1790 1069 87
3650 2433 88
3230 565 89
2899 2846 90
3383 264 91
3853 2569 92
3479 3366 93
3346 400 94
2412 4008 95
3724 2483 96
2371 3731 97
2666 992 98
3577 2773 99
137 2107 100
851 2274 101
1869 2301 102
2503 3319 103
2369 559 104
548 3622 105
1731 787 106
119 3137 107
2328 498 108
2309 2024 109
642 2340 110
213 2368 111
2135 3264 112
2821 474 113
1632 366 114
2213 3874 115
213 1514 116
387 2427 117
1069 1445 118
2199 3275 119
854 3148 120
732 3176 121
2528 1053 122
137 3817 123
2076 1548 124
1692 3426 125
3479 3214 126
2478 2228 127
504 1422 128
2848 2388 129
2700 3019 130
2149 4054 131
516 3600 132
1434 1280 133
216 4074 134
2503 2941 135
2558 1095 136
731 2644 137
1091 4081 138
2761 2900 139
3182 1226 140
4088 1991 141
1855 2767 142
2987 1755 143
1737 820 144
1070 2479 145
2603 1580 146
656 4011 147
3750 3976 148
1368 243 149
3561 125 150
371 1024 151
1668 3543 152
94 2585 153
3814 3451 154
739 50 155
573 337 156
2396 1477 157
2131 704 158
3742 3251 159
2869 1462 160
2666 850 161
828 3170 162
2327 3849 163
1737 2174 164
2219 690 165
3963 2591 166
1010 1066 167
4056 683 168
185 252 169
3409 3931 170
1316 1265 171
2259 3277 172
2342 958 173
3752 3824 174
2673 209 175
464 645 176
2201 2637 177
566 2110 178
3785 1909 179
2725 1649 180
70 118 181
2107 2748 182
68 1238 183
3072 2978 184
2698 192 185
776 1207 186
2996 2365 187
3419 211 188
1742 2607 189
1946 2997 190
1129 3966 191
3396 1398 192
2149 3 193
3611 2232 194
1992 1535 195
2532 3006 196
1653 3567 197
3393 3893 198
2877 2561 199
991 3392 200
357 773 1
3124 3848 2
2577 1930 3
2021 1098 4
582 3079 5
3101 3014 6
2395 633 7
3816 2913 8
1507 726 9
2037 3877 10
2885 3707 11
2124 2842 12
3773 2302 13
1813 2523 14
937 2548 15
3435 3402 16
4068 640 17
746 1182 18
3485 1021 19
3151 2005 20
98 1463 21
3561 3581 22
515 1442 23
1273 3185 24
390 536 25
2003 611 26
3010 756 27
1901 1722 28
272 959 29
2730 91 30
1069 1313 31
1197 3337 32
3568 2756 33
3821 1164 34
1818 433 35
3233 1507 36
1454 1938 37
2380 2105 38
569 1122 39
2457 1905 40
3258 1901 41
3796 16 42
1480 3842 43
3763 3822 44
3501 2030 45
1773 2687 46
1298 1099 47
1266 1789 48
3825 1767 49
617 1894 50
2205 3866 51
3505 2247 52
603 450 53
3379 1861 54
3485 3343 55
1423 2429 56
680 3043 57
3620 42 58
3331 1825 59
3963 3225 60
2731 3906 61
2127 1799 62
3518 1135 63
2915 2146 64
124 354 65
1809 2618 66
1631 3872 67
1185 2206 68
3830 3484 69
945 3563 70
2696 814 71
2461 1803 72
480 1497 73
2499 3810 74
3399 671 75
2358 4089 76
3472 1102 77
2117 1267 78
342 3664 79
564 1522 80
2873 1276 81
547 3730 82
2681 182 83
3352 3619 84
2648 709 85
2266 1516 86
2122 4082 87
945 2768 88
1011 1166 89
1728 1524 90
634 2033 91
1471 751 92
1081 2126 93
2077 4073 94
610 1542 95
1920 1527 96
480 1468 97
2594 4023 98
3585 492 99
2958 757 100
