3900 3900 3900
1748 2023 1
130 1092 2
946 2926 3
3374 3023 4
3412 1835 5
496 3439 6
1934 706 7
829 645 8
1812 428 9
3003 1055 10
3482 1049 11
2555 3384 12
1876 2454 13
1826 1215 14
1166 2978 15
2223 2331 16
2562 286 17
1768 610 18
1061 3681 19
3313 2022 20
1231 2958 21
442 2388 22
1179 1827 23
1234 786 24
2967 1006 25
2638 3019 26
653 1744 27
1822 3493 28
1360 1909 29
88 2439 30
357 563 31
1204 1376 32
2077 453 33
407 3237 34
2418 3289 35
1488 93 36
913 1482 37
2647 1443 38
1906 2855 39
1260 491 40
625 3034 41
1586 3650 42
1719 1919 43
2456 54 44
1614 1676 45
1784 3309 46
2168 684 47
487 2675 48
2195 1654 49
1276 3354 50
2102 1901 51
844 1625 52
3631 2009 53
2422 376 54
3019 240 55
2829 3133 56
1161 1251 57
3136 2850 58
3160 2102 59
2189 2818 60
3560 3243 61
1365 3733 62
1353 2894 63
1944 3142 64
737 2910 65
3801 72 66
562 193 67
3443 435 68
3160 1489 69
2696 110 70
2501 45 71
1008 3316 72
1819 594 73
1590 3413 74
1210 3349 75
2917 3542 76
1769 2086 77
2428 597 78
2960 3232 79
709 3469 80
2759 2864 81
2400 1455 82
3815 2353 83
3747 2062 84
266 2651 85
1166 1451 86
489 3564 87
2389 12 88
979 1485 89
1550 3691 90
2187 474 91
2625 3742 92
368 475 93
3801 3643 94
3763 676 95
3185 3832 96
1710 1569 97
368 712 98
2915 703 99
3473 1293 100
1146 1596 101
2917 1610 102
1172 111 103
1822 74 104
920 2244 105
33 3 106
2418 2440 107
3136 1210 108
1352 2449 109
3779 552 110
643 1248 111
3569 838 112
2987 2710 113
2150 2210 114
327 450 115
310 3281 116
1768 32 117
2140 617 118
31 3245 119
1330 10 120
2479 2119 121
2915 57 122
404 3743 123
153 2320 124
211 997 125
861 1611 126
2947 2982 127
2818 1198 128
255 2397 129
288 601 130
1037 3377 131
2846 2605 132
2333 237 133
3494 3036 134
2552 2536 135
2898 822 136
744 407 137
617 30 138
2775 3744 139
2864 339 140
2864 2028 141
930 1938 142
3702 1666 143
388 3359 144
3361 1177 145
2202 2155 146
3153 3666 147
2489 1212 148
1031 3769 149
3003 1040 150
2580 2986 151
2166 1636 152
2694 1849 153
3063 3541 154
1660 2915 155
3609 3283 156
1698 1084 157
3561 1319 158
2593 1659 159
335 1430 160
3667 1118 161
421 1747 162
3735 862 163
3646 857 164
876 511 165
3330 1898 166
281 2000 167
420 3205 168
3219 3570 169
530 7 170
3423 3812 171
203 1286 172
3899 1452 173
594 2482 174
132 2174 175
1870 2274 176
487 1469 177
1006 129 178
3757 1523 179
2137 3385 180
3719 1776 181
2670 3033 182
846 2046 183
1847 3367 184
846 2789 185
3108 3077 186
3146 1718 187
2111 265 188
976 2260 189
1471 3110 190
3774 3223 191
3194 1403 192
2581 390 193
3022 2177 194
1473 2701 195
2022 1030 196
2152 1570 197
478 3825 198
191 3137 199
3631 3009 200
3815 96 201
2708 2414 202
1960 1090 203
958 1972 204
2390 135 205
392 64 206
1336 3335 207
3173 2462 208
1333 526 209
3174 2832 210
2623 3846 211
249 1132 212
1129 2246 213
2892 704 214
3356 2776 215
1810 1047 216
2568 3175 217
478 1618 218
1793 2133 219
381 2928 220
1267 532 221
2380 1771 222
3825 2665 223
509 2549 224
2953 224 225
2072 3739 226
855 3060 227
32 372 228
723 794 229
1383 1359 230
3843 1089 231
2307 2376 232
2572 3545 233
1375 3617 234
3328 2583 235
351 2922 236
3895 3373 237
3113 26 238
3646 730 239
1070 2747 240
1730 1890 241
1414 204 242
377 1604 243
621 976 244
1735 2418 245
884 1146 246
2954 70 247
3121 966 248
2389 1022 249
3279 1651 250
3838 3197 251
3231 2890 252
1256 1326 253
97 1032 254
855 3430 255
913 61 256
3676 829 257
2891 152 258
3787 2321 259
1508 538 260
63 3631 261
1341 980 262
2377 1552 263
3308 2618 264
1426 2323 265
3556 1970 266
3280 1440 267
3221 3400 268
1322 309 269
3550 3080 270
2828 275 271
1884 3426 272
2898 1963 273
3264 3529 274
3349 141 275
2038 710 276
1876 626 277
1139 2522 278
1506 719 279
254 3758 280
572 1973 281
2893 1556 282
2089 2496 283
677 3218 284
1964 1608 285
2607 642 286
2477 2720 287
3634 439 288
3744 1691 289
1743 3653 290
756 3503 291
3806 2786 292
3235 1746 293
2557 3592 294
729 2392 295
3548 599 296
3253 1249 297
3650 1243 298
2169 1921 299
624 2866 300
3580 2217 301
2829 1507 302
2424 1018 303
3370 760 304
3619 851 305
1409 986 306
451 2974 307
3778 3796 308
2758 515 309
3565 182 310
3322 3141 311
946 3887 312
1996 3147 313
251 1410 314
2801 3184 315
1232 3269 316
3612 3366 317
1653 1348 318
155 2604 319
66 2189 320
3459 1912 321
3817 1238 322
2529 2934 323
796 2817 324
3011 3210 325
2296 2837 326
2612 336 327
1735 2399 328
1525 462 329
1476 1837 330
853 2344 331
3346 1302 332
3860 3882 333
860 3104 334
1498 3802 335
2854 1274 336
3064 1060 337
528 1648 338
1203 1320 339
93 1364 340
2510 1899 341
3483 1731 342
337 3340 343
2634 3390 344
1275 2159 345
2325 2814 346
2181 1080 347
1097 2227 348
834 3838 349
318 1832 350
2602 2607 351
1999 3451 352
1492 2340 353
237 219 354
436 3154 355
1809 164 356
1573 699 357
425 3132 358
1031 2508 359
2983 2885 360
1184 2987 361
903 1211 362
2575 3244 363
284 1462 364
1032 62 365
1890 392 366
552 675 367
1662 2881 368
3047 2052 369
1427 1071 370
2642 631 371
1426 2224 372
1775 2721 373
3209 496 374
1380 3576 375
3181 1448 376
2708 2095 377
2480 2483 378
570 1594 379
3501 412 380
850 1510 381
3859 2138 382
2369 1642 383
1458 2748 384
2182 1275 385
3378 2825 386
3311 3510 387
1097 2191 388
1419 1517 389
1897 1044 390
2752 2954 391
2873 2888 392
3594 2600 393
2695 2908 394
1806 3201 395
3560 1449 396
3322 1299 397
2803 1159 398
1732 3581 399
3081 2756 400
3049 3313 401
1550 87 402
1433 1056 403
2229 3024 404
2870 1770 405
1210 892 406
949 1140 407
3243 1288 408
2938 682 409
3731 683 410
3334 1638 411
3221 185 412
3850 2990 413
2623 1193 414
2206 1307 415
3517 1840 416
1801 2100 417
1422 3320 418
1923 3083 419
2061 2039 420
2592 1722 421
2351 1824 422
3183 2351 423
1914 1308 424
3011 2406 425
2600 112 426
65 1873 427
3117 670 428
3825 2883 429
1594 1067 430
289 2641 431
3663 310 432
1867 700 433
3048 1200 434
2084 2398 435
874 1152 436
2338 1952 437
289 1869 438
1967 194 439
3080 1301 440
2203 1253 441
3823 630 442
1172 1983 443
863 732 444
2270 67 445
1163 3190 446
617 3511 447
545 3299 448
1520 3458 449
629 3277 450
2182 2970 451
3108 479 452
666 2739 453
1751 1784 454
1575 1263 455
3731 2416 456
2490 3101 457
1524 3720 458
3169 2969 459
3095 2087 460
2908 2655 461
658 3509 462
2560 2559 463
1372 2010 464
3264 2275 465
3092 1176 466
3024 1736 467
3069 3112 468
838 808 469
1539 294 470
323 1466 471
3370 2381 472
2654 114 473
825 1429 474
2893 499 475
2732 2194 476
264 1401 477
3022 3465 478
855 2835 479
543 482 480
1139 400 481
845 901 482
1375 2886 483
401 221 484
970 522 485
3631 2208 486
3842 1087 487
2709 1400 488
3025 1094 489
626 1139 490
303 2492 491
702 2634 492
2586 1063 493
3105 3568 494
3203 3420 495
1297 171 496
173 728 497
2413 2125 498
107 187 499
1949 2035 500
1962 3724 501
2632 1818 502
338 832 503
3842 1783 504
478 2375 505
577 2357 506
2218 3741 507
1325 1472 508
1862 2531 509
2628 809 510
2807 3789 511
1017 3431 512
1495 2327 513
1207 1788 514
11 2528 515
155 640 516
3328 1456 517
2702 3798 518
1588 2667 519
909 3804 520
1724 1093 521
2683 3064 522
1037 3725 523
3634 2631 524
632 1095 525
2273 3308 526
3344 3839 527
2318 468 528
782 2121 529
3454 3555 530
1421 2798 531
3411 2858 532
406 1852 533
754 3569 534
1616 2567 535
3196 2540 536
1694 2221 537
2290 3238 538
2283 1777 539
2352 2013 540
2908 1079 541
841 3236 542
1075 2889 543
565 1110 544
2038 22 545
2679 979 546
372 1949 547
1138 2759 548
2969 1745 549
2351 1354 550
1867 2304 551
3893 910 552
1651 2333 553
2708 2031 554
1767 2743 555
2566 1645 556
3111 178 557
3378 100 558
166 612 559
3483 1296 560
3309 3073 561
401 2806 562
3081 2277 563
1349 2700 564
2803 866 565
1002 3453 566
3115 71 567
3169 3221 568
1566 2324 569
1089 244 570
3481 1163 571
2161 782 572
621 679 573
1286 3113 574
1417 1388 575
1322 1261 576
3733 183 577
1480 301 578
3722 3216 579
474 2903 580
3534 2971 581
3063 953 582
2860 3884 583
3081 1897 584
2636 341 585
727 69 586
1590 2826 587
1748 523 588
3024 2603 589
823 503 590
1345 3119 591
3392 1016 592
3785 391 593
2801 233 594
178 3116 595
2990 2722 596
3570 2797 597
2385 1015 598
1932 2147 599
3873 3307 600
1819 750 601
518 163 602
2522 167 603
805 1647 604
217 1514 605
3080 1075 606
2970 1538 607
418 121 608
711 889 609
2009 1111 610
2603 2957 611
852 3715 612
3112 1767 613
3217 3152 614
3886 3726 615
3761 56 616
1538 1369 617
2529 2664 618
1077 370 619
1787 2663 620
819 1117 621
3884 811 622
2860 2962 623
2192 1531 624
618 77 625
3452 3122 626
3288 1702 627
2066 561 628
2725 1626 629
1333 2391 630
3335 1260 631
2915 1934 632
2067 2073 633
2219 1474 634
418 2390 635
138 763 636
1114 369 637
3518 2872 638
3749 306 639
1531 1002 640
1362 2243 641
3828 653 642
1559 3193 643
1898 1188 644
3450 573 645
2696 677 646
1935 1823 647
3780 1411 648
202 3722 649
1564 2447 650
211 402 651
625 1325 652
3569 2230 653
683 2058 654
800 3198 655
2828 1787 656
1791 3271 657
2600 1981 658
1831 2311 659
1189 3273 660
1751 3345 661
718 3213 662
718 3695 663
99 2543 664
2299 1930 665
1660 1879 666
1195 413 667
1979 2836 668
2850 3090 669
2218 1413 670
2507 2639 671
2046 333 672
570 2847 673
502 3546 674
2974 1703 675
792 115 676
1876 2187 677
3307 2359 678
3448 3579 679
1901 128 680
3115 481 681
822 1402 682
536 39 683
1785 2644 684
1492 3784 685
32 1923 686
835 2326 687
1798 3314 688
3725 2211 689
3226 2564 690
3727 2616 691
592 3380 692
1076 969 693
565 425 694
3853 3677 695
2924 1617 696
245 2205 697
3005 3486 698
3356 548 699
3435 3843 700
1042 505 701
2617 2576 702
843 297 703
1684 650 704
474 227 705
1300 3160 706
153 577 707
1697 1714 708
1798 3673 709
3737 3392 710
1362 3358 711
2683 3507 712
2737 398 713
1858 1207 714
1712 3864 715
830 1572 716
819 2678 717
1557 3071 718
1414 99 719
3400 1213 720
2915 1870 721
2024 1284 722
1066 2751 723
1081 3264 724
1330 2113 725
77 1234 726
1552 1279 727
1835 3626 728
2052 20 729
653 1501 730
1622 55 731
48 3394 732
2788 2428 733
1870 1895 734
3058 2793 735
2472 3117 736
1671 814 737
2427 3408 738
3793 3257 739
439 2358 740
251 688 741
462 2611 742
2102 921 743
1447 1112 744
3240 3756 745
3399 2577 746
35 205 747
160 124 748
3899 2856 749
3558 2254 750
1339 2585 751
1814 2501 752
2342 3707 753
304 1573 754
96 3841 755
3058 2942 756
3453 1603 757
1183 2279 758
1290 3597 759
2146 581 760
1145 3689 761
221 3063 762
3181 932 763
3279 593 764
1743 3468 765
3394 3777 766
1056 769 767
967 3862 768
1784 48 769
1629 2305 770
2303 1917 771
1619 3148 772
117 1478 773
32 855 774
231 644 775
3560 583 776
3580 995 777
2690 1042 778
3799 1820 779
2351 2179 780
3209 1330 781
1439 2771 782
1152 549 783
697 3596 784
429 2361 785
3700 3551 786
3116 2461 787
1484 2504 788
61 1686 789
3209 1943 790
3446 2734 791
821 2037 792
1147 2213 793
3126 1565 794
528 3234 795
2187 800 796
2801 1496 797
1824 2597 798
718 3717 799
1360 1433 800
31 2360 801
2184 3755 802
2914 327 803
322 1341 804
3081 1628 805
846 2490 806
821 3663 807
3452 1710 808
3235 2941 809
1262 1252 810
1386 1649 811
896 833 812
234 718 813
1126 1295 814
92 3094 815
351 2355 816
1138 1888 817
1494 1741 818
2974 2619 819
686 1581 820
2380 1860 821
3333 1965 822
3739 1450 823
3705 3668 824
3647 3005 825
2985 934 826
2037 1024 827
2012 1229 828
1804 3249 829
2717 101 830
2459 1085 831
3255 843 832
621 629 833
102 3857 834
2620 1062 835
1457 2805 836
2244 1115 837
336 3456 838
1381 3881 839
3089 3670 840
31 362 841
2692 3081 842
2492 1316 843
2458 2300 844
1334 1505 845
3524 2018 846
3494 3338 847
1525 274 848
3283 2288 849
2629 2945 850
1753 3780 851
3288 1759 852
3049 906 853
3401 1584 854
2350 2012 855
304 711 856
1449 844 857
1962 1987 858
1814 1457 859
821 1183 860
530 1499 861
2968 3341 862
16 1619 863
935 3396 864
2348 2448 865
3100 2115 866
7 2389 867
3108 2272 868
2370 3897 869
3346 3126 870
2702 3176 871
1449 1587 872
2174 1368 873
1250 3328 874
583 3267 875
3087 3711 876
130 80 877
729 2877 878
2829 916 879
3013 587 880
1705 436 881
1452 3135 882
3177 2687 883
3369 3684 884
754 1201 885
498 541 886
1067 3819 887
2472 3800 888
191 745 889
1138 3375 890
2345 1580 891
3744 2372 892
66 3105 893
2044 1674 894
956 1497 895
2638 834 896
1123 1794 897
1876 3745 898
2581 1592 899
2136 1838 900
345 188 901
588 1546 902
284 3527 903
630 465 904
3628 2232 905
2441 3381 906
2462 2534 907
1179 807 908
438 1265 909
2516 1597 910
1629 3311 911
574 302 912
17 2673 913
3329 3348 914
3210 2209 915
2936 2677 916
1801 2516 917
3745 1431 918
3359 1633 919
1520 3290 920
2473 663 921
3538 2195 922
1362 504 923
1154 1661 924
2330 858 925
129 315 926
12 1528 927
1827 1947 928
2818 1038 929
2695 1660 930
1532 1102 931
2600 2336 932
792 444 933
2917 3621 934
1385 2933 935
3712 2582 936
2026 2426 937
266 303 938
3045 3293 939
3778 3403 940
3513 3632 941
1831 1506 942
3013 2229 943
2896 1133 944
598 2689 945
1818 3647 946
993 2341 947
503 3098 948
1694 298 949
959 330 950
203 1149 951
2539 1907 952
911 616 953
240 2432 954
2883 546 955
1319 3012 956
3094 3200 957
648 1857 958
3125 3353 959
1897 2944 960
1389 3767 961
1594 2415 962
1599 3522 963
392 168 964
440 209 965
1675 2459 966
2694 693 967
3517 2002 968
1112 470 969
3558 196 970
3372 1961 971
2428 803 972
179 3710 973
946 1168 974
3402 3674 975
3602 2764 976
319 1526 977
2428 3473 978
3337 2303 979
1448 752 980
1139 3417 981
89 8 982
750 570 983
3044 550 984
1072 2126 985
2625 3015 986
321 2367 987
3698 2893 988
1138 3813 989
81 98 990
2483 2192 991
346 1190 992
2385 2680 993
1794 2930 994
1732 1290 995
2477 3692 996
335 1541 997
1727 1037 998
322 2785 999
3513 1807 1000
1586 1272 1001
2155 2975 1002
2096 2705 1003
1344 2995 1004
3153 1109 1005
2651 1421 1006
809 2144 1007
248 2799 1008
800 3844 1009
934 2860 1010
245 2308 1011
704 2070 1012
3874 2741 1013
2151 3300 1014
2091 414 1015
745 1500 1016
2736 2286 1017
626 1267 1018
1427 656 1019
515 137 1020
2575 3622 1021
3221 3435 1022
1564 3524 1023
3207 2319 1024
2350 3159 1025
1565 3768 1026
3025 1991 1027
931 694 1028
3631 3035 1029
3867 3607 1030
7 1360 1031
3009 18 1032
2803 273 1033
2414 253 1034
3142 1982 1035
1177 3422 1036
1908 620 1037
2323 3260 1038
2291 2460 1039
2297 2808 1040
1940 2684 1041
1906 1441 1042
3063 246 1043
1766 2742 1044
602 1576 1045
2568 3893 1046
2592 606 1047
474 2874 1048
697 3867 1049
1339 2822 1050
611 461 1051
1793 2780 1052
2770 1073 1053
3324 2931 1054
2159 2613 1055
1650 2215 1056
757 991 1057
1314 692 1058
1651 3894 1059
1581 715 1060
3242 2519 1061
920 2830 1062
3165 2767 1063
2429 2711 1064
390 158 1065
3094 1189 1066
377 2366 1067
1361 3324 1068
1963 2919 1069
1301 2999 1070
632 2865 1071
596 2610 1072
1224 2563 1073
2254 1262 1074
819 1311 1075
28 3658 1076
2202 912 1077
2133 2827 1078
2327 3322 1079
793 559 1080
3334 47 1081
3079 1833 1082
3389 267 1083
3479 2024 1084
245 2262 1085
792 789 1086
2167 2750 1087
209 1061 1088
11 2063 1089
2900 557 1090
3865 88 1091
709 1502 1092
1350 3371 1093
2492 2172 1094
179 2085 1095
1121 2295 1096
2219 357 1097
2187 1539 1098
254 3302 1099
338 236 1100
1319 1924 1101
2854 89 1102
2169 1315 1103
1831 2464 1104
1716 3250 1105
1111 714 1106
3498 3531 1107
2588 1158 1108
476 2076 1109
2624 3505 1110
3416 3680 1111
551 1795 1112
2904 3047 1113
1360 1078 1114
1785 804 1115
360 1343 1116
1365 2470 1117
2754 3821 1118
1238 3025 1119
2328 82 1120
3447 1342 1121
735 3001 1122
2602 3479 1123
835 742 1124
2581 3107 1125
1171 665 1126
1440 2495 1127
57 1682 1128
3755 1542 1129
3594 3558 1130
248 820 1131
145 831 1132
1330 234 1133
3745 433 1134
593 3590 1135
73 1519 1136
2588 2259 1137
740 1465 1138
1751 2425 1139
1575 340 1140
33 3461 1141
443 1906 1142
2468 1766 1143
1785 3008 1144
2349 2118 1145
1482 51 1146
3340 179 1147
2043 595 1148
580 2977 1149
1026 2918 1150
2229 3029 1151
946 3737 1152
551 867 1153
1612 3508 1154
709 150 1155
3226 157 1156
2512 624 1157
3392 2104 1158
1002 84 1159
1145 2688 1160
2067 2565 1161
1195 3603 1162
551 3460 1163
2663 2693 1164
3226 3818 1165
2462 3261 1166
1735 1900 1167
3508 2909 1168
1371 1623 1169
2568 3125 1170
1495 1082 1171
3530 3280 1172
1654 2306 1173
2684 2265 1174
1492 2599 1175
645 904 1176
1151 1914 1177
2898 2948 1178
1788 3372 1179
1552 334 1180
368 116 1181
3173 3166 1182
2479 2348 1183
695 565 1184
1925 891 1185
793 1332 1186
1777 501 1187
1708 1942 1188
756 3466 1189
1349 2041 1190
159 288 1191
3712 3731 1192
1020 3548 1193
1801 810 1194
1980 824 1195
3197 759 1196
1440 3121 1197
2803 952 1198
88 3421 1199
2938 2424 1200
625 271 1201
3343 519 1202
1025 746 1203
3513 3346 1204
3555 1370 1205
3530 2648 1206
2874 316 1207
3238 3481 1208
379 3407 1209
3519 2407 1210
1480 3336 1211
1515 3687 1212
1461 3383 1213
2558 2932 1214
2562 3872 1215
2008 2309 1216
3599 2760 1217
1210 2708 1218
1591 521 1219
2092 2165 1220
3386 2016 1221
2615 148 1222
3007 3831 1223
3346 3022 1224
1484 3540 1225
3262 1426 1226
377 1748 1227
1268 3333 1228
2397 2156 1229
1852 1304 1230
3254 454 1231
3686 941 1232
1112 2094 1233
251 2148 1234
2512 1780 1235
3389 3879 1236
2356 2054 1237
1669 3574 1238
1746 2019 1239
3189 371 1240
2800 1742 1241
3203 988 1242
2351 545 1243
2908 3204 1244
2545 210 1245
2727 1318 1246
1312 1415 1247
102 3150 1248
2777 23 1249
2551 2335 1250
1992 2051 1251
712 1762 1252
2780 199 1253
2132 2880 1254
3483 2369 1255
3493 2284 1256
3817 1324 1257
83 3773 1258
2602 2791 1259
3538 2152 1260
3105 2727 1261
2225 2234 1262
1206 3772 1263
1768 1751 1264
1739 2691 1265
2272 722 1266
2164 1100 1267
401 530 1268
1988 3086 1269
3683 1679 1270
3733 3088 1271
1472 1582 1272
3121 813 1273
1258 2481 1274
1692 1033 1275
3423 2608 1276
2711 3600 1277
3264 3787 1278
1177 1786 1279
1149 535 1280
3152 2075 1281
1957 2027 1282
1632 3084 1283
1239 741 1284
3108 1088 1285
570 930 1286
1163 1902 1287
2143 2220 1288
464 3158 1289
1923 2006 1290
3628 681 1291
2526 1377 1292
2312 2796 1293
3330 2900 1294
1385 1021 1295
2799 3187 1296
221 3347 1297
1751 2617 1298
3875 2706 1299
2709 567 1300
2820 2513 1301
1115 3577 1302
3820 487 1303
3838 291 1304
89 1442 1305
2585 785 1306
3121 609 1307
1631 2299 1308
2179 2410 1309
240 902 1310
2122 2167 1311
2448 575 1312
3241 1475 1313
2555 3247 1314
2492 1859 1315
1898 3694 1316
2631 1239 1317
2264 1437 1318
2340 3266 1319
1591 1803 1320
3604 162 1321
1750 1801 1322
287 2325 1323
2206 3553 1324
1076 1214 1325
2397 2317 1326
482 2654 1327
1888 1218 1328
1074 2694 1329
3093 42 1330
2080 1196 1331
1531 739 1332
2580 434 1333
2294 2732 1334
1484 669 1335
214 3386 1336
1479 3624 1337
2413 252 1338
1264 3108 1339
2945 836 1340
1860 285 1341
1593 2150 1342
3532 875 1343
2859 2538 1344
3599 2902 1345
1117 1164 1346
2720 3285 1347
1944 403 1348
2592 348 1349
3874 791 1350
1688 2452 1351
583 2506 1352
2369 2960 1353
582 2656 1354
729 1564 1355
1448 127 1356
429 641 1357
1631 2346 1358
3019 1607 1359
3572 3723 1360
1034 3253 1361
762 1366 1362
697 143 1363
1514 31 1364
2009 3246 1365
2756 3177 1366
1959 1352 1367
2254 984 1368
2939 2408 1369
1548 3566 1370
3702 2297 1371
1752 1259 1372
373 1355 1373
1332 3355 1374
3726 2207 1375
943 106 1376
3850 3337 1377
1631 3059 1378
1300 846 1379
303 464 1380
2870 2374 1381
436 2021 1382
1562 1563 1383
507 643 1384
2256 1739 1385
2972 1347 1386
2168 86 1387
2502 3406 1388
1532 646 1389
2776 2550 1390
32 1815 1391
3476 1960 1392
2205 2544 1393
2381 1726 1394
1925 1614 1395
2352 2724 1396
2218 2635 1397
2908 299 1398
3207 3118 1399
2150 3301 1400
1974 1034 1401
408 2117 1402
540 445 1403
1743 2843 1404
794 2276 1405
1207 1560 1406
1671 766 1407
1670 359 1408
3619 3746 1409
1319 2546 1410
2403 1764 1411
125 1953 1412
2228 3331 1413
260 2735 1414
1888 1374 1415
3612 2839 1416
1980 2946 1417
274 463 1418
1079 2109 1419
299 1069 1420
3330 1544 1421
2803 938 1422
3435 2169 1423
2218 1028 1424
974 2660 1425
3694 3138 1426
484 943 1427
2147 1878 1428
2424 841 1429
3434 2241 1430
949 473 1431
1262 1231 1432
797 2642 1433
1762 247 1434
930 2091 1435
2455 1839 1436
263 3052 1437
841 243 1438
1201 1951 1439
2021 3306 1440
2255 5 1441
1802 3405 1442
2852 27 1443
2756 825 1444
2102 1577 1445
1818 198 1446
963 3781 1447
472 272 1448
2869 3730 1449
1339 2161 1450
217 1826 1451
878 1620 1452
2389 459 1453
3017 1842 1454
410 842 1455
2526 2821 1456
3183 2290 1457
1360 344 1458
526 918 1459
2790 131 1460
170 761 1461
160 1511 1462
3175 261 1463
3689 3182 1464
1563 2681 1465
1565 2263 1466
2302 2477 1467
3054 3639 1468
2558 2457 1469
3696 430 1470
603 1303 1471
1807 498 1472
2638 3614 1473
3083 3476 1474
315 389 1475
2597 1935 1476
1566 245 1477
474 3889 1478
1312 1667 1479
2221 708 1480
2180 3220 1481
7 58 1482
3233 2704 1483
931 452 1484
3482 659 1485
1044 2467 1486
3535 2593 1487
1923 1634 1488
1464 2473 1489
428 3379 1490
697 3038 1491
851 2139 1492
295 1228 1493
248 379 1494
2692 2761 1495
2182 1492 1496
1876 223 1497
2275 525 1498
2585 3256 1499
2859 3778 1500
2150 1334 1501
1630 1711 1502
2855 283 1503
2863 776 1504
1568 3368 1505
3554 2961 1506
2606 1791 1507
461 3265 1508
1748 1734 1509
1671 43 1510
2607 1323 1511
3844 1515 1512
2900 3000 1513
1514 1488 1514
3560 874 1515
498 2363 1516
750 1019 1517
2706 849 1518
2791 3729 1519
427 467 1520
449 365 1521
540 3067 1522
3532 25 1523
2945 2132 1524
2504 3686 1525
3871 2264 1526
185 2313 1527
2832 1350 1528
1163 2907 1529
2766 1920 1530
3890 3896 1531
1270 142 1532
737 2873 1533
3349 658 1534
1813 1237 1535
2102 939 1536
671 2285 1537
3125 139 1538
1431 781 1539
719 3016 1540
1254 915 1541
3835 1351 1542
2724 3452 1543
1017 2494 1544
582 3874 1545
3427 195 1546
700 1083 1547
463 1774 1548
3044 321 1549
2510 3648 1550
2390 589 1551
507 845 1552
449 3207 1553
409 1314 1554
206 3662 1555
1360 608 1556
1345 3053 1557
1622 165 1558
3508 2124 1559
1908 787 1560
2133 1209 1561
433 1944 1562
3417 373 1563
257 1086 1564
2004 2292 1565
656 2935 1566
313 3883 1567
996 1008 1568
1972 2765 1569
242 3791 1570
1444 3037 1571
2574 990 1572
3375 2042 1573
3761 3871 1574
556 2840 1575
1718 3675 1576
2624 260 1577
550 1889 1578
166 3433 1579
1532 1291 1580
1484 2127 1581
682 2278 1582
221 3655 1583
1399 937 1584
2158 2646 1585
2049 3263 1586
3044 1875 1587
478 3278 1588
477 426 1589
906 2273 1590
2867 1678 1591
2326 2011 1592
583 2419 1593
723 2666 1594
2894 2782 1595
1814 161 1596
979 2184 1597
3685 1811 1598
1483 3623 1599
498 3450 1600
3558 356 1601
1375 2632 1602
1908 3449 1603
3244 2469 1604
2645 1155 1605
906 1227 1606
754 1264 1607
1365 2912 1608
2060 405 1609
211 1128 1610
2590 3635 1611
2273 588 1612
1297 950 1613
1589 1490 1614
2057 2101 1615
3781 3709 1616
546 3079 1617
1543 2365 1618
1885 900 1619
113 736 1620
1631 2480 1621
1862 1179 1622
1172 1294 1623
1075 34 1624
2113 3428 1625
2192 2699 1626
3034 2202 1627
2037 3026 1628
2562 2083 1629
979 564 1630
1489 2578 1631
2418 774 1632
1499 2067 1633
1775 512 1634
1261 3429 1635
2328 1386 1636
811 3051 1637
1533 1658 1638
2906 1829 1639
610 2542 1640
3094 3771 1641
347 2253 1642
1305 2633 1643
1790 3419 1644
1909 2987 1645
3014 2614 1646
2505 2173 1647
2001 666 1648
3080 145 1649
2572 2302 1650
1768 1339 1651
191 3155 1652
2433 1813 1653
2694 1124 1654
2037 2938 1655
3745 1933 1656
1819 3447 1657
3657 1955 1658
2065 2283 1659
2766 293 1660
2938 509 1661
1768 1498 1662
1906 793 1663
3375 257 1664
1257 374 1665
2679 3714 1666
3567 109 1667
1273 332 1668
460 3718 1669
1066 3712 1670
3035 311 1671
3747 397 1672
2482 1162 1673
1904 3664 1674
1923 366 1675
3000 3212 1676
1183 957 1677
2694 2766 1678
2232 1463 1679
3364 2137 1680
2220 876 1681
3340 3750 1682
1448 419 1683
3622 2330 1684
800 3438 1685
1535 3471 1686
2501 2395 1687
1081 3671 1688
498 884 1689
712 2852 1690
2202 3753 1691
1168 1932 1692
877 1561 1693
2236 2040 1694
1844 480 1695
1188 49 1696
1693 720 1697
2568 2556 1698
957 1010 1699
2024 3613 1700
3844 1887 1701
1123 602 1702
628 2555 1703
2473 2043 1704
913 878 1705
3311 772 1706
3401 2921 1707
3867 441 1708
821 3329 1709
2886 729 1710
3330 1681 1711
1359 122 1712
3733 160 1713
2351 1684 1714
2229 3303 1715
1769 1142 1716
1940 3519 1717
660 2973 1718
2637 3679 1719
1557 3814 1720
2495 40 1721
243 1695 1722
2775 2222 1723
3046 3224 1724
2659 2049 1725
3535 2726 1726
3887 3676 1727
217 2992 1728
3625 2233 1729
2638 886 1730
729 3276 1731
433 2901 1732
2483 3794 1733
850 2120 1734
826 2164 1735
3447 2983 1736
1362 3078 1737
2969 3594 1738
1975 380 1739
2766 1540 1740
3634 2728 1741
3526 982 1742
166 1396 1743
364 2231 1744
2561 854 1745
325 3549 1746
1307 3414 1747
1492 2505 1748
959 3181 1749
2580 908 1750
3235 3792 1751
66 3169 1752
1476 905 1753
1205 3615 1754
2161 443 1755
2349 3268 1756
2287 1053 1757
2183 46 1758
1532 1000 1759
2652 1321 1760
437 2551 1761
2646 2218 1762
3570 2774 1763
991 155 1764
3706 796 1765
1818 735 1766
1568 2269 1767
1088 3442 1768
170 1064 1769
672 1276 1770
3838 3109 1771
3274 3286 1772
1137 2862 1773
2104 2612 1774
1666 1414 1775
506 2499 1776
1006 37 1777
2599 856 1778
2008 449 1779
3692 215 1780
3702 65 1781
2131 853 1782
539 2030 1783
3011 1566 1784
2938 2463 1785
3721 2624 1786
3382 1916 1787
1145 2833 1788
251 2498 1789
1484 2267 1790
1139 3334 1791
418 1199 1792
3710 882 1793
2458 3665 1794
1999 2029 1795
1145 3629 1796
3733 249 1797
954 883 1798
3705 3043 1799
3340 471 1800
1650 1468 1801
1784 3850 1802
3058 159 1803
3734 2105 1804
619 2672 1805
363 1545 1806
3513 3174 1807
1412 647 1808
952 50 1809
2850 3305 1810
1643 2579 1811
2082 3364 1812
3034 1688 1813
2161 945 1814
812 3312 1815
3801 3294 1816
1432 3013 1817
1330 1453 1818
1957 1098 1819
3009 2868 1820
308 1050 1821
2489 3765 1822
619 1077 1823
530 2683 1824
1349 33 1825
2724 1435 1826
863 2328 1827
3151 1644 1828
733 2712 1829
2860 3575 1830
1933 399 1831
2887 238 1832
1439 3066 1833
865 494 1834
3889 3536 1835
2801 1861 1836
498 2562 1837
1890 3021 1838
1807 3480 1839
3817 1862 1840
2262 3703 1841
1897 2444 1842
3885 524 1843
3411 1884 1844
913 3474 1845
442 962 1846
2166 1405 1847
1508 648 1848
2548 582 1849
577 1127 1850
3879 3102 1851
556 1940 1852
672 2123 1853
236 2487 1854
364 3443 1855
3173 2242 1856
729 1384 1857
1816 3445 1858
668 2719 1859
1687 3736 1860
1827 3211 1861
2468 1349 1862
3102 2371 1863
526 1543 1864
223 959 1865
996 1853 1866
2695 1202 1867
446 1558 1868
831 2991 1869
2082 1946 1870
723 1971 1871
2301 1467 1872
274 1353 1873
2422 2892 1874
1129 3502 1875
860 2515 1876
362 206 1877
2904 603 1878
2746 3477 1879
3111 207 1880
2696 3656 1881
303 3583 1882
1040 1792 1883
1908 2645 1884
920 1154 1885
3090 3046 1886
197 1700 1887
3550 691 1888
1495 3625 1889
2094 2503 1890
2941 117 1891
545 2813 1892
429 214 1893
754 3837 1894
2973 3886 1895
530 6 1896
1608 2417 1897
3045 768 1898
737 4 1899
470 180 1900
3030 895 1901
2275 1713 1902
859 1578 1903
3381 3571 1904
3235 335 1905
1473 3652 1906
2447 1096 1907
99 607 1908
1328 493 1909
1789 2166 1910
1555 231 1911
1428 3075 1912
2455 138 1913
1735 1280 1914
1760 3696 1915
1249 3478 1916
63 2057 1917
3621 3164 1918
3527 2045 1919
2962 1779 1920
3717 628 1921
3160 248 1922
2983 1998 1923
2766 2032 1924
916 85 1925
121 1925 1926
1254 3820 1927
1938 3319 1928
2400 3288 1929
830 879 1930
1149 1790 1931
2736 2816 1932
48 2140 1933
3504 2478 1934
3259 230 1935
1051 1699 1936
2231 1624 1937
530 1750 1938
1733 395 1939
538 2871 1940
963 119 1941
1768 2695 1942
2302 3890 1943
1864 406 1944
3105 618 1945
3007 266 1946
1778 2594 1947
750 3219 1948
1606 1394 1949
695 2980 1950
1723 19 1951
3183 442 1952
2509 2206 1953
2736 1683 1954
3088 2815 1955
17 634 1956
803 780 1957
1862 543 1958
1039 1630 1959
3826 3776 1960
879 1338 1961
1271 731 1962
2114 1309 1963
591 1174 1964
1112 2354 1965
565 282 1966
501 1428 1967
1465 1941 1968
3482 440 1969
1514 2754 1970
2937 2178 1971
1360 1641 1972
2285 2383 1973
2624 79 1974
2711 928 1975
3136 948 1976
1066 2204 1977
845 326 1978
1666 1724 1979
2858 256 1980
2142 1182 1981
1529 2226 1982
2063 2770 1983
857 3537 1984
1668 1224 1985
3594 3880 1986
2750 1737 1987
2350 241 1988
1000 2443 1989
81 3124 1990
2123 3667 1991
2151 2809 1992
240 3069 1993
149 3087 1994
1539 232 1995
1139 1476 1996
2100 2940 1997
3135 778 1998
3241 147 1999
259 83 2000
2246 3424 2001
2053 186 2002
502 3134 2003
3783 3682 2004
3221 3330 2005
3811 1697 2006
3377 721 2007
2134 1233 2008
2300 2291 2009
2608 1444 2010
1852 2079 2011
3011 3685 2012
2096 1225 2013
1957 2535 2014
733 542 2015
1204 438 2016
2274 1905 2017
275 1344 2018
1933 1969 2019
1472 76 2020
221 971 2021
2590 3498 2022
2432 839 2023
757 802 2024
3709 3315 2025
2183 2629 2026
660 1631 2027
3873 2048 2028
120 3672 2029
2102 2431 2030
338 3764 2031
3817 1876 2032
1231 254 2033
379 1675 2034
1807 2904 2035
1972 3129 2036
30 922 2037
202 3534 2038
1663 1562 2039
2293 909 2040
3622 1671 2041
756 2339 2042
449 2151 2043
371 3795 2044
66 1568 2045
2725 1665 2046
1503 1114 2047
1129 41 2048
617 1883 2049
1790 1984 2050
3302 1715 2051
1935 3618 2052
2854 1707 2053
3280 3370 2054
3095 211 2055
2429 3763 2056
1694 3401 2057
2182 3761 2058
2637 2537 2059
596 3557 2060
840 2061 2061
658 605 2062
3727 2107 2063
2991 3734 2064
2625 325 2065
3721 797 2066
1575 3215 2067
1424 278 2068
1875 680 2069
2846 520 2070
2692 2581 2071
3101 3868 2072
2351 1206 2073
1408 2553 2074
478 3127 2075
2037 2403 2076
2356 3749 2077
1787 2606 2078
1732 329 2079
2659 840 2080
1536 242 2081
1785 1257 2082
2 3495 2083
621 923 2084
2579 994 2085
1506 2199 2086
492 1928 2087
1663 1858 2088
2340 2456 2089
521 3097 2090
2412 2518 2091
2028 3467 2092
1981 2670 2093
3111 2384 2094
1492 2468 2095
3104 3252 2096
154 2098 2097
3344 1986 2098
2806 1356 2099
757 1226 2100
1375 826 2101
1933 3297 2102
753 3222 2103
1971 1894 2104
1353 1404 2105
2869 3388 2106
1683 3591 2107
3455 2998 2108
368 3173 2109
419 1011 2110
3695 716 2111
3874 2047 2112
3107 3296 2113
3835 2025 2114
913 2038 2115
1762 3521 2116
1026 1605 2117
1538 3757 2118
3380 1640 2119
3121 1760 2120
1793 73 2121
285 3803 2122
2969 1125 2123
1075 1121 2124
2712 3604 2125
3500 3805 2126
1830 661 2127
2585 3157 2128
2640 3485 2129
1360 3279 2130
2684 2626 2131
1764 2557 2132
3194 2489 2133
1568 852 2134
1870 1612 2135
1861 2923 2136
791 483 2137
1494 136 2138
497 2247 2139
2575 1864 2140
2579 2090 2141
99 596 2142
1267 3332 2143
945 1865 2144
2850 29 2145
3310 488 2146
682 1893 2147
3181 500 2148
277 318 2149
1167 3233 2150
956 2755 2151
3283 3849 2152
509 2316 2153
2566 2993 2154
3771 2937 2155
2441 1205 2156
1718 2870 2157
2468 3560 2158
3423 3010 2159
2605 3061 2160
1545 2533 2161
956 3833 2162
3517 3482 2163
2151 823 2164
1342 964 2165
2299 2380 2166
2869 2312 2167
2849 284 2168
289 3586 2169
1863 2996 2170
3811 125 2171
407 887 2172
2492 1427 2173
3449 1995 2174
3321 235 2175
2631 992 2176
1824 3494 2177
1104 279 2178
504 3806 2179
3249 2446 2180
174 1167 2181
1081 2106 2182
523 3735 2183
3179 3641 2184
290 3900 2185
523 225 2186
1503 3885 2187
2235 1418 2188
2771 1927 2189
748 353 2190
2850 3020 2191
3466 2385 2192
1044 3415 2193
3088 1180 2194
3801 1245 2195
2441 1423 2196
1819 1254 2197
671 1277 2198
3244 2163 2199
2969 3225 2200
3727 3785 2201
1683 3361 2202
1604 868 2203
283 2114 2204
1385 3834 2205
570 1692 2206
1520 1165 2207
1124 749 2208
3054 2255 2209
1768 1785 2210
866 2994 2211
1898 2488 2212
484 2784 2213
2182 2066 2214
1353 3589 2215
2461 2851 2216
1174 3554 2217
240 3342 2218
3339 2082 2219
1775 2869 2220
1403 2228 2221
3030 3822 2222
2860 447 2223
3221 1812 2224
1112 795 2225
1593 2609 2226
259 9 2227
1172 881 2228
3561 1559 2229
990 1 2230
539 2136 2231
1292 2963 2232
3079 3270 2233
2298 3873 2234
148 3700 2235
3281 3497 2236
3092 2084 2237
1864 685 2238
2413 2638 2239
3313 130 2240
547 751 2241
283 1670 2242
1775 3258 2243
1934 903 2244
2510 3563 2245
1807 3344 2246
3594 3416 2247
3476 848 2248
2575 1017 2249
80 1255 2250
1732 1113 2251
3817 3732 2252
523 1871 2253
750 574 2254
45 2026 2255
2754 36 2256
838 2065 2257
145 3326 2258
958 1588 2259
1552 2442 2260
3631 2250 2261
1071 1173 2262
2574 3114 2263
1632 1977 2264
1870 3530 2265
3654 1406 2266
3274 3391 2267
2759 1979 2268
1403 2162 2269
2161 1536 2270
2002 446 2271
2963 3888 2272
3756 60 2273
1315 2282 2274
1138 251 2275
2043 3638 2276
1933 1789 2277
296 513 2278
3194 951 2279
3617 2967 2280
1006 216 2281
610 1300 2282
486 3654 2283
2215 2451 2284
3735 815 2285
2219 2867 2286
227 967 2287
1447 3103 2288
3441 2183 2289
3346 1052 2290
1254 3620 2291
618 3842 2292
1555 1150 2293
2937 2421 2294
96 3255 2295
835 259 2296
3142 2807 2297
958 695 2298
1784 2435 2299
2209 1687 2300
308 2373 2301
620 1137 2302
3217 713 2303
73 3434 2304
1751 2788 2305
3773 3659 2306
915 3533 2307
2915 1464 2308
758 619 2309
1067 3506 2310
753 2653 2311
949 1270 2312
498 1650 2313
911 367 2314
1931 1915 2315
3447 1996 2316
2327 1725 2317
1375 3183 2318
2893 2823 2319
1836 2661 2320
2892 2768 2321
730 1393 2322
1694 1758 2323
660 2436 2324
197 3192 2325
697 1460 2326
1796 1841 2327
449 885 2328
2100 985 2329
1306 3304 2330
3899 2257 2331
489 2737 2332
607 3760 2333
1826 1379 2334
2724 1673 2335
3873 1282 2336
2881 3149 2337
315 1036 2338
2607 1407 2339
2967 2580 2340
304 107 2341
587 460 2342
367 2475 2343
408 1197 2344
2106 3006 2345
2761 600 2346
1566 2280 2347
2441 1555 2348
1327 118 2349
2196 1534 2350
3054 322 2351
3049 621 2352
3592 378 2353
2158 2239 2354
1278 747 2355
3652 2510 2356
2273 2017 2357
3850 3423 2358
611 2248 2359
2377 3123 2360
3793 3378 2361
234 2801 2362
2873 2493 2363
2133 1412 2364
2602 1694 2365
515 2723 2366
3745 17 2367
756 2472 2368
2507 1312 2369
3157 13 2370
1692 16 2371
3834 2271 2372
1397 2387 2373
3340 870 2374
3632 1236 2375
2480 408 2376
811 1532 2377
2422 28 2378
3358 2484 2379
1761 2552 2380
2422 3500 2381
1462 1656 2382
1736 3251 2383
3855 75 2384
2169 955 2385
91 1051 2386
3823 914 2387
3657 1632 2388
564 590 2389
2295 3143 2390
223 486 2391
449 2740 2392
3349 1221 2393
3280 1585 2394
1449 1719 2395
2261 3891 2396
863 2574 2397
3235 3092 2398
26 3004 2399
2169 1398 2400
3186 3644 2401
963 1796 2402
863 917 2403
3266 649 2404
1834 1868 2405
1079 1322 2406
2636 1013 2407
2967 3454 2408
2667 1763 2409
2906 3716 2410
1882 1967 2411
679 2615 2412
2549 1956 2413
2198 3898 2414
2150 361 2415
458 422 2416
3838 197 2417
2492 2715 2418
143 3056 2419
659 551 2420
1565 931 2421
2617 385 2422
3067 725 2423
3392 97 2424
441 3782 2425
916 1985 2426
1532 2861 2427
2223 2256 2428
1552 3514 2429
3169 2956 2430
2492 346 2431
3787 1331 2432
3809 2703 2433
3878 1721 2434
2655 3861 2435
2522 3774 2436
2475 3559 2437
329 3766 2438
2652 1126 2439
223 3706 2440
3389 925 2441
2093 3065 2442
632 2338 2443
1882 3895 2444
3513 861 2445
3136 3235 2446
2305 1708 2447
3757 743 2448
2979 3634 2449
2271 667 2450
2254 1297 2451
2871 3587 2452
1315 1668 2453
2400 3203 2454
3497 652 2455
913 308 2456
44 1191 2457
1455 432 2458
956 1690 2459
502 3323 2460
2926 2736 2461
251 3295 2462
1870 935 2463
2010 3492 2464
2273 3463 2465
391 1828 2466
2345 1134 2467
562 1800 2468
3839 343 2469
3264 1957 2470
2465 3611 2471
2754 220 2472
708 2686 2473
2915 816 2474
2865 2512 2475
180 3637 2476
3811 3327 2477
1839 1235 2478
1951 3660 2479
2311 3231 2480
227 292 2481
1825 1219 2482
1974 3360 2483
1908 472 2484
1807 2517 2485
1493 3229 2486
2901 2180 2487
800 3131 2488
675 880 2489
1298 770 2490
670 3239 2491
3517 3404 2492
613 1153 2493
2600 202 2494
1210 2920 2495
121 1639 2496
2327 2733 2497
707 1616 2498
863 1119 2499
1831 2001 2500
3632 3195 2501
1730 1104 2502
109 2783 2503
244 755 2504
2238 469 2505
3425 604 2506
3850 754 2507
1933 737 2508
3828 3630 2509
1144 2523 2510
3200 1509 2511
569 81 2512
2082 3168 2513
2248 3892 2514
1252 492 2515
979 2729 2516
2713 3719 2517
3558 2153 2518
3805 1014 2519
2979 2731 2520
160 409 2521
311 1041 2522
2130 533 2523
1932 2601 2524
2381 1327 2525
3059 2981 2526
433 263 2527
3115 2929 2528
1499 1553 2529
1650 3628 2530
1768 2413 2531
3264 427 2532
3406 801 2533
3350 627 2534
3785 1392 2535
767 1685 2536
3481 1727 2537
2191 1007 2538
1599 534 2539
1675 2643 2540
3009 3848 2541
2034 2749 2542
2327 983 2543
426 580 2544
928 3310 2545
3757 270 2546
229 673 2547
1079 3411 2548
3058 478 2549
203 1974 2550
1536 3209 2551
1497 314 2552
2270 3402 2553
1246 1936 2554
2011 2176 2555
2802 2884 2556
1352 3866 2557
2683 1266 2558
189 2622 2559
1486 738 2560
3632 3728 2561
3767 1187 2562
2817 2844 2563
2588 919 2564
3603 1194 2565
3547 3145 2566
3632 539 2567
1791 3612 2568
2435 1074 2569
63 1775 2570
3620 871 2571
1137 2745 2572
1683 289 2573
1300 3049 2574
2182 1072 2575
865 2034 2576
128 416 2577
1660 3357 2578
1254 3030 2579
2684 1419 2580
1816 3039 2581
1216 1988 2582
1339 2130 2583
2210 2437 2584
648 250 2585
1465 1495 2586
1729 1382 2587
3826 2988 2588
286 3089 2589
3022 3365 2590
2985 2370 2591
1929 3189 2592
3067 2235 2593
1262 1929 2594
373 1381 2595
1608 264 2596
1210 2310 2597
3358 1817 2598
2205 68 2599
3012 3082 2600
2667 2471 2601
2403 277 2602
406 1217 2603
1349 2219 2604
2925 1896 2605
2484 2589 2606
3210 287 2607
3183 3610 2608
3001 2099 2609
1414 3799 2610
1845 78 2611
3330 3093 2612
2187 2429 2613
1819 203 2614
2686 1765 2615
1609 790 2616
3271 1782 2617
754 668 2618
3224 1058 2619
1036 1997 2620
2814 1821 2621
3820 529 2622
1430 614 2623
2422 927 2624
1410 1757 2625
2311 3462 2626
3695 2845 2627
3145 184 2628
3137 3397 2629
3049 821 2630
2331 1653 2631
3242 2897 2632
3165 2596 2633
2695 1574 2634
211 3605 2635
364 3032 2636
1600 222 2637
2910 2539 2638
2473 2238 2639
2556 2314 2640
1775 2659 2641
2364 2541 2642
2973 775 2643
734 2959 2644
26 120 2645
2952 2592 2646
2406 418 2647
1873 2511 2648
1932 1962 2649
2708 3298 2650
1091 625 2651
2125 423 2652
3054 2636 2653
3534 1753 2654
2512 2033 2655
2133 705 2656
3047 1533 2657
3049 2630 2658
2590 707 2659
3657 1886 2660
1816 1390 2661
2340 3292 2662
1295 410 2663
1873 1292 2664
94 1816 2665
1233 3140 2666
1651 173 2667
2127 1422 2668
3403 1425 2669
3530 963 2670
718 528 2671
3177 1333 2672
2698 517 2673
2692 1712 2674
191 1635 2675
1751 63 2676
99 664 2677
1551 3374 2678
1278 3797 2679
304 458 2680
420 1599 2681
3356 337 2682
3254 1530 2683
634 2529 2684
1613 485 2685
2351 2350 2686
3210 1420 2687
411 2157 2688
810 3738 2689
498 2402 2690
2563 2214 2691
3647 213 2692
1842 2055 2693
660 869 2694
2477 740 2695
2123 1512 2696
1906 2586 2697
593 1975 2698
1382 1850 2699
2337 2347 2700
381 2682 2701
3034 571 2702
66 3786 2703
3193 3845 2704
1431 2378 2705
2462 872 2706
2517 1822 2707
2692 3194 2708
598 2008 2709
1753 349 2710
3596 2899 2711
2468 1964 2712
1663 1365 2713
2073 2329 2714
1414 1550 2715
3735 2949 2716
1067 2287 2717
2037 1877 2718
2734 2769 2719
546 1808 2720
3424 2854 2721
2044 3042 2722
2229 3369 2723
277 421 2724
208 2620 2725
2084 944 2726
130 1116 2727
1713 3227 2728
2192 1945 2729
907 1994 2730
2412 639 2731
2291 3588 2732
2033 3829 2733
2370 613 2734
3596 3206 2735
3352 516 2736
2823 3425 2737
3297 2080 2738
2906 1872 2739
920 2097 2740
2474 2149 2741
2711 2623 2742
2406 2072 2743
2449 1477 2744
3490 977 2745
1241 3208 2746
1175 307 2747
2680 3608 2748
1543 1445 2749
3746 1186 2750
1807 896 2751
2462 888 2752
3580 377 2753
1375 1138 2754
520 2014 2755
703 2853 2756
1224 2621 2757
2581 2135 2758
2581 2738 2759
275 744 2760
2474 1171 2761
1138 3538 2762
2167 544 2763
458 2848 2764
2689 987 2765
1380 1459 2766
3865 1911 2767
2124 1993 2768
569 2069 2769
702 1097 2770
627 898 2771
2299 1939 2772
3088 1192 2773
2475 1781 2774
3279 2293 2775
2385 1601 2776
621 1778 2777
2702 3382 2778
813 151 2779
1154 1337 2780
146 2249 2781
2718 3582 2782
948 3054 2783
2499 3376 2784
735 2598 2785
2783 2059 2786
3815 1598 2787
614 2964 2788
3324 2197 2789
1841 3847 2790
3105 758 2791
3054 949 2792
687 1621 2793
512 1136 2794
1764 134 2795
208 2838 2796
3181 3325 2797
2203 466 2798
956 2088 2799
3807 14 2800
1151 1144 2801
1075 1575 2802
1591 3627 2803
1091 2438 2804
3693 3027 2805
3363 2405 2806
2386 2876 2807
1401 3432 2808
12 3490 2809
1807 401 2810
1687 508 2811
1784 1375 2812
3092 3395 2813
1188 591 2814
1642 2916 2815
1956 2112 2816
1301 1520 2817
426 2966 2818
1125 132 2819
2645 2433 2820
1301 1524 2821
2264 2188 2822
1552 1825 2823
2005 827 2824
2986 3678 2825
1768 562 2826
264 3851 2827
2740 2364 2828
2600 2570 2829
3292 2465 2830
379 1031 2831
3142 2953 2832
364 3609 2833
3508 3014 2834
3530 3754 2835
2066 2588 2836
3191 3863 2837
2855 2811 2838
1812 44 2839
1414 2182 2840
917 3690 2841
3503 3567 2842
2654 1157 2843
996 3562 2844
2565 2129 2845
253 3055 2846
3647 3661 2847
695 2976 2848
3324 3096 2849
499 2103 2850
3203 2056 2851
3335 1329 2852
1247 457 2853
3280 540 2854
3254 3651 2855
287 586 2856
240 1141 2857
3344 2527 2858
1300 2658 2859
3884 3139 2860
3058 1867 2861
388 11 2862
3419 383 2863
1768 1473 2864
602 3573 2865
3443 38 2866
445 2186 2867
2947 3144 2868
317 1554 2869
1751 1081 2870
3194 2936 2871
1111 622 2872
2364 1980 2873
1108 1717 2874
618 1662 2875
3612 53 2876
3240 2185 2877
295 2692 2878
745 2794 2879
426 3693 2880
1951 1278 2881
2846 3076 2882
3745 1484 2883
928 3491 2884
2969 2441 2885
295 1108 2886
176 92 2887
1395 1992 2888
3046 1169 2889
1547 929 2890
1799 999 2891
2385 2878 2892
1796 1637 2893
1729 417 2894
16 636 2895
1246 2122 2896
1081 3058 2897
3254 1999 2898
227 568 2899
249 1535 2900
3454 1310 2901
2534 1001 2902
538 1503 2903
2168 1571 2904
1934 907 2905
1188 3870 2906
1524 1285 2907
3585 1129 2908
1375 946 2909
1775 2779 2910
1844 1855 2911
157 338 2912
3141 300 2913
3761 1387 2914
2913 678 2915
874 1029 2916
3277 3146 2917
1957 3815 2918
869 1494 2919
1412 3565 2920
978 1646 2921
833 1046 2922
2878 701 2923
2435 3489 2924
1858 2411 2925
2068 1298 2926
1454 2951 2927
1680 947 2928
1034 1335 2929
2044 2245 2930
1940 2064 2931
1028 783 2932
1522 3321 2933
2623 2674 2934
1113 1269 2935
857 3708 2936
2729 2758 2937
848 584 2938
946 860 2939
617 1246 2940
904 1005 2941
3761 697 2942
3014 3472 2943
2572 3727 2944
2755 2707 2945
915 394 2946
1067 1178 2947
3576 2092 2948
1506 2792 2949
1943 3598 2950
3277 2332 2951
163 859 2952
160 21 2953
3745 3136 2954
3277 3040 2955
1632 495 2956
1372 3031 2957
512 2261 2958
2335 1590 2959
3569 830 2960
191 312 2961
1151 1847 2962
2773 2561 2963
1930 555 2964
2260 3606 2965
3594 3389 2966
934 2702 2967
242 502 2968
3695 2709 2969
3894 1054 2970
191 2753 2971
2012 1516 2972
2125 637 2973
1668 2491 2974
3534 1958 2975
3209 2834 2976
3280 2985 2977
1081 940 2978
1411 989 2979
834 176 2980
2431 2924 2981
556 3156 2982
3194 2947 2983
1496 2500 2984
2702 2532 2985
274 3580 2986
486 837 2987
2542 2849 2988
2874 1761 2989
908 229 2990
2903 2679 2991
3184 123 2992
3630 531 2993
3535 1866 2994
3399 2914 2995
3585 507 2996
923 1416 2997
1784 3817 2998
1629 3705 2999
1030 717 3000
1571 2573 3001
1061 90 3002
1294 3515 3003
3321 1693 3004
32 757 3005
3466 3762 3006
2675 1160 3007
2617 1892 3008
30 3072 3009
2620 144 3010
2302 954 3011
3015 1609 3012
234 724 3013
160 2502 3014
2424 3790 3015
2625 3240 3016
3298 2637 3017
362 968 3018
2517 890 3019
3473 228 3020
3501 3002 3021
3134 3180 3022
370 3153 3023
2954 970 3024
2885 3214 3025
2822 3085 3026
729 1773 3027
1437 1340 3028
610 3044 3029
3873 2074 3030
3118 2134 3031
3019 172 3032
2325 2400 3033
2162 3062 3034
1023 2201 3035
3394 2824 3036
2310 560 3037
2501 1383 3038
2783 1891 3039
1125 3191 3040
1322 320 3041
972 2649 3042
3169 404 3043
1785 351 3044
3858 2521 3045
3631 3578 3046
3219 2116 3047
3064 1232 3048
3454 345 3049
2169 2859 3050
818 2757 3051
502 2571 3052
2804 2479 3053
885 850 3054
1778 1035 3055
1962 961 3056
3149 585 3057
892 1399 3058
2322 352 3059
2104 1287 3060
286 384 3061
2108 1664 3062
426 960 3063
1464 396 3064
298 3259 3065
3791 328 3066
1992 2896 3067
3400 2474 3068
3496 3543 3069
1375 2828 3070
3049 3853 3071
1246 1012 3072
1787 3688 3073
1485 2627 3074
2561 1491 3075
1823 1716 3076
2114 1728 3077
3785 2943 3078
2695 1026 3079
486 632 3080
2509 1256 3081
160 1471 3082
2061 3230 3083
1840 2386 3084
3787 424 3085
3742 2841 3086
1932 2301 3087
1087 2676 3088
2974 2524 3089
2628 1504 3090
3337 2356 3091
227 819 3092
1917 2842 3093
1940 3048 3094
1824 592 3095
3534 3876 3096
2163 897 3097
3043 3824 3098
3720 1486 3099
2714 657 3100
2094 2131 3101
984 2950 3102
2221 1250 3103
3223 2466 3104
1339 3517 3105
3190 2409 3106
3757 651 3107
3513 1521 3108
915 2236 3109
1825 497 3110
1882 2270 3111
3653 2296 3112
995 1522 3113
901 2863 3114
3230 2334 3115
1931 1968 3116
3745 792 3117
545 3217 3118
2623 3003 3119
67 1567 3120
3517 1882 3121
77 566 3122
1525 489 3123
1719 319 3124
2474 1613 3125
3491 140 3126
1360 818 3127
1924 262 3128
3169 1305 3129
1091 3437 3130
2658 723 3131
1642 3172 3132
108 1289 3133
449 2685 3134
1745 974 3135
3412 3855 3136
3568 1045 3137
2327 3393 3138
1339 3351 3139
948 2225 3140
682 2349 3141
1768 1068 3142
712 476 3143
2291 1843 3144
1683 2927 3145
1641 200 3146
3006 1313 3147
2688 2307 3148
3173 2015 3149
2148 2089 3150
142 3171 3151
2354 2423 3152
2791 978 3153
1692 748 3154
946 415 3155
1134 1161 3156
2586 2698 3157
1017 1845 3158
1171 1615 3159
800 1070 3160
2884 762 3161
509 864 3162
3481 437 3163
1840 1103 3164
356 3544 3165
596 3646 3166
1973 1922 3167
705 2525 3168
1889 1135 3169
60 690 3170
2221 2078 3171
1262 1844 3172
1980 3642 3173
2557 3410 3174
26 554 3175
521 1436 3176
1970 3619 3177
3394 1629 3178
1210 2979 3179
1349 1208 3180
3160 2404 3181
1371 1120 3182
2243 510 3183
1875 1709 3184
2096 3165 3185
573 537 3186
3792 2558 3187
2509 3045 3188
1068 1848 3189
2143 1446 3190
3482 364 3191
513 1669 3192
834 3115 3193
905 3350 3194
3441 1743 3195
1179 1663 3196
2637 3860 3197
2463 3202 3198
1764 2382 3199
2849 3525 3200
1724 3099 3201
128 2110 3202
3210 1793 3203
1539 672 3204
3692 1846 3205
2282 3170 3206
3111 3459 3207
474 1385 3208
2328 1806 3209
959 1185 3210
2243 2554 3211
840 2810 3212
3877 1481 3213
2873 1696 3214
1136 2879 3215
1824 2420 3216
2572 3516 3217
1375 66 3218
3397 3827 3219
821 660 3220
3817 3585 3221
860 1336 3222
1560 1720 3223
1279 1438 3224
3636 817 3225
644 2657 3226
2161 556 3227
48 1525 3228
3049 3446 3229
2340 2717 3230
263 1529 3231
3535 3793 3232
855 2790 3233
190 899 3234
2872 1057 3235
1336 2455 3236
3848 1672 3237
259 2713 3238
1185 3633 3239
368 2602 3240
2205 2777 3241
640 2060 3242
3702 1819 3243
1564 1593 3244
3281 3752 3245
2969 255 3246
1131 1950 3247
373 1230 3248
261 3595 3249
934 1145 3250
2004 709 3251
3480 2142 3252
2101 226 3253
1915 3775 3254
2082 1863 3255
2816 2252 3256
1183 1579 3257
264 3128 3258
3669 1880 3259
3395 2212 3260
221 2345 3261
1769 2294 3262
1051 305 3263
3423 95 3264
3820 189 3265
697 1913 3266
3697 1184 3267
3632 1730 3268
2585 638 3269
3482 1357 3270
1336 1772 3271
1224 767 3272
2907 3161 3273
3361 686 3274
196 2181 3275
2608 2625 3276
372 1241 3277
3381 2781 3278
295 835 3279
2268 2730 3280
2726 3801 3281
592 2081 3282
3450 2772 3283
1406 1854 3284
3483 1306 3285
1306 2266 3286
1641 1814 3287
1119 3100 3288
963 3242 3289
1283 3740 3290
2584 3188 3291
88 1389 3292
3248 2393 3293
1003 2530 3294
1426 3464 3295
166 1831 3296
3799 3091 3297
2769 2875 3298
2461 1903 3299
3034 2318 3300
1305 3683 3301
34 2569 3302
786 456 3303
1678 2251 3304
2924 2216 3305
995 623 3306
2236 3640 3307
3063 3484 3308
2144 2895 3309
325 894 3310
2467 2647 3311
1081 2905 3312
2695 276 3313
2153 2716 3314
593 3057 3315
3745 3858 3316
497 1317 3317
570 1395 3318
2610 3512 3319
723 94 3320
1925 696 3321
304 3470 3322
3517 1432 3323
2695 3007 3324
3326 2315 3325
1006 1345 3326
951 2203 3327
3294 1976 3328
13 1220 3329
2272 3616 3330
2584 633 3331
968 1222 3332
3136 863 3333
3370 2450 3334
2480 3262 3335
625 52 3336
658 1409 3337
3013 2972 3338
3392 2898 3339
1075 3657 3340
3177 3501 3341
1858 3274 3342
1456 1439 3343
2764 2831 3344
825 3106 3345
1322 3840 3346
3299 806 3347
2843 2628 3348
3197 558 3349
245 1706 3350
1631 1752 3351
3676 1216 3352
2297 3807 3353
735 1487 3354
3035 1247 3355
2840 2984 3356
3597 1059 3357
2330 191 3358
3412 1723 3359
3522 3318 3360
2037 1123 3361
830 3356 3362
2033 156 3363
1935 2671 3364
63 2007 3365
489 2566 3366
2544 1547 3367
31 1470 3368
3594 1099 3369
1473 192 3370
2050 1434 3371
3671 2200 3372
3676 3487 3373
1767 1458 3374
512 3701 3375
2597 3343 3376
2356 3483 3377
3261 2714 3378
3034 1151 3379
209 490 3380
1824 170 3381
2549 3523 3382
102 3584 3383
327 363 3384
1568 1627 3385
332 2662 3386
2610 296 3387
3657 1595 3388
2475 105 3389
1496 3518 3390
1608 3254 3391
638 2394 3392
3580 514 3393
1375 1959 3394
482 3248 3395
3733 154 3396
553 382 3397
147 2968 3398
3105 3282 3399
3380 3835 3400
2480 358 3401
410 1652 3402
2413 2669 3403
840 1677 3404
185 788 3405
939 3649 3406
2828 1066 3407
850 239 3408
903 3520 3409
2846 2725 3410
2084 2401 3411
1956 1904 3412
1684 771 3413
2698 3836 3414
1167 2882 3415
3622 2175 3416
1511 674 3417
2096 1606 3418
2897 133 3419
3137 3810 3420
2776 942 3421
1882 2547 3422
3476 1346 3423
45 2485 3424
3083 2146 3425
1586 973 3426
702 2887 3427
158 3828 3428
1108 3747 3429
3483 342 3430
831 1101 3431
1985 1271 3432
1550 3865 3433
782 3167 3434
2498 3704 3435
3547 956 3436
2989 3852 3437
3507 2640 3438
248 2773 3439
598 1908 3440
2012 2430 3441
1330 2237 3442
1387 1518 3443
221 290 3444
2871 3444 3445
51 1003 3446
1286 611 3447
2938 2812 3448
2850 2906 3449
108 773 3450
3083 1735 3451
3706 1881 3452
2933 1048 3453
287 2143 3454
160 1698 3455
240 2696 3456
974 324 3457
3144 2752 3458
7 3550 3459
1593 281 3460
2846 865 3461
598 2036 3462
3779 3809 3463
1692 2846 3464
3747 2128 3465
539 2158 3466
2930 3291 3467
3837 2396 3468
390 3830 3469
2205 764 3470
2237 1966 3471
948 3287 3472
3235 1874 3473
203 1549 3474
821 1701 3475
3105 1931 3476
3447 1175 3477
874 3018 3478
826 3535 3479
756 893 3480
2429 2434 3481
455 3788 3482
432 3699 3483
2131 431 3484
1079 1020 3485
3089 536 3486
2587 104 3487
2642 2775 3488
2389 1363 3489
3873 3226 3490
2909 1583 3491
3646 1447 3492
1675 3151 3493
1550 2077 3494
664 103 3495
1013 1954 3496
1346 1027 3497
2422 1203 3498
2846 2800 3499
1642 727 3500
3673 576 3501
2248 2526 3502
3622 2377 3503
142 1358 3504
946 733 3505
1475 2911 3506
321 1655 3507
1383 2053 3508
3538 1195 3509
455 313 3510
1371 3601 3511
283 146 3512
2927 2453 3513
835 3199 3514
2562 2352 3515
562 572 3516
2733 3593 3517
3650 687 3518
528 1397 3519
3702 2298 3520
3622 477 3521
2800 1391 3522
2987 2020 3523
287 387 3524
486 1749 3525
223 2587 3526
2315 1680 3527
2967 2240 3528
1710 777 3529
2335 2198 3530
3221 2652 3531
3050 1937 3532
147 3783 3533
221 2445 3534
1188 799 3535
3044 2590 3536
645 2044 3537
1890 2096 3538
3632 295 3539
203 3748 3540
886 3399 3541
3142 784 3542
1134 1454 3543
1874 1622 3544
1746 484 3545
1325 3457 3546
245 1172 3547
671 2171 3548
3038 3120 3549
176 1043 3550
2046 3556 3551
473 2997 3552
3226 3070 3553
1573 1856 3554
287 3272 3555
1944 2005 3556
2008 3751 3557
381 779 3558
2583 936 3559
626 756 3560
1419 3499 3561
368 3721 3562
3 2762 3563
2368 2071 3564
602 166 3565
2659 3602 3566
902 2520 3567
2140 698 3568
3380 578 3569
3063 269 3570
180 3572 3571
1529 1244 3572
898 2778 3573
2371 3163 3574
2800 3074 3575
1282 212 3576
543 347 3577
3622 108 3578
1921 1106 3579
2773 3645 3580
3817 3779 3581
3765 59 3582
610 3011 3583
2695 3241 3584
1067 354 3585
2555 3539 3586
1008 2476 3587
2153 113 3588
766 448 3589
861 2154 3590
1108 3441 3591
2259 1424 3592
3745 1417 3593
2924 2343 3594
2253 1328 3595
2585 1836 3596
3656 2322 3597
1092 3196 3598
1476 1834 3599
3572 1978 3600
2351 1732 3601
2187 388 3602
2585 393 3603
2999 1105 3604
684 1130 3605
2038 3185 3606
1914 2141 3607
2403 3017 3608
1638 3363 3609
304 3561 3610
2945 2223 3611
3304 1461 3612
1694 1380 3613
1151 331 3614
1933 1170 3615
3177 3427 3616
1276 3808 3617
1146 2965 3618
3441 1283 3619
3107 1513 3620
2822 1023 3621
3543 1830 3622
1641 2068 3623
709 3178 3624
3676 2509 3625
2169 3547 3626
3450 2939 3627
792 2003 3628
935 2804 3629
963 360 3630
3007 3811 3631
1784 3702 3632
2562 1797 3633
935 1738 3634
3087 1990 3635
1568 1586 3636
1203 1733 3637
1458 1809 3638
3581 1480 3639
1138 1273 3640
1933 381 3641
356 208 3642
1536 3398 3643
1719 2422 3644
1939 1131 3645
2350 1371 3646
1150 1122 3647
3718 1851 3648
3054 1704 3649
1484 1091 3650
3392 3496 3651
1199 102 3652
549 2718 3653
2182 2913 3654
2419 1918 3655
2218 1148 3656
871 175 3657
3820 1729 3658
3313 2795 3659
3596 579 3660
3889 3859 3661
3361 1223 3662
2663 3339 3663
499 1910 3664
2589 2170 3665
763 2819 3666
2262 1039 3667
2486 2196 3668
2325 3504 3669
3044 671 3670
2877 1589 3671
554 15 3672
2695 3440 3673
487 877 3674
2822 2548 3675
3019 702 3676
3599 847 3677
1812 2145 3678
2429 2787 3679
2150 3050 3680
831 1479 3681
2972 455 3682
1882 958 3683
1725 218 3684
2356 3697 3685
1801 1076 3686
295 304 3687
2378 258 3688
2690 2650 3689
620 2568 3690
2327 2746 3691
805 1181 3692
610 1483 3693
2229 805 3694
2468 798 3695
3177 1804 3696
3512 1802 3697
54 2050 3698
543 3875 3699
3534 350 3700
155 975 3701
73 2193 3702
1136 268 3703
2386 981 3704
1396 553 3705
1437 1166 3706
1562 1591 3707
1933 2572 3708
682 2458 3709
1291 1989 3710
1422 662 3711
1364 317 3712
1331 3162 3713
1099 1268 3714
1574 3111 3715
750 518 3716
2255 689 3717
565 1204 3718
1504 965 3719
2915 1361 3720
2789 765 3721
3159 3436 3722
173 812 3723
2394 1537 3724
884 2111 3725
1319 3228 3726
1650 153 3727
1901 2514 3728
3007 1600 3729
291 3362 3730
740 3636 3731
915 1281 3732
1330 181 3733
451 375 3734
2904 174 3735
3204 1557 3736
2637 1362 3737
500 1689 3738
3019 2004 3739
3496 2591 3740
1781 1885 3741
2624 1756 3742
2062 1373 3743
2705 2803 3744
1926 2093 3745
686 506 3746
2115 3130 3747
2581 1705 3748
3496 2560 3749
3250 1143 3750
2428 2368 3751
1499 598 3752
3708 1242 3753
2326 996 3754
1264 2342 3755
2560 3409 3756
1031 3826 3757
2554 1805 3758
1201 547 3759
2898 1367 3760
3040 2337 3761
2824 873 3762
1453 2744 3763
433 386 3764
2380 1147 3765
2377 3823 3766
1426 1551 3767
248 2497 3768
1447 2668 3769
3695 3068 3770
2232 355 3771
3020 24 3772
1594 411 3773
3105 2952 3774
2917 3186 3775
2612 1527 3776
818 2281 3777
3416 2584 3778
2330 2955 3779
1721 2168 3780
3251 1408 3781
2903 3387 3782
3648 1025 3783
961 2289 3784
1736 2925 3785
1008 3448 3786
2183 3418 3787
896 2917 3788
390 420 3789
3034 1258 3790
2654 3455 3791
2803 3856 3792
3049 1948 3793
595 527 3794
3177 2802 3795
111 615 3796
203 2 3797
754 149 3798
3550 323 3799
757 2486 3800
726 2697 3801
1552 1755 3802
3513 368 3803
1862 1508 3804
1831 1372 3805
905 190 3806
78 280 3807
2530 972 3808
1421 2763 3809
1231 753 3810
2877 3854 3811
3722 1754 3812
1148 2379 3813
3725 1107 3814
3321 2545 3815
328 1009 3816
3491 3532 3817
496 933 3818
1300 3275 3819
2311 993 3820
3136 911 3821
923 3475 3822
2539 1240 3823
1152 734 3824
379 1810 3825
2650 2268 3826
2908 1548 3827
496 1156 3828
1548 2891 3829
2320 1065 3830
3022 3899 3831
844 2690 3832
2067 2412 3833
610 3513 3834
389 2190 3835
89 3877 3836
2057 177 3837
1081 1004 3838
1559 2820 3839
3539 1926 3840
406 2857 3841
3077 2258 3842
2883 998 3843
3034 726 3844
1169 2362 3845
3057 3317 3846
1784 569 3847
1789 3669 3848
516 126 3849
1020 3284 3850
702 201 3851
879 2595 3852
3850 2829 3853
1117 1378 3854
2349 2427 3855
3737 3412 3856
3034 91 3857
753 3526 3858
2602 451 3859
1381 3041 3860
3754 2575 3861
1437 1799 3862
3346 169 3863
3561 3095 3864
1127 3869 3865
1784 920 3866
2304 1493 3867
1982 926 3868
596 3528 3869
1361 3488 3870
3338 924 3871
2965 654 3872
934 3713 3873
2140 35 3874
1996 1740 3875
3575 2108 3876
1525 655 3877
1161 1657 3878
1631 2507 3879
3839 2989 3880
328 1602 3881
1108 217 3882
2022 913 3883
1555 2160 3884
1575 1769 3885
2728 1643 3886
2775 3770 3887
3203 3179 3888
2409 828 3889
3177 3878 3890
689 3599 3891
3169 3698 3892
3131 3759 3893
1767 3552 3894
2638 1798 3895
1775 3816 3896
3011 429 3897
2356 3352 3898
1067 3028 3899
1610 635 3900
