2600 2600 2600
1880 1482 1
1680 2095 2
2528 340 3
2364 764 4
1356 588 5
2127 1432 6
2208 2307 7
2292 1481 8
2482 1112 9
2041 576 10
1445 781 11
933 2066 12
97 2463 13
1523 1291 14
702 1635 15
1249 257 16
1962 2115 17
278 653 18
2276 1658 19
1799 306 20
259 707 21
1284 397 22
1713 1351 23
1750 1555 24
1200 1814 25
651 873 26
37 1187 27
501 957 28
2284 356 29
1512 830 30
2443 335 31
1879 1937 32
1921 1759 33
1331 1217 34
2509 1963 35
1394 1323 36
2207 2404 37
140 1631 38
701 863 39
2158 1855 40
943 2577 41
487 694 42
813 1149 43
524 172 44
1944 2417 45
1783 380 46
502 1033 47
1704 387 48
1342 2460 49
201 894 50
201 733 51
1160 7 52
1940 605 53
1842 1729 54
601 1477 55
1644 1207 56
117 2120 57
946 1633 58
1930 2136 59
891 1239 60
379 1394 61
1166 648 62
907 51 63
108 699 64
1354 1649 65
603 577 66
199 1980 67
2180 1406 68
364 2494 69
124 2002 70
1174 1706 71
2252 550 72
393 2562 73
373 1826 74
1337 1396 75
1388 1099 76
1597 2383 77
2118 1783 78
1521 1940 79
1565 106 80
1288 1578 81
935 1819 82
1015 467 83
1074 1345 84
1196 1756 85
1768 1393 86
288 1404 87
893 1521 88
325 603 89
648 2259 90
2378 1670 91
988 740 92
138 388 93
410 1476 94
2161 462 95
839 1904 96
1933 2121 97
1284 1431 98
1074 1917 99
735 1400 100
690 756 101
1145 1160 102
1183 2088 103
661 88 104
1418 1696 105
1765 297 106
74 578 107
68 904 108
795 1852 109
2530 784 110
145 2166 111
963 2278 112
158 626 113
946 1196 114
459 977 115
1350 2444 116
1640 994 117
738 870 118
414 2557 119
758 1515 120
361 970 121
123 1965 122
2174 2434 123
2118 2344 124
898 1610 125
2115 2490 126
821 2223 127
2338 1694 128
70 156 129
1313 1748 130
1689 1167 131
558 6 132
443 503 133
2078 1828 134
850 354 135
1109 872 136
1833 950 137
1788 1565 138
1851 2450 139
891 3 140
650 2409 141
1369 2430 142
558 2109 143
2164 43 144
973 41 145
1717 504 146
305 2571 147
1187 2426 148
409 2469 149
1720 2466 150
1257 1825 151
1968 2552 152
1915 604 153
563 642 154
2461 440 155
1497 243 156
973 514 157
616 1809 158
689 1886 159
1833 2440 160
590 2016 161
2088 1701 162
379 2474 163
1716 518 164
1570 2600 165
2188 2169 166
476 1158 167
878 2153 168
1821 1702 169
558 2513 170
1665 2200 171
942 1676 172
2306 843 173
1163 840 174
900 2483 175
1267 858 176
514 1728 177
464 2340 178
2082 497 179
475 120 180
521 615 181
455 1667 182
1842 1181 183
228 421 184
455 317 185
1773 1365 186
2216 824 187
2017 2326 188
182 2031 189
498 1265 190
1557 1622 191
415 1946 192
1486 761 193
1483 1252 194
2078 2411 195
1104 1862 196
2058 1311 197
1121 734 198
1102 2576 199
2560 372 200
1743 1898 201
239 1324 202
1066 365 203
1098 1972 204
1477 399 205
976 277 206
2234 292 207
210 1026 208
1962 1833 209
2528 832 210
1564 975 211
74 525 212
1614 738 213
303 1645 214
59 2225 215
526 1950 216
632 1768 217
2154 547 218
1962 2558 219
1568 15 220
254 1125 221
1131 1165 222
429 1441 223
2476 1459 224
1122 903 225
1680 1774 226
455 1044 227
1681 30 228
914 2053 229
2011 1978 230
795 606 231
268 1314 232
652 1537 233
2323 58 234
1418 1739 235
2293 1041 236
1445 1049 237
1068 222 238
558 1097 239
1172 2135 240
2089 26 241
1013 1704 242
764 481 243
323 622 244
266 1227 245
448 262 246
780 2255 247
1367 1877 248
2443 1372 249
724 2006 250
309 1048 251
1647 1197 252
1983 2244 253
733 92 254
1019 353 255
2488 2037 256
589 410 257
40 2522 258
158 848 259
1239 905 260
3 804 261
2164 1966 262
1518 1513 263
1447 420 264
1332 1726 265
1225 713 266
1201 658 267
190 1675 268
788 2492 269
1503 535 270
337 2525 271
574 487 272
813 1556 273
2334 637 274
1664 1746 275
1796 2242 276
733 314 277
2061 2237 278
863 1489 279
42 1528 280
606 1779 281
484 1040 282
1567 730 283
1331 2521 284
457 1549 285
521 2027 286
1036 115 287
2587 690 288
1521 1272 289
2200 2554 290
1769 1361 291
2333 1235 292
158 2472 293
912 1210 294
1783 1505 295
373 505 296
1748 1942 297
2380 855 298
1164 2351 299
1990 2060 300
1172 1076 301
316 1220 302
1061 1262 303
2406 2412 304
1851 1195 305
403 1296 306
1204 2292 307
940 1708 308
2231 351 309
2313 639 310
1079 566 311
2199 2366 312
2314 2336 313
344 1138 314
172 2092 315
550 498 316
1225 2078 317
908 528 318
362 424 319
1272 2247 320
754 2584 321
1806 1395 322
1981 931 323
903 443 324
1356 1880 325
2005 2163 326
435 1718 327
1077 2139 328
1866 1000 329
1284 1736 330
1364 87 331
294 1283 332
1452 116 333
742 2112 334
898 785 335
1920 1564 336
577 1890 337
1074 109 338
2518 835 339
2348 1305 340
1366 581 341
472 671 342
2558 2553 343
2164 890 344
2083 2391 345
2293 329 346
2539 192 347
397 125 348
1792 2378 349
1409 2057 350
2304 1153 351
1083 1901 352
1933 531 353
1291 1507 354
2485 1575 355
188 2332 356
1510 37 357
1367 1802 358
683 1250 359
580 635 360
1379 623 361
2095 162 362
1930 551 363
716 319 364
2444 600 365
1683 140 366
1341 1009 367
1386 587 368
1342 681 369
1115 2069 370
1700 2364 371
337 348 372
2227 745 373
1751 492 374
2493 932 375
1323 2461 376
1148 1419 377
135 2496 378
1576 241 379
2072 731 380
1392 2442 381
1374 2020 382
489 1343 383
1286 1517 384
1689 1522 385
2195 1172 386
1816 1428 387
2269 1800 388
926 2539 389
2495 1413 390
1379 31 391
2403 912 392
1023 456 393
2571 165 394
2122 544 395
547 2100 396
536 1066 397
2169 1171 398
572 1270 399
1819 1506 400
1495 1734 401
349 364 402
19 148 403
303 1665 404
788 1439 405
860 112 406
2252 2018 407
2053 1052 408
216 464 409
1390 273 410
1092 2589 411
1836 1182 412
453 1799 413
640 1512 414
762 2217 415
1762 914 416
2518 1357 417
2104 1791 418
2511 472 419
1363 1378 420
891 313 421
123 1164 422
953 1304 423
1122 2238 424
2137 961 425
1997 1108 426
319 875 427
2574 1590 428
2324 2195 429
1522 2090 430
2172 2080 431
1671 2386 432
2457 1641 433
2104 52 434
1611 1424 435
158 331 436
2378 2328 437
1819 1711 438
2273 2535 439
1887 1934 440
933 181 441
9 2083 442
2447 2058 443
896 2331 444
1242 2462 445
2446 1614 446
2132 377 447
364 413 448
1483 169 449
1250 1301 450
324 1832 451
375 46 452
831 537 453
2278 1067 454
463 1110 455
801 992 456
2115 1680 457
685 2156 458
377 171 459
2569 607 460
1088 548 461
617 735 462
1455 1539 463
1762 1157 464
2457 1090 465
1383 2218 466
349 963 467
2473 1990 468
1133 1322 469
661 1693 470
2241 878 471
1618 1472 472
67 1660 473
1863 2543 474
1747 1274 475
8 495 476
1074 1380 477
1044 1715 478
1363 997 479
2392 69 480
292 426 481
1363 1805 482
963 337 483
685 1607 484
1252 664 485
1691 1061 486
1199 1080 487
1193 1118 488
2378 1873 489
2191 900 490
1328 2559 491
555 2033 492
117 924 493
2364 630 494
2281 286 495
174 1215 496
948 190 497
2412 1462 498
958 1342 499
1145 2597 500
2463 1568 501
1664 170 502
203 1104 503
2098 1280 504
207 1995 505
2328 2181 506
1355 1775 507
1561 2271 508
750 877 509
2173 2183 510
2279 2361 511
1124 2447 512
872 1289 513
2326 710 514
2421 1155 515
1418 711 516
1752 1168 517
1034 948 518
1189 474 519
1141 545 520
357 2551 521
2460 371 522
1602 407 523
2034 214 524
594 208 525
856 1958 526
908 1002 527
2281 1287 528
2065 328 529
143 1338 530
1162 2503 531
1512 1017 532
2564 1811 533
1718 1100 534
2188 1792 535
2034 1346 536
696 345 537
220 473 538
1814 2102 539
303 1988 540
2472 1761 541
167 2410 542
1234 2592 543
1990 221 544
422 2392 545
2440 2159 546
558 1545 547
1673 1348 548
318 2479 549
809 1457 550
629 1485 551
1370 724 552
986 332 553
1000 563 554
2105 1677 555
274 1949 556
664 776 557
1649 2150 558
1957 782 559
2140 990 560
2250 675 561
2289 542 562
1665 1213 563
653 1137 564
1663 239 565
2580 2081 566
55 240 567
2089 1952 568
190 1841 569
342 999 570
2413 2352 571
1700 452 572
2260 2548 573
2046 643 574
1647 2311 575
1947 2595 576
327 2510 577
1260 766 578
773 431 579
1673 1766 580
2061 673 581
505 2300 582
1165 624 583
44 1434 584
1545 2082 585
2479 683 586
2014 1191 587
1278 2586 588
898 703 589
31 2427 590
2237 585 591
389 251 592
1591 2074 593
726 304 594
144 2191 595
455 258 596
2270 1807 597
331 1945 598
616 283 599
2225 1128 600
1291 1962 601
1748 2203 602
974 89 603
1788 1046 604
1665 1790 605
1283 915 606
2297 1023 607
249 2125 608
446 57 609
1019 1321 610
42 891 611
2591 727 612
98 568 613
214 336 614
893 2062 615
2576 1666 616
754 213 617
140 521 618
2105 2370 619
1734 1209 620
1523 42 621
210 444 622
1564 1872 623
903 135 624
2082 1860 625
1717 2487 626
2425 867 627
480 777 628
2394 1223 629
1159 1685 630
696 1519 631
744 976 632
1020 412 633
2117 1632 634
723 1473 635
37 1387 636
9 2128 637
2333 2439 638
716 1410 639
1451 212 640
1251 85 641
361 927 642
2169 1105 643
2543 2455 644
2327 569 645
195 1842 646
2163 83 647
2320 2 648
1907 746 649
1680 536 650
1662 1589 651
114 1668 652
1523 716 653
437 953 654
2318 1043 655
1569 1056 656
1319 141 657
170 1221 658
1147 806 659
124 1993 660
639 1834 661
1970 246 662
1602 638 663
1088 1733 664
951 1062 665
700 974 666
1972 2258 667
242 1151 668
1689 327 669
332 111 670
463 1281 671
1390 66 672
963 1493 673
2431 1058 674
168 1741 675
1163 1891 676
2323 2226 677
836 2224 678
2343 2349 679
408 1411 680
2188 260 681
1870 2467 682
743 2303 683
364 1445 684
1631 173 685
1270 1922 686
2234 1823 687
629 1520 688
1169 1020 689
2315 810 690
2299 1911 691
2275 1309 692
1409 2036 693
2208 1139 694
1680 2560 695
615 1964 696
1504 183 697
318 869 698
1918 1226 699
2529 2003 700
2580 164 701
2408 1683 702
286 985 703
615 933 704
856 1479 705
68 1573 706
1686 1319 707
534 182 708
761 1943 709
1851 984 710
2035 2517 711
1831 237 712
1784 81 713
2047 131 714
1495 2355 715
2162 845 716
2098 1018 717
466 2253 718
1275 2013 719
1484 1275 720
1987 791 721
1545 982 722
210 1981 723
1879 180 724
163 582 725
1441 1574 726
536 1776 727
521 597 728
110 2519 729
1720 1640 730
1486 9 731
1545 1923 732
1403 1336 733
1164 1200 734
1214 1470 735
947 757 736
2017 2569 737
690 500 738
1095 2099 739
206 714 740
2472 1397 741
1528 560 742
40 1740 743
2279 451 744
2139 1541 745
1240 1543 746
1866 1130 747
97 1141 748
201 851 749
2449 964 750
675 390 751
899 1703 752
1166 1915 753
1785 798 754
61 39 755
1320 25 756
2133 1082 757
1672 677 758
1959 672 759
1998 2413 760
396 2353 761
413 2229 762
1940 2314 763
276 2034 764
841 1333 765
853 1475 766
873 145 767
396 415 768
2276 445 769
1150 2475 770
1169 1316 771
536 1831 772
2017 2546 773
1771 1669 774
1947 695 775
596 291 776
1635 1278 777
2387 2357 778
841 468 779
1545 1843 780
785 892 781
425 196 782
1085 1989 783
1588 193 784
1182 130 785
1243 2502 786
660 2214 787
2514 636 788
2494 1900 789
2374 1849 790
1774 2201 791
451 448 792
2362 2154 793
1762 1554 794
1079 608 795
328 1839 796
951 1569 797
324 1956 798
2492 76 799
1159 279 800
1249 726 801
117 1536 802
44 2070 803
2353 1391 804
2376 1030 805
912 84 806
1013 270 807
1999 1771 808
1778 1892 809
1477 989 810
373 266 811
1752 2147 812
893 1879 813
1291 1242 814
1425 820 815
58 2419 816
1356 1498 817
1253 2204 818
1983 2435 819
1801 486 820
58 2131 821
1521 572 822
2234 1760 823
1313 773 824
713 1268 825
1662 1785 826
2399 1897 827
2351 1230 828
1242 1899 829
2282 2168 830
1297 1903 831
1592 712 832
382 2315 833
785 1647 834
1275 762 835
1838 815 836
219 753 837
2404 218 838
2397 836 839
232 2251 840
1907 2122 841
1338 627 842
991 1508 843
1068 1255 844
263 2433 845
330 923 846
711 2397 847
580 2001 848
815 1547 849
1765 2209 850
1353 1695 851
1211 1024 852
1931 2537 853
1611 2590 854
1275 792 855
865 1285 856
535 2064 857
1193 1957 858
1878 1089 859
160 80 860
953 2127 861
1563 13 862
1204 1854 863
375 1581 864
1603 301 865
422 2423 866
815 570 867
1252 1725 868
1053 1284 869
545 2185 870
601 19 871
190 2111 872
143 360 873
940 1243 874
1683 1967 875
1287 592 876
109 1619 877
2516 1628 878
1851 1107 879
2529 882 880
2385 1910 881
363 2158 882
1102 466 883
1805 1735 884
199 591 885
2449 1723 886
922 2523 887
2369 1347 888
1628 34 889
1199 2116 890
1556 1509 891
464 617 892
1895 1179 893
2421 1152 894
427 1433 895
1922 1874 896
319 2151 897
966 2212 898
855 1935 899
1651 516 900
1559 406 901
1523 1769 902
840 1320 903
973 386 904
1648 2350 905
788 79 906
318 754 907
1639 1327 908
716 839 909
2246 1642 910
746 2227 911
903 590 912
950 1750 913
1838 1672 914
1109 968 915
317 2305 916
894 1655 917
1704 321 918
2548 1527 919
854 2266 920
1685 1047 921
580 1686 922
195 1266 923
1774 1083 924
1750 2587 925
1043 842 926
2485 1032 927
2460 2437 928
672 1373 929
456 333 930
2043 1231 931
427 2085 932
2255 484 933
1130 1540 934
524 1021 935
2033 300 936
37 285 937
2394 22 938
2108 2330 939
623 20 940
459 1127 941
1093 1471 942
940 1120 943
2404 1500 944
1211 2478 945
248 596 946
219 1595 947
2187 698 948
640 155 949
2503 1781 950
2140 2235 951
1010 2570 952
2554 1176 953
2419 2438 954
2299 631 955
59 374 956
1672 121 957
1740 1233 958
85 1495 959
164 1362 960
59 55 961
1055 2527 962
1135 1308 963
1495 1436 964
1537 983 965
2479 2155 966
1295 1029 967
1904 1998 968
640 602 969
2462 1786 970
750 1426 971
253 1657 972
1563 868 973
342 696 974
1350 1163 975
1166 2528 976
1482 1905 977
50 320 978
631 1093 979
2098 1821 980
346 2448 981
1122 1074 982
711 556 983
1784 2445 984
276 489 985
564 200 986
1214 1430 987
2304 722 988
2524 691 989
612 1450 990
189 1947 991
588 1460 992
2031 2491 993
780 841 994
238 210 995
720 2316 996
2179 97 997
1054 826 998
2507 1150 999
1866 98 1000
1131 652 1001
2393 2593 1002
1675 2441 1003
746 1111 1004
580 1532 1005
1280 2345 1006
1729 1747 1007
1245 2418 1008
1556 2402 1009
646 871 1010
1291 1113 1011
1501 1919 1012
235 1659 1013
1777 205 1014
123 2398 1015
2241 411 1016
1292 281 1017
690 90 1018
2278 1535 1019
9 618 1020
1467 2284 1021
922 1720 1022
1015 493 1023
1681 1810 1024
1099 662 1025
2038 1224 1026
186 56 1027
147 1830 1028
1036 2573 1029
505 1258 1030
135 2211 1031
542 1906 1032
2546 911 1033
375 309 1034
1355 216 1035
1130 540 1036
799 814 1037
1995 1417 1038
2457 906 1039
1404 1216 1040
2373 2213 1041
316 945 1042
2189 461 1043
893 1553 1044
973 453 1045
801 184 1046
1712 1644 1047
1291 1251 1048
2252 1189 1049
379 247 1050
300 621 1051
387 2119 1052
1843 1173 1053
1498 2005 1054
2104 743 1055
1421 491 1056
1235 1092 1057
42 2408 1058
418 1461 1059
1767 2198 1060
1447 1933 1061
2322 2160 1062
1761 290 1063
1214 2184 1064
2105 715 1065
382 893 1066
2550 1630 1067
2556 2299 1068
2428 2310 1069
1483 1679 1070
943 1246 1071
2251 1916 1072
1646 2406 1073
1178 1591 1074
175 980 1075
164 2387 1076
2541 589 1077
1121 575 1078
1686 2499 1079
2013 2536 1080
609 1237 1081
138 2566 1082
851 1449 1083
241 1335 1084
1178 687 1085
1288 359 1086
2546 1624 1087
1564 1011 1088
168 1192 1089
546 609 1090
1357 1337 1091
853 264 1092
422 1467 1093
1803 1796 1094
837 1487 1095
357 2320 1096
1454 2561 1097
1206 1598 1098
1403 1596 1099
953 2358 1100
1387 1203 1101
854 209 1102
702 886 1103
2530 1773 1104
1239 1844 1105
1442 1918 1106
1572 68 1107
1115 987 1108
1777 1925 1109
457 2249 1110
1957 1421 1111
1808 702 1112
1265 1170 1113
1904 1016 1114
878 686 1115
207 901 1116
648 594 1117
2091 1869 1118
2355 316 1119
1675 1135 1120
1740 952 1121
473 133 1122
715 2322 1123
1510 2179 1124
1964 655 1125
2193 1312 1126
2300 969 1127
1245 645 1128
1036 1662 1129
425 1038 1130
1579 2231 1131
512 541 1132
1548 1681 1133
1355 72 1134
2017 382 1135
1341 488 1136
1132 2542 1137
2140 344 1138
216 565 1139
1643 179 1140
751 2072 1141
286 2021 1142
967 2337 1143
1700 1765 1144
1987 176 1145
2091 1820 1146
536 1722 1147
1891 935 1148
2334 1117 1149
455 147 1150
2353 2206 1151
1384 523 1152
2429 357 1153
678 436 1154
1281 1225 1155
536 1218 1156
266 167 1157
63 1241 1158
1550 38 1159
1762 1529 1160
1750 1466 1161
514 1550 1162
1667 1313 1163
29 1329 1164
319 1363 1165
2473 1415 1166
672 2515 1167
85 946 1168
1518 708 1169
274 1587 1170
976 2133 1171
502 1548 1172
1047 2130 1173
1545 2142 1174
697 324 1175
1123 1269 1176
27 2485 1177
1048 1868 1178
869 1124 1179
981 1767 1180
1569 1063 1181
990 1325 1182
547 1416 1183
1753 1334 1184
2106 2143 1185
327 419 1186
114 343 1187
1962 640 1188
1482 223 1189
789 1286 1190
1410 2459 1191
1698 1140 1192
1915 1865 1193
1186 483 1194
1436 1356 1195
790 2583 1196
629 64 1197
716 1510 1198
616 418 1199
1257 2019 1200
1944 634 1201
274 803 1202
1545 1119 1203
1432 2407 1204
882 614 1205
1099 829 1206
2449 1194 1207
820 2505 1208
344 228 1209
914 355 1210
2439 881 1211
70 434 1212
1917 736 1213
68 35 1214
344 101 1215
379 2230 1216
20 1116 1217
466 1354 1218
2196 1953 1219
505 1579 1220
883 2137 1221
1914 325 1222
449 1386 1223
1366 235 1224
2188 1994 1225
1103 2040 1226
1367 1010 1227
5 864 1228
2169 1147 1229
1637 149 1230
319 1331 1231
2479 2489 1232
297 2304 1233
1880 831 1234
513 2309 1235
2467 465 1236
2179 1762 1237
213 1567 1238
305 253 1239
1168 1072 1240
318 942 1241
999 685 1242
201 2108 1243
1245 1563 1244
4 330 1245
906 1261 1246
138 573 1247
318 2272 1248
1723 1864 1249
70 73 1250
878 256 1251
596 1744 1252
2596 1987 1253
1904 1276 1254
558 986 1255
952 1042 1256
361 1264 1257
402 1577 1258
1833 2342 1259
1034 1743 1260
644 752 1261
580 786 1262
1626 555 1263
2408 2041 1264
476 117 1265
1510 1688 1266
2197 2059 1267
1895 310 1268
203 1366 1269
310 2106 1270
2290 1653 1271
373 780 1272
2131 347 1273
716 1920 1274
290 647 1275
2510 1684 1276
770 307 1277
558 1503 1278
1359 1755 1279
1748 1797 1280
4 973 1281
2268 1986 1282
1676 1084 1283
2301 1306 1284
2252 996 1285
285 1368 1286
1633 2431 1287
1680 2261 1288
2388 995 1289
1988 1180 1290
505 579 1291
2301 1764 1292
2576 1409 1293
1914 63 1294
561 2354 1295
666 800 1296
1088 1036 1297
1617 1219 1298
1774 2124 1299
2061 1878 1300
2516 2161 1301
706 751 1302
1120 369 1303
1288 517 1304
437 2071 1305
1768 1188 1306
2274 2190 1307
320 2545 1308
34 417 1309
1295 788 1310
943 549 1311
1962 1295 1312
42 2279 1313
1545 2047 1314
317 2025 1315
1643 993 1316
789 2541 1317
724 1302 1318
1292 2114 1319
1391 2091 1320
226 2550 1321
1323 2367 1322
544 2052 1323
1313 674 1324
1464 1442 1325
1356 728 1326
524 1464 1327
1465 124 1328
476 2415 1329
781 1961 1330
2512 2038 1331
1329 471 1332
801 1355 1333
2088 821 1334
670 432 1335
1053 152 1336
726 1422 1337
643 1244 1338
97 665 1339
1102 879 1340
648 59 1341
1729 802 1342
1573 1006 1343
1291 1073 1344
382 2547 1345
1563 2394 1346
258 721 1347
1553 1951 1348
1353 151 1349
180 2399 1350
2210 2014 1351
1805 633 1352
2462 70 1353
1842 408 1354
1445 1367 1355
1310 2443 1356
2318 2220 1357
737 2063 1358
1133 2073 1359
1689 376 1360
1962 2390 1361
514 533 1362
1406 157 1363
1634 2471 1364
2566 1401 1365
1345 2329 1366
1731 1381 1367
1512 2582 1368
871 2283 1369
1251 1909 1370
365 1008 1371
2332 2428 1372
285 787 1373
825 1902 1374
700 689 1375
115 383 1376
760 1691 1377
683 428 1378
948 939 1379
801 1379 1380
65 511 1381
163 755 1382
882 598 1383
20 2084 1384
458 1976 1385
2325 77 1386
373 2263 1387
1524 917 1388
2211 2107 1389
2189 554 1390
1350 1102 1391
544 2382 1392
1286 1081 1393
1675 1992 1394
971 1698 1395
730 506 1396
1413 1143 1397
2507 1674 1398
2446 136 1399
946 742 1400
2336 2534 1401
2556 1673 1402
1707 2380 1403
31 2077 1404
288 1204 1405
2122 937 1406
2427 1015 1407
2557 480 1408
1246 539 1409
2498 252 1410
195 865 1411
1049 758 1412
2229 938 1413
712 48 1414
683 1613 1415
531 526 1416
155 1763 1417
827 219 1418
1461 2050 1419
2204 880 1420
646 2068 1421
2347 128 1422
1572 1876 1423
922 2341 1424
1600 2363 1425
908 1469 1426
1988 1330 1427
1626 1360 1428
1110 1538 1429
733 2403 1430
109 188 1431
749 1423 1432
258 2022 1433
871 1777 1434
225 1037 1435
2012 2167 1436
839 50 1437
330 211 1438
1452 2319 1439
1788 899 1440
2365 2468 1441
57 1185 1442
1998 2024 1443
948 65 1444
763 75 1445
2405 142 1446
683 583 1447
2463 1091 1448
602 1593 1449
2550 680 1450
459 1012 1451
1712 1463 1452
2155 2256 1453
1196 475 1454
907 233 1455
2273 593 1456
42 744 1457
1692 1491 1458
1833 263 1459
1213 2132 1460
221 2504 1461
517 2011 1462
2183 2501 1463
718 2294 1464
202 113 1465
1383 1095 1466
525 1526 1467
85 1376 1468
1692 2379 1469
606 508 1470
1332 1488 1471
1556 1730 1472
1097 595 1473
840 2493 1474
2250 230 1475
2241 1240 1476
648 1145 1477
2365 127 1478
2176 2293 1479
1272 1816 1480
2255 748 1481
907 2529 1482
595 2497 1483
1524 78 1484
1859 520 1485
1242 1586 1486
1060 2277 1487
140 768 1488
2029 1618 1489
1113 1315 1490
382 2274 1491
683 175 1492
963 775 1493
1940 1177 1494
2479 2334 1495
1409 1714 1496
1313 1292 1497
1979 981 1498
1734 1169 1499
2183 1190 1500
1572 1848 1501
503 178 1502
2308 854 1503
992 458 1504
1034 1870 1505
1206 232 1506
1235 2506 1507
1833 1836 1508
1692 1627 1509
1831 1753 1510
1435 137 1511
32 559 1512
2078 1566 1513
2234 1845 1514
670 227 1515
1895 114 1516
1507 1838 1517
836 146 1518
1740 2476 1519
1633 204 1520
238 1560 1521
2077 494 1522
1145 362 1523
1866 771 1524
2265 783 1525
2558 1025 1526
2174 1690 1527
6 1927 1528
82 1123 1529
1422 887 1530
1166 801 1531
514 601 1532
1425 2174 1533
1904 2140 1534
1204 2306 1535
982 852 1536
1230 1605 1537
71 1571 1538
1946 1352 1539
558 1558 1540
2151 967 1541
2447 1126 1542
780 1364 1543
1180 971 1544
2010 126 1545
2209 2581 1546
1083 534 1547
1119 849 1548
1166 158 1549
1827 1697 1550
1588 2436 1551
938 2396 1552
2290 561 1553
463 1572 1554
2479 303 1555
2016 2269 1556
1523 1310 1557
2049 2193 1558
982 1435 1559
2282 2192 1560
967 965 1561
2467 177 1562
1881 1977 1563
53 1818 1564
455 96 1565
382 1997 1566
2031 929 1567
2549 2377 1568
901 1494 1569
220 2221 1570
1597 1600 1571
843 2233 1572
1829 2365 1573
1239 1664 1574
1076 1045 1575
1712 2565 1576
303 305 1577
215 1399 1578
928 134 1579
604 767 1580
1680 1034 1581
2250 1636 1582
764 2275 1583
1047 1007 1584
1189 1353 1585
512 1208 1586
2318 394 1587
552 1071 1588
374 876 1589
621 2564 1590
1260 366 1591
98 552 1592
248 1661 1593
320 2162 1594
2254 1884 1595
1688 414 1596
2229 2145 1597
1816 1582 1598
2250 153 1599
1730 816 1600
431 5 1601
1495 1787 1602
1142 599 1603
2053 1454 1604
266 14 1605
972 1039 1606
2453 370 1607
1160 1960 1608
455 2282 1609
2219 2267 1610
894 2454 1611
2512 2464 1612
1558 449 1613
2115 379 1614
375 958 1615
1915 2556 1616
1646 2182 1617
324 2296 1618
797 2287 1619
848 1875 1620
1675 1652 1621
1147 919 1622
595 741 1623
2095 1054 1624
1432 384 1625
768 833 1626
2458 1871 1627
1000 1752 1628
965 1236 1629
2219 799 1630
2393 1064 1631
1291 463 1632
1238 1634 1633
114 1293 1634
1107 663 1635
257 943 1636
1288 1260 1637
35 1133 1638
2558 1136 1639
505 2243 1640
2511 1341 1641
2473 1938 1642
2260 2015 1643
294 805 1644
1970 759 1645
2313 1420 1646
1704 1065 1647
869 1612 1648
1937 1146 1649
797 1727 1650
1184 1687 1651
1700 404 1652
1940 723 1653
2252 174 1654
679 1594 1655
1614 1448 1656
1492 944 1657
2251 507 1658
413 202 1659
45 1414 1660
2333 2164 1661
1287 796 1662
810 811 1663
305 2484 1664
1271 499 1665
2287 2065 1666
988 1597 1667
1013 2446 1668
1422 1175 1669
1407 104 1670
524 2574 1671
219 625 1672
2315 2172 1673
1831 154 1674
1510 455 1675
1145 676 1676
2005 2376 1677
1601 2289 1678
2508 632 1679
1685 2465 1680
1220 1303 1681
2197 659 1682
1753 1719 1683
963 1290 1684
881 2113 1685
2115 1588 1686
50 2457 1687
1783 479 1688
604 2103 1689
920 1984 1690
1621 1954 1691
53 2318 1692
1288 201 1693
2319 433 1694
796 1985 1695
195 2281 1696
808 442 1697
1886 1245 1698
207 2555 1699
1700 1742 1700
643 33 1701
850 532 1702
1097 1682 1703
2219 2030 1704
90 1944 1705
571 760 1706
158 2458 1707
2406 1232 1708
429 620 1709
730 910 1710
1397 2578 1711
1122 1388 1712
836 861 1713
2046 2325 1714
1027 510 1715
186 1846 1716
885 217 1717
1807 1300 1718
349 1390 1719
1674 2359 1720
1295 2373 1721
1443 616 1722
364 817 1723
2260 2356 1724
1646 2385 1725
1397 477 1726
740 1359 1727
258 8 1728
1566 2563 1729
1800 920 1730
121 108 1731
1059 1455 1732
7 1973 1733
735 2048 1734
608 1259 1735
362 2157 1736
1720 1297 1737
2440 194 1738
2552 1858 1739
2073 2026 1740
90 2526 1741
2011 512 1742
1644 1912 1743
1346 2549 1744
1159 288 1745
1722 250 1746
803 295 1747
733 437 1748
2554 769 1749
361 36 1750
1836 909 1751
254 1384 1752
50 2241 1753
2325 2422 1754
100 1896 1755
1935 586 1756
98 2452 1757
1664 2432 1758
695 1857 1759
997 2588 1760
258 2165 1761
2319 1983 1762
70 1427 1763
2477 884 1764
2569 144 1765
2495 1552 1766
869 2425 1767
2082 813 1768
2122 1713 1769
1313 2098 1770
1013 118 1771
1598 1651 1772
418 1142 1773
1164 1959 1774
1917 409 1775
832 1709 1776
953 86 1777
2274 737 1778
963 1402 1779
963 558 1780
556 1689 1781
1251 1122 1782
1355 2580 1783
1194 1710 1784
1611 21 1785
437 719 1786
241 1229 1787
2069 2368 1788
1379 229 1789
1087 1621 1790
1979 1437 1791
517 2010 1792
2077 502 1793
331 940 1794
2046 1516 1795
2395 888 1796
2249 1273 1797
101 818 1798
705 1050 1799
512 2056 1800
2138 242 1801
62 1592 1802
2517 619 1803
364 1031 1804
1124 2061 1805
1646 82 1806
836 2051 1807
670 389 1808
1418 166 1809
2231 2239 1810
1672 779 1811
1206 896 1812
878 1866 1813
204 1154 1814
550 1129 1815
1761 1692 1816
1447 2093 1817
1904 571 1818
2155 2055 1819
1237 1926 1820
1332 1377 1821
2579 1502 1822
1159 1908 1823
1345 40 1824
1495 1754 1825
2254 2134 1826
594 941 1827
1135 2207 1828
2400 296 1829
2225 2567 1830
35 850 1831
158 2197 1832
105 1162 1833
2061 1601 1834
646 1109 1835
350 191 1836
1940 168 1837
1281 1907 1838
2203 1480 1839
102 1542 1840
1712 276 1841
1492 278 1842
1023 837 1843
640 763 1844
408 1717 1845
2038 2599 1846
1276 860 1847
404 1247 1848
1242 988 1849
1317 2568 1850
2498 220 1851
2194 1003 1852
1425 1887 1853
2527 682 1854
1189 1370 1855
2188 524 1856
42 934 1857
618 612 1858
1249 1576 1859
270 2029 1860
755 838 1861
799 1326 1862
67 2205 1863
114 338 1864
2400 259 1865
689 352 1866
1029 513 1867
1117 1941 1868
600 772 1869
2189 1932 1870
715 261 1871
375 1490 1872
416 62 1873
1389 2042 1874
1616 2414 1875
2118 1156 1876
823 17 1877
1908 1307 1878
1406 705 1879
1596 809 1880
1712 318 1881
382 2321 1882
1828 2327 1883
1667 1447 1884
219 1757 1885
1646 2043 1886
1512 138 1887
287 1888 1888
2308 224 1889
1785 2575 1890
2507 930 1891
1510 1615 1892
765 99 1893
589 1349 1894
2229 2199 1895
117 1375 1896
1676 2086 1897
2241 1121 1898
1765 2509 1899
435 2453 1900
1638 978 1901
1470 825 1902
372 27 1903
1350 189 1904
590 447 1905
2069 2012 1906
2551 979 1907
1214 267 1908
1825 1014 1909
2199 1019 1910
2462 1132 1911
138 857 1912
1685 2035 1913
1291 195 1914
2174 1562 1915
2069 720 1916
585 1678 1917
1407 1174 1918
2009 1205 1919
1743 1518 1920
1418 32 1921
1291 29 1922
305 91 1923
1478 823 1924
2082 1060 1925
2576 1405 1926
1435 654 1927
395 1638 1928
1975 402 1929
1816 812 1930
1056 1385 1931
1943 2276 1932
1809 613 1933
184 248 1934
466 1557 1935
1527 231 1936
2458 1700 1937
742 2180 1938
2400 774 1939
2464 1975 1940
129 2009 1941
2092 1298 1942
1551 1583 1943
1164 2477 1944
463 1778 1945
2500 1982 1946
2512 1534 1947
1189 385 1948
195 1131 1949
1898 429 1950
1102 2265 1951
1163 1202 1952
2180 2101 1953
106 955 1954
1166 373 1955
1940 2216 1956
1606 1001 1957
316 2488 1958
288 853 1959
1252 902 1960
476 2482 1961
948 2518 1962
544 18 1963
247 400 1964
446 2533 1965
1891 1222 1966
1814 1055 1967
63 501 1968
1451 469 1969
753 649 1970
1765 1804 1971
990 2393 1972
1265 47 1973
771 1027 1974
2009 697 1975
142 454 1976
619 1883 1977
571 1609 1978
186 1806 1979
2461 1005 1980
1523 1004 1981
1122 282 1982
1778 1955 1983
1707 661 1984
1465 1214 1985
2210 368 1986
356 236 1987
1445 1013 1988
1452 1053 1989
273 1525 1990
947 342 1991
2268 1098 1992
1145 457 1993
2030 1921 1994
1287 1758 1995
2084 1611 1996
2381 1094 1997
2017 1086 1998
739 1894 1999
85 1639 2000
1085 1254 2001
648 395 2002
2549 2187 2003
2104 778 2004
1258 529 2005
985 828 2006
286 701 2007
1564 718 2008
869 2188 2009
1983 2246 2010
178 2288 2011
1649 2049 2012
415 1 2013
1114 641 2014
2122 396 2015
2007 16 2016
1418 998 2017
493 1732 2018
2068 1069 2019
2319 709 2020
891 1840 2021
1023 717 2022
716 795 2023
2180 2144 2024
387 398 2025
1666 1267 2026
360 381 2027
1318 1604 2028
1503 298 2029
494 2374 2030
742 1374 2031
101 2257 2032
735 610 2033
9 1496 2034
81 859 2035
2011 1088 2036
1842 1186 2037
549 485 2038
1843 326 2039
1246 1948 2040
413 1249 2041
1132 2401 2042
501 1599 2043
2188 1199 2044
882 1793 2045
1251 1077 2046
2105 1637 2047
922 293 2048
2319 1051 2049
1530 2348 2050
2474 1257 2051
1042 1971 2052
2005 1057 2053
123 1408 2054
2231 557 2055
1683 2094 2056
1931 1501 2057
1287 2148 2058
934 1369 2059
903 367 2060
1787 2028 2061
158 1115 2062
767 268 2063
1548 669 2064
1364 163 2065
743 2405 2066
799 2298 2067
1662 684 2068
1380 425 2069
111 1789 2070
45 918 2071
68 2508 2072
2512 119 2073
2321 2481 2074
1423 844 2075
1552 2264 2076
977 2594 2077
1389 160 2078
1225 238 2079
1036 23 2080
1556 2250 2081
1000 2333 2082
1565 312 2083
971 460 2084
1673 1707 2085
1288 2228 2086
82 1198 2087
616 1389 2088
477 750 2089
1350 885 2090
1523 2017 2091
1538 1514 2092
1477 866 2093
20 269 2094
673 1059 2095
266 422 2096
2281 1468 2097
1207 44 2098
191 450 2099
2279 199 2100
1249 2254 2101
257 299 2102
589 1148 2103
1297 1440 2104
1968 2389 2105
808 107 2106
184 350 2107
248 1602 2108
1356 2290 2109
1652 668 2110
1225 1780 2111
771 1929 2112
2329 2097 2113
615 1770 2114
2209 2495 2115
403 2347 2116
1062 1101 2117
2516 1358 2118
391 1749 2119
361 1991 2120
780 928 2121
2353 1788 2122
2246 1184 2123
2524 446 2124
799 416 2125
31 628 2126
323 45 2127
1345 2498 2128
132 2023 2129
2173 2297 2130
184 2248 2131
681 960 2132
1240 650 2133
681 926 2134
2462 580 2135
843 1096 2136
204 1772 2137
1341 2152 2138
1489 2146 2139
247 1511 2140
318 2381 2141
1945 1663 2142
2252 74 2143
1904 1914 2144
1683 700 2145
1435 739 2146
1275 1524 2147
1880 1617 2148
2081 895 2149
1784 1851 2150
2355 95 2151
1387 1815 2152
1033 907 2153
1658 2343 2154
1151 729 2155
2422 1721 2156
850 341 2157
2407 1608 2158
1251 274 2159
1131 1822 2160
1665 1863 2161
2170 1078 2162
99 2598 2163
158 2210 2164
1196 1616 2165
579 862 2166
292 2285 2167
672 1881 2168
1389 1969 2169
948 435 2170
735 1738 2171
1443 966 2172
1101 1629 2173
2089 1211 2174
1472 2395 2175
1951 1885 2176
869 2388 2177
1542 1085 2178
1842 2138 2179
1243 143 2180
633 2175 2181
751 2067 2182
461 1299 2183
1015 808 2184
2173 1403 2185
1281 2516 2186
1133 1745 2187
290 323 2188
1046 2240 2189
1126 289 2190
1495 954 2191
318 1504 2192
2378 897 2193
1750 2046 2194
801 1418 2195
1398 2117 2196
1205 1650 2197
611 1731 2198
1113 150 2199
1254 667 2200
886 2045 2201
1523 349 2202
546 947 2203
1578 2424 2204
330 562 2205
645 110 2206
1237 2280 2207
1579 470 2208
167 1551 2209
1200 1867 2210
1606 2532 2211
1904 2219 2212
1704 1671 2213
2511 1382 2214
214 1022 2215
1778 478 2216
1915 1584 2217
887 1699 2218
2372 423 2219
2558 2273 2220
266 2186 2221
463 71 2222
1128 1075 2223
316 375 2224
2184 49 2225
872 656 2226
860 1533 2227
677 629 2228
801 2369 2229
2293 249 2230
1180 1968 2231
505 496 2232
1166 1443 2233
2560 1161 2234
2327 1656 2235
1833 123 2236
2319 2524 2237
1350 2544 2238
1625 1936 2239
1276 972 2240
319 1585 2241
1550 1643 2242
606 1438 2243
109 405 2244
839 102 2245
286 2291 2246
1067 959 2247
2412 2039 2248
1666 272 2249
1637 1580 2250
1141 1827 2251
407 846 2252
364 1808 2253
503 215 2254
2386 2585 2255
463 725 2256
646 874 2257
1353 1648 2258
2308 203 2259
191 1924 2260
670 2324 2261
321 225 2262
2085 962 2263
493 2268 2264
1159 1716 2265
1352 284 2266
542 706 2267
700 1206 2268
839 2105 2269
2477 100 2270
2554 1751 2271
754 1193 2272
1364 1853 2273
946 378 2274
131 2360 2275
813 651 2276
286 1996 2277
2516 2579 2278
1251 1350 2279
1166 2173 2280
442 94 2281
1558 2400 2282
53 1478 2283
2458 1724 2284
1997 1028 2285
2085 2416 2286
2250 2089 2287
1303 2110 2288
1750 2421 2289
218 2456 2290
476 1317 2291
2111 509 2292
386 1144 2293
373 807 2294
1460 12 2295
203 1103 2296
304 1201 2297
457 2149 2298
2458 53 2299
2148 1837 2300
2140 1106 2301
820 1282 2302
248 925 2303
2382 2189 2304
2321 2473 2305
2496 1035 2306
273 2480 2307
877 644 2308
874 2141 2309
1753 889 2310
2344 2511 2311
1898 2079 2312
2477 2514 2313
2435 1228 2314
286 527 2315
1907 2234 2316
845 1318 2317
629 1893 2318
1916 159 2319
1135 1546 2320
1518 1625 2321
2115 1801 2322
2458 646 2323
851 2104 2324
2458 207 2325
1572 1895 2326
1065 611 2327
2337 161 2328
1912 1829 2329
1523 129 2330
107 1620 2331
705 747 2332
1232 883 2333
1979 2531 2334
1754 1344 2335
2474 2520 2336
114 490 2337
1555 822 2338
743 2596 2339
2078 334 2340
525 139 2341
1788 1458 2342
789 358 2343
167 2270 2344
1250 361 2345
907 67 2346
1584 1238 2347
2547 519 2348
1504 1134 2349
2172 430 2350
601 827 2351
594 1824 2352
1015 1782 2353
1162 692 2354
2219 898 2355
375 790 2356
2013 103 2357
2022 308 2358
544 1492 2359
2578 1340 2360
1572 2032 2361
742 1452 2362
1978 2044 2363
1348 1835 2364
1866 275 2365
1060 908 2366
1720 2371 2367
1465 2301 2368
999 2540 2369
464 2007 2370
893 1486 2371
1670 198 2372
1374 294 2373
2246 1328 2374
46 197 2375
1878 2000 2376
2355 2118 2377
3 2178 2378
1638 1623 2379
713 2313 2380
804 339 2381
118 1559 2382
2493 522 2383
705 1497 2384
9 1570 2385
2525 2312 2386
2528 1294 2387
2097 2076 2388
1206 1332 2389
437 1889 2390
1281 2338 2391
550 226 2392
643 704 2393
1274 93 2394
1240 1339 2395
1360 856 2396
2457 1930 2397
1646 4 2398
679 546 2399
249 2245 2400
2014 1371 2401
1920 2500 2402
869 2202 2403
1924 2420 2404
2212 363 2405
689 1159 2406
2287 438 2407
2458 1712 2408
480 1798 2409
2168 2222 2410
1297 1070 2411
251 936 2412
1095 530 2413
2077 1256 2414
1316 186 2415
2388 847 2416
189 789 2417
640 1444 2418
2115 1407 2419
2293 1530 2420
1046 657 2421
917 441 2422
705 1813 2423
1394 2232 2424
503 10 2425
1323 1234 2426
2046 1453 2427
1295 1277 2428
866 956 2429
1406 1412 2430
320 1974 2431
2378 2075 2432
952 1212 2433
1379 2591 2434
565 2384 2435
2211 1263 2436
1713 1882 2437
2498 2372 2438
1807 2375 2439
172 2236 2440
229 1531 2441
184 2196 2442
168 1812 2443
2252 2054 2444
2394 1087 2445
2186 392 2446
1786 794 2447
2518 1970 2448
1897 1794 2449
811 1939 2450
2109 693 2451
943 2530 2452
1692 185 2453
1120 2087 2454
1557 1446 2455
2489 2449 2456
1209 1603 2457
2408 315 2458
2098 206 2459
1990 346 2460
2353 1068 2461
1647 2286 2462
568 60 2463
49 1817 2464
376 28 2465
1207 54 2466
2390 1429 2467
1271 287 2468
2362 1856 2469
1762 1913 2470
327 916 2471
1209 255 2472
1059 2260 2473
394 2317 2474
2406 922 2475
6 574 2476
1503 660 2477
582 834 2478
550 1271 2479
2174 2170 2480
2077 2123 2481
967 1279 2482
1558 2177 2483
2457 2096 2484
2231 2323 2485
2338 1114 2486
45 482 2487
2259 132 2488
376 61 2489
1167 793 2490
1438 2194 2491
2271 302 2492
2524 244 2493
662 949 2494
42 1646 2495
109 105 2496
2386 1928 2497
733 666 2498
1167 2339 2499
840 1079 2500
647 2308 2501
2558 1979 2502
801 1288 2503
1638 1737 2504
851 765 2505
1251 1784 2506
1712 2512 2507
2050 913 2508
2587 1392 2509
1274 280 2510
1649 1850 2511
2498 584 2512
1217 1544 2513
1931 1183 2514
1436 679 2515
786 401 2516
2577 234 2517
2203 2451 2518
2491 2486 2519
364 1561 2520
1778 732 2521
726 1474 2522
743 538 2523
681 2335 2524
801 2252 2525
1330 2470 2526
935 391 2527
726 2538 2528
501 543 2529
2444 1606 2530
1070 1687 2531
2503 1803 2532
1276 2208 2533
476 1178 2534
2119 439 2535
107 2008 2536
360 24 2537
939 1654 2538
2338 2429 2539
374 2129 2540
2260 1451 2541
2556 459 2542
396 951 2543
570 11 2544
2171 688 2545
1051 553 2546
1644 271 2547
396 1626 2548
2318 1847 2549
2234 2362 2550
230 770 2551
754 991 2552
1232 1248 2553
64 1795 2554
929 1499 2555
2056 921 2556
2430 567 2557
1344 2295 2558
1675 1861 2559
187 265 2560
1374 1999 2561
1367 254 2562
1886 1383 2563
2282 1398 2564
1700 476 2565
2222 2346 2566
2318 670 2567
1523 1166 2568
1124 515 2569
1673 245 2570
1680 2262 2571
1680 564 2572
670 2004 2573
1345 2176 2574
386 2302 2575
319 1425 2576
2111 427 2577
1921 393 2578
1310 797 2579
337 678 2580
565 1465 2581
2427 187 2582
1603 1859 2583
1397 2507 2584
898 1456 2585
489 2171 2586
2324 1253 2587
70 2126 2588
1828 819 2589
1917 1484 2590
1665 2572 2591
1106 1705 2592
19 749 2593
2479 1931 2594
907 403 2595
1949 2215 2596
937 122 2597
2085 322 2598
2338 311 2599
418 1483 2600
