900 900 900
217 671 1
748 663 2
217 716 3
89 570 4
755 767 5
149 824 6
449 832 7
257 419 8
700 550 9
690 102 10
368 275 11
674 621 12
369 174 13
237 130 14
21 464 15
869 87 16
807 342 17
681 638 18
580 511 19
554 312 20
100 586 21
848 885 22
691 443 23
616 150 24
377 669 25
702 699 26
345 259 27
873 126 28
416 119 29
361 558 30
385 790 31
481 411 32
858 577 33
392 218 34
735 715 35
370 144 36
812 654 37
865 479 38
342 417 39
709 603 40
449 659 41
594 572 42
765 850 43
623 632 44
496 865 45
675 317 46
136 448 47
617 228 48
112 849 49
470 526 50
217 90 51
413 23 52
427 889 53
724 807 54
335 587 55
748 8 56
30 692 57
240 765 58
203 179 59
100 157 60
820 244 61
623 798 62
523 82 63
30 567 64
289 122 65
208 747 66
724 858 67
403 243 68
277 803 69
852 189 70
12 437 71
659 704 72
67 355 73
138 708 74
453 757 75
206 571 76
246 475 77
547 806 78
547 690 79
307 600 80
37 782 81
402 264 82
818 11 83
401 242 84
715 481 85
753 25 86
234 181 87
472 834 88
685 425 89
721 194 90
30 418 91
244 764 92
87 160 93
704 604 94
191 780 95
680 146 96
339 61 97
206 246 98
238 256 99
858 805 100
400 412 101
238 731 102
62 279 103
849 222 104
753 863 105
225 693 106
753 508 107
139 473 108
440 598 109
675 563 110
543 800 111
646 205 112
572 813 113
339 276 114
401 741 115
896 673 116
347 879 117
554 380 118
7 250 119
496 175 120
356 512 121
802 843 122
719 283 123
629 702 124
611 459 125
195 343 126
639 434 127
836 93 128
714 247 129
468 594 130
561 446 131
95 794 132
442 819 133
891 255 134
108 703 135
14 88 136
734 433 137
540 344 138
589 869 139
784 617 140
541 13 141
136 477 142
135 821 143
586 273 144
75 562 145
131 106 146
490 734 147
449 769 148
62 322 149
361 569 150
774 518 151
254 291 152
760 180 153
282 870 154
858 64 155
714 846 156
851 65 157
396 444 158
350 463 159
88 476 160
625 282 161
50 320 162
735 774 163
15 749 164
629 318 165
707 886 166
379 500 167
261 552 168
728 295 169
464 725 170
296 855 171
715 292 172
670 333 173
521 439 174
577 158 175
392 854 176
706 362 177
615 762 178
34 314 179
745 389 180
709 582 181
225 366 182
24 489 183
411 156 184
807 308 185
518 10 186
456 367 187
63 553 188
342 714 189
150 713 190
225 421 191
496 829 192
863 523 193
819 497 194
208 99 195
409 534 196
684 612 197
189 353 198
482 853 199
616 80 200
261 480 201
22 823 202
820 622 203
380 370 204
161 833 205
409 407 206
886 121 207
361 348 208
165 768 209
500 422 210
369 327 211
720 384 212
440 337 213
696 154 214
495 408 215
112 1 216
400 581 217
807 85 218
688 709 219
724 183 220
365 472 221
681 402 222
824 723 223
34 641 224
524 707 225
829 395 226
500 895 227
189 140 228
550 233 229
299 668 230
41 352 231
802 574 232
824 584 233
485 109 234
802 147 235
147 573 236
245 468 237
175 54 238
298 717 239
393 277 240
188 592 241
784 145 242
471 815 243
663 375 244
417 231 245
292 793 246
521 410 247
869 840 248
245 225 249
171 328 250
379 6 251
625 409 252
373 53 253
361 349 254
729 575 255
841 396 256
661 2 257
249 5 258
836 892 259
805 706 260
368 875 261
532 186 262
127 209 263
44 32 264
583 730 265
366 817 266
245 618 267
362 842 268
377 66 269
326 897 270
247 20 271
208 74 272
774 299 273
18 795 274
134 431 275
68 381 276
639 675 277
33 336 278
368 452 279
417 728 280
158 71 281
774 738 282
345 585 283
472 221 284
858 758 285
753 216 286
739 841 287
77 559 288
255 262 289
518 644 290
580 639 291
490 335 292
574 258 293
877 68 294
769 482 295
134 818 296
22 650 297
41 588 298
73 162 299
384 357 300
747 15 301
698 46 302
745 539 303
515 372 304
109 493 305
820 614 306
864 766 307
594 732 308
637 420 309
581 69 310
735 589 311
300 722 312
589 501 313
249 864 314
229 629 315
265 428 316
261 311 317
634 257 318
20 837 319
89 627 320
409 4 321
210 484 322
778 294 323
541 658 324
114 81 325
254 616 326
151 359 327
381 887 328
356 532 329
345 564 330
341 535 331
678 95 332
447 414 333
230 591 334
854 398 335
523 530 336
88 29 337
574 636 338
676 26 339
715 579 340
435 89 341
832 605 342
295 710 343
560 427 344
625 111 345
199 779 346
416 178 347
580 400 348
802 76 349
801 537 350
164 721 351
149 499 352
98 177 353
554 677 354
893 529 355
501 390 356
183 684 357
317 796 358
594 161 359
62 599 360
890 92 361
499 239 362
688 642 363
158 356 364
45 267 365
85 560 366
852 872 367
277 204 368
161 234 369
176 775 370
299 811 371
442 220 372
551 683 373
208 555 374
196 804 375
719 891 376
523 686 377
741 200 378
642 835 379
641 18 380
380 462 381
8 12 382
68 392 383
449 171 384
83 252 385
581 696 386
417 9 387
248 309 388
611 254 389
515 458 390
468 268 391
132 894 392
316 651 393
579 876 394
29 457 395
254 251 396
417 131 397
23 610 398
52 165 399
490 304 400
21 329 401
62 653 402
748 441 403
518 630 404
638 799 405
372 830 406
567 300 407
532 303 408
878 883 409
464 771 410
275 561 411
69 331 412
524 578 413
714 440 414
727 78 415
128 787 416
725 51 417
176 542 418
735 540 419
283 63 420
647 763 421
701 826 422
14 791 423
662 313 424
580 877 425
581 214 426
741 96 427
255 123 428
637 73 429
873 814 430
112 226 431
253 195 432
85 199 433
82 760 434
602 507 435
611 688 436
686 527 437
245 261 438
77 118 439
811 203 440
724 735 441
428 296 442
29 882 443
289 547 444
676 269 445
611 680 446
35 487 447
199 471 448
380 509 449
717 772 450
774 190 451
858 797 452
285 623 453
314 302 454
261 274 455
300 260 456
135 478 457
25 164 458
405 44 459
188 325 460
858 377 461
887 397 462
724 640 463
625 270 464
604 436 465
595 185 466
533 310 467
289 645 468
715 691 469
434 206 470
868 141 471
258 346 472
44 37 473
760 689 474
254 86 475
32 241 476
417 828 477
58 423 478
811 466 479
874 856 480
422 789 481
774 520 482
74 857 483
379 785 484
447 453 485
447 438 486
154 97 487
832 719 488
581 263 489
729 705 490
695 45 491
810 498 492
52 429 493
536 16 494
897 505 495
538 701 496
801 340 497
354 522 498
398 460 499
261 554 500
682 142 501
399 607 502
192 655 503
858 217 504
181 867 505
243 315 506
577 461 507
580 100 508
354 694 509
31 469 510
858 245 511
832 695 512
592 697 513
880 14 514
485 576 515
225 442 516
642 720 517
751 495 518
425 230 519
81 385 520
22 888 521
740 280 522
518 373 523
580 447 524
828 485 525
615 664 526
381 652 527
359 108 528
839 223 529
876 307 530
449 676 531
417 822 532
194 198 533
784 494 534
148 75 535
8 761 536
716 105 537
48 809 538
176 112 539
640 657 540
368 698 541
377 149 542
270 155 543
145 543 544
379 874 545
428 750 546
815 506 547
465 41 548
810 844 549
131 597 550
329 776 551
482 667 552
647 496 553
58 330 554
335 113 555
293 391 556
430 521 557
85 52 558
373 70 559
673 192 560
712 60 561
100 361 562
579 611 563
456 615 564
210 700 565
60 219 566
253 631 567
88 606 568
832 753 569
362 672 570
106 557 571
453 125 572
574 368 573
442 613 574
858 354 575
732 297 576
141 756 577
810 483 578
103 83 579
156 565 580
891 626 581
254 22 582
499 812 583
891 238 584
485 646 585
44 751 586
339 360 587
858 253 588
100 213 589
728 42 590
802 324 591
891 601 592
368 365 593
730 184 594
131 525 595
468 430 596
599 201 597
715 488 598
317 116 599
770 881 600
471 656 601
175 893 602
714 416 603
876 619 604
846 666 605
551 754 606
579 378 607
502 306 608
48 792 609
50 739 610
755 211 611
456 305 612
716 208 613
483 861 614
74 393 615
820 288 616
45 169 617
131 878 618
367 298 619
472 27 620
289 820 621
348 862 622
637 249 623
579 514 624
786 801 625
453 38 626
812 900 627
536 143 628
810 167 629
365 810 630
464 379 631
394 172 632
410 609 633
807 107 634
84 486 635
616 538 636
574 590 637
896 21 638
639 873 639
314 415 640
73 351 641
400 152 642
878 168 643
434 718 644
188 98 645
849 159 646
417 898 647
33 649 648
850 742 649
317 151 650
292 135 651
870 670 652
612 394 653
814 197 654
807 634 655
647 43 656
325 272 657
801 170 658
8 34 659
724 449 660
85 24 661
281 851 662
285 91 663
516 62 664
545 510 665
351 759 666
770 515 667
611 868 668
828 777 669
485 284 670
530 3 671
470 524 672
769 544 673
616 403 674
769 133 675
67 648 676
546 338 677
688 374 678
68 435 679
716 363 680
136 687 681
508 516 682
842 326 683
113 528 684
35 839 685
695 737 686
34 369 687
752 451 688
858 595 689
35 681 690
848 55 691
231 633 692
109 624 693
622 28 694
392 229 695
254 456 696
839 568 697
131 871 698
224 519 699
801 115 700
681 608 701
49 503 702
324 845 703
244 163 704
691 744 705
779 406 706
675 176 707
261 852 708
482 426 709
603 848 710
563 755 711
653 148 712
7 643 713
359 138 714
136 781 715
269 533 716
719 502 717
211 40 718
715 405 719
12 491 720
87 387 721
31 266 722
884 287 723
165 321 724
686 596 725
611 445 726
345 470 727
122 660 728
707 492 729
695 30 730
900 866 731
393 376 732
215 47 733
68 388 734
774 193 735
445 602 736
843 79 737
580 72 738
516 662 739
769 289 740
499 110 741
898 450 742
529 859 743
523 281 744
499 682 745
134 711 746
394 59 747
218 77 748
688 773 749
472 166 750
801 139 751
365 127 752
100 674 753
433 665 754
145 94 755
339 474 756
326 454 757
516 536 758
490 50 759
150 413 760
691 545 761
213 382 762
289 265 763
100 635 764
837 746 765
842 786 766
251 293 767
314 548 768
161 129 769
575 838 770
34 583 771
665 215 772
625 783 773
604 831 774
253 128 775
468 726 776
569 880 777
403 58 778
616 733 779
263 566 780
403 386 781
481 884 782
386 285 783
741 339 784
533 196 785
481 551 786
792 202 787
298 19 788
719 114 789
810 31 790
525 740 791
841 120 792
416 137 793
728 637 794
758 752 795
551 271 796
638 679 797
62 513 798
685 628 799
761 237 800
639 136 801
21 35 802
258 301 803
832 685 804
100 153 805
658 207 806
498 17 807
146 235 808
616 187 809
735 580 810
234 890 811
866 56 812
724 39 813
748 770 814
781 173 815
449 729 816
560 182 817
817 860 818
146 67 819
468 784 820
106 736 821
801 593 822
896 371 823
61 827 824
169 531 825
342 743 826
659 278 827
112 517 828
97 224 829
748 191 830
614 49 831
191 350 832
417 620 833
392 240 834
616 132 835
642 7 836
293 816 837
805 345 838
80 104 839
691 290 840
524 248 841
801 287 842
36 84 843
725 383 844
884 399 845
242 316 846
265 134 847
12 625 848
483 432 849
122 347 850
594 101 851
302 745 852
191 323 853
595 712 854
666 286 855
769 896 856
765 778 857
322 847 858
579 748 859
261 836 860
320 232 861
99 334 862
637 647 863
677 490 864
149 57 865
187 788 866
674 188 867
686 124 868
801 424 869
35 467 870
223 227 871
54 455 872
680 319 873
547 212 874
435 504 875
661 556 876
172 899 877
618 465 878
775 825 879
449 210 880
26 236 881
735 48 882
314 808 883
533 33 884
828 36 885
655 364 886
131 117 887
730 358 888
852 541 889
715 401 890
200 341 891
391 404 892
127 661 893
463 546 894
622 802 895
413 332 896
22 727 897
189 549 898
464 678 899
177 103 900
