4500 4500 4500
2829 1995 1
1547 4155 2
1333 2340 3
2025 3195 4
4399 1490 5
3944 792 6
825 1310 7
542 3243 8
4450 4063 9
549 4124 10
2923 298 11
2130 130 12
1204 3652 13
1048 187 14
2842 248 15
1272 4106 16
3582 1862 17
2756 1092 18
3716 3172 19
950 3628 20
2991 874 21
3348 3407 22
2316 3575 23
3249 1544 24
537 2841 25
4016 708 26
3223 4259 27
3716 3109 28
2060 3193 29
3307 2230 30
1662 1437 31
1145 135 32
3875 881 33
2768 1949 34
4437 4412 35
3015 3181 36
2902 4051 37
3115 1671 38
4207 258 39
4120 1683 40
2534 3642 41
3234 1332 42
159 2076 43
219 1076 44
934 4134 45
1794 1824 46
471 2645 47
4247 2261 48
3343 4090 49
3911 2836 50
4400 2442 51
2253 4043 52
4207 683 53
2527 2209 54
2755 562 55
2527 2222 56
4230 712 57
1188 2662 58
3992 2697 59
274 2313 60
783 3474 61
798 705 62
3492 929 63
3760 176 64
3836 2344 65
3850 1517 66
3161 391 67
399 2759 68
1108 467 69
1531 2095 70
3588 1680 71
3298 655 72
149 2038 73
2756 3093 74
1017 3290 75
2470 2420 76
3869 1531 77
2176 3623 78
4234 2962 79
4041 2488 80
16 841 81
4209 3725 82
2137 4314 83
3071 2551 84
1581 3844 85
3398 3033 86
602 422 87
2204 3627 88
2253 1204 89
2978 2626 90
688 4339 91
1795 490 92
748 1111 93
2665 1891 94
3394 2572 95
1740 3378 96
3991 612 97
3046 3695 98
1576 3206 99
1348 3595 100
2284 2438 101
4110 1703 102
4110 664 103
1560 1459 104
2815 1511 105
3099 681 106
2184 3766 107
1224 4284 108
1702 3427 109
3357 3752 110
2106 3504 111
410 552 112
596 12 113
1873 1791 114
1386 1533 115
3985 4262 116
1555 4440 117
1200 2718 118
4486 512 119
4222 2791 120
1570 76 121
71 547 122
4437 2393 123
2223 3602 124
4241 3514 125
3938 2683 126
278 3778 127
636 42 128
2939 3203 129
4048 411 130
1372 4373 131
2418 1867 132
3930 751 133
3042 3550 134
1166 3283 135
2874 3945 136
1587 366 137
3137 306 138
2235 1145 139
3902 1213 140
2581 3218 141
2419 4270 142
1403 3186 143
3236 3516 144
27 3246 145
2894 3057 146
1534 2389 147
1097 819 148
2114 801 149
4368 45 150
1730 1484 151
2776 975 152
386 1684 153
3223 3158 154
1362 403 155
3969 4480 156
2284 4184 157
510 101 158
1462 1846 159
2131 3278 160
3620 4234 161
3939 2297 162
1541 1229 163
2336 1538 164
2279 1069 165
242 2361 166
3969 2878 167
1717 2431 168
936 2031 169
4292 3643 170
2033 3774 171
908 1999 172
2213 1615 173
287 4071 174
2203 3391 175
318 2521 176
1815 1460 177
2716 4205 178
3374 731 179
3579 402 180
648 2119 181
3020 2312 182
3944 4311 183
3638 2332 184
1233 3904 185
1869 1225 186
3554 257 187
1079 4443 188
1428 2590 189
2909 3441 190
929 4377 191
1893 4037 192
1241 3458 193
2690 4255 194
2955 2663 195
3719 2919 196
4184 2047 197
621 2436 198
3783 2820 199
1462 1825 200
1712 2675 201
3046 1723 202
1104 3764 203
2699 150 204
4222 1362 205
4413 4352 206
3260 920 207
2756 1413 208
1619 3686 209
62 355 210
2701 3971 211
1659 164 212
3783 593 213
2253 3801 214
3258 979 215
1148 553 216
82 3473 217
3557 931 218
4003 3688 219
3519 3770 220
3143 498 221
1500 405 222
1702 2497 223
3748 2264 224
3992 4478 225
2853 1114 226
4120 2558 227
4437 1172 228
3064 2522 229
410 825 230
1000 3291 231
3783 3525 232
3305 2970 233
3611 4306 234
3421 1554 235
404 2223 236
355 2693 237
1143 2467 238
4412 691 239
572 1454 240
2165 123 241
2392 2106 242
3058 3228 243
3217 710 244
2961 3676 245
1091 1898 246
1262 3730 247
4351 3758 248
1174 634 249
1742 4145 250
2805 1402 251
3976 3277 252
615 156 253
1001 1965 254
2559 3041 255
3770 606 256
3748 35 257
3610 1515 258
4203 2838 259
414 721 260
681 2338 261
3059 464 262
3826 3418 263
19 3760 264
2619 2102 265
2778 676 266
1171 2472 267
1365 3437 268
1635 1126 269
1521 4068 270
2874 2685 271
483 3469 272
2324 4162 273
564 414 274
3082 4334 275
489 1945 276
2071 3894 277
1551 1638 278
3114 2207 279
2101 3646 280
671 4454 281
3266 1775 282
6 83 283
3829 388 284
2804 739 285
3591 338 286
1239 3241 287
1460 2243 288
3621 1909 289
3604 4385 290
653 2866 291
3833 4302 292
3746 3496 293
2656 4245 294
1462 1990 295
1407 315 296
2620 2009 297
2568 2167 298
860 1951 299
1693 2040 300
3849 3745 301
3285 3421 302
1897 3489 303
1143 2499 304
493 4463 305
1865 184 306
1769 4290 307
2047 2056 308
843 2719 309
2550 837 310
3693 4083 311
957 4016 312
1329 267 313
1665 3704 314
2261 3618 315
1433 675 316
3026 4432 317
298 2334 318
3633 3053 319
2499 1105 320
601 1493 321
3630 3271 322
2431 114 323
2281 3613 324
2194 2847 325
2997 2857 326
3579 4222 327
1389 275 328
3802 1602 329
4410 836 330
3387 1301 331
839 2314 332
2018 2565 333
483 2782 334
3620 1291 335
1927 1324 336
2467 1073 337
4268 2768 338
1614 2486 339
1415 1594 340
1033 1435 341
2135 3479 342
3248 2691 343
1813 1143 344
410 3343 345
3585 3336 346
483 4281 347
3579 3582 348
129 2747 349
1290 32 350
2874 218 351
1784 3500 352
3171 3327 353
783 3084 354
3764 2168 355
4284 384 356
478 1919 357
3793 1736 358
3087 1037 359
3658 446 360
1804 1855 361
4169 1458 362
2771 2447 363
493 2212 364
599 1864 365
3632 4112 366
950 3034 367
8 89 368
2805 987 369
1509 1141 370
1921 995 371
4257 2958 372
187 261 373
1623 1039 374
1491 3853 375
2482 2536 376
428 3463 377
2597 1154 378
2533 1327 379
1524 2943 380
4078 1233 381
1856 121 382
3620 53 383
2294 2135 384
3331 180 385
1492 350 386
3011 4279 387
2557 1040 388
595 3223 389
3764 2124 390
2971 3630 391
3626 1226 392
2803 172 393
3059 1353 394
671 171 395
3706 3263 396
287 2765 397
97 2256 398
2739 2457 399
387 2083 400
2315 939 401
4086 2773 402
1567 4164 403
4271 935 404
2118 1151 405
3906 359 406
1059 1903 407
782 2850 408
2601 1722 409
43 3518 410
3310 1847 411
629 1434 412
1280 3472 413
3438 600 414
4269 1408 415
408 2048 416
927 3264 417
967 543 418
688 3882 419
2156 854 420
614 971 421
1240 1852 422
3193 4 423
1301 2112 424
3965 1203 425
3665 3977 426
286 3706 427
3593 4093 428
724 471 429
2736 700 430
2995 3740 431
1562 3908 432
4398 1356 433
4103 2736 434
3970 3120 435
953 2617 436
2901 2870 437
935 1110 438
1427 4054 439
1969 3453 440
1389 2274 441
2639 2078 442
2863 4312 443
3211 4264 444
3836 2368 445
2846 2489 446
3630 2187 447
920 4129 448
2354 455 449
69 3031 450
3390 913 451
3893 2454 452
4094 4236 453
2304 3062 454
2327 2535 455
3392 1815 456
2027 1015 457
3654 2944 458
3248 3331 459
3630 4305 460
3933 1513 461
84 1163 462
4055 2911 463
3204 482 464
508 1841 465
225 1384 466
3633 3011 467
4428 1464 468
2087 2994 469
3833 4228 470
3042 741 471
4206 1055 472
3170 2639 473
3775 2216 474
2955 1797 475
3425 1632 476
2845 434 477
1374 2378 478
965 4307 479
1821 735 480
780 2995 481
2304 47 482
1053 938 483
4163 3377 484
3063 361 485
2375 2927 486
2253 510 487
3017 2348 488
4320 1200 489
3827 2544 490
4206 2415 491
840 962 492
2055 4121 493
1514 2936 494
549 1784 495
4219 4392 496
4311 3603 497
950 3059 498
29 3292 499
2423 4173 500
3689 2552 501
1543 3039 502
1242 2024 503
4041 147 504
171 1499 505
3325 722 506
3011 3394 507
3355 1907 508
4297 2948 509
179 2006 510
2123 44 511
2429 2619 512
1292 2700 513
1611 549 514
2279 372 515
1050 1726 516
640 3732 517
2080 846 518
533 4179 519
3699 103 520
4226 452 521
4159 2856 522
1342 501 523
3824 1535 524
62 4347 525
4212 1749 526
3308 3612 527
897 4495 528
3418 4280 529
1437 4226 530
886 866 531
516 1349 532
488 3101 533
3374 165 534
3248 3940 535
757 2721 536
2313 1246 537
4147 2740 538
4388 96 539
971 268 540
3219 3510 541
537 215 542
2869 418 543
1730 222 544
566 1264 545
4219 2280 546
2826 2323 547
2013 2407 548
224 3420 549
1301 2741 550
4398 2809 551
4177 1122 552
4327 1279 553
2154 574 554
2918 2889 555
3801 4038 556
2282 3007 557
1702 1265 558
912 2379 559
3032 3585 560
3932 2331 561
2253 3869 562
385 2416 563
2507 417 564
1649 1393 565
2342 3827 566
3117 4396 567
2814 887 568
1258 732 569
3976 2127 570
3764 839 571
2806 2469 572
4321 1611 573
1942 956 574
3293 1232 575
3171 1486 576
4079 896 577
765 4019 578
1708 3727 579
3642 3860 580
2011 2391 581
1103 2667 582
1896 2624 583
2587 1065 584
1027 440 585
1815 353 586
2604 2185 587
4020 1325 588
3794 3038 589
683 4152 590
1833 1119 591
2829 1252 592
2940 344 593
3814 4375 594
1896 3262 595
889 4223 596
526 910 597
4409 1063 598
1861 651 599
4279 356 600
1514 115 601
3345 1363 602
4219 2477 603
2236 1869 604
4337 1417 605
3392 3040 606
2587 1708 607
510 4351 608
4246 250 609
1634 1714 610
1504 4500 611
1894 2443 612
264 3889 613
3760 4283 614
441 4178 615
823 1597 616
4036 160 617
2319 1026 618
2082 1494 619
2253 2825 620
76 3919 621
924 3698 622
430 436 623
1292 1128 624
1422 105 625
1071 652 626
1362 3107 627
1098 3547 628
3689 1873 629
4064 1502 630
3037 1167 631
2229 613 632
4329 2638 633
488 1730 634
1769 2506 635
4279 2142 636
2201 2908 637
1776 2444 638
3908 2218 639
1215 4326 640
1067 2370 641
595 3543 642
381 1068 643
163 2004 644
2864 4485 645
3254 1328 646
3512 736 647
452 528 648
4355 3110 649
1202 3749 650
2198 3974 651
1409 3656 652
2150 2929 653
681 3667 654
572 1021 655
3223 3380 656
2279 4308 657
928 3912 658
1991 4464 659
3621 3361 660
3305 2101 661
1576 3719 662
1301 2294 663
1080 1083 664
4147 2804 665
1329 4369 666
1346 2290 667
3834 1242 668
3372 221 669
2985 1162 670
2800 3868 671
1235 2495 672
2047 1391 673
502 1686 674
1683 1061 675
756 3875 676
4070 924 677
572 2165 678
3387 3461 679
2276 1843 680
4048 1643 681
1565 2835 682
2803 784 683
4437 925 684
2343 546 685
1171 3566 686
1468 2502 687
1937 4148 688
373 1668 689
5 1176 690
4324 2844 691
3564 4175 692
695 1056 693
2463 3703 694
3757 3739 695
3384 4191 696
625 703 697
1437 3098 698
1235 4247 699
3477 834 700
569 396 701
772 4193 702
1231 3467 703
4428 1982 704
2324 179 705
3916 4061 706
4449 1913 707
356 3443 708
1095 591 709
192 817 710
4391 3905 711
1021 1541 712
4341 2913 713
3598 2822 714
3849 1087 715
4420 1504 716
1252 1465 717
4372 4064 718
1691 830 719
2062 865 720
2620 3576 721
2060 3617 722
2658 2485 723
3393 4032 724
720 1530 725
2255 2931 726
401 1818 727
3587 437 728
1632 1243 729
1128 1121 730
3065 4168 731
2261 797 732
3689 2981 733
687 4210 734
2060 3207 735
2257 3152 736
2977 1003 737
1902 1889 738
4356 1762 739
1717 4023 740
2050 3258 741
4217 713 742
809 1645 743
4455 1473 744
3395 3665 745
2003 967 746
1303 2289 747
3949 1665 748
3042 1768 749
2027 119 750
3845 3006 751
3384 3891 752
254 495 753
3944 3214 754
4103 3353 755
2873 3253 756
3043 3142 757
763 714 758
602 3424 759
681 4471 760
1333 1583 761
4014 2476 762
3594 4361 763
936 3210 764
1312 4442 765
3393 4199 766
4463 1381 767
3949 3490 768
4116 2305 769
3597 3126 770
1740 1373 771
3258 2781 772
1562 2661 773
4297 3249 774
4437 3224 775
756 3694 776
1374 3364 777
1527 3592 778
4139 152 779
157 1555 780
3852 4073 781
2086 3180 782
3008 2130 783
74 2549 784
1441 1981 785
705 2241 786
3719 1029 787
3542 1822 788
2104 617 789
2505 2821 790
3893 303 791
4383 433 792
2691 684 793
3046 3140 794
4373 1025 795
2969 2113 796
1721 2815 797
3579 2545 798
3600 3578 799
3497 3220 800
341 3785 801
3759 1727 802
3749 2806 803
471 2434 804
571 1601 805
3810 3544 806
123 2735 807
3432 982 808
2735 719 809
1702 3405 810
2500 4431 811
3343 3079 812
1582 3723 813
2815 3782 814
207 2941 815
4085 3584 816
3264 2182 817
601 1072 818
3346 2183 819
268 4459 820
2892 1777 821
298 3307 822
664 2559 823
1846 4323 824
2259 586 825
899 693 826
3882 3456 827
3621 2525 828
3548 2025 829
1706 3933 830
886 3998 831
4405 678 832
2341 2483 833
1784 4022 834
541 3866 835
1373 577 836
2117 744 837
2301 438 838
880 3874 839
118 4465 840
4472 1575 841
2247 4416 842
2085 818 843
3136 1946 844
2794 307 845
2532 2337 846
3255 2643 847
4048 2303 848
2825 915 849
1395 2925 850
4234 3352 851
243 3986 852
1389 4132 853
3158 1991 854
1277 608 855
3770 840 856
592 2405 857
1746 3388 858
950 3658 859
2546 761 860
3062 33 861
620 2255 862
1515 3837 863
3212 217 864
2203 3787 865
1570 4366 866
425 459 867
1529 26 868
3578 911 869
766 2811 870
1935 2177 871
3719 3100 872
3092 1893 873
2359 1396 874
2495 2713 875
2820 3693 876
3552 3066 877
3337 2096 878
341 3982 879
2836 3713 880
2261 1263 881
2966 2118 882
1784 2298 883
3501 959 884
1210 3078 885
1740 2583 886
3834 3285 887
12 618 888
305 4364 889
1893 1936 890
3519 2011 891
914 3966 892
1708 2049 893
2687 1634 894
711 2964 895
2236 2868 896
601 2729 897
4209 1348 898
511 1711 899
4455 2969 900
620 2842 901
1244 3419 902
1654 2029 903
3438 4484 904
2222 1043 905
3147 1696 906
471 1630 907
4048 2074 908
2710 4197 909
4426 1421 910
2347 4341 911
4100 576 912
4026 1171 913
1298 944 914
163 1451 915
259 4237 916
1100 465 917
564 2554 918
3769 1587 919
2304 2362 920
4041 2823 921
1716 4360 922
1473 3048 923
2906 4218 924
2610 3248 925
2368 4012 926
3845 2985 927
1603 1506 928
2190 3045 929
460 737 930
4006 985 931
3781 2777 932
572 2060 933
2384 4240 934
1472 701 935
3609 1757 936
567 2575 937
572 4151 938
2098 1273 939
3633 4256 940
930 3714 941
389 323 942
2487 3114 943
1366 1821 944
1105 1248 945
2546 1937 946
457 3280 947
2526 2589 948
3380 1173 949
2359 2240 950
4324 3701 951
1590 3061 952
4293 3936 953
2824 1561 954
2049 677 955
3323 4109 956
1759 1439 957
1621 753 958
3430 1658 959
2930 2400 960
3897 1366 961
373 1334 962
394 442 963
583 2568 964
3092 639 965
1216 2351 966
708 754 967
117 4327 968
920 2997 969
1153 122 970
3211 3068 971
4235 3429 972
4091 3233 973
3853 1183 974
606 3312 975
4179 1568 976
1074 2075 977
606 4040 978
207 1701 979
1211 3076 980
1270 4295 981
139 2899 982
3650 2654 983
2284 1780 984
1890 54 985
3394 117 986
2281 3239 987
2473 61 988
2796 3535 989
2792 4206 990
572 4386 991
2546 3103 992
1681 2424 993
1814 3724 994
688 1980 995
4488 2694 996
3013 2600 997
3801 3863 998
3503 3842 999
2874 389 1000
836 1940 1001
2112 1470 1002
1951 1854 1003
1206 2528 1004
3554 674 1005
2316 4248 1006
4406 1948 1007
471 2543 1008
1048 1386 1009
446 2349 1010
189 1828 1011
3978 2760 1012
3502 3814 1013
571 2287 1014
4120 3259 1015
4393 1444 1016
2057 1 1017
2610 3024 1018
4215 1921 1019
811 3929 1020
3793 3088 1021
72 3655 1022
298 3044 1023
3854 4098 1024
127 1773 1025
3576 393 1026
4206 2408 1027
4338 3561 1028
2736 3357 1029
2364 548 1030
2174 1474 1031
1566 1766 1032
1467 1882 1033
2956 2014 1034
765 3736 1035
1185 3198 1036
3372 4189 1037
2356 1732 1038
2317 11 1039
281 1057 1040
414 3997 1041
5 3019 1042
3296 1500 1043
3585 3811 1044
768 1094 1045
421 1687 1046
3490 2653 1047
3579 426 1048
2063 2537 1049
4135 4274 1050
1970 62 1051
2294 2979 1052
1075 3035 1053
2743 351 1054
2247 769 1055
1764 3696 1056
4008 4487 1057
561 950 1058
1425 1185 1059
595 3384 1060
2891 3953 1061
1073 1370 1062
1292 3362 1063
4125 3726 1064
322 2965 1065
2426 3871 1066
4035 3133 1067
309 658 1068
3446 4429 1069
1295 2045 1070
1963 86 1071
273 3428 1072
2987 1481 1073
2253 190 1074
2930 1418 1075
224 1526 1076
914 3032 1077
3579 2375 1078
2672 1461 1079
824 1808 1080
1967 3164 1081
3911 2731 1082
2334 2876 1083
2687 3773 1084
1388 2947 1085
511 2275 1086
1466 2746 1087
3633 242 1088
3479 1789 1089
188 1799 1090
3525 2909 1091
1042 879 1092
899 4117 1093
2849 3319 1094
3911 1372 1095
259 2707 1096
2200 2916 1097
2125 1426 1098
1126 2511 1099
978 1670 1100
1372 3095 1101
1510 4489 1102
2612 2580 1103
2543 2615 1104
467 2277 1105
2967 3121 1106
2201 976 1107
1086 1747 1108
2487 4058 1109
3006 3222 1110
2431 3708 1111
2799 4017 1112
695 2202 1113
4248 472 1114
2301 3662 1115
514 331 1116
3980 236 1117
231 1758 1118
3740 2928 1119
3298 1507 1120
1297 1648 1121
3311 1169 1122
594 888 1123
543 228 1124
4411 1290 1125
97 1930 1126
3894 487 1127
3508 1741 1128
2085 1984 1129
4470 3022 1130
1202 748 1131
818 168 1132
1241 3176 1133
2553 305 1134
3021 1079 1135
1825 1059 1136
2131 3393 1137
1647 3599 1138
2620 848 1139
4135 2191 1140
2620 2018 1141
1846 134 1142
1458 2657 1143
1865 1624 1144
3201 2325 1145
1813 1206 1146
863 1217 1147
4463 1705 1148
574 1367 1149
1984 2121 1150
3255 1000 1151
1903 4111 1152
2342 3577 1153
3956 2686 1154
1433 1633 1155
3404 644 1156
2771 3761 1157
964 1866 1158
4128 583 1159
1220 196 1160
1659 1729 1161
1340 545 1162
2076 1983 1163
1204 75 1164
129 3647 1165
3248 3402 1166
2154 4097 1167
3013 3255 1168
1258 629 1169
849 1865 1170
2342 3442 1171
3005 2588 1172
3113 3069 1173
1087 2840 1174
93 4472 1175
2962 1585 1176
982 1455 1177
4368 912 1178
571 2922 1179
2692 413 1180
322 198 1181
1746 19 1182
1422 4055 1183
64 1842 1184
4136 4363 1185
338 1574 1186
1070 2819 1187
2072 500 1188
3833 3683 1189
3631 1905 1190
543 1259 1191
3078 680 1192
4035 3476 1193
3181 330 1194
2815 289 1195
4068 2418 1196
1897 2206 1197
2168 795 1198
549 1805 1199
3073 4499 1200
3639 1219 1201
4430 3256 1202
2820 3387 1203
1833 2247 1204
1699 2258 1205
4209 3392 1206
625 1935 1207
213 1174 1208
4072 2595 1209
2307 2398 1210
3732 2266 1211
3322 3282 1212
1939 2098 1213
3454 2265 1214
1295 4233 1215
2312 249 1216
2553 3184 1217
133 2382 1218
3939 679 1219
2328 1577 1220
305 3179 1221
4046 3852 1222
1961 1218 1223
409 3669 1224
2131 1914 1225
747 2573 1226
2792 1157 1227
4103 1567 1228
2185 524 1229
3084 4011 1230
1088 3501 1231
1512 3715 1232
341 2453 1233
2101 2540 1234
1792 890 1235
2195 1397 1236
1117 3168 1237
2820 1970 1238
3259 2463 1239
4368 2656 1240
2363 3286 1241
522 432 1242
444 2599 1243
4356 4227 1244
3112 1357 1245
1614 2676 1246
3543 3717 1247
3429 3682 1248
2699 2905 1249
4434 3903 1250
4355 1693 1251
3387 978 1252
353 3777 1253
4266 1650 1254
1628 1712 1255
2090 494 1256
1280 2381 1257
1708 3426 1258
1975 3477 1259
4266 1710 1260
3092 3580 1261
3895 3952 1262
3164 4088 1263
268 1326 1264
3860 849 1265
3301 3008 1266
4222 623 1267
938 276 1268
4366 4201 1269
880 4368 1270
2071 2533 1271
3844 3161 1272
3943 2912 1273
3043 867 1274
951 3190 1275
2899 3963 1276
2692 3973 1277
4241 278 1278
2010 3733 1279
661 3950 1280
3812 2724 1281
3248 23 1282
1078 2015 1283
6 917 1284
1850 515 1285
1869 281 1286
3269 3028 1287
1607 1378 1288
744 3641 1289
2143 1416 1290
4241 3949 1291
3491 2754 1292
357 1967 1293
375 3886 1294
3794 385 1295
2533 3459 1296
997 2710 1297
1258 3092 1298
3970 3858 1299
3716 1938 1300
3597 3640 1301
1995 1033 1302
2604 2706 1303
3543 3600 1304
1821 3375 1305
4361 2993 1306
2601 2972 1307
3214 3435 1308
1125 2630 1309
4163 1751 1310
4346 2343 1311
1619 3338 1312
1114 1351 1313
748 1524 1314
170 3517 1315
2747 2717 1316
950 2347 1317
4150 2402 1318
3675 1388 1319
3610 1299 1320
1219 2783 1321
1903 1900 1322
1239 2492 1323
3520 1067 1324
3362 661 1325
785 2311 1326
2645 1020 1327
4037 2149 1328
2810 431 1329
3519 1551 1330
2647 3615 1331
1340 3415 1332
3718 3323 1333
114 800 1334
2388 210 1335
1292 4079 1336
1134 2465 1337
919 3947 1338
782 3042 1339
2837 1874 1340
3420 2000 1341
3893 1599 1342
2215 3965 1343
2156 3674 1344
2728 2073 1345
3362 3166 1346
3079 4310 1347
3650 1928 1348
2122 690 1349
4133 299 1350
4370 571 1351
3886 2136 1352
4144 2169 1353
3381 1509 1354
3906 1911 1355
1555 3487 1356
4072 1027 1357
471 132 1358
3778 4397 1359
27 2507 1360
335 2373 1361
15 3887 1362
3307 3396 1363
116 520 1364
3915 3651 1365
3310 3937 1366
984 530 1367
2981 3881 1368
1506 4119 1369
286 3026 1370
3939 4467 1371
4078 3930 1372
4432 3196 1373
3071 2581 1374
4097 1516 1375
2320 4322 1376
4016 850 1377
4221 4096 1378
1746 1339 1379
428 4413 1380
1906 1457 1381
3384 3381 1382
2094 3009 1383
3066 2677 1384
2852 1097 1385
4399 2030 1386
260 1389 1387
3203 715 1388
1708 293 1389
1893 4099 1390
2780 1540 1391
3042 3370 1392
3978 3085 1393
4151 3818 1394
1223 4001 1395
3412 1294 1396
3376 4137 1397
2105 2910 1398
1125 1346 1399
3605 3075 1400
51 3873 1401
313 367 1402
3032 1704 1403
175 645 1404
3951 1211 1405
4377 3250 1406
2901 3560 1407
493 485 1408
1432 934 1409
2910 3065 1410
2283 3922 1411
3556 2306 1412
2846 2975 1413
4354 3329 1414
2695 1895 1415
785 1307 1416
1209 229 1417
2684 447 1418
3169 2632 1419
1097 3699 1420
3784 129 1421
1896 2330 1422
19 2986 1423
2335 3135 1424
2015 3823 1425
2213 3960 1426
1473 3204 1427
2052 3134 1428
3244 4424 1429
2216 2652 1430
2724 4492 1431
3557 1485 1432
3251 1621 1433
4425 332 1434
3254 3372 1435
2239 1622 1436
4177 3067 1437
861 1617 1438
129 1014 1439
614 2976 1440
4325 2767 1441
2281 3508 1442
154 3431 1443
1272 3583 1444
3779 4138 1445
3666 871 1446
410 2949 1447
424 4067 1448
860 4303 1449
4412 1512 1450
556 2404 1451
1125 2133 1452
1846 823 1453
3272 745 1454
3058 1994 1455
4292 3598 1456
790 1447 1457
2897 2527 1458
3673 4029 1459
4048 787 1460
1981 483 1461
1302 621 1462
1990 3058 1463
919 4075 1464
3092 3422 1465
1293 3397 1466
2404 1556 1467
3191 698 1468
2093 3771 1469
1301 1322 1470
1266 2411 1471
602 2372 1472
3226 1184 1473
4410 857 1474
958 202 1475
2652 3450 1476
2071 3511 1477
203 2753 1478
1128 3675 1479
4393 821 1480
1790 254 1481
2503 474 1482
274 1782 1483
2013 3833 1484
2108 1112 1485
2759 2715 1486
1484 919 1487
2239 3399 1488
4486 3030 1489
1632 1856 1490
3697 2609 1491
4346 2160 1492
1296 2064 1493
969 793 1494
322 1010 1495
1209 3112 1496
1457 4203 1497
3385 1192 1498
52 2498 1499
3987 3275 1500
2057 901 1501
3853 2158 1502
3199 2514 1503
2480 2067 1504
4294 3843 1505
2910 3301 1506
1593 4486 1507
2671 760 1508
3420 1164 1509
4125 4224 1510
1865 2221 1511
959 3332 1512
2991 3226 1513
1802 3012 1514
313 763 1515
2461 790 1516
3800 3553 1517
3619 1085 1518
2527 1675 1519
2858 203 1520
2284 806 1521
1960 98 1522
2019 2872 1523
3852 2518 1524
3893 3221 1525
309 2409 1526
2222 894 1527
1075 81 1528
3340 814 1529
1048 1491 1530
2364 2882 1531
2914 216 1532
40 197 1533
3092 4421 1534
3837 2259 1535
2047 3911 1536
1790 3731 1537
1740 558 1538
1239 4395 1539
4099 430 1540
3954 2079 1541
2016 279 1542
2316 3854 1543
1541 3593 1544
1430 3325 1545
2178 4161 1546
2424 2772 1547
7 539 1548
389 635 1549
1257 4204 1550
3611 4185 1551
1524 1925 1552
786 4214 1553
3600 2173 1554
2438 1342 1555
429 791 1556
3408 694 1557
201 720 1558
2334 113 1559
3502 158 1560
4067 3574 1561
2970 1230 1562
2255 3350 1563
1910 2039 1564
3616 2571 1565
199 2094 1566
2628 1716 1567
2439 4244 1568
661 373 1569
586 4359 1570
2771 2272 1571
1174 3216 1572
1856 2186 1573
578 1695 1574
3254 1958 1575
2215 1861 1576
3906 4114 1577
3223 2577 1578
541 883 1579
1360 3810 1580
4192 4149 1581
1313 2830 1582
741 2053 1583
541 860 1584
2080 3491 1585
1427 3805 1586
880 2139 1587
2495 2339 1588
2260 4450 1589
655 4340 1590
110 2390 1591
3650 3934 1592
2086 3063 1593
1093 2625 1594
2753 4094 1595
1873 4367 1596
383 544 1597
2426 1245 1598
3383 3841 1599
1599 1441 1600
3330 3637 1601
1395 2952 1602
3092 615 1603
1015 2192 1604
3962 312 1605
4011 1769 1606
4345 1944 1607
3162 2666 1608
1511 3151 1609
2559 182 1610
353 869 1611
1204 3794 1612
1209 4163 1613
3005 201 1614
1943 999 1615
99 2727 1616
4378 3417 1617
2781 3942 1618
605 1240 1619
2371 3295 1620
87 2245 1621
2163 227 1622
614 937 1623
4150 2977 1624
767 1414 1625
2885 185 1626
1491 665 1627
3165 1969 1628
20 1616 1629
3616 2279 1630
381 3346 1631
2897 3425 1632
2541 3834 1633
3128 1476 1634
3610 3601 1635
2962 3870 1636
1433 633 1637
530 3294 1638
1814 4469 1639
829 1477 1640
160 2881 1641
3201 3475 1642
3524 685 1643
3404 1795 1644
4052 3981 1645
4235 2100 1646
2557 649 1647
389 1881 1648
3706 2984 1649
3415 295 1650
3824 858 1651
2339 1175 1652
1028 4007 1653
4137 2092 1654
3970 3902 1655
3323 1628 1656
3959 1054 1657
697 749 1658
4484 1652 1659
1264 689 1660
159 286 1661
969 594 1662
2361 2282 1663
4238 3619 1664
2871 3632 1665
924 2120 1666
3252 891 1667
880 2414 1668
4066 3315 1669
4438 4118 1670
2824 1395 1671
747 518 1672
569 903 1673
3103 766 1674
957 2646 1675
3932 4420 1676
2250 4415 1677
675 3916 1678
3226 318 1679
141 2637 1680
1650 240 1681
1002 1778 1682
3813 4202 1683
2681 100 1684
3529 383 1685
2762 1792 1686
1652 2001 1687
3200 3119 1688
62 4249 1689
753 2232 1690
1193 529 1691
3636 4254 1692
3168 3454 1693
2256 1399 1694
1328 3604 1695
4038 802 1696
3606 1223 1697
1896 611 1698
3095 3269 1699
4207 984 1700
3801 726 1701
2610 243 1702
2908 4113 1703
2785 3680 1704
2991 2539 1705
4456 2963 1706
637 1809 1707
1422 3607 1708
3446 511 1709
3461 3390 1710
2511 972 1711
3412 2642 1712
633 311 1713
2261 1251 1714
3564 1250 1715
516 3182 1716
3113 4436 1717
3515 1659 1718
2303 1735 1719
991 314 1720
1298 3192 1721
3122 798 1722
358 2229 1723
3432 214 1724
1333 2005 1725
3858 2134 1726
2303 965 1727
2194 1657 1728
3893 4207 1729
2316 2371 1730
11 3797 1731
2541 125 1732
164 2164 1733
3952 443 1734
3863 3047 1735
2339 2864 1736
4311 1521 1737
2553 2061 1738
3667 1268 1739
2019 3219 1740
70 1923 1741
3450 2462 1742
2634 4220 1743
362 4100 1744
4070 4005 1745
2290 1618 1746
1978 2194 1747
601 723 1748
4453 4380 1749
3431 847 1750
783 2587 1751
773 3941 1752
604 337 1753
379 2150 1754
260 1590 1755
4087 4300 1756
2443 992 1757
3543 2900 1758
858 2627 1759
3059 1227 1760
3170 4379 1761
3784 2392 1762
548 421 1763
699 3154 1764
664 1794 1765
3626 4069 1766
4201 2249 1767
1088 3955 1768
2315 1713 1769
2909 3876 1770
2534 3849 1771
2106 399 1772
1706 2072 1773
4300 2193 1774
1301 22 1775
928 756 1776
4274 1642 1777
2429 4496 1778
3692 458 1779
4310 1024 1780
2091 4265 1781
483 1101 1782
3370 116 1783
1174 3444 1784
2356 3141 1785
1726 2732 1786
1921 3913 1787
2120 1860 1788
3628 1764 1789
1805 4304 1790
4192 4494 1791
3660 4186 1792
2785 2959 1793
3394 2831 1794
3469 1831 1795
2670 3244 1796
3235 3410 1797
3363 556 1798
2343 503 1799
956 1368 1800
3401 1953 1801
3490 2628 1802
3347 151 1803
2728 2787 1804
1241 2012 1805
2361 41 1806
2871 1837 1807
1891 3551 1808
3681 813 1809
1279 120 1810
2620 2520 1811
1522 80 1812
2023 3124 1813
4005 3414 1814
3015 4034 1815
357 2141 1816
2388 4003 1817
4207 922 1818
640 4095 1819
1202 2669 1820
67 926 1821
2207 2885 1822
3394 4350 1823
4054 3215 1824
3041 2865 1825
2487 1804 1826
818 2790 1827
872 656 1828
4373 3194 1829
2863 4398 1830
3071 360 1831
2607 961 1832
2669 682 1833
113 704 1834
2547 3795 1835
2922 755 1836
2645 3498 1837
3699 4260 1838
2105 2395 1839
782 3893 1840
3234 386 1841
1076 1100 1842
1441 1280 1843
602 4235 1844
1730 144 1845
4422 3177 1846
3223 3537 1847
2806 1876 1848
3819 573 1849
401 4194 1850
1496 3898 1851
3826 809 1852
3426 3867 1853
2542 104 1854
1197 3931 1855
3081 3247 1856
1636 2990 1857
2470 2859 1858
3982 646 1859
4248 3555 1860
260 1202 1861
1424 569 1862
2303 2429 1863
3897 2808 1864
2185 1986 1865
2438 2891 1866
2511 3383 1867
3576 1803 1868
1619 4335 1869
1914 740 1870
4116 2954 1871
2690 3526 1872
601 4320 1873
156 4356 1874
3080 1537 1875
2803 3257 1876
1313 300 1877
3847 4140 1878
1389 781 1879
930 4394 1880
2612 461 1881
2131 2309 1882
4179 2087 1883
2104 3531 1884
3032 4426 1885
117 3363 1886
1967 514 1887
305 2071 1888
1675 3892 1889
2160 1193 1890
2727 3389 1891
3600 2125 1892
3813 3306 1893
2910 1095 1894
2232 1875 1895
2541 2301 1896
2392 2002 1897
57 2983 1898
457 2059 1899
806 3906 1900
4215 183 1901
1590 3106 1902
2003 1316 1903
4094 1278 1904
305 14 1905
858 2236 1906
3362 4346 1907
2060 4139 1908
4366 2826 1909
2249 707 1910
1880 933 1911
2900 3165 1912
4429 2219 1913
4311 3137 1914
3333 2446 1915
3684 4080 1916
542 1838 1917
3659 1188 1918
2977 230 1919
1733 1558 1920
3854 892 1921
1350 1916 1922
1301 1387 1923
3826 4438 1924
420 831 1925
1314 99 1926
2643 3786 1927
3716 2794 1928
3507 804 1929
2107 523 1930
2702 3990 1931
1042 666 1932
2027 491 1933
1366 3083 1934
4296 3 1935
1523 2281 1936
849 3890 1937
242 3806 1938
2392 335 1939
2967 17 1940
3168 3790 1941
1612 2918 1942
1032 1023 1943
805 1208 1944
932 1016 1945
251 4045 1946
2418 1189 1947
1309 2556 1948
2191 294 1949
3755 3541 1950
3050 2818 1951
597 2455 1952
3692 842 1953
1156 225 1954
3849 205 1955
3970 2050 1956
768 108 1957
3458 3077 1958
4437 40 1959
1053 2367 1960
3021 898 1961
2491 2421 1962
4209 2051 1963
3591 2196 1964
261 4378 1965
3652 2341 1966
2491 3819 1967
2060 2410 1968
4067 4229 1969
981 441 1970
2114 3208 1971
1104 4110 1972
4223 4342 1973
1602 998 1974
4282 845 1975
1555 1049 1976
3847 3978 1977
2154 2161 1978
4103 3178 1979
4345 989 1980
2627 3404 1981
1740 3880 1982
538 2933 1983
3380 3056 1984
285 3792 1985
571 1926 1986
899 3081 1987
724 2090 1988
1543 233 1989
3675 3003 1990
4213 3284 1991
1913 3634 1992
1542 4349 1993
3794 2843 1994
649 742 1995
752 2128 1996
2882 3382 1997
1957 2750 1998
883 3310 1999
3639 1296 2000
4297 2419 2001
671 3302 2002
2582 1134 2003
2214 2526 2004
3444 1064 2005
3103 4493 2006
2492 4466 2007
2214 3828 2008
2216 1879 2009
3582 1520 2010
4471 1132 2011
767 1166 2012
3201 1256 2013
3610 541 2014
36 3252 2015
4216 4171 2016
1746 420 2017
1737 1691 2018
3432 2428 2019
4046 2894 2020
3994 4343 2021
2457 697 2022
4233 3087 2023
2253 2084 2024
574 1968 2025
3598 2950 2026
3673 1398 2027
2762 3644 2028
3080 4030 2029
1893 139 2030
4241 2333 2031
485 994 2032
1415 862 2033
3438 3365 2034
1034 1249 2035
2670 4404 2036
4184 4370 2037
1171 4053 2038
3668 4142 2039
1721 3530 2040
1464 2046 2041
3254 775 2042
3305 3043 2043
226 2491 2044
2487 1917 2045
3343 68 2046
572 3608 2047
1227 4158 2048
4419 2942 2049
751 905 2050
3583 219 2051
4094 1771 2052
1540 3348 2053
450 200 2054
426 2541 2055
187 880 2056
561 3082 2057
973 3878 2058
3834 4407 2059
3298 2154 2060
1813 2253 2061
1313 1613 2062
4017 1197 2063
2956 3700 2064
1873 2387 2065
3597 2504 2066
4279 3999 2067
1542 853 2068
1451 581 2069
3204 3938 2070
2553 1745 2071
421 2761 2072
3529 1030 2073
4150 993 2074
647 3564 2075
2188 3807 2076
2863 3021 2077
1157 2016 2078
2871 4297 2079
2554 3791 2080
4220 743 2081
2063 2988 2082
3675 1774 2083
289 3406 2084
3507 1529 2085
3974 1750 2086
286 4422 2087
2470 3267 2088
477 1123 2089
62 4122 2090
602 39 2091
4313 3845 2092
2031 1798 2093
971 1971 2094
1441 3017 2095
3212 387 2096
950 4298 2097
3834 570 2098
1814 4405 2099
4100 1742 2100
4067 2664 2101
3537 3610 2102
170 3449 2103
3550 672 2104
4391 2712 2105
599 1609 2106
4401 72 2107
3049 1345 2108
1313 448 2109
3380 4372 2110
3967 16 2111
1092 1005 2112
3142 2594 2113
1970 659 2114
3110 1973 2115
230 4212 2116
1424 1137 2117
4207 2851 2118
2743 3230 2119
3519 3897 2120
3770 3768 2121
533 1195 2122
1072 4445 2123
3510 1354 2124
52 3967 2125
889 2151 2126
1984 2903 2127
2467 2739 2128
3922 2579 2129
1989 1261 2130
209 4049 2131
873 1845 2132
1685 1405 2133
1035 1096 2134
3549 3225 2135
3884 1186 2136
1352 143 2137
4348 3825 2138
951 3073 2139
2001 3447 2140
3585 868 2141
3769 406 2142
602 253 2143
1691 2459 2144
4167 3803 2145
1296 3763 2146
1915 3596 2147
708 497 2148
296 3358 2149
4035 1168 2150
606 996 2151
2012 87 2152
1301 2622 2153
1016 3139 2154
3057 796 2155
3633 2875 2156
969 2901 2157
2352 2720 2158
629 4402 2159
1093 2019 2160
3488 1836 2161
3329 1463 2162
2161 2671 2163
420 2874 2164
1704 4031 2165
3768 688 2166
2635 3324 2167
2445 575 2168
3197 2427 2169
2868 774 2170
1821 126 2171
2697 4039 2172
3347 1702 2173
896 2326 2174
3026 3624 2175
4209 1323 2176
1633 3816 2177
643 4383 2178
3160 3781 2179
4399 1835 2180
818 508 2181
3970 357 2182
1647 1146 2183
3986 2172 2184
361 3468 2185
632 1350 2186
4157 1505 2187
3888 3964 2188
2076 1647 2189
392 2574 2190
2227 138 2191
917 4488 2192
874 3721 2193
2236 1503 2194
2755 29 2195
23 3565 2196
1926 2505 2197
4271 412 2198
3412 2752 2199
4297 3589 2200
3874 927 2201
2105 2897 2202
383 2924 2203
4494 2529 2204
3600 2629 2205
2615 1569 2206
3854 589 2207
3684 3678 2208
1617 3664 2209
1148 1440 2210
3423 1654 2211
2517 941 2212
597 1974 2213
3166 148 2214
1821 527 2215
3577 873 2216
4378 1604 2217
207 3018 2218
2546 1419 2219
756 3227 2220
1347 3684 2221
1143 4289 2222
614 4276 2223
3255 2974 2224
1463 58 2225
2131 1088 2226
394 1496 2227
3390 1070 2228
3395 2023 2229
2452 2156 2230
3798 3925 2231
2201 4166 2232
1204 1733 2233
1930 1661 2234
782 1235 2235
648 1830 2236
928 628 2237
933 2946 2238
1342 475 2239
2823 2027 2240
3045 2744 2241
3833 3217 2242
3123 4479 2243
803 2384 2244
2335 4253 2245
2342 2557 2246
1652 1829 2247
3605 301 2248
1243 3809 2249
1292 3349 2250
2037 3480 2251
3719 3185 2252
1073 1514 2253
1414 3772 2254
1599 231 2255
2364 824 2256
3955 588 2257
2976 1228 2258
3749 2300 2259
1081 2550 2260
811 2737 2261
2756 2880 2262
3610 914 2263
951 79 2264
1296 2110 2265
1333 1770 2266
1515 4181 2267
1175 4208 2268
253 4062 2269
2488 1931 2270
2019 2546 2271
1502 4330 2272
4118 395 2273
1441 4455 2274
1568 1330 2275
1166 2213 2276
566 2982 2277
3404 909 2278
3962 2834 2279
3113 1247 2280
1797 1731 2281
4449 1542 2282
2871 1573 2283
741 2199 2284
601 1682 2285
3548 1041 2286
3484 3856 2287
3542 4357 2288
3110 1666 2289
3143 111 2290
538 2103 2291
1854 822 2292
3452 27 2293
2026 789 2294
3017 1492 2295
4346 4391 2296
1673 2299 2297
3854 2813 2298
554 4497 2299
3278 3070 2300
4248 1717 2301
2716 223 2302
2714 2886 2303
2600 71 2304
1301 3371 2305
2536 327 2306
3171 1814 2307
4369 3403 2308
2161 3546 2309
1669 2649 2310
1821 1817 2311
3146 1863 2312
1690 78 2313
3860 2888 2314
1031 3961 2315
870 18 2316
746 2968 2317
1073 4116 2318
1092 149 2319
1132 3457 2320
1373 3016 2321
1795 1011 2322
1180 106 2323
15 3780 2324
4036 1992 2325
2124 325 2326
3774 3691 2327
1962 2175 2328
4281 3759 2329
1813 3616 2330
883 2896 2331
3660 1448 2332
772 2608 2333
1738 3622 2334
3693 2260 2335
917 1404 2336
1104 2487 2337
4250 2692 2338
1348 2116 2339
934 1305 2340
3103 4153 2341
4256 2523 2342
2126 423 2343
1741 990 2344
60 3202 2345
3909 4033 2346
4184 2215 2347
966 97 2348
2537 2689 2349
867 2217 2350
1314 1872 2351
164 2633 2352
404 3769 2353
3254 2445 2354
1095 1924 2355
646 3661 2356
1733 3883 2357
3218 3374 2358
1038 4126 2359
3449 706 2360
1150 616 2361
3542 371 2362
2249 3051 2363
3210 3369 2364
244 3265 2365
2971 1401 2366
1565 2022 2367
3764 3594 2368
1425 828 2369
4221 4483 2370
1378 274 2371
2111 2989 2372
684 3654 2373
2755 1850 2374
1484 2714 2375
417 4355 2376
2665 1518 2377
3687 462 2378
2245 2471 2379
1366 584 2380
3428 2137 2381
1562 1320 2382
11 1527 2383
4222 2762 2384
1093 2871 2385
2241 1190 2386
4247 493 2387
957 4008 2388
1216 2097 2389
872 352 2390
497 1827 2391
530 1553 2392
3716 1422 2393
1668 3174 2394
4070 561 2395
3944 1297 2396
3071 212 2397
4041 5 2398
84 2246 2399
1826 738 2400
4181 2967 2401
1365 479 2402
3950 2234 2403
3305 1510 2404
3451 3660 2405
782 3298 2406
4390 3932 2407
3688 340 2408
1192 3313 2409
680 2828 2410
189 1315 2411
357 4154 2412
457 1177 2413
263 1031 2414
3061 429 2415
3804 4217 2416
3717 757 2417
572 3311 2418
1590 469 2419
4081 2771 2420
381 1595 2421
2017 2354 2422
1985 1988 2423
3507 1117 2424
3525 3430 2425
4073 3587 2426
2454 3944 2427
4419 1284 2428
1975 195 2429
3769 287 2430
265 2698 2431
2203 1289 2432
1700 55 2433
3955 3367 2434
3815 445 2435
2720 1165 2436
4109 3254 2437
3940 3862 2438
2350 2494 2439
967 3080 2440
3348 266 2441
4248 1887 2442
259 4084 2443
321 3157 2444
2535 4102 2445
3549 3808 2446
3347 2906 2447
490 902 2448
1626 1385 2449
1462 1231 2450
278 2915 2451
472 4374 2452
1303 1331 2453
784 2935 2454
1168 2659 2455
1352 2613 2456
1635 348 2457
3773 3559 2458
1653 844 2459
3869 4021 2460
2704 1293 2461
1607 2235 2462
620 259 2463
1335 3229 2464
3951 3755 2465
426 4329 2466
2316 2895 2467
1076 4456 2468
3601 2190 2469
530 502 2470
3048 2673 2471
3432 370 2472
2180 4282 2473
1437 3527 2474
4209 2204 2475
1177 4182 2476
2103 2672 2477
3684 3679 2478
3969 2081 2479
1385 1341 2480
1345 2461 2481
2063 3276 2482
2487 3728 2483
3760 3568 2484
2391 2376 2485
1781 1810 2486
1551 2327 2487
4046 3064 2488
3065 2089 2489
1029 1234 2490
2945 4196 2491
2237 478 2492
3794 4288 2493
1343 2877 2494
371 4451 2495
511 2496 2496
1386 4257 2497
3256 3590 2498
683 1336 2499
3100 2322 2500
1215 1084 2501
1391 3620 2502
4020 3657 2503
1005 290 2504
2095 851 2505
1258 194 2506
1492 3234 2507
2184 1051 2508
1740 2441 2509
1551 2792 2510
493 1525 2511
2538 2598 2512
3639 3571 2513
2468 334 2514
3017 2176 2515
2663 2366 2516
4354 3345 2517
394 4147 2518
2815 4406 2519
3452 4195 2520
2073 1667 2521
3869 3855 2522
2840 207 2523
4368 4292 2524
3248 4299 2525
2736 392 2526
2213 4477 2527
3168 3451 2528
1991 2607 2529
2266 2263 2530
2013 2066 2531
3678 1700 2532
2837 2578 2533
1607 444 2534
4048 1868 2535
1746 3836 2536
4186 3984 2537
3200 4200 2538
809 4447 2539
2071 877 2540
3385 3167 2541
2882 1840 2542
720 2394 2543
2813 3335 2544
3037 3191 2545
2670 1286 2546
3345 1495 2547
1893 3847 2548
704 1557 2549
1095 321 2550
3938 1376 2551
3432 2357 2552
2857 2688 2553
4072 1790 2554
4110 2451 2555
3335 2921 2556
3393 3507 2557
2235 2678 2558
965 1498 2559
2897 2510 2560
685 578 2561
2020 255 2562
2010 1436 2563
2052 4156 2564
438 3153 2565
3420 1603 2566
151 2086 2567
661 969 2568
64 3144 2569
319 4130 2570
4076 2269 2571
1728 1423 2572
2283 2592 2573
3585 2890 2574
2290 4170 2575
1153 2751 2576
2454 1313 2577
4430 4174 2578
2383 263 2579
3185 3798 2580
2513 3050 2581
1343 252 2582
2047 282 2583
2642 3927 2584
3068 3236 2585
4109 3314 2586
3922 272 2587
1611 3987 2588
2853 241 2589
838 3738 2590
4036 2816 2591
2057 767 2592
3720 2318 2593
4004 1340 2594
2018 1359 2595
2409 2508 2596
2717 2126 2597
1032 4452 2598
402 4074 2599
1202 1046 2600
3441 4123 2601
1927 170 2602
3314 52 2603
2613 1412 2604
1210 590 2605
912 3360 2606
3207 320 2607
2229 1977 2608
209 2360 2609
3223 1915 2610
2614 3145 2611
1746 1976 2612
1235 889 2613
2980 3835 2614
578 3316 2615
23 3355 2616
3653 1106 2617
4056 4287 2618
2691 1709 2619
1436 1077 2620
272 2123 2621
1970 1257 2622
3268 157 2623
1999 3779 2624
2324 141 2625
1175 579 2626
4450 3563 2627
18 1306 2628
1072 2210 2629
261 1927 2630
2084 3968 2631
2262 3848 2632
3432 91 2633
2554 3409 2634
3888 542 2635
2587 4348 2636
2041 380 2637
3594 1052 2638
3729 1471 2639
94 1655 2640
133 4387 2641
4320 131 2642
1048 1752 2643
1300 4070 2644
443 953 2645
2584 653 2646
2010 3711 2647
2836 602 2648
404 3197 2649
446 3287 2650
1258 2003 2651
1343 3985 2652
3082 1685 2653
1198 2041 2654
8 1453 2655
2027 3150 2656
1462 2473 2657
4102 1589 2658
1814 2774 2659
3365 1966 2660
789 2618 2661
2060 1612 2662
2487 603 2663
1721 1562 2664
2062 3128 2665
4056 1578 2666
1333 345 2667
4087 1004 2668
1730 563 2669
3311 3673 2670
1147 4453 2671
1173 59 2672
1071 1706 2673
2684 4332 2674
3189 4272 2675
265 3240 2676
3749 2430 2677
894 410 2678
2057 2317 2679
1933 3104 2680
209 4408 2681
2165 3943 2682
2979 4141 2683
4327 2690 2684
485 67 2685
2722 3832 2686
1721 2010 2687
3689 2789 2688
906 955 2689
3384 625 2690
1969 235 2691
3318 2845 2692
2080 1298 2693
27 3707 2694
870 1276 2695
1402 1180 2696
500 2007 2697
1813 1443 2698
1790 169 2699
1885 3857 2700
2882 2873 2701
1703 470 2702
2207 540 2703
2908 730 2704
2646 906 2705
4231 2358 2706
2320 3129 2707
2134 1445 2708
3871 238 2709
24 174 2710
2553 3789 2711
4368 2725 2712
1888 1456 2713
1584 1044 2714
3697 3342 2715
4426 124 2716
2332 1074 2717
3298 504 2718
3969 1566 2719
3822 2512 2720
1121 1042 2721
3652 3846 2722
224 3398 2723
954 3279 2724
724 2237 2725
2794 1961 2726
225 2198 2727
4041 460 2728
2846 2980 2729
724 643 2730
3331 3199 2731
951 1071 2732
1655 1734 2733
2944 1681 2734
504 4219 2735
4068 3416 2736
3371 2853 2737
2850 2283 2738
3298 400 2739
1511 1329 2740
4234 77 2741
1300 1610 2742
3630 1978 2743
4292 832 2744
1491 4128 2745
523 702 2746
11 946 2747
3634 1596 2748
3702 369 2749
259 2380 2750
4378 4417 2751
1179 1528 2752
896 60 2753
2691 3746 2754
2328 2742 2755
2452 1099 2756
4150 1957 2757
1804 2960 2758
1302 2695 2759
3616 1816 2760
3420 2383 2761
1343 2711 2762
53 2500 2763
572 159 2764
2528 4399 2765
2500 3014 2766
3525 1374 2767
3144 3401 2768
2229 427 2769
2083 1142 2770
604 4066 2771
1347 1627 2772
504 2612 2773
4222 2852 2774
2854 3735 2775
4267 1318 2776
1720 1394 2777
3668 296 2778
1437 2374 2779
319 1244 2780
1707 2730 2781
4487 401 2782
1424 1807 2783
1847 2478 2784
2346 365 2785
1192 3482 2786
1331 4301 2787
191 3712 2788
76 4273 2789
3353 2567 2790
4353 1304 2791
3582 2951 2792
572 4036 2793
2211 2814 2794
325 812 2795
1484 3533 2796
456 4232 2797
2716 1962 2798
949 4101 2799
4267 3914 2800
1365 1060 2801
117 4169 2802
1272 2971 2803
3396 555 2804
1984 981 2805
1794 3921 2806
4133 2238 2807
2716 1543 2808
2198 163 2809
2047 2359 2810
3355 4491 2811
2724 3115 2812
2869 2766 2813
3068 2026 2814
3727 3839 2815
1094 716 2816
606 50 2817
936 1317 2818
4116 4410 2819
724 2052 2820
4437 1740 2821
2785 3928 2822
2878 2917 2823
3085 2605 2824
1692 2973 2825
1431 4409 2826
3763 519 2827
381 3213 2828
2352 863 2829
615 1314 2830
2783 48 2831
3532 1707 2832
238 3523 2833
3193 1801 2834
1343 2304 2835
1883 2044 2836
3432 3588 2837
2560 193 2838
2961 3513 2839
2305 764 2840
314 499 2841
3954 2566 2842
4292 439 2843
3105 4176 2844
2216 2117 2845
3134 566 2846
1509 3211 2847
3093 3470 2848
4389 522 2849
897 4267 2850
3106 1508 2851
2943 2474 2852
2960 2239 2853
3071 2620 2854
798 3385 2855
1234 161 2856
782 3633 2857
3387 4131 2858
2749 3663 2859
1833 3829 2860
53 4286 2861
970 2623 2862
2868 1429 2863
56 788 2864
2088 2705 2865
3762 3672 2866
1313 3709 2867
1044 3159 2868
671 4004 2869
2833 2201 2870
3606 1640 2871
2500 2189 2872
1529 3737 2873
3093 506 2874
3968 419 2875
2372 3901 2876
1243 3539 2877
3901 4337 2878
643 226 2879
1256 3690 2880
3703 3492 2881
465 1975 2882
236 1333 2883
4027 3879 2884
357 2779 2885
3268 3025 2886
3247 4107 2887
1906 256 2888
1116 4401 2889
1173 2302 2890
3234 4087 2891
780 805 2892
704 3705 2893
2489 1160 2894
2553 2606 2895
924 1472 2896
3158 2225 2897
3174 654 2898
3929 2163 2899
872 2273 2900
2922 4328 2901
3302 270 2902
1647 2292 2903
3616 322 2904
2022 1800 2905
4498 986 2906
1328 3001 2907
1733 3734 2908
2165 4437 2909
1570 2797 2910
4244 711 2911
3951 4190 2912
3032 1082 2913
2778 1311 2914
2503 1270 2915
1943 2200 2916
118 1371 2917
2076 3718 2918
2374 1207 2919
51 2107 2920
3760 2701 2921
3726 1715 2922
2044 2996 2923
2817 1335 2924
1298 1899 2925
3788 1581 2926
467 297 2927
8 856 2928
3307 3127 2929
1156 884 2930
91 343 2931
3603 4192 2932
572 3970 2933
1459 2634 2934
2808 2145 2935
2653 2879 2936
565 2651 2937
533 770 2938
2050 1748 2939
8 4250 2940
3092 4277 2941
1690 2450 2942
3801 3689 2943
385 1358 2944
3362 1488 2945
2375 4209 2946
488 1411 2947
3053 4104 2948
3354 974 2949
2873 1636 2950
4436 3924 2951
1261 2884 2952
2543 4044 2953
4434 1672 2954
3667 213 2955
122 3434 2956
1922 3102 2957
2863 1066 2958
88 2091 2959
1424 3297 2960
3750 2614 2961
225 3060 2962
2092 211 2963
1771 2586 2964
2237 1608 2965
308 2291 2966
1441 3538 2967
1535 4457 2968
124 725 2969
3907 21 2970
131 1275 2971
2646 3629 2972
1296 2562 2973
4392 872 2974
3171 1078 2975
1642 3433 2976
4234 759 2977
3837 3697 2978
1841 13 2979
1873 4293 2980
3822 2226 2981
2271 3536 2982
4243 1295 2983
3636 1300 2984
583 3820 2985
1937 2547 2986
1576 336 2987
1233 3830 2988
4224 3448 2989
1899 4183 2990
2620 3445 2991
1810 1699 2992
3304 316 2993
57 2082 2994
3824 1292 2995
4048 95 2996
1484 3670 2997
1746 3091 2998
4207 3958 2999
2747 699 3000
3169 1519 3001
1318 37 3002
2305 4187 3003
2383 687 3004
3242 1844 3005
2708 2032 3006
1056 1152 3007
226 3611 3008
2922 4291 3009
1209 4091 3010
2609 1676 3011
2643 3677 3012
2966 1147 3013
2210 2902 3014
134 88 3015
2534 3113 3016
3650 1547 3017
3620 550 3018
3956 3074 3019
2027 3488 3020
701 1697 3021
3081 2254 3022
1886 1158 3023
3082 376 3024
1458 1428 3025
2891 65 3026
3084 3440 3027
968 189 3028
601 2961 3029
3260 8 3030
1125 2824 3031
3044 4198 3032
2460 153 3033
2728 2655 3034
148 3303 3035
2975 673 3036
2808 2355 3037
681 1943 3038
354 1649 3039
3836 209 3040
2102 3570 3041
3710 1347 3042
1883 3027 3043
3251 208 3044
2421 1929 3045
1645 2775 3046
1512 2166 3047
2778 1343 3048
2090 2114 3049
4150 1001 3050
3726 3052 3051
2439 2122 3052
2086 3411 3053
3393 3334 3054
2489 4027 3055
4110 4150 3056
1994 1614 3057
3575 3865 3058
3239 670 3059
3345 3872 3060
3117 2252 3061
2214 3506 3062
3775 1380 3063
3909 3322 3064
163 607 3065
3223 2057 3066
780 137 3067
3944 181 3068
2334 4025 3069
894 3296 3070
601 1904 3071
89 551 3072
4034 3317 3073
1941 1281 3074
2489 1007 3075
1303 3111 3076
1994 84 3077
261 2829 3078
49 390 3079
1424 269 3080
1781 4026 3081
1652 2143 3082
1525 4414 3083
2085 3146 3084
2581 2863 3085
4248 1802 3086
3169 2722 3087
3900 1934 3088
1954 918 3089
551 1941 3090
1121 4427 3091
443 3754 3092
3958 1885 3093
3039 2466 3094
4048 4135 3095
1509 2748 3096
133 3631 3097
2264 2353 3098
2342 1605 3099
74 3460 3100
2608 598 3101
2756 3071 3102
969 2417 3103
3041 718 3104
3895 1238 3105
242 239 3106
2738 237 3107
3685 2776 3108
1333 2433 3109
1535 2593 3110
3331 15 3111
1762 1679 3112
4353 2517 3113
2825 333 3114
3317 3861 3115
1760 36 3116
3310 2513 3117
375 1113 3118
1521 3072 3119
2343 2704 3120
3801 4243 3121
1156 3189 3122
1076 811 3123
2620 4325 3124
2316 3010 3125
2234 1779 3126
3234 3171 3127
1865 4020 3128
2000 2602 3129
1524 2555 3130
3860 2308 3131
640 2807 3132
3212 4319 3133
428 1390 3134
4346 3493 3135
2661 1728 3136
3072 57 3137
995 288 3138
1433 4411 3139
3632 1571 3140
3287 146 3141
4437 954 3142
4169 2839 3143
747 1979 3144
3908 2028 3145
4226 2267 3146
928 1469 3147
2027 4241 3148
3659 2013 3149
3428 1753 3150
4453 1933 3151
1869 3122 3152
4438 1215 3153
3837 2288 3154
2454 4428 3155
1880 69 3156
426 2644 3157
1497 3838 3158
3136 2932 3159
1308 895 3160
89 4345 3161
3276 4251 3162
1988 4144 3163
3632 4444 3164
894 251 3165
2316 3653 3166
3286 1337 3167
2043 2369 3168
1806 980 3169
2982 1262 3170
1050 3962 3171
133 3993 3172
1428 833 3173
3328 4177 3174
379 1267 3175
510 2412 3176
261 960 3177
1449 4057 3178
3065 1674 3179
269 663 3180
3118 283 3181
3404 90 3182
278 729 3183
530 3288 3184
2093 2147 3185
2335 3170 3186
3886 2490 3187
1593 3645 3188
420 2793 3189
1121 2159 3190
1781 4125 3191
4345 2569 3192
2284 2584 3193
3172 538 3194
3008 803 3195
2949 3994 3196
86 4268 3197
4422 2008 3198
1166 277 3199
4408 4389 3200
2747 1908 3201
3301 1075 3202
4003 2957 3203
2778 648 3204
2131 3305 3205
3743 1743 3206
2309 82 3207
1793 970 3208
4288 1884 3209
3710 2848 3210
1345 1182 3211
3380 4246 3212
4120 601 3213
1988 897 3214
2910 4271 3215
1301 567 3216
426 4313 3217
2122 1738 3218
957 4078 3219
357 3625 3220
4346 1187 3221
2756 154 3222
3822 3160 3223
2434 162 3224
3072 1161 3225
2825 1038 3226
3572 3308 3227
956 2423 3228
3011 3272 3229
2454 2591 3230
4004 921 3231
2408 3173 3232
4279 454 3233
1349 521 3234
1411 1129 3235
1340 535 3236
2510 2035 3237
4487 3918 3238
920 657 3239
4320 3169 3240
2583 2887 3241
286 1272 3242
3968 1626 3243
1989 3090 3244
1509 2227 3245
1349 2785 3246
117 829 3247
4147 486 3248
2124 382 3249
957 285 3250
4167 3486 3251
2774 3896 3252
1384 2534 3253
1017 4418 3254
2574 1375 3255
412 1089 3256
497 291 3257
505 1536 3258
2421 835 3259
2681 4333 3260
1632 1382 3261
3553 2475 3262
1006 4052 3263
2593 3337 3264
3845 362 3265
1156 3423 3266
3633 559 3267
1087 3125 3268
785 3989 3269
3807 2926 3270
3626 2738 3271
2834 776 3272
1813 2388 3273
4422 3554 3274
3428 1754 3275
1501 92 3276
4009 786 3277
4489 3753 3278
1702 3037 3279
1250 416 3280
444 4315 3281
2015 636 3282
3678 1446 3283
260 2930 3284
2465 3187 3285
4027 2501 3286
4041 1125 3287
839 1274 3288
3020 3251 3289
1210 1688 3290
3255 3046 3291
1225 536 3292
3628 1744 3293
3633 2648 3294
261 630 3295
1131 1321 3296
600 1761 3297
2546 4127 3298
3775 1287 3299
1076 3910 3300
3242 4317 3301
3223 2131 3302
3681 2616 3303
1465 3499 3304
2645 3270 3305
1468 3969 3306
1076 2153 3307
4110 1017 3308
4455 1694 3309
2739 1781 3310
3831 484 3311
1169 2862 3312
2391 3320 3313
3878 4077 3314
1115 2519 3315
3021 4042 3316
8 1258 3317
1865 4309 3318
457 4390 3319
837 1678 3320
1152 3274 3321
1634 534 3322
2414 206 3323
3591 1022 3324
3234 1955 3325
3858 696 3326
2164 2861 3327
1597 264 3328
2801 3907 3329
783 1156 3330
3800 1560 3331
4038 4384 3332
1611 451 3333
3510 1550 3334
3407 1194 3335
383 2197 3336
107 3503 3337
924 1582 3338
3166 3635 3339
4068 1972 3340
2131 3826 3341
1178 609 3342
2003 3188 3343
1696 4425 3344
3446 3988 3345
3355 3817 3346
1165 2181 3347
2105 457 3348
1721 4041 3349
3923 3175 3350
656 977 3351
2383 4458 3352
538 1656 3353
1316 2956 3354
1554 709 3355
2430 324 3356
1388 1002 3357
2265 377 3358
151 128 3359
2832 2998 3360
3429 3466 3361
2663 3013 3362
412 1254 3363
1581 1450 3364
3508 3558 3365
357 2324 3366
3469 949 3367
3974 2017 3368
4194 1482 3369
1081 3556 3370
2642 2152 3371
1296 768 3372
1148 886 3373
2010 3273 3374
3716 3318 3375
2606 1400 3376
278 4381 3377
2986 3850 3378
3314 2858 3379
1093 3710 3380
3102 1140 3381
3636 3557 3382
170 489 3383
3387 2364 3384
858 1462 3385
3276 2679 3386
2112 1006 3387
2972 310 3388
2074 2178 3389
3113 2363 3390
3347 4439 3391
3333 1959 3392
657 2668 3393
1215 826 3394
3897 1532 3395
1451 3581 3396
1 3935 3397
4418 526 3398
3750 110 3399
4103 3639 3400
1235 3412 3401
2342 127 3402
2284 4423 3403
4407 2109 3404
4144 1062 3405
4038 3748 3406
477 409 3407
4067 908 3408
52 1947 3409
3665 2093 3410
3092 2426 3411
4277 4046 3412
782 3722 3413
3082 773 3414
1441 136 3415
1747 4231 3416
3844 3851 3417
3783 1407 3418
1020 4059 3419
2681 3767 3420
3603 394 3421
3285 1552 3422
2103 855 3423
3296 1178 3424
1168 2601 3425
3507 260 3426
2528 1120 3427
1776 1793 3428
3042 1619 3429
3042 1438 3430
2317 425 3431
966 265 3432
1295 3562 3433
1730 63 3434
322 3330 3435
4047 507 3436
1465 3545 3437
884 3887 3438
2782 3509 3439
4248 1424 3440
3893 1048 3441
483 477 3442
4327 2319 3443
3323 3548 3444
2401 1369 3445
3976 2832 3446
1577 2999 3447
4223 4448 3448
4247 1148 3449
3578 2992 3450
3249 1050 3451
2808 2745 3452
2419 428 3453
4297 4028 3454
548 2833 3455
2109 585 3456
1400 4086 3457
4387 1116 3458
858 3784 3459
4457 1637 3460
2256 1127 3461
880 1849 3462
3091 4362 3463
3883 3359 3464
129 3386 3465
3251 1255 3466
4034 2621 3467
1473 1939 3468
457 936 3469
3530 109 3470
2966 3743 3471
3047 2077 3472
3425 3481 3473
1177 2033 3474
2805 2920 3475
3305 3005 3476
4420 2328 3477
1329 4050 3478
1734 3831 3479
1412 3309 3480
2185 2665 3481
443 1878 3482
1576 2758 3483
3150 107 3484
3801 3049 3485
1336 2296 3486
4124 1224 3487
1526 4294 3488
3658 2065 3489
877 2680 3490
3211 1102 3491
858 3201 3492
3775 1539 3493
4121 1080 3494
3699 3321 3495
2284 2406 3496
2789 1236 3497
683 2530 3498
1387 3505 3499
3613 1664 3500
1235 1449 3501
3579 1783 3502
3582 4072 3503
2934 2987 3504
4035 379 3505
1507 904 3506
2740 997 3507
4120 2403 3508
2933 1623 3509
2326 2937 3510
2535 1922 3511
1451 605 3512
1764 3685 3513
1093 3432 3514
417 1034 3515
3398 1420 3516
2154 2681 3517
3238 1629 3518
258 404 3519
1985 3591 3520
525 861 3521
3681 308 3522
1409 2640 3523
1906 342 3524
2027 3650 3525
156 1466 3526
4051 1653 3527
4290 142 3528
3960 1047 3529
3565 3991 3530
572 2991 3531
3205 1135 3532
3229 481 3533
4384 1302 3534
2623 1480 3535
1726 46 3536
3257 2482 3537
1403 3956 3538
2756 537 3539
1493 3606 3540
1288 1118 3541
935 2399 3542
2284 2449 3543
2431 271 3544
3944 381 3545
3611 1883 3546
1303 668 3547
2397 952 3548
1662 3373 3549
971 2610 3550
1958 4476 3551
1006 973 3552
1093 1813 3553
3759 1918 3554
2968 25 3555
2412 667 3556
1177 3408 3557
783 2140 3558
4262 2321 3559
1409 1309 3560
2538 4024 3561
3112 1199 3562
2912 932 3563
3594 456 3564
805 3666 3565
2104 1644 3566
4060 2460 3567
4094 4462 3568
3438 3812 3569
1893 1153 3570
406 686 3571
2482 1826 3572
3636 3529 3573
244 554 3574
4445 2336 3575
4301 3614 3576
571 2248 3577
1453 1724 3578
2085 1308 3579
1542 4441 3580
3147 3750 3581
1222 3156 3582
4027 155 3583
2519 66 3584
303 2439 3585
2346 3354 3586
4399 3149 3587
2029 843 3588
3399 1932 3589
1187 3609 3590
1410 2764 3591
331 407 3592
542 177 3593
3216 2278 3594
962 2726 3595
2852 4331 3596
3638 907 3597
3862 4143 3598
2953 2231 3599
1156 610 3600
3663 3300 3601
2758 463 3602
1108 1819 3603
3974 4388 3604
2294 234 3605
395 4430 3606
1914 2780 3607
3286 3147 3608
2256 73 3609
839 2352 3610
3711 2647 3611
128 1365 3612
3784 3716 3613
3542 328 3614
3659 1985 3615
3263 4065 3616
2012 1902 3617
3824 1104 3618
1486 2893 3619
3120 599 3620
3543 3268 3621
281 2837 3622
3646 778 3623
3048 85 3624
51 2070 3625
2663 3877 3626
4406 3909 3627
4296 2043 3628
1093 1403 3629
2338 3822 3630
511 695 3631
1529 1720 3632
488 49 3633
3151 3494 3634
1017 1718 3635
3092 3800 3636
816 2802 3637
780 1032 3638
2158 3205 3639
954 1036 3640
2850 3572 3641
2422 3747 3642
2868 568 3643
1968 2696 3644
3322 2244 3645
450 3776 3646
4368 4354 3647
4457 3840 3648
3944 1209 3649
3537 1721 3650
4370 620 3651
4184 3212 3652
4284 662 3653
782 2214 3654
4054 1201 3655
4244 1237 3656
446 1427 3657
4013 313 3658
3150 1058 3659
4043 2898 3660
4016 1894 3661
2004 186 3662
1989 2188 3663
1833 3326 3664
4011 1662 3665
1862 1090 3666
1665 1115 3667
1443 728 3668
2128 3108 3669
2609 1431 3670
3207 4082 3671
2949 3512 3672
3800 1150 3673
860 4180 3674
4105 3395 3675
746 2144 3676
201 637 3677
889 4213 3678
2786 3762 3679
4145 4316 3680
3895 2021 3681
4316 1598 3682
4072 192 3683
1848 2036 3684
1352 533 3685
1843 364 3686
1915 2723 3687
4426 3436 3688
2052 4321 3689
1441 614 3690
97 1660 3691
4435 1149 3692
2023 133 3693
536 3086 3694
1100 3813 3695
3525 3951 3696
163 1028 3697
56 2458 3698
2723 167 3699
860 3237 3700
3817 2576 3701
1464 3495 3702
1905 1806 3703
1270 3029 3704
946 2503 3705
3452 893 3706
1710 1950 3707
916 4338 3708
4109 772 3709
2057 1266 3710
3000 2869 3711
1914 1591 3712
4281 1181 3713
567 1139 3714
3970 3864 3715
2716 2108 3716
3245 1361 3717
4283 2585 3718
692 3502 3719
3169 317 3720
595 2803 3721
1389 513 3722
3370 102 3723
1626 3885 3724
2648 4446 3725
3008 3123 3726
2611 660 3727
600 2042 3728
2994 2088 3729
1814 3532 3730
597 2509 3731
2440 2058 3732
4223 173 3733
2755 2481 3734
2629 2435 3735
341 899 3736
2977 2233 3737
1597 2068 3738
2656 4365 3739
4100 1572 3740
2256 3983 3741
971 4296 3742
3817 1319 3743
3229 1035 3744
3438 2716 3745
164 1564 3746
2359 3915 3747
1338 1942 3748
1125 273 3749
1413 3756 3750
38 70 3751
566 1646 3752
3120 1871 3753
4213 4238 3754
2871 3579 3755
2361 1107 3756
4292 2702 3757
3944 2342 3758
2347 2854 3759
2439 3118 3760
2234 875 3761
101 1956 3762
1582 3464 3763
198 1759 3764
1981 3702 3765
4335 2 3766
159 2817 3767
1619 2658 3768
4409 3455 3769
3781 1136 3770
1773 1008 3771
1186 810 3772
1973 2146 3773
1211 1312 3774
133 2561 3775
1438 1260 3776
125 4216 3777
3381 641 3778
1380 2560 3779
2455 1344 3780
4419 326 3781
740 1820 3782
4453 1271 3783
1813 3099 3784
1079 3162 3785
493 1901 3786
1093 2105 3787
1638 204 3788
169 1239 3789
1809 1998 3790
3608 3783 3791
4192 2796 3792
3717 1019 3793
4455 4060 3794
883 4035 3795
3491 2257 3796
4282 807 3797
1180 4010 3798
180 2484 3799
1896 3328 3800
3670 3299 3801
1235 2286 3802
89 2129 3803
3501 2904 3804
901 284 3805
3414 2703 3806
2891 4261 3807
1644 3351 3808
1349 2385 3809
2872 1588 3810
1271 815 3811
4263 3485 3812
288 2770 3813
2144 3741 3814
1104 2515 3815
73 4461 3816
2823 4275 3817
3184 565 3818
192 2978 3819
559 1130 3820
374 882 3821
2873 2452 3822
395 9 3823
1521 1303 3824
2188 948 3825
1143 3242 3826
3690 2425 3827
286 4047 3828
1294 2733 3829
2776 3055 3830
708 597 3831
2391 1425 3832
426 580 3833
3795 2346 3834
2060 2470 3835
1147 3200 3836
2538 1906 3837
3461 2798 3838
2586 2138 3839
704 988 3840
4127 1198 3841
2979 3452 3842
3808 3995 3843
1313 1479 3844
2645 3379 3845
2165 2335 3846
2010 3020 3847
595 572 3848
1594 4242 3849
737 3000 3850
1212 650 3851
2817 374 3852
2871 2923 3853
3953 627 3854
2682 3340 3855
965 480 3856
4014 4115 3857
2938 2493 3858
3376 1483 3859
3425 2938 3860
2955 74 3861
1870 3520 3862
2910 947 3863
4167 2799 3864
2253 859 3865
11 4103 3866
1113 1406 3867
3853 564 3868
2375 1222 3869
3959 1501 3870
3631 4263 3871
870 2157 3872
1093 991 3873
2539 3900 3874
3479 2810 3875
806 3954 3876
201 3957 3877
3265 3992 3878
4297 4136 3879
621 1392 3880
159 516 3881
9 532 3882
2978 3765 3883
52 640 3884
3783 3542 3885
1721 747 3886
1976 1191 3887
2842 1857 3888
3122 1776 3889
2947 1377 3890
1492 1811 3891
3013 140 3892
1706 1497 3893
3110 4009 3894
147 1253 3895
3852 188 3896
2315 638 3897
2503 626 3898
3059 3089 3899
786 2115 3900
4094 1719 3901
3298 2316 3902
1242 3975 3903
4414 1641 3904
4103 247 3905
3747 4435 3906
1548 3281 3907
100 1690 3908
389 1620 3909
3172 2788 3910
2220 4252 3911
3430 596 3912
127 870 3913
1308 2597 3914
1841 3671 3915
2109 1109 3916
2106 4460 3917
151 509 3918
362 2180 3919
684 4490 3920
3413 2827 3921
3749 885 3922
1328 3116 3923
1071 1772 3924
3964 3948 3925
1354 4167 3926
1095 191 3927
4038 1987 3928
66 4318 3929
1848 4371 3930
3869 3626 3931
1256 3744 3932
772 1960 3933
3504 592 3934
4140 339 3935
3597 2386 3936
2539 1144 3937
1767 3004 3938
2840 4358 3939
3842 1379 3940
203 2542 3941
3387 4475 3942
1951 624 3943
1335 4239 3944
4259 450 3945
2307 779 3946
1510 1765 3947
1128 2171 3948
2352 3597 3949
951 3015 3950
2269 4211 3951
4383 816 3952
4070 3376 3953
1622 3524 3954
4035 2396 3955
1869 1963 3956
3966 4468 3957
2305 1546 3958
641 4481 3959
685 2516 3960
4144 20 3961
2283 2728 3962
94 3692 3963
2806 1269 3964
782 488 3965
2627 2604 3966
457 3438 3967
2190 1993 3968
1492 1548 3969
1384 928 3970
1856 2548 3971
45 3266 3972
472 3681 3973
4324 2104 3974
860 4133 3975
3919 3573 3976
966 3668 3977
2166 1853 3978
2902 476 3979
3132 4433 3980
3238 1098 3981
548 1989 3982
4455 2356 3983
297 2769 3984
2169 43 3985
2808 820 3986
4457 1220 3987
1128 2020 3988
2811 2276 3989
3632 4120 3990
1539 3143 3991
4283 3036 3992
858 1210 3993
3849 3235 3994
1300 2756 3995
2534 2855 3996
595 782 3997
1746 1288 3998
1521 3138 3999
2960 245 4000
1781 2228 4001
3852 983 4002
1957 2538 4003
504 2563 4004
2127 2456 4005
756 1592 4006
3946 3356 4007
739 799 4008
4052 1788 4009
3893 3959 4010
2316 951 4011
193 2205 4012
487 468 4013
2057 2284 4014
3980 1221 4015
1166 785 4016
4116 2945 4017
1021 1214 4018
595 3096 4019
2808 2422 4020
123 940 4021
3393 2860 4022
1893 1467 4023
3582 2062 4024
2122 2203 4025
2499 750 4026
1017 3939 4027
3734 2055 4028
2241 1009 4029
2052 622 4030
4000 3155 4031
2419 329 4032
946 3586 4033
1990 3439 4034
4488 1796 4035
405 4278 4036
516 3638 4037
4275 341 4038
1579 3567 4039
2487 1833 4040
1065 1478 4041
4328 1954 4042
1625 2268 4043
4378 363 4044
3042 4269 4045
3901 1131 4046
1560 1897 4047
3430 4081 4048
1785 2763 4049
4288 727 4050
3913 1858 4051
1683 3261 4052
2531 1631 4053
2469 1559 4054
1359 642 4055
1210 375 4056
3775 346 4057
3015 2099 4058
3183 415 4059
782 3824 4060
4264 2437 4061
4028 1283 4062
303 2320 4063
1958 1886 4064
3394 1352 4065
3396 3231 4066
1668 930 4067
2019 4215 4068
2577 1012 4069
2283 3105 4070
2587 4403 4071
1627 4473 4072
780 966 4073
1812 3540 4074
4041 780 4075
2638 2170 4076
81 435 4077
3122 6 4078
3290 1586 4079
57 4056 4080
383 3515 4081
3823 466 4082
2417 1579 4083
4270 2631 4084
1414 1859 4085
1813 424 4086
2785 2635 4087
3071 1565 4088
3032 3815 4089
908 3569 4090
981 1383 4091
2473 777 4092
1221 145 4093
3438 224 4094
1538 1812 4095
439 1606 4096
2186 3097 4097
4157 3534 4098
1292 943 4099
3278 93 4100
821 10 4101
773 2709 4102
1022 4146 4103
4223 368 4104
2780 1739 4105
234 4285 4106
2711 876 4107
875 1179 4108
1025 1823 4109
2035 968 4110
2553 3484 4111
1060 669 4112
3731 2034 4113
3986 2397 4114
62 2939 4115
808 64 4116
3910 1159 4117
2362 1760 4118
1861 733 4119
4384 2111 4120
3185 3521 4121
1637 2784 4122
129 2262 4123
3420 4085 4124
4245 3979 4125
2871 1767 4126
4392 2295 4127
604 1635 4128
2178 1677 4129
639 2914 4130
4078 2699 4131
3537 1523 4132
2440 838 4133
1204 1607 4134
2959 1639 4135
47 2953 4136
3013 3648 4137
1819 2242 4138
2227 878 4139
842 1285 4140
370 1625 4141
2938 1522 4142
1960 2208 4143
198 4092 4144
3808 2795 4145
4282 1045 4146
3204 3859 4147
1389 118 4148
1050 3923 4149
2461 942 4150
4370 2085 4151
535 2345 4152
2139 4172 4153
1771 2468 4154
3525 632 4155
1010 587 4156
4392 2162 4157
3093 473 4158
2883 2532 4159
932 2195 4160
3105 3926 4161
3620 2966 4162
3235 2708 4163
1204 3980 4164
2235 3621 4165
1966 3131 4166
2163 3742 4167
1042 1755 4168
2728 2682 4169
3470 717 4170
4120 3366 4171
841 4160 4172
190 1698 4173
1353 1910 4174
4025 4336 4175
2347 3333 4176
3430 3183 4177
2743 2800 4178
1560 752 4179
3632 3446 4180
2240 2148 4181
1438 496 4182
3816 3972 4183
352 3522 4184
305 1432 4185
1403 2734 4186
3659 1277 4187
4320 2377 4188
2972 309 4189
3197 1018 4190
2820 3636 4191
2165 4105 4192
2846 3976 4193
1097 2037 4194
3951 28 4195
2778 3549 4196
4199 2778 4197
2960 2440 4198
3021 3054 4199
1632 3917 4200
2284 2184 4201
236 1763 4202
1384 1593 4203
3756 3720 4204
1813 4324 4205
2101 758 4206
2456 3002 4207
1404 1364 4208
1970 1241 4209
286 1338 4210
3120 2570 4211
1618 1689 4212
4296 2812 4213
4115 2786 4214
4301 1155 4215
3911 1570 4216
3285 453 4217
296 1832 4218
2288 4108 4219
2645 3478 4220
3365 2271 4221
1564 408 4222
724 2553 4223
4444 4382 4224
1125 2211 4225
4103 51 4226
1332 4014 4227
946 2174 4228
1720 1563 4229
19 746 4230
1715 734 4231
3269 1124 4232
3064 1013 4233
2279 38 4234
4410 923 4235
138 31 4236
2628 4089 4237
21 178 4238
2237 771 4239
1787 3341 4240
1683 2250 4241
4207 783 4242
3824 3796 4243
3893 3519 4244
3685 292 4245
314 4015 4246
2842 4258 4247
1265 3289 4248
1930 582 4249
3991 112 4250
2528 2636 4251
3054 2684 4252
538 3751 4253
1093 724 4254
1229 3788 4255
1153 3400 4256
1814 232 4257
2008 1409 4258
1659 2365 4259
211 2934 4260
3063 2867 4261
1425 4230 4262
23 2755 4263
526 1920 4264
786 1442 4265
1647 4449 4266
2135 2641 4267
4223 1212 4268
3822 4498 4269
525 2224 4270
4401 3413 4271
4 958 4272
378 1996 4273
1905 2749 4274
2194 762 4275
3325 1892 4276
3092 2307 4277
2057 3260 4278
4167 449 4279
2488 2596 4280
4037 3209 4281
64 2907 4282
4455 1430 4283
282 1103 4284
2842 3304 4285
2467 852 4286
62 2801 4287
3211 3497 4288
4097 1651 4289
1489 4474 4290
1222 1834 4291
2296 4018 4292
1021 1600 4293
3398 2329 4294
2023 1787 4295
3218 397 4296
3017 2670 4297
3189 945 4298
655 2603 4299
3594 2805 4300
3903 1196 4301
2131 1093 4302
2656 4000 4303
1531 1952 4304
1389 34 4305
2414 199 4306
219 2155 4307
3826 4344 4308
1812 1545 4309
234 2883 4310
4148 30 4311
3114 3245 4312
2207 175 4313
3733 1785 4314
2178 3163 4315
3224 3821 4316
3082 1433 4317
1929 1475 4318
298 3605 4319
2419 1576 4320
2864 4013 4321
2842 3339 4322
2255 358 4323
471 4353 4324
3380 246 4325
1746 900 4326
301 1663 4327
2324 3471 4328
3271 531 4329
2145 557 4330
2184 1108 4331
4199 3884 4332
1175 4006 4333
4238 1452 4334
1789 3465 4335
2161 1669 4336
1783 2069 4337
2633 2413 4338
2817 2955 4339
2497 827 4340
4438 1216 4341
3967 4434 4342
1769 4376 4343
2815 957 4344
1000 1964 4345
3432 3804 4346
96 280 4347
4388 1851 4348
3525 4221 4349
1884 1839 4350
541 1888 4351
2850 3552 4352
1984 2315 4353
1534 3483 4354
1695 1877 4355
298 3528 4356
3582 4002 4357
1374 3148 4358
2103 2132 4359
1509 4419 4360
1204 2220 4361
3659 2846 4362
584 3757 4363
2588 525 4364
2099 2660 4365
1702 7 4366
3764 808 4367
1243 2293 4368
2627 2757 4369
2099 1170 4370
3416 1848 4371
3079 56 4372
1634 4470 4373
3336 3649 4374
2815 1880 4375
379 2674 4376
502 1489 4377
2200 4400 4378
3247 220 4379
1883 3895 4380
2738 3117 4381
878 3729 4382
1500 631 4383
2627 4165 4384
1628 1410 4385
2247 319 4386
1951 1890 4387
2144 3996 4388
2878 1870 4389
4098 1468 4390
3769 3799 4391
852 304 4392
2542 505 4393
3385 765 4394
148 1912 4395
2581 964 4396
4079 671 4397
1868 244 4398
2571 2650 4399
3013 2270 4400
2052 378 4401
2871 4393 4402
457 692 4403
3639 2432 4404
3104 2479 4405
1908 347 4406
2581 2611 4407
1449 1549 4408
3849 94 4409
1269 2480 4410
1783 4266 4411
1288 2564 4412
854 1786 4413
4128 2310 4414
3490 24 4415
2527 2940 4416
2716 4048 4417
4471 2179 4418
38 2401 4419
3013 3130 4420
3393 4157 4421
2334 1205 4422
1722 3899 4423
1343 3347 4424
4184 1086 4425
1137 2080 4426
4297 1534 4427
1636 4188 4428
4412 3659 4429
2443 1053 4430
3412 2524 4431
1337 963 4432
1967 4159 4433
3585 1692 4434
1020 1584 4435
504 4076 4436
493 1746 4437
2899 1133 4438
4248 3775 4439
1432 2063 4440
2658 2892 4441
3072 1415 4442
4139 3802 4443
2585 517 4444
4354 1355 4445
2314 492 4446
3092 647 4447
2507 3920 4448
3444 166 4449
1491 1081 4450
40 1580 4451
440 2350 4452
3941 3238 4453
3764 3687 4454
3600 3793 4455
2410 262 4456
2692 1360 4457
3732 2054 4458
2160 2743 4459
3399 3462 4460
1255 3368 4461
832 3344 4462
10 1282 4463
2473 1896 4464
561 354 4465
1438 398 4466
1128 604 4467
2086 2849 4468
2434 560 4469
1551 2285 4470
3875 3293 4471
4311 2687 4472
244 4482 4473
578 1673 4474
1220 1725 4475
4407 619 4476
2234 1737 4477
920 3023 4478
661 2448 4479
1865 349 4480
4492 3946 4481
2478 1487 4482
4348 794 4483
2691 1756 4484
3462 3094 4485
456 3132 4486
1060 302 4487
1491 864 4488
1615 1091 4489
3985 2531 4490
85 1138 4491
4341 3888 4492
2023 2251 4493
3100 3232 4494
91 4225 4495
1600 2464 4496
2316 1997 4497
3298 2582 4498
3610 916 4499
1430 3136 4500
