3400 3400 3400
1900 1606 1
421 329 2
439 1011 3
1094 1668 4
1502 1489 5
3334 2035 6
2069 1177 7
2292 736 8
1874 1673 9
1623 472 10
1233 464 11
1975 1905 12
519 1717 13
3152 369 14
2081 1501 15
707 2244 16
2399 576 17
1350 1051 18
717 3056 19
2225 2876 20
2503 1922 21
3237 1223 22
2417 1683 23
670 2653 24
1281 1780 25
3201 1868 26
16 247 27
2693 486 28
2472 266 29
1740 2031 30
2221 3006 31
439 3038 32
1169 277 33
2382 3087 34
372 1725 35
1072 2720 36
3036 505 37
3346 3217 38
2547 1188 39
1087 1248 40
2408 955 41
805 2057 42
908 3162 43
2676 3171 44
2057 1610 45
1058 831 46
3142 238 47
2364 1679 48
2160 1322 49
2780 2223 50
1129 2045 51
939 1648 52
2819 2502 53
3250 1365 54
3163 3040 55
2855 3010 56
268 287 57
2118 1240 58
1255 931 59
331 1403 60
200 2176 61
2518 697 62
1632 1485 63
118 837 64
3262 1557 65
2438 2151 66
1713 284 67
74 3390 68
475 815 69
3163 377 70
1884 1034 71
2644 2313 72
3303 3210 73
2159 1532 74
3145 192 75
414 1017 76
2009 2665 77
2755 1831 78
1779 2070 79
2433 872 80
2568 3351 81
1582 2715 82
847 841 83
3058 2853 84
482 3045 85
458 3385 86
3266 1860 87
2561 3151 88
2278 2870 89
2371 888 90
1206 1352 91
2462 1040 92
3163 2579 93
2552 2886 94
1489 2970 95
115 2927 96
1079 684 97
2982 1444 98
876 578 99
127 2820 100
3155 616 101
3268 1692 102
116 2119 103
2949 1446 104
1204 2350 105
1675 1400 106
838 2378 107
2813 1206 108
1955 430 109
2759 2090 110
54 2781 111
227 799 112
2677 1242 113
1713 834 114
896 1605 115
1749 191 116
2712 1418 117
1899 3237 118
1949 466 119
1127 3370 120
399 2518 121
2571 3354 122
737 2487 123
1073 2092 124
1865 2041 125
2490 1870 126
622 261 127
1222 212 128
2135 2066 129
1633 219 130
1768 1186 131
1621 1010 132
3130 1955 133
3155 1199 134
2392 2860 135
1639 2543 136
2374 2603 137
1014 114 138
3200 883 139
1137 1645 140
1819 142 141
2694 570 142
2790 2108 143
1039 1314 144
2249 196 145
969 833 146
1131 1819 147
606 3368 148
3125 3379 149
1901 1233 150
1795 2345 151
1632 1985 152
2399 791 153
839 2850 154
1727 1047 155
3237 2967 156
962 1966 157
3036 582 158
2445 250 159
978 2575 160
478 2138 161
161 2046 162
3183 2346 163
183 3033 164
3305 49 165
3135 2636 166
3180 639 167
556 1076 168
939 2758 169
2854 341 170
1495 1203 171
2168 1216 172
1207 2258 173
2372 562 174
378 2757 175
2029 533 176
2484 1652 177
161 2753 178
2110 1356 179
3152 2727 180
1011 742 181
2957 414 182
1197 282 183
2443 714 184
1851 3308 185
2029 2231 186
136 2418 187
362 400 188
1895 577 189
78 23 190
3062 540 191
1999 1664 192
3205 1660 193
2059 1393 194
106 1824 195
1181 784 196
2443 2284 197
1566 3259 198
2223 1006 199
2333 1026 200
2065 593 201
2555 1915 202
1517 2968 203
2406 647 204
2770 643 205
661 2815 206
2225 2209 207
292 244 208
3350 660 209
1365 1615 210
2140 718 211
1727 3207 212
1831 933 213
3038 3241 214
2959 293 215
587 881 216
2753 2767 217
1561 22 218
968 2816 219
1492 2309 220
1902 1237 221
2909 1538 222
942 3091 223
1073 1121 224
2629 2088 225
3131 889 226
1806 2894 227
2677 1030 228
570 3395 229
127 688 230
1806 3065 231
285 3301 232
1699 3011 233
2576 418 234
1368 2201 235
1639 983 236
347 2101 237
1222 493 238
973 2511 239
3288 2126 240
2479 1183 241
648 2546 242
839 938 243
1017 1088 244
351 2797 245
2390 3077 246
2950 891 247
1262 147 248
1716 387 249
2794 320 250
630 1033 251
1716 1276 252
685 667 253
2523 2266 254
2497 927 255
2609 2902 256
2271 1140 257
2210 2994 258
897 744 259
1782 1704 260
968 1416 261
2914 2190 262
429 922 263
303 355 264
2833 458 265
643 2893 266
2288 1974 267
3219 272 268
2755 1067 269
254 3121 270
2759 2414 271
1746 2759 272
2829 844 273
1111 1120 274
478 3135 275
2661 2403 276
2600 902 277
1869 3013 278
3227 1096 279
2469 100 280
2524 2280 281
1852 1235 282
1795 296 283
1573 442 284
1152 2790 285
2621 2743 286
152 2733 287
1775 471 288
3344 316 289
3371 2701 290
2734 1809 291
1870 59 292
1174 491 293
3281 3126 294
2401 108 295
1964 1049 296
464 1277 297
1595 1311 298
2023 302 299
1675 1355 300
1170 704 301
2415 1778 302
1011 1132 303
2879 1093 304
2379 3271 305
2809 2681 306
1418 1635 307
2095 1454 308
915 2972 309
1793 2235 310
2765 1348 311
3148 1187 312
894 2096 313
39 1313 314
2423 2959 315
2356 1369 316
2865 1092 317
2113 335 318
3341 115 319
2087 3302 320
268 333 321
2751 156 322
2298 1100 323
2091 1499 324
2220 2200 325
1769 1684 326
1527 2303 327
767 545 328
155 1438 329
399 1172 330
2997 3180 331
365 2724 332
1573 3274 333
2953 3172 334
1892 3072 335
422 2030 336
702 297 337
3346 1743 338
1846 1005 339
695 1315 340
539 1529 341
1778 1025 342
2116 1640 343
2955 2786 344
533 2795 345
2114 2558 346
691 1320 347
1254 1147 348
3196 2907 349
1341 25 350
2589 2175 351
114 1347 352
475 2206 353
12 999 354
5 2144 355
736 2515 356
522 449 357
2548 1123 358
2989 1435 359
1132 1706 360
1584 2954 361
1709 2318 362
2449 319 363
1018 712 364
2238 2736 365
868 285 366
1411 3179 367
1896 2599 368
2496 854 369
1812 2098 370
29 1307 371
971 494 372
854 3238 373
2921 1561 374
950 2496 375
1344 2279 376
2014 649 377
1043 1885 378
1207 2142 379
876 2845 380
2528 8 381
557 2874 382
2286 2857 383
122 586 384
1236 3029 385
3371 550 386
2411 1299 387
3065 26 388
1550 226 389
2997 465 390
997 524 391
1495 1103 392
655 3355 393
1712 2659 394
841 396 395
3091 2823 396
3022 161 397
358 2449 398
89 1763 399
37 2650 400
3038 2343 401
2479 1932 402
1654 3297 403
3241 265 404
556 1608 405
1105 2125 406
1771 638 407
2143 104 408
1757 271 409
208 304 410
1218 3375 411
1254 2075 412
1685 2118 413
1336 1576 414
635 2084 415
1105 2398 416
2202 1585 417
1198 3276 418
2804 1021 419
96 668 420
2922 3397 421
203 69 422
386 2448 423
149 2750 424
297 72 425
1959 2578 426
745 429 427
3167 1057 428
924 1797 429
2676 368 430
1729 1662 431
2048 3067 432
835 2130 433
1344 726 434
1405 1729 435
405 912 436
2955 1180 437
1746 31 438
1991 2183 439
124 698 440
2660 401 441
2168 1173 442
251 283 443
1689 313 444
1559 3104 445
968 1828 446
2356 868 447
1473 2412 448
1321 1676 449
2949 606 450
312 553 451
1250 1505 452
1091 1864 453
482 875 454
40 2036 455
2587 2920 456
702 1392 457
990 2188 458
603 358 459
2822 1362 460
336 1696 461
1978 1043 462
3266 1118 463
2264 136 464
2629 67 465
1900 1901 466
1250 1165 467
2678 731 468
3260 214 469
414 1087 470
431 3138 471
2936 957 472
2467 332 473
1100 803 474
3011 153 475
274 205 476
3272 2554 477
1550 456 478
2046 1506 479
2878 986 480
395 1227 481
27 2818 482
868 987 483
2895 393 484
3091 3156 485
177 19 486
1017 422 487
2847 1316 488
2836 1877 489
1527 3163 490
1195 2450 491
955 2789 492
1502 1344 493
2599 2501 494
2215 1541 495
1835 2253 496
3102 2242 497
617 1677 498
3163 701 499
2976 2459 500
572 3236 501
429 1450 502
1469 566 503
1411 863 504
2408 150 505
2427 300 506
1346 1075 507
96 1761 508
1824 2520 509
3140 2355 510
3021 3055 511
1900 832 512
3267 2192 513
357 2936 514
414 3116 515
3169 13 516
3007 1071 517
2032 3117 518
1992 1319 519
2324 1127 520
944 1384 521
3362 2690 522
770 184 523
1408 3281 524
1777 1624 525
2490 673 526
1782 522 527
414 2210 528
2135 2628 529
1660 738 530
1682 354 531
181 2488 532
1703 2079 533
1785 1716 534
2647 1812 535
1382 817 536
1805 2852 537
3167 2009 538
181 2626 539
2739 906 540
2738 2655 541
541 666 542
448 3383 543
1074 530 544
1820 1907 545
2220 2067 546
242 2008 547
3130 1687 548
1204 1765 549
792 1978 550
2353 3344 551
2220 2150 552
739 2915 553
1259 1806 554
2335 3191 555
285 2159 556
2647 2479 557
2855 2533 558
1926 2971 559
2336 199 560
318 960 561
2124 421 562
422 751 563
1595 2423 564
2702 1379 565
1746 2890 566
2640 2239 567
2844 2361 568
439 2591 569
974 96 570
2732 2421 571
235 787 572
2315 3008 573
2140 2276 574
268 1408 575
636 2373 576
1149 2811 577
1852 1890 578
2259 1694 579
1890 608 580
478 2648 581
1056 3366 582
3360 1893 583
2118 3371 584
461 1807 585
168 3124 586
1899 790 587
2312 1787 588
1852 229 589
1570 3263 590
386 2439 591
458 1902 592
1694 2455 593
1073 1350 594
2850 1458 595
3006 1498 596
322 3174 597
1869 33 598
1959 3346 599
1939 1632 600
1869 894 601
2543 2261 602
1137 2387 603
1716 632 604
487 1046 605
152 86 606
1289 420 607
1914 2069 608
2661 2120 609
2143 3223 610
3261 1623 611
2828 492 612
1578 1777 613
2185 2157 614
2110 2039 615
1328 2572 616
744 2698 617
1589 1961 618
1186 245 619
310 1963 620
2368 2836 621
1307 3084 622
405 1528 623
2046 326 624
610 1987 625
2750 1525 626
3216 2362 627
1833 1308 628
648 1256 629
632 508 630
3107 1836 631
702 1790 632
1831 1490 633
2228 81 634
2756 3095 635
2022 1601 636
3305 2549 637
2365 1510 638
485 1911 639
2626 2049 640
50 404 641
1279 1244 642
336 2081 643
168 2982 644
1196 1467 645
1439 2746 646
281 3086 647
1194 2394 648
2859 2965 649
1802 92 650
767 2899 651
3128 2730 652
3329 3102 653
1573 977 654
325 2697 655
610 2010 656
1566 3340 657
2903 2761 658
401 483 659
3128 2654 660
3128 2732 661
912 1508 662
2855 1804 663
1675 2038 664
858 1074 665
2453 1948 666
1804 318 667
751 1965 668
1970 3202 669
128 2660 670
3362 1050 671
2922 3110 672
527 1108 673
118 2705 674
3093 189 675
879 1457 676
1763 3265 677
2957 2480 678
2693 2621 679
1856 2905 680
1178 2180 681
1852 217 682
2395 16 683
207 1003 684
3152 2006 685
1015 200 686
40 2943 687
3058 2625 688
1568 1904 689
687 2986 690
3018 1257 691
1542 1214 692
2810 2026 693
1981 549 694
744 1670 695
594 2336 696
2298 2640 697
471 209 698
1601 2885 699
16 202 700
2498 3001 701
1987 959 702
1143 3131 703
2777 227 704
2850 2748 705
427 2154 706
2037 3213 707
487 2282 708
1527 102 709
1765 1258 710
2213 2014 711
3145 246 712
2404 625 713
1515 488 714
1238 1562 715
1172 1666 716
1193 1816 717
3288 327 718
1990 2268 719
1558 1796 720
1322 601 721
603 2019 722
1259 3338 723
1531 2506 724
1232 462 725
742 855 726
880 1468 727
2193 1294 728
1851 1830 729
2214 2466 730
422 3380 731
1567 574 732
2755 432 733
2707 1126 734
2238 1592 735
2689 1588 736
3020 1967 737
3184 2082 738
1436 1749 739
1843 689 740
2842 2646 741
2120 624 742
1665 2706 743
3302 2172 744
2736 1375 745
2224 828 746
2336 2741 747
1085 1292 748
7 323 749
2390 1284 750
1935 1270 751
1749 380 752
1722 151 753
2067 3146 754
2552 3313 755
2396 2384 756
2530 1238 757
3164 1054 758
2540 1903 759
1527 478 760
113 1134 761
2384 2780 762
3159 1849 763
2331 2830 764
462 1437 765
3012 1688 766
1869 1815 767
585 592 768
2066 2252 769
1647 435 770
2989 2247 771
2987 3060 772
1034 2086 773
1663 1372 774
2847 1690 775
1884 1124 776
2272 711 777
110 1680 778
1195 1883 779
1762 821 780
108 895 781
847 2678 782
2284 2522 783
2830 2402 784
997 2960 785
1938 1267 786
2381 1982 787
558 2529 788
594 89 789
849 145 790
1750 109 791
2384 322 792
3114 1445 793
711 2683 794
1386 253 795
1763 2689 796
792 706 797
1578 3159 798
1851 2548 799
2886 2251 800
3216 2616 801
1653 179 802
2933 2236 803
2449 342 804
1795 2555 805
1446 1452 806
2694 2391 807
3133 3279 808
1274 1713 809
458 1695 810
168 2249 811
561 901 812
585 1178 813
2777 350 814
1735 65 815
2352 2921 816
697 830 817
1531 2661 818
2467 1301 819
687 1008 820
3301 1980 821
3320 428 822
2502 2337 823
2425 1084 824
18 2232 825
967 1548 826
1387 134 827
556 1391 828
3140 1908 829
2214 1920 830
978 2685 831
1613 3189 832
1685 1992 833
110 1596 834
310 2033 835
2180 2760 836
2383 2156 837
860 2274 838
470 2243 839
130 2083 840
839 2194 841
1491 1750 842
1998 1625 843
2959 309 844
91 3145 845
894 35 846
416 367 847
3184 2569 848
1984 71 849
3038 1368 850
2431 1755 851
503 1182 852
737 1949 853
1428 3066 854
3088 2170 855
3038 106 856
1235 3266 857
2544 1533 858
514 763 859
2752 1835 860
3139 2527 861
3212 1600 862
1414 945 863
456 622 864
2451 866 865
2756 110 866
493 3393 867
3318 2923 868
1234 1630 869
2213 2498 870
1886 2754 871
3221 2895 872
2845 2291 873
3241 290 874
2936 203 875
439 1094 876
2512 345 877
573 1211 878
50 2762 879
3221 580 880
3357 1253 881
3339 896 882
2217 1509 883
1856 826 884
2215 175 885
3155 6 886
287 2586 887
127 2855 888
952 402 889
1491 2278 890
1572 2957 891
606 2473 892
2994 874 893
3155 2849 894
312 2377 895
1203 3034 896
1232 539 897
2513 315 898
737 1114 899
3086 394 900
287 3382 901
1050 1952 902
176 1236 903
2937 1417 904
1165 1060 905
2423 2372 906
3388 2365 907
106 1336 908
2453 101 909
1565 856 910
2806 269 911
2099 1862 912
1148 3303 913
1328 2233 914
2714 2481 915
2341 914 916
3114 95 917
2348 1451 918
1485 1472 919
2910 39 920
1143 2273 921
3179 1556 922
1806 2887 923
2423 2415 924
1895 1056 925
2732 2964 926
2190 1543 927
590 1940 928
682 2094 929
2706 993 930
1345 3009 931
1957 2068 932
462 852 933
3341 860 934
2187 3025 935
901 2328 936
1923 3030 937
3388 2032 938
1128 585 939
497 273 940
2910 1764 941
293 2334 942
2679 2844 943
105 373 944
1369 1898 945
1408 459 946
1192 1068 947
2724 2717 948
1737 884 949
1095 2979 950
1230 2703 951
1528 234 952
2847 2663 953
2647 1161 954
1876 762 955
937 873 956
16 480 957
1239 602 958
502 2425 959
2467 1633 960
821 1095 961
2140 129 962
2622 1032 963
523 1519 964
2453 2595 965
2964 3322 966
3241 3127 967
573 1058 968
2411 2771 969
905 1201 970
2480 438 971
569 2438 972
2378 2645 973
2992 2864 974
802 2184 975
1685 2799 976
1586 3224 977
3048 3231 978
1236 2335 979
422 3312 980
478 3269 981
2204 2827 982
1833 2214 983
2888 1430 984
1894 3089 985
1696 2363 986
377 2420 987
412 454 988
2190 1811 989
925 588 990
161 385 991
319 1551 992
3159 1268 993
217 2841 994
1169 2139 995
2372 1663 996
2725 1742 997
2819 2161 998
336 1259 999
1850 1261 1000
1502 1609 1001
266 513 1002
2576 1958 1003
3328 2461 1004
957 2782 1005
2284 1718 1006
564 720 1007
2674 2889 1008
2819 725 1009
707 1931 1010
3250 41 1011
1332 180 1012
749 1834 1013
1563 1219 1014
1150 1886 1015
1113 1104 1016
965 563 1017
128 55 1018
878 1230 1019
96 1826 1020
292 2928 1021
1131 1484 1022
2376 2792 1023
744 2798 1024
1072 1554 1025
3048 2998 1026
2182 237 1027
2842 670 1028
3367 2424 1029
948 2568 1030
1259 842 1031
2585 2838 1032
2929 2772 1033
2795 1015 1034
458 2186 1035
2078 1715 1036
3265 2432 1037
2723 788 1038
842 591 1039
2036 207 1040
314 946 1041
1088 3211 1042
1305 2195 1043
2197 531 1044
698 1221 1045
2587 805 1046
455 3101 1047
2978 220 1048
987 2410 1049
2989 1892 1050
2958 879 1051
2617 618 1052
337 770 1053
2260 1249 1054
1999 995 1055
2454 280 1056
364 3374 1057
357 2368 1058
2002 1385 1059
638 789 1060
414 633 1061
2191 2611 1062
1863 2051 1063
858 213 1064
1023 1148 1065
2496 2682 1066
1709 1323 1067
1896 3012 1068
599 2153 1069
2072 1599 1070
730 1607 1071
407 2562 1072
2041 2524 1073
3350 224 1074
2092 450 1075
2274 2821 1076
433 897 1077
1896 73 1078
3205 521 1079
2640 636 1080
729 235 1081
384 653 1082
745 357 1083
120 2106 1084
2319 1793 1085
1143 1337 1086
3299 1871 1087
3140 1241 1088
572 1646 1089
220 48 1090
3005 1212 1091
2436 1657 1092
2131 1464 1093
247 2191 1094
10 2619 1095
650 759 1096
2087 36 1097
247 1039 1098
385 1895 1099
442 2462 1100
835 2819 1101
2897 732 1102
1435 1681 1103
1307 2919 1104
2043 321 1105
1498 3291 1106
1576 1530 1107
2002 2472 1108
610 3384 1109
1566 3062 1110
2813 810 1111
2355 3184 1112
433 3333 1113
1017 2992 1114
2457 2431 1115
679 644 1116
1686 716 1117
3244 1083 1118
2752 2922 1119
2997 913 1120
1043 1970 1121
386 141 1122
2168 2366 1123
2938 3331 1124
738 1845 1125
868 1234 1126
2148 544 1127
2008 1378 1128
2952 2931 1129
3310 887 1130
3179 3182 1131
1567 923 1132
1267 1265 1133
3341 193 1134
1413 2440 1135
333 1296 1136
1165 1866 1137
1208 1497 1138
220 2917 1139
1540 2784 1140
121 2851 1141
2689 2004 1142
3241 426 1143
2238 2806 1144
2878 2725 1145
1031 1166 1146
862 905 1147
2588 1591 1148
3264 2222 1149
1017 2749 1150
1182 1448 1151
2804 1000 1152
685 4 1153
2446 1045 1154
2410 3310 1155
2957 3206 1156
824 2573 1157
24 2768 1158
823 1224 1159
68 1478 1160
1878 3254 1161
1971 2177 1162
2846 1262 1163
3341 650 1164
352 2594 1165
862 623 1166
356 1155 1167
426 2879 1168
3397 45 1169
81 2458 1170
1024 3249 1171
682 3158 1172
317 2909 1173
517 3192 1174
1097 886 1175
1973 774 1176
2756 2677 1177
2878 996 1178
2644 920 1179
1321 2862 1180
1063 2550 1181
1504 476 1182
721 904 1183
1533 2058 1184
1959 3107 1185
1341 777 1186
679 1273 1187
2510 1983 1188
770 1487 1189
894 118 1190
944 37 1191
2508 1291 1192
1595 172 1193
2116 546 1194
539 2693 1195
2127 2193 1196
1550 3388 1197
422 3099 1198
1581 2985 1199
1451 2145 1200
2062 1766 1201
1589 1422 1202
2319 1514 1203
2702 75 1204
1709 469 1205
895 2934 1206
653 3357 1207
1526 1563 1208
2698 1661 1209
2677 303 1210
730 2374 1211
3253 1213 1212
1184 1768 1213
2205 2535 1214
1900 3386 1215
3213 1423 1216
1015 2981 1217
2776 111 1218
1831 2215 1219
1835 2924 1220
2054 3396 1221
2612 3262 1222
2215 230 1223
3322 1996 1224
1491 961 1225
2733 921 1226
1876 2607 1227
2224 1131 1228
2281 1401 1229
2395 1975 1230
1484 3372 1231
995 148 1232
351 3341 1233
1465 1290 1234
1932 306 1235
2035 3326 1236
1076 3081 1237
2415 310 1238
1235 2710 1239
2344 2642 1240
687 2868 1241
2174 348 1242
2457 2610 1243
698 3136 1244
1163 813 1245
1737 1671 1246
2994 1125 1247
497 2225 1248
1695 818 1249
1138 1024 1250
3111 1137 1251
3223 286 1252
1014 867 1253
616 2003 1254
1628 2205 1255
1315 3078 1256
297 1590 1257
137 3332 1258
2366 3400 1259
158 707 1260
326 2015 1261
3155 2672 1262
1058 241 1263
1344 1842 1264
627 820 1265
444 3073 1266
2732 1297 1267
128 1145 1268
2798 1838 1269
2714 3243 1270
1722 2024 1271
813 452 1272
792 2219 1273
1181 1667 1274
2668 1167 1275
1578 149 1276
72 1044 1277
2022 2729 1278
29 2551 1279
616 1309 1280
3102 776 1281
1889 1359 1282
1735 2187 1283
203 1179 1284
1408 3272 1285
3096 682 1286
3022 1731 1287
1711 1959 1288
843 2946 1289
207 11 1290
1699 2226 1291
792 2629 1292
1192 1289 1293
2655 2525 1294
2292 1785 1295
3397 603 1296
1004 3360 1297
3127 3092 1298
3179 947 1299
660 166 1300
1966 2671 1301
2730 3100 1302
805 3304 1303
3293 1930 1304
3134 2234 1305
635 1367 1306
2202 3165 1307
587 397 1308
973 3256 1309
1869 3024 1310
1639 3337 1311
2957 900 1312
1181 1740 1313
1067 24 1314
2548 534 1315
1584 1595 1316
1491 3300 1317
2512 2673 1318
2718 1345 1319
3022 328 1320
471 1007 1321
603 2597 1322
91 2023 1323
489 262 1324
670 1950 1325
2057 808 1326
2688 3317 1327
1360 2652 1328
229 29 1329
1730 1324 1330
1867 164 1331
2275 1197 1332
1793 1334 1333
948 3315 1334
1063 2113 1335
3367 1620 1336
3341 88 1337
1259 3196 1338
3160 362 1339
2155 819 1340
1346 705 1341
974 360 1342
3116 1672 1343
2113 424 1344
38 2519 1345
2160 3349 1346
297 2344 1347
957 457 1348
3287 2615 1349
439 552 1350
828 1377 1351
439 3115 1352
1425 1753 1353
1776 38 1354
2454 2460 1355
2004 1736 1356
2116 1002 1357
2220 845 1358
2755 1735 1359
755 1340 1360
293 2103 1361
1663 263 1362
2647 3152 1363
2133 909 1364
1925 2198 1365
649 2018 1366
2552 2974 1367
2042 942 1368
1232 695 1369
2640 389 1370
1506 2352 1371
2490 3003 1372
1502 847 1373
954 2185 1374
1322 2181 1375
3186 1954 1376
2543 600 1377
2292 2866 1378
1088 1141 1379
6 846 1380
1680 1639 1381
1138 792 1382
857 2077 1383
168 2505 1384
2229 99 1385
1207 604 1386
1134 746 1387
2215 1560 1388
3181 674 1389
2029 1325 1390
1763 2354 1391
1889 1414 1392
1380 2832 1393
193 2470 1394
2850 2926 1395
605 2911 1396
1202 728 1397
877 233 1398
151 752 1399
3390 3288 1400
2855 489 1401
1576 755 1402
2561 381 1403
317 1109 1404
945 443 1405
2940 2141 1406
2372 3335 1407
2464 2807 1408
2422 3133 1409
2059 2114 1410
2078 2499 1411
2854 3248 1412
413 1245 1413
1703 1619 1414
427 1659 1415
3244 1288 1416
2804 2516 1417
3010 2657 1418
3308 2492 1419
672 2013 1420
21 2904 1421
552 2581 1422
2376 502 1423
2842 2104 1424
2318 206 1425
337 2854 1426
237 2241 1427
2378 2687 1428
1331 1879 1429
1231 1364 1430
302 1427 1431
31 953 1432
2313 236 1433
2707 1492 1434
2689 2596 1435
1344 727 1436
1701 827 1437
782 637 1438
1628 370 1439
2618 892 1440
2790 3137 1441
2975 3177 1442
108 730 1443
1131 2988 1444
3336 1586 1445
3215 3316 1446
161 974 1447
578 1817 1448
1345 9 1449
485 2723 1450
583 801 1451
1253 2474 1452
1531 3305 1453
2749 1539 1454
3336 3181 1455
718 1488 1456
2542 1185 1457
2417 2319 1458
2143 2442 1459
1851 1409 1460
1948 1388 1461
737 3347 1462
868 1138 1463
1956 2189 1464
12 2451 1465
2954 646 1466
2631 2408 1467
337 2618 1468
1645 944 1469
1111 3175 1470
2698 1720 1471
1902 1386 1472
3132 2582 1473
1274 1433 1474
207 1318 1475
1965 1192 1476
2755 3222 1477
264 3169 1478
2543 907 1479
1587 1471 1480
2788 3369 1481
1368 1867 1482
547 2763 1483
1390 2745 1484
3060 2399 1485
1739 3307 1486
2152 90 1487
3270 3294 1488
264 2956 1489
3250 1737 1490
1790 169 1491
172 1728 1492
1797 642 1493
2629 1913 1494
1635 768 1495
3253 3215 1496
2388 2315 1497
870 1194 1498
2596 1774 1499
886 661 1500
1847 2216 1501
2851 455 1502
526 1300 1503
2296 2812 1504
132 139 1505
569 1271 1506
463 1055 1507
1834 1193 1508
296 2740 1509
2615 1394 1510
3047 3343 1511
1449 949 1512
1925 3014 1513
1433 1098 1514
2101 785 1515
1139 1603 1516
2733 1208 1517
1815 2557 1518
857 76 1519
1301 2199 1520
2847 1848 1521
1436 2467 1522
1465 2050 1523
181 3328 1524
3388 2856 1525
1978 1995 1526
1195 1643 1527
2575 1850 1528
3220 1531 1529
3038 127 1530
962 155 1531
683 1682 1532
2646 1669 1533
2003 1631 1534
1082 160 1535
523 3200 1536
50 2883 1537
1834 433 1538
1255 2952 1539
1711 2785 1540
2345 2128 1541
240 1507 1542
429 1795 1543
823 1655 1544
1283 2419 1545
834 2676 1546
3102 124 1547
2443 2512 1548
2158 1910 1549
3205 371 1550
1689 222 1551
478 1580 1552
2422 537 1553
1900 3076 1554
389 1064 1555
2542 500 1556
1908 2955 1557
2647 3205 1558
878 1566 1559
1085 1014 1560
2056 529 1561
1027 1642 1562
929 773 1563
1934 3144 1564
1563 2085 1565
2923 1102 1566
1497 1923 1567
963 3318 1568
3340 2521 1569
1190 596 1570
1578 527 1571
203 1875 1572
2376 2110 1573
2513 2776 1574
2751 2464 1575
1986 3392 1576
204 2347 1577
3241 2182 1578
3287 1779 1579
1071 167 1580
2756 268 1581
1369 968 1582
3328 665 1583
1583 378 1584
3333 1637 1585
633 1758 1586
826 2435 1587
2639 1482 1588
2587 1964 1589
1918 3103 1590
3282 3096 1591
1514 3257 1592
997 3353 1593
439 1232 1594
1224 225 1595
3084 3044 1596
896 2211 1597
2001 2556 1598
503 2475 1599
914 388 1600
1596 3149 1601
2554 1935 1602
805 2517 1603
3388 1810 1604
1149 2805 1605
737 2285 1606
2565 1139 1607
953 2508 1608
1604 1942 1609
2846 1972 1610
1024 1897 1611
1540 259 1612
780 1295 1613
1392 451 1614
629 410 1615
1834 351 1616
3296 2564 1617
2914 43 1618
2341 1374 1619
1271 2099 1620
1834 982 1621
121 475 1622
633 3247 1623
3155 3112 1624
307 1286 1625
1572 3295 1626
2822 1439 1627
1667 3296 1628
2417 3201 1629
3388 2933 1630
1763 3018 1631
539 3108 1632
2911 3120 1633
3114 1844 1634
1743 829 1635
2418 719 1636
2906 376 1637
404 2133 1638
1462 1339 1639
1810 2634 1640
853 157 1641
2524 885 1642
439 2140 1643
3134 1018 1644
2396 2087 1645
680 1150 1646
1875 1524 1647
280 1077 1648
3286 2441 1649
1014 1636 1650
1999 415 1651
2134 1917 1652
2676 840 1653
1440 741 1654
356 917 1655
1286 2436 1656
1164 2608 1657
1603 771 1658
2185 1581 1659
23 2326 1660
2911 1863 1661
1034 105 1662
1445 1280 1663
2641 3090 1664
1254 3329 1665
962 1573 1666
2779 2040 1667
2356 948 1668
674 862 1669
1610 1887 1670
2912 32 1671
1610 3157 1672
2158 3071 1673
1452 2969 1674
2554 228 1675
2917 1976 1676
1337 2592 1677
2855 137 1678
2907 211 1679
3022 3125 1680
1953 42 1681
164 3309 1682
649 3048 1683
886 2726 1684
2689 824 1685
2163 3367 1686
2004 2728 1687
3220 2679 1688
2651 976 1689
133 836 1690
2033 2444 1691
1721 2465 1692
3094 195 1693
2344 1699 1694
2355 1614 1695
2110 1703 1696
2899 1425 1697
2008 1760 1698
409 772 1699
795 2571 1700
2110 146 1701
2642 3199 1702
1617 2245 1703
3095 2552 1704
1441 3214 1705
733 589 1706
2410 1823 1707
1017 2395 1708
31 2229 1709
2354 3260 1710
129 2863 1711
1686 2794 1712
1004 3287 1713
370 215 1714
2922 599 1715
1779 1272 1716
1790 130 1717
1163 2627 1718
313 1784 1719
2311 121 1720
224 2409 1721
1085 2427 1722
1017 3128 1723
1042 2884 1724
2134 2148 1725
489 1440 1726
490 2601 1727
2555 1775 1728
2879 82 1729
1584 1957 1730
136 1841 1731
2068 1105 1732
80 2000 1733
2770 2987 1734
1319 2043 1735
2453 851 1736
2194 994 1737
2220 3327 1738
2842 568 1739
1696 1638 1740
2682 2306 1741
2007 163 1742
2325 2875 1743
8 980 1744
337 431 1745
156 780 1746
130 2948 1747
1918 338 1748
1889 444 1749
2344 2734 1750
3337 2976 1751
376 305 1752
229 3058 1753
494 1335 1754
2072 2430 1755
1790 176 1756
2184 1326 1757
3108 565 1758
2855 2545 1759
516 159 1760
528 1686 1761
489 515 1762
908 2413 1763
2656 1205 1764
2730 1338 1765
2679 1504 1766
2479 2383 1767
957 1825 1768
77 2011 1769
1804 3244 1770
318 3232 1771
861 654 1772
651 614 1773
3063 2322 1774
2505 2896 1775
336 3194 1776
782 1461 1777
1947 871 1778
1932 1798 1779
124 3106 1780
728 1477 1781
1271 560 1782
2406 125 1783
3165 783 1784
3114 336 1785
819 722 1786
2044 423 1787
749 1939 1788
667 1486 1789
1999 1293 1790
1594 1207 1791
1939 671 1792
3362 1929 1793
1379 1389 1794
350 2824 1795
867 1988 1796
1114 2800 1797
1501 1028 1798
2978 74 1799
974 177 1800
2161 620 1801
1097 18 1802
2367 3082 1803
2292 188 1804
1921 1881 1805
2766 598 1806
1237 2405 1807
1085 3342 1808
1869 569 1809
785 117 1810
1094 1990 1811
2004 3258 1812
1287 739 1813
2072 503 1814
513 2649 1815
286 1470 1816
3382 448 1817
2544 2064 1818
2401 2292 1819
2832 2561 1820
3318 517 1821
503 1909 1822
813 709 1823
971 2918 1824
485 1424 1825
1068 1536 1826
191 441 1827
1686 330 1828
2143 1712 1829
3194 2783 1830
3287 3017 1831
546 97 1832
2354 2370 1833
2417 2163 1834
1550 1278 1835
2829 3074 1836
2255 802 1837
1274 2702 1838
3226 655 1839
2371 2286 1840
2656 890 1841
881 344 1842
1967 461 1843
652 3292 1844
2354 1029 1845
185 3198 1846
611 2695 1847
2356 274 1848
2143 2647 1849
284 1613 1850
2065 468 1851
284 1310 1852
441 1312 1853
842 1746 1854
1740 2688 1855
2785 347 1856
2722 1998 1857
2180 10 1858
2720 1693 1859
332 567 1860
3005 626 1861
2442 2329 1862
2997 1968 1863
2437 910 1864
2417 528 1865
623 1827 1866
577 2494 1867
127 5 1868
1940 2563 1869
278 216 1870
1242 2429 1871
1524 445 1872
860 3153 1873
1852 542 1874
2081 1371 1875
1609 3298 1876
1723 3283 1877
1492 651 1878
2856 1747 1879
2677 2793 1880
1418 941 1881
1763 2542 1882
1096 1733 1883
370 781 1884
655 2996 1885
2318 406 1886
685 2942 1887
1292 611 1888
296 3088 1889
378 1547 1890
583 2162 1891
368 1634 1892
1458 2787 1893
3225 1803 1894
106 1413 1895
467 970 1896
2549 1516 1897
348 260 1898
475 2861 1899
89 693 1900
3329 1255 1901
433 2559 1902
933 1814 1903
973 2614 1904
1949 3278 1905
1810 3005 1906
1870 2871 1907
1372 713 1908
526 1022 1909
1206 2643 1910
1819 1757 1911
2382 2174 1912
842 1012 1913
932 991 1914
594 2379 1915
2675 1176 1916
1588 2664 1917
3213 3079 1918
3237 3273 1919
526 2530 1920
2994 2641 1921
2185 2788 1922
2836 1210 1923
2751 925 1924
2143 1776 1925
2431 1593 1926
2042 3362 1927
3129 1542 1928
837 2872 1929
2014 2093 1930
2502 3235 1931
1848 2307 1932
1529 1080 1933
1289 1031 1934
96 419 1935
2971 3226 1936
3226 748 1937
46 1062 1938
1774 2674 1939
1917 154 1940
2422 2289 1941
712 3240 1942
1289 3203 1943
45 1833 1944
2797 786 1945
1627 775 1946
297 2124 1947
667 3230 1948
2933 2829 1949
1330 1523 1950
2698 558 1951
2135 675 1952
2665 1919 1953
3022 1711 1954
1633 1061 1955
925 3324 1956
1048 662 1957
2780 1135 1958
963 2052 1959
537 2613 1960
1989 487 1961
847 1800 1962
463 721 1963
580 1363 1964
1027 1847 1965
1445 1396 1966
3115 1621 1967
242 1041 1968
1202 1419 1969
876 683 1970
2480 1174 1971
667 1665 1972
2433 1198 1973
7 2977 1974
2684 1927 1975
2734 3394 1976
45 928 1977
1912 555 1978
2285 2848 1979
2658 3019 1980
2647 2356 1981
2586 2961 1982
2516 1773 1983
2453 3264 1984
2569 2669 1985
2475 2737 1986
668 1701 1987
1988 1741 1988
1833 3339 1989
1981 2246 1990
2671 291 1991
2736 2583 1992
939 289 1993
3058 3160 1994
2046 2029 1995
1597 2290 1996
3237 2167 1997
1550 356 1998
2090 3376 1999
3205 1527 2000
2801 281 2001
1848 1618 2002
2937 2358 2003
467 2178 2004
2512 30 2005
1750 2218 2006
2936 295 2007
443 1151 2008
835 3037 2009
3181 2324 2010
3388 838 2011
3326 1321 2012
2541 3195 2013
699 3242 2014
433 2388 2015
2284 1517 2016
2279 2240 2017
2292 120 2018
1609 1856 2019
1584 839 2020
1992 1036 2021
89 152 2022
529 3052 2023
155 2623 2024
1184 1087 2025
433 3113 2026
580 201 2027
842 2570 2028
2853 1579 2029
512 971 2030
347 1650 2031
1325 3197 2032
2315 294 2033
3155 1802 2034
2936 1195 2035
2600 1196 2036
3152 2204 2037
1369 2027 2038
1894 1582 2039
3398 2980 2040
213 2369 2041
1565 3251 2042
1292 3289 2043
2962 1091 2044
2124 2426 2045
1801 54 2046
2443 372 2047
95 2227 2048
894 1354 2049
815 2537 2050
1617 2667 2051
1894 652 2052
1354 571 2053
2415 1380 2054
1582 916 2055
849 1202 2056
110 978 2057
285 46 2058
2479 2220 2059
1745 1979 2060
3021 349 2061
2723 20 2062
1022 1004 2063
3049 1209 2064
2711 1475 2065
2881 2005 2066
2600 1171 2067
1184 3109 2068
2710 301 2069
2610 629 2070
3277 2878 2071
2039 1545 2072
1502 2803 2073
538 1991 2074
878 2476 2075
1572 2331 2076
1085 1705 2077
2350 2686 2078
1175 232 2079
2978 242 2080
685 2721 2081
2298 1042 2082
2693 1654 2083
2341 640 2084
1555 2312 2085
767 239 2086
2513 1305 2087
1192 1156 2088
340 804 2089
2096 185 2090
2590 1035 2091
2379 2074 2092
1643 2121 2093
2658 1878 2094
2905 353 2095
2964 240 2096
1181 778 2097
2842 186 2098
3398 2507 2099
310 1616 2100
984 3228 2101
1963 1460 2102
330 1215 2103
2994 1882 2104
2514 62 2105
1063 122 2106
3160 3234 2107
2718 1361 2108
45 1594 2109
115 1407 2110
1777 2095 2111
2508 936 2112
2508 334 2113
59 1191 2114
3250 659 2115
3020 2207 2116
2555 1370 2117
784 1231 2118
2033 3352 2119
2815 710 2120
2954 1873 2121
2957 2718 2122
3079 3246 2123
357 3220 2124
585 561 2125
2456 2574 2126
2909 2617 2127
2004 162 2128
231 84 2129
393 929 2130
824 2304 2131
485 3193 2132
227 2651 2133
2402 3063 2134
2876 1945 2135
820 2100 2136
439 1872 2137
3179 1420 2138
2128 750 2139
1295 1480 2140
835 181 2141
3397 3049 2142
2677 1926 2143
1233 2990 2144
1795 2325 2145
181 479 2146
2120 547 2147
95 2810 2148
3286 2938 2149
393 1500 2150
239 1832 2151
1781 2025 2152
3326 119 2153
1207 1986 2154
1867 3204 2155
1831 681 2156
3205 2997 2157
1663 523 2158
611 2272 2159
523 1567 2160
3212 1455 2161
2975 1200 2162
2601 766 2163
2234 3093 2164
1178 1544 2165
526 1441 2166
1883 1689 2167
2925 1469 2168
2640 2707 2169
2771 951 2170
2415 1575 2171
2076 47 2172
842 2489 2173
3266 1896 2174
285 1502 2175
229 1584 2176
633 187 2177
430 1943 2178
3155 782 2179
1399 2308 2180
1265 1994 2181
3318 2935 2182
2222 679 2183
2000 94 2184
3111 178 2185
3347 2062 2186
2078 1122 2187
535 1327 2188
2072 1128 2189
1076 1658 2190
1094 3051 2191
2882 1263 2192
1130 279 2193
331 183 2194
2658 2662 2195
1907 79 2196
2595 3041 2197
1271 3141 2198
1289 1260 2199
1513 1069 2200
2561 796 2201
1469 1805 2202
1816 2775 2203
393 2699 2204
2936 2056 2205
3120 816 2206
200 198 2207
2068 434 2208
1052 2963 2209
2694 386 2210
2570 1116 2211
2987 635 2212
1957 3148 2213
1604 1397 2214
799 1405 2215
2423 1399 2216
2222 1330 2217
1572 1719 2218
3350 2528 2219
539 702 2220
3012 2843 2221
1470 2147 2222
853 264 2223
2202 1459 2224
854 3000 2225
502 3227 2226
824 3140 2227
725 2839 2228
1050 3075 2229
2836 2765 2230
41 2704 2231
1286 1162 2232
3371 379 2233
1573 64 2234
3360 876 2235
292 1065 2236
2946 1894 2237
64 375 2238
670 797 2239
86 715 2240
2948 256 2241
1032 2375 2242
220 551 2243
478 1558 2244
637 1328 2245
195 812 2246
2730 2644 2247
357 911 2248
265 3069 2249
1959 2739 2250
1612 1503 2251
1763 497 2252
1984 1653 2253
2572 1738 2254
3360 2694 2255
2850 3268 2256
395 2269 2257
1711 1578 2258
1517 2160 2259
2799 2416 2260
2764 1924 2261
3258 2267 2262
2530 1239 2263
3204 2 2264
835 2055 2265
2963 761 2266
1232 490 2267
3287 2158 2268
1984 943 2269
3108 2711 2270
1512 3002 2271
2859 1228 2272
2492 2168 2273
2454 3267 2274
1991 753 2275
2513 1085 2276
2689 1072 2277
2072 685 2278
2929 2002 2279
1604 1899 2280
3065 800 2281
2000 584 2282
3389 343 2283
3347 3334 2284
3158 3361 2285
2813 967 2286
2046 2453 2287
2281 1449 2288
2129 359 2289
2106 1702 2290
2789 131 2291
1354 958 2292
1520 1462 2293
1842 2456 2294
2174 1306 2295
1073 849 2296
130 2259 2297
1138 835 2298
3379 2668 2299
742 2059 2300
2038 687 2301
538 2881 2302
144 536 2303
2374 1366 2304
1908 2622 2305
2448 2624 2306
1286 3028 2307
3312 1799 2308
2479 658 2309
1022 2523 2310
1528 3290 2311
1376 1479 2312
490 1513 2313
3354 2262 2314
1960 1086 2315
1974 2973 2316
1175 733 2317
1039 2858 2318
325 53 2319
2335 2330 2320
2946 2747 2321
386 1570 2322
1630 3119 2323
91 2975 2324
3065 3007 2325
1094 3183 2326
1538 3154 2327
2922 2867 2328
1570 440 2329
2396 1332 2330
1409 208 2331
2689 807 2332
3206 1569 2333
2343 1843 2334
2187 1526 2335
364 1333 2336
1034 2945 2337
1823 1801 2338
151 956 2339
2913 1721 2340
670 1038 2341
2994 1358 2342
2039 3070 2343
828 1744 2344
585 1813 2345
3280 2769 2346
1207 557 2347
341 2514 2348
1344 2491 2349
1058 1412 2350
1093 1535 2351
2143 258 2352
3112 984 2353
1990 2275 2354
502 853 2355
2285 3114 2356
963 1465 2357
2868 3085 2358
2411 231 2359
2357 1984 2360
815 1431 2361
14 2484 2362
86 520 2363
367 2060 2364
3194 988 2365
1876 103 2366
2631 3134 2367
2647 168 2368
3287 843 2369
1663 2958 2370
1413 1246 2371
3368 1829 2372
336 2454 2373
3116 3057 2374
884 2675 2375
292 2028 2376
421 3364 2377
2820 2443 2378
290 2609 2379
1517 678 2380
1396 3 2381
2202 1751 2382
1533 1160 2383
3005 686 2384
1115 2022 2385
396 3358 2386
2992 1956 2387
1900 1130 2388
2850 1225 2389
1688 417 2390
3359 3233 2391
3191 1453 2392
101 2341 2393
1011 745 2394
742 2376 2395
3214 324 2396
1046 2349 2397
367 1442 2398
3134 292 2399
502 3036 2400
493 1546 2401
1647 990 2402
2072 2587 2403
2427 3004 2404
256 171 2405
2570 288 2406
1680 1390 2407
3134 583 2408
694 143 2409
880 1617 2410
293 2774 2411
3348 1855 2412
1178 14 2413
3138 2406 2414
1114 2930 2415
2936 405 2416
3128 496 2417
2622 437 2418
1717 2203 2419
1210 1153 2420
1788 1204 2421
80 1697 2422
123 717 2423
1190 1678 2424
2056 3123 2425
1011 128 2426
1675 3239 2427
837 1081 2428
634 2865 2429
1235 3020 2430
1233 2503 2431
870 3054 2432
2631 2490 2433
2354 950 2434
49 2404 2435
2128 2287 2436
3105 2485 2437
2128 1944 2438
366 1357 2439
1968 2017 2440
3201 969 2441
1948 2950 2442
2081 1769 2443
549 1934 2444
2356 2165 2445
285 2544 2446
1871 1466 2447
3067 1421 2448
50 2381 2449
513 374 2450
2851 98 2451
1259 2888 2452
1022 859 2453
1584 1411 2454
1161 1612 2455
2787 2053 2456
1158 1853 2457
1667 998 2458
1876 631 2459
1017 1685 2460
486 1063 2461
2733 2123 2462
132 1938 2463
3286 467 2464
1285 361 2465
2738 312 2466
1823 1568 2467
2033 1154 2468
341 477 2469
1835 757 2470
3083 1521 2471
667 1889 2472
2401 1331 2473
302 2256 2474
2601 2897 2475
1404 3377 2476
1688 556 2477
2423 3023 2478
2748 1788 2479
997 779 2480
2924 2302 2481
2832 474 2482
1178 1303 2483
1030 2605 2484
3277 3252 2485
2736 1136 2486
605 1583 2487
3205 2912 2488
2946 2630 2489
1354 317 2490
3038 2751 2491
3176 2042 2492
2684 504 2493
2644 882 2494
1504 554 2495
2830 1759 2496
404 21 2497
1418 3212 2498
1696 1597 2499
2744 908 2500
3071 60 2501
2678 2407 2502
3346 2327 2503
405 2880 2504
2065 2731 2505
1419 3218 2506
1131 1771 2507
416 2445 2508
3303 2021 2509
1609 501 2510
2312 2877 2511
2071 3399 2512
3094 747 2513
2933 2941 2514
1921 3363 2515
2106 78 2516
3071 2471 2517
3208 700 2518
515 1772 2519
749 2411 2520
237 1 2521
1632 2892 2522
3125 2791 2523
2583 255 2524
470 3139 2525
749 963 2526
2411 482 2527
2957 463 2528
1302 3391 2529
56 2708 2530
2815 511 2531
2894 2469 2532
3205 1604 2533
1621 116 2534
3315 2742 2535
2234 2179 2536
2576 1152 2537
2104 2716 2538
2083 590 2539
737 413 2540
2910 648 2541
1278 1220 2542
2078 2452 2543
1018 3105 2544
1651 2034 2545
1094 3039 2546
1254 3046 2547
64 2576 2548
957 1395 2549
1900 2348 2550
1274 930 2551
2560 2333 2552
2555 3270 2553
1834 691 2554
1778 724 2555
742 2396 2556
2766 2700 2557
1639 2321 2558
512 2532 2559
1354 2401 2560
880 267 2561
706 1726 2562
2501 3219 2563
868 2833 2564
2664 2589 2565
1441 1170 2566
2141 411 2567
2384 937 2568
2466 252 2569
1240 126 2570
616 932 2571
1876 1275 2572
2792 2127 2573
839 735 2574
1987 2433 2575
2110 1447 2576
234 2831 2577
2987 880 2578
229 1900 2579
2002 3285 2580
1867 485 2581
2025 15 2582
520 2840 2583
3141 2197 2584
2961 2670 2585
422 1876 2586
1046 68 2587
2161 408 2588
3176 1115 2589
2722 331 2590
566 2311 2591
947 1553 2592
2723 2814 2593
1806 2929 2594
813 158 2595
336 412 2596
1900 1436 2597
2237 2305 2598
3079 893 2599
2467 2152 2600
369 2281 2601
1169 3083 2602
1909 2149 2603
127 1169 2604
2745 1951 2605
2030 2666 2606
2391 2196 2607
1385 2808 2608
2396 2122 2609
856 425 2610
1861 989 2611
2035 275 2612
742 1869 2613
1785 1476 2614
2590 979 2615
1669 2310 2616
1949 1491 2617
1254 1865 2618
3224 1048 2619
76 1217 2620
1824 3359 2621
758 2937 2622
427 1443 2623
737 2712 2624
384 1052 2625
725 2338 2626
16 1722 2627
2230 1933 2628
3333 1415 2629
3244 1999 2630
958 2080 2631
2678 3050 2632
3099 1269 2633
390 2536 2634
1490 609 2635
878 1861 2636
2143 2531 2637
1817 850 2638
1529 2497 2639
895 1928 2640
1578 3185 2641
1422 581 2642
3349 2709 2643
924 2588 2644
2833 1675 2645
256 2691 2646
7 806 2647
3385 182 2648
2285 3059 2649
2310 190 2650
1421 311 2651
1603 3323 2652
2994 512 2653
1899 2228 2654
2735 2509 2655
2341 1483 2656
1939 2835 2657
921 2468 2658
1916 1571 2659
1495 1073 2660
1774 2939 2661
3112 2658 2662
1277 1822 2663
865 3284 2664
2544 113 2665
1550 2547 2666
2202 2463 2667
251 858 2668
285 251 2669
2798 1837 2670
96 3061 2671
1243 595 2672
3362 2385 2673
2475 2299 2674
1495 2213 2675
1146 919 2676
3040 2825 2677
2039 3378 2678
123 3150 2679
70 972 2680
2513 3253 2681
1011 2777 2682
3274 2828 2683
3311 298 2684
2246 481 2685
41 1549 2686
2762 1971 2687
1910 663 2688
1237 708 2689
298 436 2690
1790 325 2691
1594 1376 2692
1595 954 2693
765 607 2694
2952 1027 2695
942 1387 2696
3179 627 2697
1175 2635 2698
1486 138 2699
478 2263 2700
1191 2437 2701
2065 2526 2702
961 2283 2703
2417 1282 2704
1181 2380 2705
1254 3373 2706
3208 1564 2707
456 2340 2708
180 3345 2709
2065 2713 2710
1502 628 2711
340 1748 2712
1212 1559 2713
418 1218 2714
787 2089 2715
1041 1649 2716
3334 1341 2717
1921 2598 2718
1755 2639 2719
145 1360 2720
1520 1918 2721
2992 2560 2722
114 2202 2723
2610 140 2724
1046 1302 2725
2213 605 2726
1728 2590 2727
3221 690 2728
1250 645 2729
2152 3209 2730
2879 1494 2731
3368 1113 2732
1181 3168 2733
677 641 2734
1587 1859 2735
198 1342 2736
594 2756 2737
2331 2109 2738
2047 2638 2739
1859 495 2740
2832 2351 2741
943 2390 2742
462 2020 2743
1022 765 2744
221 1857 2745
2952 2422 2746
284 473 2747
650 40 2748
2626 1589 2749
74 2271 2750
3225 962 2751
941 1251 2752
351 3155 2753
523 924 2754
515 2834 2755
1017 3225 2756
1020 548 2757
1181 2842 2758
392 2434 2759
1831 1474 2760
2086 1537 2761
787 2301 2762
544 3042 2763
827 2447 2764
870 1714 2765
2451 903 2766
1014 3293 2767
1097 144 2768
1617 2386 2769
727 2859 2770
886 2250 2771
712 1602 2772
623 1252 2773
74 535 2774
2384 1432 2775
110 870 2776
1894 740 2777
1711 680 2778
1639 1622 2779
323 1786 2780
2912 1078 2781
2285 519 2782
1212 3097 2783
63 3208 2784
251 3325 2785
949 3118 2786
3007 1709 2787
998 1993 2788
2194 1781 2789
835 2755 2790
72 85 2791
2396 3022 2792
532 1626 2793
1022 3053 2794
479 1946 2795
3100 935 2796
3159 2255 2797
375 2012 2798
1550 3221 2799
2098 1515 2800
132 865 2801
1802 2744 2802
375 2684 2803
2424 416 2804
2426 723 2805
3381 2991 2806
2750 964 2807
845 2538 2808
2276 3031 2809
878 2230 2810
3119 3098 2811
712 899 2812
1599 3166 2813
1034 1808 2814
2974 1756 2815
702 2978 2816
202 3170 2817
2803 1947 2818
814 2061 2819
11 621 2820
1565 1691 2821
3328 1110 2822
265 1107 2823
1210 2696 2824
3296 3122 2825
1566 2371 2826
1006 2364 2827
749 307 2828
98 276 2829
2134 518 2830
2298 3167 2831
1265 506 2832
251 61 2833
356 1059 2834
2694 1512 2835
3108 51 2836
2732 2778 2837
948 2417 2838
594 1710 2839
2140 1858 2840
1760 1053 2841
862 559 2842
1595 1520 2843
2076 3164 2844
1355 50 2845
120 1250 2846
1501 2339 2847
288 973 2848
3038 2298 2849
1670 2584 2850
2647 2072 2851
3207 1598 2852
2071 2065 2853
1999 365 2854
3064 1651 2855
3286 2134 2856
1006 484 2857
1695 2577 2858
890 1434 2859
1212 1264 2860
3305 2238 2861
2957 1285 2862
2560 857 2863
3349 3306 2864
2601 619 2865
2025 794 2866
1183 257 2867
2072 204 2868
1731 2112 2869
556 498 2870
1962 754 2871
2454 2901 2872
2046 526 2873
3038 2631 2874
237 2297 2875
229 1851 2876
258 861 2877
1314 1119 2878
3184 612 2879
922 1708 2880
128 132 2881
1302 2680 2882
2417 409 2883
3322 2208 2884
514 3365 2885
127 2770 2886
594 814 2887
3143 617 2888
1510 1906 2889
1613 1189 2890
675 2342 2891
1777 1791 2892
45 672 2893
652 2735 2894
981 1752 2895
2376 795 2896
2791 2534 2897
3263 1792 2898
1058 1481 2899
2896 1229 2900
2614 2565 2901
364 877 2902
462 2169 2903
2401 2073 2904
1824 1381 2905
426 2428 2906
1843 2566 2907
1875 1426 2908
1165 1383 2909
2946 499 2910
3281 133 2911
303 2813 2912
74 1149 2913
2976 2692 2914
1745 507 2915
2282 1066 2916
1390 3229 2917
568 2873 2918
695 656 2919
1293 382 2920
2698 2129 2921
810 575 2922
2589 2316 2923
742 2143 2924
2627 2632 2925
3038 2898 2926
1617 1925 2927
2917 764 2928
1334 1343 2929
1795 1163 2930
2842 165 2931
1331 2932 2932
1444 965 2933
1183 83 2934
202 3381 2935
1163 2477 2936
771 2486 2937
682 734 2938
2037 1912 2939
2464 299 2940
214 3080 2941
1272 3330 2942
307 1019 2943
1461 194 2944
1572 2714 2945
2987 470 2946
260 1820 2947
2029 2802 2948
2869 1522 2949
696 2265 2950
2220 107 2951
2203 3319 2952
1265 1611 2953
2952 1977 2954
2223 1874 2955
113 3027 2956
377 2804 2957
2285 878 2958
2369 223 2959
2392 2212 2960
2114 1762 2961
325 3161 2962
1178 2132 2963
1489 1144 2964
3264 2801 2965
322 3255 2966
1550 12 2967
283 3245 2968
914 2091 2969
2182 760 2970
2791 2602 2971
2628 2483 2972
402 3032 2973
1852 2131 2974
3097 2270 2975
161 1550 2976
918 2217 2977
315 3188 2978
3280 2323 2979
1072 1304 2980
1292 1854 2981
3217 769 2982
1279 91 2983
526 2940 2984
2143 2989 2985
1558 543 2986
1580 1565 2987
151 34 2988
2492 395 2989
642 1079 2990
1735 2105 2991
2182 579 2992
613 2102 2993
2419 1410 2994
2820 3035 2995
3241 1254 2996
290 427 2997
3084 869 2998
2106 2600 2999
2081 2001 3000
164 123 3001
3253 2264 3002
1368 3047 3003
1844 453 3004
2296 2353 3005
1992 2580 3006
875 1674 3007
523 392 3008
1653 2393 3009
1902 613 3010
3365 966 3011
2810 767 3012
1772 2916 3013
3190 112 3014
523 3147 3015
3205 399 3016
405 1884 3017
169 1700 3018
2348 1997 3019
16 1941 3020
729 3190 3021
1506 1493 3022
1067 1723 3023
1018 1281 3024
2171 981 3025
264 1143 3026
878 1111 3027
114 514 3028
2807 2293 3029
2213 2949 3030
2277 1518 3031
2925 737 3032
3054 2367 3033
1440 1644 3034
409 1020 3035
2004 2037 3036
3048 2115 3037
2264 2773 3038
1804 3173 3039
3274 1936 3040
1999 997 3041
127 1495 3042
60 2314 3043
745 2925 3044
1042 3178 3045
1949 2914 3046
415 2063 3047
3278 864 3048
3386 314 3049
337 2847 3050
583 2446 3051
1018 915 3052
2946 3068 3053
2027 2076 3054
2384 1117 3055
2219 2826 3056
3201 3186 3057
2490 848 3058
2780 278 3059
2855 992 3060
810 2048 3061
101 7 3062
309 446 3063
1345 3299 3064
834 3130 3065
938 2504 3066
1051 2908 3067
3220 572 3068
369 2612 3069
3289 2016 3070
136 197 3071
1301 758 3072
1578 1767 3073
2596 460 3074
1079 135 3075
200 2541 3076
60 2993 3077
3158 1089 3078
1777 390 3079
3298 270 3080
3164 1146 3081
30 2966 3082
1932 3398 3083
363 1783 3084
2249 2360 3085
1711 58 3086
589 1707 3087
1744 2962 3088
1144 87 3089
2454 3282 3090
729 2882 3091
1402 1164 3092
1991 1981 3093
1711 3336 3094
1949 2116 3095
895 56 3096
2206 823 3097
2555 2296 3098
3007 3043 3099
2106 391 3100
422 2637 3101
116 1406 3102
2301 2295 3103
2410 2779 3104
3127 1158 3105
414 749 3106
635 1023 3107
2441 1142 3108
2129 210 3109
1527 340 3110
2770 2738 3111
737 2606 3112
153 2400 3113
1134 1534 3114
1513 364 3115
1902 1574 3116
2275 3216 3117
969 1916 3118
1232 1734 3119
1840 2995 3120
2752 1732 3121
2637 2633 3122
1932 516 3123
2887 2495 3124
655 1739 3125
1687 1247 3126
525 249 3127
1978 811 3128
128 525 3129
838 2097 3130
110 822 3131
2475 1496 3132
2452 1456 3133
2631 1572 3134
703 1168 3135
616 2111 3136
2325 3111 3137
2111 692 3138
842 1794 3139
329 2248 3140
2000 383 3141
718 2277 3142
1011 729 3143
2474 940 3144
2092 1629 3145
1896 2796 3146
2242 2288 3147
1748 2317 3148
1350 1587 3149
2311 3143 3150
2982 248 3151
2640 1511 3152
264 1016 3153
3271 1989 3154
340 1891 3155
2454 2164 3156
2820 1404 3157
722 2117 3158
307 694 3159
782 2392 3160
2855 743 3161
974 93 3162
212 3320 3163
1609 1159 3164
118 2953 3165
960 1577 3166
873 1099 3167
1970 2620 3168
2502 597 3169
2956 1724 3170
280 366 3171
2285 2044 3172
2985 1969 3173
1072 2910 3174
1046 2007 3175
510 1298 3176
2813 1001 3177
3390 2173 3178
578 398 3179
447 3311 3180
2448 1839 3181
2149 1009 3182
3253 2593 3183
1656 2389 3184
992 2136 3185
2660 1346 3186
704 339 3187
3268 1770 3188
2392 3094 3189
462 1656 3190
1469 587 3191
566 1846 3192
2194 3261 3193
2247 1745 3194
834 934 3195
2935 1353 3196
2525 1266 3197
2764 510 3198
1278 1960 3199
3207 1888 3200
1610 975 3201
2110 1628 3202
3182 1373 3203
1540 70 3204
3334 3187 3205
3267 2822 3206
2354 2540 3207
2140 2359 3208
1899 3389 3209
3250 218 3210
2209 2837 3211
679 2846 3212
1369 918 3213
2158 2221 3214
1259 1243 3215
1415 3015 3216
1717 2054 3217
3383 384 3218
2039 1754 3219
631 939 3220
2068 2553 3221
538 2300 3222
1474 1112 3223
1734 634 3224
2644 2656 3225
1526 2539 3226
3134 1782 3227
1875 1279 3228
3335 2604 3229
832 2260 3230
404 174 3231
2057 2047 3232
2994 17 3233
3014 2257 3234
3130 3348 3235
2041 1973 3236
539 2237 3237
2422 221 3238
580 1627 3239
2062 2224 3240
287 541 3241
3244 254 3242
1105 1317 3243
3241 696 3244
1930 669 3245
2925 2146 3246
1484 699 3247
3108 2903 3248
108 2078 3249
1918 2817 3250
848 3321 3251
3223 80 3252
2721 2585 3253
711 352 3254
2297 3356 3255
3157 3026 3256
2732 1222 3257
407 2944 3258
777 66 3259
2234 926 3260
1947 2166 3261
1410 44 3262
375 1349 3263
426 3350 3264
3188 363 3265
2356 2984 3266
1538 1175 3267
2580 1097 3268
2723 1190 3269
842 2900 3270
1184 3021 3271
3152 1914 3272
2804 2107 3273
3160 3016 3274
1794 1070 3275
88 2891 3276
2566 825 3277
181 1106 3278
2181 1037 3279
682 952 3280
1699 77 3281
1031 1133 3282
1504 3142 3283
620 2766 3284
1267 664 3285
348 657 3286
1274 1840 3287
2693 1962 3288
98 1818 3289
322 2510 3290
28 2500 3291
288 1555 3292
2752 703 3293
3188 1157 3294
695 538 3295
727 407 3296
328 2947 3297
3397 2071 3298
2344 27 3299
835 2357 3300
1604 3176 3301
953 308 3302
2606 3064 3303
2770 346 3304
1626 2722 3305
2975 2137 3306
1215 809 3307
1635 1552 3308
1988 1283 3309
420 1641 3310
1082 1329 3311
1672 1287 3312
587 676 3313
227 1730 3314
799 756 3315
643 1402 3316
2488 1226 3317
1371 243 3318
1966 898 3319
1640 2155 3320
3114 2513 3321
706 1101 3322
1875 1921 3323
2855 1184 3324
3108 1473 3325
3037 2478 3326
745 2999 3327
1232 594 3328
901 509 3329
1073 3250 3330
285 573 3331
1355 793 3332
227 52 3333
3021 2294 3334
1144 2382 3335
2664 610 3336
594 1852 3337
1316 2809 3338
1115 447 3339
2505 1181 3340
2893 57 3341
2992 1647 3342
278 1463 3343
2599 1129 3344
2935 1698 3345
1727 3277 3346
2694 2457 3347
2864 2397 3348
1952 1382 3349
3037 985 3350
633 2752 3351
826 2983 3352
1990 2482 3353
3054 1429 3354
2746 3275 3355
2036 2493 3356
1852 1090 3357
724 798 3358
3201 3280 3359
463 2320 3360
2041 1082 3361
1402 3387 3362
1743 2869 3363
1328 2332 3364
1869 677 3365
3208 1013 3366
490 337 3367
2379 1274 3368
1307 2764 3369
3027 615 3370
2187 2254 3371
3221 1351 3372
832 28 3373
573 1937 3374
595 630 3375
2820 3286 3376
1755 173 3377
181 2906 3378
835 2913 3379
2371 2171 3380
377 1727 3381
1760 403 3382
2013 1789 3383
2644 2567 3384
634 63 3385
2460 2135 3386
3397 3314 3387
2157 3129 3388
3114 1540 3389
1746 2951 3390
369 532 3391
418 1428 3392
1513 564 3393
3111 1880 3394
306 170 3395
109 3132 3396
2770 2719 3397
3192 1821 3398
3334 1398 3399
725 1953 3400
