2000 2000 2000
1855 1813 1
1584 215 2
715 882 3
22 1207 4
1551 578 5
1064 1738 6
1342 715 7
1838 1468 8
1577 773 9
839 1705 10
91 1140 11
658 416 12
175 699 13
234 251 14
795 1457 15
1110 1393 16
59 728 17
60 1572 18
1033 851 19
1435 1583 20
271 1849 21
1793 1519 22
791 1694 23
1143 1742 24
1790 1061 25
1716 1105 26
18 1167 27
1333 538 28
290 1246 29
1960 644 30
481 949 31
1378 1334 32
1305 1465 33
571 1951 34
15 375 35
1627 761 36
1851 326 37
519 1927 38
148 1567 39
690 664 40
255 1224 41
89 282 42
516 1328 43
1067 1665 44
507 585 45
1943 508 46
273 1503 47
1440 967 48
567 1436 49
1125 958 50
1976 16 51
1309 1189 52
1745 1568 53
723 493 54
882 1586 55
1514 1593 56
1717 741 57
471 795 58
223 1297 59
791 157 60
1243 132 61
1494 1333 62
26 1011 63
1969 485 64
1974 685 65
725 1937 66
66 1507 67
471 1083 68
432 845 69
661 1087 70
1660 1799 71
1331 903 72
1606 1046 73
1407 1380 74
1155 1314 75
1415 916 76
1642 23 77
1022 1446 78
1334 1069 79
402 1130 80
781 1072 81
237 703 82
98 1174 83
292 826 84
780 250 85
1902 1442 86
1235 598 87
1311 1770 88
799 1881 89
337 1589 90
6 422 91
199 1308 92
866 1784 93
1750 979 94
646 402 95
386 168 96
795 191 97
845 859 98
727 345 99
1457 14 100
1043 1549 101
199 245 102
599 1660 103
10 166 104
1112 720 105
713 1564 106
915 89 107
1680 387 108
1234 1335 109
545 1401 110
1929 803 111
1064 553 112
169 306 113
1041 594 114
1474 1720 115
132 78 116
688 1996 117
1457 1977 118
380 757 119
356 798 120
720 1979 121
833 376 122
1800 1777 123
895 264 124
866 835 125
1210 1435 126
591 407 127
1629 220 128
1642 1418 129
1156 1801 130
1453 750 131
12 1524 132
1349 838 133
1706 354 134
1864 1163 135
971 1049 136
1317 1550 137
883 1829 138
1708 898 139
1460 693 140
688 401 141
1585 1739 142
719 690 143
605 1377 144
995 226 145
1868 1515 146
556 1553 147
147 179 148
1775 41 149
1448 1006 150
1539 605 151
1259 1909 152
219 960 153
931 790 154
1679 329 155
949 90 156
1143 1450 157
73 130 158
1019 1942 159
1216 1080 160
1293 115 161
781 1506 162
944 1373 163
1633 1653 164
1793 1649 165
626 1266 166
74 556 167
850 804 168
1355 224 169
1326 1363 170
98 910 171
863 1313 172
1627 684 173
1619 629 174
1869 1133 175
491 1513 176
1041 820 177
1458 857 178
1800 1210 179
618 1020 180
280 984 181
1387 1522 182
553 503 183
1725 43 184
309 985 185
751 576 186
550 1218 187
1880 1488 188
1493 1343 189
888 26 190
1455 222 191
1774 67 192
113 1272 193
959 746 194
1354 211 195
1256 1124 196
269 1718 197
810 582 198
931 1719 199
277 1672 200
1573 1539 201
219 1183 202
1293 1349 203
754 1508 204
738 248 205
443 134 206
357 1491 207
1852 27 208
1536 1024 209
959 50 210
611 1991 211
1926 978 212
811 284 213
1502 1785 214
861 1607 215
121 1115 216
1629 1961 217
1203 1073 218
169 194 219
1639 197 220
840 1952 221
877 709 222
1817 597 223
1541 1628 224
783 1432 225
282 1948 226
1139 1646 227
715 691 228
831 1509 229
540 1930 230
1563 884 231
1460 633 232
1585 33 233
852 512 234
1633 1462 235
1348 261 236
1750 1514 237
756 1858 238
1006 1176 239
730 1934 240
1192 201 241
1349 1497 242
208 392 243
577 923 244
1927 1647 245
1183 918 246
1775 998 247
435 872 248
1427 1587 249
738 1876 250
1029 1332 251
130 1616 252
999 427 253
339 244 254
1855 805 255
975 317 256
1916 30 257
419 1872 258
90 1992 259
1519 399 260
389 1482 261
860 230 262
249 1487 263
16 1317 264
1203 1701 265
891 858 266
585 491 267
712 643 268
344 1828 269
1107 48 270
1490 209 271
527 441 272
152 895 273
290 616 274
1840 1737 275
33 4 276
1817 75 277
736 1760 278
195 640 279
1624 1638 280
1803 900 281
1110 1837 282
634 729 283
1868 1175 284
1043 1716 285
1797 1092 286
1826 1619 287
1617 1196 288
1341 1944 289
1800 1577 290
25 1751 291
1360 1212 292
908 172 293
804 886 294
1556 905 295
1614 1874 296
1963 1118 297
1514 1870 298
194 1752 299
941 813 300
1259 1100 301
1885 112 302
1095 769 303
847 1361 304
496 296 305
1085 824 306
625 390 307
930 1320 308
20 38 309
1648 815 310
1010 602 311
557 869 312
276 1445 313
1875 1838 314
1417 1150 315
1199 1394 316
452 297 317
331 1185 318
1265 812 319
616 1673 320
1199 1585 321
1437 738 322
1349 1344 323
1600 763 324
1064 999 325
1067 1321 326
1267 1659 327
841 994 328
1670 1250 329
499 897 330
695 580 331
1020 635 332
696 982 333
412 1892 334
461 1444 335
988 267 336
443 1404 337
1007 431 338
1266 1817 339
126 100 340
1220 444 341
392 129 342
517 1306 343
1258 125 344
1033 1298 345
539 1368 346
289 1365 347
1653 1805 348
1646 1351 349
1317 518 350
1753 386 351
882 581 352
648 466 353
299 657 354
1098 1222 355
1942 1896 356
313 873 357
409 935 358
831 977 359
950 1933 360
877 1862 361
1442 1409 362
1889 498 363
182 1544 364
47 1215 365
1796 1386 366
843 1629 367
1680 894 368
402 371 369
1095 136 370
1397 524 371
115 1437 372
674 697 373
1967 1919 374
994 117 375
1384 1794 376
16 478 377
890 772 378
1767 1949 379
1429 1632 380
794 190 381
941 46 382
1521 1153 383
545 116 384
794 344 385
1774 372 386
1794 1986 387
591 683 388
74 1348 389
1231 342 390
1266 1935 391
428 1301 392
1201 1251 393
1874 1613 394
319 1990 395
841 1973 396
1174 1807 397
1064 1812 398
1606 1790 399
497 766 400
1231 432 401
1812 671 402
1975 1662 403
1019 1711 404
1186 1537 405
1999 1844 406
1219 892 407
639 121 408
795 1274 409
1014 1038 410
567 1325 411
1628 425 412
1237 646 413
696 1407 414
859 70 415
612 487 416
1996 659 417
791 688 418
1788 1905 419
69 3 420
758 1985 421
1103 1803 422
846 1068 423
1590 359 424
1378 1262 425
1210 139 426
1303 1757 427
1187 810 428
1700 529 429
15 200 430
1797 1007 431
842 740 432
913 1728 433
1503 637 434
655 1400 435
1143 291 436
1742 943 437
229 1576 438
1937 650 439
909 1162 440
553 161 441
1256 610 442
1718 997 443
1520 437 444
717 333 445
764 22 446
765 776 447
1966 537 448
839 360 449
181 1648 450
1585 1617 451
1942 1182 452
176 603 453
192 396 454
204 114 455
1880 408 456
1595 1200 457
915 991 458
1099 11 459
1187 941 460
1303 133 461
192 175 462
430 1640 463
887 1145 464
323 1283 465
60 1299 466
1000 874 467
1271 281 468
655 1877 469
362 145 470
1195 1657 471
618 1555 472
1003 475 473
1001 1946 474
470 1502 475
1450 1842 476
785 1037 477
1874 1976 478
411 843 479
1489 1490 480
1611 969 481
1635 1936 482
846 588 483
1048 1486 484
1227 162 485
844 536 486
375 1447 487
140 451 488
471 993 489
1243 1199 490
1790 667 491
1164 1057 492
411 1610 493
938 866 494
1793 552 495
614 1888 496
1030 1633 497
998 338 498
869 1531 499
868 307 500
802 987 501
1140 1726 502
2 1759 503
419 124 504
89 1382 505
984 680 506
1628 1832 507
1764 473 508
695 1761 509
1458 555 510
1439 841 511
1517 957 512
1659 1154 513
1112 1208 514
585 1932 515
525 1451 516
471 1029 517
241 381 518
259 1727 519
106 662 520
597 837 521
71 1533 522
723 965 523
952 1255 524
1045 213 525
491 9 526
1541 373 527
1199 1223 528
268 1655 529
1915 904 530
1656 184 531
1767 1307 532
422 954 533
1045 1134 534
1641 449 535
523 1336 536
6 587 537
452 517 538
1595 962 539
1026 2000 540
597 1303 541
1030 479 542
498 743 543
1767 1152 544
1797 505 545
1193 1374 546
641 42 547
1009 1287 548
1412 1485 549
1020 332 550
1043 1062 551
750 604 552
1379 1964 553
1258 1190 554
1933 510 555
1864 981 556
1943 1483 557
1717 883 558
1777 1141 559
841 950 560
1014 990 561
1065 899 562
1193 163 563
866 1310 564
1621 964 565
1855 1093 566
1624 863 567
174 400 568
693 1584 569
976 119 570
569 833 571
1670 86 572
1797 1887 573
194 822 574
1308 12 575
845 1809 576
931 1177 577
1160 1709 578
994 1112 579
529 1411 580
1850 1372 581
1854 154 582
1199 702 583
846 1391 584
197 31 585
324 1395 586
843 1529 587
791 1681 588
1210 756 589
1107 1456 590
618 447 591
1439 1835 592
791 1086 593
665 1192 594
700 1645 595
1155 819 596
197 1556 597
197 421 598
1142 679 599
1819 476 600
817 1609 601
1935 1879 602
148 1075 603
691 19 604
1084 714 605
645 1678 606
967 1027 607
1853 1311 608
505 1234 609
1744 586 610
24 1841 611
348 1925 612
1456 926 613
1469 238 614
375 1076 615
1819 1912 616
779 1530 617
108 879 618
53 1987 619
1767 901 620
1377 1741 621
1340 1566 622
1614 1245 623
698 1220 624
282 36 625
282 308 626
1298 853 627
279 57 628
352 656 629
1673 39 630
1147 1714 631
246 1496 632
657 55 633
147 1422 634
507 620 635
384 1040 636
779 1267 637
1042 54 638
944 1195 639
1444 1811 640
1788 1598 641
840 1378 642
169 1789 643
197 404 644
1897 1260 645
1363 530 646
717 1289 647
273 1264 648
1270 628 649
1669 666 650
4 1773 651
706 704 652
523 1968 653
271 1886 654
747 301 655
8 1323 656
779 953 657
578 1015 658
1334 385 659
326 1259 660
742 434 661
10 1894 662
779 212 663
1760 242 664
720 1621 665
895 902 666
1698 188 667
1999 1282 668
915 870 669
1584 99 670
813 1684 671
1924 1337 672
1771 34 673
1586 706 674
1349 501 675
663 1459 676
866 521 677
951 1322 678
292 1827 679
1667 787 680
723 1067 681
1429 992 682
1493 996 683
1312 925 684
1192 1762 685
344 395 686
1668 959 687
1647 1419 688
882 1823 689
548 255 690
181 1139 691
1099 1606 692
527 1958 693
1617 123 694
1648 363 695
251 1831 696
1095 1901 697
1249 414 698
1031 1161 699
1382 71 700
449 1833 701
1872 855 702
591 1194 703
369 1016 704
1092 410 705
667 862 706
907 257 707
915 60 708
1839 58 709
977 69 710
1025 397 711
1657 1634 712
782 861 713
521 1882 714
1903 1157 715
191 1708 716
762 204 717
258 778 718
1879 118 719
1344 1721 720
96 1526 721
1266 504 722
1817 519 723
1854 816 724
1750 1723 725
470 682 726
1144 1954 727
471 1910 728
1919 749 729
250 639 730
1152 825 731
398 88 732
1725 228 733
845 1963 734
1701 295 735
799 608 736
60 1089 737
1242 450 738
1752 1664 739
774 1608 740
1152 1765 741
1285 881 742
713 1231 743
1233 1984 744
412 762 745
1767 53 746
424 1203 747
1390 1421 748
1367 570 749
1429 913 750
337 871 751
881 696 752
450 1518 753
1936 595 754
19 1683 755
684 323 756
282 946 757
811 1766 758
1267 1366 759
34 1920 760
665 378 761
828 367 762
802 1169 763
1689 1433 764
61 1875 765
1122 689 766
501 63 767
1374 1597 768
943 932 769
294 1893 770
32 1070 771
1633 1453 772
1519 1929 773
1670 1698 774
390 596 775
571 705 776
1238 1213 777
1611 1168 778
1359 1915 779
1020 1244 780
282 1429 781
507 1018 782
807 1205 783
158 170 784
1482 464 785
320 158 786
952 249 787
623 655 788
968 782 789
514 1899 790
1864 135 791
1585 417 792
143 542 793
374 1620 794
1470 1230 795
1865 240 796
480 568 797
1243 1270 798
845 966 799
1216 1543 800
994 785 801
1033 247 802
1191 792 803
1070 856 804
1617 428 805
370 930 806
1317 842 807
293 919 808
498 105 809
304 1668 810
1427 237 811
646 1538 812
1064 1764 813
1112 654 814
1949 350 815
164 1228 816
201 322 817
761 1574 818
1943 1834 819
1949 470 820
11 453 821
330 1414 822
1771 1880 823
716 1300 824
1832 891 825
1266 784 826
1648 972 827
972 533 828
561 1782 829
621 1149 830
143 961 831
706 658 832
169 1769 833
696 1917 834
935 1743 835
1199 1187 836
326 207 837
1450 1730 838
799 96 839
909 1520 840
293 1865 841
789 1685 842
321 1570 843
1844 279 844
4 771 845
1008 788 846
1779 1557 847
1440 1707 848
1379 614 849
1110 836 850
1084 565 851
219 1810 852
475 1501 853
317 973 854
8 522 855
1045 384 856
365 535 857
1716 617 858
1391 463 859
502 1682 860
599 1878 861
449 1426 862
137 764 863
550 276 864
672 563 865
1687 1734 866
480 495 867
1892 668 868
1021 94 869
1042 316 870
1274 143 871
939 492 872
1954 722 873
1199 1689 874
869 223 875
1745 1104 876
365 180 877
21 1686 878
194 1850 879
1464 335 880
269 1867 881
557 1959 882
471 1625 883
1932 1993 884
1049 652 885
1187 1248 886
528 739 887
703 189 888
1923 1466 889
474 1227 890
453 138 891
1122 388 892
461 1551 893
498 1749 894
417 1101 895
1777 1256 896
1275 647 897
1943 465 898
720 1159 899
1903 1477 900
10 1095 901
1842 368 902
1093 81 903
1186 574 904
205 1495 905
1949 723 906
1342 283 907
1342 1753 908
1310 1643 909
1536 146 910
1273 302 911
618 1786 912
1557 383 913
1796 1505 914
59 760 915
1961 906 916
1099 713 917
1972 1388 918
728 305 919
412 846 920
990 76 921
1294 940 922
61 256 923
1889 799 924
1614 280 925
1621 174 926
1456 1591 927
789 171 928
1430 911 929
470 599 930
1326 1571 931
994 502 932
1709 725 933
858 1144 934
1107 1387 935
1497 482 936
1779 854 937
971 113 938
401 1642 939
1374 800 940
1852 205 941
1537 889 942
1595 569 943
1190 1970 944
686 1744 945
1270 1658 946
315 1172 947
1658 1554 948
1039 1724 949
1067 1890 950
701 1326 951
1922 1995 952
988 266 953
476 137 954
1585 269 955
1835 920 956
1949 540 957
205 1367 958
27 461 959
1817 1347 960
380 241 961
964 1158 962
439 1211 963
372 97 964
26 645 965
90 1854 966
12 527 967
1819 613 968
411 1001 969
1336 1884 970
939 880 971
53 1674 972
1534 1408 973
626 1800 974
1095 674 975
1584 673 976
703 403 977
593 1438 978
1843 948 979
684 698 980
1536 1331 981
781 1198 982
1366 1434 983
781 546 984
1996 754 985
886 110 986
1298 1043 987
1939 393 988
1312 1063 989
1519 151 990
575 1474 991
1160 1473 992
62 852 993
1258 496 994
1803 457 995
780 389 996
483 718 997
1043 1295 998
439 1290 999
1777 278 1000
1245 1258 1001
1672 1209 1002
1237 330 1003
1427 1097 1004
626 1767 1005
1587 1510 1006
810 1663 1007
507 1847 1008
1243 430 1009
1473 955 1010
1433 1054 1011
523 896 1012
412 1023 1013
1763 1891 1014
804 543 1015
43 1962 1016
880 1012 1017
974 660 1018
1238 1706 1019
966 865 1020
106 1353 1021
409 243 1022
1310 412 1023
1348 1017 1024
1489 887 1025
649 624 1026
139 183 1027
1920 1626 1028
1377 153 1029
1708 735 1030
319 35 1031
1064 1147 1032
1867 1184 1033
1572 796 1034
1832 382 1035
471 1792 1036
1230 1254 1037
1610 1148 1038
1819 593 1039
1281 1120 1040
161 1304 1041
277 1534 1042
720 1316 1043
1961 1695 1044
1180 232 1045
1777 609 1046
249 1489 1047
1234 1479 1048
1974 1423 1049
1765 101 1050
1328 767 1051
1119 1330 1052
1544 661 1053
194 1370 1054
1505 1136 1055
375 942 1056
183 1521 1057
337 1494 1058
169 147 1059
1010 108 1060
412 840 1061
169 1821 1062
307 1980 1063
907 176 1064
476 1857 1065
245 1285 1066
588 742 1067
1366 752 1068
1977 566 1069
1010 986 1070
1495 1111 1071
10 648 1072
1763 481 1073
143 1242 1074
1958 102 1075
841 361 1076
366 601 1077
1070 1077 1078
635 1552 1079
1199 173 1080
1141 337 1081
1210 1460 1082
104 1286 1083
470 755 1084
1913 347 1085
433 559 1086
33 748 1087
1773 40 1088
199 1107 1089
27 1449 1090
554 1696 1091
1206 1943 1092
1379 1795 1093
629 1747 1094
1850 234 1095
803 983 1096
282 1722 1097
195 1253 1098
217 1746 1099
849 727 1100
98 1855 1101
409 700 1102
1752 178 1103
1267 199 1104
1627 290 1105
252 2 1106
1935 467 1107
686 1058 1108
1681 1791 1109
182 1362 1110
945 5 1111
795 1558 1112
1390 534 1113
541 1340 1114
1084 303 1115
1020 789 1116
1305 1928 1117
1349 888 1118
1678 832 1119
1614 618 1120
1451 312 1121
290 68 1122
195 181 1123
1474 193 1124
1606 460 1125
622 263 1126
161 1953 1127
1474 638 1128
412 1354 1129
82 1873 1130
1548 198 1131
1100 1005 1132
667 219 1133
827 807 1134
866 1852 1135
1266 1464 1136
1949 844 1137
179 592 1138
1777 1431 1139
1981 1950 1140
1220 313 1141
1119 717 1142
1263 1381 1143
920 1848 1144
1600 15 1145
543 921 1146
905 1121 1147
1821 159 1148
1669 1021 1149
92 1904 1150
988 1284 1151
10 1232 1152
502 1750 1153
846 1084 1154
380 1106 1155
755 310 1156
1769 909 1157
1427 340 1158
1927 483 1159
1725 1309 1160
1815 1601 1161
517 1700 1162
191 468 1163
289 186 1164
352 1052 1165
1846 494 1166
1887 1735 1167
1152 471 1168
444 1926 1169
1861 712 1170
990 1604 1171
473 380 1172
965 370 1173
1339 912 1174
333 1350 1175
713 1448 1176
1976 131 1177
1477 665 1178
1629 928 1179
254 623 1180
688 1430 1181
1600 1371 1182
1498 572 1183
1316 768 1184
59 1885 1185
882 1004 1186
949 649 1187
1467 1055 1188
915 438 1189
1300 1014 1190
1266 1243 1191
323 24 1192
1036 1078 1193
589 167 1194
1532 779 1195
325 25 1196
959 606 1197
1823 922 1198
738 1402 1199
452 849 1200
1217 1355 1201
1543 1825 1202
623 1859 1203
1291 562 1204
237 405 1205
784 806 1206
306 1385 1207
778 1454 1208
1192 442 1209
334 1895 1210
1614 686 1211
1814 286 1212
1852 195 1213
471 1170 1214
1730 185 1215
378 1498 1216
169 868 1217
1502 1818 1218
822 1715 1219
890 1236 1220
1206 1427 1221
428 84 1222
1505 120 1223
1150 823 1224
1763 507 1225
43 1830 1226
1144 1142 1227
1800 938 1228
1951 1171 1229
527 1921 1230
1602 1268 1231
1089 971 1232
130 32 1233
1222 239 1234
208 1146 1235
148 459 1236
1571 1599 1237
1918 1802 1238
260 615 1239
314 675 1240
677 45 1241
767 1275 1242
160 1151 1243
563 1940 1244
801 341 1245
1057 607 1246
1668 631 1247
527 1871 1248
1807 489 1249
1210 1797 1250
1906 445 1251
1976 1312 1252
104 1611 1253
26 1338 1254
996 1758 1255
910 1302 1256
1767 551 1257
73 523 1258
1154 1966 1259
1226 1031 1260
593 1413 1261
432 1452 1262
1199 273 1263
1624 516 1264
690 1470 1265
328 1779 1266
1322 1590 1267
1752 1725 1268
545 369 1269
1746 830 1270
728 848 1271
1245 1763 1272
1854 611 1273
1189 77 1274
1774 956 1275
8 271 1276
544 229 1277
928 1982 1278
781 1600 1279
519 1010 1280
808 17 1281
698 155 1282
1342 547 1283
264 621 1284
74 890 1285
1119 424 1286
881 653 1287
1434 821 1288
181 1 1289
364 65 1290
1679 254 1291
840 82 1292
1119 246 1293
748 1679 1294
348 1922 1295
501 150 1296
905 937 1297
398 1257 1298
1093 1512 1299
1147 1754 1300
1854 1219 1301
1764 182 1302
597 944 1303
411 235 1304
1712 1056 1305
1131 878 1306
1993 128 1307
426 298 1308
392 1804 1309
685 1994 1310
1868 6 1311
517 672 1312
665 1493 1313
1767 1249 1314
1218 934 1315
1221 929 1316
1633 1637 1317
1269 908 1318
1634 947 1319
1625 218 1320
626 1252 1321
648 1703 1322
1478 433 1323
1595 1796 1324
337 1713 1325
1237 1090 1326
430 1819 1327
155 1000 1328
1665 1166 1329
118 1472 1330
866 148 1331
245 1768 1332
825 1103 1333
245 1383 1334
1232 1292 1335
73 225 1336
1766 1059 1337
1307 413 1338
1235 7 1339
1738 1540 1340
1304 409 1341
944 44 1342
1357 1202 1343
1857 731 1344
1536 1417 1345
1141 74 1346
1464 1974 1347
1235 1226 1348
601 1364 1349
1235 775 1350
714 339 1351
1292 1443 1352
1982 970 1353
33 1480 1354
1627 651 1355
1786 1546 1356
597 1771 1357
780 811 1358
470 952 1359
1800 783 1360
649 324 1361
1064 1143 1362
1206 532 1363
762 1793 1364
16 1547 1365
1143 847 1366
1382 477 1367
237 1997 1368
1906 676 1369
816 314 1370
1888 829 1371
1606 289 1372
1286 275 1373
1061 1360 1374
1069 1712 1375
1199 1233 1376
838 349 1377
135 974 1378
850 1745 1379
802 1352 1380
626 1463 1381
1544 1137 1382
646 774 1383
1963 751 1384
470 1476 1385
1632 797 1386
827 8 1387
1800 677 1388
1581 1240 1389
1821 357 1390
1464 515 1391
984 1783 1392
575 745 1393
1949 73 1394
1369 1972 1395
1825 801 1396
1966 355 1397
1606 1384 1398
390 497 1399
15 1687 1400
646 1475 1401
759 744 1402
60 500 1403
1962 221 1404
207 1732 1405
710 724 1406
304 528 1407
1233 304 1408
104 293 1409
1265 1669 1410
476 358 1411
195 1814 1412
1210 169 1413
1636 429 1414
575 1853 1415
1425 321 1416
1421 455 1417
1145 1654 1418
1817 1511 1419
1499 885 1420
1800 1903 1421
1973 571 1422
1798 1680 1423
1800 1541 1424
1660 126 1425
1694 506 1426
1939 107 1427
16 334 1428
1634 177 1429
993 1843 1430
246 564 1431
702 1971 1432
1880 458 1433
1878 1318 1434
1044 1420 1435
130 37 1436
204 989 1437
805 1002 1438
1349 1918 1439
1195 1044 1440
1311 262 1441
1440 1238 1442
717 1826 1443
319 1824 1444
282 144 1445
1589 939 1446
1011 1969 1447
212 1492 1448
380 625 1449
738 1729 1450
1406 1379 1451
1294 632 1452
670 1197 1453
938 1461 1454
1206 1845 1455
927 1403 1456
503 1216 1457
1595 951 1458
430 1345 1459
1229 374 1460
1133 1781 1461
1058 765 1462
1266 260 1463
1660 1156 1464
1050 18 1465
741 1839 1466
1962 663 1467
569 1960 1468
304 860 1469
879 1221 1470
245 1846 1471
163 217 1472
408 726 1473
627 1241 1474
767 1079 1475
98 315 1476
1928 480 1477
1235 1188 1478
1477 511 1479
1722 1390 1480
1174 1532 1481
1836 462 1482
1984 1898 1483
992 1667 1484
1479 83 1485
1298 206 1486
833 122 1487
1234 92 1488
954 1279 1489
293 579 1490
364 325 1491
850 1389 1492
60 1471 1493
1199 1624 1494
1418 1787 1495
966 435 1496
1266 716 1497
1481 734 1498
1051 600 1499
913 793 1500
783 1131 1501
1427 20 1502
1284 1923 1503
1974 208 1504
1003 1677 1505
863 1636 1506
1639 1440 1507
1299 1425 1508
1152 1580 1509
1378 1406 1510
378 1676 1511
1008 1605 1512
507 111 1513
1102 1108 1514
156 1967 1515
907 216 1516
1880 1039 1517
1152 915 1518
1835 1109 1519
234 1181 1520
1300 1415 1521
582 1756 1522
1365 288 1523
4 362 1524
245 721 1525
1889 398 1526
1023 192 1527
925 1542 1528
182 252 1529
506 331 1530
1313 1204 1531
251 1428 1532
920 1191 1533
310 488 1534
19 21 1535
26 590 1536
640 365 1537
1398 47 1538
1310 1342 1539
386 1623 1540
1147 311 1541
1293 710 1542
988 839 1543
684 1269 1544
1737 1602 1545
1031 1424 1546
370 1358 1547
1190 759 1548
1642 1561 1549
330 1906 1550
1800 1614 1551
842 1656 1552
792 818 1553
1092 794 1554
1694 701 1555
1598 456 1556
316 1305 1557
1357 1173 1558
1141 641 1559
218 1671 1560
1577 436 1561
791 1265 1562
1371 93 1563
1029 202 1564
907 1113 1565
1629 272 1566
685 95 1567
1792 1504 1568
1657 52 1569
1751 1733 1570
1072 1263 1571
1880 1988 1572
1797 1160 1573
829 394 1574
244 1280 1575
944 406 1576
794 127 1577
26 391 1578
1632 1114 1579
888 808 1580
1464 452 1581
1311 1035 1582
197 1788 1583
484 1883 1584
795 1412 1585
98 539 1586
173 1129 1587
1996 544 1588
519 850 1589
25 1034 1590
1030 1945 1591
1800 1099 1592
1334 526 1593
352 420 1594
840 1398 1595
1051 1523 1596
244 1907 1597
661 1110 1598
1656 1225 1599
1041 864 1600
1687 737 1601
935 622 1602
807 1369 1603
1483 1082 1604
1789 1235 1605
1220 352 1606
1266 1595 1607
481 945 1608
1146 1913 1609
1233 1666 1610
1234 227 1611
1330 142 1612
781 1439 1613
1306 1036 1614
641 141 1615
1265 318 1616
691 1641 1617
1247 411 1618
1484 1127 1619
794 79 1620
1122 1047 1621
701 545 1622
76 1697 1623
1949 1484 1624
573 187 1625
395 1128 1626
709 1644 1627
18 1736 1628
1229 777 1629
435 1535 1630
476 531 1631
1069 692 1632
544 231 1633
1515 867 1634
1824 1074 1635
762 1071 1636
1777 927 1637
1088 612 1638
688 1009 1639
1779 87 1640
1489 995 1641
778 1615 1642
591 1866 1643
556 980 1644
1687 550 1645
1733 1126 1646
890 976 1647
1458 1273 1648
1854 1560 1649
799 541 1650
183 1296 1651
262 936 1652
1199 834 1653
927 274 1654
505 1592 1655
1963 328 1656
1300 1517 1657
1617 1261 1658
15 561 1659
1398 285 1660
199 140 1661
1298 1693 1662
328 1528 1663
994 1717 1664
1449 214 1665
745 61 1666
1863 1622 1667
254 1135 1668
40 29 1669
414 1815 1670
1439 1691 1671
1422 514 1672
1300 1033 1673
1738 1573 1674
323 1346 1675
905 1122 1676
123 1563 1677
670 1164 1678
1958 1294 1679
1249 1822 1680
1823 1026 1681
1323 520 1682
633 1652 1683
1143 1042 1684
114 103 1685
1469 513 1686
410 1217 1687
225 1569 1688
1193 299 1689
1543 1096 1690
1198 1053 1691
635 1699 1692
1430 1481 1693
927 817 1694
779 1028 1695
771 469 1696
4 91 1697
1143 1582 1698
85 828 1699
372 1916 1700
1489 963 1701
825 1179 1702
1707 472 1703
435 1778 1704
1738 931 1705
1339 49 1706
1147 1911 1707
824 1690 1708
306 1455 1709
1119 1399 1710
1797 366 1711
502 1527 1712
389 678 1713
523 670 1714
366 1780 1715
555 968 1716
553 1003 1717
331 1094 1718
1760 149 1719
793 1032 1720
1458 1627 1721
268 736 1722
316 1908 1723
1460 642 1724
1771 10 1725
1890 630 1726
108 85 1727
1581 1702 1728
45 1013 1729
1882 439 1730
1718 1324 1731
713 1247 1732
1947 1098 1733
1487 1117 1734
1708 560 1735
1954 933 1736
1193 1178 1737
27 1356 1738
89 426 1739
1199 1206 1740
287 589 1741
976 1239 1742
799 711 1743
1998 1941 1744
1216 423 1745
997 1081 1746
21 294 1747
888 72 1748
334 1957 1749
1935 98 1750
218 1755 1751
1266 549 1752
1317 474 1753
15 1989 1754
745 1048 1755
1008 1060 1756
1064 907 1757
1204 1376 1758
1793 1939 1759
181 1688 1760
1099 346 1761
73 156 1762
166 567 1763
1776 1165 1764
362 1661 1765
90 1965 1766
305 1132 1767
557 1065 1768
1562 1869 1769
130 1229 1770
287 1981 1771
1396 1410 1772
1243 1559 1773
781 584 1774
419 1396 1775
663 484 1776
1752 1692 1777
1001 1416 1778
713 106 1779
672 1319 1780
1336 1798 1781
976 975 1782
779 165 1783
60 786 1784
1050 627 1785
1070 1806 1786
802 109 1787
1797 732 1788
43 1864 1789
1382 1359 1790
1640 1019 1791
785 1914 1792
959 733 1793
269 1405 1794
569 557 1795
738 548 1796
1469 343 1797
1292 356 1798
1596 875 1799
991 1536 1800
4 1123 1801
71 1975 1802
1827 1025 1803
1515 1731 1804
245 1008 1805
1119 1889 1806
888 1186 1807
640 1030 1808
879 876 1809
745 419 1810
1525 454 1811
1477 1704 1812
252 1630 1813
1028 1565 1814
1835 1545 1815
1210 1631 1816
260 319 1817
1832 1596 1818
66 669 1819
1799 1277 1820
304 1947 1821
1724 440 1822
1112 802 1823
1672 809 1824
552 1603 1825
1112 258 1826
402 509 1827
554 64 1828
781 1670 1829
1000 1201 1830
1515 1327 1831
1246 1897 1832
173 1022 1833
1576 1618 1834
194 1155 1835
1383 1675 1836
1866 300 1837
1886 1278 1838
364 1588 1839
478 1998 1840
381 1441 1841
73 791 1842
1289 336 1843
1482 1863 1844
669 814 1845
944 780 1846
1270 1315 1847
1817 694 1848
1764 719 1849
1218 80 1850
194 265 1851
1855 1091 1852
1190 1836 1853
710 1102 1854
49 1710 1855
1606 554 1856
519 1138 1857
1689 1051 1858
380 1868 1859
649 164 1860
1152 253 1861
1706 1820 1862
1293 1088 1863
944 1214 1864
807 1392 1865
1873 1525 1866
234 1581 1867
1220 499 1868
308 1276 1869
618 1902 1870
1064 259 1871
1920 1900 1872
841 575 1873
1874 210 1874
1266 1041 1875
655 747 1876
843 1478 1877
1552 636 1878
53 758 1879
1155 730 1880
1615 558 1881
1869 1956 1882
741 320 1883
493 1516 1884
1488 1840 1885
924 1651 1886
1961 1931 1887
197 1548 1888
532 1774 1889
1286 1983 1890
335 893 1891
1961 1271 1892
1230 1375 1893
1613 1469 1894
608 1999 1895
75 270 1896
494 203 1897
1305 619 1898
947 1776 1899
118 377 1900
825 525 1901
834 446 1902
820 268 1903
1098 351 1904
626 1237 1905
1369 695 1906
639 1924 1907
1043 707 1908
1771 831 1909
517 1293 1910
1096 1500 1911
1652 13 1912
860 1650 1913
619 1066 1914
1574 753 1915
1245 577 1916
15 1329 1917
991 233 1918
597 1458 1919
244 236 1920
1099 1064 1921
1469 1116 1922
1846 1612 1923
584 1639 1924
975 1397 1925
1777 1579 1926
335 1193 1927
1952 353 1928
259 1816 1929
952 287 1930
483 1860 1931
1152 1119 1932
890 583 1933
355 681 1934
1532 1281 1935
1606 1357 1936
1988 573 1937
909 448 1938
589 327 1939
1234 1288 1940
648 160 1941
475 56 1942
1668 1978 1943
481 62 1944
1311 917 1945
698 591 1946
994 1050 1947
1373 379 1948
74 1291 1949
1258 277 1950
1639 988 1951
34 1635 1952
1706 1341 1953
1800 1562 1954
1258 364 1955
547 877 1956
690 770 1957
1048 827 1958
799 292 1959
1689 104 1960
1345 1499 1961
1062 708 1962
1157 687 1963
974 1955 1964
915 1467 1965
1189 1851 1966
1343 490 1967
1033 1180 1968
906 1085 1969
908 443 1970
764 1578 1971
871 1575 1972
481 59 1973
1800 781 1974
1232 1808 1975
553 1861 1976
960 1938 1977
1966 1856 1978
344 1125 1979
1359 486 1980
1523 914 1981
1143 1775 1982
1427 1045 1983
1625 415 1984
1513 634 1985
1384 887 1986
1133 418 1987
1926 1740 1988
843 28 1989
1189 1772 1990
1088 66 1991
381 924 1992
970 1748 1993
521 1594 1994
763 1339 1995
1929 309 1996
882 51 1997
245 196 1998
1870 152 1999
779 348 2000
