4100 4100 4100
3912 3922 1
3184 1769 2
2394 1039 3
3801 2451 4
1473 2629 5
918 12 6
3556 2606 7
1528 2648 8
2015 339 9
1969 702 10
4002 4091 11
2686 2442 12
910 1366 13
1278 1478 14
1734 2866 15
2216 2993 16
3446 2773 17
2483 3568 18
3821 1817 19
1368 2905 20
529 543 21
3229 3199 22
1802 2033 23
257 3894 24
956 958 25
3945 3186 26
322 643 27
3240 246 28
1157 2201 29
963 1974 30
288 2293 31
2420 1918 32
3194 897 33
2088 3029 34
680 3746 35
314 995 36
349 270 37
441 2790 38
3740 169 39
376 1444 40
3877 574 41
472 2641 42
3206 1462 43
1747 1581 44
2083 1826 45
3839 780 46
2712 3813 47
4016 4044 48
1332 2264 49
3916 1734 50
4093 3794 51
998 1056 52
1228 3752 53
1248 1048 54
3638 1887 55
1529 2262 56
2140 456 57
3619 1997 58
2853 1119 59
2390 2236 60
255 2691 61
1445 2879 62
3680 2754 63
1349 1137 64
1614 1650 65
3071 3852 66
2603 2578 67
965 2460 68
1615 2445 69
2507 1658 70
602 3553 71
2439 3424 72
593 3153 73
2450 1526 74
1962 2823 75
697 2305 76
2775 1404 77
1476 392 78
2821 193 79
2995 2491 80
2806 3624 81
2687 580 82
1408 679 83
2307 2242 84
2427 1854 85
2673 4040 86
547 2978 87
1890 1791 88
1896 2654 89
3599 3066 90
3136 2078 91
930 2872 92
2574 1240 93
1920 3415 94
3433 3323 95
155 2850 96
3027 3899 97
651 3518 98
901 525 99
1255 3763 100
3743 3104 101
1067 724 102
1222 3034 103
2018 3949 104
2358 1940 105
857 3147 106
538 2731 107
3113 2803 108
2817 613 109
349 3988 110
2920 2829 111
2667 749 112
3059 2479 113
6 2178 114
2779 1996 115
3053 1185 116
3759 1973 117
3192 3134 118
1259 1138 119
818 2161 120
514 3361 121
1315 3927 122
3316 3232 123
1822 4003 124
268 2357 125
254 3550 126
3623 636 127
575 1027 128
2022 1794 129
48 1132 130
3725 2558 131
651 1299 132
787 335 133
593 439 134
3508 1933 135
1141 1667 136
82 2692 137
3011 2435 138
3289 3073 139
3043 1700 140
2783 3022 141
3485 264 142
1783 2643 143
1145 792 144
1838 3772 145
1282 2870 146
41 281 147
450 446 148
2265 2649 149
980 3629 150
2276 3407 151
1911 210 152
2358 2522 153
2821 9 154
581 1400 155
3633 637 156
4093 1687 157
891 1534 158
2996 287 159
476 3950 160
1392 42 161
4097 3734 162
720 3756 163
3055 552 164
2088 3826 165
85 2515 166
1222 2853 167
3983 2048 168
587 3030 169
2345 1471 170
3738 907 171
1856 848 172
3360 1147 173
1696 2204 174
2837 3732 175
2060 239 176
1176 959 177
1883 1557 178
2386 3666 179
3617 3657 180
4093 885 181
2458 3791 182
596 1754 183
1117 121 184
2227 3860 185
682 994 186
3611 3077 187
1528 353 188
3616 3701 189
3423 2937 190
1954 3926 191
329 2020 192
1479 3284 193
3516 817 194
1289 3997 195
1772 547 196
2357 3492 197
3695 845 198
585 261 199
3664 127 200
3349 2665 201
1528 452 202
1650 3224 203
535 854 204
2693 2764 205
3919 3375 206
808 1241 207
1468 2685 208
2534 1324 209
3745 855 210
1865 3178 211
2384 2087 212
192 401 213
2654 3880 214
322 3529 215
992 1174 216
908 2408 217
2483 1543 218
1415 3680 219
2245 40 220
3266 1821 221
351 2818 222
2029 1097 223
4069 4034 224
2168 906 225
3329 77 226
2003 3621 227
586 2388 228
4078 412 229
1472 1515 230
1705 618 231
2933 2527 232
4053 2321 233
1454 3322 234
4075 1594 235
3800 2227 236
3192 3109 237
2245 1901 238
473 3493 239
1735 746 240
2854 1170 241
1609 1373 242
3743 2755 243
2883 1186 244
504 1115 245
1126 3792 246
586 4007 247
1883 1577 248
3509 305 249
3853 1751 250
1228 2891 251
2759 2213 252
4034 2447 253
330 2723 254
1364 3623 255
4065 1809 256
3376 1702 257
122 4022 258
1078 2559 259
3123 453 260
1385 2645 261
956 2035 262
2265 2182 263
2070 2318 264
2284 3931 265
2624 2276 266
4049 881 267
3763 2084 268
593 2957 269
1039 657 270
1510 3728 271
2834 2659 272
1821 1060 273
1938 1610 274
3750 1192 275
278 3404 276
2413 2955 277
1993 1265 278
1957 2476 279
3707 2535 280
439 1555 281
569 3706 282
2817 3966 283
2430 883 284
2116 3131 285
3268 3513 286
907 2251 287
2713 1175 288
40 2007 289
2019 1227 290
3707 1330 291
978 686 292
3771 4060 293
2861 2465 294
520 1903 295
3032 1223 296
3325 1722 297
3225 537 298
3802 485 299
2747 3409 300
553 765 301
1671 107 302
3720 1547 303
1765 3651 304
2689 1468 305
1247 3691 306
1464 3427 307
3629 3924 308
1091 4100 309
3547 1015 310
3650 3649 311
238 3755 312
3493 2358 313
2139 512 314
3543 2951 315
131 1982 316
3420 921 317
1149 807 318
1160 1553 319
1199 279 320
1603 3656 321
3601 3716 322
2871 393 323
131 3841 324
2402 568 325
839 3495 326
2422 1551 327
3580 474 328
1132 2783 329
957 398 330
8 717 331
2211 4097 332
154 3483 333
3091 2943 334
2309 1127 335
2405 3998 336
2116 2247 337
36 3035 338
2413 480 339
3270 942 340
645 2234 341
2982 1660 342
2899 2824 343
2927 2739 344
2739 3572 345
2987 1225 346
3199 772 347
1629 1869 348
1988 2194 349
2339 647 350
627 2682 351
3970 4008 352
2437 3544 353
1984 1546 354
1732 3499 355
3449 358 356
3152 3454 357
1344 2313 358
2245 1492 359
1696 376 360
3490 310 361
703 437 362
1756 3808 363
866 3159 364
320 255 365
1052 2575 366
989 106 367
1928 265 368
2374 2875 369
272 2028 370
3104 861 371
2340 542 372
2447 929 373
3791 3541 374
2106 1068 375
1410 483 376
107 2618 377
496 1199 378
3466 489 379
1137 1372 380
3671 1897 381
1545 2569 382
651 2817 383
1054 3425 384
930 1588 385
1800 3911 386
2384 2642 387
1557 3527 388
3089 691 389
878 3308 390
2167 3018 391
2725 1496 392
1304 1475 393
899 1424 394
2393 1491 395
840 3908 396
3316 560 397
1699 3316 398
2366 2095 399
2863 1851 400
1569 3626 401
1207 1289 402
1098 3891 403
1826 3580 404
2640 757 405
1562 1385 406
2239 1266 407
547 2486 408
1391 1711 409
2504 1864 410
4044 1605 411
2856 2459 412
2339 1284 413
843 1552 414
1892 582 415
1412 3885 416
2491 1855 417
1953 2074 418
886 2441 419
843 742 420
1672 2421 421
464 2901 422
2418 3003 423
3599 1575 424
1872 1393 425
3817 2623 426
2365 2631 427
3343 425 428
930 3780 429
2785 1237 430
833 1113 431
3135 1513 432
2520 3071 433
1582 1724 434
1988 2694 435
3500 4026 436
2103 532 437
363 1286 438
3752 2211 439
1748 1305 440
181 2671 441
883 871 442
947 1052 443
1207 2759 444
117 1649 445
600 3275 446
2529 4075 447
3388 2203 448
343 3453 449
3999 3532 450
405 3431 451
3348 1983 452
1039 2151 453
1232 69 454
434 3872 455
857 1058 456
399 159 457
671 3059 458
1720 1798 459
3146 1490 460
1732 1822 461
1473 2244 462
1920 363 463
2864 1619 464
2713 2315 465
3281 933 466
2582 1777 467
1516 1988 468
342 2269 469
2220 1244 470
2231 3450 471
4065 1449 472
1838 1870 473
976 948 474
1444 915 475
1078 2532 476
1500 826 477
2203 3069 478
1810 2495 479
3713 3674 480
980 1160 481
675 3372 482
4069 635 483
2863 1293 484
4079 3242 485
261 1979 486
893 2987 487
1680 2717 488
2452 1680 489
2373 2295 490
157 3358 491
3114 2477 492
1419 1949 493
1352 910 494
1128 2552 495
1391 2370 496
2679 844 497
2587 3183 498
3416 2847 499
1187 1556 500
2655 71 501
807 426 502
2402 585 503
633 3707 504
1499 3809 505
3130 1187 506
979 2563 507
2427 2762 508
1163 2072 509
378 3735 510
2918 2121 511
2816 2510 512
858 709 513
1326 1415 514
2581 3416 515
474 1083 516
835 2940 517
2883 3662 518
713 2971 519
1394 1110 520
3192 1460 521
2300 3862 522
2312 813 523
1981 2858 524
2875 927 525
1920 2836 526
3424 3609 527
596 562 528
3394 3169 529
3197 146 530
399 3519 531
536 280 532
2438 2069 533
3269 3336 534
4069 82 535
2228 4095 536
1957 2517 537
1551 2664 538
733 3829 539
1938 2928 540
401 202 541
907 3475 542
2532 3155 543
3786 2233 544
280 847 545
2822 3435 546
2026 1206 547
261 117 548
1776 745 549
1046 3547 550
3490 325 551
1653 3715 552
2641 837 553
1475 1262 554
3929 1867 555
1613 3944 556
2948 1040 557
3256 2100 558
1919 2002 559
320 3212 560
177 3326 561
3643 1565 562
1655 2904 563
3018 2683 564
3270 620 565
1412 2912 566
1899 3548 567
2775 1128 568
2757 2141 569
1229 3473 570
2859 4057 571
1254 2969 572
3511 2356 573
198 1802 574
808 1257 575
814 2342 576
1838 2898 577
1150 110 578
815 3038 579
2653 712 580
1905 3395 581
2790 1764 582
228 1692 583
1240 359 584
2776 3350 585
880 4088 586
2652 250 587
359 3742 588
2493 3028 589
1558 2651 590
2550 2482 591
1209 37 592
1261 471 593
760 2911 594
3071 2225 595
1086 2298 596
2423 2592 597
1826 21 598
3966 4021 599
1677 767 600
3363 722 601
1696 1894 602
3580 3164 603
2221 3576 604
2902 2391 605
3325 253 606
733 138 607
660 1466 608
3892 2036 609
3861 689 610
50 3230 611
3184 4064 612
3571 3525 613
2259 608 614
1991 2117 615
372 3075 616
864 1161 617
3084 2050 618
1329 3592 619
1885 3904 620
1833 1539 621
1490 972 622
1699 2995 623
2624 1857 624
807 1603 625
2920 3045 626
3360 3561 627
86 3400 628
3696 2757 629
3015 703 630
2568 4066 631
713 3906 632
286 3061 633
1322 2346 634
1375 3009 635
1664 1755 636
1842 2004 637
1824 3497 638
163 808 639
2781 1403 640
338 2068 641
1838 2747 642
3125 3812 643
1778 2582 644
3164 2303 645
3611 1046 646
3415 227 647
541 2983 648
3637 3521 649
845 76 650
3342 2733 651
1481 2689 652
928 2022 653
762 1275 654
2834 3874 655
3784 501 656
3227 2108 657
2772 891 658
1967 1852 659
2999 869 660
3731 2782 661
557 3614 662
3217 3688 663
765 18 664
651 1613 665
914 2183 666
2797 2282 667
3713 1876 668
3581 1681 669
2867 234 670
1430 2845 671
3862 285 672
3440 1944 673
2445 2658 674
2030 420 675
2976 1446 676
1957 1375 677
1744 2634 678
997 1673 679
3894 2192 680
2491 1657 681
1840 1484 682
680 1077 683
3334 3517 684
3045 3236 685
1944 80 686
1808 173 687
628 2197 688
2407 2800 689
2567 176 690
894 247 691
3292 3204 692
1707 2122 693
1528 629 694
2411 766 695
3251 2326 696
468 1276 697
229 1413 698
1740 3288 699
1598 3226 700
486 1258 701
1222 1542 702
2517 1922 703
320 2248 704
1299 2778 705
2200 3683 706
2483 1063 707
1984 2126 708
835 650 709
1319 550 710
1852 2379 711
851 3586 712
382 1421 713
1672 3062 714
1090 2499 715
3927 2493 716
4018 1177 717
2906 2096 718
2856 3881 719
1587 2252 720
3927 2613 721
644 670 722
3663 1884 723
3983 3987 724
3977 2130 725
2386 156 726
908 3537 727
2087 1102 728
1059 2473 729
2353 2544 730
3519 873 731
1809 674 732
3701 1024 733
3518 1804 734
258 3909 735
357 3405 736
3287 3355 737
1699 3148 738
463 522 739
3408 2925 740
2816 3490 741
1794 3127 742
3654 1830 743
587 2062 744
3181 162 745
1125 3845 746
2806 3255 747
3738 1166 748
2036 3002 749
644 3123 750
3216 3575 751
738 3675 752
461 935 753
1374 2152 754
1776 125 755
2518 1396 756
1422 3353 757
2968 1217 758
3713 2005 759
439 2381 760
3227 3419 761
3699 402 762
2391 3803 763
3493 2732 764
651 1776 765
260 1571 766
1537 98 767
178 3782 768
3955 3269 769
1770 2317 770
495 1292 771
320 3505 772
1991 1856 773
2857 1086 774
2640 2275 775
1364 2425 776
1055 1580 777
4089 60 778
3128 1954 779
2534 2945 780
3207 411 781
3745 3918 782
1368 457 783
420 2170 784
859 1407 785
3894 3116 786
3334 1121 787
196 715 788
1967 1419 789
1392 2514 790
3205 3470 791
1675 1450 792
3142 1965 793
1609 3934 794
2227 3750 795
3804 2895 796
1280 19 797
2271 570 798
3101 2471 799
490 2288 800
1919 3994 801
1707 3842 802
3769 2883 803
1876 769 804
3217 1447 805
388 3790 806
3062 3231 807
2817 388 808
2600 3329 809
2437 3738 810
3316 1482 811
1723 2177 812
1333 108 813
3558 1599 814
1369 1216 815
154 2128 816
2857 3467 817
3071 4042 818
1510 3726 819
1206 1431 820
188 378 821
2259 3963 822
672 329 823
2287 975 824
3873 260 825
1869 856 826
230 2330 827
1361 3627 828
3255 2419 829
1499 2609 830
2656 2907 831
4067 238 832
3124 1862 833
3495 4093 834
541 697 835
3939 3851 836
1701 1410 837
1430 617 838
1994 3776 839
2364 1853 840
2399 1321 841
1498 2718 842
2705 1370 843
1591 1334 844
1648 1008 845
3332 3867 846
3224 2843 847
3817 3801 848
192 1268 849
1166 2877 850
1726 3642 851
3086 2860 852
2861 1742 853
3316 774 854
1838 3671 855
3633 2994 856
3390 1631 857
3820 2560 858
2238 2979 859
3253 678 860
1199 251 861
1212 3903 862
3664 3369 863
3390 240 864
2058 1710 865
720 1390 866
1103 2427 867
3266 1643 868
2880 2474 869
613 2160 870
724 2397 871
1655 1200 872
1868 2633 873
1405 3896 874
1750 2034 875
3449 2915 876
814 1271 877
3509 473 878
3937 3085 879
1957 90 880
3010 1866 881
3564 843 882
1169 2099 883
3743 1995 884
3273 693 885
2861 2814 886
2603 2374 887
3283 61 888
834 3743 889
918 2619 890
3091 1454 891
1467 2017 892
1056 1180 893
1470 2362 894
3770 2976 895
604 1369 896
2220 1448 897
1616 556 898
255 2797 899
3770 2598 900
944 1886 901
3233 1267 902
2488 2157 903
2554 304 904
2669 2699 905
1690 3277 906
1247 1508 907
1919 3640 908
2067 172 909
1975 4015 910
4007 2218 911
551 652 912
1346 798 913
1370 1458 914
1207 1514 915
2762 898 916
2269 3971 917
3040 94 918
3128 4068 919
2476 824 920
1293 2025 921
3866 3133 922
1368 1536 923
3225 2091 924
180 1895 925
2090 3293 926
1370 1914 927
3710 2766 928
418 590 929
2995 970 930
651 3252 931
351 3784 932
155 2546 933
3268 4009 934
1536 744 935
3505 2920 936
1661 2066 937
772 1720 938
2045 2494 939
2841 581 940
577 3693 941
369 1976 942
2684 1010 943
3550 3251 944
269 263 945
4064 2581 946
3744 360 947
3029 3602 948
553 3699 949
1795 2941 950
1021 3972 951
902 3303 952
1872 1713 953
2247 419 954
4029 4017 955
3024 115 956
3136 3811 957
793 296 958
1286 2580 959
2202 390 960
1406 653 961
3201 1409 962
1406 3106 963
3181 3363 964
3850 3720 965
1290 4005 966
1957 3290 967
2092 1524 968
2058 2954 969
3497 16 970
3744 3686 971
405 3584 972
927 1156 973
598 3117 974
2087 3878 975
157 2837 976
1050 1012 977
1806 3892 978
3077 482 979
651 258 980
504 1772 981
2287 3328 982
64 1362 983
2875 2670 984
3940 3209 985
495 45 986
3087 4098 987
595 928 988
2836 3581 989
891 625 990
2275 3312 991
3190 1009 992
2058 3737 993
2795 838 994
1528 1957 995
851 3795 996
2855 2967 997
1928 394 998
3738 3540 999
995 3536 1000
3506 3162 1001
2591 1452 1002
2998 2779 1003
1899 713 1004
979 2588 1005
1086 566 1006
2744 1184 1007
972 1617 1008
1117 1661 1009
1025 1878 1010
959 2930 1011
2109 2676 1012
1166 198 1013
1962 83 1014
3644 2341 1015
2837 527 1016
3623 963 1017
3203 187 1018
2632 1971 1019
3378 140 1020
2422 1714 1021
3344 3933 1022
409 3459 1023
2223 616 1024
2900 367 1025
3489 3458 1026
3468 1507 1027
1830 1562 1028
2399 1134 1029
644 1479 1030
513 1946 1031
3499 666 1032
3885 33 1033
1749 3503 1034
2029 1905 1035
1594 1283 1036
3313 99 1037
619 3472 1038
2976 2831 1039
2438 1779 1040
750 763 1041
2920 3072 1042
429 1531 1043
3793 458 1044
1807 2714 1045
882 1595 1046
297 2906 1047
181 991 1048
941 1642 1049
2362 3936 1050
2396 1582 1051
3278 1827 1052
2015 663 1053
100 1731 1054
2763 1311 1055
101 1376 1056
2365 11 1057
1218 3170 1058
4052 2822 1059
3366 694 1060
2998 1671 1061
3191 2521 1062
3224 3563 1063
2557 1718 1064
1149 3259 1065
3882 1142 1066
3113 2784 1067
1065 1708 1068
1868 3113 1069
1765 129 1070
2053 2590 1071
2441 2024 1072
2223 2135 1073
1218 1347 1074
3732 1859 1075
93 610 1076
118 2237 1077
4028 782 1078
2748 3052 1079
2678 1408 1080
575 2617 1081
2403 3562 1082
3595 1380 1083
3192 464 1084
3476 884 1085
3835 3118 1086
777 2319 1087
4010 1904 1088
267 493 1089
372 1939 1090
1284 4078 1091
3771 2129 1092
2163 167 1093
1149 370 1094
2220 4046 1095
1753 3099 1096
3224 352 1097
1468 1332 1098
1562 2133 1099
2548 3033 1100
425 81 1101
3466 2364 1102
3550 1796 1103
770 1103 1104
2781 2989 1105
889 853 1106
681 1672 1107
3073 1834 1108
886 3579 1109
2540 1163 1110
2224 2150 1111
1693 3523 1112
2095 776 1113
644 63 1114
2387 1739 1115
639 561 1116
2664 3026 1117
3486 3786 1118
349 2320 1119
1928 308 1120
3031 4043 1121
408 2353 1122
2979 3655 1123
584 3301 1124
1424 3420 1125
4078 1214 1126
753 56 1127
2835 1972 1128
2425 2819 1129
2776 1697 1130
505 266 1131
1856 3079 1132
1672 725 1133
1975 3122 1134
3698 1116 1135
3502 3925 1136
61 3151 1137
1360 1831 1138
107 1130 1139
3856 1165 1140
1866 3092 1141
1093 2568 1142
2111 960 1143
3860 27 1144
1472 2253 1145
2585 3126 1146
3934 1069 1147
1681 1194 1148
3534 2720 1149
3523 1487 1150
586 1728 1151
664 65 1152
117 2777 1153
2558 2929 1154
2039 3534 1155
3973 182 1156
3994 1485 1157
1344 3913 1158
230 1880 1159
174 1675 1160
1364 3096 1161
2999 3765 1162
1333 3993 1163
3258 4038 1164
3321 78 1165
1365 2862 1166
1071 1679 1167
621 3383 1168
3900 3712 1169
2399 3730 1170
271 940 1171
3506 3806 1172
2676 3500 1173
3407 2125 1174
1201 1143 1175
3857 2281 1176
1936 3270 1177
2242 3951 1178
3446 3048 1179
3516 1259 1180
222 3477 1181
1982 1195 1182
1658 3864 1183
3524 2166 1184
1293 1391 1185
3643 2082 1186
1332 536 1187
706 2914 1188
4065 2328 1189
1313 1618 1190
2377 2508 1191
3860 3440 1192
3726 1716 1193
1920 644 1194
2055 1308 1195
2322 4000 1196
2567 2880 1197
156 1365 1198
585 1176 1199
1284 2884 1200
866 955 1201
3429 3977 1202
3751 1688 1203
1618 3444 1204
2204 659 1205
1529 1893 1206
3743 3043 1207
3079 3084 1208
510 669 1209
2902 2543 1210
2086 200 1211
1344 1348 1212
2265 4048 1213
2216 1382 1214
2171 879 1215
930 2243 1216
3192 3149 1217
3245 1417 1218
297 2775 1219
691 1357 1220
1061 1579 1221
1798 1118 1222
2855 2751 1223
1091 660 1224
1182 3948 1225
2274 3190 1226
1924 2284 1227
2837 513 1228
2287 1126 1229
1849 1255 1230
2402 1510 1231
3289 605 1232
1138 2667 1233
3434 739 1234
632 2587 1235
2546 3930 1236
849 2487 1237
2393 2023 1238
1301 3263 1239
4021 379 1240
1106 758 1241
3310 2214 1242
1669 214 1243
403 803 1244
801 3408 1245
2147 600 1246
2969 2627 1247
3909 102 1248
1899 2003 1249
790 3065 1250
508 818 1251
363 2998 1252
3150 235 1253
161 4076 1254
1364 2999 1255
369 3721 1256
2344 409 1257
4078 3910 1258
1890 2049 1259
3581 66 1260
603 3846 1261
1067 1704 1262
4034 877 1263
879 111 1264
2732 2502 1265
1351 2202 1266
1103 3305 1267
987 3999 1268
3682 3344 1269
4073 2696 1270
849 1835 1271
2852 3465 1272
3286 988 1273
3630 2725 1274
2389 2964 1275
2627 658 1276
2186 1059 1277
2622 4083 1278
2120 1871 1279
3581 2228 1280
3718 2924 1281
2132 2087 1282
3383 1294 1283
1937 3875 1284
3520 3491 1285
3581 3124 1286
3433 989 1287
3805 1797 1288
2493 356 1289
1062 2463 1290
13 2565 1291
2186 2715 1292
2747 1956 1293
4035 937 1294
510 2070 1295
4097 2921 1296
2053 2092 1297
3077 3538 1298
3794 299 1299
3176 752 1300
1106 2429 1301
146 3543 1302
183 2422 1303
1947 1561 1304
2056 2586 1305
3791 2776 1306
2443 2140 1307
3372 3365 1308
1138 1360 1309
628 1136 1310
2300 150 1311
624 1152 1312
2132 1849 1313
151 4096 1314
621 1469 1315
1876 1815 1316
4044 1627 1317
3738 1486 1318
1778 2335 1319
883 2675 1320
3282 3673 1321
1021 3464 1322
1580 3687 1323
2822 1872 1324
2154 3461 1325
3580 3650 1326
2247 777 1327
1967 3486 1328
224 1915 1329
3046 3311 1330
3170 3202 1331
2427 3411 1332
2753 4020 1333
4027 1545 1334
2649 3345 1335
1864 2737 1336
228 2894 1337
1947 2055 1338
1191 2156 1339
884 2711 1340
330 3088 1341
905 3986 1342
3547 2187 1343
3981 3380 1344
3270 868 1345
2689 414 1346
2323 2375 1347
3747 2008 1348
3550 168 1349
3264 1474 1350
1714 2103 1351
3062 1057 1352
3860 2272 1353
2949 1326 1354
441 3093 1355
2514 3631 1356
1826 2540 1357
1136 3193 1358
1133 668 1359
1391 1566 1360
2502 3281 1361
112 92 1362
161 2307 1363
681 1191 1364
976 2223 1365
652 2709 1366
3181 534 1367
1364 2603 1368
659 2761 1369
3383 1725 1370
3218 183 1371
1672 338 1372
2297 719 1373
2867 3037 1374
1742 2240 1375
3313 2367 1376
3637 2102 1377
3376 1065 1378
2147 3600 1379
2853 699 1380
2408 2799 1381
3523 609 1382
3396 407 1383
3010 2464 1384
3387 3989 1385
2574 2605 1386
2769 3297 1387
2995 633 1388
3202 3773 1389
2906 727 1390
2148 3741 1391
1643 3961 1392
447 3171 1393
62 510 1394
1270 2973 1395
2822 3331 1396
3015 1975 1397
3166 1589 1398
1432 2668 1399
107 2031 1400
57 802 1401
1087 1023 1402
2909 142 1403
367 2420 1404
3713 1920 1405
1951 3709 1406
3428 601 1407
1021 3665 1408
3925 912 1409
2997 692 1410
1815 1151 1411
1140 415 1412
3680 1307 1413
1784 2292 1414
3045 1656 1415
2976 3292 1416
35 2079 1417
735 2458 1418
2130 4061 1419
1021 893 1420
101 2706 1421
3082 2061 1422
77 2579 1423
1840 57 1424
3077 2366 1425
222 1104 1426
3101 3698 1427
2224 2469 1428
485 3156 1429
2541 1084 1430
794 816 1431
473 1033 1432
2200 438 1433
501 1698 1434
2441 2512 1435
3370 4089 1436
1466 964 1437
3142 4065 1438
3192 3031 1439
1537 2131 1440
461 1655 1441
3289 3333 1442
1572 100 1443
1362 3745 1444
3781 103 1445
2304 656 1446
2055 4027 1447
2236 706 1448
2982 3300 1449
765 2722 1450
1467 593 1451
3961 3272 1452
1015 2849 1453
857 307 1454
1568 1845 1455
1431 4092 1456
2610 3441 1457
3200 1651 1458
3792 1006 1459
1187 2176 1460
2066 463 1461
3383 22 1462
3961 3055 1463
1457 2350 1464
3064 791 1465
488 2462 1466
2044 3641 1467
35 3246 1468
3219 4045 1469
660 3417 1470
1743 3208 1471
3263 2332 1472
2998 4069 1473
3142 2409 1474
1280 3429 1475
2257 3264 1476
2439 64 1477
3673 1189 1478
3292 2268 1479
1146 431 1480
413 2511 1481
554 3556 1482
2146 1344 1483
3415 2600 1484
2136 2607 1485
829 2029 1486
3853 1066 1487
2977 1560 1488
1412 3177 1489
3594 300 1490
876 291 1491
3909 557 1492
1971 422 1493
1222 1141 1494
627 4056 1495
593 553 1496
1534 741 1497
2778 2854 1498
3740 3057 1499
1643 2591 1500
2339 2410 1501
1286 3166 1502
2759 3089 1503
1657 228 1504
2349 1509 1505
1218 3533 1506
271 1707 1507
72 1150 1508
102 3942 1509
2501 834 1510
2928 158 1511
26 3182 1512
1001 2355 1513
2633 2878 1514
1809 1598 1515
3181 230 1516
3589 101 1517
2955 486 1518
1587 939 1519
510 1744 1520
3280 217 1521
1920 1699 1522
1328 354 1523
1707 1455 1524
3614 546 1525
3955 966 1526
2998 681 1527
2124 1397 1528
3758 1578 1529
2289 926 1530
1555 3145 1531
3202 738 1532
2999 2851 1533
1108 44 1534
3334 3445 1535
743 3389 1536
4041 204 1537
891 3070 1538
681 2564 1539
473 4082 1540
863 322 1541
3025 3704 1542
1555 2444 1543
4048 1441 1544
3876 1436 1545
2210 1249 1546
3834 1401 1547
848 1243 1548
1558 612 1549
2128 3723 1550
1103 3436 1551
5 342 1552
3509 3468 1553
2257 4041 1554
2386 3970 1555
3553 2436 1556
3147 3613 1557
2492 3412 1558
1063 825 1559
1317 3432 1560
956 1750 1561
833 4016 1562
2163 1221 1563
3599 1183 1564
993 704 1565
1919 2748 1566
2905 284 1567
3175 3779 1568
490 3905 1569
3554 2916 1570
1855 1106 1571
1228 799 1572
101 3271 1573
3995 1737 1574
3390 451 1575
3749 435 1576
1947 267 1577
1144 748 1578
1087 3321 1579
1067 2948 1580
3335 2992 1581
501 2553 1582
2736 1181 1583
3094 2789 1584
772 3364 1585
2891 1523 1586
3333 1212 1587
714 1047 1588
1620 785 1589
3031 1272 1590
694 3558 1591
2995 3800 1592
1132 2572 1593
1300 1756 1594
847 1158 1595
1786 1726 1596
2384 4067 1597
2199 2063 1598
3633 2172 1599
3049 3551 1600
3366 1633 1601
26 3929 1602
1844 3887 1603
1495 3902 1604
2814 14 1605
3877 3221 1606
2234 2415 1607
2438 1745 1608
1845 1274 1609
2998 789 1610
2523 1399 1611
2402 3571 1612
1002 385 1613
1418 1493 1614
3018 3605 1615
2622 2663 1616
3633 3777 1617
735 2745 1618
1234 820 1619
3800 819 1620
1400 4010 1621
1105 3138 1622
2005 2982 1623
665 1585 1624
449 3587 1625
914 1480 1626
3405 1476 1627
139 3179 1628
3184 3507 1629
833 1383 1630
4090 1247 1631
2471 2111 1632
2435 2418 1633
3164 2986 1634
270 215 1635
1070 797 1636
2899 3340 1637
517 3992 1638
1582 3387 1639
2030 911 1640
3759 1354 1641
1876 381 1642
1537 1968 1643
2067 3594 1644
2861 2075 1645
2749 3218 1646
3811 1042 1647
3039 1913 1648
1207 1229 1649
3184 3484 1650
1008 249 1651
3101 4028 1652
1785 1124 1653
2115 58 1654
2626 2701 1655
2913 3983 1656
26 1505 1657
2055 2788 1658
515 840 1659
3831 2806 1660
3813 2896 1661
1706 3354 1662
1899 3010 1663
3757 323 1664
2981 624 1665
3276 3063 1666
866 3590 1667
2204 1533 1668
3095 2794 1669
863 3081 1670
1951 2608 1671
1146 804 1672
1954 2384 1673
1529 3433 1674
2282 1563 1675
2917 2106 1676
3551 3262 1677
3025 2431 1678
3383 2018 1679
1547 862 1680
1899 3633 1681
1128 540 1682
3927 1584 1683
3190 351 1684
2878 1338 1685
198 1936 1686
2186 194 1687
955 286 1688
3980 1498 1689
3553 1999 1690
2342 179 1691
3915 428 1692
167 2191 1693
866 775 1694
2722 447 1695
3393 2686 1696
2115 1953 1697
4097 2382 1698
944 2820 1699
2847 3932 1700
280 1125 1701
2959 2363 1702
1592 4086 1703
2105 895 1704
2772 128 1705
4100 3589 1706
1588 3360 1707
1254 192 1708
3738 2503 1709
4087 1420 1710
1608 68 1711
2220 2728 1712
296 2349 1713
3604 1263 1714
3521 3554 1715
2402 3995 1716
2995 1280 1717
2778 661 1718
1818 2142 1719
2716 714 1720
2026 2622 1721
2772 96 1722
2425 2430 1723
615 4052 1724
2437 2001 1725
2841 3324 1726
228 470 1727
3909 1406 1728
3550 908 1729
1842 1677 1730
597 1359 1731
1211 85 1732
1360 3188 1733
3828 3914 1734
1558 2344 1735
3999 3257 1736
3471 984 1737
2244 511 1738
880 3083 1739
1530 2771 1740
3624 806 1741
3883 1705 1742
41 2949 1743
3821 3310 1744
4049 594 1745
886 1517 1746
3856 336 1747
2998 1315 1748
1655 3342 1749
3490 1107 1750
2600 2687 1751
865 1224 1752
2427 3046 1753
2534 518 1754
544 1005 1755
1190 3522 1756
1838 499 1757
3600 830 1758
785 120 1759
3163 2454 1760
1128 1781 1761
469 3761 1762
1588 941 1763
2461 2114 1764
1000 3157 1765
326 2530 1766
3275 1950 1767
3821 1018 1768
3140 272 1769
2902 996 1770
1444 368 1771
1153 2922 1772
1401 2767 1773
2035 2406 1774
1980 2768 1775
31 1559 1776
1462 3021 1777
1117 1548 1778
3866 3608 1779
1781 2163 1780
48 1351 1781
1160 3637 1782
3580 747 1783
3117 1518 1784
449 328 1785
3333 1282 1786
2784 3161 1787
2083 1788 1788
2035 2844 1789
1085 2279 1790
1967 639 1791
2817 3313 1792
2985 343 1793
1954 2026 1794
3483 1346 1795
1943 2098 1796
186 3201 1797
3282 421 1798
510 3299 1799
2147 3828 1800
1573 3187 1801
3909 1329 1802
2598 622 1803
1855 139 1804
4035 759 1805
3130 3863 1806
2894 849 1807
402 1389 1808
66 1892 1809
1821 998 1810
3939 3545 1811
2003 604 1812
3181 2073 1813
2774 475 1814
2345 331 1815
1793 3873 1816
3488 829 1817
3062 6 1818
3511 3628 1819
3607 43 1820
181 1645 1821
3376 1701 1822
2981 495 1823
975 2583 1824
2833 3359 1825
3821 2224 1826
401 1635 1827
965 3787 1828
3695 1306 1829
3190 1061 1830
2763 3508 1831
2055 3635 1832
353 3256 1833
987 1098 1834
1878 3452 1835
1776 2232 1836
363 2856 1837
3153 2094 1838
2222 2897 1839
1591 3213 1840
363 2015 1841
884 3758 1842
1681 123 1843
1476 3386 1844
2779 330 1845
1238 2010 1846
1041 945 1847
4060 2360 1848
250 1890 1849
2095 2119 1850
2515 2057 1851
1821 13 1852
3873 3005 1853
2247 2014 1854
876 2614 1855
338 3660 1856
4083 2488 1857
2005 3222 1858
3393 2774 1859
3581 163 1860
714 831 1861
3628 1188 1862
814 2348 1863
3519 733 1864
2128 1923 1865
660 4011 1866
146 1427 1867
2565 2525 1868
1802 3565 1869
3043 1839 1870
2444 1032 1871
2343 997 1872
3017 764 1873
1222 1201 1874
3113 716 1875
2835 2283 1876
408 1696 1877
138 1525 1878
1635 389 1879
30 3645 1880
2820 1164 1881
2875 3469 1882
1528 4018 1883
3537 1037 1884
1045 3195 1885
1086 79 1886
1551 1537 1887
1589 1367 1888
30 2909 1889
2096 4070 1890
633 1666 1891
3484 3158 1892
2020 3838 1893
2585 196 1894
2600 1818 1895
2005 3570 1896
736 1171 1897
1269 3682 1898
2768 1900 1899
713 2801 1900
698 688 1901
40 505 1902
1304 1213 1903
2108 720 1904
39 410 1905
2252 3789 1906
698 731 1907
1329 520 1908
610 32 1909
896 2143 1910
3024 2226 1911
1199 2081 1912
1002 2189 1913
1206 3858 1914
13 628 1915
1289 3766 1916
2468 3229 1917
1954 3015 1918
3257 1167 1919
1672 992 1920
1239 54 1921
2092 2440 1922
3123 934 1923
3428 814 1924
2790 2352 1925
1588 1331 1926
633 320 1927
1284 3203 1928
3616 2206 1929
2386 3814 1930
3759 2669 1931
3466 2097 1932
2459 1028 1933
286 1767 1934
2039 2466 1935
455 732 1936
3227 3327 1937
3425 315 1938
3523 2567 1939
3426 3374 1940
2254 3285 1941
3723 974 1942
1046 1043 1943
2638 3480 1944
1473 1055 1945
345 683 1946
3374 1811 1947
3110 968 1948
3827 860 1949
29 4071 1950
3028 1916 1951
101 3696 1952
3767 2977 1953
402 2786 1954
3860 587 1955
3446 1044 1956
3241 436 1957
983 306 1958
1629 449 1959
3337 999 1960
1093 2500 1961
3397 3549 1962
3793 2054 1963
3745 2840 1964
1128 2966 1965
776 2267 1966
78 2136 1967
1766 2616 1968
1732 3019 1969
600 93 1970
2404 2132 1971
883 642 1972
3300 4080 1973
1699 3937 1974
1871 317 1975
884 2513 1976
1515 3108 1977
1497 2938 1978
164 3895 1979
3166 621 1980
2738 3593 1981
1743 166 1982
2693 2536 1983
83 4063 1984
1910 442 1985
3812 2159 1986
714 1277 1987
2702 2351 1988
1957 3180 1989
1740 1741 1990
1422 3144 1991
3448 2693 1992
2997 3185 1993
221 3733 1994
78 611 1995
2212 3191 1996
819 2640 1997
3605 141 1998
1027 2505 1999
548 2475 2000
2865 3832 2001
2841 1388 2002
31 1453 2003
900 1586 2004
675 293 2005
667 374 2006
3484 850 2007
390 4014 2008
2042 567 2009
223 1451 2010
1465 1908 2011
2909 676 2012
2066 1960 2013
3523 2428 2014
967 126 2015
2128 1812 2016
2649 242 2017
681 2548 2018
4027 3418 2019
236 2383 2020
2257 2443 2021
2275 655 2022
592 1998 2023
435 3539 2024
3817 3751 2025
3201 1087 2026
2841 3798 2027
2678 523 2028
1197 2051 2029
3691 3393 2030
2999 2174 2031
3552 2615 2032
139 3596 2033
261 2115 2034
572 3094 2035
2389 3494 2036
3827 2167 2037
905 86 2038
3615 2164 2039
995 3100 2040
1329 382 2041
1059 2677 2042
3085 2059 2043
294 3573 2044
2591 3200 2045
1681 3024 2046
921 887 2047
1000 667 2048
1920 3233 2049
3970 1144 2050
2339 606 2051
3166 157 2052
679 2250 2053
316 149 2054
851 753 2055
978 3039 2056
1364 839 2057
2980 3008 2058
1842 3234 2059
2582 1379 2060
4063 1273 2061
1680 1377 2062
3689 3664 2063
4035 1129 2064
2962 1576 2065
23 1706 2066
451 2180 2067
3411 2810 2068
867 177 2069
1349 4024 2070
3961 1640 2071
2256 1319 2072
976 2657 2073
3988 3481 2074
2898 3352 2075
3837 2085 2076
773 1153 2077
55 1168 2078
161 3659 2079
4073 3442 2080
743 1159 2081
446 1621 2082
2936 1238 2083
1643 931 2084
2558 3306 2085
3709 3767 2086
3166 1430 2087
1942 2498 2088
3243 2697 2089
677 3107 2090
2234 1800 2091
117 2531 2092
3197 3142 2093
963 3307 2094
2605 2210 2095
2655 241 2096
4048 2673 2097
1559 967 2098
817 2038 2099
3866 312 2100
3446 1438 2101
2413 832 2102
2822 3599 2103
3116 3121 2104
2094 1670 2105
3656 1291 2106
1668 2923 2107
2238 1952 2108
3197 3362 2109
209 1736 2110
2855 1497 2111
1195 2963 2112
1870 2 2113
557 2158 2114
122 1502 2115
702 3555 2116
794 3722 2117
380 1889 2118
72 3535 2119
3499 1994 2120
1592 2889 2121
118 3695 2122
785 1735 2123
2041 812 2124
1407 3338 2125
1272 3740 2126
3997 1320 2127
2841 4090 2128
3071 364 2129
104 1684 2130
313 3900 2131
2188 1437 2132
3927 10 2133
4050 2186 2134
2891 2562 2135
1045 1746 2136
1142 2726 2137
1027 444 2138
2287 3601 2139
1478 3946 2140
2691 3855 2141
2329 225 2142
1872 3241 2143
3945 3684 2144
2491 1256 2145
2300 1935 2146
980 1364 2147
2205 3616 2148
681 721 2149
3566 971 2150
651 1254 2151
2551 1775 2152
2042 3078 2153
481 2314 2154
2458 2395 2155
4005 2336 2156
2809 1374 2157
1455 3091 2158
1888 3762 2159
2407 919 2160
1506 20 2161
3663 1607 2162
97 3381 2163
1939 500 2164
591 1881 2165
496 2116 2166
217 589 2167
482 2145 2168
2097 4 2169
665 2260 2170
3097 3462 2171
1207 1481 2172
3630 2439 2173
2828 946 2174
2870 1303 2175
587 1715 2176
3466 1896 2177
2999 48 2178
1016 3984 2179
3509 496 2180
536 119 2181
3170 2713 2182
592 2935 2183
1964 3672 2184
261 154 2185
2483 3302 2186
3746 3341 2187
1989 3129 2188
64 729 2189
3325 1004 2190
305 3820 2191
1371 4079 2192
3938 2327 2193
3201 24 2194
3964 3836 2195
566 3394 2196
1494 3985 2197
395 1435 2198
4007 1572 2199
197 1081 2200
1856 787 2201
2773 3952 2202
35 1503 2203
2906 3731 2204
2572 2153 2205
59 2449 2206
2260 2294 2207
2081 2041 2208
3333 1108 2209
1232 206 2210
1819 2138 2211
353 596 2212
681 147 2213
1218 976 2214
454 2113 2215
3567 761 2216
3066 864 2217
800 2611 2218
1373 2207 2219
1589 607 2220
709 1339 2221
1995 1337 2222
908 3819 2223
2283 2864 2224
214 2065 2225
1757 2956 2226
2949 1749 2227
1650 1663 2228
3075 3718 2229
1323 1313 2230
3243 1112 2231
3841 2390 2232
1289 3566 2233
2587 2254 2234
3182 1114 2235
1347 3753 2236
4064 2913 2237
2277 1828 2238
1965 3618 2239
2467 1753 2240
2848 46 2241
2026 1322 2242
2823 2707 2243
506 3268 2244
2999 1685 2245
2366 3644 2246
2749 1317 2247
4093 2571 2248
2820 3974 2249
2188 1861 2250
1280 2519 2251
627 858 2252
600 2165 2253
2679 3612 2254
1977 3382 2255
999 4081 2256
2640 2702 2257
3997 675 2258
2951 1937 2259
1529 2681 2260
3428 3546 2261
2028 1733 2262
3128 2529 2263
1933 3727 2264
1672 2484 2265
2809 276 2266
3632 2919 2267
369 3912 2268
3009 3591 2269
2968 3739 2270
3190 1031 2271
1503 1461 2272
1094 278 2273
1334 2695 2274
2300 487 2275
3919 2644 2276
98 3001 2277
1132 2308 2278
1406 1133 2279
1786 3476 2280
3801 3426 2281
3782 3056 2282
2659 1841 2283
2067 3501 2284
1510 544 2285
3495 3578 2286
1699 1652 2287
389 2030 2288
2689 1554 2289
1660 595 2290
156 2369 2291
3315 2796 2292
2583 252 2293
2640 1805 2294
3222 3334 2295
1793 1984 2296
3929 1623 2297
2804 2021 2298
41 701 2299
420 2412 2300
1992 1813 2301
2875 2970 2302
3672 2179 2303
980 1947 2304
3550 3834 2305
281 1819 2306
2469 3603 2307
2779 1730 2308
1830 1962 2309
1657 951 2310
3059 373 2311
1529 3996 2312
2401 2557 2313
3468 3856 2314
457 3877 2315
865 1096 2316
375 524 2317
3671 135 2318
1666 1226 2319
1686 1094 2320
3376 3564 2321
3523 2960 2322
382 1463 2323
3800 794 2324
1593 1958 2325
4073 3067 2326
3947 1921 2327
1575 1945 2328
3851 1912 2329
363 2301 2330
1023 3378 2331
799 949 2332
2237 2802 2333
2005 2339 2334
2966 282 2335
3268 3235 2336
3732 387 2337
976 3802 2338
2825 870 2339
1429 4032 2340
1512 1519 2341
2428 3854 2342
833 3392 2343
822 3294 2344
4100 3220 2345
2618 3678 2346
2998 2749 2347
1514 430 2348
168 3013 2349
1530 2333 2350
1433 1723 2351
198 62 2352
1954 2200 2353
1494 314 2354
2743 3967 2355
1467 569 2356
3409 3973 2357
2096 184 2358
3222 2404 2359
3664 256 2360
2769 1608 2361
1591 1425 2362
1944 1763 2363
821 2184 2364
3749 823 2365
3325 923 2366
3607 1654 2367
704 2093 2368
1855 1959 2369
2452 1558 2370
66 469 2371
2098 434 2372
258 2520 2373
1312 3835 2374
2717 400 2375
705 2266 2376
1311 1172 2377
1494 3097 2378
3071 3850 2379
1906 2926 2380
2684 477 2381
644 2821 2382
463 1245 2383
1803 3968 2384
2112 1242 2385
3280 1991 2386
2998 1795 2387
3166 3110 2388
1876 395 2389
509 1770 2390
3190 5 2391
3282 3980 2392
578 334 2393
2329 1433 2394
2139 1211 2395
3506 326 2396
2461 2832 2397
553 3051 2398
2202 1089 2399
147 1146 2400
3327 630 2401
682 3595 2402
632 1712 2403
1081 1355 2404
587 1371 2405
553 1729 2406
3314 316 2407
2498 3606 2408
2437 3428 2409
2816 1593 2410
1771 1865 2411
1207 2918 2412
2971 983 2413
829 1041 2414
2667 1082 2415
3605 2347 2416
2674 2724 2417
671 1727 2418
2833 429 2419
1826 2612 2420
1130 654 2421
3107 404 2422
757 986 2423
2622 4084 2424
823 2873 2425
213 2306 2426
2585 1011 2427
3183 3648 2428
117 3567 2429
150 3437 2430
1468 1054 2431
1383 2273 2432
3289 4073 2433
363 3197 2434
398 1336 2435
1796 2807 2436
272 1820 2437
529 2389 2438
601 465 2439
2898 770 2440
1844 1411 2441
1165 2229 2442
1313 459 2443
2562 1440 2444
2640 3652 2445
1644 2984 2446
2918 1203 2447
3777 2195 2448
2923 1931 2449
3316 903 2450
3053 2290 2451
3429 3049 2452
1504 3941 2453
2424 1773 2454
2020 4012 2455
2598 268 2456
651 1625 2457
2451 1941 2458
2736 319 2459
3966 3047 2460
3110 3978 2461
2384 1842 2462
2491 1899 2463
1350 2809 2464
2116 3625 2465
298 1628 2466
927 3956 2467
1512 1836 2468
202 3265 2469
3488 2653 2470
4037 788 2471
2995 2083 2472
2437 2413 2473
2083 3115 2474
2987 809 2475
2899 947 2476
2053 2424 2477
340 2372 2478
3209 490 2479
20 2765 2480
1653 2154 2481
3915 708 2482
684 1747 2483
797 1499 2484
1696 3898 2485
1467 1078 2486
2371 1719 2487
905 3935 2488
1289 851 2489
2845 2080 2490
2501 164 2491
2966 2594 2492
2600 3132 2493
1129 2076 2494
3002 3669 2495
1714 2526 2496
496 3807 2497
3409 944 2498
3981 990 2499
2086 1985 2500
3351 3430 2501
2692 1053 2502
3010 1951 2503
777 3249 2504
959 1611 2505
2678 2542 2506
659 1071 2507
3519 3893 2508
3153 690 2509
2098 232 2510
1734 822 2511
2471 2490 2512
248 3050 2513
271 4049 2514
896 190 2515
184 2549 2516
1176 2417 2517
3387 1426 2518
1243 1759 2519
2362 3482 2520
2410 1234 2521
2690 783 2522
30 671 2523
3128 1301 2524
2268 153 2525
3105 507 2526
2816 1927 2527
1516 3769 2528
1467 2501 2529
1160 3938 2530
1838 3509 2531
2301 602 2532
476 2934 2533
2274 47 2534
3221 1527 2535
1377 3012 2536
833 3385 2537
1042 2455 2538
1087 1304 2539
2407 538 2540
192 743 2541
2117 2507 2542
2574 736 2543
3831 508 2544
3192 3962 2545
2426 3291 2546
3862 828 2547
2955 1051 2548
1723 938 2549
463 223 2550
228 3217 2551
2835 687 2552
1920 1528 2553
2486 3869 2554
791 662 2555
1172 365 2556
1188 1285 2557
281 2892 2558
1635 2396 2559
1467 1070 2560
873 1209 2561
444 2533 2562
765 1470 2563
3894 3317 2564
1406 2411 2565
2716 1215 2566
2120 3516 2567
614 2672 2568
2456 3611 2569
1146 2825 2570
1622 2903 2571
793 3958 2572
1124 3086 2573
2165 1222 2574
1076 88 2575
2141 87 2576
4093 1544 2577
2859 1457 2578
1591 213 2579
2413 801 2580
845 3815 2581
4093 2446 2582
188 896 2583
627 2110 2584
3091 2885 2585
1785 3848 2586
332 1792 2587
1641 75 2588
1660 2373 2589
3146 710 2590
1551 3530 2591
1938 3471 2592
3446 805 2593
2320 2181 2594
531 2961 2595
2789 59 2596
3082 1694 2597
1428 104 2598
147 627 2599
3287 3228 2600
733 1035 2601
3398 224 2602
421 1721 2603
3801 3853 2604
3738 1467 2605
1025 1135 2606
3347 3634 2607
770 1757 2608
2050 1799 2609
3047 2975 2610
3912 2040 2611
2820 1236 2612
451 3258 2613
2857 2245 2614
262 2311 2615
3523 2704 2616
713 2212 2617
1006 445 2618
35 443 2619
2971 3280 2620
776 640 2621
2748 3357 2622
1786 1616 2623
363 651 2624
3233 2401 2625
3085 2371 2626
345 3515 2627
1876 3128 2628
1957 372 2629
3599 1459 2630
980 2528 2631
801 4051 2632
2167 3542 2633
183 1328 2634
3929 2599 2635
2617 1782 2636
6 723 2637
1844 3736 2638
2990 3783 2639
1284 185 2640
3260 2518 2641
211 466 2642
515 3610 2643
3147 506 2644
1962 889 2645
1528 2386 2646
89 2222 2647
2491 2300 2648
770 2834 2649
2902 2456 2650
2094 1844 2651
1618 1638 2652
531 2134 2653
948 2453 2654
353 1992 2655
2583 1231 2656
774 1907 2657
48 2221 2658
3166 2570 2659
3550 1149 2660
3996 2414 2661
1245 2359 2662
4094 49 2663
1860 2171 2664
656 1639 2665
3233 762 2666
1329 572 2667
3205 2450 2668
3475 277 2669
1293 1653 2670
3197 1464 2671
2456 2437 2672
3054 3141 2673
2772 1574 2674
1710 4047 2675
3264 1335 2676
3485 2974 2677
147 4072 2678
3199 3552 2679
1364 987 2680
1967 3560 2681
2223 3391 2682
2551 448 2683
1842 4023 2684
1737 2812 2685
1923 3604 2686
577 2060 2687
3217 571 2688
801 876 2689
3909 1432 2690
1657 383 2691
948 2584 2692
512 1314 2693
3166 1504 2694
1121 3871 2695
322 3681 2696
979 189 2697
219 2019 2698
3024 3692 2699
2274 1873 2700
3166 1629 2701
161 867 2702
735 31 2703
3990 4077 2704
215 3175 2705
1526 455 2706
1735 114 2707
1262 852 2708
3481 4029 2709
2320 509 2710
691 405 2711
3574 3588 2712
319 2259 2713
150 2285 2714
3867 2604 2715
2852 1210 2716
3292 3237 2717
1378 3890 2718
2199 1538 2719
2742 2842 2720
3927 4039 2721
2768 203 2722
4027 3320 2723
3542 1387 2724
2162 888 2725
3873 2746 2726
1327 3844 2727
1103 591 2728
3750 2981 2729
2361 132 2730
3258 3076 2731
2193 977 2732
507 1674 2733
779 3163 2734
2635 3775 2735
438 397 2736
1830 1919 2737
3574 1784 2738
3654 152 2739
2232 2968 2740
1218 1207 2741
1317 3785 2742
2520 2908 2743
3983 575 2744
458 3622 2745
1622 3189 2746
2831 3332 2747
3337 2893 2748
3437 916 2749
124 2483 2750
1564 136 2751
3571 191 2752
2025 2740 2753
612 3816 2754
514 2524 2755
3953 1530 2756
461 2090 2757
3826 2472 2758
3455 981 2759
3795 3833 2760
2892 3146 2761
1950 3957 2762
1560 2241 2763
1843 2497 2764
3437 3653 2765
1706 1624 2766
3263 3295 2767
2855 476 2768
2591 1034 2769
2708 530 2770
974 1550 2771
1044 548 2772
112 1343 2773
3255 2392 2774
1091 2734 2775
729 1392 2776
4076 2952 2777
1793 15 2778
1039 866 2779
3927 909 2780
2224 1891 2781
2366 711 2782
1686 790 2783
778 440 2784
819 377 2785
2464 578 2786
948 8 2787
349 2626 2788
850 528 2789
1165 2996 2790
1528 3861 2791
1497 1456 2792
1671 345 2793
3521 2291 2794
1631 2637 2795
165 2830 2796
357 519 2797
3521 1668 2798
4093 2753 2799
2128 2656 2800
504 3865 2801
3751 26 2802
2301 1929 2803
1753 1489 2804
1797 2680 2805
2174 2312 2806
940 2662 2807
147 3768 2808
3552 1013 2809
2649 1278 2810
3110 1220 2811
2689 1564 2812
999 3697 2813
251 2708 2814
3663 313 2815
3567 1837 2816
2341 936 2817
184 3528 2818
1673 913 2819
2091 2646 2820
1361 244 2821
3628 3857 2822
1841 1970 2823
4031 784 2824
1995 74 2825
351 1637 2826
1284 2859 2827
3804 3102 2828
2495 226 2829
3743 113 2830
2978 4055 2831
414 800 2832
2120 3011 2833
4082 318 2834
710 3677 2835
1347 2574 2836
4097 1966 2837
632 3689 2838
1392 1101 2839
1899 1806 2840
1520 3287 2841
3223 3489 2842
2299 484 2843
1065 3260 2844
2335 2881 2845
2427 2980 2846
1614 2674 2847
1680 1079 2848
3288 1075 2849
2299 821 2850
2999 2380 2851
1418 892 2852
1843 3526 2853
1786 3781 2854
3569 2168 2855
2138 1250 2856
2902 1832 2857
1156 3724 2858
858 2393 2859
2759 3 2860
147 3413 2861
3485 531 2862
705 1353 2863
3260 502 2864
2109 535 2865
2845 2621 2866
1872 4013 2867
583 301 2868
1510 2730 2869
1884 2056 2870
975 599 2871
3147 3451 2872
3348 2944 2873
1827 1810 2874
3227 2781 2875
817 755 2876
28 1246 2877
1321 418 2878
2068 1208 2879
864 3080 2880
2779 1786 2881
522 1092 2882
3486 2638 2883
3824 1882 2884
255 2230 2885
593 2855 2886
2235 3119 2887
380 2805 2888
3272 3032 2889
2580 303 2890
423 3837 2891
1289 917 2892
2128 3356 2893
3398 2596 2894
598 161 2895
3138 3244 2896
186 833 2897
3751 2867 2898
834 467 2899
3800 2399 2900
1628 4019 2901
2055 1573 2902
4048 1080 2903
3695 2193 2904
408 2468 2905
2025 2127 2906
3629 3708 2907
2686 521 2908
2458 3449 2909
584 1139 2910
41 151 2911
3429 3388 2912
3043 1439 2913
255 592 2914
1160 1669 2915
2573 3330 2916
222 2538 2917
3516 623 2918
610 3184 2919
574 3960 2920
2976 2962 2921
3479 3274 2922
1656 207 2923
3545 3679 2924
644 2149 2925
353 1501 2926
3149 2338 2927
1232 1202 2928
2069 2155 2929
432 2690 2930
3628 1088 2931
1139 2137 2932
1784 1327 2933
636 1120 2934
1189 1100 2935
2957 3137 2936
2542 558 2937
2580 965 2938
2519 4025 2939
1126 672 2940
660 460 2941
1147 2650 2942
4100 795 2943
930 3434 2944
3134 1316 2945
633 2931 2946
3732 275 2947
1989 2758 2948
1550 3788 2949
2585 3574 2950
1665 2173 2951
2451 3120 2952
1793 1868 2953
633 297 2954
3997 3225 2955
3754 2302 2956
1530 324 2957
2857 1361 2958
2167 3524 2959
2413 1500 2960
1323 1251 2961
3252 3240 2962
3861 424 2963
2817 3955 2964
2492 3098 2965
976 3916 2966
3995 3298 2967
1794 290 2968
36 1290 2969
1620 3304 2970
1776 2539 2971
3757 3748 2972
3700 3460 2973
657 2263 2974
1830 1738 2975
1868 1930 2976
3621 137 2977
621 413 2978
738 3824 2979
3835 3757 2980
2165 494 2981
585 1787 2982
1188 2209 2983
1716 3198 2984
1495 89 2985
3084 3907 2986
134 2772 2987
2712 3366 2988
1875 3889 2989
3580 2610 2990
2982 4094 2991
1959 4002 2992
3713 1678 2993
3654 3025 2994
4018 3479 2995
3564 1568 2996
1156 201 2997
819 754 2998
2821 2763 2999
3513 1898 3000
461 2053 3001
1744 2760 3002
965 2329 3003
3707 1252 3004
3129 2506 3005
3287 1030 3006
3856 3504 3007
1523 2798 3008
1855 980 3009
681 2899 3010
3073 340 3011
1127 3349 3012
3300 614 3013
969 1846 3014
3237 1325 3015
2224 899 3016
1078 1494 3017
3218 2841 3018
565 2684 3019
1289 541 3020
3292 2438 3021
3944 3700 3022
816 1823 3023
2976 52 3024
1682 3754 3025
3379 1761 3026
3658 2625 3027
439 1961 3028
3408 302 3029
2139 2433 3030
1495 3423 3031
3028 212 3032
1178 695 3033
297 1473 3034
703 348 3035
3203 2710 3036
3018 3286 3037
2121 229 3038
2517 2705 3039
1962 1190 3040
378 1007 3041
3730 3090 3042
849 932 3043
190 2286 3044
2851 559 3045
2160 1429 3046
2269 588 3047
2806 2188 3048
1259 3760 3049
177 3947 3050
2868 3619 3051
1843 760 3052
562 3799 3053
2139 2886 3054
1528 3577 3055
1566 371 3056
3429 2101 3057
1371 109 3058
1855 1989 3059
194 346 3060
1481 3278 3061
2044 1026 3062
3142 124 3063
2926 3000 3064
2381 3105 3065
2200 3714 3066
363 2310 3067
4060 1019 3068
2543 982 3069
886 2900 3070
4006 2729 3071
2501 1341 3072
2995 1218 3073
408 529 3074
2822 1062 3075
399 1732 3076
1289 2109 3077
2300 1300 3078
1920 41 3079
1868 718 3080
121 1807 3081
2404 357 3082
2261 2787 3083
388 2848 3084
2171 2833 3085
362 2888 3086
1884 67 3087
3474 1659 3088
1529 197 3089
2890 1801 3090
3222 646 3091
3109 943 3092
586 1219 3093
3444 922 3094
1481 1676 3095
1827 427 3096
3749 3343 3097
2877 533 3098
3251 504 3099
4046 1567 3100
3624 1987 3101
1051 257 3102
794 2838 3103
1261 4053 3104
2147 1091 3105
2995 4037 3106
1974 3585 3107
2335 2077 3108
2067 1109 3109
461 2509 3110
3339 1416 3111
2627 626 3112
1671 2678 3113
984 586 3114
4057 2869 3115
3581 2741 3116
3083 3991 3117
3707 2700 3118
1876 555 3119
794 17 3120
2238 1179 3121
3409 30 3122
1166 1600 3123
3879 2378 3124
3942 3607 3125
1064 3457 3126
3560 3247 3127
2529 2679 3128
2483 321 3129
1014 3414 3130
951 957 3131
1199 1095 3132
1838 1529 3133
220 3283 3134
2174 1785 3135
906 3020 3136
2795 29 3137
2497 36 3138
1758 2185 3139
994 2385 3140
2026 4058 3141
3593 2550 3142
2090 1297 3143
672 3111 3144
2982 2297 3145
2200 1778 3146
2171 3559 3147
2456 1093 3148
390 2791 3149
737 3502 3150
3203 3965 3151
1430 1816 3152
835 1906 3153
1843 930 3154
3131 384 3155
2374 2865 3156
4064 1814 3157
657 2660 3158
988 498 3159
2056 4059 3160
2836 3376 3161
2601 1990 3162
3800 2265 3163
159 2927 3164
2268 1395 3165
3613 3557 3166
3282 3512 3167
2976 549 3168
1431 433 3169
66 2554 3170
269 1793 3171
3031 2027 3172
472 1748 3173
1497 3406 3174
568 2635 3175
713 1295 3176
1222 1511 3177
1418 3796 3178
4071 1644 3179
1982 3943 3180
297 836 3181
2005 273 3182
2393 751 3183
1430 271 3184
3886 2965 3185
3218 2205 3186
253 4085 3187
402 2196 3188
4078 1783 3189
2117 2577 3190
880 1352 3191
1671 3266 3192
843 2769 3193
711 2815 3194
776 97 3195
1091 1883 3196
2600 3014 3197
2685 2874 3198
1613 740 3199
1043 619 3200
3966 1647 3201
3663 1472 3202
1827 361 3203
1616 72 3204
2587 1506 3205
3956 2105 3206
2676 454 3207
770 3223 3208
4056 116 3209
1699 2902 3210
1054 2220 3211
3184 3771 3212
3153 3125 3213
529 750 3214
847 1111 3215
877 450 3216
1176 1597 3217
1389 3319 3218
3905 1402 3219
1422 3181 3220
2098 514 3221
3067 846 3222
2276 2400 3223
1536 545 3224
991 344 3225
2384 2990 3226
197 3173 3227
1230 810 3228
3209 2316 3229
3514 2942 3230
3552 1703 3231
1354 1614 3232
1033 3402 3233
2282 3840 3234
3031 3654 3235
1452 3969 3236
1693 1270 3237
1146 39 3238
2863 2947 3239
1153 259 3240
3815 2556 3241
2220 2561 3242
2129 3797 3243
2328 2770 3244
1738 2882 3245
3170 3764 3246
378 51 3247
390 3160 3248
2333 1926 3249
3891 3870 3250
1366 2432 3251
3567 3396 3252
3743 1612 3253
2425 2576 3254
3480 2434 3255
3117 3150 3256
471 3368 3257
4100 1232 3258
3679 827 3259
2371 396 3260
2541 1414 3261
63 645 3262
3821 1488 3263
1663 2537 3264
109 2958 3265
151 2146 3266
2058 2655 3267
1412 3087 3268
3913 1632 3269
2036 2046 3270
1430 2601 3271
3395 3959 3272
2081 2071 3273
220 178 3274
3865 857 3275
1021 3370 3276
1328 1978 3277
399 3401 3278
2768 1333 3279
26 2620 3280
1787 3617 3281
2108 2086 3282
703 160 3283
804 1969 3284
188 341 3285
3363 199 3286
1201 3054 3287
896 3883 3288
2792 985 3289
2736 2012 3290
3909 3749 3291
2402 3488 3292
2365 1840 3293
3149 863 3294
2452 3643 3295
1176 3398 3296
2633 3774 3297
1408 2589 3298
536 3810 3299
3837 1850 3300
3509 2067 3301
3547 3888 3302
2006 1570 3303
39 1074 3304
2083 579 3305
1258 1932 3306
82 3267 3307
3326 298 3308
3488 1516 3309
3101 2249 3310
1460 705 3311
2392 122 3312
940 728 3313
1218 3192 3314
651 3130 3315
3887 3339 3316
342 3373 3317
1144 874 3318
3024 2871 3319
1057 2597 3320
3136 3719 3321
2225 953 3322
1752 1874 3323
3536 133 3324
3192 399 3325
3351 3638 3326
3627 3882 3327
3432 515 3328
2165 2334 3329
651 220 3330
3223 2750 3331
119 2104 3332
3212 698 3333
1184 28 3334
829 1925 3335
2141 3897 3336
1046 3463 3337
3401 144 3338
2369 2343 3339
817 3818 3340
1320 3216 3341
63 2123 3342
159 3007 3343
2391 3273 3344
3152 771 3345
1166 2795 3346
1655 1123 3347
537 3702 3348
2489 1358 3349
1350 3036 3350
4058 130 3351
2237 53 3352
3678 3422 3353
3201 441 3354
443 1193 3355
1537 472 3356
2977 3496 3357
499 131 3358
3014 773 3359
3093 3847 3360
3770 978 3361
2139 3205 3362
2779 735 3363
1626 1477 3364
1027 2813 3365
1979 1967 3366
2468 2058 3367
2163 55 3368
3519 1345 3369
3861 2545 3370
3199 1695 3371
747 1384 3372
2027 2118 3373
861 4074 3374
1664 1173 3375
2894 1587 3376
836 779 3377
1732 3831 3378
449 1155 3379
1624 1016 3380
434 2448 3381
3763 573 3382
3201 3006 3383
2955 793 3384
2297 2744 3385
495 1363 3386
3792 2639 3387
104 3487 3388
3095 2239 3389
3081 4004 3390
3197 2257 3391
482 583 3392
2759 105 3393
663 3250 3394
706 1646 3395
1024 2052 3396
4093 3506 3397
2852 2861 3398
580 1690 3399
1697 2006 3400
713 1602 3401
819 880 3402
711 781 3403
509 1636 3404
2377 564 3405
956 815 3406
4039 1766 3407
775 3082 3408
2652 3276 3409
3010 186 3410
64 811 3411
297 2624 3412
3516 3668 3413
3373 1434 3414
639 1085 3415
97 901 3416
4043 2377 3417
3448 1948 3418
378 1050 3419
60 3058 3420
861 262 3421
939 3639 3422
905 1592 3423
296 577 3424
2743 2846 3425
2995 171 3426
2382 491 3427
2283 1942 3428
815 3793 3429
3790 3174 3430
3961 1648 3431
3010 221 3432
2456 4050 3433
1444 2124 3434
866 2199 3435
509 1583 3436
1889 2932 3437
2790 3582 3438
3222 3448 3439
2401 208 3440
2816 2277 3441
1565 796 3442
4048 3154 3443
1120 468 3444
2125 890 3445
2224 1641 3446
1387 3254 3447
1138 175 3448
202 355 3449
3219 2423 3450
1892 3717 3451
3751 2480 3452
228 3940 3453
2071 1090 3454
2476 641 3455
159 914 3456
972 1423 3457
1830 3152 3458
468 2785 3459
1854 1148 3460
911 2496 3461
2631 2011 3462
1720 1630 3463
1127 1157 3464
777 665 3465
3831 993 3466
93 1368 3467
3568 2331 3468
1870 516 3469
4019 2270 3470
2407 3705 3471
636 3443 3472
1299 1122 3473
1159 3919 3474
2015 366 3475
3135 3583 3476
2035 3439 3477
2540 2647 3478
3405 2089 3479
713 2403 3480
1218 3211 3481
2925 2231 3482
63 3139 3483
1132 1045 3484
3443 3245 3485
2334 1879 3486
544 3646 3487
3448 1298 3488
585 1038 3489
2835 34 3490
40 2780 3491
496 1073 3492
1112 1197 3493
2120 2698 3494
2995 3167 3495
1751 2198 3496
3605 2972 3497
3170 2467 3498
2464 2309 3499
271 211 3500
1494 1691 3501
505 1 3502
900 902 3503
3662 3658 3504
2880 875 3505
592 3975 3506
2520 2585 3507
3891 2470 3508
3128 979 3509
2413 148 3510
651 3632 3511
2976 3289 3512
354 1398 3513
1166 1740 3514
3930 1001 3515
2402 2857 3516
3705 417 3517
950 2541 3518
2377 2278 3519
1495 1022 3520
880 1743 3521
1558 1260 3522
3713 1765 3523
499 3261 3524
3101 2839 3525
3707 3215 3526
3383 1036 3527
3233 1665 3528
1243 1601 3529
1896 778 3530
2052 3410 3531
3442 1394 3532
159 648 3533
2629 375 3534
3260 3886 3535
800 2602 3536
1809 2573 3537
3989 327 3538
3168 3839 3539
1589 3438 3540
3975 1902 3541
1528 3136 3542
128 3348 3543
2510 1131 3544
788 2752 3545
3965 2261 3546
1786 2162 3547
3998 2324 3548
568 3667 3549
4097 3074 3550
508 956 3551
1816 1356 3552
1996 1312 3553
2843 3367 3554
850 2361 3555
3608 1858 3556
2389 2628 3557
1409 1910 3558
2432 2354 3559
2188 2988 3560
3282 294 3561
1879 3379 3562
1843 2712 3563
2408 632 3564
1920 3095 3565
4020 1760 3566
988 3823 3567
3378 1977 3568
1176 2738 3569
1699 70 3570
1740 2534 3571
4065 878 3572
2649 362 3573
3488 3615 3574
1286 1350 3575
2770 309 3576
1806 231 3577
675 2917 3578
2509 2337 3579
3925 237 3580
3045 2792 3581
3073 2013 3582
1133 3849 3583
3142 2255 3584
979 2523 3585
102 1281 3586
2656 481 3587
1002 2630 3588
1049 1596 3589
891 233 3590
186 3337 3591
801 3990 3592
1229 2271 3593
607 3711 3594
2415 1386 3595
3079 4031 3596
1356 1885 3597
496 2876 3598
1688 295 3599
655 333 3600
202 2280 3601
1022 2887 3602
3574 1634 3603
2712 1318 3604
1928 565 3605
720 2457 3606
3070 1943 3607
1045 2485 3608
2038 2936 3609
3887 2489 3610
3159 2148 3611
1246 4030 3612
1623 497 3613
2659 649 3614
1685 461 3615
2087 3478 3616
2245 3954 3617
2673 973 3618
496 1682 3619
913 4062 3620
2422 2345 3621
3663 2235 3622
363 1269 3623
1341 155 3624
951 1833 3625
3831 2863 3626
1989 4054 3627
3280 1422 3628
3569 969 3629
3754 3023 3630
3929 1825 3631
2753 756 3632
3334 2852 3633
2689 2492 3634
1810 1541 3635
4093 1981 3636
1428 638 3637
1965 3868 3638
1590 2426 3639
3343 3703 3640
2171 2037 3641
3830 2555 3642
1477 462 3643
3190 1442 3644
1785 2039 3645
131 1002 3646
4080 2009 3647
4000 3661 3648
188 165 3649
1105 2868 3650
2165 134 3651
3149 2000 3652
2491 1323 3653
1392 3670 3654
139 2816 3655
184 406 3656
2410 1875 3657
3800 2405 3658
3275 1622 3659
959 1924 3660
1101 4087 3661
2049 734 3662
2050 3210 3663
1584 3176 3664
3906 1709 3665
1581 526 3666
1884 2719 3667
1978 337 3668
3568 2398 3669
3753 1279 3670
1899 1843 3671
1315 2322 3672
1831 841 3673
198 1790 3674
3759 1549 3675
1899 283 3676
406 920 3677
186 3804 3678
1423 1522 3679
2918 1169 3680
561 1020 3681
3326 1808 3682
969 236 3683
3784 84 3684
2534 1532 3685
2053 3101 3686
2405 3455 3687
1520 3135 3688
1598 3647 3689
2156 73 3690
1467 4099 3691
2998 403 3692
2219 842 3693
2061 91 3694
3621 181 3695
2030 3456 3696
1918 1378 3697
2308 2703 3698
3077 2147 3699
1869 3928 3700
897 3017 3701
2581 900 3702
2411 3945 3703
2205 1535 3704
1167 2661 3705
2424 3884 3706
2394 598 3707
3858 2742 3708
3070 3239 3709
3522 1342 3710
1579 563 3711
3203 3827 3712
1741 3597 3713
1823 2217 3714
1377 707 3715
2328 479 3716
2769 503 3717
2369 1847 3718
2425 3214 3719
2614 1140 3720
2812 680 3721
2805 952 3722
1207 3817 3723
1272 1154 3724
2603 615 3725
1618 3397 3726
2205 961 3727
3448 1029 3728
3966 954 3729
1240 3485 3730
191 350 3731
2967 2910 3732
3300 1261 3733
2310 1302 3734
2453 2139 3735
3109 174 3736
1635 112 3737
569 872 3738
2821 1228 3739
1014 3690 3740
181 3325 3741
713 2287 3742
2971 1964 3743
2373 3371 3744
3767 1917 3745
1672 1569 3746
3075 1993 3747
2853 894 3748
2428 3825 3749
401 3982 3750
1699 1863 3751
1389 1780 3752
2551 2016 3753
2149 918 3754
2938 1955 3755
1229 3805 3756
1580 1540 3757
2439 603 3758
984 218 3759
1882 2416 3760
2526 2481 3761
3508 369 3762
3191 1049 3763
2682 730 3764
66 2376 3765
258 2652 3766
3393 1072 3767
2268 1771 3768
3771 3843 3769
3545 3314 3770
3250 3859 3771
3211 3725 3772
2430 3004 3773
1671 311 3774
2595 3403 3775
3955 3042 3776
3821 726 3777
499 3520 3778
2554 1443 3779
1156 2216 3780
36 35 3781
762 3953 3782
2967 1774 3783
3632 1253 3784
2341 2666 3785
192 1615 3786
363 3939 3787
1793 1604 3788
419 2064 3789
3738 2394 3790
593 3227 3791
3997 1288 3792
708 3351 3793
3107 3399 3794
1362 3510 3795
946 539 3796
3938 3016 3797
1328 1412 3798
4011 1239 3799
3221 332 3800
1412 2953 3801
2831 3296 3802
2521 3040 3803
1964 245 3804
1826 1105 3805
755 391 3806
330 1025 3807
3006 2808 3808
1279 1381 3809
139 859 3810
784 882 3811
2425 3446 3812
2328 3347 3813
1003 1689 3814
615 3143 3815
1269 1591 3816
1714 3747 3817
2014 1003 3818
2747 1230 3819
3042 492 3820
2596 145 3821
3643 1017 3822
1630 2743 3823
724 3514 3824
342 1888 3825
2564 1590 3826
566 2793 3827
1798 3778 3828
755 2461 3829
529 1938 3830
2898 786 3831
2029 3384 3832
3227 2258 3833
1830 1980 3834
1090 3921 3835
1699 1838 3836
857 1848 3837
2529 1483 3838
2768 3915 3839
1872 3248 3840
3473 95 3841
657 3421 3842
1961 2043 3843
1744 1117 3844
102 4035 3845
1101 3346 3846
452 2716 3847
1818 4006 3848
2319 1465 3849
2121 254 3850
533 3377 3851
2841 188 3852
2986 3917 3853
3838 1877 3854
3856 597 3855
134 2323 3856
1629 1626 3857
3116 216 3858
3591 38 3859
63 25 3860
3115 380 3861
2117 886 3862
360 2042 3863
2543 2547 3864
3558 1264 3865
1549 3879 3866
3937 517 3867
3075 3744 3868
1503 1445 3869
2957 386 3870
1649 2827 3871
1986 3172 3872
1481 2289 3873
151 118 3874
3380 2107 3875
536 1620 3876
1699 3282 3877
2559 3112 3878
1473 3219 3879
1520 349 3880
1947 50 3881
74 1099 3882
221 664 3883
702 3279 3884
241 1064 3885
3249 3238 3886
1312 1686 3887
1163 768 3888
3016 4036 3889
2794 2299 3890
1835 2175 3891
3770 2120 3892
1948 3318 3893
2205 2946 3894
1133 4001 3895
2432 3309 3896
3136 1067 3897
1364 3759 3898
1429 3103 3899
801 1349 3900
3024 1758 3901
828 1609 3902
507 3165 3903
363 1495 3904
3942 2566 3905
2274 1512 3906
1888 1296 3907
2835 3207 3908
3071 248 3909
4100 3630 3910
3543 2246 3911
2998 3770 3912
3172 3685 3913
2986 584 3914
3569 1860 3915
2689 2721 3916
832 274 3917
3505 2478 3918
2147 2402 3919
1246 2215 3920
873 3315 3921
1838 408 3922
566 1196 3923
2967 2304 3924
1360 865 3925
1078 2219 3926
399 835 3927
817 2939 3928
1033 962 3929
2438 3976 3930
4066 3044 3931
651 2238 3932
855 292 3933
600 3663 3934
2595 1233 3935
983 3068 3936
3362 289 3937
255 205 3938
3176 3498 3939
2147 180 3940
3633 7 3941
3654 1520 3942
2405 2756 3943
3200 1824 3944
3884 3901 3945
1682 1076 3946
1117 2044 3947
3129 222 3948
2891 3598 3949
1083 3027 3950
2622 3964 3951
1957 3335 3952
822 1162 3953
3226 1205 3954
1347 905 3955
387 1287 3956
478 2688 3957
271 3511 3958
2367 1198 3959
2935 416 3960
3207 1235 3961
839 2452 3962
1292 2593 3963
1135 3196 3964
848 554 3965
150 2296 3966
3540 269 3967
3343 219 3968
1183 1664 3969
43 1752 3970
332 576 3971
839 1248 3972
790 2088 3973
1707 3114 3974
2629 2811 3975
2414 2256 3976
778 432 3977
2452 2340 3978
1687 1986 3979
4039 1683 3980
1838 2274 3981
3643 1021 3982
2232 2890 3983
3062 3979 3984
2394 3243 3985
839 2551 3986
2601 1803 3987
2274 3060 3988
2168 2032 3989
2285 1521 3990
3989 3620 3991
1790 696 3992
1634 700 3993
294 3923 3994
1706 3729 3995
270 1418 3996
4023 2828 3997
2413 3053 3998
312 1309 3999
639 1000 4000
2199 488 4001
1279 3206 4002
1803 1928 4003
1873 288 4004
296 2112 4005
1039 677 4006
2382 143 4007
856 1310 4008
1006 1182 4009
3468 3531 4010
604 2959 4011
1832 673 4012
2892 347 4013
3576 1909 4014
255 423 4015
1713 1340 4016
244 904 4017
2566 737 4018
3180 2991 4019
399 209 4020
3398 243 4021
3104 1178 4022
2852 3710 4023
3300 2636 4024
2812 2325 4025
2517 2735 4026
53 1717 4027
2982 2407 4028
2232 195 4029
643 3981 4030
3696 1606 4031
2312 2047 4032
2348 2933 4033
1616 3253 4034
2424 2190 4035
864 950 4036
893 925 4037
1943 631 4038
316 2997 4039
4058 3920 4040
3628 2950 4041
2369 3140 4042
1105 2804 4043
1660 2144 4044
2528 1768 4045
2852 1145 4046
58 685 4047
1908 551 4048
1433 3064 4049
2798 2985 4050
940 2736 4051
452 2387 4052
2422 2826 4053
271 3194 4054
1365 2045 4055
2650 2368 4056
2058 3636 4057
3738 1014 4058
2083 3694 4059
680 2208 4060
3801 2632 4061
506 1934 4062
642 1204 4063
2339 1405 4064
1947 1693 4065
701 3466 4066
3547 3821 4067
587 4033 4068
1802 3822 4069
3723 3830 4070
3843 684 4071
2924 2727 4072
651 2516 4073
461 3569 4074
473 23 4075
1989 3041 4076
4016 1963 4077
2141 170 4078
3294 3676 4079
1980 3876 4080
1467 3390 4081
1211 3447 4082
632 2835 4083
2572 1789 4084
3523 2365 4085
835 924 4086
403 2595 4087
3704 3474 4088
183 1911 4089
557 2504 4090
205 3866 4091
1105 478 4092
461 1662 4093
473 1829 4094
731 682 4095
3767 2169 4096
4048 634 4097
3673 1428 4098
1003 3168 4099
2219 1762 4100
