4400 4400 4400
3872 3462 1
4200 1619 2
3018 3407 3
4170 2654 4
1960 880 5
4328 2975 6
4301 466 7
3878 2713 8
2332 4269 9
3900 1414 10
508 2537 11
3907 2321 12
2580 2251 13
1586 4307 14
1876 3155 15
3932 581 16
2917 2930 17
1742 3145 18
277 4278 19
2521 2139 20
2262 732 21
2147 2038 22
4017 1190 23
3213 1022 24
2187 484 25
3734 3919 26
2972 3692 27
2870 2632 28
194 469 29
1296 4295 30
481 907 31
333 4122 32
122 2286 33
3461 3792 34
3823 2965 35
3128 3096 36
2591 734 37
84 202 38
3281 1418 39
1946 2123 40
2595 739 41
4318 1013 42
882 2575 43
505 4157 44
1779 2097 45
823 2620 46
1880 878 47
2471 619 48
137 2983 49
3341 2428 50
3500 3417 51
3829 3092 52
2820 2582 53
1282 2201 54
910 2780 55
3705 3178 56
3097 952 57
1562 4233 58
2416 780 59
2181 3593 60
744 1749 61
1055 1359 62
2519 2741 63
4116 3041 64
2494 1861 65
2948 3591 66
2185 982 67
2727 1185 68
3378 3753 69
2076 3043 70
1457 562 71
2169 1238 72
45 984 73
3855 2084 74
1768 4142 75
4120 1505 76
3168 2346 77
2564 3334 78
3454 4215 79
4019 3736 80
3746 68 81
3141 1948 82
2076 305 83
3703 71 84
3494 3009 85
2143 1501 86
3385 1621 87
2597 3949 88
2013 3491 89
1925 3212 90
3165 4198 91
3724 3416 92
1925 4390 93
910 4129 94
3809 1782 95
576 983 96
4095 2193 97
3691 2230 98
539 3688 99
2086 2708 100
855 140 101
2072 2096 102
800 2398 103
305 277 104
14 2452 105
2699 1502 106
2241 2837 107
3680 2327 108
1900 1801 109
4051 2002 110
2026 2362 111
153 3003 112
1744 3812 113
1360 2922 114
2080 3382 115
812 430 116
2606 2320 117
2884 3517 118
3807 275 119
3350 1797 120
1 3410 121
1916 607 122
742 411 123
2493 4388 124
4054 270 125
2035 3369 126
3669 2633 127
2046 2738 128
2009 3619 129
2147 745 130
1942 3913 131
75 2629 132
322 1652 133
1570 2672 134
854 341 135
485 4363 136
325 3711 137
2326 2989 138
815 1565 139
2353 3078 140
1096 958 141
2887 4349 142
3073 2951 143
3975 2835 144
4207 3866 145
1330 2561 146
305 892 147
580 3666 148
989 1886 149
432 3854 150
1292 4119 151
342 3207 152
181 2584 153
4371 326 154
3283 2572 155
3645 2923 156
3632 3668 157
4054 1589 158
1145 916 159
933 2114 160
3667 1270 161
868 1929 162
4250 4382 163
701 719 164
928 1154 165
2050 1129 166
555 541 167
2660 4149 168
592 2760 169
63 4315 170
1446 2047 171
4013 4099 172
3830 2303 173
312 467 174
1665 1364 175
1175 3691 176
1527 1874 177
349 3123 178
2065 3360 179
217 1757 180
645 1876 181
493 3296 182
2306 3767 183
1607 3784 184
3786 2211 185
863 246 186
4007 1370 187
3342 55 188
4399 1426 189
4345 2854 190
3551 1574 191
4025 2650 192
740 2720 193
1079 3038 194
1034 1289 195
680 3053 196
3568 428 197
2089 1385 198
2242 2607 199
97 1283 200
1935 2764 201
3944 3014 202
404 1979 203
3323 3203 204
3905 492 205
812 1832 206
3378 2304 207
516 2936 208
2440 1439 209
3674 3202 210
1360 633 211
2448 3842 212
4178 4259 213
2437 1062 214
1601 3946 215
4363 408 216
1414 2490 217
2502 398 218
175 129 219
3870 3408 220
86 610 221
2627 1859 222
1464 2699 223
2013 3020 224
2712 2931 225
381 2087 226
2 1669 227
1830 4250 228
2226 2293 229
533 3401 230
1302 1410 231
1641 3 232
505 3503 233
3061 2980 234
2786 144 235
3202 224 236
190 3823 237
3481 3502 238
2447 1833 239
4378 1231 240
2116 4248 241
1607 3317 242
3742 3428 243
2866 1027 244
3191 657 245
3499 1124 246
3054 585 247
314 485 248
4083 3952 249
1183 2613 250
3081 4280 251
61 3098 252
2664 787 253
3439 242 254
4210 1156 255
2397 1624 256
2990 4350 257
4216 4242 258
624 768 259
2877 1812 260
715 2323 261
2073 2488 262
3294 2348 263
19 1971 264
3262 3547 265
1163 2311 266
2525 970 267
2076 1927 268
57 782 269
3152 2823 270
4095 2153 271
396 1045 272
1132 2292 273
1781 771 274
2108 1138 275
3425 3163 276
2380 1262 277
722 3381 278
3881 3301 279
32 638 280
3334 2831 281
3116 1228 282
1175 4293 283
115 2402 284
3097 1493 285
3785 1939 286
1490 3000 287
1075 4202 288
4000 4213 289
4094 1899 290
3650 101 291
1005 2475 292
1851 2508 293
705 3728 294
4157 1172 295
3372 825 296
2571 1159 297
3384 2453 298
4119 3351 299
1404 877 300
4002 3232 301
1858 1830 302
1040 854 303
1950 3671 304
1902 3512 305
993 4227 306
674 2196 307
1447 1298 308
2169 255 309
1050 1982 310
164 3271 311
2416 363 312
3294 3904 313
2361 348 314
3385 2314 315
711 3483 316
2984 4076 317
2969 1453 318
2174 594 319
2260 3233 320
925 14 321
1355 2457 322
3266 3195 323
4214 1254 324
1506 4135 325
1878 4073 326
4292 511 327
1721 1993 328
3694 2354 329
980 3538 330
4379 1275 331
4215 748 332
790 3968 333
4083 1750 334
1339 116 335
4358 290 336
3830 1835 337
2470 1176 338
793 665 339
3742 1763 340
1037 2363 341
2717 699 342
452 4047 343
2847 1773 344
3344 76 345
2893 2787 346
3867 560 347
1034 3632 348
3130 2287 349
3148 3058 350
4125 1697 351
2283 2285 352
1134 450 353
2896 3419 354
3633 1608 355
2911 557 356
1408 4014 357
562 896 358
2082 3739 359
3688 27 360
2273 1284 361
1848 2074 362
3085 1381 363
810 3874 364
109 4277 365
2308 3513 366
448 165 367
1645 3912 368
1192 2718 369
2165 1202 370
3018 2116 371
2791 2078 372
1312 1818 373
1055 2256 374
1571 3844 375
1561 959 376
2119 1310 377
1173 3855 378
35 1496 379
815 2873 380
19 209 381
3754 2063 382
1555 4052 383
1331 1786 384
1820 54 385
2142 713 386
3288 2622 387
1736 1048 388
2355 3856 389
3270 208 390
140 2419 391
423 1226 392
1527 2519 393
1031 3677 394
3451 2729 395
1663 2694 396
2933 1949 397
4306 1645 398
2758 2904 399
3265 659 400
602 4111 401
1953 911 402
1339 3470 403
1611 376 404
3563 1774 405
1144 3090 406
1121 1924 407
3496 3918 408
3418 1193 409
1654 661 410
4193 4247 411
1793 2336 412
1151 4285 413
590 572 414
4069 1990 415
2577 3274 416
534 2016 417
2039 3899 418
2175 1810 419
3842 4235 420
505 1340 421
4248 227 422
1285 1557 423
222 1831 424
3196 3905 425
1601 1345 426
1122 509 427
379 2973 428
564 1631 429
1716 3577 430
2114 2838 431
2887 870 432
3746 3920 433
4174 2372 434
4400 3097 435
2072 1995 436
2010 304 437
3646 3248 438
3867 3031 439
4219 1997 440
1531 4348 441
1645 2239 442
1760 229 443
115 3700 444
377 922 445
757 2273 446
639 2886 447
3629 3835 448
4048 1871 449
1152 593 450
4130 2086 451
473 3183 452
3895 1143 453
120 1103 454
3219 1521 455
2130 3534 456
2337 1483 457
2154 525 458
1245 3482 459
3714 929 460
2073 239 461
759 2941 462
2797 384 463
2473 4154 464
2354 1547 465
3942 698 466
1687 3914 467
2943 2670 468
1915 2409 469
2025 3892 470
3016 3670 471
1664 2085 472
3867 2749 473
2134 3015 474
800 1336 475
3832 891 476
4193 151 477
2099 2558 478
3828 3129 479
4054 2794 480
3929 423 481
735 155 482
2267 173 483
4212 3549 484
1421 3465 485
1761 2925 486
683 1032 487
2648 2143 488
2725 4362 489
922 1654 490
2287 3988 491
3402 2044 492
4063 1177 493
4228 1468 494
2658 2570 495
1602 1078 496
1916 2082 497
2220 4329 498
3647 4006 499
1421 3359 500
2802 2962 501
3987 576 502
2944 3568 503
3556 4156 504
1918 3148 505
2716 3922 506
452 4333 507
3934 749 508
2070 212 509
810 3893 510
1466 1866 511
854 2755 512
1763 942 513
3225 2172 514
70 1288 515
718 865 516
683 2716 517
951 40 518
45 2594 519
2532 1825 520
230 3759 521
3083 3978 522
3900 2191 523
3047 2200 524
4199 2771 525
2699 1232 526
1289 2745 527
701 322 528
1109 662 529
1779 1295 530
194 1211 531
1005 2727 532
2656 1576 533
528 1382 534
2185 2734 535
1147 2602 536
2878 2646 537
1438 2689 538
277 1651 539
3895 3910 540
846 3945 541
4199 905 542
2345 1074 543
3956 425 544
708 6 545
575 1166 546
661 4190 547
4400 3900 548
4302 2843 549
3006 1160 550
2559 1563 551
549 1787 552
1781 1071 553
1308 543 554
1494 4267 555
993 2493 556
3466 352 557
1504 1603 558
1456 1617 559
3569 3484 560
1725 1668 561
19 3102 562
4240 1317 563
3027 1573 564
46 3085 565
624 1558 566
2326 1851 567
2666 481 568
4360 5 569
1182 3596 570
881 3228 571
1627 2027 572
99 656 573
2688 691 574
1183 2236 575
2143 2456 576
2072 1534 577
4035 105 578
3244 2819 579
3717 1983 580
817 4148 581
4384 2740 582
4394 1452 583
139 2268 584
4346 2550 585
4294 1662 586
3475 4339 587
3835 2848 588
2088 1771 589
1539 3136 590
3457 533 591
159 3328 592
4176 1263 593
749 1800 594
235 3013 595
2884 747 596
952 3164 597
2025 2358 598
4327 2217 599
1640 639 600
4303 1895 601
1005 3695 602
933 2033 603
2335 4231 604
1946 2088 605
1256 1848 606
1075 3732 607
4005 3372 608
1239 191 609
555 3457 610
4016 986 611
678 2868 612
1670 180 613
2247 3909 614
3330 802 615
3858 1514 616
3898 3335 617
689 3820 618
574 2833 619
1407 2379 620
3010 2581 621
4051 1779 622
284 812 623
155 3023 624
217 368 625
945 66 626
3166 523 627
3702 3622 628
3132 434 629
23 2176 630
1040 2010 631
1822 987 632
3976 924 633
1727 3394 634
429 452 635
1878 2905 636
2241 3380 637
4095 1197 638
1782 3493 639
3837 683 640
3292 764 641
4303 2199 642
2328 508 643
905 4152 644
2631 725 645
3238 2531 646
3036 1037 647
236 2221 648
1663 2432 649
2535 548 650
3178 3930 651
310 2266 652
3295 2177 653
1791 778 654
3481 381 655
4215 2617 656
4334 2253 657
571 1126 658
4264 3573 659
631 2173 660
3835 3663 661
1187 3729 662
3910 3064 663
2303 4384 664
1509 3669 665
299 1712 666
3944 1042 667
3306 4226 668
2816 4113 669
1742 2788 670
2829 3065 671
724 3558 672
2675 2101 673
2027 938 674
1836 1102 675
4193 1158 676
4060 948 677
1761 1272 678
632 1857 679
1428 3260 680
488 4141 681
1445 2433 682
1971 3431 683
259 3220 684
2688 3758 685
2562 817 686
3170 2829 687
2824 4011 688
1098 1358 689
3159 3803 690
3885 145 691
1009 2601 692
179 1091 693
4307 3074 694
3647 1512 695
3807 1251 696
4378 1585 697
343 3570 698
2744 3390 699
2962 4381 700
1836 3939 701
2857 3520 702
1787 829 703
351 3362 704
3431 2818 705
67 2222 706
1302 2778 707
720 2147 708
654 4193 709
1835 4204 710
2754 2089 711
3299 2167 712
964 3715 713
1061 3235 714
3034 2017 715
1101 603 716
656 1205 717
3801 1917 718
3413 3426 719
568 570 720
158 279 721
2241 1082 722
8 1897 723
354 746 724
902 2608 725
4090 1271 726
1948 12 727
282 2225 728
3804 7 729
105 1891 730
4141 2340 731
3169 2135 732
27 4241 733
1729 3672 734
370 1279 735
1831 3132 736
1900 4158 737
2470 2283 738
194 3414 739
2497 2970 740
598 3928 741
1239 2335 742
3842 313 743
3384 1287 744
2688 1725 745
1111 4354 746
4286 3586 747
2353 4123 748
2545 2680 749
3987 2024 750
1176 3550 751
3534 1305 752
3097 2337 753
1719 98 754
158 1029 755
3344 3068 756
486 1903 757
1995 4084 758
1166 2151 759
3223 392 760
2238 701 761
583 4121 762
3134 1343 763
3342 3323 764
844 2540 765
2664 1478 766
1134 2393 767
631 3374 768
3785 3704 769
486 2080 770
3071 41 771
4371 4168 772
3705 3522 773
1222 3269 774
2554 306 775
948 1850 776
252 1736 777
2097 2204 778
1240 2073 779
1266 1609 780
3888 3226 781
605 882 782
2648 2152 783
3492 2247 784
3102 2395 785
2513 1887 786
2442 3446 787
457 2919 788
2238 1008 789
4062 814 790
3100 3966 791
1212 3539 792
252 1989 793
3867 2546 794
373 3304 795
1176 853 796
1869 646 797
229 784 798
1894 59 799
2209 2160 800
1341 2542 801
2390 1700 802
67 1435 803
2677 3751 804
3292 2227 805
543 3798 806
3064 618 807
3470 2111 808
1441 1475 809
3588 1131 810
1035 1471 811
1131 2987 812
1018 3748 813
3288 863 814
251 261 815
3585 2068 816
269 1147 817
2597 724 818
1183 4225 819
1687 3765 820
1471 2387 821
4306 3790 822
752 182 823
2026 811 824
2002 914 825
4099 4 826
1779 2631 827
1779 146 828
1283 808 829
386 612 830
3648 954 831
3281 2263 832
2098 1766 833
4262 100 834
3566 2628 835
3564 712 836
3227 588 837
2253 3189 838
3130 2140 839
192 1069 840
2746 20 841
746 2541 842
3887 2220 843
2294 2743 844
3177 4103 845
124 2408 846
1325 483 847
925 2213 848
1429 3582 849
168 1488 850
2962 1046 851
2442 1104 852
3167 653 853
2315 1809 854
115 3364 855
1672 51 856
3196 1421 857
3102 590 858
2766 2988 859
399 3575 860
3030 1713 861
2475 3600 862
757 1681 863
2375 2036 864
3674 1201 865
596 1570 866
1571 3516 867
111 2870 868
2044 89 869
349 2299 870
1289 3118 871
3089 524 872
492 2719 873
3173 3094 874
692 1822 875
1001 2841 876
3445 4372 877
3134 2474 878
1386 2661 879
1727 4186 880
344 678 881
3342 3836 882
1716 4340 883
3268 2527 884
55 347 885
845 103 886
3188 3298 887
2630 3727 888
4079 848 889
3685 3894 890
4178 2385 891
655 2882 892
2847 3126 893
351 2549 894
1728 4106 895
2734 912 896
946 821 897
4157 992 898
4264 1699 899
4280 2779 900
2578 446 901
1510 2856 902
1017 2104 903
59 3927 904
307 2732 905
584 4217 906
3765 4276 907
353 2274 908
3268 2655 909
2361 133 910
906 3937 911
1709 4062 912
420 716 913
768 1600 914
3975 781 915
4076 1467 916
2553 3771 917
422 629 918
2624 2815 919
3270 81 920
1289 2429 921
158 3024 922
279 1458 923
3956 251 924
1558 1 925
4324 2127 926
1334 1261 927
692 1991 928
4326 2562 929
2243 3931 930
75 257 931
2703 3603 932
2886 3110 933
3356 3742 934
2347 1555 935
427 2800 936
1942 3705 937
993 3214 938
868 2878 939
2546 330 940
439 32 941
1418 884 942
3445 3576 943
709 1952 944
238 1259 945
1104 2543 946
1362 2361 947
416 2754 948
2356 2836 949
4186 2186 950
283 1089 951
427 1347 952
1687 3936 953
1625 2368 954
3318 666 955
1278 2967 956
219 375 957
3530 157 958
2652 2414 959
1104 923 960
1360 1314 961
4232 1098 962
19 700 963
21 540 964
3498 1178 965
2138 1459 966
655 964 967
751 3040 968
4007 4179 969
486 4013 970
431 1085 971
3642 4298 972
4218 2481 973
2680 4214 974
622 2357 975
1687 1015 976
3454 2412 977
2722 2725 978
106 3890 979
409 1506 980
2796 2888 981
2145 1636 982
343 2231 983
319 2243 984
1945 3706 985
666 4144 986
1879 2950 987
2089 3421 988
2740 3578 989
2399 3283 990
2445 2205 991
3484 216 992
2803 2512 993
4337 1616 994
1654 2373 995
4095 1748 996
1679 1323 997
3987 3652 998
2358 3897 999
854 3545 1000
3025 250 1001
1421 3294 1002
1189 2030 1003
821 669 1004
3534 2590 1005
1074 2115 1006
266 2872 1007
1101 3205 1008
2392 556 1009
429 4042 1010
141 3933 1011
1069 985 1012
1929 4331 1013
3903 1064 1014
2658 3716 1015
1526 4181 1016
1100 1495 1017
1333 3574 1018
1068 1324 1019
2238 2809 1020
1222 3658 1021
416 1513 1022
3191 4094 1023
2386 24 1024
4237 3415 1025
4076 595 1026
3063 143 1027
3900 2383 1028
3780 2783 1029
3426 913 1030
2751 1762 1031
422 252 1032
2976 437 1033
516 2477 1034
2730 2906 1035
683 3987 1036
1479 2158 1037
2563 2483 1038
845 3035 1039
3830 687 1040
4151 3319 1041
3764 2374 1042
1951 2223 1043
2907 2000 1044
868 233 1045
3689 1287 1046
2569 3216 1047
1087 337 1048
2826 869 1049
3372 2403 1050
2984 2476 1051
617 757 1052
2994 4147 1053
505 2103 1054
1175 1937 1055
2513 3917 1056
922 1739 1057
4208 3587 1058
141 2587 1059
757 4263 1060
2341 204 1061
3325 944 1062
3876 3121 1063
2994 2144 1064
2416 2267 1065
3492 1083 1066
982 1625 1067
747 3468 1068
3620 935 1069
482 189 1070
1308 10 1071
293 1396 1072
1502 1443 1073
1562 1220 1074
2212 3868 1075
77 816 1076
1330 516 1077
3454 2885 1078
2159 4290 1079
487 553 1080
2651 1055 1081
2188 3252 1082
982 893 1083
855 1470 1084
325 3338 1085
3469 1216 1086
4354 1765 1087
1425 799 1088
1175 1934 1089
1607 2338 1090
4363 2515 1091
84 4351 1092
1079 3125 1093
3321 2455 1094
2122 962 1095
3080 2308 1096
257 1548 1097
1267 2021 1098
143 3165 1099
955 3690 1100
187 2964 1101
1247 1688 1102
797 2014 1103
1817 1578 1104
4102 1487 1105
97 2947 1106
1505 3290 1107
1429 1722 1108
3148 2770 1109
3262 1892 1110
122 1115 1111
687 3143 1112
998 2011 1113
4194 1731 1114
628 1741 1115
649 4254 1116
881 1369 1117
1835 2664 1118
3799 321 1119
608 3698 1120
2798 961 1121
4202 671 1122
3555 56 1123
683 132 1124
3885 2198 1125
2082 1390 1126
1173 4063 1127
3919 414 1128
3875 1962 1129
1 2736 1130
1952 3249 1131
3830 1466 1132
3130 1400 1133
2958 2705 1134
1550 2407 1135
3726 1860 1136
2358 3865 1137
640 2751 1138
2730 2154 1139
2878 1836 1140
731 2671 1141
797 3498 1142
3055 3481 1143
1604 1798 1144
1232 2712 1145
2942 2668 1146
1118 1732 1147
4394 2184 1148
909 3608 1149
4192 3194 1150
44 1893 1151
1739 3069 1152
3310 897 1153
395 679 1154
2461 1633 1155
3368 2328 1156
3777 3877 1157
2420 788 1158
3659 3526 1159
2580 1916 1160
2353 2585 1161
137 374 1162
4258 207 1163
2116 1360 1164
2418 4026 1165
3618 2765 1166
2662 3853 1167
2248 3634 1168
3893 4080 1169
200 156 1170
354 2182 1171
2629 1066 1172
1359 2029 1173
2730 866 1174
3832 759 1175
470 389 1176
3360 928 1177
834 2028 1178
4244 3114 1179
2884 3626 1180
676 1852 1181
762 827 1182
2182 941 1183
1600 3433 1184
1975 4170 1185
1378 382 1186
1312 3316 1187
2803 489 1188
4051 1044 1189
938 3254 1190
284 2907 1191
2866 3673 1192
2089 2948 1193
3103 288 1194
3029 4028 1195
2185 2075 1196
668 2830 1197
97 2339 1198
137 2863 1199
3068 3642 1200
1489 1328 1201
3150 1515 1202
3714 3443 1203
255 3168 1204
989 2746 1205
936 3682 1206
2545 2798 1207
3680 2990 1208
3218 559 1209
948 3350 1210
2524 801 1211
4215 3625 1212
1677 3873 1213
505 2638 1214
1770 2785 1215
1876 3959 1216
3079 473 1217
3904 1491 1218
448 2279 1219
2560 4086 1220
1015 2315 1221
3196 624 1222
2939 2640 1223
1444 2776 1224
687 365 1225
194 3185 1226
687 2156 1227
3318 1960 1228
793 2757 1229
1529 3486 1230
314 3349 1231
1310 3915 1232
1114 3180 1233
1618 3789 1234
3414 2094 1235
3101 3506 1236
1941 3250 1237
1168 3395 1238
3329 1734 1239
2575 2070 1240
1262 2390 1241
4244 625 1242
3474 3257 1243
2103 127 1244
1470 2391 1245
543 3797 1246
3832 1922 1247
1855 3378 1248
2488 650 1249
2009 2861 1250
1245 980 1251
2807 2397 1252
1934 1987 1253
2283 4353 1254
2487 426 1255
249 3340 1256
191 2145 1257
3955 3521 1258
2327 4261 1259
330 1088 1260
4327 2289 1261
3655 2748 1262
4014 4034 1263
747 3299 1264
2553 4304 1265
539 1182 1266
1478 118 1267
3535 1136 1268
3449 584 1269
3564 2706 1270
3664 4320 1271
2448 2693 1272
2923 1792 1273
1003 3662 1274
2902 1970 1275
675 838 1276
239 2935 1277
3436 1392 1278
1831 1246 1279
3929 2500 1280
2933 2739 1281
743 3829 1282
2092 248 1283
3044 969 1284
3830 3385 1285
1245 1933 1286
1425 4039 1287
2516 4289 1288
3765 842 1289
2564 4131 1290
2660 731 1291
1188 2556 1292
1785 1056 1293
1676 1461 1294
1865 1795 1295
2020 139 1296
3379 4334 1297
2545 3103 1298
499 2879 1299
3307 832 1300
848 4237 1301
4054 711 1302
96 2261 1303
3438 2653 1304
888 1828 1305
2580 2294 1306
3879 1706 1307
3786 1562 1308
675 4337 1309
1664 930 1310
3251 4271 1311
469 3645 1312
2681 1913 1313
4092 2869 1314
3682 2356 1315
590 578 1316
1897 2625 1317
1570 4245 1318
1447 720 1319
333 3213 1320
4329 3405 1321
1256 1401 1322
1032 4385 1323
59 1587 1324
1935 3731 1325
3716 3871 1326
1979 1253 1327
170 1740 1328
292 3938 1329
1236 2887 1330
3809 1564 1331
2271 529 1332
3900 2130 1333
3429 3944 1334
402 587 1335
1837 436 1336
3879 1362 1337
4231 2026 1338
2015 900 1339
2400 4037 1340
2899 1269 1341
1991 2330 1342
4189 495 1343
1801 901 1344
377 2009 1345
3198 3424 1346
4253 443 1347
634 2468 1348
2071 2207 1349
3555 3817 1350
4049 978 1351
486 1484 1352
521 77 1353
2234 3011 1354
1339 266 1355
3212 512 1356
561 161 1357
928 3306 1358
2680 1497 1359
3368 939 1360
568 3361 1361
1941 4074 1362
3407 4234 1363
4346 1455 1364
2116 3887 1365
2559 1189 1366
521 370 1367
249 3238 1368
1971 2535 1369
3781 1554 1370
2023 4341 1371
488 3310 1372
2014 2377 1373
377 1244 1374
1508 3373 1375
906 3261 1376
1256 3770 1377
3035 3144 1378
1823 3131 1379
2656 3696 1380
895 1416 1381
3999 3347 1382
1240 343 1383
3638 3496 1384
596 205 1385
3062 4059 1386
429 369 1387
1043 2420 1388
590 1049 1389
4157 1415 1390
3392 4210 1391
1 1615 1392
3041 3322 1393
1226 3737 1394
1642 3839 1395
1457 2241 1396
3929 2533 1397
1781 1267 1398
65 2022 1399
642 990 1400
3657 2332 1401
3234 2576 1402
3426 3852 1403
4076 395 1404
607 4114 1405
249 886 1406
831 2761 1407
488 3159 1408
745 1265 1409
634 122 1410
2969 549 1411
4199 230 1412
4065 766 1413
3879 256 1414
1054 798 1415
3124 447 1416
789 546 1417
4316 2663 1418
3191 3902 1419
385 2132 1420
1640 3333 1421
499 3221 1422
3385 1174 1423
654 1073 1424
3177 413 1425
1457 1632 1426
1432 3455 1427
1132 1481 1428
1429 3926 1429
2265 3199 1430
2878 2013 1431
1309 4296 1432
459 2110 1433
2371 2929 1434
194 718 1435
3407 3032 1436
3904 1213 1437
3841 1737 1438
1174 3594 1439
621 4027 1440
4090 3308 1441
1477 3761 1442
2553 4200 1443
2972 1588 1444
1949 3941 1445
3783 2683 1446
271 2853 1447
4000 2102 1448
2234 438 1449
2071 3241 1450
2390 3685 1451
2956 4199 1452
3046 693 1453
78 1412 1454
4300 1683 1455
1512 3884 1456
76 1007 1457
1864 4229 1458
1607 4109 1459
3898 1516 1460
3867 4344 1461
1205 532 1462
1246 3777 1463
2182 1327 1464
994 4118 1465
1655 4361 1466
4038 267 1467
3231 3722 1468
3160 427 1469
3651 1110 1470
3681 2219 1471
372 2555 1472
3784 2093 1473
2574 1856 1474
1835 1203 1475
4054 3675 1476
2264 1379 1477
434 3535 1478
1040 1003 1479
1835 868 1480
2268 1372 1481
2059 2810 1482
571 99 1483
1589 3051 1484
4183 1447 1485
2358 2458 1486
3218 4283 1487
1855 1101 1488
3492 565 1489
2185 1827 1490
549 37 1491
1159 4219 1492
718 1380 1493
2734 1023 1494
2388 3708 1495
1320 3473 1496
3146 3646 1497
584 1646 1498
3704 4223 1499
800 4392 1500
3709 2998 1501
2369 2238 1502
3741 3284 1503
3685 1864 1504
1210 1293 1505
3160 1746 1506
71 1755 1507
1728 1388 1508
2494 1951 1509
981 111 1510
3466 117 1511
4054 3555 1512
2519 2615 1513
2955 1950 1514
957 498 1515
900 4359 1516
2177 3105 1517
314 2574 1518
2662 885 1519
4065 3992 1520
4051 621 1521
4005 3012 1522
2658 4138 1523
3530 3218 1524
3515 3047 1525
2391 3665 1526
1771 3795 1527
910 3876 1528
3983 1754 1529
3405 1847 1530
1450 3346 1531
845 112 1532
1355 1602 1533
2085 3052 1534
1506 3810 1535
846 198 1536
1506 1954 1537
1291 1417 1538
1924 2449 1539
838 1612 1540
3957 232 1541
3523 3460 1542
2032 1028 1543
1509 1572 1544
4189 1838 1545
2258 1635 1546
1749 1745 1547
1296 2696 1548
2154 668 1549
380 2351 1550
1246 3676 1551
3982 4010 1552
1988 2822 1553
3061 3678 1554
3210 172 1555
989 85 1556
3767 3942 1557
2386 1230 1558
3759 2910 1559
3975 496 1560
381 518 1561
3401 4256 1562
3929 3828 1563
1239 575 1564
1145 3070 1565
1870 2269 1566
1191 2784 1567
4233 3599 1568
2004 170 1569
4248 1938 1570
2630 2874 1571
429 2448 1572
829 1867 1573
1831 1355 1574
2712 2202 1575
3556 1597 1576
2393 4061 1577
3786 2131 1578
1131 1352 1579
1242 1142 1580
353 2530 1581
1429 1282 1582
1835 4066 1583
3392 342 1584
1616 2511 1585
40 3997 1586
2009 4192 1587
331 2233 1588
432 544 1589
19 561 1590
1105 1508 1591
1250 1006 1592
3150 702 1593
1540 1427 1594
2182 1106 1595
4038 873 1596
106 2966 1597
2725 2737 1598
29 1406 1599
351 830 1600
2683 1093 1601
3631 840 1602
2715 3616 1603
3577 727 1604
3786 2880 1605
1118 3285 1606
3768 2445 1607
3785 1775 1608
2527 4264 1609
505 1180 1610
416 2113 1611
3822 4053 1612
379 3620 1613
3399 3339 1614
1735 3367 1615
3342 4326 1616
1294 3111 1617
1152 4017 1618
1266 3071 1619
1975 361 1620
1827 3066 1621
2664 1890 1622
2506 3846 1623
2259 2421 1624
2875 1240 1625
1423 1094 1626
3196 4133 1627
1341 2307 1628
1940 2168 1629
895 134 1630
1246 1540 1631
3240 1068 1632
4365 919 1633
770 1853 1634
2958 1914 1635
2278 3375 1636
1802 1264 1637
1505 3108 1638
4384 4040 1639
1319 1239 1640
2220 2331 1641
2004 1454 1642
2520 2893 1643
1971 3327 1644
1688 30 1645
2754 1509 1646
4024 2105 1647
838 2913 1648
68 1002 1649
2208 1121 1650
2082 259 1651
1958 258 1652
2015 3067 1653
2131 803 1654
2545 2262 1655
35 3860 1656
967 2559 1657
3177 1134 1658
3134 850 1659
2626 3259 1660
351 92 1661
3465 4252 1662
3464 1161 1663
3102 2061 1664
1047 792 1665
1184 1928 1666
3582 1863 1667
1902 1225 1668
2024 1292 1669
2096 4089 1670
2488 3264 1671
2666 1024 1672
215 2128 1673
1079 563 1674
494 1628 1675
400 1770 1676
4184 166 1677
4012 4376 1678
2927 3356 1679
454 3331 1680
2481 2048 1681
1529 2138 1682
1173 1520 1683
1341 658 1684
4244 448 1685
1984 3738 1686
2086 3142 1687
245 3553 1688
2013 2334 1689
758 1790 1690
3337 856 1691
452 2313 1692
1075 3499 1693
1653 3694 1694
3638 3814 1695
2544 3536 1696
2893 3628 1697
3742 1705 1698
3212 1622 1699
4191 1301 1700
1931 1100 1701
4133 643 1702
2363 1260 1703
158 4398 1704
4384 1768 1705
3879 1843 1706
2394 3266 1707
1565 956 1708
2234 2938 1709
211 1492 1710
4203 1599 1711
730 2254 1712
765 1808 1713
301 3519 1714
4212 1911 1715
974 1780 1716
42 3684 1717
1700 4024 1718
2926 3580 1719
3470 3329 1720
17 454 1721
3673 1744 1722
2175 2793 1723
3799 515 1724
2339 2824 1725
3963 881 1726
4179 860 1727
1854 163 1728
519 1031 1729
3703 3008 1730
1172 2917 1731
3635 3007 1732
3394 2898 1733
4221 685 1734
3177 1266 1735
3091 2465 1736
4231 2119 1737
3152 551 1738
654 3514 1739
2498 1087 1740
3562 262 1741
3865 1034 1742
341 695 1743
2025 3872 1744
123 1077 1745
1588 3746 1746
3902 67 1747
3418 1052 1748
2254 1316 1749
370 4305 1750
1243 3995 1751
4360 1956 1752
1876 3240 1753
1940 441 1754
3392 2416 1755
1534 4030 1756
2970 785 1757
839 278 1758
3407 269 1759
4329 2635 1760
3195 471 1761
333 29 1762
1922 3059 1763
453 3888 1764
2172 472 1765
3430 522 1766
467 4313 1767
2402 1076 1768
1916 3353 1769
1895 2347 1770
2824 1290 1771
2238 579 1772
3020 3566 1773
1925 2685 1774
3848 1420 1775
1238 2867 1776
3300 2417 1777
752 1490 1778
1508 339 1779
3288 3158 1780
1616 4366 1781
194 2203 1782
1302 2937 1783
3193 329 1784
974 3434 1785
3545 2955 1786
1226 2129 1787
486 462 1788
1700 539 1789
601 3282 1790
2770 1507 1791
2338 3107 1792
2380 652 1793
2527 3806 1794
4321 4310 1795
4378 2054 1796
4268 2333 1797
3720 1051 1798
3657 3191 1799
721 2441 1800
1542 2322 1801
141 1150 1802
2608 2652 1803
1262 2422 1804
1612 3528 1805
2672 371 1806
868 4216 1807
3696 4003 1808
1304 1060 1809
2440 3289 1810
2829 3028 1811
252 2678 1812
1759 898 1813
765 1896 1814
1217 1629 1815
2826 3440 1816
1667 2425 1817
3225 2479 1818
2586 1566 1819
1011 153 1820
1164 2003 1821
4060 1503 1822
728 3302 1823
2816 4356 1824
3602 351 1825
2335 2589 1826
528 3146 1827
654 1889 1828
3549 1237 1829
3389 1539 1830
4168 3149 1831
363 400 1832
3400 1306 1833
2545 796 1834
1308 855 1835
640 2137 1836
2480 3397 1837
3734 4209 1838
4259 456 1839
3063 362 1840
4276 4101 1841
3563 2932 1842
2642 2825 1843
2399 1099 1844
4013 1842 1845
2315 1556 1846
1505 1690 1847
827 2107 1848
1918 2692 1849
3218 3490 1850
4056 3135 1851
3653 1113 1852
3830 377 1853
2071 729 1854
3832 809 1855
1441 3134 1856
895 3925 1857
2448 1686 1858
2983 147 1859
2384 3637 1860
2870 1206 1861
3900 3980 1862
3130 2756 1863
4120 62 1864
759 4302 1865
3152 1642 1866
2912 1611 1867
3842 601 1868
177 1591 1869
1514 4330 1870
3837 3701 1871
1664 3174 1872
839 689 1873
1254 1528 1874
377 1330 1875
3651 2945 1876
3716 4160 1877
1246 3021 1878
2926 2605 1879
3862 3541 1880
3865 150 1881
2804 3209 1882
2251 1457 1883
3468 3754 1884
1781 741 1885
2936 2438 1886
1864 8 1887
3130 3898 1888
2804 4212 1889
946 2487 1890
3638 3293 1891
2492 789 1892
1934 3556 1893
742 1966 1894
3076 2178 1895
3034 4184 1896
3292 3515 1897
3816 2611 1898
3404 2447 1899
75 3703 1900
2737 640 1901
4392 2700 1902
849 2149 1903
3631 3393 1904
3685 3734 1905
724 3095 1906
2699 4005 1907
2153 2911 1908
233 1010 1909
2371 379 1910
2831 3263 1911
1294 244 1912
4209 1376 1913
1940 4203 1914
1312 1672 1915
2334 3609 1916
2020 2866 1917
758 1155 1918
2600 1403 1919
2571 1218 1920
1176 210 1921
1541 3572 1922
657 2424 1923
4106 3475 1924
3634 455 1925
1318 894 1926
3904 1935 1927
1425 1204 1928
74 3850 1929
3657 3967 1930
624 2619 1931
842 1183 1932
3830 2380 1933
1334 864 1934
2297 3947 1935
814 3427 1936
420 2224 1937
4129 4150 1938
2149 2270 1939
325 1116 1940
3087 82 1941
1742 3864 1942
2974 1105 1943
3379 2772 1944
2773 2343 1945
2729 1837 1946
3570 3022 1947
4079 3721 1948
848 38 1949
1371 2695 1950
4358 196 1951
2194 2636 1952
2039 3365 1953
1355 2099 1954
2278 2946 1955
1232 3804 1956
3896 2674 1957
906 1675 1958
2717 4102 1959
1665 4251 1960
2983 2971 1961
1075 2940 1962
2719 995 1963
1940 3627 1964
3525 385 1965
2804 614 1966
551 3981 1967
997 606 1968
2552 1018 1969
3914 2171 1970
452 1224 1971
958 3422 1972
1960 2378 1973
2984 194 1974
245 1333 1975
1456 4246 1976
2859 90 1977
3196 1363 1978
3238 3743 1979
426 159 1980
3115 805 1981
1026 4367 1982
2185 3548 1983
2487 3932 1984
3976 2290 1985
2835 53 1986
3152 820 1987
3073 2889 1988
296 4318 1989
1793 740 1990
2947 1575 1991
4275 160 1992
3225 3081 1993
1473 3602 1994
3975 4377 1995
2086 297 1996
3500 1813 1997
4305 1639 1998
160 3775 1999
1903 465 2000
3547 1751 2001
686 1680 2002
2875 4174 2003
1098 2506 2004
2526 3518 2005
3493 1297 2006
2006 3763 2007
2620 3745 2008
1464 405 2009
3232 3343 2010
2262 1511 2011
1565 3253 2012
4000 4041 2013
2024 2902 2014
19 3615 2015
2829 567 2016
3830 2984 2017
3807 1268 2018
511 2852 2019
2377 704 2020
2306 3441 2021
1319 4044 2022
2040 979 2023
2395 1691 2024
2300 52 2025
2448 2903 2026
546 1171 2027
325 3234 2028
1363 4255 2029
3390 4286 2030
4233 3895 2031
1478 2944 2032
2039 1437 2033
3277 3162 2034
2971 822 2035
701 3128 2036
2813 3467 2037
954 972 2038
4204 2877 2039
2586 2806 2040
1097 2056 2041
2574 2717 2042
3122 696 2043
2675 2505 2044
938 1738 2045
4238 238 2046
548 2901 2047
1182 1342 2048
1999 294 2049
3693 3487 2050
1950 1920 2051
2488 367 2052
1134 635 2053
2025 654 2054
2470 3225 2055
3241 2165 2056
2684 4046 2057
4372 3883 2058
2201 2459 2059
3437 2376 2060
728 310 2061
3405 45 2062
1968 328 2063
3754 282 2064
3025 2811 2065
1009 1405 2066
1939 3971 2067
3643 2216 2068
813 316 2069
3887 78 2070
284 3584 2071
2114 3807 2072
4054 790 2073
45 3523 2074
1278 1529 2075
2363 3560 2076
2235 2443 2077
7 3060 2078
2286 3270 2079
1911 152 2080
4195 2463 2081
2880 1918 2082
3127 2752 2083
3225 308 2084
2151 1976 2085
575 1872 2086
2652 1499 2087
2395 2507 2088
2294 1676 2089
1618 3093 2090
3030 271 2091
68 1130 2092
1641 1518 2093
428 2762 2094
3746 4079 2095
97 4301 2096
1246 149 2097
4042 772 2098
833 2648 2099
1761 3813 2100
1 364 2101
1831 1095 2102
2013 468 2103
3 1139 2104
2212 2062 2105
3267 4387 2106
1404 707 2107
2004 2522 2108
881 28 2109
2577 2796 2110
1918 3265 2111
1841 4132 2112
1572 184 2113
187 2567 2114
936 3451 2115
2185 1349 2116
543 3019 2117
1669 2769 2118
2891 2208 2119
2004 2758 2120
3193 2525 2121
1467 1714 2122
1348 1434 2123
4150 2899 2124
4362 2961 2125
1688 4085 2126
1781 571 2127
1383 636 2128
1508 1728 2129
1640 3929 2130
4131 1522 2131
1928 694 2132
3212 2497 2133
2273 1019 2134
3652 3403 2135
164 2058 2136
3647 3307 2137
650 726 2138
3160 2999 2139
224 906 2140
833 57 2141
3835 1648 2142
4263 908 2143
1512 920 2144
2689 1764 2145
354 528 2146
3867 302 2147
4202 837 2148
618 3699 2149
3946 673 2150
909 236 2151
1514 158 2152
2250 3258 2153
770 1000 2154
440 318 2155
2502 3657 2156
2816 3752 2157
3785 289 2158
3021 417 2159
3191 4137 2160
3148 3542 2161
1058 2183 2162
1414 2569 2163
2283 2280 2164
2864 841 2165
4216 3629 2166
1294 3507 2167
4076 3430 2168
3522 2180 2169
1062 4352 2170
1858 2012 2171
2461 1366 2172
4081 3885 2173
1117 1281 2174
474 1219 2175
1626 2890 2176
107 899 2177
1312 2821 2178
429 626 2179
598 4007 2180
2097 3533 2181
182 3342 2182
4029 4164 2183
3425 1025 2184
3895 3741 2185
2892 223 2186
1861 1881 2187
1676 3120 2188
2746 4312 2189
2699 3432 2190
3236 2914 2191
1432 3943 2192
3900 460 2193
586 4260 2194
2487 2461 2195
1009 758 2196
3394 459 2197
768 3764 2198
1711 1523 2199
2196 309 2200
1822 2032 2201
400 457 2202
2375 2136 2203
2009 463 2204
629 3297 2205
222 1542 2206
111 1256 2207
1478 2434 2208
1773 555 2209
485 1229 2210
1243 2849 2211
14 2926 2212
3349 3783 2213
596 124 2214
608 3117 2215
4268 2209 2216
1654 3961 2217
3161 4093 2218
2588 3326 2219
3719 676 2220
2531 353 2221
3661 3585 2222
30 3821 2223
2205 4239 2224
1522 786 2225
1237 1397 2226
1414 2049 2227
1266 1500 2228
4301 2993 2229
242 169 2230
3437 991 2231
1123 2918 2232
522 1456 2233
2220 444 2234
765 1719 2235
2427 479 2236
3015 1140 2237
3213 2426 2238
1019 2799 2239
505 2122 2240
1464 1985 2241
2303 1075 2242
2660 1723 2243
2770 1968 2244
3762 4049 2245
2303 3445 2246
1641 1607 2247
1687 3998 2248
4266 3062 2249
1944 589 2250
2489 715 2251
3530 3911 2252
86 193 2253
3691 1429 2254
1318 3332 2255
1833 1241 2256
2579 3352 2257
1165 4270 2258
2722 1221 2259
4157 4306 2260
3020 2004 2261
1758 3151 2262
2691 723 2263
1462 93 2264
549 1791 2265
118 2591 2266
590 3413 2267
1466 2039 2268
2573 960 2269
1548 2687 2270
3645 686 2271
1526 1664 2272
1079 4383 2273
1761 2108 2274
936 2440 2275
3388 1215 2276
3552 4108 2277
3132 2069 2278
191 754 2279
313 3610 2280
3837 1118 2281
4268 2265 2282
1400 1959 2283
4231 1460 2284
1105 3951 2285
1942 3834 2286
3360 102 2287
798 824 2288
2884 3879 2289
2882 4253 2290
3797 738 2291
3691 3985 2292
4150 58 2293
2071 3190 2294
3225 1188 2295
514 4058 2296
3542 276 2297
535 1033 2298
3929 3921 2299
279 2237 2300
3801 2959 2301
2904 1399 2302
3986 1811 2303
3445 1123 2304
891 1687 2305
1506 1678 2306
2333 3882 2307
191 951 2308
3272 3624 2309
3020 1090 2310
4303 3569 2311
1101 3469 2312
3746 2521 2313
1061 3857 2314
1952 1357 2315
1221 4308 2316
2766 3760 2317
1530 4095 2318
1776 703 2319
3167 1337 2320
2475 4038 2321
8 3840 2322
3445 1005 2323
315 672 2324
2580 2442 2325
3340 3280 2326
3431 3377 2327
2985 3975 2328
3185 4207 2329
2314 141 2330
4378 4197 2331
1254 287 2332
115 3489 2333
702 1227 2334
4192 4120 2335
2836 1721 2336
2124 4171 2337
2722 2532 2338
270 3325 2339
540 4057 2340
3716 1637 2341
3148 2933 2342
2981 2517 2343
2776 303 2344
3556 2596 2345
1883 3773 2346
1677 2142 2347
3564 1715 2348
1034 3442 2349
347 4161 2350
1175 354 2351
2024 390 2352
2841 1387 2353
3450 1313 2354
3429 3957 2355
4378 1291 2356
1758 2892 2357
1687 217 2358
1446 4096 2359
813 2043 2360
1752 3567 2361
1115 1280 2362
1766 3193 2363
2716 4081 2364
2878 226 2365
2532 4091 2366
540 1803 2367
570 1907 2368
2082 2744 2369
1284 3476 2370
1967 2430 2371
3963 815 2372
1450 123 2373
4131 61 2374
1510 3693 2375
1761 1605 2376
2568 4287 2377
504 1869 2378
505 1341 2379
1245 2934 2380
4035 1693 2381
3231 997 2382
3019 1354 2383
3806 2915 2384
1888 1535 2385
1090 3181 2386
980 3825 2387
3843 1465 2388
4062 1480 2389
3615 23 2390
2671 3088 2391
85 1685 2392
396 162 2393
2484 2726 2394
4024 3962 2395
3160 989 2396
2835 3540 2397
971 871 2398
2630 2466 2399
3219 2921 2400
1175 752 2401
3434 3368 2402
656 3444 2403
3244 1606 2404
304 3565 2405
3555 2369 2406
1004 2276 2407
2664 19 2408
4031 2159 2409
4172 3730 2410
770 1788 2411
2333 4182 2412
402 4110 2413
1287 1909 2414
879 937 2415
1831 3371 2416
2934 1807 2417
2949 1767 2418
143 64 2419
2480 36 2420
3823 3780 2421
452 3030 2422
2201 3557 2423
356 1196 2424
1883 2609 2425
1889 4360 2426
528 3648 2427
2098 818 2428
490 4145 2429
678 2498 2430
2933 420 2431
3265 4087 2432
3257 4196 2433
799 2499 2434
2965 3590 2435
4017 234 2436
1222 2958 2437
1481 2271 2438
4219 2175 2439
387 407 2440
2596 742 2441
1053 3330 2442
3502 1489 2443
576 2807 2444
2736 1057 2445
136 945 2446
902 3984 2447
1975 3056 2448
3637 2895 2449
1893 332 2450
3731 22 2451
3198 4107 2452
2533 2120 2453
839 33 2454
3286 4020 2455
941 1826 2456
2401 1398 2457
1983 1212 2458
852 4043 2459
2920 4001 2460
1729 264 2461
2824 2883 2462
2480 3188 2463
286 3552 2464
4204 1641 2465
2994 3494 2466
2832 3355 2467
4237 4025 2468
1147 1877 2469
333 2603 2470
3951 2486 2471
1084 2795 2472
2875 3122 2473
1778 2814 2474
4318 753 2475
3368 2647 2476
1019 449 2477
2273 3563 2478
2079 1844 2479
1676 4322 2480
2972 4400 2481
1623 783 2482
2759 1165 2483
3927 1756 2484
421 1344 2485
3613 3153 2486
3878 3889 2487
2633 955 2488
3418 3822 2489
4095 538 2490
3555 2020 2491
1582 1696 2492
2853 2610 2493
362 121 2494
560 3681 2495
4216 2875 2496
3732 917 2497
76 889 2498
841 4321 2499
1588 3027 2500
285 4230 2501
4319 47 2502
600 1845 2503
3193 3559 2504
1007 3075 2505
547 1432 2506
3529 2593 2507
1950 4117 2508
3231 2616 2509
2098 4268 2510
1175 1319 2511
2638 1300 2512
3516 3848 2513
4378 1353 2514
3620 96 2515
2098 1168 2516
3275 1194 2517
4343 1041 2518
2300 1440 2519
684 4389 2520
2099 883 2521
728 3661 2522
3391 113 2523
525 4243 2524
4042 247 2525
1627 3169 2526
760 3454 2527
2829 2786 2528
3418 580 2529
2763 419 2530
3349 4342 2531
1991 2264 2532
1528 3222 2533
3512 2657 2534
850 3709 2535
410 2557 2536
1785 1567 2537
3190 1146 2538
1203 4303 2539
4195 2539 2540
1145 1627 2541
2676 3273 2542
3512 2112 2543
3623 1870 2544
3926 3247 2545
3499 1963 2546
2191 3697 2547
1513 4291 2548
1129 1151 2549
2526 3083 2550
961 86 2551
122 2691 2552
2984 3826 2553
3849 2599 2554
416 3196 2555
2740 301 2556
611 3376 2557
1222 3268 2558
1040 1389 2559
826 393 2560
4331 1580 2561
1895 3288 2562
3779 1531 2563
315 2846 2564
2405 3458 2565
363 623 2566
2371 566 2567
853 4146 2568
751 1245 2569
2505 2579 2570
922 2392 2571
761 3979 2572
514 1796 2573
2847 2451 2574
442 2244 2575
1303 4238 2576
2797 3772 2577
3246 476 2578
3867 3862 2579
354 2234 2580
416 2059 2581
3020 4051 2582
842 1657 2583
416 2985 2584
1032 2804 2585
3541 943 2586
547 324 2587
3569 2840 2588
1308 380 2589
2588 3055 2590
75 1325 2591
2933 3725 2592
107 2226 2593
3028 3106 2594
4016 583 2595
77 4172 2596
1090 2232 2597
4234 3034 2598
2789 1436 2599
933 2288 2600
2896 3182 2601
3231 372 2602
2405 3167 2603
2475 4064 2604
1079 3604 2605
482 3497 2606
3121 3341 2607
1096 1112 2608
3424 1846 2609
2983 1214 2610
170 126 2611
3614 349 2612
2985 4116 2613
2363 1072 2614
2034 3420 2615
4365 2547 2616
3637 3072 2617
3077 2578 2618
3320 3532 2619
861 3127 2620
3304 73 2621
457 4397 2622
2059 4169 2623
2807 3278 2624
1565 1294 2625
692 971 2626
1567 564 2627
2008 3991 2628
2083 602 2629
480 1888 2630
2691 4282 2631
3681 3733 2632
4058 1656 2633
448 1772 2634
910 3605 2635
3950 50 2636
1285 1910 2637
3530 1036 2638
640 285 2639
2985 431 2640
2654 1063 2641
2340 3104 2642
2220 2808 2643
255 131 2644
1638 1814 2645
683 3198 2646
2947 3463 2647
2278 4082 2648
1239 760 2649
2153 4311 2650
1159 2855 2651
486 1930 2652
1145 616 2653
3718 3230 2654
3647 2715 2655
3202 1758 2656
4113 1438 2657
3674 3613 2658
400 2164 2659
3044 1419 2660
3443 1783 2661
748 2355 2662
1272 4375 2663
572 3543 2664
3303 2566 2665
2450 409 2666
3741 2045 2667
2332 84 2668
3832 2389 2669
3234 3200 2670
76 3119 2671
2097 2454 2672
4060 1709 2673
2490 1834 2674
3913 2329 2675
3785 3827 2676
441 828 2677
3000 2686 2678
760 2437 2679
2065 190 2680
757 3993 2681
809 1469 2682
3891 2439 2683
1296 1961 2684
928 4279 2685
722 439 2686
2971 2554 2687
1332 2881 2688
4321 542 2689
4318 4195 2690
1835 4060 2691
1915 2031 2692
539 3309 2693
1038 241 2694
111 4009 2695
156 1092 2696
3435 977 2697
2819 3276 2698
1240 2976 2699
2643 2169 2700
3574 2319 2701
2145 973 2702
3223 2501 2703
2072 680 2704
3900 4218 2705
4216 4054 2706
3114 1695 2707
3996 2174 2708
3798 2008 2709
1644 378 2710
751 3387 2711
3034 3858 2712
4001 3969 2713
3213 4187 2714
720 2053 2715
44 9 2716
302 1634 2717
3854 2410 2718
2927 3281 2719
4090 4002 2720
3245 3861 2721
4372 475 2722
3283 4343 2723
493 3769 2724
2868 3187 2725
2067 2148 2726
3541 1061 2727
2391 42 2728
4358 2318 2729
2537 323 2730
44 3878 2731
3803 890 2732
2727 3960 2733
367 2604 2734
1794 1999 2735
1636 3435 2736
97 2626 2737
1231 2839 2738
3906 4098 2739
2580 4371 2740
2817 2057 2741
224 4357 2742
2592 4008 2743
1741 2642 2744
423 1674 2745
1341 2658 2746
620 1658 2747
4367 4045 2748
3431 3175 2749
3873 831 2750
3338 3679 2751
1916 1122 2752
3674 3935 2753
1220 4068 2754
1760 1946 2755
1360 3255 2756
2063 4386 2757
2259 3973 2758
283 4236 2759
3100 2536 2760
3361 3321 2761
2729 1114 2762
4390 3291 2763
975 3749 2764
2343 1707 2765
543 926 2766
217 1583 2767
3424 2641 2768
534 3799 2769
1831 2662 2770
704 2446 2771
3735 1945 2772
156 3154 2773
2807 4211 2774
2157 795 2775
1443 16 2776
4248 3456 2777
3194 1730 2778
2303 649 2779
1203 648 2780
2751 3712 2781
1186 876 2782
1126 2974 2783
3095 794 2784
381 2551 2785
692 4072 2786
3209 2218 2787
764 1315 2788
3063 2305 2789
889 1153 2790
4203 2750 2791
3055 1671 2792
3508 3982 2793
3266 520 2794
2995 2690 2795
1766 1425 2796
1716 1760 2797
1837 3256 2798
2690 3091 2799
4393 2667 2800
3981 3383 2801
3018 4373 2802
571 3392 2803
1201 2194 2804
3016 2312 2805
360 3562 2806
757 2711 2807
3858 1195 2808
4133 2229 2809
1717 1065 2810
4221 2598 2811
1242 2157 2812
290 968 2813
4146 558 2814
1881 823 2815
514 1144 2816
2885 2504 2817
271 582 2818
2098 1849 2819
2009 2179 2820
3895 3950 2821
4291 221 2822
2016 2954 2823
2089 1517 2824
1003 599 2825
46 1067 2826
3358 1596 2827
649 69 2828
4214 1187 2829
3055 3702 2830
1562 1546 2831
2113 1335 2832
1020 3464 2833
1279 1141 2834
3921 4031 2835
4330 1553 2836
1128 2121 2837
2206 3077 2838
448 356 2839
1043 644 2840
416 97 2841
4116 1666 2842
1999 2495 2843
2583 2015 2844
108 4378 2845
548 3833 2846
894 4323 2847
1915 2702 2848
849 243 2849
3851 35 2850
1126 777 2851
3629 936 2852
3832 3689 2853
1970 4163 2854
3865 2492 2855
48 1223 2856
3253 2669 2857
1582 1329 2858
1470 2942 2859
3243 630 2860
2577 3511 2861
3650 358 2862
3112 2240 2863
981 3217 2864
642 3863 2865
3939 1164 2866
3474 2548 2867
1975 2342 2868
1814 366 2869
3540 1710 2870
2251 2789 2871
322 2246 2872
4262 3336 2873
1971 3170 2874
4204 311 2875
941 3459 2876
4383 4124 2877
3308 1978 2878
313 3525 2879
936 3006 2880
1418 281 2881
109 3940 2882
316 2924 2883
759 254 2884
1017 3735 2885
2907 1135 2886
2984 3934 2887
1144 3219 2888
201 3384 2889
3963 222 2890
1134 2606 2891
2824 3886 2892
875 2518 2893
3462 228 2894
1145 3029 2895
137 4395 2896
1835 2722 2897
3556 1942 2898
2070 1711 2899
1940 2306 2900
74 3295 2901
2737 268 2902
21 1274 2903
354 600 2904
4193 3509 2905
4332 1915 2906
2627 3891 2907
3064 4021 2908
2959 1119 2909
941 1472 2910
293 1361 2911
1494 3906 2912
951 2141 2913
1105 2365 2914
2103 2470 2915
1806 714 2916
2409 125 2917
4092 3039 2918
3653 2001 2919
3797 2436 2920
4002 1894 2921
3390 272 2922
2134 3554 2923
711 1925 2924
194 2773 2925
2251 171 2926
2010 3429 2927
1832 1302 2928
1934 1222 2929
2626 1312 2930
4174 2832 2931
3648 445 2932
624 3500 2933
3257 2345 2934
2476 2 2935
1015 2427 2936
1845 480 2937
144 3974 2938
654 1448 2939
3637 3449 2940
2262 1365 2941
3057 4314 2942
3404 1080 2943
1676 2352 2944
4303 44 2945
1766 2768 2946
3508 681 2947
2972 4016 2948
640 3177 2949
3909 3757 2950
3141 1778 2951
1362 1885 2952
598 433 2953
1802 403 2954
3019 2248 2955
809 1549 2956
1217 3063 2957
1246 751 2958
1040 3141 2959
2858 3113 2960
1971 513 2961
2849 3303 2962
2858 3313 2963
2863 2296 2964
2498 1579 2965
368 3655 2966
1752 3179 2967
3402 1117 2968
1931 1320 2969
2129 2316 2970
715 3267 2971
2961 3788 2972
140 3054 2973
2847 137 2974
3160 2214 2975
341 1016 2976
1773 1947 2977
4203 3571 2978
3824 1824 2979
3724 736 2980
2203 1277 2981
3196 819 2982
2927 2325 2983
4147 2649 2984
1746 3224 2985
868 396 2986
3604 3781 2987
3249 13 2988
813 502 2989
1669 1428 2990
17 2367 2991
2643 3358 2992
47 1309 2993
1540 3425 2994
2254 3744 2995
1123 2400 2996
1150 1644 2997
322 2190 2998
2995 3208 2999
185 535 3000
1995 2774 3001
1408 3112 3002
889 2733 3003
381 1552 3004
646 3713 3005
1785 4125 3006
4233 2181 3007
3652 2037 3008
1671 1703 3009
1518 706 3010
1277 2963 3011
728 4130 3012
1285 2939 3013
2424 932 3014
3349 1473 3015
722 3650 3016
2073 1107 3017
1303 4347 3018
1848 507 3019
3018 3674 3020
1805 2723 3021
2412 3016 3022
1006 1207 3023
3830 3837 3024
3192 2155 3025
4174 3621 3026
149 1285 3027
139 536 3028
1664 761 3029
4306 357 3030
3641 2677 3031
1113 2077 3032
1812 3601 3033
1995 2520 3034
409 3477 3035
3300 493 3036
3437 1883 3037
2148 387 3038
1427 957 3039
4132 451 3040
2353 114 3041
574 3150 3042
664 2309 3043
65 3948 3044
2306 2471 3045
3533 1351 3046
4124 966 3047
3739 4143 3048
4360 1655 3049
2746 2249 3050
1709 3719 3051
1890 2040 3052
2804 2896 3053
2020 1504 3054
3269 1186 3055
3503 3638 3056
3644 183 3057
3956 1618 3058
2262 346 3059
1934 1242 3060
222 3002 3061
1142 4379 3062
3569 188 3063
3851 1981 3064
474 3740 3065
140 336 3066
2345 684 3067
3606 705 3068
3734 1303 3069
2262 3236 3070
661 4288 3071
19 3160 3072
139 999 3073
4194 1936 3074
2894 1525 3075
3540 3618 3076
2065 3418 3077
4383 298 3078
940 225 3079
910 4100 3080
2130 3819 3081
3899 3953 3082
2384 2721 3083
1876 3479 3084
513 397 3085
3166 3348 3086
1471 931 3087
4292 663 3088
1111 2091 3089
2694 1958 3090
3342 1794 3091
3702 1030 3092
1073 1422 3093
2859 220 3094
2569 642 3095
1402 4176 3096
739 1181 3097
790 1043 3098
3007 2834 3099
449 1560 3100
1097 1346 3101
2722 2707 3102
3686 1474 3103
4400 2912 3104
4215 2651 3105
854 2485 3106
2222 1992 3107
568 4019 3108
3531 2482 3109
833 1348 3110
981 3286 3111
295 3243 3112
3481 487 3113
1916 1020 3114
3318 2992 3115
2589 350 3116
2145 730 3117
624 1880 3118
1587 2864 3119
2914 3140 3120
3889 440 3121
36 1724 3122
2426 1148 3123
920 545 3124
578 2423 3125
2040 1543 3126
2203 613 3127
3842 4092 3128
1934 2573 3129
3832 164 3130
764 2399 3131
3756 195 3132
2855 3766 3133
1687 3400 3134
485 1249 3135
302 108 3136
2034 2612 3137
2199 2166 3138
4219 857 3139
3400 1451 3140
981 1017 3141
1836 3647 3142
528 2310 3143
2946 3838 3144
2984 1969 3145
2859 1173 3146
717 927 3147
798 3589 3148
3555 1921 3149
1295 3654 3150
306 327 3151
711 3472 3152
2092 3683 3153
1578 1070 3154
1578 3116 3155
649 1371 3156
2371 813 3157
854 1350 3158
1512 3272 3159
2612 1441 3160
3102 4139 3161
2972 2897 3162
1889 1318 3163
478 1593 3164
1038 655 3165
210 402 3166
3222 3315 3167
3238 214 3168
1388 862 3169
3872 2133 3170
1916 4069 3171
4386 3042 3172
38 4249 3173
3945 3173 3174
3876 3990 3175
2134 135 3176
2336 1919 3177
2315 769 3178
3678 176 3179
189 615 3180
1256 4262 3181
2451 338 3182
2130 1235 3183
2185 833 3184
1759 4396 3185
3533 2782 3186
4214 1670 3187
4200 1943 3188
1378 1638 3189
3765 660 3190
2475 4151 3191
317 1926 3192
1294 1592 3193
3574 641 3194
3842 345 3195
1858 967 3196
2162 4077 3197
827 2413 3198
1572 3639 3199
136 767 3200
3402 2090 3201
3607 940 3202
4385 3965 3203
3912 4325 3204
1911 2245 3205
4064 2665 3206
2116 1941 3207
2299 2255 3208
2392 3641 3209
1517 25 3210
953 1163 3211
2716 4177 3212
19 499 3213
2624 1789 3214
1271 2797 3215
2786 2195 3216
3926 401 3217
3705 921 3218
2145 3246 3219
3914 3680 3220
1497 494 3221
2395 3005 3222
3191 3656 3223
2114 1819 3224
2065 3832 3225
3196 2484 3226
3087 2545 3227
1146 770 3228
1262 3124 3229
3091 11 3230
2272 299 3231
629 2516 3232
2479 60 3233
78 3388 3234
1565 1247 3235
4233 2523 3236
3656 3242 3237
2798 340 3238
1529 3251 3239
3446 1375 3240
1026 2666 3241
2897 3057 3242
4034 3026 3243
2498 4070 3244
3636 130 3245
3515 1482 3246
3703 2828 3247
1203 872 3248
2725 1184 3249
1413 91 3250
441 2170 3251
1172 2513 3252
1665 4324 3253
2605 2284 3254
3194 2842 3255
1289 2406 3256
149 592 3257
3027 3152 3258
3903 791 3259
2014 3880 3260
2688 415 3261
2452 667 3262
2750 3076 3263
2185 2600 3264
624 3595 3265
3477 3345 3266
4191 1986 3267
3697 637 3268
1097 797 3269
2580 1742 3270
3800 765 3271
1026 4338 3272
922 505 3273
3989 482 3274
2262 2071 3275
2998 4284 3276
2813 2851 3277
3215 3411 3278
4076 432 3279
2810 2510 3280
1555 517 3281
1411 331 3282
122 2568 3283
3195 682 3284
3372 569 3285
2586 373 3286
1654 200 3287
757 2297 3288
3144 2382 3289
2304 1169 3290
91 2006 3291
1150 1590 3292
2695 1967 3293
642 2300 3294
3087 3659 3295
3158 721 3296
1356 4355 3297
2467 2435 3298
929 4316 3299
499 70 3300
1117 3357 3301
951 3510 3302
1805 3080 3303
2470 756 3304
3018 274 3305
2985 2353 3306
4306 2206 3307
3048 3750 3308
2238 2480 3309
3993 3869 3310
649 1640 3311
2351 3809 3312
236 1149 3313
184 949 3314
969 1081 3315
628 4159 3316
1480 1879 3317
1402 1953 3318
2779 3239 3319
4048 1199 3320
3645 1898 3321
1679 1321 3322
1761 1702 3323
4005 3999 3324
1537 4050 3325
1005 178 3326
4370 3579 3327
3433 2210 3328
1247 568 3329
1341 3186 3330
596 3485 3331
3781 109 3332
4204 2564 3333
756 320 3334
1760 1759 3335
2043 526 3336
1778 315 3337
3410 237 3338
1836 115 3339
547 2952 3340
839 2415 3341
1118 3859 3342
2876 4275 3343
386 1021 3344
3671 2118 3345
997 2781 3346
1939 3923 3347
4192 3802 3348
2407 4394 3349
1476 2301 3350
2369 3755 3351
1843 2418 3352
4120 3530 3353
4248 2703 3354
1109 3318 3355
133 3099 3356
377 416 3357
4054 3818 3358
3604 554 3359
2243 3808 3360
2933 2767 3361
2130 2714 3362
3769 2444 3363
2437 1524 3364
2161 4374 3365
3855 3954 3366
4306 136 3367
2014 2560 3368
4345 4115 3369
1781 1464 3370
3480 1255 3371
2544 3896 3372
3025 3402 3373
3763 2514 3374
2735 3707 3375
3074 506 3376
928 4346 3377
3584 2066 3378
3843 46 3379
3054 647 3380
1528 3686 3381
1855 1109 3382
4363 810 3383
2642 4317 3384
967 187 3385
3174 2212 3386
3862 4183 3387
3832 2460 3388
60 851 3389
3468 611 3390
1836 3324 3391
253 2431 3392
3161 1601 3393
302 2489 3394
3272 1932 3395
3880 1393 3396
222 4088 3397
170 2529 3398
881 617 3399
1504 2534 3400
194 293 3401
1893 263 3402
951 674 3403
672 835 3404
421 1839 3405
2875 574 3406
1979 4055 3407
908 664 3408
4233 2981 3409
1624 1047 3410
2574 2916 3411
390 2588 3412
45 4083 3413
1521 3048 3414
687 2007 3415
4248 675 3416
3863 3723 3417
2070 1776 3418
3827 3527 3419
2285 39 3420
1005 2957 3421
2453 775 3422
97 3955 3423
147 3156 3424
1835 3531 3425
3314 1368 3426
2771 946 3427
519 3996 3428
1032 4399 3429
3756 3311 3430
4363 4336 3431
3629 3087 3432
2238 4232 3433
2848 670 3434
2181 2777 3435
2070 1252 3436
3128 2803 3437
1955 3386 3438
4005 3086 3439
3964 774 3440
760 605 3441
2623 2464 3442
1525 1127 3443
395 1561 3444
2181 3101 3445
3407 3643 3446
2573 3471 3447
2525 1210 3448
19 2979 3449
222 87 3450
1079 1463 3451
2977 3210 3452
2722 3963 3453
1259 43 3454
4145 2802 3455
928 106 3456
4318 2405 3457
257 4273 3458
1334 2462 3459
925 4056 3460
3295 3546 3461
97 1179 3462
3173 950 3463
2730 1408 3464
4065 3903 3465
910 2450 3466
1201 3037 3467
4346 597 3468
1700 800 3469
3755 1054 3470
1293 3720 3471
2247 2928 3472
4054 104 3473
3638 2469 3474
1666 874 3475
2058 632 3476
4399 709 3477
8 1613 3478
2893 3779 3479
1526 645 3480
910 75 3481
3823 3137 3482
1760 1604 3483
3975 1498 3484
590 2592 3485
1175 1009 3486
3800 2100 3487
1020 3612 3488
3160 2025 3489
640 1667 3490
325 2688 3491
1497 1011 3492
2419 2092 3493
2283 2634 3494
2539 80 3495
3748 2005 3496
1721 1598 3497
1183 1200 3498
2442 826 3499
4116 3717 3500
1971 2676 3501
2847 852 3502
3488 1694 3503
660 3564 3504
261 965 3505
3013 3524 3506
2757 4185 3507
2305 3206 3508
2519 1096 3509
2174 4368 3510
2586 3881 3511
2339 4240 3512
1918 2072 3513
3597 2684 3514
1773 2272 3515
3746 3644 3516
4212 296 3517
687 1785 3518
1724 2496 3519
765 2900 3520
2754 2759 3521
3716 3115 3522
3841 4180 3523
1101 3004 3524
4215 3504 3525
2927 2404 3526
1942 4220 3527
2278 3801 3528
2960 3782 3529
3044 735 3530
1724 386 3531
1983 2350 3532
2853 1108 3533
1859 3452 3534
2970 1912 3535
4325 1689 3536
2940 1299 3537
2702 1718 3538
3100 2526 3539
2571 74 3540
95 2865 3541
2175 1167 3542
1902 3025 3543
1763 4380 3544
2011 807 3545
84 3244 3546
2485 3623 3547
2065 3870 3548
3895 4327 3549
3963 1878 3550
4179 3851 3551
2503 2996 3552
192 3916 3553
3218 2682 3554
4305 3370 3555
1032 88 3556
2615 1884 3557
2969 1858 3558
711 4189 3559
914 2360 3560
385 2509 3561
1041 2041 3562
2596 1769 3563
2961 1409 3564
514 2163 3565
1484 142 3566
2714 2467 3567
678 3231 3568
2020 500 3569
3028 490 3570
4301 2790 3571
2367 2257 3572
6 3824 3573
2603 1486 3574
3862 404 3575
4106 2994 3576
439 4224 3577
2019 3791 3578
395 110 3579
3303 844 3580
2013 1900 3581
2942 2982 3582
1444 2747 3583
3711 2034 3584
97 2968 3585
1722 3223 3586
2089 4228 3587
2708 677 3588
348 3986 3589
3842 4292 3590
3042 4391 3591
1667 1964 3592
1941 391 3593
465 3082 3594
2065 2563 3595
2942 3762 3596
687 1541 3597
3832 2763 3598
2590 410 3599
4009 1477 3600
4103 531 3601
3102 3017 3602
200 3073 3603
44 2388 3604
2272 1931 3605
881 692 3606
1843 3320 3607
432 2081 3608
2675 2859 3609
488 2491 3610
2780 547 3611
3873 1551 3612
252 1957 3613
2963 2953 3614
2905 2637 3615
3993 300 3616
751 904 3617
2073 1679 3618
3286 4153 3619
2369 3300 3620
1243 2624 3621
2208 2197 3622
3837 1175 3623
1079 1308 3624
4400 3867 3625
59 192 3626
1233 4105 3627
2179 3130 3628
1461 591 3629
1900 3972 3630
987 2060 3631
3983 3404 3632
1173 2978 3633
836 3958 3634
3385 3018 3635
2651 2623 3636
3073 688 3637
104 2586 3638
3565 1545 3639
1266 1975 3640
3566 49 3641
1292 3714 3642
3344 1581 3643
3688 1383 3644
2725 1152 3645
2654 510 3646
3340 65 3647
1265 3598 3648
4100 622 3649
2314 2185 3650
3878 3977 3651
354 1157 3652
585 1610 3653
3432 3956 3654
3211 651 3655
1097 3970 3656
3942 1407 3657
1606 994 3658
2515 2844 3659
3079 3439 3660
611 2857 3661
3087 1527 3662
1616 355 3663
3508 3279 3664
1019 179 3665
3451 504 3666
3238 18 3667
32 4206 3668
976 48 3669
2699 3649 3670
2024 2577 3671
3635 902 3672
1178 1120 3673
1020 488 3674
1017 1577 3675
848 634 3676
706 793 3677
4328 3176 3678
3274 4097 3679
1586 1805 3680
2065 2580 3681
2597 3391 3682
3223 4266 3683
453 1684 3684
1069 4104 3685
548 1431 3686
274 383 3687
1510 1526 3688
4088 1720 3689
445 1050 3690
4079 17 3691
95 3262 3692
4215 1753 3693
1229 2051 3694
4143 1236 3695
1702 334 3696
3647 2813 3697
286 2359 3698
3202 3614 3699
3141 3994 3700
1885 3172 3701
1898 3237 3702
2702 1988 3703
238 3409 3704
2251 4191 3705
1054 197 3706
563 733 3707
4130 4300 3708
1664 843 3709
3837 1682 3710
4238 1582 3711
4032 3211 3712
1005 3597 3713
3572 3399 3714
1175 1661 3715
1225 755 3716
1295 3157 3717
3880 1311 3718
1560 335 3719
3118 3845 3720
3294 2862 3721
3464 1386 3722
382 1815 3723
646 1854 3724
4002 435 3725
3644 3964 3726
2664 697 3727
2238 2995 3728
771 4272 3729
886 245 3730
2893 3010 3731
1414 4244 3732
3880 2791 3733
2303 2728 3734
2808 2871 3735
1122 3036 3736
3275 3607 3737
1534 3312 3738
1946 2735 3739
2164 2018 3740
574 399 3741
2694 2126 3742
4161 4175 3743
2288 573 3744
2586 1727 3745
3020 1510 3746
1687 4029 3747
479 3815 3748
59 148 3749
1017 1665 3750
2044 1840 3751
1009 2394 3752
2805 2997 3753
1054 2826 3754
1508 4048 3755
4099 1533 3756
3680 3776 3757
2985 1855 3758
3648 981 3759
3734 846 3760
3164 1125 3761
2103 744 3762
2009 2618 3763
4367 3044 3764
3843 3592 3765
3592 1307 3766
2629 3989 3767
511 2277 3768
36 4067 3769
1578 2291 3770
3131 3437 3771
882 1660 3772
2664 3061 3773
1291 461 3774
1365 3227 3775
1367 2215 3776
377 1586 3777
3995 1595 3778
768 1673 3779
2692 2503 3780
2054 1086 3781
1408 974 3782
3080 1430 3783
1069 2524 3784
488 231 3785
3987 909 3786
2880 1902 3787
460 3544 3788
4021 1980 3789
2303 2960 3790
2972 2278 3791
3705 2371 3792
3402 3983 3793
3433 737 3794
2615 3653 3795
1654 1278 3796
1447 1258 3797
2254 776 3798
2816 2943 3799
3181 750 3800
3356 280 3801
579 887 3802
2134 3581 3803
3221 1804 3804
2135 3138 3805
4064 1630 3806
1876 2909 3807
354 2659 3808
2878 598 3809
2491 4345 3810
649 1014 3811
1842 1692 3812
59 858 3813
748 2259 3814
3514 1559 3815
2881 4257 3816
2923 3774 3817
4216 1716 3818
3959 1729 3819
1949 4328 3820
772 1569 3821
2082 1001 3822
1035 3448 3823
381 2281 3824
933 577 3825
1971 3192 3826
3800 1233 3827
1757 1747 3828
617 988 3829
4230 31 3830
1177 2845 3831
342 3215 3832
3588 486 3833
1695 175 3834
209 763 3835
3130 3166 3836
3445 314 3837
1884 2595 3838
2770 3667 3839
4110 1338 3840
3114 2528 3841
392 317 3842
3034 1965 3843
3667 1391 3844
3012 530 3845
4082 359 3846
622 186 3847
600 3354 3848
2563 206 3849
2877 3606 3850
1550 3447 3851
816 867 3852
2117 458 3853
2500 1395 3854
2878 422 3855
2646 963 3856
1950 1286 3857
595 1901 3858
10 203 3859
3644 181 3860
4046 1053 3861
370 2731 3862
1101 4201 3863
2025 918 3864
3556 3785 3865
3148 934 3866
1040 4393 3867
3767 1659 3868
2773 2891 3869
2339 2050 3870
1443 1433 3871
239 534 3872
505 2816 3873
1849 2753 3874
2949 21 3875
3785 1198 3876
2914 4128 3877
3178 1404 3878
2856 1735 3879
2400 3001 3880
2464 4208 3881
4183 3314 3882
811 847 3883
3100 1799 3884
1427 3396 3885
3734 3636 3886
885 550 3887
1251 2275 3888
2126 996 3889
2265 4258 3890
496 4173 3891
3895 2860 3892
1657 1326 3893
3311 442 3894
3895 2766 3895
1038 1026 3896
1655 1192 3897
1990 3617 3898
2972 2847 3899
3292 1816 3900
2887 1973 3901
3064 631 3902
3898 2106 3903
519 2134 3904
1319 933 3905
814 1701 3906
925 1571 3907
3148 3793 3908
3417 1777 3909
598 3423 3910
2762 4155 3911
424 4012 3912
4270 1374 3913
1946 1248 3914
2322 2298 3915
1162 219 3916
1019 2064 3917
3202 2242 3918
1231 4065 3919
549 2052 3920
2161 4319 3921
247 3778 3922
4362 4358 3923
2798 2775 3924
1371 1356 3925
2127 4134 3926
1508 1650 3927
2944 3079 3928
3859 1829 3929
3081 2189 3930
138 3796 3931
182 3277 3932
1864 174 3933
561 4221 3934
3680 2698 3935
784 2920 3936
464 4022 3937
3349 2571 3938
2126 3811 3939
422 3901 3940
1716 2969 3941
4202 722 3942
3235 3529 3943
3646 292 3944
3 2884 3945
708 4033 3946
3564 1904 3947
934 1191 3948
1006 4297 3949
1421 3488 3950
3265 2660 3951
354 138 3952
2234 895 3953
3495 3651 3954
1687 1162 3955
4236 4281 3956
3432 4299 3957
3885 177 3958
2116 3635 3959
596 1128 3960
616 3710 3961
2079 95 3962
2251 1677 3963
419 2187 3964
2572 4004 3965
519 2401 3966
2262 2583 3967
496 211 3968
3882 849 3969
1907 72 3970
875 2908 3971
516 1972 3972
3302 1743 3973
1120 4162 3974
2887 2150 3975
744 1423 3976
4016 240 3977
369 915 3978
2355 2083 3979
1336 2188 3980
2051 501 3981
2313 2411 3982
3711 1084 3983
1258 2109 3984
4248 2019 3985
1900 235 3986
2918 1905 3987
2105 4036 3988
4200 253 3989
1447 628 3990
150 4018 3991
194 3843 3992
3606 1717 3993
4081 218 3994
342 4332 3995
146 1626 3996
711 1653 3997
182 4194 3998
2050 4078 3999
1166 3841 4000
2972 3474 4001
999 83 4002
1573 2645 4003
473 1209 4004
1413 3204 4005
408 4166 4006
600 519 4007
3599 1304 4008
1303 3800 4009
2658 1334 4010
758 1377 4011
2130 1538 4012
3804 2704 4013
1494 1462 4014
2304 3805 4015
2325 3453 4016
2007 1332 4017
605 1058 4018
1333 2679 4019
336 3724 4020
2720 1568 4021
217 1823 4022
865 1882 4023
2878 2494 4024
2205 527 4025
4342 2805 4026
377 2627 4027
325 947 4028
1659 1373 4029
3242 1208 4030
1727 3161 4031
447 3831 4032
3361 993 4033
2737 79 4034
354 1663 4035
657 4369 4036
1118 2023 4037
640 3050 4038
646 1445 4039
4016 3337 4040
2437 3344 4041
314 3786 4042
2677 4364 4043
222 94 4044
2884 834 4045
2794 1243 4046
1052 1039 4047
202 107 4048
851 998 4049
742 2681 4050
1741 4000 4051
1303 2949 4052
2055 1479 4053
485 2643 4054
2902 1059 4055
1795 2349 4056
4230 1133 4057
1155 1708 4058
3469 3389 4059
1106 1476 4060
3412 2317 4061
1117 1273 4062
1540 2675 4063
2905 2538 4064
3986 1424 4065
141 3849 4066
55 2282 4067
2317 3287 4068
3474 2228 4069
78 2544 4070
1732 1339 4071
1925 2553 4072
1408 120 4073
1681 2076 4074
1654 3379 4075
4264 333 4076
2944 291 4077
46 1331 4078
2327 3406 4079
194 424 4080
2388 503 4081
3349 1865 4082
2972 1781 4083
3947 3816 4084
2498 1537 4085
3094 1137 4086
610 2381 4087
1238 4188 4088
358 3366 4089
2281 888 4090
3225 249 4091
358 2042 4092
2715 1806 4093
1640 3201 4094
1288 1974 4095
602 4075 4096
2942 1984 4097
3512 2396 4098
1719 2366 4099
1040 1494 4100
424 213 4101
3786 1079 4102
485 1217 4103
1846 154 4104
1098 3492 4105
1258 3976 4106
3163 1012 4107
390 3588 4108
2423 1868 4109
995 2125 4110
1875 1035 4111
3855 3583 4112
2432 1367 4113
1033 3049 4114
3783 2817 4115
3648 1402 4116
4315 2742 4117
2500 4274 4118
3177 2384 4119
4215 2792 4120
2265 2630 4121
597 497 4122
1155 3640 4123
2482 3664 4124
1318 3505 4125
2730 2956 4126
2794 836 4127
1346 1450 4128
816 1821 4129
2750 1544 4130
1361 1536 4131
3741 2473 4132
4025 2260 4133
1126 1923 4134
3789 3045 4135
2278 1817 4136
1266 609 4137
1895 3139 4138
701 596 4139
1429 2597 4140
3669 1442 4141
3148 265 4142
4182 470 4143
1708 4136 4144
307 3109 4145
3103 2710 4146
3754 1841 4147
2372 1802 4148
3838 388 4149
2211 325 4150
2317 199 4151
2527 2621 4152
4046 3630 4153
3181 1394 4154
1319 1040 4155
2411 2117 4156
1304 3660 4157
2245 3495 4158
252 3147 4159
2727 1906 4160
3693 319 4161
757 3551 4162
2629 773 4163
1844 3305 4164
3956 4265 4165
731 4035 4166
2818 2565 4167
2133 1519 4168
3625 2067 4169
2891 2858 4170
2728 3907 4171
1109 620 4172
256 690 4173
79 604 4174
3865 4205 4175
3892 1449 4176
3018 1145 4177
563 3084 4178
200 925 4179
1844 779 4180
740 2324 4181
93 537 4182
576 344 4183
3895 743 4184
953 1614 4185
4400 3292 4186
1035 3171 4187
374 1620 4188
1773 728 4189
469 3275 4190
675 521 4191
3174 4127 4192
478 2876 4193
1185 4023 4194
3900 2977 4195
4342 4165 4196
2339 3480 4197
2466 804 4198
1540 3197 4199
3274 3718 4200
4144 875 4201
2878 2972 4202
3160 2258 4203
2675 4015 4204
1655 1873 4205
3742 2079 4206
373 3875 4207
3451 1647 4208
4343 4126 4209
1050 2341 4210
3648 412 4211
2944 1532 4212
3857 2724 4213
173 406 4214
4291 3756 4215
190 168 4216
2658 2326 4217
2615 1793 4218
2760 1322 4219
4158 15 4220
2497 3229 4221
1109 477 4222
2933 4178 4223
2034 201 4224
1931 4222 4225
1993 1485 4226
1225 3438 4227
3030 2927 4228
3307 2295 4229
941 3398 4230
2624 3245 4231
1114 283 4232
1838 3100 4233
1645 4365 4234
387 1955 4235
3652 1594 4236
3530 3478 4237
485 1411 4238
3809 2894 4239
340 4071 4240
2559 2095 4241
1674 717 4242
416 3412 4243
2553 3450 4244
3804 1132 4245
2948 903 4246
3514 307 4247
1916 2386 4248
3783 453 4249
697 3787 4250
2880 2502 4251
2461 976 4252
3999 2801 4253
2489 1998 4254
64 552 4255
15 1944 4256
3648 1994 4257
3709 2046 4258
469 1940 4259
2563 1444 4260
1266 2375 4261
76 2614 4262
3017 3561 4263
3392 63 4264
2997 2235 4265
722 26 4266
245 1111 4267
462 1296 4268
3819 1698 4269
2687 1784 4270
3958 4309 4271
1334 3501 4272
2072 3046 4273
2211 1550 4274
2432 2124 4275
936 1038 4276
3855 4112 4277
757 284 4278
3433 2656 4279
107 1623 4280
284 312 4281
1090 215 4282
2545 1097 4283
1183 1250 4284
2716 1996 4285
1253 1643 4286
987 360 4287
683 1276 4288
827 3687 4289
3830 429 4290
3466 627 4291
2299 2478 4292
107 4335 4293
410 2302 4294
1240 167 4295
2208 2161 4296
2384 1530 4297
3349 910 4298
1378 839 4299
1558 2991 4300
2082 859 4301
341 3033 4302
174 1004 4303
1835 2098 4304
226 4370 4305
3906 3461 4306
1 286 4307
1947 1726 4308
3542 1378 4309
4096 2192 4310
4356 3908 4311
75 2709 4312
3629 295 4313
3281 1234 4314
3759 4140 4315
2607 2552 4316
683 421 4317
1109 185 4318
4189 708 4319
1810 418 4320
4167 2035 4321
313 2812 4322
2866 478 4323
1589 3089 4324
1188 2827 4325
3318 34 4326
1769 4294 4327
1835 2065 4328
2152 3633 4329
1123 1384 4330
881 119 4331
3629 4090 4332
3090 879 4333
774 273 4334
154 2701 4335
4291 710 4336
2916 1977 4337
928 4167 4338
543 975 4339
662 3847 4340
2417 2370 4341
765 3537 4342
2159 3184 4343
1929 3363 4344
1299 2146 4345
3303 128 4346
430 2162 4347
1663 1875 4348
3396 3794 4349
1645 806 4350
344 1413 4351
4205 2344 4352
3497 474 4353
1558 3924 4354
4193 3768 4355
4357 3466 4356
790 3747 4357
3400 2055 4358
2832 2644 4359
271 1170 4360
2115 1862 4361
3314 3611 4362
1477 2986 4363
1433 1257 4364
3335 464 4365
163 2820 4366
380 586 4367
1254 394 4368
1463 1761 4369
3682 1752 4370
19 1446 4371
2866 3726 4372
3828 3631 4373
1061 1649 4374
575 2697 4375
1312 1704 4376
774 2364 4377
302 3508 4378
1285 4032 4379
746 1908 4380
1612 861 4381
1767 1584 4382
4242 608 4383
113 2639 4384
946 2250 4385
3573 2252 4386
2484 491 4387
2399 260 4388
3914 514 4389
2638 845 4390
629 2730 4391
4047 2673 4392
961 953 4393
933 762 4394
1054 3133 4395
1296 1820 4396
3585 1733 4397
3703 3436 4398
1028 2472 4399
109 2850 4400
