600 600 600
278 310 1
450 577 2
355 443 3
418 588 4
344 439 5
6 237 6
296 485 7
233 104 8
76 203 9
308 240 10
547 11 11
268 91 12
573 303 13
257 567 14
422 324 15
233 317 16
567 498 17
398 90 18
318 177 19
62 561 20
211 426 21
313 447 22
461 94 23
530 139 24
344 592 25
533 84 26
206 364 27
272 579 28
412 553 29
364 258 30
318 311 31
25 429 32
470 274 33
568 374 34
379 180 35
574 545 36
499 256 37
23 415 38
376 21 39
563 110 40
303 56 41
472 219 42
174 476 43
32 571 44
257 325 45
425 108 46
595 389 47
110 309 48
5 528 49
9 1 50
581 222 51
100 333 52
298 252 53
188 111 54
9 531 55
387 517 56
157 43 57
130 382 58
469 145 59
228 175 60
300 194 61
69 356 62
407 227 63
480 428 64
407 156 65
134 76 66
243 282 67
148 171 68
527 318 69
237 270 70
450 105 71
344 506 72
329 289 73
574 469 74
197 510 75
434 590 76
526 20 77
514 474 78
211 269 79
509 327 80
506 515 81
181 46 82
22 384 83
583 238 84
188 302 85
548 187 86
57 209 87
302 537 88
480 78 89
574 288 90
184 386 91
435 341 92
357 220 93
78 254 94
22 60 95
181 80 96
429 267 97
27 360 98
445 6 99
365 266 100
257 294 101
459 36 102
534 31 103
60 279 104
373 33 105
416 431 106
482 285 107
574 503 108
528 216 109
3 263 110
214 83 111
338 335 112
188 4 113
455 27 114
192 338 115
342 400 116
272 55 117
264 155 118
325 344 119
182 575 120
273 367 121
183 99 122
97 421 123
532 433 124
121 226 125
323 355 126
278 179 127
380 79 128
97 241 129
412 484 130
55 72 131
454 366 132
89 316 133
347 98 134
457 521 135
242 441 136
116 19 137
268 358 138
526 200 139
86 210 140
435 246 141
127 29 142
69 574 143
564 281 144
104 161 145
357 591 146
280 112 147
289 543 148
543 337 149
218 383 150
306 414 151
317 12 152
412 63 153
97 305 154
450 412 155
165 554 156
6 404 157
571 442 158
373 170 159
584 287 160
319 2 161
502 290 162
586 109 163
310 154 164
584 113 165
583 149 166
42 511 167
516 182 168
40 291 169
449 168 170
52 401 171
446 473 172
534 361 173
10 369 174
174 458 175
41 402 176
445 377 177
393 35 178
255 541 179
239 260 180
325 206 181
437 150 182
264 102 183
411 504 184
124 159 185
111 95 186
289 66 187
526 243 188
99 211 189
145 205 190
466 49 191
177 61 192
407 449 193
170 264 194
550 409 195
5 129 196
299 306 197
201 15 198
177 413 199
302 549 200
261 538 201
297 494 202
127 124 203
111 127 204
539 340 205
569 117 206
327 221 207
188 25 208
373 436 209
182 393 210
399 77 211
438 44 212
373 399 213
204 259 214
450 253 215
526 424 216
583 28 217
567 502 218
320 223 219
50 202 220
363 593 221
324 283 222
562 530 223
32 375 224
468 133 225
275 599 226
474 542 227
332 148 228
398 417 229
299 349 230
218 93 231
339 481 232
357 419 233
61 467 234
324 478 235
155 457 236
218 62 237
128 142 238
231 169 239
545 9 240
325 183 241
138 566 242
420 116 243
348 533 244
229 582 245
596 405 246
257 363 247
239 123 248
417 193 249
334 313 250
527 594 251
445 214 252
440 497 253
479 539 254
96 18 255
594 297 256
486 207 257
208 157 258
72 365 259
17 563 260
498 250 261
208 596 262
329 492 263
182 174 264
99 268 265
577 217 266
255 532 267
86 235 268
146 152 269
515 395 270
591 191 271
451 550 272
332 378 273
416 118 274
61 489 275
191 505 276
80 39 277
445 239 278
4 516 279
289 350 280
229 75 281
53 501 282
379 392 283
266 47 284
486 475 285
9 380 286
441 328 287
451 587 288
435 199 289
161 440 290
419 345 291
120 284 292
272 418 293
75 479 294
239 411 295
29 73 296
63 89 297
383 556 298
535 197 299
97 451 300
416 460 301
26 88 302
377 581 303
391 158 304
264 143 305
111 218 306
241 482 307
246 523 308
298 273 309
550 255 310
72 486 311
527 465 312
148 597 313
335 245 314
469 275 315
366 569 316
507 234 317
410 385 318
371 70 319
192 468 320
115 471 321
469 438 322
562 354 323
583 138 324
593 278 325
188 69 326
577 59 327
223 487 328
61 387 329
577 568 330
502 172 331
498 233 332
84 520 333
218 326 334
387 146 335
422 525 336
218 140 337
342 40 338
323 430 339
132 330 340
490 352 341
266 166 342
320 408 343
438 10 344
192 420 345
451 583 346
415 396 347
174 30 348
224 137 349
219 188 350
229 376 351
303 359 352
182 595 353
336 339 354
198 162 355
55 132 356
512 130 357
323 276 358
348 122 359
107 301 360
539 544 361
519 331 362
306 106 363
496 513 364
273 176 365
249 82 366
574 522 367
8 86 368
48 34 369
3 456 370
99 181 371
107 461 372
541 480 373
120 600 374
66 261 375
127 410 376
486 14 377
178 16 378
103 286 379
484 50 380
268 564 381
341 131 382
550 57 383
562 557 384
341 514 385
305 68 386
257 65 387
329 126 388
219 242 389
45 308 390
224 141 391
424 85 392
527 134 393
545 119 394
229 321 395
382 103 396
522 45 397
318 427 398
415 565 399
438 163 400
516 368 401
55 552 402
241 64 403
450 5 404
586 558 405
170 107 406
566 312 407
289 470 408
274 535 409
454 160 410
450 247 411
472 477 412
450 22 413
183 329 414
65 423 415
550 215 416
355 347 417
271 314 418
593 323 419
237 598 420
354 295 421
302 198 422
4 13 423
594 189 424
486 304 425
470 493 426
469 128 427
241 397 428
574 570 429
81 232 430
264 164 431
177 346 432
425 572 433
541 147 434
111 81 435
233 23 436
232 37 437
104 390 438
69 271 439
42 488 440
564 508 441
450 244 442
116 548 443
578 212 444
249 394 445
366 135 446
583 578 447
577 536 448
483 229 449
289 448 450
325 351 451
593 296 452
128 585 453
583 416 454
71 213 455
201 96 456
545 435 457
483 280 458
445 490 459
127 165 460
63 51 461
257 472 462
242 41 463
348 576 464
321 466 465
329 445 466
9 300 467
373 371 468
525 167 469
78 573 470
230 277 471
227 463 472
218 562 473
155 101 474
533 437 475
513 230 476
173 500 477
434 54 478
447 196 479
247 17 480
238 559 481
376 353 482
474 320 483
65 370 484
502 272 485
166 125 486
351 422 487
72 547 488
512 307 489
252 262 490
94 322 491
97 526 492
390 185 493
4 432 494
459 7 495
499 195 496
170 342 497
445 3 498
234 121 499
294 97 500
407 459 501
10 524 502
452 225 503
416 529 504
347 455 505
201 391 506
403 204 507
436 32 508
398 24 509
219 67 510
338 407 511
326 186 512
249 151 513
376 425 514
111 373 515
570 153 516
361 87 517
385 589 518
342 491 519
107 444 520
36 71 521
107 287 522
272 454 523
472 336 524
394 518 525
507 315 526
297 42 527
371 248 528
449 586 529
3 173 530
445 299 531
472 178 532
568 120 533
239 372 534
483 348 535
282 453 536
231 26 537
140 231 538
243 190 539
89 362 540
338 208 541
472 534 542
289 527 543
410 136 544
107 236 545
294 499 546
128 546 547
294 403 548
272 334 549
294 115 550
59 53 551
56 406 552
348 512 553
155 388 554
134 114 555
255 332 556
14 251 557
22 228 558
103 38 559
346 74 560
503 379 561
449 495 562
114 540 563
355 584 564
448 100 565
341 464 566
321 381 567
239 555 568
293 560 569
575 48 570
252 446 571
344 357 572
246 551 573
439 507 574
504 224 575
509 462 576
491 58 577
302 293 578
373 192 579
212 184 580
325 519 581
423 496 582
498 483 583
131 580 584
325 450 585
577 298 586
448 319 587
159 265 588
472 8 589
438 52 590
564 398 591
562 92 592
116 249 593
338 201 594
186 452 595
513 509 596
271 292 597
239 343 598
550 434 599
165 144 600
