5600 5600 5600
2308 1086 1
1026 1324 2
2378 5403 3
450 1904 4
3556 1102 5
5406 3776 6
2474 3510 7
4576 4406 8
2012 2589 9
4222 2372 10
437 2255 11
3339 1803 12
4843 4072 13
4342 402 14
744 559 15
931 4017 16
424 963 17
250 4449 18
2757 541 19
2470 4355 20
1597 3740 21
347 2641 22
3815 2508 23
4219 1508 24
2139 1406 25
5213 1477 26
951 2950 27
5183 1879 28
3488 2845 29
3686 566 30
2703 3567 31
1167 1106 32
440 1265 33
1325 396 34
4319 605 35
5566 3630 36
2745 4124 37
4160 2316 38
4018 1469 39
1027 3831 40
1419 2652 41
2385 1888 42
2006 1634 43
4049 2037 44
1967 2339 45
773 5435 46
2001 3259 47
375 852 48
1131 4648 49
2696 1283 50
3140 4604 51
743 3707 52
2599 4253 53
5460 1030 54
2729 2693 55
1336 2480 56
4339 1123 57
952 3575 58
765 841 59
384 4497 60
4923 144 61
1412 3342 62
488 1011 63
4514 3508 64
5085 1983 65
1523 2050 66
3629 3558 67
3805 3849 68
4769 2422 69
1532 3321 70
865 5412 71
4035 2994 72
1148 2058 73
4753 3478 74
3646 5213 75
5114 4871 76
1542 5504 77
607 3034 78
4310 395 79
4959 4276 80
5382 2277 81
352 5295 82
1316 1950 83
2649 2211 84
2149 1244 85
4705 4712 86
2421 1486 87
1695 736 88
3525 4262 89
3915 2187 90
2616 2109 91
4880 3400 92
5277 2457 93
2874 5197 94
5270 313 95
5501 2064 96
4804 3041 97
3965 2333 98
483 3213 99
4286 5232 100
1410 4183 101
945 3576 102
1476 2175 103
502 834 104
2559 1020 105
5390 1684 106
2340 2047 107
459 596 108
4978 3844 109
894 2602 110
2570 3758 111
3455 4656 112
491 5109 113
5553 2309 114
5021 5466 115
2679 2727 116
670 753 117
2505 182 118
1649 2157 119
2532 3119 120
1756 1739 121
5171 5296 122
4972 1424 123
1678 4676 124
5552 1280 125
655 4297 126
3251 3717 127
1797 3165 128
3952 450 129
3853 1985 130
3241 4241 131
2348 2579 132
1354 1479 133
1798 413 134
3740 2100 135
3759 3246 136
4155 4410 137
2761 1659 138
3997 2425 139
2888 3685 140
348 975 141
591 2141 142
2459 147 143
3518 2458 144
5219 1535 145
2359 1287 146
1390 3739 147
3019 1259 148
5144 1095 149
4715 1091 150
1481 4373 151
854 3908 152
4965 774 153
5206 116 154
237 5162 155
2632 4052 156
3234 3494 157
1325 211 158
3597 2205 159
4191 591 160
149 1071 161
4173 4470 162
1233 2610 163
1611 3203 164
4538 645 165
3785 2378 166
5350 468 167
4473 2714 168
276 2777 169
5466 2349 170
2693 2626 171
449 4811 172
1225 5270 173
1281 3067 174
5089 4269 175
4347 4551 176
1058 2165 177
3822 1382 178
3027 4137 179
821 102 180
3537 4092 181
840 2206 182
4443 4938 183
591 5426 184
2864 730 185
3017 3586 186
4959 4376 187
2444 2790 188
2625 4184 189
4326 3345 190
5394 5259 191
204 4961 192
1623 391 193
4670 5115 194
4043 5161 195
843 4914 196
2129 751 197
5149 5178 198
250 4117 199
2005 3957 200
1376 3152 201
2131 4461 202
3007 1120 203
1035 1328 204
61 1870 205
4843 4171 206
4957 344 207
236 4094 208
2899 2159 209
3807 1800 210
2562 2935 211
2676 4233 212
606 3654 213
3468 4518 214
2184 4694 215
22 2941 216
3073 926 217
2425 1758 218
5039 4643 219
1638 1689 220
449 4189 221
973 1510 222
4445 4610 223
5329 4630 224
5124 2594 225
2784 3958 226
1374 5036 227
891 5505 228
2952 2543 229
4612 3418 230
3598 1897 231
3613 5398 232
3417 5390 233
2108 4639 234
2095 1821 235
21 2489 236
4753 1813 237
386 5546 238
3595 946 239
4292 4516 240
197 2233 241
4582 3162 242
1094 2527 243
2634 3363 244
1536 1218 245
3609 1213 246
4248 4960 247
680 5326 248
2110 1996 249
2703 4991 250
1919 2624 251
4315 3338 252
2230 1162 253
2778 940 254
1344 741 255
4636 1961 256
3463 3178 257
2703 565 258
1893 1055 259
3116 5377 260
4143 3511 261
2082 3798 262
5507 5452 263
1425 1006 264
3937 1898 265
666 4698 266
4311 3476 267
147 1543 268
425 4090 269
1240 1166 270
4923 5506 271
5298 5158 272
2693 2855 273
368 1878 274
4393 4152 275
4054 3610 276
590 4841 277
1657 883 278
5213 3859 279
656 5523 280
134 5437 281
3871 4830 282
752 253 283
2386 4821 284
4272 4088 285
2882 4798 286
2559 99 287
1811 2832 288
1054 1178 289
3800 537 290
2540 4755 291
3657 4364 292
1261 66 293
2951 3493 294
184 4591 295
865 4696 296
1484 4733 297
432 5220 298
595 1617 299
2306 2063 300
4871 1336 301
4911 5101 302
2786 1716 303
3440 5264 304
2652 1733 305
2853 2496 306
5188 536 307
1616 4627 308
3172 3445 309
4893 429 310
1218 195 311
5434 3992 312
741 2018 313
5229 3662 314
3954 484 315
3337 2056 316
1008 2148 317
1484 5 318
4778 4968 319
1926 3008 320
971 3728 321
3354 2518 322
5477 2025 323
3986 4107 324
4881 5451 325
2308 5302 326
4393 876 327
2444 3096 328
4741 4044 329
1051 2867 330
2429 4664 331
3840 3624 332
827 3050 333
5078 4238 334
1814 778 335
3402 4916 336
4163 4652 337
3333 3024 338
4019 2776 339
891 3522 340
3916 5545 341
4665 4926 342
429 961 343
5073 1017 344
4893 5198 345
2283 4773 346
1008 515 347
3840 921 348
1923 1912 349
4608 20 350
3952 1576 351
1237 1029 352
1237 5514 353
2659 4086 354
5078 154 355
3664 1454 356
2313 3109 357
4005 1967 358
3254 5315 359
5136 4867 360
4051 338 361
1741 163 362
106 192 363
3217 4480 364
1065 3524 365
2919 257 366
2535 4657 367
1636 48 368
2397 2452 369
4686 637 370
1786 5280 371
5497 1789 372
3069 1679 373
793 2161 374
5048 2108 375
2924 5591 376
5388 4308 377
2513 2114 378
4957 5345 379
4163 2738 380
4100 2437 381
5328 5297 382
5259 594 383
4715 2872 384
1487 2130 385
3463 235 386
4272 2794 387
4550 4081 388
534 3573 389
3085 430 390
4022 4669 391
5051 824 392
3027 1569 393
5105 4665 394
1349 5599 395
4935 3786 396
2846 1607 397
2623 4769 398
2468 4537 399
2344 5212 400
2761 1131 401
5514 2242 402
449 21 403
997 4389 404
3345 5122 405
2535 426 406
1948 2544 407
5401 4650 408
1703 5339 409
1218 2821 410
5265 1101 411
575 3582 412
3671 5539 413
4796 4335 414
130 1729 415
389 4263 416
1549 3529 417
2177 4761 418
3636 2969 419
2043 463 420
2244 519 421
4185 1418 422
449 2276 423
873 3750 424
247 4011 425
3498 2523 426
1467 4649 427
2018 978 428
804 2228 429
2162 4596 430
4791 3926 431
5242 1296 432
5594 3427 433
2269 5502 434
5351 4464 435
218 3768 436
5528 1698 437
869 3438 438
1710 357 439
5174 2132 440
5387 4858 441
1140 4682 442
4843 2713 443
5210 3394 444
2011 3998 445
3360 4547 446
3953 3282 447
3263 4985 448
67 4042 449
799 2484 450
200 3407 451
2592 3781 452
5390 3673 453
1585 659 454
2788 4921 455
149 971 456
2090 94 457
4311 4019 458
2580 2095 459
5282 523 460
798 3462 461
5329 2481 462
5181 5012 463
3011 3516 464
2138 2029 465
2016 4679 466
5508 5196 467
697 1458 468
2886 2093 469
2595 3207 470
3434 880 471
5312 4804 472
485 1851 473
4854 1409 474
3766 5575 475
1925 2586 476
1728 420 477
3118 4354 478
2043 960 479
1316 931 480
958 3168 481
5472 561 482
4993 1559 483
3118 4908 484
1083 5478 485
1535 3899 486
2467 155 487
4643 2263 488
2775 662 489
3546 5355 490
2764 73 491
4202 3817 492
672 4430 493
4234 3328 494
4590 5401 495
5087 1402 496
3596 5441 497
2095 1150 498
4238 785 499
4804 4577 500
3332 3830 501
872 447 502
2740 215 503
549 4967 504
86 2993 505
481 1133 506
1403 3390 507
2633 5100 508
4846 3278 509
2308 2310 510
853 4632 511
2875 3180 512
2274 1233 513
4625 2133 514
50 4257 515
4642 2003 516
4798 672 517
3286 1154 518
2444 2559 519
4074 4132 520
264 5290 521
4716 1181 522
641 2492 523
345 919 524
3356 1364 525
5 2314 526
1927 57 527
1340 414 528
4372 1256 529
1642 4231 530
2535 2456 531
1921 455 532
5032 3302 533
931 2649 534
1708 3519 535
5280 5125 536
5345 3251 537
4692 4616 538
5408 4351 539
1318 5019 540
5349 755 541
3565 1452 542
3945 3210 543
2647 3199 544
3970 5376 545
835 281 546
1150 2252 547
1410 4734 548
1171 2752 549
2975 621 550
4538 872 551
5297 3896 552
3655 3074 553
591 4181 554
4804 4923 555
3651 4554 556
3007 4016 557
4218 922 558
611 1361 559
2859 4600 560
5253 4952 561
3765 1446 562
29 951 563
5197 3595 564
979 1554 565
3527 1644 566
4063 1913 567
3247 425 568
1043 72 569
1330 2196 570
2864 5005 571
4744 4332 572
2115 3680 573
2005 3566 574
1708 3075 575
4550 4304 576
1174 3779 577
4853 3708 578
5342 3754 579
3509 2421 580
4793 1202 581
4370 123 582
1946 4988 583
4975 4517 584
596 1204 585
5265 4220 586
3692 3802 587
943 1366 588
1130 592 589
2177 3855 590
1059 2664 591
2833 907 592
4463 2773 593
4074 3773 594
2679 5595 595
1446 796 596
2343 1963 597
264 1709 598
4062 5534 599
50 480 600
4865 1138 601
1433 4552 602
3807 1854 603
1720 2988 604
2855 4467 605
1676 2903 606
1117 3293 607
1954 4139 608
3604 1125 609
1390 3552 610
1167 1558 611
3697 4298 612
4259 3599 613
1498 1653 614
4432 5490 615
3982 648 616
4675 5177 617
3249 4570 618
961 4252 619
1159 4827 620
1774 5522 621
715 1148 622
4562 817 623
233 312 624
748 543 625
2678 3966 626
3932 2743 627
1422 3190 628
4874 3198 629
3873 2450 630
868 546 631
5188 71 632
3125 3242 633
835 1683 634
3053 977 635
74 1599 636
4905 1077 637
3869 2809 638
4494 4110 639
4421 5098 640
3338 2799 641
2727 2239 642
1613 1570 643
5496 341 644
4523 2214 645
1178 1892 646
611 950 647
4012 2115 648
1798 3505 649
5321 3431 650
4419 4802 651
4625 3658 652
2484 5103 653
3435 775 654
3876 1010 655
5033 5507 656
2499 2168 657
1854 3468 658
5128 3954 659
469 4127 660
1598 762 661
3059 4119 662
743 2899 663
3216 2818 664
3706 816 665
265 2765 666
413 37 667
2035 2914 668
4905 4401 669
4965 1915 670
5011 2996 671
3272 1615 672
5370 2545 673
3029 2289 674
4959 4215 675
4648 1403 676
5015 1738 677
1221 2123 678
4536 4489 679
553 2250 680
575 2229 681
1181 5247 682
2830 4946 683
696 1164 684
2108 4275 685
3151 5015 686
666 4784 687
1945 2312 688
260 2955 689
2880 4928 690
4856 5335 691
1254 4456 692
111 1238 693
3238 3379 694
1630 4055 695
533 1900 696
359 2152 697
2539 4396 698
5407 3297 699
2202 1387 700
4711 4392 701
596 1694 702
1560 2433 703
2886 4884 704
204 3072 705
3888 180 706
1500 3317 707
3953 1531 708
5267 255 709
5225 3359 710
1043 518 711
5374 3215 712
591 2780 713
3882 2472 714
429 1196 715
1893 2726 716
100 752 717
4901 1180 718
1344 525 719
1967 1747 720
4924 4024 721
1106 4521 722
100 3805 723
184 4490 724
2845 3381 725
768 716 726
3468 126 727
755 3551 728
931 3082 729
4846 382 730
1378 2655 731
227 2575 732
530 690 733
2519 1026 734
1316 4512 735
3952 5312 736
3525 1662 737
2030 5180 738
2634 1129 739
1292 2718 740
1112 2469 741
396 1547 742
509 3500 743
2474 2766 744
4938 4458 745
1225 4423 746
4354 3111 747
1799 671 748
1827 4688 749
958 3554 750
1239 3834 751
4832 4162 752
3716 5557 753
2546 2034 754
3771 4439 755
100 4793 756
2362 343 757
396 2524 758
635 1916 759
4800 4395 760
4713 3670 761
703 686 762
1311 3003 763
4162 2285 764
253 3643 765
1955 2292 766
1384 3571 767
340 3115 768
4065 2745 769
1484 54 770
2968 970 771
4831 786 772
381 5529 773
2134 1575 774
4063 2577 775
382 1833 776
280 2373 777
369 5017 778
527 3209 779
5365 4845 780
1393 4291 781
2634 4447 782
4699 306 783
1933 4455 784
2633 4186 785
124 4097 786
5300 2181 787
4092 3808 788
1529 2055 789
3207 1085 790
439 446 791
246 5273 792
2477 2267 793
1707 1672 794
5520 829 795
3699 1080 796
4516 4293 797
302 2290 798
4319 5361 799
3069 5275 800
13 2637 801
3345 5145 802
1646 5070 803
3815 4572 804
439 5260 805
1110 331 806
549 3140 807
5148 3931 808
5513 4983 809
2628 1325 810
4960 3626 811
4146 4049 812
5073 1882 813
4238 3537 814
4696 2160 815
3667 2459 816
4310 2362 817
306 318 818
3876 584 819
2439 2460 820
5135 4363 821
3401 3028 822
5350 539 823
3069 103 824
290 1771 825
2490 1618 826
4783 1143 827
3551 4433 828
4538 4642 829
1305 1076 830
5458 1082 831
395 279 832
2318 4151 833
4811 1421 834
3397 2355 835
3020 5532 836
4716 802 837
1175 3191 838
1059 4476 839
3792 4963 840
221 5289 841
905 3609 842
86 570 843
4870 3562 844
260 5021 845
4111 791 846
575 4726 847
2137 4103 848
1373 5340 849
5035 871 850
4687 499 851
4977 4829 852
5299 912 853
5440 1269 854
1572 2178 855
3081 3004 856
4753 1222 857
1904 758 858
4706 1987 859
2862 4954 860
3069 5025 861
5439 1952 862
2807 2204 863
2657 2984 864
3673 2163 865
4037 4624 866
2840 3956 867
1377 3066 868
5174 340 869
4367 993 870
16 4330 871
2017 2827 872
1566 2134 873
1655 2371 874
4338 1439 875
1130 600 876
3203 148 877
963 1938 878
3012 4004 879
3990 4046 880
329 4781 881
547 87 882
3076 394 883
3482 2913 884
4160 3183 885
1957 4219 886
4512 2608 887
2975 1345 888
562 3555 889
4013 3986 890
1211 1013 891
800 1286 892
4540 1475 893
3190 1586 894
4375 5191 895
2094 1279 896
5023 65 897
648 250 898
5078 4612 899
4562 3262 900
258 4300 901
374 1721 902
4549 722 903
3309 2374 904
4512 5189 905
4201 2808 906
456 30 907
5404 1370 908
3398 68 909
5133 1946 910
1041 4494 911
3848 1768 912
3212 3202 913
1307 2094 914
1151 3903 915
2184 2403 916
1969 2485 917
596 3765 918
4183 3755 919
1186 3171 920
3814 5226 921
3980 2645 922
1773 2049 923
5367 1511 924
4391 1431 925
461 4071 926
106 867 927
2826 4060 928
2513 4924 929
4618 540 930
845 4035 931
382 4691 932
5128 286 933
1727 4563 934
5088 3161 935
1229 1317 936
1651 1707 937
1994 4446 938
5531 3348 939
405 2201 940
865 5320 941
3945 2419 942
2984 2708 943
786 2884 944
344 3953 945
5488 2686 946
3030 574 947
2255 3281 948
1444 1025 949
2507 1927 950
2601 4765 951
4451 4741 952
3730 632 953
3218 718 954
4173 4209 955
1329 866 956
4226 4530 957
1428 416 958
3345 5142 959
2518 2926 960
4264 2521 961
4355 1726 962
4917 898 963
3601 2075 964
1133 2736 965
180 3284 966
5411 689 967
610 4059 968
2046 5583 969
5488 656 970
1908 3045 971
1059 2891 972
4692 1835 973
1376 2706 974
1029 2960 975
5583 764 976
353 2376 977
4899 3429 978
1507 913 979
3917 1297 980
1585 956 981
1902 4686 982
2303 1751 983
2539 5392 984
4815 781 985
2830 788 986
2600 1702 987
4090 4975 988
4105 896 989
579 4273 990
2225 347 991
4175 2968 992
1220 205 993
2018 1442 994
622 161 995
5303 4475 996
653 4101 997
2384 2004 998
2766 3470 999
2695 3121 1000
2532 2555 1001
4795 2510 1002
1536 569 1003
1967 4034 1004
2789 120 1005
3116 5338 1006
1587 150 1007
1136 3086 1008
1153 4717 1009
5492 3177 1010
3673 3869 1011
2645 5472 1012
566 1436 1013
5583 663 1014
4966 3489 1015
1606 5442 1016
2441 953 1017
1185 3471 1018
1403 1187 1019
3076 4511 1020
3073 2213 1021
97 2449 1022
4959 3488 1023
2897 1089 1024
1482 1308 1025
1360 1849 1026
5013 2812 1027
3690 4587 1028
170 5186 1029
1523 1581 1030
1581 2506 1031
1874 4318 1032
1129 3628 1033
1029 2210 1034
135 5430 1035
5312 2409 1036
2740 4245 1037
1759 300 1038
648 1766 1039
4010 1780 1040
1341 5301 1041
2657 3527 1042
3073 1234 1043
3673 3897 1044
1894 1285 1045
2505 130 1046
1581 301 1047
3600 5110 1048
2782 1155 1049
5583 3657 1050
3533 2541 1051
4015 5216 1052
1065 74 1053
1181 3221 1054
4838 3260 1055
2535 4654 1056
1466 3336 1057
148 4790 1058
221 2920 1059
4335 2303 1060
2406 5449 1061
3157 5000 1062
771 3275 1063
2995 2225 1064
5146 2771 1065
4288 613 1066
934 1128 1067
204 5083 1068
1110 5549 1069
5320 3088 1070
4143 761 1071
101 4580 1072
58 1525 1073
2107 3588 1074
1559 3774 1075
3282 798 1076
179 2504 1077
5229 1993 1078
2728 1117 1079
1675 3452 1080
3611 1746 1081
500 719 1082
366 2829 1083
1770 101 1084
354 4129 1085
3508 693 1086
5338 3917 1087
1037 835 1088
685 4997 1089
3136 208 1090
5441 283 1091
1430 4693 1092
1679 2313 1093
5217 2366 1094
4628 4003 1095
1375 1819 1096
5068 5272 1097
2016 2538 1098
1659 695 1099
2684 1743 1100
2986 2782 1101
5226 2568 1102
3332 2940 1103
437 1385 1104
4578 3385 1105
4644 293 1106
5414 673 1107
4367 2860 1108
3004 616 1109
812 4586 1110
1131 4038 1111
2757 458 1112
3714 4948 1113
493 3473 1114
2720 53 1115
1571 5123 1116
1920 1068 1117
2308 4706 1118
2748 4640 1119
4648 4068 1120
5425 4583 1121
3933 4237 1122
1344 2026 1123
130 109 1124
2740 2375 1125
1269 2028 1126
2129 285 1127
720 1557 1128
3527 2326 1129
843 362 1130
4808 1785 1131
2018 797 1132
4590 3738 1133
738 3044 1134
2645 3964 1135
2451 5172 1136
1351 4944 1137
952 299 1138
1823 3933 1139
2786 3924 1140
458 1109 1141
3048 1417 1142
547 2005 1143
4857 1208 1144
1312 3208 1145
813 234 1146
1679 4935 1147
3696 1932 1148
5528 724 1149
4316 3699 1150
3286 1185 1151
950 1695 1152
96 3594 1153
4635 3721 1154
2595 3980 1155
1106 407 1156
5578 1568 1157
168 710 1158
315 5499 1159
354 282 1160
180 4943 1161
786 5298 1162
2138 2656 1163
4274 1404 1164
337 324 1165
342 5321 1166
2520 1515 1167
4795 2410 1168
2565 3435 1169
273 4590 1170
3236 12 1171
3432 24 1172
5583 379 1173
4126 1801 1174
3962 794 1175
4113 1460 1176
3581 1302 1177
449 5346 1178
3837 813 1179
1774 1770 1180
4288 3226 1181
191 1842 1182
1390 2061 1183
2567 3790 1184
5213 934 1185
4629 4235 1186
3246 5350 1187
1707 270 1188
1186 339 1189
4179 2895 1190
981 1649 1191
418 3885 1192
1874 1744 1193
3774 4221 1194
3740 3015 1195
485 2471 1196
5529 2269 1197
5026 256 1198
3280 4898 1199
4811 5130 1200
625 3718 1201
1871 2197 1202
1626 309 1203
2170 1221 1204
2973 2770 1205
1083 947 1206
4842 2704 1207
1020 1787 1208
4710 2002 1209
2057 1646 1210
4424 5131 1211
4274 906 1212
3709 4700 1213
5302 2111 1214
1576 4771 1215
3625 2746 1216
947 3374 1217
2470 3549 1218
535 3475 1219
2693 4585 1220
334 3700 1221
2238 4852 1222
2990 247 1223
2526 3333 1224
4871 1220 1225
4594 5431 1226
5572 3169 1227
3597 385 1228
768 972 1229
2227 836 1230
3898 2677 1231
36 3352 1232
4982 623 1233
2588 2654 1234
5567 1937 1235
4155 1911 1236
5473 186 1237
911 679 1238
881 1203 1239
4645 2965 1240
3237 2919 1241
1941 711 1242
936 81 1243
4540 5492 1244
11 4564 1245
105 2819 1246
2601 3745 1247
1498 3791 1248
809 534 1249
4310 1917 1250
4741 493 1251
3392 3719 1252
549 4940 1253
658 4594 1254
2517 4622 1255
1258 1170 1256
761 2971 1257
1178 897 1258
1376 2176 1259
2004 1363 1260
1450 4324 1261
3907 2722 1262
4049 1346 1263
1100 1056 1264
3711 4100 1265
1240 3921 1266
2452 3766 1267
4123 2954 1268
4037 1100 1269
3687 1152 1270
4831 707 1271
3651 3423 1272
4005 2440 1273
1393 4776 1274
5536 5080 1275
713 4598 1276
4543 4366 1277
3621 4647 1278
5190 5055 1279
621 262 1280
2532 3108 1281
4528 3838 1282
5475 945 1283
2587 2514 1284
3198 1765 1285
1698 4982 1286
3008 5493 1287
2384 5288 1288
1416 4568 1289
5078 1167 1290
3571 2966 1291
2701 4992 1292
2283 3483 1293
2640 1847 1294
5097 1058 1295
3643 733 1296
1811 4702 1297
952 304 1298
100 530 1299
3151 113 1300
4244 746 1301
4271 4023 1302
4381 449 1303
108 3273 1304
333 4730 1305
3897 614 1306
3980 3085 1307
1576 3256 1308
4635 5215 1309
4187 1994 1310
5357 4250 1311
1050 1447 1312
1869 251 1313
4854 4638 1314
2205 2873 1315
3180 1594 1316
656 290 1317
2746 2143 1318
1669 1192 1319
4525 4936 1320
2824 1396 1321
2184 4302 1322
5425 1869 1323
921 278 1324
649 4156 1325
4542 1448 1326
5488 2634 1327
1325 4540 1328
5342 1471 1329
4769 5229 1330
891 2490 1331
5236 1053 1332
3041 274 1333
3608 38 1334
2734 2983 1335
2882 3696 1336
4550 3224 1337
4400 1121 1338
659 2600 1339
808 1182 1340
1495 1798 1341
3507 4971 1342
530 4904 1343
5285 1802 1344
4540 3611 1345
901 3314 1346
5490 4422 1347
41 810 1348
2500 531 1349
1236 121 1350
1054 750 1351
1249 3276 1352
3230 3091 1353
1765 4732 1354
3997 2622 1355
804 3194 1356
2310 5190 1357
591 1530 1358
232 4495 1359
5078 5541 1360
3721 2369 1361
2524 3031 1362
3725 5011 1363
2104 4362 1364
5593 4128 1365
347 4089 1366
589 4603 1367
5536 4625 1368
840 727 1369
2879 3030 1370
4562 3833 1371
1271 2217 1372
2056 1139 1373
4219 3930 1374
4649 3620 1375
3658 4744 1376
273 1270 1377
3276 462 1378
5450 489 1379
4569 4546 1380
4799 4966 1381
5078 4192 1382
3169 766 1383
4845 3625 1384
187 5254 1385
195 4927 1386
3280 4562 1387
4396 5446 1388
561 4762 1389
4536 4306 1390
5584 15 1391
3193 2825 1392
4455 2066 1393
4167 3760 1394
2907 1992 1395
4870 1609 1396
2676 830 1397
2634 1186 1398
2675 3617 1399
3680 3000 1400
4608 4543 1401
4264 404 1402
5583 1266 1403
4384 2807 1404
5219 5594 1405
1822 1701 1406
4538 2346 1407
2390 2943 1408
4675 4614 1409
1598 4133 1410
3714 1316 1411
5580 4382 1412
4906 2987 1413
3931 3331 1414
2830 440 1415
499 3465 1416
3055 4459 1417
4091 4711 1418
4069 1934 1419
4832 1999 1420
559 5052 1421
4079 2220 1422
3069 5343 1423
984 2286 1424
1926 40 1425
2619 930 1426
3373 5550 1427
4068 918 1428
3912 4457 1429
4378 2597 1430
321 3159 1431
3820 4279 1432
1223 1224 1433
926 4887 1434
1210 4737 1435
2422 1940 1436
5302 3266 1437
2543 939 1438
4443 1339 1439
1649 2088 1440
186 2642 1441
522 2479 1442
3598 1294 1443
4100 959 1444
88 5307 1445
4698 4295 1446
1089 3142 1447
3399 1054 1448
2073 3928 1449
2060 4437 1450
2589 189 1451
2730 3902 1452
4201 4838 1453
2559 2973 1454
5259 626 1455
4225 3534 1456
5248 582 1457
4023 2388 1458
4290 2223 1459
2860 4919 1460
4421 2462 1461
2517 1245 1462
3634 3231 1463
2290 140 1464
3580 510 1465
4549 2256 1466
4678 5323 1467
2983 1062 1468
4927 3167 1469
487 2670 1470
469 3339 1471
2920 4818 1472
2251 1629 1473
3928 3746 1474
1626 2200 1475
2370 201 1476
2886 2810 1477
2189 5322 1478
4675 3018 1479
3744 3351 1480
3309 2646 1481
2142 771 1482
3432 4791 1483
2603 4503 1484
4442 5467 1485
4959 3649 1486
2904 3783 1487
5541 5211 1488
406 183 1489
3003 4258 1490
5440 1023 1491
605 3324 1492
2603 5483 1493
2421 2871 1494
352 1211 1495
4957 5078 1496
3912 1836 1497
2600 4723 1498
2990 1340 1499
4996 5066 1500
2384 1501 1501
2098 3268 1502
648 3244 1503
140 2517 1504
4843 1379 1505
4173 2901 1506
2289 4379 1507
2549 3192 1508
3651 5515 1509
2920 128 1510
1220 1391 1511
5090 62 1512
2208 5365 1513
2222 3055 1514
221 2505 1515
3488 5034 1516
4126 2493 1517
4103 2398 1518
1551 4848 1519
2765 3301 1520
281 641 1521
5431 2938 1522
3718 4111 1523
4482 4485 1524
538 5527 1525
291 526 1526
4923 198 1527
602 5434 1528
1671 4030 1529
693 2351 1530
4222 1503 1531
2975 502 1532
352 5357 1533
3932 4695 1534
5359 5576 1535
3822 4168 1536
4215 2167 1537
4542 5187 1538
1143 2834 1539
2168 895 1540
5136 3788 1541
645 403 1542
4427 3265 1543
435 3057 1544
504 1663 1545
1782 2742 1546
2136 1845 1547
1624 2556 1548
3952 1083 1549
3815 218 1550
1602 5531 1551
3188 3959 1552
651 3384 1553
1448 1432 1554
21 5236 1555
1147 1962 1556
369 1844 1557
3397 3756 1558
2026 2681 1559
4834 355 1560
3897 3425 1561
3841 3366 1562
2056 4365 1563
3267 479 1564
4248 1393 1565
4938 5324 1566
5213 5087 1567
5238 2302 1568
968 5561 1569
72 2904 1570
2614 5136 1571
2845 4675 1572
5142 3810 1573
3725 692 1574
3091 1395 1575
1521 4659 1576
5321 2356 1577
5107 5095 1578
498 980 1579
3770 5006 1580
4920 1037 1581
4402 3362 1582
4657 4249 1583
4384 4558 1584
3348 1533 1585
3596 2883 1586
605 5001 1587
4893 5238 1588
690 2707 1589
2498 2864 1590
1786 3870 1591
4243 433 1592
1573 2144 1593
459 4414 1594
1621 2347 1595
4457 1625 1596
2539 4333 1597
1733 3587 1598
1528 4825 1599
4432 734 1600
246 714 1601
1345 520 1602
1416 88 1603
3965 3601 1604
816 259 1605
5408 1338 1606
3270 4882 1607
5198 1724 1608
4734 5038 1609
2201 5436 1610
3615 4316 1611
2858 2412 1612
928 5124 1613
690 3971 1614
3069 1237 1615
945 2591 1616
2916 3981 1617
1493 1687 1618
4773 4027 1619
3227 3358 1620
86 3309 1621
654 1191 1622
549 1384 1623
3653 3616 1624
1994 4816 1625
2252 1284 1626
21 249 1627
1646 1024 1628
5106 1631 1629
4991 4436 1630
5295 4660 1631
2322 1214 1632
2912 1146 1633
3369 1441 1634
3878 624 1635
2108 5108 1636
5345 2539 1637
2995 1953 1638
4054 3663 1639
3897 2774 1640
2496 2442 1641
4928 1717 1642
870 5243 1643
1167 3051 1644
2073 115 1645
5427 3619 1646
482 5147 1647
5004 2978 1648
2831 2674 1649
5242 5305 1650
4341 5159 1651
4976 135 1652
2034 3563 1653
4037 4509 1654
3219 3283 1655
1026 315 1656
3643 5133 1657
551 428 1658
5365 2146 1659
5124 4315 1660
2503 1200 1661
1809 96 1662
1443 848 1663
1161 4327 1664
3046 2298 1665
5093 2640 1666
1301 7 1667
1445 3939 1668
1854 5491 1669
1104 1282 1670
4324 833 1671
4846 1481 1672
3915 4076 1673
1991 1173 1674
1216 5293 1675
3092 4843 1676
2420 2651 1677
5497 3254 1678
4301 325 1679
1743 1157 1680
5317 3743 1681
3776 1877 1682
4421 4822 1683
5196 4888 1684
813 1968 1685
5551 2198 1686
4119 747 1687
4238 2306 1688
3764 5459 1689
2737 1035 1690
2260 1074 1691
573 560 1692
1086 1540 1693
3626 4707 1694
209 1759 1695
5353 138 1696
5551 2605 1697
1068 3898 1698
3982 1498 1699
1774 1168 1700
5498 910 1701
5124 5269 1702
798 348 1703
2085 5041 1704
4897 4620 1705
247 3148 1706
1743 3935 1707
4864 4976 1708
3155 3316 1709
2724 4187 1710
2216 726 1711
5460 9 1712
3871 2342 1713
1527 2789 1714
225 5235 1715
3612 84 1716
5124 1373 1717
935 4036 1718
5345 4434 1719
4550 3335 1720
4297 991 1721
261 1587 1722
2339 4519 1723
4357 4444 1724
1778 75 1725
1892 3949 1726
1214 4972 1727
3669 2571 1728
4387 3312 1729
724 3430 1730
543 5086 1731
3316 4415 1732
1020 1757 1733
1802 3531 1734
1591 1052 1735
3563 4789 1736
983 4225 1737
1799 1349 1738
2695 1043 1739
2479 4157 1740
5000 3313 1741
383 845 1742
3328 5175 1743
39 2805 1744
4332 668 1745
573 1817 1746
27 1375 1747
536 4806 1748
2759 3550 1749
3790 1824 1750
352 2048 1751
4817 4441 1752
2628 319 1753
1326 1760 1754
530 4593 1755
3907 3253 1756
1618 583 1757
3920 4000 1758
1655 5439 1759
4991 2668 1760
5390 5578 1761
3928 1936 1762
888 5046 1763
835 683 1764
1330 380 1765
4920 1059 1766
451 471 1767
4020 681 1768
1247 327 1769
2236 4677 1770
685 3440 1771
512 5138 1772
237 2420 1773
3647 886 1774
4432 90 1775
1274 134 1776
3658 4104 1777
902 1413 1778
5568 2959 1779
3639 3941 1780
1347 1468 1781
5029 4892 1782
559 4962 1783
4015 3821 1784
4618 2729 1785
3290 838 1786
790 3396 1787
1052 3056 1788
3221 2389 1789
4778 3064 1790
3511 1686 1791
1926 3247 1792
2941 2711 1793
1613 5023 1794
2991 4120 1795
5227 2307 1796
62 4803 1797
50 5476 1798
3093 4651 1799
3418 2499 1800
4770 4345 1801
2208 4823 1802
720 2699 1803
5171 1305 1804
407 3229 1805
4768 2464 1806
4845 5543 1807
2649 32 1808
4462 3378 1809
4959 2060 1810
1197 4613 1811
1185 2299 1812
5265 628 1813
1751 1641 1814
964 5558 1815
2604 4216 1816
2311 1429 1817
3345 360 1818
2860 4012 1819
1529 131 1820
2527 3951 1821
2677 2791 1822
2269 3909 1823
101 4778 1824
4485 754 1825
2065 4595 1826
3792 5432 1827
4566 5593 1828
2040 5420 1829
685 4141 1830
931 1392 1831
983 657 1832
547 1124 1833
3125 870 1834
4901 2852 1835
5058 1880 1836
2672 1682 1837
4567 1881 1838
1906 5193 1839
2221 3487 1840
2430 4471 1841
1156 5498 1842
4773 5201 1843
4675 3820 1844
3045 137 1845
5337 5285 1846
274 3130 1847
195 3826 1848
4798 1810 1849
3369 3437 1850
1311 3389 1851
512 3960 1852
3711 2536 1853
3004 3376 1854
4796 2099 1855
4321 5102 1856
4238 4835 1857
4618 4194 1858
3257 350 1859
485 4899 1860
2448 517 1861
4852 5428 1862
2664 2184 1863
3824 5267 1864
1758 1312 1865
354 2570 1866
172 4559 1867
5374 4084 1868
1666 2798 1869
1893 1943 1870
5577 238 1871
2560 1638 1872
1444 678 1873
5329 157 1874
3397 1636 1875
781 3729 1876
2657 2519 1877
554 2558 1878
2835 4429 1879
2993 2154 1880
3773 3514 1881
2407 5482 1882
1449 1033 1883
2356 882 1884
4291 4185 1885
4636 3195 1886
1554 3502 1887
977 2304 1888
3849 857 1889
145 3803 1890
459 905 1891
5590 2585 1892
1037 3982 1893
751 2698 1894
798 1094 1895
2535 5009 1896
2893 2843 1897
4047 2879 1898
544 894 1899
4955 1519 1900
4381 2797 1901
5114 988 1902
5373 598 1903
3609 3565 1904
2393 2744 1905
4995 4754 1906
1367 1255 1907
3308 1761 1908
4864 3689 1909
432 4561 1910
3621 5093 1911
485 1574 1912
4005 2907 1913
5101 5258 1914
4222 4704 1915
5514 3914 1916
18 1752 1917
1083 176 1918
1367 1561 1919
4127 1331 1920
939 2916 1921
97 4029 1922
2768 3343 1923
1920 1249 1924
1708 2337 1925
487 438 1926
4081 3214 1927
1823 2846 1928
374 5057 1929
752 3794 1930
3045 3759 1931
4299 1474 1932
3009 3305 1933
4831 100 1934
2952 3695 1935
3947 3950 1936
2888 5071 1937
2124 5542 1938
5189 1160 1939
5486 2478 1940
1964 1241 1941
4153 1368 1942
1989 3163 1943
4455 4527 1944
4941 184 1945
4652 760 1946
2788 1861 1947
2989 4981 1948
5069 4523 1949
2064 1304 1950
450 1428 1951
2795 2705 1952
408 3677 1953
1536 2444 1954
2236 1032 1955
2468 3748 1956
333 2581 1957
4821 516 1958
2203 5388 1959
5528 2675 1960
3121 3843 1961
5342 4394 1962
3962 2616 1963
2743 3889 1964
2905 2997 1965
3726 3676 1966
250 5004 1967
4310 4541 1968
1466 3241 1969
3010 5091 1970
3511 4010 1971
5535 4528 1972
3015 3800 1973
3952 172 1974
2888 893 1975
4264 948 1976
359 1303 1977
4342 2488 1978
2546 3873 1979
933 4575 1980
1616 174 1981
1863 3380 1982
256 5332 1983
449 4271 1984
3328 1004 1985
4374 1144 1986
2155 4057 1987
2617 3757 1988
1536 4716 1989
4502 2395 1990
4268 619 1991
4652 2035 1992
3611 2796 1993
4536 2182 1994
4286 70 1995
3641 2700 1996
5091 4294 1997
109 2427 1998
3953 772 1999
2259 1542 2000
3772 4242 2001
1603 224 2002
3485 77 2003
2148 2501 2004
1083 5538 2005
5346 3061 2006
2222 2363 2007
2197 528 2008
1536 2851 2009
3600 4285 2010
2043 3705 2011
5343 533 2012
4136 4050 2013
2125 890 2014
986 4609 2015
4744 4574 2016
4634 359 2017
4271 5319 2018
307 35 2019
3680 5020 2020
4268 1826 2021
1457 303 2022
1122 3679 2023
5367 418 2024
540 1755 2025
1083 3716 2026
5222 1732 2027
4023 2906 2028
2062 3666 2029
319 3557 2030
4315 2334 2031
5095 1158 2032
5345 2683 2033
4393 3319 2034
4747 2392 2035
2555 2445 2036
5020 5318 2037
3518 1149 2038
3693 2937 2039
2853 5157 2040
221 3596 2041
5338 25 2042
5276 2219 2043
4307 801 2044
143 808 2045
3525 996 2046
4781 2515 2047
2133 1188 2048
3952 1291 2049
4871 437 2050
2570 4473 2051
5464 3364 2052
2370 2081 2053
5220 847 2054
253 1313 2055
1611 2564 2056
292 2512 2057
1107 4144 2058
3784 3792 2059
4745 1306 2060
5275 4538 2061
4625 4703 2062
5368 4492 2063
3386 4091 2064
1685 3916 2065
5074 464 2066
2348 884 2067
3815 1434 2068
1747 855 2069
5599 4314 2070
4592 3780 2071
1246 5043 2072
3924 4122 2073
1267 1699 2074
4938 4764 2075
2834 4571 2076
2393 4743 2077
4374 4984 2078
4881 3995 2079
4739 3621 2080
4540 1229 2081
1710 2551 2082
2376 2573 2083
4984 2414 2084
4486 1736 2085
4027 2387 2086
1362 1864 2087
1961 4670 2088
5092 1572 2089
1672 4671 2090
4160 390 2091
3970 936 2092
2316 3733 2093
4428 1718 2094
3554 4066 2095
653 1079 2096
2500 5173 2097
1744 356 2098
4626 705 2099
3426 269 2100
449 4175 2101
2734 265 2102
3787 782 2103
558 976 2104
4911 1753 2105
2539 3605 2106
5347 1254 2107
4225 3868 2108
4189 59 2109
2587 1419 2110
5426 1705 2111
5492 1240 2112
4381 2234 2113
1734 3099 2114
62 4880 2115
1218 5359 2116
3384 3387 2117
5385 4626 2118
195 1433 2119
1748 1532 2120
106 3853 2121
1581 5386 2122
2683 5533 2123
407 507 2124
4791 3665 2125
1276 2448 2126
3744 1998 2127
3896 2841 2128
596 3730 2129
3965 2720 2130
3805 4264 2131
2503 3734 2132
2038 1658 2133
2481 1910 2134
2893 2717 2135
684 243 2136
135 3976 2137
2920 297 2138
3894 770 2139
188 2946 2140
3707 717 2141
1156 2633 2142
2779 4986 2143
4845 1978 2144
1441 443 2145
2882 1073 2146
658 3681 2147
2889 175 2148
680 865 2149
1574 3204 2150
2405 3614 2151
415 2679 2152
2138 4753 2153
3963 5032 2154
4654 4126 2155
705 606 2156
15 2281 2157
451 1809 2158
5287 5525 2159
854 4352 2160
4005 3952 2161
1945 2982 2162
2783 2344 2163
3687 4832 2164
2314 2467 2165
3080 2218 2166
2053 1690 2167
2096 4247 2168
3104 5409 2169
1604 3882 2170
2617 2001 2171
5048 2170 2172
2703 3270 2173
5129 4361 2174
4373 4001 2175
3386 1386 2176
3374 2230 2177
2137 473 2178
581 4644 2179
3938 330 2180
827 79 2181
3207 708 2182
958 23 2183
2469 3968 2184
2628 4005 2185
3305 4760 2186
2409 452 2187
266 228 2188
3805 2757 2189
997 3644 2190
4851 3539 2191
452 3799 2192
2422 2280 2193
2920 3638 2194
5235 4159 2195
4484 4400 2196
3918 3421 2197
1679 481 2198
2406 4371 2199
188 2500 2200
5058 4077 2201
1945 2804 2202
4420 1201 2203
918 2494 2204
5065 67 2205
4365 3186 2206
4993 2986 2207
3205 1060 2208
459 5179 2209
4569 1989 2210
4040 2949 2211
2104 3590 2212
4766 863 2213
1813 3303 2214
3277 3156 2215
976 1666 2216
4636 776 2217
4143 5551 2218
2351 1401 2219
4274 1000 2220
5466 289 2221
4403 2330 2222
4624 697 2223
996 1142 2224
4092 3517 2225
112 1545 2226
1591 646 2227
32 421 2228
4062 3459 2229
532 4950 2230
1440 2402 2231
2496 4819 2232
5327 1464 2233
4361 3506 2234
273 2040 2235
4092 364 2236
1243 5014 2237
44 328 2238
2508 442 2239
416 2932 2240
4699 2962 2241
883 1919 2242
3813 1577 2243
4381 2150 2244
939 4031 2245
3066 2511 2246
2939 3512 2247
1254 1048 2248
2687 2785 2249
2808 91 2250
4939 1777 2251
697 1504 2252
3757 929 2253
2046 4747 2254
4222 1537 2255
4168 1970 2256
556 2823 2257
1428 1176 2258
195 4360 2259
604 1700 2260
2597 633 2261
3338 1487 2262
85 3382 2263
5128 3569 2264
4407 731 2265
4507 3564 2266
4057 4317 2267
683 4749 2268
3689 4274 2269
155 4810 2270
4818 4969 2271
4703 4006 2272
5243 1369 2273
1655 3991 2274
2766 5438 2275
4267 5205 2276
2806 4606 2277
2407 4874 2278
72 1675 2279
853 239 2280
4183 3402 2281
4639 2323 2282
185 5516 2283
5418 1206 2284
2743 2041 2285
1542 4349 2286
2664 4618 2287
952 5042 2288
2805 2353 2289
720 4861 2290
3369 19 2291
3233 983 2292
992 691 2293
5439 1103 2294
5191 5072 2295
1527 1502 2296
221 2658 2297
2824 630 2298
2565 51 2299
1464 4353 2300
4324 938 2301
361 1825 2302
2159 1174 2303
3972 5240 2304
565 5517 2305
3069 556 2306
486 5520 2307
3460 5421 2308
947 3218 2309
5108 1862 2310
2054 5228 2311
1725 5381 2312
2667 3603 2313
4112 4794 2314
130 1067 2315
1422 457 2316
5275 2079 2317
2559 2733 2318
2171 3732 2319
3961 4869 2320
4196 5480 2321
4776 1677 2322
3408 819 2323
1017 699 2324
1059 4550 2325
4550 139 2326
1723 411 2327
4870 4728 2328
3629 5404 2329
3384 3439 2330
2154 1505 2331
4335 601 2332
2996 3894 2333
4074 1337 2334
714 4268 2335
1014 3858 2336
4950 4339 2337
167 4863 2338
5032 4200 2339
2110 4910 2340
1729 4283 2341
534 5111 2342
5346 5107 2343
1223 427 2344
3046 4424 2345
963 738 2346
4850 1674 2347
2946 585 2348
2566 3383 2349
5034 454 2350
4515 408 2351
2715 2012 2352
1508 954 2353
319 1225 2354
5066 864 2355
1458 4840 2356
342 5474 2357
1020 1257 2358
5176 1232 2359
709 1374 2360
3045 4170 2361
4500 3092 2362
4304 4039 2363
5411 5185 2364
458 5311 2365
5594 1064 2366
1151 4418 2367
550 388 2368
3696 748 2369
5528 5406 2370
2017 1246 2371
2888 1871 2372
4799 4865 2373
5557 5331 2374
1581 5144 2375
2914 4756 2376
892 5356 2377
1683 4710 2378
5061 1383 2379
3580 2939 2380
1083 1611 2381
549 5219 2382
1771 302 2383
690 4785 2384
3890 5456 2385
5593 861 2386
214 3857 2387
32 3946 2388
2216 3837 2389
1275 966 2390
670 1318 2391
1591 942 2392
3837 631 2393
4958 2014 2394
3125 3124 2395
1089 3824 2396
2631 2119 2397
623 5598 2398
5390 86 2399
5204 1592 2400
5007 3360 2401
4752 3901 2402
2628 4831 2403
311 4359 2404
816 3735 2405
2015 2534 2406
4423 627 2407
5298 230 2408
1507 2122 2409
1528 1645 2410
4680 2970 2411
425 3466 2412
2623 4450 2413
4958 3308 2414
4926 831 2415
221 1923 2416
3718 2874 2417
963 925 2418
1698 1731 2419
47 4053 2420
3884 3125 2421
110 2166 2422
1433 4466 2423
1991 527 2424
5513 5363 2425
87 227 2426
4465 4413 2427
4232 669 2428
3651 2084 2429
3430 4875 2430
2821 4419 2431
5194 2800 2432
431 477 2433
776 1796 2434
3189 4368 2435
5243 4690 2436
4617 3559 2437
507 1175 2438
4795 2232 2439
4575 5415 2440
149 2352 2441
5 986 2442
4777 5453 2443
4896 1423 2444
4236 3796 2445
4654 5495 2446
2211 4799 2447
698 2179 2448
2852 3413 2449
4843 3771 2450
3455 1145 2451
3234 1991 2452
1021 1628 2453
3386 3938 2454
5280 3234 2455
1167 4786 2456
684 1151 2457
5056 2261 2458
16 5555 2459
1434 1512 2460
885 923 2461
2098 1660 2462
90 2609 2463
3884 4465 2464
1434 1676 2465
4330 4204 2466
4085 3227 2467
4230 1894 2468
4926 2125 2469
2604 2739 2470
261 1066 2471
3011 3556 2472
4046 4673 2473
369 703 2474
5420 4448 2475
1469 1329 2476
3151 2405 2477
4928 965 2478
1221 5547 2479
741 5528 2480
768 2257 2481
868 2162 2482
2016 3016 2483
497 2732 2484
898 3269 2485
1180 4213 2486
2623 5039 2487
1448 1104 2488
1243 4280 2489
5580 3482 2490
434 3444 2491
743 5333 2492
2112 2251 2493
3103 2173 2494
3698 4851 2495
1838 219 2496
2971 814 2497
931 3608 2498
5232 5137 2499
1344 4567 2500
3636 374 2501
4655 4979 2502
5037 4482 2503
4118 4973 2504
4142 5210 2505
5536 5364 2506
2444 2814 2507
5385 4536 2508
1294 1516 2509
3980 2104 2510
2758 1378 2511
3672 4113 2512
5580 2764 2513
40 2098 2514
4165 3442 2515
1091 1358 2516
2546 2862 2517
487 2065 2518
2225 2045 2519
3161 2958 2520
2848 3495 2521
3238 5553 2522
4867 2022 2523
2291 984 2524
1516 1891 2525
2523 5143 2526
5050 5244 2527
1081 1590 2528
1139 2174 2529
5031 1045 2530
3247 1623 2531
1377 4372 2532
924 417 2533
3026 5597 2534
1334 1347 2535
3623 2069 2536
7 2552 2537
2899 2089 2538
291 236 2539
1326 822 2540
5505 1865 2541
1022 500 2542
2343 55 2543
5097 3170 2544
698 3703 2545
901 1253 2546
1186 3747 2547
1262 851 2548
1872 2811 2549
3051 106 2550
2106 2549 2551
2739 2354 2552
4766 4478 2553
3440 1954 2554
5413 3001 2555
2773 4757 2556
448 1314 2557
550 2583 2558
549 2768 2559
4095 4173 2560
4482 2116 2561
2315 5062 2562
837 1179 2563
2857 1190 2564
4959 4342 2565
164 1380 2566
3742 2972 2567
5231 3533 2568
2946 2401 2569
5039 1443 2570
2393 680 2571
1878 620 2572
2209 3693 2573
273 1956 2574
4201 5027 2575
3527 1872 2576
134 4681 2577
2203 3528 2578
2023 1258 2579
2429 1323 2580
5036 4684 2581
3818 5358 2582
5566 767 2583
2260 353 2584
715 1455 2585
1149 5239 2586
3493 3274 2587
2614 3789 2588
3417 2308 2589
3368 1605 2590
1371 5207 2591
47 4894 2592
4353 2992 2593
543 3090 2594
796 2320 2595
1409 1354 2596
3069 5450 2597
123 4417 2598
4631 3320 2599
2968 3238 2600
4359 4526 2601
865 1462 2602
3026 4633 2603
5302 1902 2604
2262 3048 2605
486 3540 2606
4396 5153 2607
1398 3572 2608
3369 11 2609
1185 3712 2610
853 263 2611
5534 728 2612
5272 1309 2613
4781 3200 2614
5446 4099 2615
429 5181 2616
565 1084 2617
424 448 2618
655 3009 2619
1236 2837 2620
5491 3166 2621
450 4635 2622
2747 1630 2623
2888 168 2624
865 5351 2625
2653 4922 2626
1056 873 2627
4041 4007 2628
1021 1635 2629
5593 5188 2630
5232 1492 2631
246 562 2632
1247 4692 2633
3925 5126 2634
1882 4925 2635
1885 1846 2636
5226 3809 2637
4558 5510 2638
3576 737 2639
801 1556 2640
364 3906 2641
4156 3021 2642
302 1122 2643
2905 3172 2644
227 5560 2645
3851 1228 2646
928 4900 2647
1192 2788 2648
3253 1807 2649
2021 4828 2650
3998 5013 2651
741 2665 2652
5265 3553 2653
507 572 2654
2703 5105 2655
3663 27 2656
1185 1670 2657
3731 3087 2658
19 2497 2659
1632 2199 2660
2434 2128 2661
2707 3827 2662
4508 3481 2663
1942 1822 2664
3932 5065 2665
5578 3880 2666
1657 3711 2667
1369 5268 2668
466 3146 2669
1130 474 2670
5152 3530 2671
2473 8 2672
3332 3942 2673
741 3116 2674
562 2689 2675
4969 3145 2676
5455 3724 2677
97 4341 2678
2530 4697 2679
3945 2430 2680
5572 4067 2681
2821 5054 2682
986 1513 2683
2041 5585 2684
1252 387 2685
2882 3063 2686
5007 4777 2687
4441 3474 2688
2214 2976 2689
2437 2909 2690
632 4398 2691
3637 3158 2692
4499 1274 2693
3754 1014 2694
4265 3548 2695
1218 2737 2696
1585 3804 2697
683 1219 2698
2724 98 2699
4654 5380 2700
1624 1603 2701
1386 1896 2702
5061 4889 2703
5483 4303 2704
2719 2027 2705
4729 3411 2706
3620 1969 2707
2295 1650 2708
5497 4312 2709
4118 3354 2710
5568 1966 2711
603 3812 2712
4685 4937 2713
3463 3388 2714
4612 806 2715
2955 555 2716
5380 5569 2717
1692 2318 2718
3947 4442 2719
4374 1612 2720
247 3694 2721
4689 2859 2722
4663 2483 2723
1250 2192 2724
2490 2455 2725
2658 1621 2726
1118 3375 2727
4256 5049 2728
1771 4917 2729
3239 3373 2730
3869 1198 2731
555 1832 2732
1566 5327 2733
563 2273 2734
1741 5113 2735
1104 220 2736
2458 701 2737
1756 1776 2738
1399 3536 2739
2461 4520 2740
1037 3432 2741
3789 467 2742
5229 2779 2743
4626 1310 2744
2359 868 2745
485 292 2746
347 3089 2747
4270 3660 2748
3615 82 2749
1229 2274 2750
3281 1113 2751
5312 4868 2752
102 1461 2753
5129 3907 2754
3898 4680 2755
1445 1742 2756
3716 4123 2757
2468 2082 2758
4871 3083 2759
898 1762 2760
3096 4079 2761
533 5417 2762
3646 3069 2763
418 1546 2764
5219 461 2765
2175 3900 2766
3157 5208 2767
4134 3340 2768
4143 1307 2769
3360 3012 2770
4200 4555 2771
1536 1069 2772
4789 5464 2773
2308 1527 2774
3822 1438 2775
5377 246 2776
554 1061 2777
2794 4886 2778
3507 1583 2779
2045 2030 2780
3785 1920 2781
2342 2287 2782
1379 2293 2783
2376 911 2784
4155 4542 2785
914 3029 2786
758 2967 2787
4126 3240 2788
958 3972 2789
2519 3160 2790
5579 3860 2791
683 272 2792
666 849 2793
3636 3829 2794
2002 4370 2795
591 4176 2796
5535 3391 2797
4333 2691 2798
2442 114 2799
4091 4709 2800
2259 4254 2801
1613 5194 2802
2178 1831 2803
2490 3176 2804
1026 4994 2805
1786 4844 2806
5394 3038 2807
786 846 2808
4187 2816 2809
3512 3702 2810
2100 4746 2811
4592 2710 2812
1770 580 2813
4230 4619 2814
3964 5085 2815
1202 5092 2816
4663 3538 2817
3789 557 2818
1630 1273 2819
4081 1491 2820
1698 2520 2821
2804 5265 2822
2689 56 2823
5061 2043 2824
980 2507 2825
2882 4582 2826
4776 2434 2827
2667 4715 2828
4432 85 2829
1480 564 2830
3973 612 2831
1957 5063 2832
5536 2574 2833
2283 3736 2834
39 5592 2835
68 3850 2836
1344 1081 2837
5169 1341 2838
3708 4989 2839
1165 3236 2840
3855 4987 2841
4181 136 2842
2014 3428 2843
5074 949 2844
2872 4812 2845
1244 3856 2846
3952 4870 2847
2198 4167 2848
1786 1063 2849
3492 2889 2850
5498 2321 2851
3140 5579 2852
2326 1713 2853
1815 3347 2854
3720 2826 2855
4912 31 2856
2994 3727 2857
4197 3461 2858
2400 4140 2859
4573 2567 2860
2706 2341 2861
2381 4290 2862
892 1728 2863
1823 4787 2864
1655 1489 2865
659 3744 2866
2880 1582 2867
4514 506 2868
3483 2332 2869
2253 742 2870
577 3188 2871
116 3110 2872
279 3353 2873
4870 5050 2874
661 1667 2875
3177 4534 2876
374 609 2877
913 5303 2878
1961 2947 2879
3538 3627 2880
440 5341 2881
3997 1161 2882
2216 3772 2883
1106 3501 2884
799 3005 2885
2982 1639 2886
3239 2601 2887
1920 3228 2888
3440 3181 2889
3209 2258 2890
1137 3996 2891
4798 2121 2892
2411 5184 2893
4791 405 2894
1540 2684 2895
4193 1226 2896
5552 1408 2897
640 1381 2898
3918 4999 2899
1223 1116 2900
4318 3828 2901
5367 5325 2902
4378 575 2903
3020 5127 2904
3449 2882 2905
547 3814 2906
5362 1986 2907
2661 1484 2908
658 1459 2909
5036 5373 2910
839 3403 2911
4363 4498 2912
590 3401 2913
2953 792 2914
1572 1840 2915
533 36 2916
5492 590 2917
4783 3974 2918
1567 1925 2919
182 825 2920
5107 5408 2921
2835 2271 2922
2493 700 2923
5243 1012 2924
2046 3541 2925
4686 2924 2926
340 3149 2927
4920 459 2928
37 1290 2929
5285 2180 2930
2189 4978 2931
1636 108 2932
741 4920 2933
4978 2964 2934
4812 4502 2935
2715 3197 2936
983 4409 2937
625 2473 2938
2768 4740 2939
3030 2009 2940
1260 1799 2941
2840 2110 2942
3553 4506 2943
894 643 2944
204 2423 2945
4662 2772 2946
4092 4284 2947
1923 4261 2948
4350 4224 2949
4465 3118 2950
2016 3770 2951
2734 1260 2952
2966 3655 2953
2540 2824 2954
2967 3464 2955
290 4142 2956
3653 4893 2957
1320 2660 2958
4018 4507 2959
4244 2588 2960
3222 2246 2961
656 5026 2962
2513 1735 2963
2880 2953 2964
2400 5031 2965
1871 3687 2966
752 964 2967
2107 622 2968
947 3866 2969
2844 1523 2970
4821 2587 2971
3778 4232 2972
928 2226 2973
2532 799 2974
3686 4212 2975
4272 1814 2976
2982 3962 2977
525 5457 2978
327 2741 2979
3270 1903 2980
3384 5060 2981
5345 3020 2982
384 1466 2983
5438 599 2984
5279 1277 2985
1287 1737 2986
2106 3147 2987
4751 2643 2988
720 1975 2989
4930 2648 2990
3038 5059 2991
1100 2400 2992
172 162 2993
1254 2382 2994
1037 5590 2995
2414 4493 2996
3600 1517 2997
2559 4236 2998
656 4500 2999
3369 165 3000
570 1293 3001
2386 4913 3002
2608 5470 3003
2154 3761 3004
1912 4788 3005
1344 2407 3006
1199 4002 3007
2919 5233 3008
4920 5084 3009
5482 5171 3010
752 2067 3011
5593 4305 3012
1351 4608 3013
3950 2647 3014
5469 3737 3015
584 1614 3016
2559 544 3017
4221 1420 3018
1223 5061 3019
5425 2474 3020
5553 3325 3021
1186 4739 3022
2621 2849 3023
2627 3987 3024
2985 4164 3025
1997 2831 3026
100 4432 3027
1136 497 3028
1698 1351 3029
5048 1562 3030
498 1794 3031
1509 5444 3032
5183 5389 3033
3432 2702 3034
4834 1976 3035
1950 1236 3036
786 5203 3037
5112 2291 3038
4476 4735 3039
5385 5424 3040
914 4499 3041
4864 1371 3042
1247 5419 3043
580 2657 3044
3749 2151 3045
4319 2923 3046
2623 1522 3047
815 3984 3048
3912 2839 3049
3714 3189 3050
5524 470 3051
2937 4028 3052
1464 1230 3053
5120 4397 3054
5133 3356 3055
3518 3280 3056
4612 4658 3057
659 1778 3058
4739 3993 3059
1871 3370 3060
2826 2169 3061
3051 3629 3062
5254 3078 3063
3084 5139 3064
80 1984 3065
1705 1673 3066
5039 3990 3067
1935 2560 3068
877 3463 3069
4421 346 3070
143 4098 3071
2939 924 3072
835 5405 3073
927 453 3074
1291 1773 3075
3756 1227 3076
3374 3852 3077
2649 2013 3078
437 3102 3079
177 3918 3080
2295 2778 3081
2410 2311 3082
1706 4846 3083
4497 4930 3084
3102 3222 3085
273 216 3086
2086 588 3087
2559 3785 3088
3418 3185 3089
3665 1394 3090
1483 3650 3091
4095 194 3092
5045 1971 3093
2260 1467 3094
1190 4902 3095
2198 720 3096
4008 2136 3097
1536 2715 3098
273 16 3099
2316 2863 3100
3656 5589 3101
3829 4048 3102
1467 5202 3103
5130 46 3104
1558 5291 3105
1304 3877 3106
1827 2822 3107
1558 4166 3108
2503 1262 3109
276 2887 3110
2672 721 3111
5206 4951 3112
4833 503 3113
3357 2031 3114
3059 1539 3115
3449 3784 3116
2244 4350 3117
1603 5469 3118
5458 1078 3119
4531 2537 3120
2628 4957 3121
4621 558 3122
3399 1119 3123
5390 3667 3124
4702 1231 3125
1542 4685 3126
327 4407 3127
2888 5117 3128
5058 2432 3129
4568 1730 3130
1476 4454 3131
4540 2370 3132
2397 1710 3133
4601 1565 3134
3756 607 3135
3754 5481 3136
3636 5370 3137
3565 2917 3138
3202 2090 3139
5108 535 3140
3742 3419 3141
4860 435 3142
1392 5552 3143
3919 1944 3144
897 3905 3145
4528 3749 3146
4957 1344 3147
4920 2963 3148
619 1820 3149
820 3434 3150
2290 2672 3151
3580 4069 3152
652 4783 3153
3063 1497 3154
151 317 3155
3714 4234 3156
2420 1184 3157
2728 843 3158
4300 2463 3159
3882 22 3160
1798 4367 3161
104 2576 3162
2844 995 3163
1103 5416 3164
3330 4842 3165
366 935 3166
2764 3100 3167
1428 1509 3168
2466 5382 3169
2451 538 3170
3907 877 3171
4014 4549 3172
1140 1928 3173
4705 3144 3174
2371 4932 3175
480 2896 3176
5536 3509 3177
3611 2750 3178
1236 5526 3179
1083 4062 3180
831 2020 3181
2482 1652 3182
1310 2650 3183
2503 4897 3184
3842 4714 3185
3412 5224 3186
1925 5033 3187
485 307 3188
5213 549 3189
1967 273 3190
4234 3782 3191
1684 3046 3192
554 2620 3193
3332 4326 3194
4507 2153 3195
5483 4108 3196
5425 1400 3197
1422 568 3198
5488 2580 3199
1950 2535 3200
1814 3415 3201
3711 3581 3202
4601 2858 3203
188 2894 3204
5483 4718 3205
4831 670 3206
3941 1209 3207
2469 5271 3208
4733 229 3209
2854 5402 3210
326 361 3211
2184 2934 3212
434 5353 3213
1131 4155 3214
1939 1268 3215
440 2006 3216
322 937 3217
5535 4939 3218
424 5047 3219
1365 1852 3220
1501 2054 3221
5192 2802 3222
2948 4557 3223
1192 652 3224
228 3864 3225
1063 2697 3226
5375 3797 3227
4429 5537 3228
237 3675 3229
36 4847 3230
2468 3793 3231
4858 1108 3232
4793 2566 3233
2617 258 3234
5345 4014 3235
507 199 3236
463 3622 3237
3807 4597 3238
1570 5002 3239
4769 2227 3240
3571 815 3241
2559 221 3242
192 702 3243
4642 5248 3244
4920 5488 3245
4037 2565 3246
2474 1416 3247
344 4384 3248
207 908 3249
3065 3079 3250
795 3492 3251
2264 3105 3252
4226 768 3253
2713 3250 3254
5590 4859 3255
2660 4548 3256
2502 3910 3257
1757 5519 3258
5057 5556 3259
5385 1874 3260
4549 43 3261
4196 839 3262
887 5217 3263
5332 3890 3264
2129 4720 3265
2370 1571 3266
1606 4309 3267
3266 3289 3268
286 1578 3269
5343 3337 3270
2189 4426 3271
1528 3691 3272
4991 666 3273
2079 3498 3274
2458 5387 3275
269 962 3276
2106 2185 3277
4077 4402 3278
2111 2203 3279
2526 2786 3280
3682 3726 3281
1372 4531 3282
5405 3357 3283
2083 4452 3284
5401 3002 3285
1861 4617 3286
3375 554 3287
3386 1723 3288
1786 2905 3289
564 4668 3290
4298 5151 3291
3001 3026 3292
927 5567 3293
5531 2621 3294
5541 1410 3295
2429 295 3296
809 3120 3297
1386 2137 3298
4912 3652 3299
934 5237 3300
4870 1070 3301
4331 1015 3302
2899 1159 3303
3824 4198 3304
3946 4172 3305
5270 4180 3306
3358 298 3307
3172 636 3308
2057 687 3309
3567 3525 3310
302 1019 3311
451 4629 3312
3859 4980 3313
100 1740 3314
2664 2447 3315
4077 5276 3316
407 3641 3317
2080 3491 3318
3645 4599 3319
5335 5165 3320
500 2328 3321
2874 780 3322
2379 3232 3323
1131 4226 3324
4889 3022 3325
5425 3103 3326
873 4337 3327
505 2295 3328
260 1199 3329
1129 2885 3330
3953 2033 3331
4285 3851 3332
54 4623 3333
2519 4576 3334
551 4453 3335
2456 1596 3336
3522 370 3337
2283 3307 3338
255 495 3339
4516 5348 3340
2570 1411 3341
36 2629 3342
2938 47 3343
804 1189 3344
709 665 3345
3762 3479 3346
4647 2890 3347
5104 2158 3348
3694 2910 3349
1942 5316 3350
5513 2815 3351
4778 3669 3352
3392 1863 3353
1410 5463 3354
4143 2439 3355
2145 5562 3356
1655 4483 3357
4889 1107 3358
1803 1534 3359
1357 3887 3360
3689 3591 3361
1344 1008 3362
3588 5104 3363
4238 914 3364
1291 5192 3365
415 5596 3366
3871 3934 3367
5413 5277 3368
2864 3033 3369
549 3848 3370
5172 4486 3371
1141 2975 3372
3721 739 3373
2814 2687 3374
2540 3615 3375
2472 4724 3376
359 3193 3377
3263 2604 3378
2500 2468 3379
4100 5146 3380
3336 5079 3381
5275 5114 3382
310 2443 3383
2466 389 3384
887 4288 3385
4864 981 3386
1030 3523 3387
3698 4292 3388
2897 69 3389
1399 1140 3390
141 2194 3391
4804 3036 3392
1954 542 3393
690 985 3394
4319 2690 3395
1953 979 3396
2403 486 3397
765 4792 3398
5209 5222 3399
1248 3583 3400
2940 4775 3401
5050 2775 3402
1692 4953 3403
1181 4462 3404
3020 1591 3405
1100 2359 3406
394 3722 3407
342 483 3408
588 5256 3409
2737 4451 3410
4142 2296 3411
1130 2097 3412
5528 5154 3413
3440 3753 3414
3675 3077 3415
14 2428 3416
5069 611 3417
3932 4636 3418
1054 2985 3419
835 267 3420
5259 4907 3421
3716 200 3422
187 2688 3423
3750 5544 3424
2370 177 3425
3915 314 3426
4504 509 3427
570 2498 3428
181 1476 3429
733 2265 3430
1793 2682 3431
3397 4272 3432
5058 658 3433
1659 2193 3434
3064 3257 3435
2672 1643 3436
3392 3520 3437
971 1272 3438
398 3006 3439
2861 4323 3440
1310 4230 3441
1948 3230 3442
1268 1136 3443
4357 178 3444
5454 4201 3445
449 3912 3446
2672 60 3447
4192 1947 3448
3782 2171 3449
4538 1320 3450
4497 4160 3451
724 2279 3452
3237 1050 3453
5351 4387 3454
3064 1918 3455
2401 1003 3456
4926 1949 3457
3792 5496 3458
3710 1797 3459
4306 1895 3460
5413 5448 3461
2743 2364 3462
4236 4837 3463
977 5489 3464
5563 276 3465
990 4346 3466
1741 5485 3467
519 1712 3468
2303 903 3469
4863 1782 3470
1685 820 3471
2020 2106 3472
3020 4655 3473
1057 2813 3474
4256 3249 3475
1430 4041 3476
2661 4990 3477
758 3447 3478
5107 3132 3479
5174 3725 3480
2482 818 3481
5040 5479 3482
4119 4556 3483
4935 2526 3484
266 3288 3485
3631 1482 3486
697 508 3487
3921 587 3488
1774 3997 3489
697 1034 3490
5402 4244 3491
5360 2915 3492
1634 3007 3493
5183 3454 3494
4804 1480 3495
535 4477 3496
2715 288 3497
2683 3054 3498
5275 1541 3499
1111 2716 3500
3745 4211 3501
3092 2360 3502
2154 1850 3503
4063 3311 3504
403 2406 3505
2477 3659 3506
5419 644 3507
3521 805 3508
3897 655 3509
5551 2661 3510
130 5284 3511
5542 3715 3512
172 5119 3513
4599 2195 3514
4160 415 3515
3945 885 3516
5226 2247 3517
2595 5536 3518
1149 1478 3519
3672 3932 3520
5555 1901 3521
1069 1857 3522
2135 2833 3523
1320 5129 3524
996 18 3525
2046 5394 3526
2886 732 3527
1920 3842 3528
3302 1654 3529
4165 3126 3530
4061 3098 3531
2576 3526 3532
549 2596 3533
877 107 3534
2684 2525 3535
2628 399 3536
1382 826 3537
3602 4202 3538
5152 386 3539
1953 2454 3540
628 4915 3541
4118 4770 3542
2598 4634 3543
3819 4239 3544
4381 2676 3545
4394 1622 3546
3807 321 3547
1059 3636 3548
730 5170 3549
4657 1979 3550
424 1593 3551
631 674 3552
4787 3310 3553
4675 532 3554
5359 3574 3555
3149 828 3556
5302 4334 3557
2444 2436 3558
1859 1342 3559
3829 4075 3560
1029 2345 3561
4062 2264 3562
2830 2554 3563
3351 5132 3564
1202 3697 3565
2406 434 3566
5385 3155 3567
1094 1602 3568
3412 5286 3569
3045 3346 3570
1326 397 3571
2678 3150 3572
1344 1945 3573
3069 1028 3574
3580 749 3575
2734 5106 3576
2524 294 3577
3943 3867 3578
482 1597 3579
3664 3496 3580
931 4222 3581
2107 3424 3582
3663 3042 3583
399 2572 3584
3661 5378 3585
3483 812 3586
3920 777 3587
265 790 3588
1813 111 3589
1529 3589 3590
4569 3499 3591
2683 1805 3592
1278 232 3593
330 2007 3594
4635 4484 3595
2757 900 3596
5213 4854 3597
5329 3825 3598
3576 156 3599
3189 1795 3600
4420 1 3601
5566 4683 3602
410 5299 3603
413 4259 3604
2001 955 3605
2993 552 3606
2340 1692 3607
2690 904 3608
2845 3368 3609
1128 1637 3610
3051 26 3611
5104 3361 3612
3041 329 3613
276 1490 3614
1706 5577 3615
2951 803 3616
494 4243 3617
3578 677 3618
5435 3153 3619
5492 2487 3620
5275 1935 3621
2882 4381 3622
5350 105 3623
3933 5166 3624
4663 1299 3625
1495 688 3626
561 3414 3627
3668 432 3628
2890 973 3629
1085 2877 3630
3633 2625 3631
32 1412 3632
2498 5075 3633
3561 5308 3634
4665 3767 3635
5401 2989 3636
750 124 3637
575 3579 3638
5251 5010 3639
4184 1691 3640
3369 2411 3641
4636 4196 3642
1279 589 3643
2380 5574 3644
2668 1137 3645
106 419 3646
3586 3027 3647
500 2516 3648
4851 1212 3649
5169 63 3650
3263 1322 3651
1166 4560 3652
4134 1589 3653
5239 5074 3654
3814 2118 3655
2458 661 3656
1632 260 3657
2482 2755 3658
2483 3600 3659
5265 5347 3660
302 4911 3661
3965 4545 3662
1786 5282 3663
2956 3315 3664
2159 5399 3665
4012 4148 3666
5355 4208 3667
3640 2598 3668
5020 4895 3669
5058 3365 3670
1020 3053 3671
2806 2278 3672
2669 3137 3673
2628 3175 3674
97 3664 3675
4014 4105 3676
2728 1521 3677
4967 1560 3678
2810 3287 3679
3038 4748 3680
3952 3233 3681
925 1031 3682
1568 271 3683
5190 3059 3684
318 2451 3685
2933 3112 3686
2244 4479 3687
4191 2466 3688
5522 2761 3689
5116 1781 3690
1872 2753 3691
2912 5022 3692
5413 3138 3693
5530 245 3694
5315 4758 3695
4208 982 3696
4553 4425 3697
5594 2259 3698
4658 1072 3699
224 2268 3700
4165 1456 3701
495 133 3702
3650 4469 3703
2182 3129 3704
3668 2235 3705
1952 141 3706
958 3408 3707
2208 4158 3708
2044 368 3709
4812 5182 3710
1310 640 3711
2018 4078 3712
1081 2324 3713
713 5037 3714
2580 3607 3715
4770 1697 3716
3967 4267 3717
2452 514 3718
5557 1105 3719
5111 2533 3720
4949 4849 3721
2664 3399 3722
5092 4378 3723
3469 5306 3724
1821 1528 3725
2737 2322 3726
4465 1311 3727
3182 4150 3728
1054 5414 3729
4978 3049 3730
2632 5461 3731
2783 3710 3732
2953 2751 3733
322 823 3734
5528 573 3735
2725 1388 3736
1904 2240 3737
764 713 3738
5063 1974 3739
1987 61 3740
1672 2147 3741
4000 2253 3742
976 4947 3743
1225 2482 3744
4037 653 3745
3714 142 3746
3025 4083 3747
760 5501 3748
2623 1197 3749
2192 5418 3750
2083 4505 3751
1414 1112 3752
5400 1538 3753
4380 1647 3754
580 2546 3755
2371 345 3756
5058 1250 3757
572 223 3758
3980 2266 3759
949 729 3760
4926 5056 3761
5322 3013 3762
197 2117 3763
3796 4879 3764
1939 5336 3765
2849 3131 3766
2171 649 3767
1445 2327 3768
4516 2208 3769
1121 3762 3770
1530 3372 3771
2946 3286 3772
886 5167 3773
448 3323 3774
4795 5349 3775
2135 4713 3776
2476 3606 3777
1243 1271 3778
1300 1435 3779
5114 1748 3780
4512 2696 3781
1399 2948 3782
1876 5471 3783
3298 2612 3784
513 615 3785
3175 5141 3786
3116 928 3787
5247 1595 3788
2211 4278 3789
2984 4199 3790
5092 112 3791
4469 1693 3792
1037 1655 3793
1835 4738 3794
2238 2902 3795
833 1115 3796
501 5068 3797
3122 524 3798
482 2044 3799
887 660 3800
1450 3467 3801
1909 377 3802
1251 1172 3803
4566 2270 3804
4497 4795 3805
5007 5354 3806
580 2129 3807
3735 1627 3808
1110 2617 3809
3725 2979 3810
2747 5511 3811
1270 3023 3812
541 1397 3813
963 4210 3814
2520 3686 3815
4550 5458 3816
135 2754 3817
3254 967 3818
3096 3223 3819
482 4699 3820
4367 4096 3821
1741 602 3822
1173 5225 3823
5345 3884 3824
595 740 3825
201 2300 3826
3010 3752 3827
2642 1193 3828
2370 881 3829
1728 3854 3830
5596 5292 3831
3015 1141 3832
1117 152 3833
853 4064 3834
3190 2781 3835
4012 3486 3836
5566 4085 3837
3796 4388 3838
1950 3267 3839
706 4375 3840
3449 4114 3841
459 3862 3842
3088 4722 3843
3613 4246 3844
2742 4348 3845
290 5176 3846
2437 1093 3847
657 874 3848
5310 478 3849
694 393 3850
2080 3135 3851
4965 4820 3852
2320 3405 3853
1163 4807 3854
2547 5081 3855
4851 2046 3856
2599 4931 3857
4703 1352 3858
2840 1483 3859
2308 197 3860
2861 1883 3861
101 2801 3862
3802 3306 3863
1706 2659 3864
1240 654 3865
2743 5508 3866
5247 5443 3867
5522 5572 3868
4793 381 3869
3689 5018 3870
319 1156 3871
540 5249 3872
2344 1681 3873
5477 2057 3874
2138 2249 3875
4221 1353 3876
1947 2563 3877
564 4752 3878
3613 1921 3879
3962 3647 3880
5213 2603 3881
2595 5058 3882
171 3985 3883
1349 4615 3884
365 1500 3885
2659 80 3886
2706 3561 3887
5522 553 3888
3154 4814 3889
1778 1834 3890
3440 4460 3891
4005 3449 3892
1870 4440 3893
4124 3911 3894
3646 164 3895
2759 1301 3896
2211 3983 3897
5484 3450 3898
82 475 3899
224 2892 3900
4391 190 3901
3824 3433 3902
2728 4672 3903
1037 5342 3904
1873 1047 3905
2877 1828 3906
1655 2981 3907
2388 2835 3908
4436 1841 3909
2540 4015 3910
265 3298 3911
2657 2881 3912
3826 204 3913
572 1444 3914
5054 2584 3915
2755 3879 3916
1487 1988 3917
2687 3778 3918
2220 2550 3919
1161 2957 3920
4769 5234 3921
3759 1041 3922
724 968 3923
2537 1889 3924
4372 1090 3925
3118 41 3926
4820 2828 3927
3455 1506 3928
3710 3515 3929
4005 1536 3930
5064 4438 3931
4237 4750 3932
2245 3037 3933
2707 2930 3934
3780 3874 3935
3340 2051 3936
4978 4357 3937
3228 3872 3938
3932 4815 3939
1593 3480 3940
1192 4227 3941
4378 4965 3942
4695 5040 3943
2148 4165 3944
4018 1315 3945
327 4033 3946
552 5097 3947
4287 268 3948
3332 4909 3949
547 3698 3950
714 1860 3951
1270 3769 3952
1250 2561 3953
1800 5571 3954
233 3187 3955
2411 3741 3956
222 5477 3957
3478 2847 3958
1260 1708 3959
5172 3211 3960
2050 170 3961
2470 3264 3962
1683 1909 3963
4079 167 3964
168 323 3965
28 2709 3966
5056 5155 3967
2989 2275 3968
194 1127 3969
4367 2241 3970
264 4149 3971
1446 4135 3972
316 1808 3973
585 1292 3974
5055 3648 3975
3837 3095 3976
4648 3179 3977
4744 2795 3978
4988 3543 3979
1906 5169 3980
2322 2385 3981
1037 384 3982
5499 2475 3983
2162 4344 3984
5478 3544 3985
2405 5206 3986
2638 4515 3987
1576 3398 3988
3953 1097 3989
3495 3661 3990
547 2107 3991
1237 4772 3992
928 5573 3993
3228 3632 3994
4180 2015 3995
2854 2820 3996
4649 179 3997
2682 2876 3998
3875 261 3999
5365 1564 4000
4066 2850 4001
1409 1526 4002
505 4310 4003
2094 4228 4004
2725 1855 4005
2683 2238 4006
1312 2944 4007
1586 4584 4008
2013 3631 4009
3693 2692 4010
1422 4513 4011
5310 1671 4012
5536 4421 4013
4093 5375 4014
4621 5524 4015
3968 3904 4016
4781 2740 4017
1501 578 4018
5183 4443 4019
1829 451 4020
4873 4768 4021
5488 2897 4022
3971 1906 4023
795 878 4024
3884 4877 4025
3197 2112 4026
1334 3819 4027
4309 1264 4028
3463 3472 4029
5322 487 4030
4786 64 4031
4443 635 4032
3169 2838 4033
4270 3136 4034
4264 2830 4035
5338 2415 4036
1434 2189 4037
758 1235 4038
2106 4801 4039
3073 2503 4040
2474 29 4041
1164 563 4042
5021 3845 4043
4242 4532 4044
1659 3014 4045
3436 759 4046
223 5455 4047
1344 3714 4048
1138 322 4049
958 2719 4050
1325 2244 4051
61 2076 4052
4928 2869 4053
4281 5367 4054
1748 4661 4055
1744 4174 4056
4883 373 4057
4537 5128 4058
1953 1734 4059
3824 1473 4060
1771 1756 4061
4508 5379 4062
2198 3940 4063
1398 2522 4064
2532 4195 4065
1396 1281 4066
2310 466 4067
3272 3989 4068
1933 4701 4069
2445 465 4070
2391 1664 4071
616 5029 4072
4878 2870 4073
5168 2562 4074
948 2662 4075
1904 2730 4076
4243 3751 4077
5488 891 4078
2420 305 4079
934 2680 4080
1869 2928 4081
1498 2294 4082
2189 3668 4083
5590 78 4084
2985 14 4085
2469 992 4086
2730 2021 4087
2535 4646 4088
4304 5548 4089
5514 5400 4090
180 2861 4091
2560 4074 4092
3175 1706 4093
5483 4229 4094
942 3225 4095
892 3915 4096
5536 2429 4097
2274 2613 4098
4716 4949 4099
716 2769 4100
3693 3507 4101
276 4093 4102
914 5486 4103
2384 1357 4104
3316 1007 4105
2595 5385 4106
3345 1430 4107
2756 1584 4108
4091 704 4109
2284 45 4110
2130 5586 4111
2356 504 4112
4336 3097 4113
3860 1514 4114
2953 1177 4115
1480 3787 4116
1516 3371 4117
1679 2663 4118
5528 1450 4119
354 5204 4120
2597 618 4121
3549 1784 4122
3506 5391 4123
4662 122 4124
12 4203 4125
3696 1685 4126
3799 3196 4127
87 2413 4128
5216 2653 4129
285 2120 4130
4042 832 4131
2461 1980 4132
3873 5584 4133
4238 5566 4134
3245 1711 4135
1019 1948 4136
2883 2735 4137
353 1642 4138
4773 1887 4139
5357 1775 4140
654 997 4141
2029 1750 4142
1583 3032 4143
2830 4566 4144
188 629 4145
5536 1110 4146
176 2190 4147
2238 5330 4148
5513 191 4149
1083 4320 4150
3655 375 4151
5196 5077 4152
3696 4731 4153
4194 3731 4154
3801 1335 4155
92 3299 4156
5579 3406 4157
2238 4628 4158
3621 4573 4159
4553 3653 4160
4792 4251 4161
1698 410 4162
5222 2542 4163
3392 2787 4164
1181 2101 4165
2952 4118 4166
1218 4299 4167
765 4581 4168
3035 579 4169
1947 2156 4170
2435 3039 4171
4453 4116 4172
4682 4866 4173
4821 476 4174
996 1300 4175
3006 3497 4176
2992 875 4177
4791 5214 4178
2085 1997 4179
4378 5513 4180
1434 5035 4181
411 1171 4182
177 3334 4183
5085 1853 4184
804 4797 4185
931 2495 4186
1516 5163 4187
3602 2386 4188
5038 5246 4189
1651 4161 4190
2453 4774 4191
1566 3386 4192
1698 5099 4193
1964 3294 4194
709 2724 4195
3408 2441 4196
3803 3220 4197
4568 4322 4198
1255 4674 4199
2496 3927 4200
680 3947 4201
4768 2929 4202
2023 492 4203
4068 1688 4204
4256 366 4205
2825 3923 4206
2487 1704 4207
311 2418 4208
11 3068 4209
2043 1239 4210
2032 2008 4211
570 4745 4212
1019 5328 4213
3039 3084 4214
840 4996 4215
1791 335 4216
171 1263 4217
1517 4047 4218
3937 548 4219
200 4063 4220
1704 4369 4221
4333 521 4222
2393 4319 4223
1240 3174 4224
4695 853 4225
273 5007 4226
1271 2394 4227
633 153 4228
5087 2124 4229
4626 488 4230
4852 4860 4231
1032 5565 4232
637 308 4233
2730 4725 4234
1758 2138 4235
1059 4143 4236
4783 969 4237
2859 5278 4238
5302 3237 4239
1371 3106 4240
3362 756 4241
2952 550 4242
3233 1057 4243
1199 4153 4244
3631 1651 4245
2595 1276 4246
2953 2073 4247
3017 1016 4248
324 3205 4249
3579 3271 4250
3815 2071 4251
2327 5440 4252
1393 892 4253
799 2435 4254
3061 2183 4255
200 2149 4256
16 4631 4257
3697 1360 4258
2994 1470 4259
5476 498 4260
2844 213 4261
4880 1242 4262
741 1908 4263
2454 1275 4264
5204 4121 4265
5046 2361 4266
3682 4588 4267
2608 5497 4268
1375 3216 4269
266 3618 4270
5530 811 4271
4799 4933 4272
94 2074 4273
5396 3245 4274
3113 2417 4275
5446 4514 4276
2912 4022 4277
2963 4826 4278
2985 1298 4279
5320 4905 4280
2222 3017 4281
2355 2921 4282
867 4265 4283
3291 3891 4284
2519 1295 4285
3540 4073 4286
253 5554 4287
1070 2995 4288
2547 5262 4289
3816 5509 4290
2211 3875 4291
3755 757 4292
130 3451 4293
3825 4403 4294
1067 2762 4295
1296 1827 4296
1480 3206 4297
1008 4524 4298
680 3369 4299
2002 316 4300
1489 3104 4301
3997 3410 4302
4092 2379 4303
5477 2384 4304
1464 1990 4305
648 5281 4306
475 4834 4307
963 3970 4308
291 491 4309
5573 1958 4310
4626 1414 4311
2634 1632 4312
5434 4125 4313
73 3521 4314
2670 1838 4315
3325 4391 4316
4628 4742 4317
2229 1333 4318
4134 336 4319
1249 3093 4320
3233 4767 4321
2430 4411 4322
447 1289 4323
2926 4329 4324
2872 2390 4325
5458 2767 4326
5144 2380 4327
1349 2931 4328
2956 4578 4329
4566 2368 4330
3697 2758 4331
619 3261 4332
5065 4878 4333
1863 889 4334
1489 1548 4335
2993 4307 4336
5492 1330 4337
29 4106 4338
549 342 4339
2323 233 4340
2938 932 4341
1292 1719 4342
1139 1815 4343
3116 4289 4344
411 1507 4345
1218 2721 4346
3744 1092 4347
2126 1051 4348
4993 2886 4349
418 4964 4350
240 994 4351
2245 2759 4352
290 3546 4353
1360 2224 4354
140 4182 4355
4546 1868 4356
2481 2784 4357
3912 3212 4358
3446 634 4359
2966 4605 4360
3869 3392 4361
1725 1529 4362
5583 3593 4363
4870 2548 4364
1572 1741 4365
2821 3350 4366
3410 202 4367
1082 1114 4368
5149 3863 4369
1743 5393 4370
5317 1495 4371
636 5199 4372
2132 3080 4373
3967 1616 4374
748 1779 4375
1772 1496 4376
2661 4056 4377
5436 3453 4378
4488 5261 4379
5512 125 4380
5511 372 4381
1438 3839 4382
4008 706 4383
3363 412 4384
3870 4813 4385
2548 4399 4386
52 3936 4387
431 2842 4388
4818 4836 4389
2826 3151 4390
4514 2453 4391
261 2644 4392
3365 4043 4393
2236 5468 4394
1771 1657 4395
614 2145 4396
544 5067 4397
3673 1929 4398
1967 735 4399
2461 3417 4400
1521 1839 4401
2193 1005 4402
741 2284 4403
4274 266 4404
1330 5088 4405
2748 809 4406
3311 3101 4407
5326 3035 4408
5243 436 4409
3682 1829 4410
1135 2391 4411
214 1606 4412
3912 171 4413
1685 1793 4414
3916 1485 4415
3997 188 4416
3488 3840 4417
724 494 4418
5216 2636 4419
1686 2922 4420
1211 2793 4421
5013 5512 4422
643 2243 4423
1592 1668 4424
3190 34 4425
1657 3706 4426
2737 2783 4427
4009 5183 4428
2293 1619 4429
3726 351 4430
3048 3128 4431
1165 1886 4432
1798 4240 4433
2043 3881 4434
2205 676 4435
3848 2191 4436
1178 444 4437
2784 4383 4438
5394 1365 4439
790 1811 4440
1495 1745 4441
4935 1407 4442
2188 1696 4443
1152 2557 4444
40 5454 4445
1326 4918 4446
608 4817 4447
4831 1022 4448
2878 6 4449
381 2155 4450
3363 1960 4451
4192 3671 4452
4421 4857 4453
3202 456 4454
3369 4190 4455
4024 4026 4456
1707 2792 4457
354 4082 4458
101 2140 4459
961 1046 4460
1940 3173 4461
3802 392 4462
5566 5395 4463
3953 3285 4464
3800 4032 4465
3554 1251 4466
2076 33 4467
2488 3674 4468
5446 610 4469
1631 3252 4470
5394 3807 4471
5460 4136 4472
1877 1002 4473
977 83 4474
4005 5500 4475
4993 4876 4476
922 2977 4477
3032 5422 4478
1967 2627 4479
5298 3682 4480
1029 1905 4481
2784 4833 4482
3604 4356 4483
5406 5366 4484
5287 3070 4485
5568 5156 4486
4450 827 4487
3585 17 4488
4777 927 4489
2625 2865 4490
5173 5283 4491
1337 2297 4492
1935 2377 4493
772 4045 4494
53 2671 4495
3374 2760 4496
5248 2059 4497
3449 2734 4498
3051 4009 4499
2563 1959 4500
5209 1749 4501
48 5433 4502
591 899 4503
4893 334 4504
5500 406 4505
3683 4051 4506
1365 1939 4507
2238 858 4508
2333 280 4509
1422 3969 4510
5334 320 4511
700 5494 4512
101 1661 4513
5342 4431 4514
3509 4286 4515
2061 2036 4516
5359 2142 4517
1799 2599 4518
4901 3503 4519
518 5447 4520
4871 5530 4521
3884 4065 4522
1954 409 4523
471 3688 4524
4901 902 4525
3039 3623 4526
4442 210 4527
804 4729 4528
202 4637 4529
1171 1278 4530
3997 1640 4531
580 2221 4532
1611 4995 4533
482 2393 4534
4536 5003 4535
1911 49 4536
3615 694 4537
4595 5200 4538
1551 4872 4539
3647 4800 4540
686 2942 4541
2443 5600 4542
4465 3720 4543
3871 4223 4544
5476 2068 4545
755 2301 4546
2244 169 4547
4975 3272 4548
271 2336 4549
2359 4428 4550
1410 4721 4551
3980 2397 4552
5192 1326 4553
5470 2381 4554
4118 3883 4555
461 4808 4556
2517 93 4557
4550 3944 4558
648 1566 4559
2601 1837 4560
3322 1334 4561
3769 933 4562
1445 1951 4563
3577 203 4564
308 1884 4565
3686 4270 4566
820 879 4567
1583 3460 4568
1218 5016 4569
1818 3 4570
1522 1169 4571
1334 4138 4572
2196 901 4573
891 2990 4574
4793 5535 4575
3016 2404 4576
101 3154 4577
585 1390 4578
1106 2461 4579
4181 5053 4580
3716 3965 4581
2658 5475 4582
1853 5245 4583
5051 593 4584
5469 1319 4585
3579 5374 4586
3745 1763 4587
3920 4621 4588
3366 206 4589
129 3318 4590
3621 4998 4591
442 4763 4592
5501 5465 4593
3227 3816 4594
2496 5241 4595
5265 187 4596
5347 2426 4597
911 1205 4598
5552 1982 4599
2260 3690 4600
4430 5462 4601
1073 4013 4602
1344 4993 4603
1112 842 4604
450 5334 4605
553 4601 4606
1019 2113 4607
344 2631 4608
4008 1332 4609
4201 4862 4610
1721 1914 4611
475 2325 4612
5211 4903 4613
715 784 4614
5377 804 4615
3694 1544 4616
4238 2245 4617
21 3999 4618
3305 5304 4619
2661 5096 4620
532 4147 4621
4599 4390 4622
4184 2933 4623
5317 2844 4624
2411 4207 4625
4528 326 4626
1311 2188 4627
2365 821 4628
1149 3141 4629
3334 4955 4630
1442 4021 4631
4068 1099 4632
2126 597 4633
2749 5164 4634
3714 1376 4635
2177 3304 4636
2982 160 4637
4558 3633 4638
1914 3841 4639
1462 2476 4640
5220 3065 4641
1692 5168 4642
2422 151 4643
3707 5221 4644
5407 2103 4645
1489 4197 4646
1540 1957 4647
4518 2999 4648
3525 1367 4649
4274 5582 4650
4792 2669 4651
2419 2105 4652
2656 2237 4653
5510 4678 4654
794 2019 4655
1967 4958 4656
4567 5045 4657
2740 3612 4658
3454 4405 4659
1087 4338 4660
3884 445 4661
5464 1553 4662
3869 3469 4663
1717 1720 4664
1529 3477 4665
2352 2091 4666
1528 4340 4667
3672 424 4668
3270 4959 4669
3062 5518 4670
538 859 4671
898 1044 4672
613 1426 4673
527 10 4674
790 5231 4675
1517 3217 4676
4957 1348 4677
18 119 4678
82 4667 4679
1669 4687 4680
1611 2080 4681
5439 2139 4682
4817 3742 4683
4128 2207 4684
130 1425 4685
2357 5121 4686
4299 2039 4687
1908 3330 4688
106 1924 4689
5283 4169 4690
1992 117 4691
2385 3164 4692
1480 5407 4693
1021 4589 4694
1083 3010 4695
4077 2918 4696
5408 2528 4697
4137 254 4698
850 5309 4699
5346 2365 4700
951 146 4701
991 2980 4702
4363 92 4703
1546 4929 4704
1008 3602 4705
4626 765 4706
3407 3542 4707
1761 1018 4708
4514 3114 4709
5194 773 4710
2982 2305 4711
2850 2282 4712
4686 3822 4713
3848 95 4714
4226 3597 4715
3396 1039 4716
3207 2936 4717
1390 1049 4718
5406 2216 4719
4967 4008 4720
917 3975 4721
324 2317 4722
5536 2703 4723
3206 2319 4724
1087 1465 4725
1843 3058 4726
2370 958 4727
1223 383 4728
113 2951 4729
5399 264 4730
3621 2350 4731
3510 3322 4732
3387 3656 4733
162 2619 4734
4202 1626 4735
4790 217 4736
755 5411 4737
1540 275 4738
2520 4095 4739
172 4393 4740
2403 5044 4741
5269 2032 4742
3617 3886 4743
5304 244 4744
3104 3813 4745
2823 3701 4746
596 1549 4747
4008 3577 4748
1160 1875 4749
2786 4782 4750
1325 3815 4751
4371 5360 4752
4284 888 4753
2177 551 4754
2843 2712 4755
1296 2209 4756
2702 460 4757
1939 469 4758
3267 2431 4759
611 2911 4760
2967 3300 4761
2216 2023 4762
3662 869 4763
5426 2052 4764
3958 3846 4765
1772 367 4766
2105 4134 4767
1613 181 4768
1380 4177 4769
2254 625 4770
761 145 4771
5319 4873 4772
3438 3113 4773
111 2367 4774
2248 1783 4775
2072 4736 4776
3997 3948 4777
3999 4463 4778
2134 1727 4779
1737 800 4780
229 3683 4781
5500 989 4782
408 2011 4783
1643 2262 4784
5345 4020 4785
406 1040 4786
3714 1774 4787
1083 3764 4788
439 4607 4789
1225 2470 4790
2551 4956 4791
2585 2 4792
130 4941 4793
680 1613 4794
3672 2725 4795
1540 987 4796
1877 2532 4797
5280 3279 4798
365 296 4799
5090 3919 4800
4329 3943 4801
1539 58 4802
1616 4533 4803
1476 1648 4804
4538 651 4805
1971 2806 4806
766 1608 4807
2513 76 4808
1305 5230 4809
1833 1552 4810
5476 4358 4811
2515 1243 4812
1761 3243 4813
4311 1520 4814
3782 1550 4815
2628 3646 4816
4647 2925 4817
4196 1493 4818
1444 5564 4819
5387 795 4820
4152 1524 4821
5093 2701 4822
5347 1669 4823
553 4163 4824
2899 3292 4825
3614 3878 4826
659 2078 4827
2259 3775 4828
3658 5568 4829
2182 915 4830
1630 3422 4831
5329 763 4832
5555 715 4833
4497 5150 4834
1301 2086 4835
1576 1377 4836
1745 581 4837
1941 3248 4838
2513 337 4839
1583 4321 4840
3633 4145 4841
958 369 4842
5049 3978 4843
622 1042 4844
2617 1551 4845
4791 349 4846
5536 1355 4847
1957 1977 4848
5078 856 4849
3963 4336 4850
1218 2254 4851
4442 1941 4852
3449 3518 4853
5345 3835 4854
4721 4508 4855
3219 2053 4856
1233 944 4857
2715 3456 4858
2660 576 4859
799 3871 4860
382 4331 4861
1229 3977 4862
3641 3955 4863
4459 2817 4864
1829 2547 4865
5406 166 4866
2346 2991 4867
4741 2096 4868
482 3578 4869
4687 1722 4870
4566 3560 4871
1717 3436 4872
2816 3344 4873
3945 1021 4874
3845 787 4875
2604 3604 4876
2851 909 4877
4628 1135 4878
1661 3865 4879
4333 2912 4880
821 2618 4881
1146 5195 4882
3615 1567 4883
2110 513 4884
3613 1362 4885
1384 3585 4886
5080 3484 4887
500 4666 4888
4443 789 4889
817 1451 4890
4225 129 4891
3786 3235 4892
5419 1372 4893
4998 2424 4894
4018 4313 4895
1283 2868 4896
2445 3967 4897
1062 3397 4898
2952 1933 4899
6 3763 4900
557 650 4901
1495 378 4902
4657 1678 4903
3765 2024 4904
3651 3127 4905
804 5112 4906
2962 4179 4907
981 4112 4908
3709 5371 4909
4286 3355 4910
4649 3416 4911
5362 1867 4912
5520 2446 4913
2419 3349 4914
5407 207 4915
4821 104 4916
5259 3277 4917
3548 2077 4918
5300 365 4919
689 1579 4920
3092 1405 4921
4661 1790 4922
2178 2747 4923
4558 2038 4924
715 4102 4925
1590 5024 4926
3253 1111 4927
1367 1207 4928
713 4641 4929
5390 5140 4930
3870 1995 4931
1097 3043 4932
4652 1873 4933
2962 2127 4934
2236 358 4935
1494 1215 4936
1374 2623 4937
431 1856 4938
3966 5064 4939
3731 3876 4940
5578 3961 4941
3070 5028 4942
1926 2853 4943
4160 3420 4944
3598 371 4945
1652 3490 4946
5176 3963 4947
2174 2202 4948
302 529 4949
1814 3446 4950
4691 193 4951
1927 4468 4952
2743 2667 4953
2661 5300 4954
4848 5423 4955
4872 2083 4956
4625 4569 4957
411 2749 4958
3505 3455 4959
3029 1118 4960
4692 3504 4961
3997 1931 4962
2112 2582 4963
223 4488 4964
789 5076 4965
2270 1472 4966
1910 5397 4967
3610 5051 4968
1250 2840 4969
1539 5521 4970
4831 482 4971
5091 1848 4972
2447 5120 4973
2570 5563 4974
1324 3692 4975
5295 2748 4976
3216 1806 4977
485 39 4978
274 1598 4979
2489 173 4980
4874 5090 4981
3908 2085 4982
2062 2272 4983
3383 862 4984
3731 42 4985
316 5082 4986
3912 2222 4987
5476 5570 4988
5488 4891 4989
5377 2260 4990
5093 3409 4991
2038 5384 4992
3322 3678 4993
2575 242 4994
556 3545 4995
5528 209 4996
3155 2438 4997
2984 3687 4998
1536 2927 4999
3196 3532 5000
3768 1656 5001
2139 3570 5002
3784 850 5003
1766 1942 5004
3997 5048 5005
2254 1217 5006
171 3094 5007
2971 1449 5008
3793 2530 5009
5406 2358 5010
3495 3367 5011
1358 3395 5012
3672 50 5013
3456 1350 5014
4843 1965 5015
2580 1816 5016
3789 2509 5017
5058 5425 5018
20 310 5019
137 376 5020
2254 4942 5021
2188 1610 5022
1167 1604 5023
2234 793 5024
1562 5396 5025
2095 4501 5026
815 3117 5027
3055 5487 5028
71 4974 5029
2617 4080 5030
3789 3143 5031
5 1038 5032
2026 4544 5033
1853 745 5034
862 1098 5035
741 3645 5036
1278 4347 5037
5406 2888 5038
4930 5413 5039
3652 5368 5040
1038 1422 5041
3836 2531 5042
1130 844 5043
1026 5588 5044
5454 5227 5045
5454 696 5046
981 3393 5047
1400 5089 5048
1069 2854 5049
3509 2638 5050
2056 277 5051
2962 3443 5052
2750 3801 5053
3740 4054 5054
4664 3598 5055
217 2000 5056
1991 4328 5057
2826 225 5058
4938 4565 5059
1380 5160 5060
437 3457 5061
5414 3019 5062
1927 2900 5063
69 2102 5064
570 4864 5065
2430 398 5066
3651 2383 5067
2660 5580 5068
3706 2592 5069
1597 5317 5070
2801 1907 5071
951 5279 5072
3667 1680 5073
1764 2529 5074
3505 2908 5075
4802 3709 5076
1630 712 5077
449 4427 5078
2408 3123 5079
1377 595 5080
4715 4188 5081
1793 2945 5082
1615 4602 5083
2048 2396 5084
843 4472 5085
2479 638 5086
482 352 5087
4960 571 5088
4721 1126 5089
399 4193 5090
3152 3723 5091
1991 860 5092
4712 1194 5093
2064 545 5094
2872 511 5095
4011 2615 5096
2802 4435 5097
3092 4611 5098
4231 2639 5099
2549 127 5100
3309 1398 5101
5297 241 5102
5329 354 5103
786 3861 5104
748 4256 5105
2623 5427 5106
290 547 5107
344 2998 5108
4734 3081 5109
4855 1453 5110
5304 957 5111
4926 5116 5112
820 3795 5113
1103 3640 5114
2628 4018 5115
1107 2593 5116
3439 4217 5117
2043 1210 5118
191 4491 5119
891 237 5120
94 1588 5121
3251 2348 5122
741 783 5123
3430 3592 5124
673 3025 5125
1071 586 5126
5596 3258 5127
3410 3979 5128
4912 685 5129
792 3913 5130
2192 1399 5131
892 779 5132
3060 1899 5133
1745 1830 5134
2386 4325 5135
2723 490 5136
1198 5218 5137
5112 5473 5138
5299 1096 5139
1037 3239 5140
4558 837 5141
5436 4385 5142
1407 2685 5143
3141 3296 5144
5032 5383 5145
5568 5310 5146
3701 5294 5147
3538 4535 5148
2631 3404 5149
3558 4412 5150
752 214 5151
760 1261 5152
4856 496 5153
3662 3134 5154
2084 4824 5155
3820 422 5156
505 3823 5157
1655 4487 5158
5464 2172 5159
4258 4719 5160
4123 522 5161
1642 1445 5162
3982 3642 5163
658 1134 5164
4706 3651 5165
5060 1457 5166
2761 1624 5167
4090 2164 5168
2684 2010 5169
3234 1792 5170
2249 4130 5171
4747 4281 5172
1771 4248 5173
3567 3052 5174
2525 472 5175
2576 1964 5176
3283 3580 5177
2821 743 5178
1037 952 5179
1363 5008 5180
1247 840 5181
2672 1359 5182
814 3922 5183
1954 4282 5184
2404 1600 5185
4697 2611 5186
1774 4037 5187
4558 110 5188
4696 4266 5189
5242 505 5190
1198 2502 5191
5060 1804 5192
1611 291 5193
4789 974 5194
1562 2329 5195
2912 2848 5196
5329 3920 5197
4904 1890 5198
5554 5352 5199
1356 3684 5200
5357 400 5201
853 252 5202
2634 2803 5203
2500 28 5204
3605 4380 5205
566 332 5206
942 4977 5207
4310 2236 5208
2359 1147 5209
5327 608 5210
4378 1499 5211
3682 4890 5212
2490 1488 5213
1132 2607 5214
1040 675 5215
2360 5314 5216
609 4855 5217
1585 5073 5218
381 2723 5219
870 1248 5220
3730 725 5221
5580 4474 5222
4064 4205 5223
1167 226 5224
1967 3182 5225
1717 3329 5226
273 744 5227
3664 943 5228
1385 1812 5229
145 185 5230
3488 2875 5231
3328 4805 5232
197 4420 5233
1984 4751 5234
3549 2416 5235
4367 2893 5236
2295 4579 5237
295 1163 5238
607 4839 5239
4499 1327 5240
316 3107 5241
3418 3634 5242
1613 5337 5243
672 2177 5244
2526 1165 5245
3440 1876 5246
1703 3295 5247
4940 1555 5248
2434 5069 5249
3980 1725 5250
3309 1427 5251
2973 3073 5252
2679 617 5253
1967 1321 5254
4520 1065 5255
565 684 5256
192 3637 5257
595 2408 5258
1676 5445 5259
3247 1130 5260
2871 89 5261
5477 1437 5262
1062 3201 5263
2668 603 5264
1829 5362 5265
1623 1494 5266
24 1195 5267
265 431 5268
3487 567 5269
5097 2465 5270
5507 1818 5271
2727 3513 5272
2043 97 5273
2988 363 5274
4340 4386 5275
4224 1922 5276
554 3458 5277
2608 1247 5278
1565 5266 5279
4753 2540 5280
2249 3448 5281
4312 4539 5282
1382 2590 5283
1263 1288 5284
2779 2135 5285
2264 240 5286
1391 4522 5287
5152 1665 5288
4238 4061 5289
1246 4377 5290
3912 1252 5291
4238 4934 5292
4286 1601 5293
5390 3076 5294
5369 1087 5295
130 5372 5296
3449 3412 5297
3837 311 5298
690 5263 5299
781 3929 5300
4367 5257 5301
933 3122 5302
5577 2974 5303
1377 4301 5304
5551 4260 5305
4044 1858 5306
4299 4780 5307
1771 4343 5308
3453 1930 5309
3046 4115 5310
5460 2486 5311
4926 4906 5312
1316 5209 5313
5031 3060 5314
1888 5581 5315
794 1885 5316
2804 4146 5317
3962 4896 5318
1283 2491 5319
2735 5503 5320
2999 3836 5321
383 3341 5322
2691 1764 5323
1267 5255 5324
1562 2283 5325
542 5148 5326
1070 485 5327
4049 854 5328
479 1267 5329
1878 3847 5330
4420 4529 5331
5382 3892 5332
4993 3157 5333
5060 3584 5334
4946 441 5335
4628 4525 5336
3997 5329 5337
2628 2017 5338
1384 5149 5339
3017 3062 5340
3401 5118 5341
685 1893 5342
4306 1754 5343
1530 333 5344
2611 3568 5345
3556 998 5346
4655 4255 5347
4202 917 5348
5446 642 5349
2983 231 5350
1484 143 5351
1244 1585 5352
3621 2666 5353
1186 3945 5354
1558 2331 5355
1460 3327 5356
1761 3139 5357
2459 577 5358
1926 44 5359
2572 4970 5360
2524 3040 5361
1171 1132 5362
3947 512 5363
721 5223 5364
1223 2756 5365
3280 2632 5366
1940 3377 5367
2047 5460 5368
5227 1389 5369
3026 3713 5370
1576 1703 5371
5579 2606 5372
3791 3925 5373
3846 1463 5374
3389 1633 5375
1566 4912 5376
4014 2880 5377
2661 1620 5378
4634 1843 5379
2567 3811 5380
67 3937 5381
2986 2763 5382
1429 4178 5383
4769 1183 5384
3825 4796 5385
344 3326 5386
1037 1981 5387
1562 2956 5388
4499 807 5389
4608 4296 5390
4597 2477 5391
5045 3011 5392
1416 4881 5393
1683 1216 5394
1324 5540 5395
265 5135 5396
1430 2315 5397
2407 2131 5398
2501 5251 5399
1100 2126 5400
1661 4850 5401
3509 2248 5402
5599 1580 5403
5169 3806 5404
3997 1926 5405
3938 2678 5406
5334 1518 5407
399 2569 5408
2138 4856 5409
4141 501 5410
5497 3535 5411
1925 4481 5412
4268 1153 5413
892 920 5414
4747 4025 5415
3068 1563 5416
3792 2961 5417
1218 4689 5418
2502 3994 5419
744 4504 5420
741 2952 5421
1684 2694 5422
882 3071 5423
2520 3290 5424
3107 2212 5425
4520 4663 5426
2886 1001 5427
1353 4109 5428
5515 5587 5429
1154 667 5430
1525 664 5431
899 4131 5432
250 5250 5433
2333 2399 5434
3335 3832 5435
1038 4592 5436
577 4408 5437
3020 2878 5438
4175 5252 5439
98 647 5440
2539 1788 5441
1443 2836 5442
5322 5429 5443
4381 2062 5444
845 3291 5445
3130 1715 5446
929 4154 5447
2737 52 5448
2672 5030 5449
4642 5152 5450
109 1415 5451
2055 639 5452
1161 5410 5453
3478 196 5454
4512 2695 5455
2425 212 5456
4414 2072 5457
3157 723 5458
3997 698 5459
5237 4662 5460
3430 13 5461
5075 4553 5462
688 2553 5463
5269 1440 5464
1214 423 5465
1430 4058 5466
3089 4766 5467
2203 5134 5468
5488 4191 5469
2359 2042 5470
4238 709 5471
690 604 5472
3013 1356 5473
433 3893 5474
1710 2357 5475
237 4779 5476
1291 3777 5477
2734 4645 5478
5275 1786 5479
5357 4901 5480
4821 887 5481
457 4 5482
2146 1714 5483
2665 4708 5484
2663 1088 5485
2164 4759 5486
3027 4404 5487
2120 941 5488
5590 439 5489
4525 118 5490
2560 5559 5491
3105 916 5492
3973 4945 5493
3238 1955 5494
724 149 5495
694 2087 5496
3557 4311 5497
2762 3184 5498
4499 4070 5499
2912 3426 5500
3776 3263 5501
5486 4218 5502
4540 2614 5503
1386 3888 5504
231 1767 5505
2145 2016 5506
2017 4510 5507
2608 4853 5508
4986 2215 5509
3960 3255 5510
5387 4883 5511
448 2630 5512
4873 2070 5513
1597 5174 5514
2042 1972 5515
2891 3973 5516
1407 2288 5517
5026 4809 5518
2939 1027 5519
4874 3613 5520
5530 1973 5521
82 2635 5522
3945 5242 5523
1361 4727 5524
1446 3635 5525
3017 1075 5526
1226 3818 5527
174 999 5528
4191 284 5529
318 2340 5530
763 5094 5531
5364 2186 5532
415 4496 5533
1948 3485 5534
3173 3895 5535
5266 4206 5536
5051 769 5537
5402 1573 5538
559 222 5539
4323 990 5540
171 682 5541
5251 5274 5542
1933 1791 5543
741 2595 5544
554 1769 5545
2313 1343 5546
4870 132 5547
4153 3441 5548
1559 4374 5549
2936 5287 5550
1294 2731 5551
1495 5484 5552
1856 2856 5553
3725 4705 5554
3027 2578 5555
2782 158 5556
4692 4653 5557
845 3988 5558
5129 2092 5559
4422 4040 5560
3334 4416 5561
5219 2343 5562
1539 287 5563
4712 3047 5564
1746 1823 5565
1029 5369 5566
4962 248 5567
4777 2338 5568
5312 4287 5569
1165 1866 5570
4923 1009 5571
4065 2335 5572
3171 4277 5573
2816 4087 5574
3047 5344 5575
1829 2231 5576
5528 3672 5577
1143 2673 5578
3010 2513 5579
2343 1772 5580
1197 3332 5581
3805 4445 5582
482 1223 5583
2827 1859 5584
4508 4885 5585
2966 3133 5586
534 3639 5587
4005 401 5588
2324 4214 5589
94 5313 5590
4678 1036 5591
5433 2866 5592
3789 3219 5593
469 159 5594
4011 2898 5595
3408 3704 5596
1441 3547 5597
5317 2728 5598
5334 2857 5599
4744 5253 5600
