1500 1500 1500
1282 1069 1
194 991 2
1043 1208 3
929 278 4
1378 481 5
525 494 6
642 965 7
1171 1092 8
394 36 9
696 165 10
23 970 11
314 613 12
121 376 13
205 682 14
1001 279 15
1260 860 16
427 1449 17
398 1456 18
986 716 19
536 1125 20
741 585 21
321 417 22
635 352 23
603 696 24
1226 595 25
881 818 26
518 1475 27
747 488 28
390 530 29
790 238 30
138 1028 31
536 1481 32
1212 896 33
184 1294 34
1130 356 35
412 948 36
376 288 37
71 1058 38
1206 1060 39
696 1253 40
990 38 41
39 1484 42
559 779 43
1463 1180 44
431 108 45
450 1279 46
444 647 47
1094 878 48
62 1343 49
205 1195 50
476 523 51
129 474 52
277 44 53
1387 1107 54
669 1354 55
516 1376 56
426 1254 57
1380 1141 58
1298 662 59
1025 1098 60
1288 67 61
1048 315 62
1282 728 63
62 1231 64
395 510 65
1066 1477 66
936 1258 67
711 656 68
558 1197 69
752 430 70
33 912 71
685 1452 72
729 816 73
1372 1112 74
238 864 75
687 113 76
659 396 77
714 1229 78
313 8 79
1281 554 80
15 311 81
934 1227 82
630 718 83
30 775 84
595 794 85
427 150 86
301 1051 87
297 542 88
1343 828 89
1191 711 90
1261 273 91
1339 910 92
138 378 93
1212 1263 94
389 658 95
225 1483 96
827 1074 97
631 645 98
377 202 99
845 1355 100
195 256 101
1066 1140 102
521 757 103
945 1185 104
966 1311 105
106 458 106
35 1329 107
299 1443 108
1414 856 109
901 1190 110
992 672 111
623 611 112
842 1407 113
383 776 114
518 245 115
1335 1280 116
955 863 117
950 1133 118
610 999 119
1264 75 120
14 246 121
252 1215 122
34 1251 123
748 486 124
623 666 125
1168 1194 126
181 1323 127
444 887 128
638 457 129
1136 516 130
387 783 131
680 230 132
635 592 133
666 1119 134
49 405 135
709 810 136
1054 15 137
877 29 138
1183 283 139
1131 831 140
1160 83 141
190 186 142
1231 505 143
751 271 144
770 821 145
345 1459 146
656 619 147
124 295 148
1378 9 149
1490 1439 150
270 870 151
466 1183 152
236 881 153
149 447 154
245 1129 155
1302 335 156
1156 39 157
994 1474 158
296 583 159
501 855 160
1349 511 161
1079 957 162
1140 588 163
823 138 164
1121 777 165
51 737 166
1355 431 167
1176 1077 168
861 608 169
644 677 170
1021 789 171
659 235 172
895 321 173
534 961 174
316 308 175
20 1252 176
48 480 177
80 1429 178
1450 185 179
608 569 180
666 1156 181
461 425 182
1185 524 183
997 723 184
284 437 185
1134 1421 186
628 21 187
600 747 188
415 861 189
1413 1101 190
426 239 191
1364 166 192
1093 1163 193
651 414 194
282 370 195
1296 1286 196
261 750 197
1137 1398 198
827 1273 199
515 1293 200
226 1404 201
11 1052 202
39 950 203
378 952 204
1024 557 205
1412 305 206
1108 482 207
608 140 208
558 606 209
1149 30 210
1061 1454 211
223 372 212
534 1444 213
1000 1374 214
675 56 215
429 741 216
1432 173 217
1488 582 218
1260 1414 219
598 1321 220
1387 155 221
1345 441 222
1202 1091 223
791 1292 224
772 1299 225
813 690 226
280 1308 227
1156 1433 228
609 1362 229
49 1178 230
189 778 231
827 1048 232
14 765 233
476 347 234
606 355 235
1490 427 236
916 847 237
14 753 238
222 1053 239
1167 577 240
222 99 241
1470 1111 242
468 1262 243
1408 1344 244
390 1061 245
1471 90 246
711 415 247
876 1062 248
142 229 249
834 594 250
1386 898 251
518 1271 252
961 1466 253
1402 98 254
1145 766 255
11 268 256
1345 946 257
614 1345 258
1354 788 259
614 731 260
1260 435 261
669 782 262
1423 1223 263
805 242 264
1355 686 265
678 1467 266
86 346 267
44 813 268
1444 774 269
1383 87 270
255 100 271
707 838 272
543 136 273
1348 232 274
245 86 275
871 947 276
1152 562 277
293 815 278
449 1291 279
603 1285 280
1000 1491 281
227 129 282
1157 213 283
451 1196 284
487 55 285
411 211 286
269 597 287
222 976 288
1250 1310 289
223 907 290
1415 1151 291
1382 1059 292
891 1015 293
795 302 294
1273 1169 295
726 927 296
471 1106 297
534 809 298
1172 1130 299
1144 799 300
655 993 301
329 179 302
1264 637 303
1277 363 304
1069 1425 305
172 51 306
370 785 307
282 253 308
1199 992 309
618 261 310
1372 586 311
1172 667 312
354 512 313
1389 61 314
963 1206 315
623 558 316
1364 646 317
614 671 318
1233 683 319
1134 1086 320
1447 725 321
398 200 322
798 231 323
1412 233 324
252 617 325
1152 193 326
1348 351 327
1319 676 328
45 1082 329
514 255 330
1386 442 331
155 147 332
515 706 333
487 492 334
821 1415 335
889 532 336
693 556 337
389 360 338
540 934 339
534 103 340
878 398 341
1109 120 342
640 1022 343
202 95 344
573 872 345
131 547 346
1269 687 347
354 1424 348
1289 1287 349
42 484 350
1149 483 351
1196 1257 352
1414 212 353
1297 125 354
294 1320 355
1358 1064 356
295 1209 357
1081 1127 358
370 1136 359
942 876 360
106 434 361
403 223 362
1077 835 363
666 515 364
1241 1301 365
1153 27 366
1352 668 367
1000 188 368
709 877 369
541 374 370
41 77 371
623 518 372
255 726 373
144 462 374
1218 191 375
823 53 376
452 697 377
931 304 378
1097 880 379
1425 793 380
994 551 381
916 1240 382
1348 1105 383
1143 792 384
1147 680 385
950 478 386
600 559 387
624 859 388
598 784 389
287 1108 390
18 1081 391
1493 116 392
229 1437 393
937 1072 394
1281 584 395
1202 1296 396
1147 1378 397
716 365 398
601 237 399
476 312 400
300 905 401
1266 453 402
963 476 403
1271 1238 404
1203 1462 405
14 134 406
336 904 407
436 1116 408
1083 966 409
508 670 410
770 1237 411
387 1008 412
23 953 413
798 1149 414
551 421 415
646 749 416
276 1500 417
536 1012 418
282 296 419
600 823 420
444 502 421
888 1336 422
1046 1281 423
1249 306 424
1281 327 425
116 1356 426
1147 96 427
617 72 428
797 1250 429
384 1305 430
368 418 431
835 1455 432
1049 282 433
514 520 434
1135 1342 435
1246 1153 436
1118 221 437
846 259 438
1007 208 439
1326 968 440
942 88 441
1014 1228 442
1431 963 443
1167 73 444
715 1324 445
751 299 446
204 1244 447
1413 393 448
80 1471 449
1478 998 450
671 1283 451
492 1020 452
1371 933 453
682 1171 454
678 1488 455
1094 802 456
52 198 457
947 92 458
348 612 459
62 1260 460
606 801 461
1462 197 462
635 454 463
1088 504 464
1339 169 465
1074 857 466
116 1152 467
475 1282 468
867 704 469
1312 252 470
40 357 471
451 514 472
693 1120 473
390 1384 474
875 720 475
153 123 476
540 570 477
995 317 478
242 16 479
1377 152 480
1249 1276 481
245 758 482
1415 395 483
1222 917 484
957 1018 485
1029 1090 486
396 101 487
689 110 488
630 727 489
1052 142 490
342 1249 491
618 397 492
1088 1041 493
912 344 494
1413 466 495
606 310 496
884 796 497
75 787 498
1409 981 499
1135 935 500
275 715 501
255 790 502
215 1071 503
1123 848 504
600 222 505
288 341 506
273 162 507
236 1470 508
535 1422 509
347 1002 510
660 846 511
410 348 512
898 497 513
873 839 514
1385 1386 515
915 688 516
1282 391 517
1449 885 518
977 164 519
526 470 520
992 610 521
1007 1359 522
1130 161 523
1484 754 524
623 886 525
1074 902 526
1406 413 527
421 297 528
752 331 529
394 1300 530
1432 533 531
915 540 532
899 1430 533
562 1350 534
129 867 535
1328 1115 536
634 908 537
316 102 538
863 899 539
204 1187 540
536 1325 541
1309 932 542
1344 591 543
944 172 544
1112 929 545
1386 410 546
1355 1114 547
776 1 548
162 629 549
99 825 550
1130 157 551
376 490 552
330 938 553
887 336 554
862 1330 555
1431 826 556
478 997 557
105 5 558
299 54 559
950 76 560
26 153 561
428 207 562
1345 366 563
835 1219 564
525 891 565
508 1319 566
932 695 567
422 916 568
1450 1246 569
740 665 570
1346 1065 571
366 616 572
142 323 573
516 596 574
628 1220 575
1265 626 576
827 1442 577
223 756 578
1100 980 579
798 1068 580
1255 1005 581
1414 967 582
569 471 583
401 674 584
615 381 585
1338 176 586
1203 194 587
1205 1032 588
31 628 589
154 57 590
378 333 591
25 1221 592
1130 1361 593
971 448 594
994 1377 595
16 871 596
1293 1447 597
1045 593 598
242 40 599
244 834 600
426 837 601
1346 607 602
537 1337 603
1386 1191 604
1486 1213 605
180 50 606
598 109 607
255 324 608
1043 603 609
389 1428 610
865 326 611
610 74 612
251 107 613
328 364 614
423 343 615
1315 853 616
25 767 617
1337 1139 618
104 1143 619
390 1248 620
840 1349 621
950 1476 622
1338 1332 623
1080 1272 624
73 639 625
250 2 626
210 994 627
193 868 628
579 472 629
253 409 630
1300 1057 631
56 773 632
1156 1295 633
595 771 634
383 1013 635
561 12 636
1215 1405 637
961 768 638
1493 1037 639
963 1441 640
891 984 641
276 1394 642
497 1045 643
236 452 644
502 1304 645
139 491 646
1500 1050 647
1087 525 648
1312 989 649
804 433 650
390 1385 651
827 1326 652
511 463 653
1134 625 654
1027 969 655
941 1427 656
408 1000 657
87 1073 658
205 377 659
1413 105 660
136 1230 661
1431 770 662
343 199 663
432 920 664
519 1083 665
1091 1158 666
381 1138 667
680 45 668
26 135 669
1048 1309 670
1080 124 671
121 633 672
290 951 673
1413 85 674
53 301 675
778 226 676
1097 320 677
1093 822 678
16 1122 679
520 974 680
893 883 681
558 1176 682
1066 895 683
403 550 684
1385 1205 685
643 201 686
484 1003 687
617 1210 688
1244 964 689
354 22 690
1160 210 691
62 1147 692
682 566 693
931 383 694
912 456 695
73 1173 696
648 209 697
316 1234 698
459 479 699
1215 227 700
313 1434 701
1120 865 702
1099 812 703
736 1184 704
322 294 705
740 156 706
1014 644 707
635 1222 708
1326 184 709
1415 1482 710
1187 1207 711
963 6 712
212 1095 713
1119 1397 714
508 941 715
1151 1154 716
1086 1348 717
154 604 718
1035 1142 719
1290 382 720
981 1036 721
1156 657 722
6 630 723
525 1307 724
850 384 725
990 1042 726
1424 1408 727
436 661 728
992 795 729
1456 489 730
56 334 731
47 1075 732
584 1346 733
430 1096 734
1387 1395 735
436 693 736
537 399 737
149 1164 738
1371 362 739
1049 342 740
1332 1432 741
1098 1165 742
1426 736 743
1167 1268 744
968 1464 745
688 158 746
411 1469 747
980 1076 748
172 574 749
395 882 750
1451 641 751
600 534 752
1206 634 753
316 1266 754
492 911 755
536 1043 756
568 971 757
20 653 758
1431 1412 759
1336 122 760
507 1200 761
1143 272 762
888 64 763
961 309 764
559 1461 765
843 11 766
422 284 767
530 148 768
623 888 769
943 287 770
1206 1009 771
62 1224 772
1209 137 773
887 1175 774
428 1211 775
561 443 776
841 549 777
433 91 778
1273 205 779
461 1486 780
579 111 781
688 508 782
329 406 783
1364 1259 784
662 386 785
1083 1123 786
682 1214 787
1259 65 788
994 1347 789
233 19 790
71 1029 791
425 914 792
666 1004 793
1396 1011 794
1009 567 795
1387 26 796
288 412 797
945 600 798
1226 939 799
614 204 800
1463 707 801
136 214 802
650 1485 803
1353 280 804
61 893 805
1280 1038 806
442 1030 807
426 576 808
230 339 809
530 1026 810
514 875 811
476 546 812
1457 14 813
1005 371 814
473 1193 815
1100 37 816
683 133 817
658 692 818
1209 1366 819
229 1159 820
807 1093 821
518 1031 822
377 345 823
514 564 824
709 684 825
1396 60 826
460 263 827
352 1239 828
392 573 829
153 244 830
502 1275 831
609 501 832
827 1451 833
595 52 834
1181 203 835
1102 290 836
1315 46 837
1337 1381 838
48 1371 839
1357 763 840
624 254 841
623 1049 842
276 1247 843
377 1243 844
1168 820 845
1395 918 846
525 146 847
945 635 848
635 744 849
52 216 850
805 913 851
1086 275 852
584 394 853
85 1236 854
966 440 855
1160 519 856
205 621 857
152 705 858
1387 1160 859
772 959 860
295 1117 861
1307 940 862
1462 293 863
235 922 864
1214 71 865
466 1094 866
961 1399 867
1361 340 868
670 1363 869
222 1315 870
1402 1056 871
788 1492 872
728 578 873
1484 1450 874
859 924 875
1086 1087 876
702 537 877
466 1298 878
204 369 879
1087 740 880
978 1016 881
128 651 882
1109 1135 883
1114 602 884
1003 154 885
1089 460 886
245 807 887
944 500 888
1395 1328 889
282 803 890
461 1023 891
1156 444 892
1046 228 893
114 183 894
71 874 895
1360 659 896
210 390 897
930 400 898
179 858 899
823 1174 900
786 892 901
1275 94 902
1226 849 903
808 618 904
1003 353 905
916 714 906
1419 1365 907
1343 1267 908
736 1458 909
1301 419 910
1345 845 911
731 47 912
635 1198 913
968 4 914
270 1265 915
764 175 916
1364 1103 917
1322 746 918
615 407 919
879 1235 920
777 267 921
877 180 922
945 1431 923
849 909 924
843 115 925
1174 139 926
1100 307 927
1377 128 928
297 648 929
640 1245 930
1191 732 931
945 224 932
1386 1255 933
1185 1353 934
546 1423 935
433 1370 936
316 1499 937
1069 643 938
1147 605 939
16 215 940
731 20 941
895 1144 942
1123 990 943
641 805 944
614 1335 945
1193 1034 946
1147 485 947
1417 206 948
1005 1131 949
1022 851 950
515 649 951
204 560 952
14 247 953
609 459 954
1380 708 955
1209 1181 956
1348 170 957
341 972 958
1431 1118 959
398 313 960
1484 359 961
500 303 962
551 1088 963
994 1334 964
1477 710 965
1433 1388 966
523 1302 967
1289 986 968
73 1375 969
1101 220 970
579 1358 971
295 1426 972
136 89 973
1037 70 974
998 446 975
1176 1490 976
289 1392 977
667 388 978
514 786 979
1135 160 980
181 178 981
42 181 982
840 555 983
68 49 984
660 1402 985
551 1202 986
421 906 987
932 553 988
630 978 989
1131 1040 990
258 1155 991
845 1150 992
1440 1121 993
656 640 994
875 1102 995
1199 543 996
1172 145 997
732 379 998
977 854 999
1412 1269 1000
1405 1124 1001
388 1322 1002
432 673 1003
967 1179 1004
53 1166 1005
638 804 1006
857 171 1007
404 182 1008
1226 1109 1009
512 544 1010
891 1403 1011
487 1496 1012
521 429 1013
188 1317 1014
1193 733 1015
150 1188 1016
388 1290 1017
887 721 1018
40 636 1019
799 257 1020
1209 1170 1021
487 1460 1022
1061 833 1023
310 423 1024
514 956 1025
401 1487 1026
1406 97 1027
393 35 1028
315 1270 1029
1295 581 1030
1479 354 1031
26 1312 1032
67 117 1033
529 724 1034
1089 1389 1035
863 589 1036
697 196 1037
1189 1146 1038
922 814 1039
426 1318 1040
764 601 1041
1273 62 1042
1440 973 1043
1147 979 1044
1420 751 1045
250 1079 1046
1426 1478 1047
1002 655 1048
202 104 1049
1144 499 1050
26 25 1051
1153 292 1052
487 367 1053
223 1316 1054
415 1465 1055
1352 900 1056
630 119 1057
678 1288 1058
849 59 1059
295 527 1060
447 580 1061
204 300 1062
1259 949 1063
1414 411 1064
955 702 1065
718 541 1066
1098 118 1067
1342 1278 1068
362 759 1069
1118 1192 1070
245 529 1071
1141 1217 1072
875 1360 1073
1397 703 1074
135 1274 1075
1412 1396 1076
502 729 1077
818 1063 1078
397 1410 1079
1257 219 1080
767 13 1081
752 1383 1082
490 477 1083
425 762 1084
182 349 1085
33 258 1086
427 1218 1087
805 236 1088
1432 248 1089
962 1080 1090
501 1390 1091
694 536 1092
1088 80 1093
1105 755 1094
1270 298 1095
1431 189 1096
760 24 1097
1048 1340 1098
1026 535 1099
516 1303 1100
882 7 1101
711 42 1102
1420 487 1103
526 919 1104
1433 314 1105
461 18 1106
1011 1339 1107
1419 432 1108
630 358 1109
508 249 1110
657 420 1111
1499 1357 1112
934 1472 1113
473 426 1114
641 879 1115
850 760 1116
1415 832 1117
1189 1054 1118
980 445 1119
796 469 1120
1214 68 1121
1337 571 1122
630 942 1123
992 526 1124
236 465 1125
1045 884 1126
1218 852 1127
1099 679 1128
1195 265 1129
1033 631 1130
1044 1232 1131
915 936 1132
1289 781 1133
1077 791 1134
579 1289 1135
978 131 1136
90 730 1137
1426 1084 1138
1116 81 1139
600 1046 1140
1000 10 1141
361 350 1142
977 843 1143
1096 3 1144
209 1393 1145
1169 509 1146
1481 772 1147
1261 241 1148
433 338 1149
368 1070 1150
1245 187 1151
600 842 1152
221 1331 1153
901 285 1154
1413 1067 1155
512 325 1156
343 1006 1157
519 897 1158
955 1177 1159
945 694 1160
1156 1338 1161
1100 79 1162
1215 538 1163
359 467 1164
648 624 1165
295 701 1166
844 495 1167
277 1341 1168
244 361 1169
1479 1493 1170
943 889 1171
1144 401 1172
232 28 1173
1420 931 1174
826 1126 1175
915 797 1176
1309 652 1177
1460 769 1178
508 276 1179
1207 1480 1180
16 319 1181
390 945 1182
709 190 1183
26 698 1184
366 1137 1185
1449 1256 1186
289 615 1187
184 218 1188
959 517 1189
1226 1463 1190
424 269 1191
1266 513 1192
713 1128 1193
620 925 1194
940 926 1195
189 840 1196
512 1416 1197
1332 424 1198
500 475 1199
462 168 1200
1463 318 1201
1443 1438 1202
600 461 1203
911 719 1204
1451 614 1205
1244 709 1206
1446 699 1207
377 642 1208
22 1182 1209
733 735 1210
838 1047 1211
56 1027 1212
977 66 1213
823 1203 1214
1454 114 1215
1430 985 1216
1346 1284 1217
835 1025 1218
875 332 1219
515 609 1220
1026 954 1221
901 806 1222
357 217 1223
1344 130 1224
1478 761 1225
299 82 1226
466 1100 1227
1009 1033 1228
1280 1055 1229
429 1368 1230
441 545 1231
751 548 1232
688 436 1233
1443 873 1234
1160 34 1235
1061 1189 1236
424 1216 1237
314 1024 1238
1312 521 1239
623 1078 1240
1465 1145 1241
366 923 1242
598 316 1243
1463 455 1244
711 930 1245
1461 1212 1246
194 1044 1247
408 451 1248
505 975 1249
861 850 1250
1244 568 1251
16 841 1252
827 623 1253
141 402 1254
1118 685 1255
515 1199 1256
33 921 1257
1309 944 1258
889 862 1259
1255 266 1260
279 450 1261
1386 962 1262
962 1019 1263
1147 144 1264
371 572 1265
559 681 1266
698 1418 1267
1495 1457 1268
1112 291 1269
1387 552 1270
945 579 1271
449 506 1272
1035 1186 1273
643 1445 1274
1454 493 1275
1432 195 1276
1413 1085 1277
1119 987 1278
610 1369 1279
264 1411 1280
814 159 1281
467 373 1282
558 1226 1283
199 663 1284
449 1352 1285
857 565 1286
1474 328 1287
937 1494 1288
1498 167 1289
1412 866 1290
847 1400 1291
236 1417 1292
363 627 1293
1463 163 1294
329 650 1295
623 598 1296
945 1134 1297
49 1382 1298
225 174 1299
407 1039 1300
352 1204 1301
189 836 1302
1388 464 1303
888 664 1304
355 1380 1305
67 330 1306
1266 31 1307
459 722 1308
994 955 1309
1081 1306 1310
1383 251 1311
741 143 1312
709 84 1313
695 468 1314
110 1201 1315
1446 281 1316
89 69 1317
776 717 1318
962 1373 1319
1388 404 1320
423 449 1321
1417 988 1322
536 1297 1323
1414 1364 1324
222 112 1325
1210 23 1326
678 1409 1327
102 903 1328
1001 385 1329
734 1313 1330
1412 638 1331
1195 1001 1332
536 764 1333
1119 1021 1334
1488 539 1335
1431 1167 1336
945 1413 1337
390 1420 1338
20 689 1339
702 264 1340
971 375 1341
1143 141 1342
1086 915 1343
1048 800 1344
607 43 1345
1094 149 1346
1498 33 1347
1179 1401 1348
111 1277 1349
109 1099 1350
1356 563 1351
470 387 1352
1420 1479 1353
718 738 1354
307 742 1355
135 599 1356
1345 1241 1357
823 678 1358
530 1007 1359
4 869 1360
605 243 1361
1232 528 1362
1094 844 1363
89 416 1364
470 982 1365
472 1440 1366
447 329 1367
210 408 1368
26 1233 1369
1446 734 1370
1213 1264 1371
635 1435 1372
436 1314 1373
981 531 1374
1086 808 1375
26 1168 1376
884 887 1377
560 41 1378
384 901 1379
1408 830 1380
1283 1161 1381
515 1261 1382
262 1379 1383
704 1468 1384
899 503 1385
255 106 1386
984 260 1387
1432 1473 1388
1080 322 1389
1172 270 1390
444 17 1391
1209 1372 1392
20 575 1393
310 1419 1394
84 439 1395
1025 1498 1396
559 798 1397
148 960 1398
1477 587 1399
1036 691 1400
1420 983 1401
390 752 1402
150 1242 1403
861 748 1404
1182 225 1405
55 928 1406
598 403 1407
641 996 1408
974 1097 1409
617 712 1410
704 498 1411
391 1327 1412
847 392 1413
1176 368 1414
34 660 1415
1134 422 1416
1212 894 1417
1332 1497 1418
813 1110 1419
73 977 1420
1421 780 1421
1174 700 1422
1377 337 1423
68 127 1424
311 496 1425
1454 522 1426
1470 1014 1427
964 286 1428
42 240 1429
600 1172 1430
1123 745 1431
1155 32 1432
827 1387 1433
343 1448 1434
621 1162 1435
1172 1132 1436
114 620 1437
1385 1089 1438
672 1453 1439
595 1148 1440
1338 819 1441
449 632 1442
1181 713 1443
994 1157 1444
900 1113 1445
877 1446 1446
1055 561 1447
104 1495 1448
678 1367 1449
635 192 1450
818 739 1451
807 943 1452
1029 1035 1453
756 958 1454
1420 1436 1455
109 811 1456
1327 1225 1457
1488 289 1458
243 1010 1459
251 177 1460
198 58 1461
131 380 1462
1250 126 1463
1002 1104 1464
140 824 1465
1471 507 1466
1204 93 1467
1350 1489 1468
963 274 1469
1440 1351 1470
843 622 1471
154 654 1472
781 995 1473
502 428 1474
805 262 1475
1202 937 1476
1315 829 1477
1295 743 1478
968 1066 1479
71 78 1480
1174 1406 1481
1151 890 1482
444 121 1483
562 234 1484
957 438 1485
1226 1333 1486
1265 63 1487
1335 48 1488
559 590 1489
785 151 1490
205 669 1491
1420 473 1492
1387 675 1493
1440 389 1494
180 1391 1495
954 817 1496
1491 1017 1497
1233 277 1498
266 132 1499
84 250 1500
