3000 3000 3000
2954 1403 1
1917 1493 2
2864 2787 3
1101 727 4
894 1001 5
1120 2484 6
672 2192 7
1619 56 8
669 2723 9
2976 917 10
1748 380 11
695 41 12
1457 1936 13
2965 2414 14
1423 2887 15
1565 1021 16
738 2063 17
2508 1949 18
2556 2256 19
2524 2436 20
1257 2528 21
1662 1820 22
316 963 23
2008 1478 24
2574 996 25
364 979 26
1900 365 27
2903 191 28
255 2731 29
2634 2176 30
156 2960 31
123 1110 32
2784 681 33
942 1241 34
1565 1242 35
814 2703 36
365 1974 37
1796 346 38
2779 2316 39
792 1633 40
2857 232 41
167 2356 42
1774 2136 43
350 1222 44
2838 2029 45
1289 947 46
1125 866 47
13 428 48
1239 2986 49
542 1146 50
2902 217 51
2881 2646 52
738 1304 53
2127 700 54
1332 2031 55
1362 1330 56
1873 697 57
1427 1960 58
1484 1652 59
2580 1113 60
2094 372 61
791 2930 62
771 2369 63
559 1711 64
2266 313 65
1333 2129 66
1210 1341 67
149 843 68
127 1975 69
331 2762 70
1266 2186 71
2675 183 72
425 18 73
483 2108 74
737 1826 75
2557 1680 76
2247 671 77
1807 818 78
2376 1037 79
966 1167 80
710 2048 81
1518 1147 82
2289 2639 83
792 1479 84
1559 1518 85
2223 508 86
1964 2432 87
2774 287 88
2449 655 89
1169 1258 90
848 2289 91
319 2355 92
1581 280 93
240 1326 94
1762 1489 95
1152 1023 96
221 2491 97
2882 2622 98
178 2163 99
1847 540 100
1941 1427 101
1605 1277 102
2361 371 103
2619 1412 104
1727 2239 105
926 1704 106
2862 560 107
2076 2368 108
1942 2409 109
2769 2973 110
1407 1862 111
963 447 112
1309 2505 113
2774 100 114
792 674 115
1264 934 116
1335 1823 117
793 2086 118
1024 481 119
2220 951 120
1898 116 121
2774 2285 122
1747 636 123
2331 2786 124
1487 2891 125
1061 953 126
2881 1650 127
957 471 128
1089 1749 129
99 1754 130
240 1296 131
1470 436 132
743 274 133
1104 1564 134
584 988 135
18 687 136
2471 1933 137
2064 1108 138
1405 2685 139
1755 1828 140
2605 2339 141
2201 1748 142
2086 2985 143
2487 786 144
2534 1858 145
1978 2156 146
1794 2468 147
2550 349 148
1396 225 149
2902 2760 150
1369 1532 151
2212 2113 152
2562 355 153
1164 1337 154
836 1624 155
1334 1008 156
2064 78 157
1281 1133 158
2220 247 159
1165 1511 160
234 1928 161
2823 2654 162
567 3 163
2170 797 164
2033 1728 165
2821 1972 166
2140 393 167
2584 2049 168
156 1763 169
240 1029 170
153 31 171
2884 131 172
1936 1166 173
2822 2207 174
1847 1910 175
10 65 176
2377 945 177
19 1684 178
743 2353 179
2864 716 180
728 2248 181
2742 255 182
2714 1851 183
1914 1606 184
803 2544 185
2694 2838 186
22 1026 187
1163 1665 188
2621 2217 189
188 1007 190
2249 1819 191
2171 2519 192
1606 1572 193
433 1097 194
1202 2030 195
1385 1538 196
1570 530 197
2561 1144 198
1115 1234 199
2605 475 200
2074 228 201
2378 767 202
1039 2362 203
942 537 204
1586 2168 205
424 1090 206
745 2826 207
228 771 208
2332 645 209
2712 2081 210
2324 2640 211
2489 51 212
35 2301 213
1396 1216 214
760 531 215
2312 1788 216
2493 1092 217
6 1428 218
551 736 219
219 676 220
2777 2477 221
2407 924 222
1765 1305 223
1834 2280 224
2349 305 225
704 1869 226
46 2395 227
39 1047 228
1006 2028 229
1578 414 230
206 987 231
2534 884 232
1352 1769 233
2621 863 234
873 2027 235
1540 489 236
1964 651 237
2097 2613 238
454 1327 239
1313 153 240
2877 2342 241
2459 317 242
757 115 243
791 887 244
533 1409 245
1653 2881 246
1179 1841 247
1591 301 248
1231 569 249
2693 2018 250
558 1139 251
2468 649 252
1827 1449 253
394 2016 254
1213 902 255
1738 2051 256
382 2608 257
335 98 258
2498 2277 259
1637 99 260
1590 1053 261
1442 1206 262
1510 1840 263
308 753 264
1060 816 265
1436 2937 266
837 359 267
542 2853 268
1314 2274 269
1483 2736 270
1586 1995 271
2065 214 272
464 1261 273
2956 1834 274
499 971 275
2356 2040 276
1503 2968 277
551 939 278
1709 2604 279
2497 2400 280
1991 770 281
2466 755 282
2952 2210 283
539 960 284
1817 1536 285
900 494 286
913 1984 287
547 2287 288
2001 1618 289
698 661 290
508 1521 291
973 2378 292
1738 1559 293
1289 47 294
122 1677 295
892 1389 296
2009 2874 297
217 1093 298
2496 1721 299
2000 574 300
2794 2219 301
274 2474 302
1358 1292 303
1164 1466 304
1661 2977 305
1724 2893 306
1883 466 307
90 2854 308
2555 497 309
2764 1894 310
1324 535 311
2027 509 312
2870 150 313
1369 926 314
29 2557 315
2329 1688 316
646 1774 317
2427 1131 318
738 76 319
999 1123 320
2538 1941 321
208 675 322
2767 1312 323
2276 839 324
2967 2418 325
2507 517 326
736 886 327
2439 991 328
2335 379 329
1597 2941 330
2871 885 331
1613 2082 332
1172 2127 333
2714 870 334
644 102 335
2109 2701 336
333 2733 337
1688 426 338
1868 233 339
499 1870 340
2531 878 341
1655 1849 342
2206 212 343
2812 2594 344
1528 983 345
114 1780 346
1727 1078 347
40 932 348
475 1937 349
480 1575 350
790 1917 351
2287 1045 352
1794 1362 353
2829 1451 354
941 611 355
256 634 356
93 167 357
134 2104 358
1682 2709 359
2803 2950 360
2459 810 361
910 2964 362
561 1294 363
2528 1433 364
1946 2807 365
2178 1259 366
1135 400 367
217 383 368
1900 291 369
28 1289 370
2304 2284 371
2575 2043 372
2908 2867 373
1580 1369 374
451 84 375
2441 344 376
789 2975 377
1887 1197 378
710 1317 379
940 2288 380
2335 2623 381
2587 2410 382
2520 2230 383
179 2199 384
2348 2095 385
2852 1987 386
774 58 387
2494 527 388
2512 66 389
500 2496 390
1154 954 391
1510 1469 392
1728 585 393
331 2580 394
702 1336 395
1478 2999 396
2025 703 397
1180 1951 398
2902 2197 399
2900 1672 400
2956 2972 401
2413 2845 402
1835 1109 403
50 1764 404
28 2315 405
2237 63 406
480 1544 407
1691 2412 408
695 1890 409
993 1635 410
2364 2379 411
673 2275 412
840 2476 413
2494 128 414
901 1515 415
2731 826 416
729 2690 417
1299 1657 418
1531 827 419
1769 1813 420
2188 2737 421
969 2911 422
1023 2698 423
156 1547 424
532 2064 425
1693 2997 426
1104 2268 427
790 2502 428
2539 1638 429
2335 2899 430
760 2367 431
2586 1568 432
2774 563 433
1809 784 434
1910 2265 435
140 2220 436
839 2546 437
2234 2155 438
2919 2385 439
2690 122 440
537 2882 441
180 807 442
2283 1282 443
2088 354 444
2145 2238 445
2633 1811 446
1033 768 447
2380 2354 448
208 1884 449
2471 731 450
2565 1596 451
2675 270 452
778 487 453
1370 2471 454
2549 156 455
1915 2102 456
2884 1542 457
273 332 458
904 1966 459
1093 765 460
2151 1168 461
2074 2538 462
1180 1689 463
2337 2979 464
2371 2540 465
2610 2191 466
2805 195 467
2174 108 468
2364 2438 469
2919 511 470
1681 1590 471
382 1040 472
2623 2449 473
464 1349 474
2666 389 475
765 399 476
1730 1038 477
708 2957 478
451 788 479
2705 2050 480
2015 1012 481
1626 2782 482
1978 2575 483
2459 2564 484
1368 845 485
323 1280 486
1797 893 487
1850 2472 488
789 1000 489
2378 1214 490
1378 1863 491
2971 1777 492
2574 533 493
2544 281 494
619 1579 495
189 1343 496
1014 2417 497
1449 1211 498
1358 861 499
447 2162 500
1732 1281 501
179 2408 502
2223 2110 503
1532 2243 504
509 2411 505
1026 1425 506
1732 1562 507
2996 196 508
2779 1064 509
1787 2455 510
2778 1263 511
1092 2490 512
108 1832 513
189 1605 514
1675 2307 515
329 2904 516
933 1243 517
2392 2525 518
1448 2574 519
904 2923 520
1586 1766 521
335 194 522
2518 1028 523
270 594 524
2538 2036 525
1454 401 526
2432 2883 527
1440 2475 528
2771 670 529
376 1437 530
1181 824 531
461 1566 532
2947 2808 533
304 1730 534
1762 1062 535
2947 164 536
401 1980 537
1752 1400 538
2789 272 539
660 776 540
741 207 541
1567 2571 542
524 71 543
1601 2226 544
2708 1195 545
1606 559 546
1844 1598 547
1175 2442 548
1237 1508 549
2259 198 550
1153 2699 551
1835 2692 552
2032 2621 553
2793 2562 554
963 1570 555
2225 895 556
2439 2850 557
1637 746 558
103 2295 559
1850 2820 560
551 2813 561
2940 2812 562
1591 1569 563
2600 2232 564
1816 20 565
1487 2325 566
2218 1068 567
541 871 568
103 2100 569
976 276 570
639 2164 571
955 2641 572
2128 1831 573
2863 2415 574
409 1970 575
2497 1705 576
123 2337 577
619 2101 578
1169 1063 579
1454 828 580
2743 2772 581
1844 2778 582
2430 1815 583
374 376 584
721 1591 585
1964 859 586
494 2848 587
2008 579 588
2533 358 589
1711 1846 590
2691 2645 591
2495 177 592
2144 1835 593
1469 2815 594
2837 2554 595
1078 339 596
2434 2776 597
1072 638 598
214 641 599
1565 2088 600
2076 193 601
248 455 602
2016 916 603
2608 793 604
1565 1164 605
2702 2002 606
950 2735 607
2560 775 608
1436 1456 609
2724 2839 610
2811 1552 611
2431 260 612
7 2605 613
1810 1539 614
1638 1931 615
1902 1942 616
2493 2954 617
2074 1245 618
578 610 619
1649 2549 620
2821 2429 621
2222 2456 622
1087 149 623
1603 2644 624
2146 1612 625
669 16 626
1743 1101 627
2180 2852 628
2231 2189 629
2362 1191 630
240 1112 631
2438 1601 632
1643 2913 633
1622 1255 634
2854 1697 635
376 890 636
2043 2503 637
783 2293 638
215 713 639
737 2262 640
360 2818 641
2231 1473 642
1962 955 643
2975 2007 644
183 584 645
843 2533 646
733 2926 647
2954 2924 648
2753 454 649
920 1921 650
1373 2332 651
164 1850 652
757 2556 653
620 2998 654
1379 2702 655
2678 2943 656
1949 964 657
1334 1779 658
2302 2721 659
1057 892 660
2533 1962 661
1063 160 662
964 415 663
2950 2713 664
2339 2269 665
1302 1465 666
2342 2087 667
177 2026 668
1452 656 669
1406 1622 670
2 286 671
572 1509 672
1011 52 673
1249 2679 674
328 243 675
1324 1269 676
832 448 677
440 2969 678
2258 90 679
631 1199 680
120 308 681
1851 2039 682
1890 2281 683
1340 2992 684
2630 2565 685
334 721 686
2211 1800 687
2309 2900 688
739 2767 689
760 103 690
1450 138 691
1387 1418 692
2118 1091 693
705 1821 694
695 2632 695
2774 234 696
2204 1760 697
1110 2179 698
2815 166 699
711 408 700
2305 327 701
1281 2443 702
495 125 703
678 2144 704
1762 556 705
813 1176 706
375 2033 707
1369 2573 708
1752 2065 709
1541 264 710
682 2019 711
1889 1893 712
1959 1801 713
2038 1180 714
447 2117 715
959 468 716
2874 1719 717
728 1545 718
57 1446 719
2144 1370 720
959 2251 721
1449 17 722
844 1733 723
166 970 724
1592 1607 725
1752 2527 726
2473 202 727
2367 1529 728
1231 1371 729
933 384 730
2031 2044 731
455 570 732
455 1724 733
1675 1877 734
2617 679 735
1990 734 736
248 2953 737
461 1194 738
2174 1476 739
451 2515 740
2343 923 741
59 2279 742
1754 2873 743
1644 707 744
140 1352 745
170 221 746
2563 706 747
890 1996 748
2493 1527 749
953 2042 750
2835 1175 751
1952 2987 752
2869 1659 753
630 2663 754
2529 712 755
1309 1363 756
1455 1061 757
1403 515 758
437 990 759
1507 353 760
526 1848 761
2574 2756 762
1110 591 763
1635 888 764
2 2918 765
1951 1477 766
1810 2203 767
2237 254 768
2323 1196 769
1670 219 770
2996 2917 771
2678 82 772
2052 2389 773
317 1913 774
2663 519 775
2917 1339 776
565 50 777
1850 834 778
609 2165 779
662 200 780
1313 1204 781
493 2517 782
1179 2925 783
103 2493 784
1058 1220 785
1427 1548 786
2630 825 787
1087 2020 788
1688 1895 789
1324 925 790
2112 1435 791
1076 2126 792
2614 1350 793
2791 2653 794
355 2419 795
2293 69 796
809 2774 797
2425 2303 798
1092 1393 799
2285 1253 800
612 2543 801
825 2344 802
1501 2922 803
1637 1580 804
2625 1017 805
1415 1687 806
2606 1534 807
1164 2598 808
1048 1383 809
1462 1351 810
1444 548 811
926 2405 812
1172 2466 813
599 1288 814
778 2173 815
335 2988 816
2083 1707 817
1763 1325 818
1962 227 819
2490 643 820
382 1268 821
743 1468 822
1249 1602 823
1606 2676 824
1259 696 825
2872 2440 826
1894 565 827
1067 2382 828
614 1390 829
812 1916 830
140 2537 831
480 479 832
1833 1485 833
2871 2312 834
1930 1790 835
1401 2511 836
1816 968 837
2818 1440 838
2781 906 839
581 351 840
2162 1885 841
904 995 842
1135 1266 843
791 2170 844
959 723 845
438 2741 846
2330 2651 847
418 203 848
293 1295 849
2171 2458 850
1981 2828 851
2515 345 852
1109 2827 853
2144 2377 854
71 1639 855
512 2718 856
1313 2510 857
1562 950 858
2832 423 859
120 911 860
1845 2890 861
1263 439 862
676 431 863
2859 2386 864
167 2795 865
394 2478 866
2600 1939 867
940 1634 868
1908 815 869
231 1778 870
115 2567 871
551 1442 872
959 1173 873
209 2111 874
2065 2656 875
2784 1682 876
447 1952 877
1586 357 878
821 852 879
1419 1787 880
2849 1608 881
2020 2392 882
524 2593 883
2960 2585 884
790 2267 885
2370 758 886
2343 1965 887
1564 1372 888
2507 628 889
2843 1486 890
1210 1616 891
1366 2214 892
1692 1353 893
1697 2888 894
2625 473 895
167 1654 896
1274 2658 897
2285 959 898
1164 1391 899
1496 2833 900
948 1792 901
1401 904 902
95 91 903
2038 710 904
2485 1202 905
2952 1448 906
2065 1583 907
2947 1692 908
960 310 909
256 96 910
1606 1992 911
2954 2732 912
2561 2680 913
316 1087 914
792 2422 915
2821 1013 916
382 833 917
2035 837 918
121 2744 919
734 1920 920
2760 1865 921
1584 1219 922
2065 139 923
1440 1750 924
2961 2228 925
2422 101 926
244 2046 927
1719 2792 928
348 1860 929
1026 937 930
1231 1871 931
1727 607 932
866 1683 933
2934 2614 934
2497 1124 935
1524 165 936
1692 2719 937
147 1095 938
938 145 939
2608 2728 940
43 1183 941
614 2231 942
2704 817 943
329 405 944
843 2840 945
2225 2561 946
2408 1366 947
507 364 948
2511 216 949
851 2806 950
175 747 951
1231 2244 952
894 1628 953
901 306 954
2979 265 955
2322 1011 956
2947 161 957
1046 222 958
2116 1229 959
913 1233 960
1821 2224 961
2406 2576 962
578 2480 963
2065 2247 964
750 2000 965
1087 331 966
851 2624 967
743 2664 968
1201 1648 969
66 144 970
561 1664 971
678 1178 972
1772 667 973
2009 1847 974
2894 2118 975
1744 1102 976
189 2497 977
2034 377 978
951 1135 979
896 30 980
1330 2171 981
449 2509 982
2304 730 983
678 1464 984
2808 1902 985
1888 1758 986
1752 334 987
1757 958 988
1056 666 989
1505 484 990
1998 25 991
721 1213 992
2917 340 993
155 419 994
1354 2504 995
59 1642 996
604 1157 997
1528 2021 998
2123 469 999
2398 2753 1000
1878 2361 1001
1210 1732 1002
1719 241 1003
2852 2351 1004
454 1080 1005
376 999 1006
2386 522 1007
2197 864 1008
887 2990 1009
2431 1668 1010
379 2425 1011
2298 2945 1012
744 1359 1013
2874 1186 1014
1078 668 1015
1383 178 1016
2279 724 1017
428 2211 1018
2436 452 1019
1691 857 1020
122 1541 1021
2515 73 1022
167 37 1023
2009 1130 1024
1462 1886 1025
379 1872 1026
1508 1861 1027
2076 1803 1028
2343 853 1029
534 2522 1030
320 2070 1031
1971 2213 1032
2549 292 1033
2009 678 1034
982 1812 1035
2398 2674 1036
323 238 1037
1364 1320 1038
1851 1143 1039
1421 2763 1040
248 1520 1041
2413 2743 1042
1352 1619 1043
515 1892 1044
294 2595 1045
2601 1903 1046
1781 1303 1047
2 1082 1048
2907 1595 1049
1018 1866 1050
2947 1496 1051
769 1660 1052
1401 1887 1053
1602 444 1054
890 1454 1055
1448 596 1056
245 576 1057
2071 461 1058
1461 1999 1059
614 176 1060
382 1240 1061
1637 1356 1062
791 1208 1063
1094 1382 1064
812 1067 1065
1197 1641 1066
881 342 1067
467 894 1068
1470 1757 1069
1727 1098 1070
710 1810 1071
383 973 1072
2416 1463 1073
48 647 1074
2104 2817 1075
103 1983 1076
2818 2096 1077
1233 905 1078
1304 1177 1079
2024 2008 1080
1854 2976 1081
2067 250 1082
1824 438 1083
2538 388 1084
2755 2278 1085
1799 1081 1086
1114 1311 1087
2813 1373 1088
2036 632 1089
2104 1874 1090
773 2661 1091
413 2011 1092
1078 590 1093
1900 1775 1094
2713 442 1095
705 87 1096
1792 1588 1097
2728 2346 1098
2493 2370 1099
180 879 1100
778 229 1101
732 3000 1102
1816 2865 1103
426 640 1104
2517 1050 1105
1153 1132 1106
2889 898 1107
374 256 1108
625 1170 1109
2285 374 1110
524 2074 1111
383 2725 1112
2725 2794 1113
1440 1077 1114
1821 154 1115
2337 2609 1116
2034 460 1117
953 1735 1118
1159 1100 1119
2837 2153 1120
2157 2542 1121
2008 1516 1122
788 2085 1123
2951 639 1124
2747 2841 1125
1003 1044 1126
1007 2158 1127
2639 498 1128
520 913 1129
3 1334 1130
1154 2761 1131
2846 757 1132
475 2321 1133
1022 502 1134
760 2223 1135
1590 352 1136
1912 2591 1137
472 1546 1138
2041 1407 1139
1084 2601 1140
433 2912 1141
1562 88 1142
56 616 1143
322 1891 1144
2724 2259 1145
1092 1799 1146
556 1934 1147
2028 2659 1148
2380 694 1149
459 850 1150
316 451 1151
2132 994 1152
1567 1961 1153
1689 1501 1154
1792 1039 1155
565 1571 1156
2690 2428 1157
1613 2683 1158
2872 2182 1159
1732 1236 1160
699 1900 1161
1605 2785 1162
2179 621 1163
2336 600 1164
1753 1002 1165
2786 2254 1166
2675 1457 1167
2216 1776 1168
2104 978 1169
451 544 1170
1576 582 1171
1622 480 1172
705 2559 1173
2349 2092 1174
736 1854 1175
1423 1973 1176
592 903 1177
1535 914 1178
329 1514 1179
250 622 1180
710 1406 1181
873 820 1182
2726 1982 1183
830 2832 1184
2105 239 1185
2258 2397 1186
2917 168 1187
199 288 1188
100 773 1189
2778 2363 1190
1083 669 1191
2900 1745 1192
2144 1599 1193
1786 395 1194
2237 2662 1195
617 2855 1196
1299 2135 1197
1941 141 1198
1704 430 1199
1167 2271 1200
1897 1278 1201
2366 1907 1202
1127 2667 1203
1881 467 1204
2605 2790 1205
2670 2424 1206
1936 689 1207
191 1474 1208
2507 2771 1209
662 2876 1210
430 80 1211
1578 872 1212
1231 2878 1213
2745 2775 1214
2816 2249 1215
1900 2843 1216
1981 1953 1217
2706 2023 1218
1752 2708 1219
1705 307 1220
2702 491 1221
1180 2196 1222
2837 1122 1223
1500 1119 1224
1017 180 1225
1066 2513 1226
2028 12 1227
2588 792 1228
1966 1585 1229
1333 789 1230
1344 998 1231
1998 32 1232
1253 1694 1233
2620 1785 1234
1814 1651 1235
2439 300 1236
48 1853 1237
1524 381 1238
2494 1610 1239
551 213 1240
1249 2366 1241
524 989 1242
884 896 1243
103 2757 1244
660 2738 1245
1790 935 1246
2502 2167 1247
2301 2084 1248
1358 2773 1249
1450 2696 1250
994 528 1251
1845 2715 1252
2228 104 1253
74 940 1254
581 2607 1255
855 2172 1256
1912 1512 1257
773 1434 1258
1206 117 1259
2220 1483 1260
2534 2314 1261
730 1354 1262
818 599 1263
1941 1726 1264
1959 1106 1265
1634 659 1266
2902 1018 1267
620 2670 1268
2724 2099 1269
1466 1880 1270
1114 2402 1271
1596 36 1272
2838 1938 1273
2808 459 1274
2290 114 1275
950 1365 1276
896 2320 1277
189 699 1278
575 2734 1279
1041 458 1280
2744 277 1281
2107 43 1282
1649 513 1283
541 385 1284
1877 391 1285
2285 1378 1286
2694 1904 1287
470 1772 1288
2249 1392 1289
2884 283 1290
1750 1674 1291
2376 2789 1292
832 112 1293
149 1094 1294
2841 162 1295
94 267 1296
1354 813 1297
736 211 1298
2621 1035 1299
1341 2967 1300
1003 1414 1301
2863 2483 1302
1618 2292 1303
1914 1736 1304
1333 2675 1305
953 729 1306
480 373 1307
2266 524 1308
718 427 1309
107 688 1310
2192 1432 1311
705 2318 1312
2124 1293 1313
2988 1537 1314
1281 1582 1315
1978 2539 1316
2491 1074 1317
1973 1807 1318
2125 1444 1319
659 2141 1320
980 127 1321
2710 1394 1322
2063 1993 1323
1639 493 1324
1576 294 1325
161 603 1326
2331 2343 1327
2147 1027 1328
276 2628 1329
1684 2283 1330
2902 321 1331
317 908 1332
41 2712 1333
2038 948 1334
282 1646 1335
2014 2452 1336
1333 2978 1337
1594 877 1338
1605 762 1339
1691 2180 1340
2849 2121 1341
2884 1415 1342
749 1693 1343
2393 2650 1344
2428 1843 1345
2459 2635 1346
79 2894 1347
1526 60 1348
1658 1445 1349
2294 2897 1350
1140 1009 1351
1025 2079 1352
1256 1374 1353
1670 1171 1354
2520 2439 1355
836 927 1356
1488 1603 1357
1210 928 1358
1041 1225 1359
111 2750 1360
1675 1114 1361
2952 883 1362
2887 969 1363
34 1506 1364
827 1016 1365
809 614 1366
276 187 1367
1872 318 1368
2065 2754 1369
1787 701 1370
1115 403 1371
1304 2704 1372
1348 589 1373
1056 2531 1374
152 2054 1375
2526 2581 1376
2118 2372 1377
2720 795 1378
1094 1717 1379
791 2486 1380
103 2393 1381
74 1396 1382
381 2282 1383
849 1201 1384
316 174 1385
1444 486 1386
2895 657 1387
1407 2681 1388
316 1565 1389
1754 1237 1390
2568 1034 1391
2223 382 1392
1444 2487 1393
2043 1152 1394
2958 2934 1395
2253 148 1396
1491 1160 1397
206 1223 1398
967 2298 1399
1785 1923 1400
1192 135 1401
701 95 1402
2082 1738 1403
2270 1335 1404
460 2800 1405
2774 2636 1406
1581 464 1407
79 780 1408
1529 422 1409
1134 2421 1410
328 2109 1411
2755 140 1412
1049 1839 1413
601 2130 1414
1153 1752 1415
647 1344 1416
1691 1313 1417
2625 1030 1418
2552 2940 1419
1922 2034 1420
25 719 1421
1854 1361 1422
2785 1046 1423
197 1632 1424
1006 2317 1425
1262 1089 1426
2332 1661 1427
2833 1734 1428
206 503 1429
1542 2784 1430
375 2391 1431
576 1686 1432
860 319 1433
663 2387 1434
706 2175 1435
647 714 1436
79 1919 1437
1232 1713 1438
1736 1557 1439
938 737 1440
1941 236 1441
1375 1814 1442
2692 2083 1443
2247 199 1444
1873 931 1445
2800 173 1446
1934 1316 1447
730 1663 1448
1019 92 1449
2080 2749 1450
2813 39 1451
2062 1043 1452
608 476 1453
1822 889 1454
1180 542 1455
2925 2577 1456
526 1773 1457
588 783 1458
499 2426 1459
1911 1065 1460
397 2193 1461
732 1033 1462
2007 1614 1463
1493 303 1464
207 11 1465
270 1193 1466
250 370 1467
2918 2423 1468
376 1333 1469
2637 1134 1470
1556 2587 1471
1197 664 1472
1945 1439 1473
1627 2066 1474
1824 1015 1475
2175 34 1476
1287 812 1477
1915 2077 1478
1060 1004 1479
2616 2633 1480
2195 2465 1481
678 1830 1482
2902 2229 1483
1460 40 1484
2870 2388 1485
2393 323 1486
744 774 1487
706 49 1488
161 1054 1489
736 330 1490
1448 2884 1491
2588 1153 1492
2784 397 1493
2664 2552 1494
2282 2437 1495
163 2596 1496
1678 2341 1497
588 171 1498
2821 1889 1499
2575 744 1500
426 2331 1501
1689 1226 1502
1877 137 1503
1813 2242 1504
1480 2404 1505
553 2112 1506
1201 2844 1507
910 1908 1508
593 1737 1509
2009 1455 1510
1833 658 1511
706 2161 1512
1138 2240 1513
1752 915 1514
580 1185 1515
2481 2352 1516
293 756 1517
764 429 1518
2073 1398 1519
608 2134 1520
1418 279 1521
2825 787 1522
774 312 1523
1476 2983 1524
1403 1385 1525
933 1882 1526
186 297 1527
1363 704 1528
1799 2398 1529
1444 2880 1530
1400 2660 1531
1953 2920 1532
2560 1298 1533
1913 1088 1534
46 1375 1535
2032 1833 1536
2302 336 1537
2947 2297 1538
1683 2052 1539
1842 722 1540
1253 1460 1541
582 547 1542
447 157 1543
2044 1424 1544
1703 1805 1545
310 525 1546
1363 538 1547
2992 2394 1548
1275 921 1549
2237 1827 1550
1768 838 1551
1824 920 1552
2760 1829 1553
2781 613 1554
861 512 1555
717 2752 1556
992 2488 1557
2125 2080 1558
2377 682 1559
40 1629 1560
547 350 1561
170 1958 1562
551 2748 1563
2639 1388 1564
1787 1797 1565
1719 246 1566
729 1076 1567
1104 849 1568
1018 2336 1569
644 2105 1570
440 2673 1571
333 290 1572
2699 2861 1573
98 777 1574
1610 324 1575
837 2892 1576
814 1121 1577
341 1247 1578
2182 2705 1579
2318 946 1580
2485 957 1581
506 2305 1582
2632 2995 1583
1682 2233 1584
2673 2120 1585
440 2933 1586
2852 2245 1587
2812 2235 1588
2221 338 1589
1973 551 1590
1122 406 1591
1184 1523 1592
2736 2521 1593
745 326 1594
764 237 1595
2726 1901 1596
2539 2649 1597
1415 251 1598
1193 2803 1599
2900 2107 1600
110 1481 1601
2210 711 1602
2676 1500 1603
2298 482 1604
208 855 1605
948 2076 1606
756 2981 1607
2 55 1608
2496 417 1609
1442 1056 1610
2902 965 1611
1649 1155 1612
30 1905 1613
539 2638 1614
1509 2360 1615
2135 1957 1616
20 1969 1617
945 1438 1618
2714 2597 1619
2127 1731 1620
1237 2250 1621
764 2915 1622
963 976 1623
1394 2582 1624
749 2097 1625
625 1971 1626
103 1462 1627
848 1630 1628
2047 808 1629
2231 2434 1630
2332 2809 1631
2182 1586 1632
2684 273 1633
74 1163 1634
634 690 1635
2956 2132 1636
294 2740 1637
1393 2263 1638
2041 2939 1639
688 392 1640
2187 2814 1641
2588 457 1642
1006 418 1643
472 2535 1644
2183 1118 1645
1819 2909 1646
1829 89 1647
2534 396 1648
1517 477 1649
2558 2319 1650
2428 1174 1651
1078 1235 1652
93 2349 1653
79 1310 1654
2289 2672 1655
156 1701 1656
1092 761 1657
2769 2858 1658
873 814 1659
74 86 1660
1402 2566 1661
120 1084 1662
194 2851 1663
225 2545 1664
2758 1443 1665
1396 181 1666
520 1379 1667
310 1753 1668
1917 2215 1669
892 190 1670
2025 851 1671
2446 1260 1672
2220 2147 1673
620 210 1674
538 819 1675
873 1644 1676
890 705 1677
480 1623 1678
1884 880 1679
2809 1073 1680
2997 462 1681
2265 2184 1682
2837 1522 1683
984 316 1684
1712 2467 1685
199 1187 1686
660 1348 1687
2266 2902 1688
2101 2869 1689
2611 745 1690
809 1989 1691
1169 2485 1692
2958 1128 1693
1570 977 1694
2131 1912 1695
600 1876 1696
1715 1181 1697
989 2460 1698
895 2885 1699
1786 2919 1700
890 529 1701
1668 539 1702
1606 1138 1703
2923 1248 1704
1313 2746 1705
2297 1060 1706
1098 1377 1707
66 909 1708
2856 2647 1709
2726 224 1710
547 2868 1711
1348 2942 1712
140 1922 1713
39 296 1714
2061 1307 1715
1085 1470 1716
761 421 1717
236 1822 1718
695 2204 1719
2649 2592 1720
2803 781 1721
959 2994 1722
2258 2329 1723
2954 1759 1724
2479 875 1725
2679 1169 1726
1676 33 1727
186 2 1728
552 2846 1729
1002 1809 1730
2324 1746 1731
1087 1020 1732
584 1611 1733
447 304 1734
678 2714 1735
118 1487 1736
764 1107 1737
2496 2313 1738
2616 220 1739
2328 580 1740
1210 1162 1741
378 1589 1742
2169 2700 1743
871 266 1744
603 81 1745
2693 490 1746
1114 1232 1747
2038 268 1748
2056 1416 1749
1797 2745 1750
1973 2009 1751
1240 1679 1752
2404 821 1753
37 822 1754
2431 571 1755
2513 201 1756
2364 147 1757
2764 2906 1758
1701 1706 1759
99 2459 1760
38 823 1761
447 2961 1762
1686 1906 1763
145 2481 1764
999 750 1765
2693 2796 1766
2112 1770 1767
2074 725 1768
995 1945 1769
706 1042 1770
594 743 1771
2277 1678 1772
710 2159 1773
2118 1287 1774
703 2643 1775
36 1120 1776
378 2938 1777
619 715 1778
1606 1458 1779
1902 974 1780
234 629 1781
793 54 1782
1401 197 1783
1663 2600 1784
1153 1574 1785
2088 2218 1786
984 2266 1787
920 1768 1788
279 440 1789
2406 2188 1790
2498 2384 1791
3 1148 1792
2580 1955 1793
467 2555 1794
1267 1212 1795
888 1290 1796
1991 2140 1797
2550 2148 1798
405 1530 1799
746 2010 1800
277 2768 1801
1799 2236 1802
2950 1967 1803
287 441 1804
875 2989 1805
382 2334 1806
1606 465 1807
1114 284 1808
48 660 1809
46 1125 1810
1471 2093 1811
120 698 1812
1171 402 1813
672 897 1814
2078 1592 1815
48 1159 1816
1436 2780 1817
1061 1613 1818
2186 77 1819
2615 208 1820
2780 132 1821
315 986 1822
46 1221 1823
1203 356 1824
704 2606 1825
2043 2686 1826
249 1656 1827
2180 1742 1828
2466 1561 1829
370 2788 1830
293 2499 1831
2878 2520 1832
583 409 1833
2502 941 1834
800 691 1835
2871 1048 1836
2838 514 1837
2753 209 1838
2700 2507 1839
1884 2529 1840
1865 2157 1841
2144 1604 1842
918 2124 1843
1497 2962 1844
2485 2015 1845
2900 652 1846
1125 1781 1847
56 230 1848
2871 437 1849
447 1681 1850
1516 2506 1851
1458 534 1852
2275 2907 1853
2496 2677 1854
1166 1947 1855
1118 805 1856
376 1627 1857
2032 361 1858
1437 1149 1859
904 2326 1860
2180 2793 1861
459 2246 1862
1581 867 1863
1208 1696 1864
2351 302 1865
2020 253 1866
2917 912 1867
1478 1397 1868
118 1714 1869
2493 566 1870
1820 2770 1871
1006 1576 1872
1444 1643 1873
1371 1032 1874
89 749 1875
320 2871 1876
374 2038 1877
1317 2948 1878
378 2058 1879
825 992 1880
1289 218 1881
2386 366 1882
196 1299 1883
1020 1700 1884
334 1019 1885
1310 1543 1886
2565 453 1887
1912 1587 1888
103 2067 1889
1378 2550 1890
319 1071 1891
2773 185 1892
1676 1535 1893
1622 2469 1894
449 2603 1895
959 1978 1896
1602 2222 1897
1914 718 1898
1030 2357 1899
739 567 1900
653 1505 1901
2781 2684 1902
59 2634 1903
2726 901 1904
1158 1338 1905
139 2142 1906
2817 45 1907
2367 2821 1908
1154 2616 1909
281 763 1910
2678 1182 1911
253 1429 1912
1314 1594 1913
992 2205 1914
1613 375 1915
2762 1852 1916
2295 2936 1917
1152 577 1918
1908 2177 1919
552 1345 1920
1781 1286 1921
255 1662 1922
101 922 1923
1925 2202 1924
1878 1257 1925
7 83 1926
2086 2399 1927
451 2524 1928
821 2114 1929
892 2895 1930
2774 1560 1931
2057 2965 1932
952 2091 1933
809 984 1934
2952 1309 1935
134 526 1936
1184 2212 1937
933 259 1938
2636 2473 1939
375 2198 1940
2078 1 1941
2699 2358 1942
2397 2864 1943
1877 1626 1944
836 2710 1945
1348 2729 1946
2450 1708 1947
2169 2678 1948
1700 2338 1949
2755 2872 1950
242 72 1951
75 2688 1952
324 4 1953
1296 2668 1954
2261 1302 1955
568 2273 1956
1128 404 1957
1363 205 1958
733 2433 1959
994 1251 1960
1196 271 1961
2755 1998 1962
1814 2413 1963
1003 1940 1964
2574 2908 1965
67 543 1966
559 1256 1967
278 235 1968
2180 2802 1969
2439 2620 1970
133 1318 1971
2352 637 1972
1400 2959 1973
2038 2777 1974
1752 2512 1975
619 2764 1976
1078 57 1977
2518 2569 1978
1393 2870 1979
2432 2516 1980
1556 2090 1981
2760 1142 1982
2967 2837 1983
196 23 1984
220 94 1985
901 1006 1986
829 1948 1987
2975 844 1988
2221 2138 1989
1542 2302 1990
272 2642 1991
733 1553 1992
1497 2206 1993
541 2347 1994
514 1070 1995
973 2190 1996
1829 1578 1997
2118 2903 1998
1673 1306 1999
2625 1838 2000
1890 1215 2001
137 42 2002
285 2296 2003
2534 143 2004
1333 500 2005
426 2830 2006
437 1771 2007
407 2707 2008
973 962 2009
1401 2139 2010
790 2652 2011
2196 1756 2012
1314 2932 2013
1540 546 2014
2159 2311 2015
1000 1200 2016
2637 136 2017
1291 553 2018
2285 329 2019
2034 1842 2020
783 1075 2021
853 1550 2022
2033 555 2023
713 1274 2024
283 1072 2025
1827 2209 2026
1881 2618 2027
1164 1690 2028
216 1968 2029
401 1793 2030
1552 1413 2031
1006 215 2032
1189 2610 2033
2493 1467 2034
218 1471 2035
1152 425 2036
2806 1698 2037
2899 1845 2038
1651 740 2039
836 1165 2040
1480 410 2041
1877 944 2042
498 1802 2043
46 1710 2044
2038 1528 2045
1324 2073 2046
1867 1715 2047
1610 588 2048
577 1273 2049
2684 2982 2050
314 328 2051
1978 2563 2052
1028 601 2053
1401 2169 2054
540 85 2055
153 1671 2056
515 2119 2057
1938 416 2058
1978 2390 2059
2100 1367 2060
2542 398 2061
666 2831 2062
1386 2396 2063
1054 653 2064
1732 2201 2065
2468 2971 2066
461 109 2067
2738 683 2068
1257 1817 2069
2947 794 2070
1150 623 2071
1269 1179 2072
2588 46 2073
1253 1291 2074
1128 564 2075
1559 2451 2076
1058 445 2077
1868 2145 2078
2917 1747 2079
2473 263 2080
2078 192 2081
915 2706 2082
2076 2406 2083
913 2294 2084
2494 2572 2085
188 2055 2086
2285 48 2087
1044 249 2088
1680 2013 2089
1688 1085 2090
2230 2916 2091
1679 2970 2092
2398 2929 2093
1662 518 2094
2084 835 2095
1397 1422 2096
55 169 2097
1269 1981 2098
230 587 2099
2245 562 2100
607 1126 2101
1829 1584 2102
1719 2921 2103
199 507 2104
2816 1795 2105
81 2669 2106
2010 378 2107
2097 583 2108
2510 1740 2109
28 1675 2110
1770 1899 2111
1387 2457 2112
98 741 2113
948 62 2114
834 504 2115
2589 1482 2116
1172 1712 2117
1153 2253 2118
1281 1384 2119
1799 172 2120
1717 617 2121
2634 1141 2122
2004 8 2123
2692 677 2124
385 2059 2125
1999 407 2126
1901 2856 2127
1889 751 2128
2218 1798 2129
1623 1239 2130
901 2824 2131
1769 2005 2132
750 1192 2133
2491 1150 2134
1447 1408 2135
500 2407 2136
2121 2178 2137
21 499 2138
1978 2494 2139
325 456 2140
1606 1540 2141
2838 2310 2142
2869 618 2143
20 1321 2144
983 631 2145
1827 2963 2146
2894 778 2147
1757 1600 2148
152 257 2149
2059 1189 2150
2043 2071 2151
1799 152 2152
2223 1314 2153
329 980 2154
1398 865 2155
2252 693 2156
2481 28 2157
929 2518 2158
2588 2665 2159
225 2004 2160
215 1083 2161
2636 739 2162
1684 151 2163
1486 61 2164
1344 1761 2165
2425 1049 2166
1730 252 2167
809 2115 2168
1123 64 2169
948 930 2170
679 858 2171
2289 1111 2172
2707 2619 2173
1786 142 2174
2531 1517 2175
1087 1649 2176
2378 2578 2177
620 1924 2178
1952 1762 2179
2767 2174 2180
1717 2001 2181
1937 854 2182
170 1301 2183
2289 2946 2184
437 2381 2185
109 1417 2186
1062 842 2187
1490 2453 2188
1502 2804 2189
1905 2695 2190
2440 1502 2191
2721 552 2192
791 1796 2193
2967 1161 2194
729 1573 2195
2569 2075 2196
19 240 2197
1706 2045 2198
298 2879 2199
2367 1324 2200
2967 785 2201
1418 592 2202
559 2444 2203
2894 1209 2204
320 1262 2205
489 665 2206
1743 1647 2207
2502 1380 2208
2232 2264 2209
1364 2152 2210
1693 798 2211
2234 67 2212
1687 2330 2213
2094 2927 2214
2679 1909 2215
743 1976 2216
454 2724 2217
411 1136 2218
2694 993 2219
2851 2276 2220
287 2602 2221
1696 907 2222
1683 1593 2223
787 1308 2224
2870 2463 2225
206 2560 2226
890 1873 2227
2330 111 2228
2509 2931 2229
2493 1332 2230
2364 2125 2231
984 2340 2232
6 446 2233
1420 2146 2234
2669 2548 2235
812 335 2236
1331 2122 2237
2014 830 2238
2249 2037 2239
2259 2928 2240
195 1499 2241
2237 113 2242
967 1856 2243
2941 782 2244
2950 2069 2245
379 1824 2246
206 779 2247
719 2060 2248
90 1079 2249
48 2588 2250
1211 2195 2251
2965 501 2252
2393 2252 2253
980 1494 2254
550 1145 2255
945 121 2256
896 2842 2257
1500 2333 2258
2126 720 2259
1158 1031 2260
723 231 2261
973 2717 2262
1599 1881 2263
1902 1765 2264
114 2589 2265
36 1254 2266
1017 1453 2267
2295 485 2268
1754 1025 2269
382 2958 2270
1387 1685 2271
872 2993 2272
765 1357 2273
2588 311 2274
737 972 2275
22 2583 2276
1424 510 2277
2185 1036 2278
2632 1051 2279
2776 5 2280
2585 1497 2281
2839 523 2282
2874 942 2283
1125 1930 2284
2383 1868 2285
2623 179 2286
2678 341 2287
28 188 2288
316 1990 2289
944 1227 2290
2185 1103 2291
652 2200 2292
697 434 2293
2530 226 2294
1854 2536 2295
2784 2584 2296
1820 2783 2297
732 1347 2298
2573 1526 2299
2052 130 2300
2523 1250 2301
667 2003 2302
1021 53 2303
1019 2682 2304
1907 1360 2305
1446 1864 2306
120 2131 2307
2436 2720 2308
13 733 2309
2774 1401 2310
1990 390 2311
1356 1597 2312
1662 1918 2313
189 1963 2314
2247 2187 2315
20 1129 2316
705 769 2317
910 2309 2318
2586 275 2319
1727 1794 2320
583 223 2321
1768 2956 2322
498 2526 2323
2166 1410 2324
619 568 2325
2921 1151 2326
322 2025 2327
2230 1997 2328
1442 2951 2329
2574 1743 2330
2157 289 2331
760 1804 2332
2679 644 2333
82 2299 2334
1092 1140 2335
2507 2759 2336
1799 2290 2337
1635 1156 2338
1092 1513 2339
1324 285 2340
1835 1014 2341
1434 726 2342
316 760 2343
2979 1319 2344
1684 2863 2345
502 2889 2346
2009 938 2347
1211 956 2348
1262 1203 2349
2174 2056 2350
275 1086 2351
2588 910 2352
1330 2454 2353
2636 2914 2354
2231 1744 2355
505 1158 2356
1684 1246 2357
791 483 2358
1625 1720 2359
304 2323 2360
2278 298 2361
107 549 2362
376 79 2363
526 1609 2364
2020 2364 2365
1291 1988 2366
290 175 2367
2337 1925 2368
2903 847 2369
1309 1691 2370
2445 146 2371
1500 918 2372
2022 2324 2373
2071 320 2374
1416 2551 2375
26 1230 2376
2561 1472 2377
260 1270 2378
1755 985 2379
2328 2617 2380
1417 204 2381
2512 1875 2382
1338 2648 2383
1865 2221 2384
631 2103 2385
1398 68 2386
1873 478 2387
1757 2420 2388
992 742 2389
2453 27 2390
857 2376 2391
479 21 2392
1322 2183 2393
1162 9 2394
1390 1741 2395
2408 1524 2396
1925 2984 2397
2774 1670 2398
1983 1926 2399
631 2068 2400
2333 2306 2401
1369 1898 2402
1480 1844 2403
688 2797 2404
2173 206 2405
86 605 2406
1540 648 2407
1098 2137 2408
1867 2447 2409
1900 2835 2410
2935 1495 2411
43 2403 2412
2159 967 2413
773 1855 2414
1001 2805 2415
907 1986 2416
857 387 2417
2492 315 2418
524 520 2419
1515 772 2420
1322 432 2421
1020 738 2422
2032 2630 2423
2331 545 2424
2954 695 2425
304 608 2426
1000 2541 2427
1902 1057 2428
809 1423 2429
845 650 2430
1613 242 2431
976 2694 2432
2047 1943 2433
2384 887 2434
2332 1782 2435
1877 1645 2436
1116 752 2437
1814 2666 2438
198 2901 2439
1352 2498 2440
2011 1342 2441
501 2470 2442
682 44 2443
2843 1340 2444
1966 386 2445
1854 1883 2446
2376 1621 2447
651 2072 2448
2207 2216 2449
314 413 2450
1024 488 2451
2495 2687 2452
376 1387 2453
1151 1265 2454
1626 2482 2455
1580 7 2456
1396 541 2457
963 1888 2458
597 796 2459
2349 269 2460
1310 2053 2461
1865 2237 2462
2658 684 2463
739 1210 2464
1006 2751 2465
338 2758 2466
2496 686 2467
706 899 2468
1396 754 2469
2896 1127 2470
1109 554 2471
2533 1358 2472
749 367 2473
1394 881 2474
1569 862 2475
59 186 2476
2420 561 2477
2724 620 2478
1980 1857 2479
2827 295 2480
346 2160 2481
329 2691 2482
2032 322 2483
2526 1420 2484
1338 2123 2485
2018 2078 2486
2180 2258 2487
2317 492 2488
2874 1954 2489
2156 2611 2490
2538 93 2491
1464 2348 2492
791 107 2493
1711 1275 2494
2877 602 2495
44 2094 2496
1509 882 2497
2278 1431 2498
229 1929 2499
2846 578 2500
512 680 2501
2679 1786 2502
2102 2655 2503
2750 1355 2504
1426 595 2505
1681 1725 2506
2061 368 2507
1311 1558 2508
2779 615 2509
208 709 2510
1606 2799 2511
1716 516 2512
1436 1328 2513
130 2944 2514
1884 1729 2515
470 2445 2516
2952 1172 2517
539 1436 2518
48 1447 2519
228 496 2520
1478 1498 2521
1677 1452 2522
1797 2586 2523
1092 635 2524
460 1985 2525
2726 126 2526
2102 1205 2527
983 348 2528
1565 1249 2529
1373 2966 2530
2024 952 2531
2237 2693 2532
2765 2697 2533
886 1620 2534
89 2116 2535
2408 735 2536
1856 1284 2537
486 606 2538
1301 1695 2539
1448 2568 2540
1665 1806 2541
1359 1272 2542
1603 2462 2543
1311 2980 2544
1744 2530 2545
3 1491 2546
2872 347 2547
2518 1653 2548
2760 619 2549
2563 581 2550
1275 2012 2551
103 325 2552
1479 1897 2553
1877 1055 2554
760 424 2555
721 558 2556
1464 2322 2557
503 2532 2558
2515 1041 2559
1964 2947 2560
1087 1637 2561
1427 1099 2562
2867 1405 2563
1915 831 2564
885 2143 2565
493 1411 2566
1260 97 2567
1358 1364 2568
2174 1217 2569
566 1376 2570
1896 2742 2571
230 369 2572
1829 2829 2573
1401 1625 2574
1409 10 2575
466 1504 2576
1625 1267 2577
163 1944 2578
1353 2689 2579
1418 1069 2580
2196 856 2581
2638 708 2582
782 2671 2583
206 1010 2584
769 654 2585
1478 801 2586
1421 692 2587
1180 35 2588
1756 799 2589
2266 840 2590
1973 2181 2591
776 586 2592
248 2612 2593
2520 2747 2594
1078 1878 2595
927 2308 2596
1368 630 2597
2533 2857 2598
706 1658 2599
267 2905 2600
107 949 2601
1175 1581 2602
2508 2877 2603
913 2032 2604
176 836 2605
311 2862 2606
1386 1666 2607
1930 26 2608
2919 2836 2609
996 1709 2610
982 1950 2611
229 1783 2612
2821 2859 2613
1943 1430 2614
825 876 2615
453 868 2616
2550 1066 2617
681 2896 2618
2863 2427 2619
778 360 2620
2372 919 2621
1458 598 2622
2852 1636 2623
599 258 2624
215 1368 2625
983 29 2626
242 633 2627
688 1252 2628
1280 1426 2629
980 764 2630
2556 474 2631
993 2875 2632
232 975 2633
843 1896 2634
2171 2955 2635
499 1450 2636
2901 1224 2637
2231 123 2638
900 1911 2639
1983 1859 2640
1186 2350 2641
1484 1402 2642
745 2489 2643
1141 2047 2644
2773 612 2645
2816 2327 2646
1322 470 2647
174 1271 2648
2950 804 2649
855 75 2650
1658 2035 2651
21 2629 2652
1715 506 2653
873 933 2654
672 2657 2655
2406 2098 2656
298 333 2657
2118 1461 2658
2343 2860 2659
2717 2810 2660
2349 2272 2661
180 2006 2662
749 1915 2663
2774 2755 2664
2636 1510 2665
2943 841 2666
2336 2435 2667
938 189 2668
2900 1492 2669
2471 2766 2670
645 2365 2671
2769 1238 2672
382 848 2673
1421 860 2674
942 1556 2675
2170 420 2676
1680 2255 2677
2223 6 2678
984 662 2679
2232 2765 2680
2919 2991 2681
2759 129 2682
1078 2345 2683
17 1699 2684
705 846 2685
461 495 2686
1864 2898 2687
2003 1329 2688
2223 1231 2689
134 1244 2690
20 2716 2691
487 278 2692
2978 521 2693
304 2781 2694
1689 2501 2695
2267 1279 2696
121 1395 2697
1634 15 2698
316 1727 2699
1309 2711 2700
1304 550 2701
984 2727 2702
1442 1331 2703
2846 1991 2704
90 597 2705
2140 891 2706
1806 2801 2707
2323 1297 2708
2693 2834 2709
2558 2260 2710
2135 309 2711
2147 1315 2712
1710 2935 2713
999 1673 2714
156 2615 2715
2536 1676 2716
1248 472 2717
2565 829 2718
952 943 2719
1794 790 2720
2024 2149 2721
2958 625 2722
2450 2534 2723
2692 2825 2724
2536 1285 2725
2715 2208 2726
2160 2547 2727
2758 2631 2728
2774 2849 2729
2175 2291 2730
874 2057 2731
1584 343 2732
2310 1825 2733
614 59 2734
194 2791 2735
100 1117 2736
797 2464 2737
1908 673 2738
1768 2514 2739
2320 2401 2740
2700 1723 2741
1515 663 2742
976 1058 2743
662 2441 2744
1958 575 2745
2947 2523 2746
2543 2590 2747
1085 1228 2748
486 1218 2749
614 293 2750
917 363 2751
172 182 2752
506 2133 2753
1691 2185 2754
2704 2627 2755
2537 1115 2756
723 1994 2757
1938 800 2758
22 1577 2759
890 997 2760
156 1488 2761
102 299 2762
100 13 2763
608 557 2764
1709 394 2765
114 1640 2766
493 1096 2767
791 1322 2768
699 2270 2769
1001 110 2770
1138 435 2771
2955 337 2772
1268 1346 2773
1001 1207 2774
2434 170 2775
1460 1525 2776
2077 1789 2777
2756 572 2778
2636 2151 2779
1349 2227 2780
1037 1716 2781
2537 1751 2782
2611 2373 2783
2346 1005 2784
2675 74 2785
59 1879 2786
1053 2106 2787
1180 1867 2788
19 1475 2789
809 2637 2790
514 900 2791
1299 2599 2792
2266 2500 2793
1637 1959 2794
2301 803 2795
2727 1977 2796
1436 1190 2797
2846 732 2798
310 2579 2799
153 604 2800
2179 1421 2801
515 536 2802
1584 1184 2803
2932 1702 2804
1754 158 2805
1220 105 2806
591 702 2807
1085 1722 2808
2108 124 2809
2599 2375 2810
783 2819 2811
213 19 2812
2278 1956 2813
1419 1300 2814
158 766 2815
289 2461 2816
100 1808 2817
809 2726 2818
189 449 2819
2714 1914 2820
2463 463 2821
1858 936 2822
824 2261 2823
2117 282 2824
2623 627 2825
1804 2779 2826
90 1549 2827
1637 1484 2828
2904 1669 2829
2996 1059 2830
1638 1631 2831
1699 1836 2832
387 981 2833
1492 245 2834
11 1399 2835
2961 2300 2836
1779 1198 2837
2905 2739 2838
18 1927 2839
2698 1283 2840
2870 2089 2841
1600 2241 2842
594 1386 2843
2576 1188 2844
2156 2335 2845
189 1816 2846
1792 2866 2847
2821 2062 2848
270 1480 2849
1094 155 2850
2784 1519 2851
133 2910 2852
730 1615 2853
353 1837 2854
1087 1490 2855
1941 362 2856
28 2234 2857
2285 1567 2858
360 2328 2859
1314 2225 2860
79 2371 2861
1279 1755 2862
1637 2769 2863
1326 1979 2864
2063 450 2865
283 2431 2866
2544 38 2867
2020 1946 2868
2105 2798 2869
11 1419 2870
663 2722 2871
393 1554 2872
1108 2626 2873
103 2822 2874
1883 2730 2875
2744 1767 2876
79 2416 2877
1475 806 2878
1757 1791 2879
1455 2996 2880
36 802 2881
2533 626 2882
20 717 2883
304 873 2884
1727 728 2885
2947 120 2886
1333 1154 2887
2417 982 2888
2858 184 2889
596 1617 2890
2170 412 2891
309 1784 2892
1289 1533 2893
1363 2508 2894
2753 106 2895
2901 1264 2896
2249 1441 2897
365 411 2898
1063 2553 2899
2727 2166 2900
19 1052 2901
1067 2017 2902
2128 1935 2903
1118 2949 2904
2699 1703 2905
2121 1739 2906
1589 1718 2907
2373 1104 2908
2864 1503 2909
2111 748 2910
1484 1531 2911
218 1818 2912
1999 1381 2913
840 2625 2914
127 2479 2915
2125 2430 2916
2151 118 2917
945 1024 2918
2253 163 2919
2322 573 2920
158 2974 2921
1931 2811 2922
2254 961 2923
2298 505 2924
756 2150 2925
1706 2359 2926
140 2024 2927
539 1116 2928
2310 624 2929
423 1137 2930
1728 2570 2931
1059 2194 2932
174 685 2933
1556 2286 2934
2373 2450 2935
1973 1964 2936
2630 261 2937
1890 1655 2938
335 2446 2939
2508 443 2940
1049 119 2941
284 1563 2942
2636 966 2943
1225 832 2944
349 593 2945
89 874 2946
1973 646 2947
351 2492 2948
2494 14 2949
1703 642 2950
1949 2847 2951
123 2495 2952
1883 2380 2953
1364 1003 2954
824 159 2955
2945 244 2956
1268 1555 2957
552 2128 2958
2315 1323 2959
2441 314 2960
963 2022 2961
234 133 2962
1466 1105 2963
1637 134 2964
2482 433 2965
809 2952 2966
742 1022 2967
715 2014 2968
421 609 2969
2773 1507 2970
71 2383 2971
1701 2816 2972
809 248 2973
1673 2041 2974
2207 1551 2975
1226 2448 2976
113 869 2977
1098 791 2978
142 22 2979
1834 759 2980
1251 811 2981
470 2304 2982
137 2154 2983
682 2886 2984
213 2061 2985
998 1276 2986
304 2823 2987
2877 2374 2988
544 70 2989
174 532 2990
765 262 2991
90 929 2992
1835 2558 2993
551 2257 2994
212 1404 2995
2630 672 2996
426 1932 2997
1072 1459 2998
2062 1667 2999
2335 24 3000
