200 2100 2100
125 38 1
27 198 2
150 154 3
99 187 4
187 166 5
38 54 6
137 11 7
164 34 8
160 152 9
185 183 10
93 148 11
159 2 12
33 77 13
164 83 14
58 82 15
50 15 16
6 135 17
131 154 18
134 66 19
190 74 20
74 75 21
185 196 22
149 43 23
189 185 24
124 72 25
19 58 26
72 153 27
127 187 28
135 20 29
135 99 30
91 161 31
124 130 32
48 54 33
34 159 34
149 22 35
130 62 36
26 83 37
102 112 38
48 68 39
198 21 40
83 156 41
171 139 42
52 81 43
76 29 44
165 139 45
139 197 46
45 27 47
179 103 48
132 103 49
27 81 50
82 64 51
102 165 52
26 137 53
155 174 54
64 105 55
64 3 56
187 93 57
9 36 58
42 103 59
88 1 60
24 146 61
154 49 62
30 9 63
133 4 64
108 144 65
127 149 66
167 68 67
95 31 68
4 189 69
113 159 70
2 28 71
187 171 72
165 76 73
29 25 74
87 157 75
188 19 76
121 105 77
180 85 78
48 55 79
17 99 80
177 6 81
60 29 82
197 124 83
56 112 84
43 93 85
4 131 86
81 107 87
177 5 88
77 177 89
33 152 90
55 167 91
58 33 92
19 167 93
18 85 94
93 173 95
7 45 96
164 137 97
122 62 98
89 40 99
166 66 100
73 166 101
94 26 102
192 190 103
100 112 104
188 32 105
22 168 106
200 129 107
30 38 108
127 4 109
154 100 110
102 16 111
91 36 112
146 126 113
29 18 114
79 56 115
108 148 116
125 96 117
25 108 118
116 14 119
143 81 120
183 182 121
155 163 122
37 156 123
61 72 124
77 31 125
40 20 126
20 137 127
105 127 128
9 23 129
42 151 130
188 183 131
176 11 132
5 123 133
178 106 134
118 113 135
56 47 136
142 53 137
143 40 138
106 91 139
78 114 140
7 102 141
163 88 142
17 140 143
97 187 144
29 107 145
36 41 146
159 99 147
183 154 148
129 130 149
87 95 150
106 5 151
113 182 152
114 36 153
77 179 154
116 135 155
45 24 156
162 155 157
82 21 158
30 150 159
101 47 160
15 156 161
183 144 162
9 188 163
166 148 164
114 145 165
8 11 166
70 53 167
15 63 168
27 101 169
43 25 170
80 56 171
113 91 172
4 52 173
91 48 174
184 151 175
190 14 176
27 95 177
186 58 178
155 139 179
72 81 180
160 21 181
188 40 182
151 132 183
1 126 184
129 190 185
157 18 186
140 12 187
57 102 188
60 40 189
143 93 190
158 36 191
13 80 192
107 113 193
136 109 194
119 192 195
173 126 196
176 183 197
116 142 198
175 85 199
126 91 200
99 26 201
46 112 202
198 149 203
154 27 204
161 130 205
76 8 206
170 98 207
3 27 208
132 54 209
56 24 210
140 81 211
50 10 212
70 39 213
12 66 214
59 53 215
141 12 216
129 177 217
149 12 218
10 182 219
128 82 220
196 200 221
91 3 222
21 11 223
15 74 224
133 30 225
200 136 226
149 138 227
106 31 228
143 188 229
147 36 230
78 141 231
64 119 232
157 153 233
133 123 234
23 70 235
178 86 236
156 42 237
194 178 238
101 39 239
89 100 240
93 10 241
65 44 242
153 134 243
187 87 244
182 15 245
130 97 246
27 102 247
189 121 248
116 65 249
78 101 250
173 44 251
45 112 252
33 132 253
73 33 254
172 85 255
96 91 256
161 148 257
170 118 258
6 139 259
14 158 260
125 130 261
137 32 262
39 186 263
133 61 264
169 142 265
155 187 266
138 129 267
48 101 268
161 160 269
10 131 270
30 65 271
194 26 272
110 59 273
98 166 274
125 104 275
26 25 276
199 5 277
88 184 278
125 134 279
24 200 280
165 187 281
48 193 282
25 89 283
33 5 284
83 59 285
190 141 286
137 108 287
100 105 288
83 188 289
8 77 290
185 43 291
78 22 292
3 9 293
45 20 294
45 107 295
156 148 296
198 84 297
53 157 298
180 186 299
131 177 300
28 127 301
51 58 302
37 61 303
91 71 304
96 22 305
11 165 306
50 108 307
15 188 308
5 172 309
60 137 310
59 121 311
77 169 312
23 100 313
144 92 314
27 187 315
163 179 316
69 182 317
92 181 318
61 40 319
145 188 320
129 7 321
121 137 322
76 56 323
105 6 324
183 173 325
66 52 326
95 50 327
149 96 328
6 83 329
194 136 330
167 16 331
178 111 332
125 140 333
115 70 334
180 167 335
3 56 336
117 87 337
58 37 338
35 140 339
78 124 340
170 33 341
162 84 342
35 41 343
153 133 344
4 62 345
61 105 346
23 59 347
91 17 348
129 40 349
158 82 350
168 13 351
30 200 352
117 126 353
144 136 354
136 23 355
18 65 356
72 156 357
107 200 358
58 109 359
130 112 360
157 51 361
121 91 362
140 13 363
2 154 364
183 47 365
160 159 366
124 125 367
154 164 368
195 155 369
73 179 370
19 153 371
88 144 372
143 35 373
90 55 374
100 144 375
14 69 376
177 178 377
161 134 378
8 152 379
197 99 380
99 38 381
159 40 382
97 119 383
54 167 384
93 32 385
188 182 386
114 155 387
19 143 388
100 106 389
114 29 390
197 83 391
30 116 392
24 130 393
53 104 394
182 157 395
76 124 396
89 26 397
147 140 398
74 7 399
199 31 400
184 178 401
27 103 402
138 111 403
51 163 404
155 45 405
82 120 406
62 178 407
103 26 408
137 17 409
184 124 410
193 190 411
79 129 412
71 197 413
142 176 414
1 68 415
164 127 416
81 167 417
62 197 418
62 91 419
78 35 420
120 44 421
60 128 422
29 177 423
21 83 424
152 38 425
30 191 426
47 140 427
73 173 428
88 189 429
125 191 430
65 170 431
171 157 432
123 149 433
117 111 434
192 177 435
179 48 436
117 153 437
144 38 438
49 159 439
185 22 440
55 140 441
43 111 442
177 84 443
64 148 444
194 35 445
86 7 446
83 165 447
127 87 448
175 117 449
63 153 450
125 12 451
189 178 452
63 197 453
124 15 454
117 115 455
161 29 456
150 1 457
39 68 458
16 78 459
138 171 460
1 186 461
122 185 462
200 141 463
158 4 464
141 150 465
93 152 466
186 165 467
126 177 468
145 11 469
46 144 470
105 8 471
176 139 472
35 165 473
174 129 474
179 130 475
30 28 476
118 159 477
121 34 478
5 73 479
19 43 480
4 19 481
62 43 482
105 19 483
167 59 484
190 55 485
123 6 486
100 81 487
127 67 488
181 42 489
41 79 490
167 150 491
182 150 492
67 38 493
191 141 494
12 101 495
105 30 496
127 75 497
197 182 498
91 127 499
187 110 500
9 130 501
198 76 502
164 56 503
33 153 504
50 22 505
148 58 506
29 27 507
123 80 508
26 43 509
164 98 510
86 87 511
58 136 512
48 49 513
36 152 514
73 123 515
197 10 516
74 181 517
42 39 518
115 13 519
148 152 520
44 56 521
156 194 522
82 4 523
111 93 524
137 106 525
24 132 526
150 116 527
4 107 528
171 39 529
193 70 530
14 187 531
88 9 532
139 158 533
142 54 534
133 183 535
51 56 536
86 92 537
102 93 538
161 193 539
125 7 540
69 120 541
196 164 542
173 137 543
44 187 544
190 185 545
98 114 546
139 167 547
51 149 548
102 104 549
13 58 550
75 25 551
199 125 552
75 178 553
70 19 554
156 73 555
66 178 556
172 93 557
133 168 558
41 169 559
158 130 560
178 57 561
22 173 562
112 170 563
169 82 564
150 114 565
142 47 566
90 45 567
106 190 568
136 135 569
105 34 570
51 180 571
178 196 572
191 200 573
118 54 574
172 177 575
175 8 576
99 6 577
92 173 578
24 171 579
192 9 580
139 178 581
165 29 582
54 120 583
72 130 584
62 107 585
122 64 586
39 172 587
6 22 588
61 71 589
42 136 590
40 34 591
110 130 592
54 30 593
58 133 594
97 162 595
183 93 596
146 184 597
187 156 598
75 34 599
163 98 600
95 18 601
147 165 602
163 143 603
91 59 604
139 26 605
151 121 606
113 87 607
175 46 608
62 18 609
123 66 610
138 29 611
154 144 612
128 167 613
180 49 614
35 70 615
29 175 616
190 29 617
59 196 618
151 150 619
117 55 620
80 35 621
170 136 622
148 73 623
142 94 624
110 146 625
83 109 626
12 43 627
196 171 628
152 74 629
170 129 630
200 106 631
91 27 632
108 119 633
11 81 634
122 128 635
189 36 636
66 161 637
125 144 638
108 166 639
90 173 640
175 2 641
53 172 642
128 8 643
48 139 644
139 159 645
66 90 646
169 130 647
93 22 648
30 170 649
141 27 650
173 60 651
9 48 652
2 180 653
132 84 654
181 144 655
67 110 656
180 131 657
153 197 658
148 24 659
80 164 660
103 69 661
191 64 662
88 16 663
167 116 664
119 56 665
58 6 666
160 37 667
51 197 668
138 92 669
168 159 670
90 11 671
60 101 672
34 86 673
58 137 674
29 198 675
16 13 676
171 85 677
138 66 678
165 124 679
150 191 680
116 161 681
29 83 682
117 155 683
168 79 684
170 171 685
54 134 686
43 42 687
177 138 688
8 154 689
124 169 690
191 96 691
81 125 692
90 110 693
94 156 694
129 63 695
145 141 696
133 187 697
106 140 698
94 32 699
151 31 700
10 33 701
106 180 702
33 135 703
172 96 704
139 181 705
51 156 706
199 2 707
32 81 708
113 171 709
29 47 710
22 61 711
130 52 712
153 189 713
91 170 714
171 152 715
108 159 716
197 45 717
174 49 718
163 25 719
23 156 720
142 154 721
38 64 722
52 165 723
84 56 724
20 25 725
99 114 726
147 44 727
19 71 728
196 81 729
70 83 730
16 69 731
125 143 732
103 161 733
112 115 734
23 86 735
52 125 736
68 2 737
97 22 738
33 155 739
48 7 740
8 58 741
12 134 742
31 85 743
116 79 744
174 158 745
149 195 746
191 184 747
168 117 748
43 35 749
30 72 750
33 92 751
155 129 752
87 135 753
185 2 754
191 129 755
57 139 756
98 33 757
24 30 758
114 168 759
126 92 760
23 144 761
155 127 762
140 167 763
79 165 764
122 105 765
197 168 766
36 39 767
57 138 768
8 173 769
163 28 770
46 105 771
101 147 772
7 41 773
104 62 774
9 123 775
164 67 776
191 88 777
150 109 778
180 190 779
45 116 780
104 134 781
132 3 782
67 12 783
61 187 784
134 95 785
200 153 786
168 122 787
60 192 788
60 10 789
134 198 790
72 155 791
184 187 792
97 14 793
94 159 794
5 162 795
64 15 796
94 135 797
126 185 798
54 23 799
139 124 800
6 27 801
189 162 802
156 66 803
114 63 804
12 169 805
88 54 806
137 16 807
155 49 808
91 60 809
149 54 810
19 26 811
3 113 812
80 183 813
175 59 814
59 129 815
75 122 816
120 61 817
168 149 818
163 145 819
145 195 820
27 35 821
180 122 822
99 193 823
76 13 824
48 17 825
78 94 826
150 6 827
80 192 828
7 176 829
24 60 830
135 170 831
155 170 832
14 55 833
159 18 834
3 4 835
120 118 836
168 27 837
149 106 838
119 17 839
31 52 840
68 24 841
114 58 842
44 151 843
54 46 844
46 157 845
44 92 846
161 147 847
22 86 848
1 72 849
21 129 850
63 187 851
180 128 852
64 41 853
52 19 854
31 92 855
61 143 856
32 145 857
167 191 858
98 81 859
113 160 860
177 141 861
27 62 862
50 191 863
173 156 864
5 97 865
44 39 866
108 160 867
48 44 868
90 119 869
96 2 870
62 87 871
31 178 872
82 159 873
82 117 874
194 186 875
107 169 876
64 99 877
188 62 878
107 11 879
22 68 880
150 156 881
197 5 882
141 23 883
125 95 884
46 85 885
106 147 886
135 34 887
68 177 888
183 146 889
146 185 890
58 28 891
196 111 892
6 69 893
175 145 894
108 99 895
86 149 896
56 40 897
171 60 898
155 109 899
126 43 900
84 173 901
165 58 902
188 190 903
89 62 904
35 86 905
186 98 906
133 64 907
170 139 908
69 72 909
53 51 910
106 125 911
143 57 912
3 153 913
92 90 914
18 40 915
98 154 916
158 30 917
9 83 918
71 12 919
69 157 920
64 8 921
12 143 922
43 162 923
114 32 924
40 3 925
19 154 926
187 157 927
6 128 928
168 78 929
143 67 930
199 81 931
164 50 932
65 136 933
31 48 934
19 46 935
106 53 936
187 139 937
182 127 938
4 142 939
171 102 940
2 152 941
30 174 942
16 168 943
185 138 944
109 87 945
181 72 946
8 79 947
118 87 948
131 41 949
137 128 950
132 194 951
149 84 952
94 105 953
93 103 954
34 199 955
131 91 956
27 2 957
94 150 958
157 74 959
154 198 960
104 88 961
30 89 962
27 64 963
141 68 964
1 143 965
6 159 966
80 14 967
44 113 968
154 72 969
26 189 970
35 133 971
160 67 972
112 147 973
64 16 974
102 199 975
107 27 976
104 188 977
144 197 978
58 97 979
15 52 980
190 160 981
131 27 982
85 140 983
146 16 984
185 4 985
23 29 986
199 195 987
147 6 988
172 100 989
70 162 990
137 158 991
159 51 992
168 113 993
174 115 994
168 21 995
191 103 996
84 17 997
136 3 998
99 191 999
118 197 1000
127 79 1001
87 172 1002
111 50 1003
34 176 1004
65 165 1005
191 26 1006
95 20 1007
101 98 1008
21 177 1009
93 17 1010
130 3 1011
97 152 1012
168 200 1013
55 74 1014
62 129 1015
61 195 1016
188 125 1017
3 7 1018
86 190 1019
21 102 1020
155 181 1021
55 172 1022
138 141 1023
175 168 1024
15 169 1025
136 197 1026
195 101 1027
57 111 1028
109 54 1029
101 169 1030
134 85 1031
85 109 1032
168 189 1033
133 39 1034
7 22 1035
107 109 1036
154 36 1037
179 180 1038
85 141 1039
50 29 1040
36 84 1041
20 200 1042
192 145 1043
185 59 1044
71 100 1045
3 182 1046
107 84 1047
22 120 1048
58 98 1049
86 131 1050
88 41 1051
169 177 1052
160 174 1053
59 157 1054
67 195 1055
24 139 1056
178 101 1057
40 4 1058
157 146 1059
66 115 1060
78 167 1061
109 75 1062
163 63 1063
124 38 1064
164 75 1065
2 77 1066
124 51 1067
188 57 1068
75 166 1069
110 128 1070
29 143 1071
6 118 1072
177 185 1073
170 111 1074
46 73 1075
176 51 1076
110 55 1077
105 20 1078
32 63 1079
26 143 1080
34 157 1081
57 32 1082
176 180 1083
141 42 1084
24 87 1085
95 182 1086
58 167 1087
83 77 1088
150 138 1089
134 49 1090
174 2 1091
4 17 1092
155 134 1093
140 193 1094
63 83 1095
186 93 1096
102 12 1097
75 136 1098
190 169 1099
174 44 1100
176 164 1101
9 168 1102
98 105 1103
96 100 1104
171 168 1105
194 40 1106
102 34 1107
105 114 1108
162 36 1109
187 138 1110
31 155 1111
178 11 1112
143 131 1113
117 90 1114
119 166 1115
91 155 1116
25 7 1117
25 147 1118
82 34 1119
128 11 1120
11 61 1121
15 168 1122
30 81 1123
171 1 1124
154 52 1125
61 145 1126
55 68 1127
180 37 1128
91 85 1129
163 173 1130
83 141 1131
37 161 1132
31 168 1133
168 57 1134
30 36 1135
42 32 1136
47 13 1137
6 2 1138
91 177 1139
157 138 1140
93 196 1141
158 115 1142
111 19 1143
168 30 1144
161 162 1145
30 164 1146
64 29 1147
56 2 1148
124 195 1149
39 71 1150
79 109 1151
155 44 1152
28 106 1153
77 67 1154
15 114 1155
19 39 1156
87 42 1157
87 43 1158
111 21 1159
159 54 1160
144 182 1161
65 191 1162
68 95 1163
63 124 1164
191 115 1165
117 21 1166
167 196 1167
37 10 1168
87 116 1169
108 72 1170
70 67 1171
174 132 1172
54 93 1173
25 133 1174
171 129 1175
46 50 1176
197 131 1177
200 182 1178
121 81 1179
132 88 1180
19 101 1181
138 126 1182
158 89 1183
89 11 1184
109 124 1185
26 142 1186
90 197 1187
172 159 1188
194 123 1189
127 195 1190
48 14 1191
80 32 1192
113 157 1193
12 35 1194
45 161 1195
102 81 1196
100 197 1197
50 52 1198
2 116 1199
53 100 1200
55 156 1201
105 140 1202
70 8 1203
198 121 1204
59 111 1205
115 172 1206
30 32 1207
153 58 1208
95 40 1209
92 51 1210
43 159 1211
102 166 1212
170 99 1213
71 59 1214
120 143 1215
64 124 1216
149 62 1217
184 87 1218
115 146 1219
16 171 1220
195 167 1221
172 62 1222
152 113 1223
50 165 1224
91 169 1225
50 26 1226
178 100 1227
20 126 1228
90 84 1229
172 118 1230
62 72 1231
93 75 1232
74 59 1233
10 171 1234
161 176 1235
61 121 1236
79 130 1237
122 156 1238
75 189 1239
94 193 1240
136 15 1241
117 162 1242
60 151 1243
151 109 1244
50 68 1245
127 59 1246
30 103 1247
162 113 1248
58 191 1249
32 83 1250
31 147 1251
7 188 1252
105 76 1253
73 192 1254
155 178 1255
170 164 1256
129 28 1257
187 31 1258
121 98 1259
72 3 1260
29 17 1261
9 63 1262
79 138 1263
170 37 1264
59 61 1265
108 93 1266
104 113 1267
147 62 1268
194 119 1269
95 94 1270
152 16 1271
196 91 1272
107 147 1273
117 31 1274
43 101 1275
56 200 1276
170 178 1277
74 163 1278
73 98 1279
91 89 1280
109 95 1281
143 65 1282
55 31 1283
121 175 1284
103 105 1285
12 20 1286
5 108 1287
188 89 1288
140 163 1289
176 184 1290
187 82 1291
141 198 1292
41 38 1293
182 76 1294
37 91 1295
28 121 1296
85 132 1297
84 146 1298
73 109 1299
127 184 1300
96 197 1301
137 105 1302
34 91 1303
34 43 1304
75 96 1305
87 57 1306
14 139 1307
100 152 1308
23 195 1309
58 145 1310
157 64 1311
38 138 1312
53 183 1313
4 78 1314
199 61 1315
145 35 1316
170 103 1317
124 107 1318
13 193 1319
131 22 1320
145 3 1321
71 108 1322
141 118 1323
165 90 1324
41 16 1325
184 20 1326
76 188 1327
74 36 1328
41 158 1329
38 29 1330
196 27 1331
51 49 1332
23 183 1333
144 75 1334
193 25 1335
174 157 1336
17 25 1337
141 194 1338
77 192 1339
3 98 1340
15 174 1341
98 172 1342
7 138 1343
16 128 1344
71 169 1345
50 59 1346
193 130 1347
63 104 1348
126 95 1349
64 1 1350
64 171 1351
194 110 1352
115 62 1353
77 188 1354
80 191 1355
43 184 1356
65 155 1357
198 138 1358
136 138 1359
177 143 1360
187 142 1361
79 13 1362
99 161 1363
22 58 1364
27 68 1365
17 67 1366
95 140 1367
181 84 1368
106 197 1369
63 25 1370
44 176 1371
138 144 1372
27 84 1373
88 13 1374
41 72 1375
85 156 1376
89 120 1377
18 119 1378
70 168 1379
97 41 1380
155 200 1381
113 70 1382
83 92 1383
62 131 1384
49 73 1385
89 81 1386
162 96 1387
13 139 1388
124 5 1389
82 146 1390
186 176 1391
71 81 1392
65 43 1393
29 4 1394
190 68 1395
14 192 1396
167 197 1397
17 47 1398
27 33 1399
12 97 1400
122 158 1401
171 153 1402
54 76 1403
121 25 1404
180 89 1405
39 28 1406
23 137 1407
164 18 1408
176 147 1409
98 95 1410
57 48 1411
162 129 1412
146 121 1413
133 156 1414
139 12 1415
12 70 1416
151 84 1417
199 172 1418
130 147 1419
105 14 1420
104 34 1421
14 21 1422
136 150 1423
153 22 1424
71 184 1425
91 100 1426
5 52 1427
133 127 1428
31 158 1429
129 180 1430
39 1 1431
153 148 1432
197 66 1433
82 108 1434
58 70 1435
32 74 1436
126 22 1437
197 16 1438
99 126 1439
133 197 1440
165 78 1441
108 142 1442
190 187 1443
97 19 1444
80 103 1445
170 47 1446
57 15 1447
147 55 1448
178 76 1449
121 164 1450
96 199 1451
185 26 1452
11 95 1453
13 187 1454
185 97 1455
128 52 1456
184 40 1457
185 49 1458
180 84 1459
4 186 1460
159 39 1461
10 148 1462
144 193 1463
44 180 1464
83 51 1465
56 141 1466
83 191 1467
106 126 1468
158 74 1469
15 197 1470
15 153 1471
93 97 1472
139 152 1473
18 8 1474
111 129 1475
147 91 1476
131 23 1477
76 20 1478
49 55 1479
147 84 1480
109 129 1481
41 43 1482
35 142 1483
166 200 1484
63 84 1485
97 26 1486
18 14 1487
96 11 1488
29 28 1489
96 141 1490
44 164 1491
17 154 1492
181 18 1493
77 164 1494
44 127 1495
112 84 1496
103 167 1497
176 96 1498
23 192 1499
84 73 1500
137 161 1501
194 57 1502
127 120 1503
153 158 1504
85 160 1505
111 103 1506
33 39 1507
141 126 1508
178 116 1509
57 18 1510
74 82 1511
107 16 1512
178 92 1513
157 103 1514
170 137 1515
152 177 1516
125 183 1517
80 181 1518
124 70 1519
73 48 1520
82 115 1521
45 191 1522
135 4 1523
84 45 1524
159 127 1525
34 92 1526
45 3 1527
2 171 1528
119 156 1529
73 51 1530
77 58 1531
26 186 1532
151 99 1533
126 189 1534
168 135 1535
124 104 1536
28 166 1537
150 13 1538
16 76 1539
47 184 1540
178 103 1541
189 8 1542
13 10 1543
129 72 1544
174 31 1545
48 53 1546
123 88 1547
100 171 1548
150 121 1549
91 148 1550
117 3 1551
13 128 1552
34 64 1553
107 24 1554
119 10 1555
121 126 1556
93 126 1557
162 77 1558
195 98 1559
109 41 1560
38 28 1561
183 131 1562
176 15 1563
119 61 1564
96 103 1565
134 144 1566
34 103 1567
183 22 1568
160 38 1569
83 36 1570
60 123 1571
176 118 1572
184 51 1573
146 175 1574
180 151 1575
189 198 1576
32 22 1577
161 118 1578
110 70 1579
84 165 1580
116 36 1581
176 189 1582
71 90 1583
98 35 1584
190 61 1585
147 191 1586
150 98 1587
101 123 1588
167 154 1589
99 87 1590
70 140 1591
124 91 1592
126 132 1593
24 162 1594
183 175 1595
120 193 1596
43 69 1597
200 86 1598
153 43 1599
54 3 1600
101 109 1601
30 128 1602
163 176 1603
109 17 1604
168 32 1605
108 183 1606
169 32 1607
148 8 1608
39 51 1609
38 163 1610
160 103 1611
18 115 1612
30 160 1613
113 177 1614
94 60 1615
194 6 1616
124 185 1617
117 48 1618
7 190 1619
56 102 1620
48 102 1621
57 29 1622
86 119 1623
51 155 1624
54 123 1625
140 3 1626
94 38 1627
67 29 1628
93 34 1629
32 118 1630
122 56 1631
175 181 1632
28 199 1633
91 151 1634
56 111 1635
26 5 1636
190 75 1637
195 46 1638
178 112 1639
42 122 1640
27 190 1641
127 194 1642
195 5 1643
21 64 1644
51 143 1645
104 38 1646
12 172 1647
65 131 1648
84 1 1649
99 116 1650
86 196 1651
199 191 1652
138 54 1653
22 43 1654
180 157 1655
136 105 1656
1 179 1657
76 12 1658
120 81 1659
98 103 1660
47 31 1661
6 51 1662
190 175 1663
200 185 1664
173 28 1665
151 32 1666
115 77 1667
82 131 1668
98 115 1669
125 115 1670
164 37 1671
109 161 1672
129 188 1673
71 98 1674
66 112 1675
40 135 1676
135 151 1677
122 21 1678
110 96 1679
116 57 1680
13 180 1681
74 130 1682
54 180 1683
167 130 1684
161 89 1685
56 93 1686
31 161 1687
50 155 1688
52 150 1689
52 33 1690
172 19 1691
164 107 1692
132 191 1693
58 199 1694
54 31 1695
101 155 1696
171 73 1697
40 90 1698
129 89 1699
17 170 1700
83 12 1701
110 166 1702
157 47 1703
6 15 1704
88 3 1705
103 66 1706
188 105 1707
101 46 1708
70 146 1709
199 157 1710
153 13 1711
36 192 1712
108 196 1713
174 48 1714
96 134 1715
191 89 1716
124 4 1717
154 172 1718
137 166 1719
14 159 1720
169 99 1721
111 156 1722
29 52 1723
153 113 1724
52 92 1725
110 140 1726
121 70 1727
191 9 1728
6 161 1729
110 188 1730
94 34 1731
181 109 1732
70 51 1733
158 5 1734
36 108 1735
195 18 1736
69 104 1737
61 100 1738
11 49 1739
187 51 1740
71 185 1741
41 130 1742
1 163 1743
165 24 1744
191 142 1745
167 177 1746
197 56 1747
140 57 1748
175 92 1749
127 9 1750
139 190 1751
157 9 1752
90 194 1753
156 5 1754
181 194 1755
147 29 1756
100 44 1757
159 126 1758
37 9 1759
186 158 1760
1 121 1761
141 169 1762
95 85 1763
24 143 1764
164 11 1765
116 169 1766
74 38 1767
114 173 1768
132 18 1769
190 73 1770
191 55 1771
7 54 1772
174 75 1773
54 177 1774
183 83 1775
17 177 1776
10 174 1777
7 61 1778
142 170 1779
31 198 1780
109 53 1781
149 42 1782
162 191 1783
22 67 1784
195 169 1785
45 159 1786
196 34 1787
168 147 1788
125 10 1789
193 19 1790
25 118 1791
37 80 1792
119 60 1793
180 19 1794
6 11 1795
72 10 1796
138 197 1797
6 127 1798
194 191 1799
101 107 1800
37 107 1801
156 163 1802
107 49 1803
50 133 1804
82 110 1805
4 159 1806
150 161 1807
109 194 1808
21 47 1809
22 160 1810
12 26 1811
197 135 1812
171 63 1813
59 155 1814
193 142 1815
46 182 1816
16 134 1817
59 171 1818
198 131 1819
175 93 1820
32 194 1821
62 95 1822
140 164 1823
80 142 1824
113 108 1825
152 184 1826
21 80 1827
74 177 1828
83 66 1829
136 39 1830
75 12 1831
47 130 1832
18 37 1833
97 135 1834
98 117 1835
47 52 1836
19 29 1837
92 176 1838
128 107 1839
33 128 1840
29 150 1841
60 120 1842
126 86 1843
140 93 1844
52 173 1845
56 148 1846
84 163 1847
6 60 1848
105 112 1849
18 163 1850
70 72 1851
24 188 1852
61 164 1853
190 109 1854
128 51 1855
15 122 1856
182 40 1857
174 178 1858
141 122 1859
196 37 1860
59 42 1861
8 160 1862
79 123 1863
44 10 1864
135 47 1865
68 136 1866
198 108 1867
155 136 1868
195 100 1869
35 179 1870
124 163 1871
189 195 1872
135 160 1873
177 114 1874
150 90 1875
157 1 1876
84 140 1877
111 133 1878
14 157 1879
161 51 1880
144 173 1881
93 149 1882
147 118 1883
126 52 1884
152 161 1885
98 76 1886
144 12 1887
198 17 1888
14 58 1889
153 10 1890
178 73 1891
112 36 1892
79 198 1893
144 145 1894
189 159 1895
2 130 1896
109 116 1897
187 73 1898
147 169 1899
69 132 1900
18 56 1901
135 147 1902
70 78 1903
168 45 1904
152 131 1905
150 130 1906
170 160 1907
1 151 1908
41 181 1909
28 105 1910
190 67 1911
135 29 1912
19 44 1913
5 24 1914
77 12 1915
153 18 1916
38 145 1917
164 159 1918
187 154 1919
2 52 1920
60 27 1921
125 29 1922
128 151 1923
121 27 1924
38 90 1925
58 116 1926
51 93 1927
169 96 1928
161 27 1929
41 190 1930
65 89 1931
82 76 1932
86 30 1933
118 31 1934
143 39 1935
103 139 1936
168 98 1937
63 126 1938
48 171 1939
192 64 1940
134 188 1941
133 89 1942
82 143 1943
143 31 1944
68 151 1945
94 175 1946
200 48 1947
173 61 1948
88 73 1949
11 170 1950
183 89 1951
39 43 1952
58 161 1953
21 69 1954
191 36 1955
185 195 1956
75 179 1957
147 185 1958
196 23 1959
54 61 1960
53 21 1961
126 184 1962
147 108 1963
42 49 1964
67 181 1965
60 64 1966
129 58 1967
183 52 1968
194 101 1969
47 165 1970
186 193 1971
21 10 1972
150 111 1973
100 42 1974
19 22 1975
188 80 1976
128 53 1977
142 117 1978
149 173 1979
59 15 1980
125 110 1981
196 40 1982
112 96 1983
139 32 1984
19 173 1985
116 171 1986
147 171 1987
79 106 1988
14 127 1989
113 187 1990
112 11 1991
180 170 1992
21 34 1993
48 154 1994
87 54 1995
181 123 1996
87 126 1997
19 106 1998
107 13 1999
18 117 2000
35 48 2001
131 105 2002
194 56 2003
151 37 2004
171 119 2005
122 17 2006
85 128 2007
125 155 2008
18 135 2009
129 140 2010
61 41 2011
142 28 2012
192 125 2013
164 78 2014
197 152 2015
65 180 2016
48 125 2017
5 34 2018
144 127 2019
110 54 2020
86 198 2021
94 18 2022
29 79 2023
135 153 2024
151 198 2025
15 192 2026
1 37 2027
127 152 2028
160 63 2029
23 73 2030
84 94 2031
152 181 2032
126 158 2033
37 16 2034
41 52 2035
112 93 2036
135 182 2037
43 7 2038
59 1 2039
153 145 2040
192 189 2041
105 4 2042
70 76 2043
22 104 2044
93 192 2045
180 178 2046
101 82 2047
136 132 2048
69 143 2049
97 20 2050
14 84 2051
78 62 2052
62 174 2053
30 5 2054
88 187 2055
104 20 2056
140 65 2057
116 90 2058
73 131 2059
158 160 2060
145 57 2061
7 165 2062
173 1 2063
169 17 2064
32 140 2065
114 133 2066
50 38 2067
36 194 2068
30 136 2069
29 93 2070
162 120 2071
147 120 2072
200 18 2073
105 157 2074
119 177 2075
97 95 2076
106 29 2077
33 187 2078
70 118 2079
118 93 2080
137 36 2081
165 16 2082
183 45 2083
33 108 2084
173 67 2085
101 89 2086
127 60 2087
197 82 2088
134 200 2089
125 58 2090
70 82 2091
116 88 2092
40 199 2093
23 35 2094
149 166 2095
66 33 2096
142 173 2097
146 14 2098
3 107 2099
120 97 2100
