200 6200 6200
167 70 1
59 1 2
166 125 3
28 6 4
87 178 5
181 37 6
26 16 7
24 181 8
179 130 9
181 84 10
60 134 11
58 79 12
76 124 13
33 11 14
118 139 15
85 73 16
112 147 17
30 89 18
143 40 19
60 171 20
31 85 21
133 88 22
12 159 23
18 112 24
151 90 25
117 50 26
100 70 27
134 85 28
3 9 29
196 43 30
17 140 31
168 27 32
59 171 33
19 43 34
48 118 35
124 190 36
101 98 37
53 14 38
71 79 39
141 13 40
153 187 41
83 169 42
24 44 43
102 157 44
124 61 45
92 21 46
115 195 47
176 118 48
51 11 49
78 94 50
19 50 51
69 160 52
99 56 53
177 136 54
189 197 55
106 165 56
162 96 57
117 153 58
34 107 59
37 6 60
36 43 61
24 146 62
134 187 63
42 76 64
191 157 65
190 79 66
58 137 67
169 142 68
121 175 69
109 163 70
14 157 71
141 95 72
50 30 73
38 90 74
200 124 75
40 154 76
120 118 77
85 109 78
87 173 79
117 148 80
77 40 81
193 116 82
133 4 83
152 112 84
103 21 85
164 114 86
55 183 87
155 49 88
174 146 89
101 32 90
173 137 91
95 50 92
61 147 93
56 47 94
20 84 95
162 93 96
124 107 97
68 93 98
138 123 99
146 4 100
101 47 101
16 6 102
132 84 103
145 174 104
80 68 105
103 100 106
48 14 107
84 163 108
200 95 109
41 194 110
50 66 111
61 135 112
167 191 113
129 199 114
135 158 115
133 115 116
54 177 117
109 100 118
2 8 119
27 101 120
18 37 121
153 198 122
148 50 123
89 81 124
191 64 125
168 187 126
2 5 127
107 2 128
178 173 129
71 163 130
32 91 131
17 173 132
181 132 133
98 33 134
138 58 135
117 37 136
33 132 137
28 124 138
177 151 139
199 125 140
16 98 141
164 56 142
84 93 143
135 108 144
83 184 145
135 141 146
74 160 147
77 39 148
78 62 149
165 54 150
38 178 151
141 171 152
54 30 153
112 157 154
125 12 155
121 108 156
127 183 157
120 99 158
168 37 159
85 128 160
18 97 161
192 111 162
180 74 163
8 96 164
200 18 165
149 15 166
180 178 167
44 113 168
138 39 169
117 38 170
141 125 171
114 11 172
157 153 173
167 98 174
68 159 175
17 50 176
40 153 177
168 189 178
80 166 179
198 68 180
198 17 181
167 165 182
73 3 183
172 185 184
101 109 185
2 53 186
124 92 187
39 101 188
11 134 189
3 65 190
141 29 191
17 126 192
50 133 193
131 40 194
114 146 195
166 162 196
91 148 197
34 43 198
189 144 199
117 87 200
185 95 201
68 38 202
36 41 203
157 51 204
148 146 205
72 103 206
1 179 207
150 6 208
112 67 209
141 105 210
39 83 211
128 52 212
139 66 213
30 170 214
192 61 215
48 193 216
22 94 217
177 189 218
49 46 219
120 44 220
99 187 221
197 109 222
176 65 223
29 179 224
24 121 225
54 85 226
98 172 227
51 138 228
36 194 229
149 61 230
9 146 231
130 175 232
153 78 233
57 177 234
61 33 235
3 160 236
124 51 237
150 58 238
44 92 239
99 57 240
90 192 241
129 20 242
29 35 243
110 168 244
6 59 245
65 24 246
199 151 247
125 133 248
41 77 249
196 177 250
73 129 251
146 173 252
27 81 253
159 1 254
119 200 255
195 152 256
120 41 257
52 1 258
87 102 259
174 71 260
126 185 261
167 197 262
179 122 263
84 188 264
100 120 265
51 58 266
99 6 267
58 175 268
82 157 269
117 22 270
114 158 271
9 46 272
23 7 273
167 159 274
160 21 275
111 133 276
148 29 277
55 172 278
113 23 279
175 117 280
190 12 281
193 19 282
79 86 283
101 199 284
132 165 285
104 88 286
175 10 287
6 104 288
196 77 289
149 83 290
4 107 291
32 122 292
123 76 293
106 5 294
150 74 295
135 35 296
118 195 297
70 75 298
131 44 299
139 159 300
105 63 301
95 121 302
33 137 303
47 36 304
78 114 305
27 102 306
15 74 307
200 189 308
25 14 309
27 104 310
19 167 311
166 193 312
197 74 313
35 165 314
66 90 315
194 57 316
17 37 317
132 156 318
197 60 319
25 93 320
51 143 321
167 3 322
52 171 323
80 66 324
6 83 325
51 56 326
152 193 327
94 175 328
111 197 329
186 174 330
83 132 331
116 171 332
139 152 333
146 184 334
10 116 335
73 98 336
162 116 337
182 117 338
190 53 339
160 46 340
158 128 341
120 143 342
127 9 343
109 17 344
187 92 345
48 51 346
48 102 347
65 191 348
77 142 349
43 150 350
188 182 351
190 185 352
94 5 353
80 192 354
157 47 355
17 121 356
95 125 357
9 6 358
52 86 359
98 166 360
86 69 361
161 125 362
174 31 363
165 108 364
45 182 365
34 60 366
148 141 367
71 25 368
71 66 369
113 6 370
100 28 371
124 48 372
60 128 373
187 191 374
22 18 375
110 5 376
13 151 377
143 183 378
30 8 379
170 111 380
196 9 381
111 19 382
92 152 383
187 157 384
22 122 385
83 133 386
140 46 387
58 42 388
79 177 389
161 170 390
86 74 391
190 67 392
47 173 393
178 73 394
3 42 395
34 2 396
186 126 397
4 17 398
153 37 399
78 148 400
53 159 401
133 89 402
103 131 403
61 166 404
33 97 405
147 108 406
48 132 407
108 184 408
180 158 409
93 153 410
186 147 411
120 21 412
23 100 413
124 24 414
193 183 415
98 198 416
100 106 417
164 182 418
155 122 419
159 60 420
29 19 421
66 102 422
32 71 423
126 65 424
102 33 425
192 106 426
10 131 427
166 23 428
44 187 429
48 7 430
96 95 431
49 167 432
124 117 433
180 164 434
88 160 435
4 112 436
186 140 437
128 107 438
60 192 439
198 186 440
20 161 441
118 181 442
133 183 443
4 13 444
189 194 445
113 63 446
55 158 447
136 104 448
102 70 449
1 121 450
125 155 451
90 119 452
5 97 453
28 121 454
50 191 455
121 123 456
126 161 457
48 17 458
176 168 459
167 130 460
85 82 461
121 159 462
52 32 463
99 161 464
126 95 465
87 138 466
87 172 467
27 147 468
119 15 469
107 130 470
2 130 471
60 137 472
139 96 473
157 92 474
31 87 475
41 56 476
59 53 477
122 105 478
71 120 479
6 111 480
163 76 481
181 68 482
86 134 483
197 58 484
174 115 485
122 158 486
73 115 487
35 86 488
124 68 489
83 161 490
186 119 491
15 156 492
123 64 493
10 25 494
131 27 495
145 126 496
28 114 497
13 123 498
179 48 499
188 57 500
120 129 501
137 128 502
143 139 503
75 34 504
23 157 505
192 74 506
32 83 507
7 28 508
174 129 509
143 28 510
65 48 511
43 97 512
123 150 513
169 145 514
146 143 515
44 181 516
27 150 517
47 14 518
147 50 519
79 109 520
124 195 521
117 3 522
98 103 523
13 12 524
177 20 525
66 192 526
152 177 527
80 169 528
55 156 529
124 4 530
86 128 531
190 191 532
133 161 533
101 175 534
184 56 535
82 155 536
86 5 537
141 40 538
39 128 539
4 26 540
185 4 541
13 70 542
63 52 543
161 111 544
45 143 545
90 108 546
44 43 547
53 10 548
152 16 549
186 146 550
64 99 551
94 26 552
62 140 553
187 154 554
38 57 555
195 46 556
61 105 557
88 185 558
17 67 559
199 33 560
171 119 561
20 34 562
111 188 563
88 57 564
148 23 565
63 167 566
6 171 567
180 61 568
134 75 569
85 164 570
14 22 571
74 50 572
25 90 573
163 186 574
191 152 575
134 27 576
143 99 577
159 143 578
115 196 579
117 185 580
89 32 581
123 6 582
194 185 583
132 10 584
7 41 585
166 93 586
136 111 587
85 94 588
41 19 589
24 160 590
91 155 591
179 180 592
39 97 593
176 20 594
93 149 595
185 36 596
73 145 597
53 22 598
94 102 599
173 1 600
124 130 601
66 120 602
167 176 603
168 82 604
103 26 605
98 107 606
200 186 607
194 186 608
128 108 609
87 29 610
87 14 611
107 116 612
10 182 613
66 183 614
139 23 615
83 159 616
59 111 617
67 41 618
76 188 619
171 15 620
99 146 621
89 135 622
30 51 623
63 13 624
83 34 625
6 3 626
95 194 627
106 134 628
73 104 629
99 52 630
178 196 631
32 74 632
70 72 633
163 63 634
188 142 635
140 166 636
18 113 637
123 125 638
85 5 639
101 121 640
71 55 641
117 194 642
65 53 643
74 30 644
20 79 645
5 132 646
96 147 647
40 69 648
118 113 649
180 122 650
27 94 651
69 107 652
108 72 653
105 112 654
141 150 655
84 134 656
150 90 657
116 7 658
27 68 659
170 117 660
96 122 661
137 73 662
163 192 663
6 128 664
43 42 665
30 98 666
51 196 667
54 41 668
103 158 669
164 62 670
175 2 671
181 103 672
82 120 673
64 1 674
112 110 675
155 42 676
58 109 677
148 46 678
53 45 679
107 72 680
150 121 681
128 118 682
21 181 683
83 59 684
137 30 685
50 115 686
65 165 687
122 79 688
192 46 689
45 3 690
83 156 691
78 77 692
196 125 693
68 108 694
110 52 695
82 181 696
185 87 697
87 100 698
187 28 699
148 71 700
126 194 701
141 118 702
190 61 703
68 151 704
126 43 705
133 120 706
164 89 707
171 129 708
115 187 709
48 105 710
148 172 711
95 36 712
179 200 713
131 63 714
68 57 715
57 102 716
18 102 717
99 113 718
183 60 719
83 17 720
121 6 721
136 39 722
104 138 723
193 188 724
62 87 725
36 123 726
145 140 727
92 166 728
121 158 729
86 194 730
199 142 731
144 117 732
62 131 733
41 138 734
116 173 735
154 49 736
15 168 737
133 187 738
187 159 739
187 70 740
200 54 741
117 169 742
74 59 743
39 43 744
8 86 745
108 104 746
152 184 747
103 169 748
65 147 749
18 8 750
85 149 751
84 186 752
106 111 753
116 161 754
99 23 755
200 71 756
189 125 757
119 168 758
55 167 759
142 79 760
43 80 761
91 168 762
178 103 763
16 85 764
181 138 765
156 195 766
176 100 767
185 10 768
129 182 769
137 131 770
5 198 771
52 81 772
48 141 773
116 126 774
123 38 775
147 58 776
74 138 777
188 58 778
176 182 779
197 31 780
189 104 781
178 154 782
177 138 783
161 135 784
150 25 785
124 9 786
158 88 787
69 48 788
37 188 789
18 86 790
165 73 791
138 13 792
183 87 793
68 195 794
197 56 795
85 159 796
99 116 797
149 144 798
108 159 799
72 156 800
37 123 801
153 134 802
164 159 803
4 190 804
161 29 805
66 19 806
149 62 807
98 187 808
22 104 809
108 124 810
142 93 811
100 89 812
12 97 813
104 95 814
168 124 815
161 67 816
6 138 817
174 6 818
103 3 819
34 176 820
143 21 821
17 64 822
148 86 823
29 27 824
186 94 825
73 54 826
9 83 827
186 82 828
195 89 829
26 142 830
119 143 831
184 171 832
8 58 833
162 68 834
117 53 835
144 160 836
190 55 837
187 171 838
89 115 839
24 90 840
51 45 841
167 77 842
165 14 843
136 37 844
1 166 845
179 174 846
89 105 847
120 169 848
135 91 849
91 71 850
190 143 851
200 35 852
10 85 853
189 153 854
120 161 855
119 136 856
80 190 857
63 80 858
50 108 859
117 155 860
178 56 861
178 76 862
29 101 863
16 80 864
41 163 865
127 75 866
136 23 867
122 156 868
8 140 869
83 50 870
84 104 871
92 7 872
79 198 873
2 36 874
109 14 875
6 159 876
134 122 877
9 36 878
119 124 879
106 190 880
96 199 881
160 154 882
102 81 883
21 190 884
143 39 885
24 200 886
150 98 887
144 51 888
49 98 889
199 24 890
188 198 891
94 103 892
49 73 893
4 52 894
21 27 895
60 105 896
114 43 897
102 198 898
46 17 899
61 97 900
28 22 901
49 188 902
63 90 903
190 186 904
120 193 905
64 89 906
16 194 907
108 176 908
113 177 909
156 42 910
68 78 911
99 45 912
73 192 913
106 107 914
51 180 915
38 167 916
91 59 917
101 60 918
48 53 919
154 117 920
42 72 921
8 179 922
76 139 923
181 25 924
96 31 925
39 181 926
39 28 927
17 80 928
23 183 929
12 173 930
17 115 931
54 24 932
180 49 933
45 116 934
9 161 935
169 6 936
126 31 937
121 34 938
140 3 939
195 198 940
74 103 941
36 172 942
165 149 943
91 169 944
124 186 945
192 152 946
119 121 947
112 87 948
191 141 949
55 106 950
158 59 951
64 161 952
194 33 953
175 176 954
159 126 955
196 103 956
105 158 957
104 112 958
4 10 959
29 170 960
45 192 961
60 110 962
112 34 963
31 158 964
51 86 965
1 186 966
111 141 967
50 22 968
167 18 969
67 142 970
8 47 971
29 154 972
152 84 973
166 64 974
153 64 975
194 119 976
140 152 977
86 109 978
12 20 979
16 171 980
182 40 981
186 36 982
86 25 983
161 162 984
35 13 985
60 115 986
21 2 987
54 3 988
41 183 989
183 132 990
56 111 991
103 161 992
131 179 993
118 31 994
154 7 995
98 154 996
31 178 997
134 56 998
5 73 999
135 153 1000
164 35 1001
40 198 1002
158 140 1003
56 102 1004
65 180 1005
4 166 1006
94 32 1007
176 37 1008
101 141 1009
59 38 1010
92 12 1011
33 145 1012
162 17 1013
68 2 1014
91 48 1015
125 14 1016
119 10 1017
147 2 1018
164 142 1019
46 36 1020
179 82 1021
165 197 1022
175 197 1023
139 158 1024
76 86 1025
81 43 1026
82 64 1027
91 77 1028
117 61 1029
53 57 1030
30 9 1031
63 199 1032
127 160 1033
32 197 1034
121 66 1035
163 120 1036
110 55 1037
187 71 1038
191 88 1039
184 24 1040
40 199 1041
183 4 1042
13 110 1043
140 12 1044
40 99 1045
1 143 1046
131 150 1047
12 196 1048
102 175 1049
136 178 1050
16 5 1051
151 174 1052
200 74 1053
40 121 1054
109 173 1055
143 184 1056
92 48 1057
95 94 1058
62 95 1059
61 195 1060
99 7 1061
120 152 1062
80 35 1063
45 191 1064
151 109 1065
114 173 1066
44 39 1067
33 39 1068
139 190 1069
191 86 1070
52 90 1071
26 160 1072
41 152 1073
12 105 1074
169 51 1075
60 42 1076
143 23 1077
166 41 1078
112 89 1079
5 171 1080
9 170 1081
96 143 1082
85 135 1083
54 100 1084
94 71 1085
81 91 1086
56 28 1087
196 76 1088
59 113 1089
178 8 1090
6 161 1091
196 30 1092
61 148 1093
172 129 1094
164 157 1095
68 101 1096
185 8 1097
43 35 1098
142 117 1099
59 155 1100
17 47 1101
65 167 1102
128 5 1103
27 64 1104
132 70 1105
73 164 1106
46 165 1107
192 102 1108
46 57 1109
100 81 1110
36 37 1111
61 100 1112
137 179 1113
77 176 1114
110 130 1115
183 13 1116
116 143 1117
134 30 1118
9 123 1119
172 100 1120
17 49 1121
6 60 1122
2 152 1123
52 59 1124
121 50 1125
98 39 1126
66 10 1127
19 27 1128
126 22 1129
52 125 1130
173 90 1131
143 131 1132
34 181 1133
100 50 1134
181 178 1135
16 22 1136
169 191 1137
171 99 1138
31 168 1139
48 68 1140
152 142 1141
124 54 1142
85 23 1143
131 21 1144
91 170 1145
78 74 1146
25 114 1147
199 126 1148
198 23 1149
4 122 1150
87 157 1151
77 6 1152
77 192 1153
60 16 1154
78 177 1155
15 153 1156
177 200 1157
174 36 1158
20 107 1159
188 125 1160
58 180 1161
186 134 1162
134 200 1163
131 123 1164
127 79 1165
125 170 1166
80 183 1167
126 189 1168
36 159 1169
76 41 1170
42 83 1171
42 136 1172
93 99 1173
10 140 1174
52 134 1175
137 11 1176
36 85 1177
42 194 1178
162 77 1179
147 120 1180
12 101 1181
42 106 1182
82 86 1183
85 12 1184
94 129 1185
64 185 1186
70 107 1187
168 113 1188
152 182 1189
68 164 1190
14 187 1191
105 180 1192
60 11 1193
50 25 1194
21 52 1195
151 5 1196
12 46 1197
146 197 1198
185 83 1199
18 119 1200
18 141 1201
32 113 1202
196 200 1203
17 38 1204
100 58 1205
65 98 1206
107 11 1207
174 132 1208
28 12 1209
178 37 1210
145 3 1211
188 98 1212
57 111 1213
42 52 1214
58 97 1215
47 144 1216
37 43 1217
122 100 1218
55 63 1219
7 58 1220
152 74 1221
155 124 1222
150 38 1223
97 162 1224
167 57 1225
144 173 1226
45 107 1227
66 112 1228
119 104 1229
181 144 1230
137 125 1231
150 1 1232
87 42 1233
163 194 1234
58 136 1235
64 140 1236
161 23 1237
59 152 1238
18 48 1239
67 13 1240
198 127 1241
102 100 1242
98 51 1243
150 138 1244
188 62 1245
82 98 1246
93 121 1247
53 181 1248
10 166 1249
45 185 1250
184 40 1251
58 107 1252
182 150 1253
53 191 1254
158 198 1255
19 32 1256
174 120 1257
195 19 1258
101 89 1259
164 174 1260
175 192 1261
164 67 1262
106 140 1263
33 128 1264
187 173 1265
197 117 1266
57 9 1267
10 123 1268
81 99 1269
180 89 1270
199 84 1271
48 44 1272
160 118 1273
97 153 1274
72 153 1275
33 187 1276
168 83 1277
174 173 1278
155 174 1279
52 102 1280
185 103 1281
128 132 1282
97 187 1283
8 160 1284
131 154 1285
119 177 1286
143 179 1287
150 163 1288
32 194 1289
113 70 1290
7 98 1291
59 18 1292
87 95 1293
19 143 1294
111 154 1295
135 20 1296
155 28 1297
190 74 1298
36 55 1299
119 96 1300
102 63 1301
14 161 1302
154 27 1303
162 179 1304
70 118 1305
197 82 1306
147 70 1307
95 198 1308
139 4 1309
150 114 1310
39 1 1311
65 11 1312
68 94 1313
21 148 1314
89 193 1315
35 26 1316
31 64 1317
128 28 1318
176 129 1319
190 175 1320
85 90 1321
147 55 1322
148 194 1323
101 130 1324
101 187 1325
145 200 1326
101 169 1327
106 181 1328
193 27 1329
99 48 1330
32 68 1331
127 190 1332
101 123 1333
143 35 1334
29 30 1335
133 107 1336
12 70 1337
193 190 1338
126 47 1339
60 145 1340
53 9 1341
150 156 1342
57 7 1343
184 109 1344
153 43 1345
62 18 1346
86 65 1347
18 135 1348
124 111 1349
121 25 1350
84 73 1351
49 57 1352
106 33 1353
28 108 1354
124 157 1355
141 68 1356
195 37 1357
42 67 1358
170 124 1359
79 15 1360
28 25 1361
113 92 1362
40 34 1363
97 66 1364
147 44 1365
94 159 1366
184 87 1367
151 107 1368
187 139 1369
72 3 1370
88 15 1371
88 66 1372
161 140 1373
22 63 1374
194 22 1375
112 95 1376
67 29 1377
72 10 1378
15 146 1379
80 199 1380
95 18 1381
178 26 1382
22 160 1383
124 38 1384
9 48 1385
147 140 1386
116 190 1387
190 96 1388
101 155 1389
5 12 1390
70 168 1391
152 156 1392
190 169 1393
200 141 1394
31 56 1395
126 177 1396
29 177 1397
57 163 1398
96 141 1399
56 127 1400
195 98 1401
160 43 1402
74 163 1403
176 4 1404
73 173 1405
132 37 1406
72 47 1407
190 101 1408
155 142 1409
197 99 1410
139 60 1411
47 97 1412
169 89 1413
89 160 1414
104 103 1415
196 23 1416
145 54 1417
54 166 1418
67 6 1419
13 78 1420
136 99 1421
153 77 1422
140 7 1423
197 161 1424
112 96 1425
100 171 1426
50 10 1427
65 14 1428
79 97 1429
155 164 1430
50 155 1431
74 151 1432
190 158 1433
93 10 1434
34 68 1435
14 55 1436
29 39 1437
44 127 1438
134 118 1439
82 143 1440
98 178 1441
70 90 1442
172 79 1443
69 120 1444
175 93 1445
105 16 1446
32 198 1447
72 189 1448
124 169 1449
178 116 1450
90 127 1451
82 141 1452
88 1 1453
154 18 1454
167 17 1455
79 160 1456
114 63 1457
82 66 1458
9 134 1459
115 13 1460
59 75 1461
112 115 1462
157 12 1463
104 175 1464
46 124 1465
25 132 1466
68 13 1467
159 151 1468
65 113 1469
109 171 1470
156 66 1471
61 51 1472
87 177 1473
63 25 1474
101 120 1475
159 154 1476
149 43 1477
103 200 1478
18 20 1479
200 129 1480
31 73 1481
5 123 1482
73 78 1483
139 182 1484
167 85 1485
46 64 1486
128 51 1487
178 57 1488
58 191 1489
183 59 1490
29 199 1491
44 137 1492
125 94 1493
3 38 1494
152 49 1495
132 105 1496
71 100 1497
155 109 1498
82 76 1499
141 52 1500
116 54 1501
151 198 1502
172 177 1503
51 54 1504
1 94 1505
99 21 1506
150 154 1507
88 16 1508
114 133 1509
142 91 1510
145 122 1511
110 30 1512
71 84 1513
131 89 1514
135 4 1515
76 38 1516
171 28 1517
33 129 1518
83 71 1519
178 70 1520
163 72 1521
158 60 1522
188 133 1523
90 140 1524
138 131 1525
57 139 1526
104 200 1527
53 169 1528
10 184 1529
79 125 1530
116 194 1531
82 138 1532
45 20 1533
187 142 1534
33 152 1535
175 181 1536
146 125 1537
62 43 1538
99 181 1539
138 86 1540
189 36 1541
83 79 1542
84 173 1543
81 156 1544
125 140 1545
128 146 1546
4 60 1547
132 120 1548
78 123 1549
113 77 1550
7 87 1551
170 128 1552
1 151 1553
63 62 1554
121 51 1555
4 11 1556
20 103 1557
129 40 1558
11 99 1559
145 188 1560
101 149 1561
147 119 1562
73 24 1563
9 143 1564
44 135 1565
119 150 1566
77 11 1567
100 43 1568
11 141 1569
17 9 1570
164 137 1571
86 188 1572
11 170 1573
130 62 1574
153 83 1575
115 70 1576
61 164 1577
121 137 1578
4 19 1579
19 84 1580
130 133 1581
172 178 1582
8 170 1583
82 110 1584
200 70 1585
109 53 1586
123 47 1587
161 134 1588
75 102 1589
187 82 1590
132 3 1591
126 86 1592
3 4 1593
27 187 1594
21 162 1595
159 69 1596
149 84 1597
83 60 1598
130 11 1599
190 37 1600
192 145 1601
54 45 1602
17 118 1603
158 36 1604
73 131 1605
136 131 1606
74 17 1607
115 164 1608
180 103 1609
136 15 1610
150 125 1611
54 167 1612
162 133 1613
195 188 1614
183 182 1615
153 48 1616
35 39 1617
15 169 1618
150 76 1619
47 52 1620
87 37 1621
80 19 1622
163 13 1623
124 5 1624
56 123 1625
23 72 1626
9 92 1627
196 27 1628
124 125 1629
185 134 1630
113 156 1631
138 92 1632
122 101 1633
9 197 1634
186 93 1635
101 44 1636
91 57 1637
22 186 1638
186 181 1639
93 100 1640
139 108 1641
172 139 1642
31 10 1643
29 158 1644
58 46 1645
93 176 1646
131 23 1647
57 32 1648
143 129 1649
164 78 1650
3 199 1651
26 25 1652
180 151 1653
15 196 1654
47 78 1655
45 5 1656
83 92 1657
168 51 1658
38 72 1659
44 91 1660
138 111 1661
36 169 1662
86 151 1663
125 83 1664
181 105 1665
48 110 1666
39 139 1667
166 169 1668
47 102 1669
22 87 1670
3 90 1671
186 176 1672
99 185 1673
104 92 1674
179 187 1675
89 82 1676
36 130 1677
81 174 1678
54 61 1679
44 195 1680
116 146 1681
140 163 1682
35 133 1683
70 139 1684
41 147 1685
149 166 1686
148 153 1687
117 70 1688
31 198 1689
2 184 1690
100 101 1691
88 73 1692
3 107 1693
119 86 1694
158 108 1695
7 66 1696
22 130 1697
73 16 1698
9 142 1699
27 118 1700
115 172 1701
59 42 1702
143 110 1703
36 60 1704
84 140 1705
194 191 1706
186 38 1707
23 156 1708
41 169 1709
114 1 1710
82 121 1711
182 54 1712
46 37 1713
137 77 1714
138 171 1715
112 198 1716
159 141 1717
103 1 1718
191 104 1719
115 131 1720
192 87 1721
144 65 1722
196 81 1723
90 105 1724
166 148 1725
53 119 1726
194 40 1727
140 57 1728
95 159 1729
147 84 1730
125 191 1731
47 58 1732
50 47 1733
59 31 1734
191 71 1735
149 23 1736
194 149 1737
130 78 1738
22 86 1739
55 140 1740
111 143 1741
136 150 1742
120 142 1743
117 86 1744
158 63 1745
149 151 1746
175 85 1747
167 150 1748
58 33 1749
81 41 1750
182 82 1751
135 63 1752
141 194 1753
158 18 1754
189 165 1755
51 160 1756
53 157 1757
84 17 1758
128 11 1759
52 76 1760
38 2 1761
194 29 1762
192 195 1763
60 64 1764
171 37 1765
116 14 1766
36 33 1767
119 44 1768
71 29 1769
43 69 1770
69 8 1771
186 158 1772
53 154 1773
177 116 1774
114 75 1775
101 56 1776
119 17 1777
162 113 1778
144 136 1779
143 182 1780
194 120 1781
160 152 1782
95 138 1783
12 14 1784
79 66 1785
77 128 1786
171 45 1787
189 198 1788
65 174 1789
197 168 1790
125 85 1791
116 23 1792
86 174 1793
74 44 1794
106 91 1795
145 65 1796
4 132 1797
186 157 1798
66 65 1799
128 69 1800
120 97 1801
63 117 1802
34 54 1803
185 188 1804
124 180 1805
27 92 1806
93 32 1807
171 152 1808
9 159 1809
39 24 1810
75 23 1811
168 128 1812
119 48 1813
111 135 1814
66 30 1815
173 60 1816
111 129 1817
72 63 1818
77 89 1819
87 67 1820
188 105 1821
185 121 1822
199 114 1823
119 163 1824
28 105 1825
57 114 1826
70 82 1827
23 73 1828
174 158 1829
75 61 1830
70 146 1831
116 65 1832
38 31 1833
95 150 1834
190 141 1835
155 180 1836
139 29 1837
139 178 1838
31 52 1839
91 161 1840
20 77 1841
135 182 1842
190 33 1843
93 82 1844
106 194 1845
142 178 1846
166 95 1847
28 141 1848
20 23 1849
109 187 1850
198 118 1851
198 84 1852
85 154 1853
63 104 1854
57 29 1855
96 158 1856
123 88 1857
125 38 1858
80 134 1859
118 121 1860
190 38 1861
84 1 1862
191 118 1863
13 144 1864
120 76 1865
104 97 1866
26 43 1867
15 132 1868
99 114 1869
176 49 1870
11 40 1871
29 46 1872
188 80 1873
199 98 1874
22 30 1875
102 199 1876
144 28 1877
140 34 1878
22 197 1879
151 140 1880
180 148 1881
44 149 1882
26 83 1883
199 172 1884
152 117 1885
19 173 1886
76 14 1887
41 181 1888
4 159 1889
5 24 1890
87 54 1891
109 30 1892
156 123 1893
24 167 1894
15 158 1895
33 103 1896
122 21 1897
25 166 1898
40 88 1899
166 133 1900
13 145 1901
190 32 1902
51 74 1903
169 153 1904
199 68 1905
197 135 1906
65 87 1907
98 122 1908
1 37 1909
51 163 1910
62 21 1911
65 44 1912
3 28 1913
87 85 1914
27 65 1915
88 46 1916
59 163 1917
71 42 1918
11 109 1919
114 58 1920
133 30 1921
39 50 1922
147 153 1923
25 197 1924
175 100 1925
84 168 1926
82 34 1927
26 186 1928
95 143 1929
26 107 1930
116 15 1931
144 92 1932
142 43 1933
151 84 1934
144 6 1935
23 179 1936
54 195 1937
48 61 1938
20 76 1939
9 95 1940
180 114 1941
62 175 1942
30 38 1943
160 87 1944
35 187 1945
153 132 1946
194 101 1947
2 93 1948
131 151 1949
177 41 1950
117 54 1951
143 17 1952
47 197 1953
191 103 1954
23 59 1955
192 125 1956
113 144 1957
1 109 1958
35 30 1959
3 147 1960
76 151 1961
195 91 1962
55 31 1963
88 103 1964
119 14 1965
103 175 1966
152 64 1967
90 125 1968
186 63 1969
62 197 1970
78 112 1971
182 171 1972
150 109 1973
160 148 1974
100 152 1975
105 197 1976
83 36 1977
161 156 1978
42 24 1979
69 4 1980
146 1 1981
174 34 1982
186 73 1983
108 52 1984
95 161 1985
30 6 1986
80 14 1987
46 73 1988
174 185 1989
129 140 1990
32 47 1991
175 194 1992
93 173 1993
145 104 1994
130 106 1995
67 195 1996
144 69 1997
63 197 1998
191 145 1999
33 72 2000
185 86 2001
101 138 2002
25 118 2003
157 103 2004
21 159 2005
9 14 2006
129 63 2007
39 51 2008
17 7 2009
129 178 2010
37 139 2011
111 14 2012
133 69 2013
144 145 2014
155 196 2015
151 27 2016
104 113 2017
163 14 2018
18 9 2019
199 30 2020
198 26 2021
74 88 2022
47 67 2023
5 10 2024
86 120 2025
123 112 2026
92 105 2027
99 38 2028
136 31 2029
129 93 2030
67 123 2031
140 134 2032
127 108 2033
132 150 2034
77 179 2035
162 155 2036
91 60 2037
149 54 2038
176 15 2039
93 126 2040
56 6 2041
64 15 2042
161 101 2043
147 51 2044
179 65 2045
85 156 2046
82 112 2047
176 31 2048
181 79 2049
154 144 2050
8 155 2051
12 171 2052
125 142 2053
118 9 2054
97 11 2055
2 180 2056
23 199 2057
84 16 2058
66 115 2059
116 28 2060
22 180 2061
122 1 2062
24 159 2063
139 130 2064
141 198 2065
145 22 2066
174 102 2067
121 65 2068
197 85 2069
163 173 2070
18 193 2071
6 139 2072
81 158 2073
44 180 2074
191 148 2075
125 10 2076
194 85 2077
193 124 2078
90 37 2079
9 198 2080
191 181 2081
166 32 2082
72 67 2083
195 95 2084
105 40 2085
127 102 2086
127 1 2087
7 63 2088
10 73 2089
75 51 2090
29 28 2091
134 95 2092
134 8 2093
178 79 2094
71 46 2095
125 183 2096
33 77 2097
70 150 2098
166 76 2099
137 158 2100
88 3 2101
86 159 2102
125 197 2103
152 38 2104
1 161 2105
120 180 2106
98 68 2107
157 80 2108
105 190 2109
148 152 2110
83 66 2111
161 118 2112
118 75 2113
150 170 2114
21 88 2115
28 37 2116
102 26 2117
65 194 2118
160 48 2119
24 19 2120
155 44 2121
60 29 2122
172 157 2123
128 141 2124
126 193 2125
9 110 2126
89 69 2127
139 197 2128
56 162 2129
2 52 2130
175 50 2131
84 142 2132
93 170 2133
9 94 2134
161 61 2135
21 78 2136
8 35 2137
165 124 2138
76 135 2139
32 7 2140
116 155 2141
54 7 2142
30 144 2143
82 131 2144
183 63 2145
154 31 2146
15 114 2147
104 110 2148
117 140 2149
150 37 2150
106 108 2151
69 112 2152
46 153 2153
114 175 2154
49 45 2155
155 127 2156
194 110 2157
154 72 2158
167 26 2159
189 69 2160
35 128 2161
165 113 2162
171 168 2163
108 31 2164
106 53 2165
32 127 2166
197 124 2167
17 135 2168
199 6 2169
42 21 2170
36 53 2171
49 55 2172
10 158 2173
186 178 2174
197 131 2175
85 130 2176
57 15 2177
120 1 2178
149 22 2179
180 128 2180
125 29 2181
182 157 2182
165 174 2183
120 185 2184
97 26 2185
42 1 2186
192 33 2187
193 51 2188
18 123 2189
10 148 2190
108 144 2191
19 101 2192
3 86 2193
144 36 2194
94 179 2195
193 103 2196
125 61 2197
163 176 2198
187 93 2199
24 162 2200
40 102 2201
38 54 2202
79 136 2203
133 45 2204
115 62 2205
169 92 2206
45 24 2207
81 44 2208
177 97 2209
106 185 2210
180 84 2211
171 13 2212
102 105 2213
121 67 2214
91 85 2215
85 76 2216
194 35 2217
92 93 2218
161 27 2219
98 117 2220
134 71 2221
28 199 2222
193 175 2223
101 126 2224
60 55 2225
101 146 2226
119 166 2227
191 175 2228
99 126 2229
82 108 2230
139 104 2231
140 167 2232
67 63 2233
40 175 2234
168 30 2235
73 150 2236
13 41 2237
104 66 2238
189 185 2239
131 177 2240
162 36 2241
97 179 2242
146 182 2243
136 29 2244
173 126 2245
2 153 2246
19 67 2247
34 64 2248
178 61 2249
129 28 2250
192 20 2251
141 188 2252
199 85 2253
174 104 2254
110 96 2255
5 126 2256
181 129 2257
83 121 2258
38 29 2259
1 136 2260
147 198 2261
81 107 2262
53 172 2263
133 185 2264
88 97 2265
63 168 2266
92 161 2267
25 108 2268
43 101 2269
132 107 2270
152 181 2271
95 83 2272
95 131 2273
183 45 2274
198 138 2275
154 100 2276
65 19 2277
151 29 2278
163 28 2279
49 153 2280
105 128 2281
30 18 2282
155 92 2283
10 173 2284
185 78 2285
180 199 2286
180 157 2287
179 16 2288
164 50 2289
66 60 2290
73 68 2291
16 168 2292
175 19 2293
91 180 2294
6 136 2295
109 57 2296
71 5 2297
191 95 2298
117 162 2299
111 62 2300
129 151 2301
118 197 2302
40 90 2303
168 151 2304
170 47 2305
71 2 2306
184 22 2307
54 15 2308
11 43 2309
186 182 2310
16 48 2311
116 101 2312
50 165 2313
119 197 2314
148 8 2315
64 148 2316
133 1 2317
48 139 2318
33 120 2319
63 14 2320
135 99 2321
78 57 2322
199 2 2323
134 49 2324
126 134 2325
32 152 2326
143 57 2327
59 129 2328
2 28 2329
32 140 2330
134 169 2331
127 47 2332
96 111 2333
106 6 2334
29 91 2335
165 183 2336
180 85 2337
17 111 2338
174 150 2339
71 59 2340
63 83 2341
190 13 2342
154 15 2343
127 195 2344
75 189 2345
175 172 2346
194 103 2347
110 59 2348
181 182 2349
198 90 2350
98 90 2351
12 130 2352
110 117 2353
151 182 2354
28 81 2355
66 51 2356
46 26 2357
60 116 2358
38 138 2359
68 24 2360
13 10 2361
38 64 2362
86 30 2363
53 21 2364
10 112 2365
1 180 2366
195 155 2367
157 68 2368
13 180 2369
16 31 2370
101 107 2371
95 162 2372
89 26 2373
114 72 2374
91 128 2375
8 11 2376
16 159 2377
132 88 2378
62 58 2379
4 58 2380
142 186 2381
76 185 2382
114 33 2383
165 139 2384
188 87 2385
135 29 2386
196 187 2387
23 35 2388
132 30 2389
15 52 2390
102 191 2391
32 63 2392
54 106 2393
163 21 2394
123 30 2395
90 11 2396
58 6 2397
123 109 2398
185 70 2399
169 177 2400
74 8 2401
189 131 2402
135 160 2403
37 108 2404
140 93 2405
121 91 2406
30 160 2407
153 10 2408
54 95 2409
54 14 2410
138 30 2411
115 152 2412
185 44 2413
20 41 2414
117 156 2415
21 175 2416
103 52 2417
81 115 2418
55 3 2419
73 82 2420
37 91 2421
68 35 2422
54 93 2423
147 71 2424
127 67 2425
177 37 2426
113 187 2427
14 58 2428
83 112 2429
20 139 2430
20 132 2431
187 169 2432
50 132 2433
36 44 2434
98 2 2435
26 90 2436
84 3 2437
142 113 2438
116 52 2439
88 54 2440
87 3 2441
156 52 2442
126 98 2443
33 108 2444
17 95 2445
127 106 2446
126 64 2447
29 52 2448
16 92 2449
125 176 2450
53 51 2451
35 92 2452
42 189 2453
58 60 2454
103 68 2455
125 143 2456
147 83 2457
135 170 2458
2 72 2459
1 129 2460
34 148 2461
121 41 2462
88 7 2463
168 78 2464
92 97 2465
10 115 2466
79 187 2467
152 127 2468
63 153 2469
83 8 2470
199 5 2471
13 60 2472
73 166 2473
26 93 2474
39 145 2475
46 85 2476
37 189 2477
63 70 2478
119 56 2479
46 189 2480
129 161 2481
45 57 2482
186 150 2483
195 100 2484
147 111 2485
88 184 2486
154 181 2487
5 192 2488
95 174 2489
152 89 2490
149 96 2491
141 168 2492
131 105 2493
15 179 2494
109 198 2495
186 68 2496
186 148 2497
79 60 2498
116 124 2499
24 186 2500
48 172 2501
64 16 2502
96 58 2503
80 109 2504
81 76 2505
70 11 2506
63 43 2507
123 66 2508
5 118 2509
32 31 2510
182 88 2511
186 31 2512
164 72 2513
2 65 2514
9 129 2515
36 77 2516
129 70 2517
108 35 2518
8 17 2519
170 105 2520
124 100 2521
139 110 2522
67 38 2523
114 29 2524
26 143 2525
189 92 2526
57 48 2527
183 47 2528
63 69 2529
31 137 2530
94 153 2531
181 98 2532
108 119 2533
8 79 2534
8 64 2535
156 163 2536
85 132 2537
178 197 2538
50 29 2539
103 102 2540
9 168 2541
101 115 2542
158 115 2543
183 22 2544
69 18 2545
24 87 2546
127 66 2547
8 111 2548
191 9 2549
115 56 2550
39 112 2551
58 161 2552
116 128 2553
154 124 2554
134 109 2555
109 111 2556
176 78 2557
178 27 2558
165 6 2559
172 65 2560
176 189 2561
77 74 2562
77 109 2563
171 51 2564
127 124 2565
175 122 2566
140 81 2567
10 149 2568
184 179 2569
28 166 2570
196 55 2571
3 29 2572
198 61 2573
115 122 2574
29 18 2575
131 186 2576
153 18 2577
154 105 2578
42 39 2579
92 55 2580
116 61 2581
172 16 2582
134 62 2583
94 193 2584
33 138 2585
199 104 2586
56 82 2587
179 6 2588
103 66 2589
147 137 2590
55 64 2591
11 118 2592
66 22 2593
50 158 2594
66 33 2595
45 44 2596
17 24 2597
192 140 2598
122 185 2599
27 35 2600
144 182 2601
43 98 2602
57 74 2603
37 125 2604
45 123 2605
35 70 2606
199 124 2607
56 62 2608
185 59 2609
190 104 2610
28 136 2611
86 155 2612
24 95 2613
1 16 2614
85 176 2615
26 34 2616
33 45 2617
135 13 2618
111 172 2619
25 104 2620
95 79 2621
108 75 2622
42 200 2623
103 47 2624
155 23 2625
44 7 2626
105 124 2627
33 14 2628
70 83 2629
83 191 2630
52 33 2631
88 67 2632
27 98 2633
193 71 2634
27 62 2635
22 75 2636
90 194 2637
103 81 2638
192 21 2639
137 45 2640
62 142 2641
27 160 2642
88 80 2643
159 40 2644
87 128 2645
116 36 2646
40 148 2647
100 42 2648
98 11 2649
11 64 2650
82 148 2651
112 38 2652
48 108 2653
56 131 2654
5 142 2655
45 31 2656
47 105 2657
34 51 2658
53 171 2659
47 145 2660
135 37 2661
105 14 2662
122 71 2663
61 72 2664
27 54 2665
59 157 2666
71 129 2667
41 158 2668
119 149 2669
81 170 2670
111 50 2671
68 51 2672
135 179 2673
93 86 2674
91 183 2675
73 163 2676
196 28 2677
7 47 2678
156 142 2679
25 113 2680
193 185 2681
68 149 2682
155 100 2683
46 27 2684
96 75 2685
54 90 2686
147 150 2687
85 47 2688
13 197 2689
68 168 2690
14 23 2691
22 101 2692
86 196 2693
19 46 2694
62 72 2695
14 92 2696
11 61 2697
41 43 2698
70 78 2699
128 81 2700
34 199 2701
190 122 2702
28 181 2703
92 90 2704
184 63 2705
191 200 2706
162 175 2707
94 156 2708
142 36 2709
31 155 2710
170 136 2711
1 126 2712
106 131 2713
152 113 2714
93 22 2715
182 85 2716
71 90 2717
55 68 2718
146 175 2719
150 47 2720
118 155 2721
51 149 2722
39 85 2723
174 178 2724
151 32 2725
121 63 2726
101 91 2727
131 169 2728
185 162 2729
196 67 2730
117 111 2731
41 130 2732
59 13 2733
4 9 2734
25 94 2735
45 61 2736
171 157 2737
42 142 2738
4 63 2739
197 16 2740
4 143 2741
120 121 2742
26 18 2743
189 173 2744
28 149 2745
12 134 2746
119 156 2747
112 103 2748
196 37 2749
51 198 2750
26 140 2751
3 124 2752
131 9 2753
7 138 2754
116 79 2755
120 172 2756
35 99 2757
26 189 2758
70 51 2759
72 22 2760
95 103 2761
56 92 2762
19 179 2763
26 141 2764
113 160 2765
130 30 2766
117 128 2767
140 109 2768
24 29 2769
18 122 2770
142 54 2771
6 39 2772
125 105 2773
39 49 2774
83 188 2775
144 12 2776
30 28 2777
74 106 2778
117 146 2779
73 109 2780
10 14 2781
81 23 2782
66 85 2783
43 159 2784
62 29 2785
59 8 2786
86 67 2787
1 138 2788
109 161 2789
21 138 2790
137 176 2791
187 138 2792
14 37 2793
163 8 2794
70 73 2795
162 129 2796
68 135 2797
128 96 2798
15 174 2799
32 100 2800
128 68 2801
56 29 2802
155 200 2803
24 30 2804
163 43 2805
75 90 2806
89 62 2807
195 72 2808
167 16 2809
34 194 2810
122 177 2811
142 107 2812
78 188 2813
105 199 2814
180 190 2815
135 131 2816
55 100 2817
3 100 2818
170 37 2819
65 111 2820
178 92 2821
102 165 2822
97 99 2823
120 27 2824
133 127 2825
8 22 2826
176 26 2827
14 192 2828
38 134 2829
131 22 2830
193 131 2831
10 51 2832
74 62 2833
18 7 2834
72 93 2835
23 12 2836
56 7 2837
21 9 2838
40 4 2839
71 180 2840
21 66 2841
171 149 2842
185 195 2843
102 166 2844
46 157 2845
76 179 2846
65 156 2847
150 79 2848
59 68 2849
176 134 2850
51 27 2851
99 156 2852
68 8 2853
76 167 2854
186 92 2855
200 41 2856
112 11 2857
122 2 2858
9 188 2859
108 67 2860
7 102 2861
44 146 2862
41 79 2863
38 162 2864
85 62 2865
114 90 2866
36 45 2867
47 31 2868
61 145 2869
9 23 2870
153 103 2871
155 182 2872
95 23 2873
78 157 2874
22 64 2875
96 11 2876
24 137 2877
50 130 2878
159 99 2879
12 176 2880
11 87 2881
32 18 2882
129 190 2883
146 14 2884
30 191 2885
56 146 2886
48 24 2887
179 55 2888
190 88 2889
159 127 2890
34 100 2891
70 140 2892
187 108 2893
61 168 2894
73 107 2895
185 196 2896
83 51 2897
41 28 2898
183 14 2899
27 148 2900
168 111 2901
124 36 2902
50 57 2903
3 35 2904
191 106 2905
16 128 2906
156 120 2907
161 105 2908
63 84 2909
85 32 2910
38 163 2911
78 180 2912
156 124 2913
152 105 2914
25 19 2915
82 31 2916
156 62 2917
57 127 2918
81 57 2919
60 59 2920
130 170 2921
159 54 2922
91 187 2923
59 121 2924
140 115 2925
119 153 2926
37 82 2927
154 162 2928
3 76 2929
133 123 2930
49 170 2931
14 193 2932
147 118 2933
142 22 2934
35 124 2935
148 197 2936
30 20 2937
161 102 2938
157 96 2939
39 68 2940
19 154 2941
172 146 2942
9 163 2943
112 26 2944
33 80 2945
72 180 2946
191 13 2947
26 33 2948
172 176 2949
174 48 2950
142 165 2951
78 131 2952
8 144 2953
122 23 2954
88 181 2955
166 200 2956
33 183 2957
54 108 2958
49 164 2959
113 199 2960
7 112 2961
150 13 2962
128 23 2963
191 26 2964
46 102 2965
181 109 2966
79 193 2967
169 17 2968
74 104 2969
123 142 2970
130 112 2971
10 42 2972
195 18 2973
60 123 2974
44 96 2975
139 125 2976
121 193 2977
180 33 2978
75 63 2979
191 142 2980
163 116 2981
133 67 2982
191 55 2983
158 146 2984
3 180 2985
67 35 2986
143 194 2987
78 151 2988
45 27 2989
22 10 2990
73 149 2991
30 55 2992
150 82 2993
37 85 2994
66 161 2995
71 184 2996
145 57 2997
39 105 2998
32 125 2999
39 76 3000
177 93 3001
18 16 3002
105 36 3003
106 124 3004
160 34 3005
19 44 3006
16 72 3007
16 69 3008
3 178 3009
157 107 3010
141 146 3011
139 3 3012
72 31 3013
36 87 3014
5 175 3015
25 115 3016
110 196 3017
129 198 3018
133 191 3019
191 70 3020
2 77 3021
97 93 3022
73 48 3023
34 132 3024
61 62 3025
186 165 3026
46 105 3027
186 85 3028
33 100 3029
1 73 3030
34 52 3031
109 124 3032
195 63 3033
34 152 3034
60 81 3035
138 100 3036
28 159 3037
198 89 3038
32 171 3039
84 51 3040
72 81 3041
83 126 3042
55 157 3043
55 21 3044
43 77 3045
186 171 3046
168 157 3047
105 19 3048
58 130 3049
95 84 3050
62 168 3051
91 41 3052
30 57 3053
66 28 3054
79 123 3055
163 77 3056
156 185 3057
127 149 3058
47 10 3059
113 174 3060
106 97 3061
27 198 3062
130 68 3063
119 16 3064
182 58 3065
177 84 3066
13 109 3067
64 113 3068
120 35 3069
26 181 3070
119 178 3071
142 124 3072
73 143 3073
183 96 3074
107 190 3075
47 125 3076
149 12 3077
50 27 3078
116 57 3079
97 136 3080
113 91 3081
2 29 3082
82 146 3083
158 160 3084
120 107 3085
189 41 3086
117 133 3087
168 147 3088
111 120 3089
88 101 3090
155 9 3091
174 49 3092
16 74 3093
163 139 3094
15 143 3095
161 82 3096
192 169 3097
62 124 3098
192 52 3099
159 165 3100
35 196 3101
20 128 3102
158 93 3103
124 131 3104
149 177 3105
37 7 3106
86 87 3107
116 27 3108
138 129 3109
79 154 3110
4 21 3111
199 188 3112
197 95 3113
193 119 3114
194 178 3115
112 169 3116
135 175 3117
137 108 3118
53 130 3119
139 153 3120
12 166 3121
174 176 3122
167 68 3123
96 65 3124
16 76 3125
32 22 3126
108 97 3127
166 196 3128
74 18 3129
113 108 3130
107 88 3131
20 113 3132
161 51 3133
134 19 3134
82 109 3135
69 67 3136
196 175 3137
168 160 3138
75 179 3139
29 175 3140
39 125 3141
144 135 3142
121 56 3143
119 11 3144
168 135 3145
70 17 3146
72 77 3147
29 79 3148
96 80 3149
128 178 3150
142 121 3151
165 61 3152
8 23 3153
140 29 3154
87 165 3155
31 145 3156
133 32 3157
93 148 3158
45 159 3159
100 105 3160
191 115 3161
104 100 3162
189 90 3163
113 138 3164
69 66 3165
40 32 3166
112 36 3167
169 154 3168
32 145 3169
72 155 3170
85 67 3171
148 128 3172
41 100 3173
192 13 3174
90 39 3175
200 153 3176
62 42 3177
40 110 3178
93 75 3179
112 175 3180
37 5 3181
42 32 3182
73 179 3183
26 5 3184
193 46 3185
80 111 3186
185 65 3187
165 44 3188
14 69 3189
161 154 3190
81 173 3191
124 104 3192
19 198 3193
140 65 3194
111 16 3195
68 49 3196
83 171 3197
98 95 3198
122 167 3199
121 58 3200
30 13 3201
141 86 3202
64 80 3203
14 60 3204
62 53 3205
159 76 3206
33 144 3207
91 151 3208
50 42 3209
37 80 3210
148 58 3211
118 125 3212
188 155 3213
194 56 3214
115 190 3215
178 29 3216
121 81 3217
138 11 3218
191 54 3219
163 70 3220
81 167 3221
125 164 3222
110 87 3223
136 126 3224
56 9 3225
4 99 3226
71 108 3227
185 49 3228
98 105 3229
85 33 3230
14 152 3231
157 18 3232
121 57 3233
87 59 3234
41 85 3235
147 158 3236
13 170 3237
128 31 3238
174 97 3239
170 137 3240
116 69 3241
12 51 3242
159 129 3243
184 89 3244
6 69 3245
168 13 3246
175 147 3247
195 40 3248
102 112 3249
73 14 3250
56 24 3251
177 70 3252
33 139 3253
3 56 3254
126 111 3255
171 102 3256
85 121 3257
27 33 3258
198 121 3259
92 75 3260
148 137 3261
91 152 3262
126 132 3263
160 67 3264
158 130 3265
163 190 3266
24 170 3267
108 142 3268
21 153 3269
134 63 3270
194 134 3271
140 21 3272
136 3 3273
30 164 3274
105 193 3275
7 192 3276
172 96 3277
53 183 3278
79 106 3279
76 154 3280
34 91 3281
168 53 3282
176 183 3283
191 96 3284
24 143 3285
60 138 3286
5 28 3287
193 6 3288
119 191 3289
158 22 3290
142 71 3291
123 141 3292
183 191 3293
101 72 3294
176 180 3295
46 112 3296
189 24 3297
198 1 3298
69 169 3299
111 27 3300
60 103 3301
76 45 3302
4 104 3303
32 17 3304
192 117 3305
82 60 3306
32 167 3307
79 163 3308
9 1 3309
77 107 3310
117 21 3311
55 75 3312
46 147 3313
110 12 3314
158 194 3315
30 174 3316
24 91 3317
75 178 3318
31 29 3319
30 68 3320
100 112 3321
37 61 3322
154 51 3323
77 60 3324
142 94 3325
147 128 3326
57 154 3327
124 188 3328
194 144 3329
11 49 3330
19 11 3331
100 17 3332
39 94 3333
92 60 3334
104 149 3335
105 83 3336
66 147 3337
34 44 3338
145 150 3339
155 46 3340
178 106 3341
39 75 3342
165 60 3343
180 10 3344
66 68 3345
189 73 3346
134 164 3347
101 162 3348
36 192 3349
161 104 3350
120 61 3351
88 6 3352
198 149 3353
85 141 3354
151 150 3355
35 149 3356
183 131 3357
184 92 3358
173 177 3359
92 24 3360
37 16 3361
19 106 3362
94 140 3363
192 177 3364
41 40 3365
199 81 3366
192 55 3367
22 100 3368
130 18 3369
109 193 3370
44 90 3371
163 95 3372
28 127 3373
169 181 3374
109 32 3375
51 117 3376
181 116 3377
127 61 3378
68 67 3379
37 134 3380
124 14 3381
108 196 3382
101 5 3383
160 133 3384
173 5 3385
44 179 3386
32 51 3387
3 110 3388
142 47 3389
195 78 3390
143 65 3391
88 19 3392
160 179 3393
84 146 3394
137 169 3395
119 139 3396
112 170 3397
106 7 3398
153 182 3399
184 124 3400
187 31 3401
193 163 3402
200 93 3403
75 58 3404
3 47 3405
78 167 3406
162 169 3407
7 176 3408
195 25 3409
50 152 3410
48 154 3411
199 157 3412
7 165 3413
81 123 3414
28 133 3415
89 162 3416
138 35 3417
82 44 3418
58 30 3419
162 170 3420
104 34 3421
166 22 3422
57 124 3423
6 158 3424
50 64 3425
33 15 3426
58 32 3427
97 191 3428
193 130 3429
190 19 3430
180 188 3431
56 61 3432
66 81 3433
59 61 3434
146 131 3435
15 65 3436
138 42 3437
24 161 3438
54 76 3439
8 152 3440
161 81 3441
79 130 3442
24 183 3443
138 28 3444
115 167 3445
117 90 3446
81 147 3447
51 172 3448
170 46 3449
138 144 3450
131 41 3451
135 39 3452
182 47 3453
172 93 3454
21 10 3455
43 111 3456
140 78 3457
116 97 3458
29 142 3459
81 186 3460
151 24 3461
179 88 3462
15 78 3463
183 52 3464
138 15 3465
71 81 3466
183 146 3467
73 22 3468
146 111 3469
135 155 3470
166 114 3471
113 1 3472
62 129 3473
53 186 3474
147 52 3475
4 131 3476
143 46 3477
41 87 3478
88 187 3479
176 40 3480
36 152 3481
40 162 3482
101 46 3483
97 2 3484
153 104 3485
104 134 3486
44 151 3487
143 20 3488
108 53 3489
54 134 3490
79 165 3491
126 92 3492
10 144 3493
150 130 3494
72 55 3495
125 44 3496
120 50 3497
129 50 3498
6 20 3499
94 89 3500
84 45 3501
78 43 3502
61 122 3503
8 33 3504
127 181 3505
138 66 3506
31 147 3507
129 130 3508
76 9 3509
195 43 3510
138 159 3511
24 20 3512
157 74 3513
159 18 3514
65 136 3515
166 17 3516
175 96 3517
141 1 3518
165 145 3519
57 56 3520
100 182 3521
77 93 3522
60 121 3523
163 27 3524
147 62 3525
19 39 3526
144 93 3527
162 140 3528
191 36 3529
186 58 3530
140 193 3531
177 6 3532
70 77 3533
113 166 3534
164 168 3535
75 125 3536
168 49 3537
85 107 3538
150 103 3539
32 65 3540
3 41 3541
27 2 3542
109 182 3543
94 83 3544
107 86 3545
105 114 3546
16 126 3547
27 103 3548
125 26 3549
15 69 3550
178 176 3551
173 61 3552
94 145 3553
64 105 3554
74 7 3555
94 135 3556
164 195 3557
46 5 3558
186 79 3559
134 23 3560
86 26 3561
53 8 3562
142 197 3563
178 144 3564
158 89 3565
125 27 3566
194 136 3567
92 17 3568
81 125 3569
152 19 3570
40 29 3571
150 155 3572
171 150 3573
9 189 3574
145 51 3575
94 70 3576
76 56 3577
124 187 3578
38 28 3579
6 29 3580
173 67 3581
197 40 3582
125 7 3583
78 101 3584
94 149 3585
166 36 3586
170 116 3587
95 74 3588
182 62 3589
143 31 3590
126 77 3591
40 135 3592
182 30 3593
101 183 3594
125 58 3595
65 89 3596
78 35 3597
57 138 3598
173 44 3599
65 190 3600
73 7 3601
29 77 3602
148 36 3603
193 10 3604
10 167 3605
141 169 3606
60 120 3607
148 62 3608
95 28 3609
12 169 3610
138 197 3611
135 110 3612
116 137 3613
160 174 3614
137 10 3615
134 66 3616
74 11 3617
117 96 3618
76 176 3619
151 51 3620
196 142 3621
114 85 3622
14 103 3623
107 200 3624
189 121 3625
134 175 3626
181 148 3627
160 147 3628
100 19 3629
165 67 3630
105 157 3631
1 163 3632
29 83 3633
70 190 3634
102 136 3635
90 55 3636
173 129 3637
197 181 3638
91 100 3639
62 65 3640
77 164 3641
117 36 3642
175 92 3643
52 150 3644
145 35 3645
146 21 3646
160 66 3647
86 92 3648
132 59 3649
196 164 3650
14 27 3651
31 57 3652
137 102 3653
122 110 3654
155 139 3655
100 110 3656
61 90 3657
54 35 3658
13 193 3659
171 75 3660
142 176 3661
7 67 3662
173 106 3663
178 162 3664
181 194 3665
107 169 3666
88 135 3667
61 157 3668
124 138 3669
8 92 3670
72 112 3671
59 64 3672
108 169 3673
70 67 3674
35 76 3675
43 184 3676
92 168 3677
64 171 3678
32 195 3679
148 110 3680
172 62 3681
82 115 3682
172 162 3683
145 141 3684
7 65 3685
164 48 3686
22 17 3687
121 164 3688
45 148 3689
8 173 3690
14 49 3691
59 99 3692
154 197 3693
149 27 3694
181 72 3695
73 17 3696
109 41 3697
170 139 3698
43 138 3699
128 194 3700
142 114 3701
16 54 3702
59 184 3703
124 118 3704
27 105 3705
156 74 3706
53 35 3707
132 103 3708
50 15 3709
95 44 3710
24 110 3711
130 97 3712
108 87 3713
88 41 3714
36 63 3715
128 106 3716
116 121 3717
79 153 3718
139 150 3719
149 138 3720
197 152 3721
139 69 3722
14 84 3723
134 146 3724
147 164 3725
16 155 3726
54 10 3727
32 164 3728
110 188 3729
40 163 3730
18 40 3731
46 184 3732
65 58 3733
86 36 3734
147 92 3735
134 36 3736
198 152 3737
156 40 3738
94 143 3739
94 18 3740
166 6 3741
63 45 3742
173 132 3743
21 76 3744
193 142 3745
23 56 3746
96 41 3747
97 95 3748
103 32 3749
25 7 3750
7 190 3751
185 139 3752
100 161 3753
6 65 3754
156 102 3755
83 117 3756
119 192 3757
170 191 3758
175 200 3759
28 174 3760
76 132 3761
165 29 3762
5 78 3763
48 175 3764
184 149 3765
129 25 3766
77 67 3767
154 172 3768
124 141 3769
41 168 3770
102 104 3771
18 1 3772
130 52 3773
155 129 3774
171 175 3775
82 178 3776
153 158 3777
43 5 3778
28 77 3779
135 11 3780
129 135 3781
99 191 3782
144 127 3783
162 120 3784
14 159 3785
37 51 3786
12 135 3787
48 192 3788
132 18 3789
58 15 3790
17 146 3791
128 167 3792
190 149 3793
185 183 3794
154 135 3795
188 89 3796
32 86 3797
141 126 3798
133 168 3799
7 185 3800
38 86 3801
114 119 3802
142 189 3803
97 161 3804
134 77 3805
53 104 3806
104 47 3807
16 120 3808
193 181 3809
135 34 3810
175 165 3811
72 54 3812
130 3 3813
9 15 3814
95 31 3815
6 118 3816
65 131 3817
192 4 3818
99 162 3819
127 4 3820
27 156 3821
106 180 3822
178 184 3823
168 50 3824
80 108 3825
182 127 3826
28 52 3827
150 22 3828
78 88 3829
21 47 3830
80 164 3831
124 102 3832
118 81 3833
108 19 3834
37 95 3835
70 59 3836
155 181 3837
171 26 3838
88 117 3839
39 18 3840
145 138 3841
191 4 3842
82 23 3843
139 167 3844
115 77 3845
158 82 3846
140 75 3847
42 18 3848
95 88 3849
168 80 3850
92 101 3851
170 175 3852
165 58 3853
68 115 3854
24 188 3855
128 161 3856
133 155 3857
36 59 3858
169 32 3859
121 126 3860
58 63 3861
67 137 3862
109 95 3863
152 13 3864
158 102 3865
85 160 3866
62 161 3867
143 123 3868
19 117 3869
43 7 3870
64 117 3871
6 89 3872
131 46 3873
149 106 3874
106 29 3875
5 50 3876
23 144 3877
87 164 3878
159 22 3879
140 136 3880
187 51 3881
58 98 3882
193 97 3883
102 12 3884
186 177 3885
75 12 3886
155 143 3887
87 77 3888
159 2 3889
25 55 3890
188 60 3891
152 25 3892
129 108 3893
157 138 3894
12 33 3895
113 82 3896
115 183 3897
172 197 3898
131 160 3899
78 124 3900
181 140 3901
57 196 3902
196 44 3903
134 178 3904
26 9 3905
172 57 3906
92 137 3907
29 17 3908
148 154 3909
69 78 3910
9 62 3911
15 117 3912
135 137 3913
136 138 3914
40 126 3915
64 21 3916
181 137 3917
193 155 3918
121 102 3919
1 158 3920
119 61 3921
104 23 3922
92 172 3923
107 147 3924
74 56 3925
10 94 3926
85 20 3927
51 159 3928
57 12 3929
7 155 3930
136 82 3931
89 11 3932
70 148 3933
16 13 3934
158 95 3935
86 168 3936
56 125 3937
15 133 3938
128 8 3939
5 179 3940
109 115 3941
168 173 3942
119 101 3943
156 147 3944
161 55 3945
99 73 3946
127 121 3947
198 169 3948
45 161 3949
39 2 3950
127 87 3951
18 77 3952
127 184 3953
79 114 3954
185 111 3955
21 177 3956
73 79 3957
116 122 3958
100 197 3959
152 66 3960
22 77 3961
136 105 3962
75 10 3963
128 75 3964
52 173 3965
140 164 3966
180 93 3967
22 168 3968
22 68 3969
190 183 3970
145 55 3971
59 147 3972
76 94 3973
14 147 3974
149 16 3975
30 101 3976
19 91 3977
76 37 3978
197 10 3979
135 167 3980
81 119 3981
185 110 3982
83 12 3983
100 193 3984
127 3 3985
95 7 3986
195 169 3987
124 101 3988
12 143 3989
140 77 3990
117 68 3991
162 115 3992
183 40 3993
93 20 3994
16 186 3995
23 195 3996
4 153 3997
103 140 3998
175 113 3999
48 196 4000
59 125 4001
192 122 4002
130 151 4003
91 107 4004
113 140 4005
139 116 4006
134 82 4007
191 12 4008
197 196 4009
52 55 4010
135 147 4011
145 195 4012
104 61 4013
71 112 4014
111 5 4015
78 42 4016
124 176 4017
194 157 4018
127 101 4019
9 125 4020
15 195 4021
96 196 4022
13 43 4023
177 141 4024
146 168 4025
29 25 4026
192 56 4027
137 149 4028
185 97 4029
15 188 4030
190 187 4031
96 56 4032
24 138 4033
20 165 4034
105 127 4035
53 28 4036
61 74 4037
86 190 4038
199 150 4039
73 123 4040
116 135 4041
75 116 4042
107 13 4043
130 118 4044
57 80 4045
109 200 4046
187 132 4047
162 103 4048
144 38 4049
116 185 4050
80 24 4051
12 35 4052
84 148 4053
34 86 4054
198 44 4055
184 32 4056
159 39 4057
154 151 4058
63 11 4059
26 174 4060
19 113 4061
52 65 4062
74 115 4063
74 75 4064
173 28 4065
70 50 4066
193 171 4067
135 156 4068
161 18 4069
70 162 4070
51 95 4071
182 76 4072
6 51 4073
58 103 4074
20 180 4075
168 57 4076
5 34 4077
128 191 4078
75 119 4079
63 171 4080
18 65 4081
65 97 4082
84 165 4083
161 89 4084
75 122 4085
136 73 4086
62 91 4087
98 91 4088
34 185 4089
192 53 4090
14 74 4091
26 192 4092
37 155 4093
190 138 4094
89 42 4095
45 78 4096
71 98 4097
54 127 4098
144 79 4099
146 12 4100
108 99 4101
85 45 4102
155 52 4103
156 5 4104
6 15 4105
58 70 4106
51 49 4107
43 198 4108
99 62 4109
50 7 4110
24 172 4111
162 156 4112
131 167 4113
64 86 4114
178 147 4115
163 142 4116
141 67 4117
52 8 4118
93 114 4119
167 199 4120
39 173 4121
47 192 4122
34 103 4123
186 193 4124
71 168 4125
197 5 4126
54 39 4127
73 93 4128
96 197 4129
67 144 4130
6 135 4131
106 105 4132
12 160 4133
144 75 4134
165 78 4135
196 88 4136
191 24 4137
34 142 4138
42 11 4139
114 89 4140
185 43 4141
83 69 4142
60 62 4143
29 150 4144
169 95 4145
184 151 4146
110 166 4147
182 177 4148
103 44 4149
18 163 4150
174 196 4151
34 69 4152
97 19 4153
114 149 4154
146 127 4155
138 83 4156
149 195 4157
104 38 4158
197 53 4159
184 118 4160
174 52 4161
79 111 4162
66 99 4163
97 119 4164
162 191 4165
158 26 4166
165 80 4167
23 78 4168
87 116 4169
41 52 4170
24 112 4171
39 69 4172
3 71 4173
34 141 4174
140 105 4175
106 126 4176
15 192 4177
50 52 4178
30 103 4179
120 81 4180
194 1 4181
104 178 4182
14 36 4183
43 31 4184
32 181 4185
111 156 4186
61 41 4187
56 93 4188
98 4 4189
146 185 4190
135 47 4191
13 187 4192
112 15 4193
95 149 4194
6 190 4195
169 144 4196
43 46 4197
130 147 4198
190 113 4199
125 144 4200
54 86 4201
60 10 4202
169 173 4203
190 29 4204
107 84 4205
96 22 4206
165 16 4207
155 134 4208
172 159 4209
200 123 4210
96 100 4211
91 165 4212
171 106 4213
58 82 4214
192 189 4215
26 137 4216
85 191 4217
123 53 4218
71 133 4219
179 106 4220
39 45 4221
1 177 4222
40 33 4223
118 171 4224
58 78 4225
149 2 4226
58 167 4227
174 190 4228
170 33 4229
66 52 4230
50 38 4231
33 22 4232
121 39 4233
147 165 4234
133 10 4235
159 5 4236
101 87 4237
65 118 4238
178 150 4239
73 167 4240
128 151 4241
4 189 4242
83 120 4243
153 113 4244
72 191 4245
93 103 4246
105 20 4247
145 107 4248
57 18 4249
154 66 4250
70 39 4251
35 171 4252
147 144 4253
55 178 4254
29 74 4255
16 116 4256
68 177 4257
59 172 4258
79 7 4259
114 200 4260
31 33 4261
92 181 4262
28 45 4263
175 145 4264
111 93 4265
70 112 4266
48 125 4267
70 53 4268
69 72 4269
184 142 4270
78 37 4271
117 48 4272
69 155 4273
124 185 4274
82 4 4275
121 98 4276
101 48 4277
28 188 4278
66 172 4279
46 144 4280
12 43 4281
141 27 4282
33 135 4283
128 32 4284
112 29 4285
51 156 4286
132 54 4287
30 150 4288
31 151 4289
102 176 4290
99 49 4291
139 194 4292
10 64 4293
170 185 4294
29 73 4295
99 105 4296
53 120 4297
36 108 4298
192 150 4299
198 76 4300
101 76 4301
29 198 4302
54 31 4303
6 27 4304
160 37 4305
122 64 4306
105 15 4307
91 80 4308
144 43 4309
19 22 4310
156 13 4311
142 143 4312
22 173 4313
157 40 4314
139 126 4315
120 62 4316
54 137 4317
93 101 4318
180 52 4319
128 130 4320
178 111 4321
19 58 4322
17 154 4323
129 72 4324
152 157 4325
142 168 4326
5 172 4327
47 179 4328
42 183 4329
171 160 4330
156 93 4331
177 4 4332
88 52 4333
80 102 4334
185 96 4335
50 161 4336
167 177 4337
19 194 4338
125 30 4339
33 91 4340
177 185 4341
140 100 4342
111 190 4343
86 1 4344
86 19 4345
7 130 4346
113 172 4347
7 72 4348
197 79 4349
128 3 4350
94 60 4351
190 150 4352
174 175 4353
143 174 4354
41 185 4355
77 177 4356
149 170 4357
124 163 4358
189 184 4359
196 134 4360
63 47 4361
88 32 4362
192 64 4363
47 130 4364
162 47 4365
99 26 4366
133 16 4367
170 78 4368
177 62 4369
175 59 4370
80 191 4371
147 6 4372
7 195 4373
20 126 4374
44 116 4375
171 158 4376
99 87 4377
164 101 4378
138 192 4379
95 85 4380
107 114 4381
36 28 4382
147 29 4383
15 122 4384
133 173 4385
95 140 4386
111 74 4387
52 151 4388
13 149 4389
80 32 4390
94 49 4391
157 111 4392
184 117 4393
68 29 4394
16 113 4395
121 69 4396
114 36 4397
155 39 4398
82 117 4399
80 103 4400
127 168 4401
6 124 4402
65 170 4403
52 92 4404
190 68 4405
76 181 4406
155 70 4407
176 130 4408
30 200 4409
32 24 4410
82 61 4411
29 113 4412
141 55 4413
161 4 4414
6 197 4415
199 134 4416
44 23 4417
169 96 4418
175 120 4419
151 122 4420
171 110 4421
79 128 4422
121 52 4423
24 173 4424
88 13 4425
137 178 4426
179 89 4427
5 188 4428
94 38 4429
1 72 4430
110 146 4431
110 54 4432
74 1 4433
139 102 4434
109 87 4435
58 37 4436
180 162 4437
43 93 4438
137 161 4439
39 177 4440
142 11 4441
142 149 4442
65 119 4443
93 17 4444
50 4 4445
40 20 4446
15 124 4447
104 188 4448
132 137 4449
95 178 4450
25 133 4451
17 99 4452
128 53 4453
13 194 4454
105 4 4455
48 77 4456
99 71 4457
96 103 4458
183 46 4459
130 104 4460
68 136 4461
33 130 4462
155 45 4463
21 11 4464
168 7 4465
23 108 4466
163 91 4467
30 32 4468
164 34 4469
69 182 4470
179 186 4471
105 29 4472
11 122 4473
112 93 4474
194 154 4475
186 185 4476
136 197 4477
178 86 4478
195 79 4479
42 30 4480
35 166 4481
197 8 4482
105 34 4483
74 177 4484
187 53 4485
144 106 4486
1 58 4487
163 143 4488
31 92 4489
88 152 4490
1 10 4491
133 182 4492
3 113 4493
122 17 4494
163 104 4495
1 107 4496
181 123 4497
144 21 4498
25 88 4499
92 173 4500
170 99 4501
126 164 4502
71 89 4503
42 112 4504
200 128 4505
39 59 4506
133 169 4507
59 30 4508
108 183 4509
78 65 4510
44 10 4511
39 7 4512
39 186 4513
86 163 4514
126 182 4515
37 156 4516
69 119 4517
163 25 4518
57 191 4519
82 190 4520
120 191 4521
170 178 4522
108 148 4523
92 127 4524
61 150 4525
126 3 4526
163 94 4527
189 87 4528
176 11 4529
199 31 4530
187 110 4531
167 35 4532
70 181 4533
32 37 4534
36 198 4535
105 35 4536
110 140 4537
130 73 4538
199 61 4539
136 199 4540
78 141 4541
91 36 4542
40 95 4543
109 194 4544
2 85 4545
69 82 4546
110 109 4547
187 186 4548
20 137 4549
13 51 4550
101 136 4551
70 120 4552
52 165 4553
70 19 4554
197 78 4555
100 121 4556
183 79 4557
64 30 4558
46 31 4559
100 144 4560
7 104 4561
80 97 4562
87 148 4563
50 26 4564
15 197 4565
94 192 4566
10 174 4567
81 4 4568
5 15 4569
167 196 4570
118 54 4571
48 171 4572
128 27 4573
43 25 4574
24 171 4575
170 25 4576
161 88 4577
167 34 4578
120 65 4579
57 158 4580
41 190 4581
200 130 4582
63 65 4583
146 10 4584
77 58 4585
75 136 4586
158 5 4587
85 57 4588
198 21 4589
138 175 4590
190 14 4591
105 118 4592
181 157 4593
136 44 4594
75 57 4595
5 41 4596
192 9 4597
13 181 4598
1 46 4599
30 136 4600
3 176 4601
86 161 4602
188 34 4603
141 42 4604
18 147 4605
142 39 4606
102 93 4607
136 135 4608
157 1 4609
87 43 4610
91 67 4611
142 154 4612
106 31 4613
161 147 4614
151 126 4615
10 183 4616
200 142 4617
61 132 4618
55 102 4619
71 192 4620
48 177 4621
126 142 4622
46 111 4623
154 47 4624
100 44 4625
123 149 4626
79 85 4627
106 125 4628
117 127 4629
180 80 4630
114 117 4631
121 27 4632
196 102 4633
83 109 4634
3 193 4635
139 72 4636
98 142 4637
155 111 4638
49 140 4639
82 114 4640
104 72 4641
93 192 4642
29 32 4643
143 93 4644
178 101 4645
102 125 4646
60 72 4647
123 126 4648
24 142 4649
92 192 4650
114 88 4651
25 100 4652
21 1 4653
168 93 4654
100 26 4655
44 84 4656
8 19 4657
19 153 4658
3 188 4659
129 7 4660
194 174 4661
150 54 4662
118 87 4663
164 176 4664
21 135 4665
176 96 4666
46 81 4667
118 142 4668
139 181 4669
111 21 4670
170 164 4671
186 98 4672
97 135 4673
176 16 4674
26 187 4675
28 71 4676
85 70 4677
34 159 4678
192 176 4679
143 90 4680
143 71 4681
127 120 4682
177 134 4683
14 127 4684
160 20 4685
45 113 4686
141 199 4687
137 166 4688
101 143 4689
160 185 4690
68 107 4691
77 169 4692
167 109 4693
156 159 4694
45 138 4695
43 27 4696
151 195 4697
34 92 4698
160 63 4699
67 82 4700
129 89 4701
129 188 4702
71 48 4703
127 100 4704
74 130 4705
192 180 4706
55 77 4707
73 55 4708
15 100 4709
66 57 4710
123 152 4711
175 46 4712
142 133 4713
117 145 4714
100 126 4715
161 60 4716
69 50 4717
88 189 4718
24 60 4719
8 158 4720
117 58 4721
147 171 4722
62 123 4723
93 24 4724
64 119 4725
131 85 4726
195 106 4727
198 55 4728
100 76 4729
127 187 4730
98 114 4731
96 167 4732
21 34 4733
10 188 4734
159 150 4735
56 132 4736
73 33 4737
153 133 4738
84 11 4739
113 93 4740
26 104 4741
18 156 4742
119 57 4743
87 126 4744
172 118 4745
82 43 4746
109 129 4747
106 147 4748
128 72 4749
15 63 4750
166 68 4751
77 80 4752
162 84 4753
13 91 4754
44 176 4755
180 193 4756
64 61 4757
66 178 4758
103 127 4759
62 110 4760
54 120 4761
97 152 4762
177 161 4763
19 71 4764
190 66 4765
54 68 4766
189 195 4767
42 4 4768
113 146 4769
189 178 4770
174 169 4771
7 139 4772
110 128 4773
109 116 4774
182 190 4775
172 164 4776
60 27 4777
53 115 4778
114 48 4779
148 147 4780
41 99 4781
187 166 4782
96 36 4783
81 2 4784
90 23 4785
23 5 4786
15 43 4787
87 171 4788
9 24 4789
156 25 4790
83 45 4791
86 37 4792
199 18 4793
40 3 4794
136 185 4795
40 165 4796
61 28 4797
125 110 4798
86 31 4799
173 180 4800
37 194 4801
105 195 4802
90 121 4803
53 24 4804
84 158 4805
63 120 4806
18 85 4807
91 3 4808
200 106 4809
49 149 4810
95 129 4811
144 77 4812
50 154 4813
108 40 4814
30 129 4815
13 77 4816
144 83 4817
150 173 4818
55 122 4819
186 129 4820
101 63 4821
181 57 4822
53 52 4823
109 112 4824
53 18 4825
64 108 4826
192 28 4827
74 175 4828
77 188 4829
145 9 4830
83 37 4831
164 160 4832
58 133 4833
60 152 4834
116 18 4835
27 190 4836
66 5 4837
199 53 4838
20 43 4839
194 6 4840
167 116 4841
139 42 4842
129 123 4843
109 66 4844
164 18 4845
100 185 4846
22 133 4847
139 26 4848
146 5 4849
91 27 4850
164 11 4851
35 47 4852
63 126 4853
169 194 4854
65 169 4855
186 48 4856
190 160 4857
164 107 4858
198 12 4859
60 40 4860
99 193 4861
83 128 4862
112 16 4863
198 161 4864
34 45 4865
103 69 4866
197 83 4867
167 25 4868
19 26 4869
14 173 4870
86 186 4871
30 91 4872
33 41 4873
49 159 4874
164 75 4875
24 99 4876
126 115 4877
188 109 4878
173 156 4879
145 43 4880
35 100 4881
101 105 4882
194 64 4883
78 84 4884
107 99 4885
189 118 4886
58 132 4887
41 72 4888
188 32 4889
163 145 4890
72 13 4891
33 111 4892
140 130 4893
192 88 4894
98 9 4895
117 12 4896
92 176 4897
56 200 4898
171 73 4899
58 116 4900
50 35 4901
7 163 4902
139 179 4903
125 134 4904
47 140 4905
95 66 4906
54 156 4907
26 55 4908
75 15 4909
13 84 4910
181 168 4911
181 22 4912
42 33 4913
90 163 4914
147 103 4915
117 77 4916
105 156 4917
75 152 4918
79 67 4919
18 55 4920
3 112 4921
82 54 4922
42 81 4923
125 115 4924
133 197 4925
71 169 4926
69 104 4927
139 124 4928
186 60 4929
191 89 4930
58 168 4931
140 13 4932
34 57 4933
121 183 4934
192 127 4935
21 141 4936
151 125 4937
91 177 4938
94 150 4939
155 136 4940
24 139 4941
75 106 4942
187 87 4943
134 141 4944
29 72 4945
47 13 4946
180 186 4947
46 169 4948
178 112 4949
112 84 4950
22 61 4951
10 41 4952
73 51 4953
182 184 4954
37 9 4955
160 107 4956
18 56 4957
29 172 4958
37 10 4959
1 79 4960
188 183 4961
107 61 4962
21 69 4963
152 23 4964
29 58 4965
174 32 4966
17 170 4967
90 187 4968
51 93 4969
150 161 4970
36 84 4971
6 11 4972
131 97 4973
198 4 4974
87 19 4975
180 19 4976
38 157 4977
28 44 4978
85 137 4979
79 129 4980
113 121 4981
193 159 4982
58 73 4983
23 106 4984
137 105 4985
153 16 4986
175 78 4987
171 85 4988
95 21 4989
104 13 4990
60 67 4991
125 92 4992
5 162 4993
42 167 4994
73 126 4995
149 60 4996
111 115 4997
38 46 4998
26 84 4999
159 183 5000
175 8 5001
113 122 5002
188 139 5003
124 129 5004
76 29 5005
91 73 5006
47 193 5007
90 32 5008
108 93 5009
91 119 5010
184 144 5011
120 158 5012
67 172 5013
47 1 5014
110 195 5015
152 161 5016
165 115 5017
52 168 5018
135 195 5019
10 82 5020
111 95 5021
176 51 5022
5 127 5023
140 58 5024
146 52 5025
36 8 5026
52 164 5027
193 25 5028
21 195 5029
137 106 5030
98 119 5031
195 167 5032
39 71 5033
105 80 5034
166 151 5035
137 32 5036
199 191 5037
146 16 5038
141 121 5039
67 181 5040
90 110 5041
126 91 5042
183 89 5043
104 156 5044
146 126 5045
196 34 5046
89 43 5047
122 108 5048
200 90 5049
128 43 5050
149 131 5051
12 66 5052
42 122 5053
175 67 5054
22 67 5055
166 2 5056
118 168 5057
56 12 5058
191 68 5059
165 114 5060
170 129 5061
26 193 5062
178 156 5063
125 130 5064
13 1 5065
11 16 5066
89 84 5067
103 110 5068
62 166 5069
94 132 5070
103 139 5071
80 129 5072
95 160 5073
157 193 5074
193 160 5075
31 27 5076
183 67 5077
97 20 5078
90 41 5079
3 182 5080
151 120 5081
136 74 5082
114 69 5083
181 86 5084
98 76 5085
163 125 5086
151 37 5087
160 120 5088
105 76 5089
98 83 5090
106 85 5091
181 30 5092
89 40 5093
50 59 5094
66 29 5095
167 59 5096
113 139 5097
1 96 5098
125 87 5099
39 172 5100
134 50 5101
172 133 5102
112 28 5103
5 93 5104
138 141 5105
31 78 5106
147 132 5107
2 89 5108
103 167 5109
185 138 5110
106 197 5111
10 45 5112
190 46 5113
70 183 5114
132 45 5115
200 49 5116
173 94 5117
150 116 5118
120 167 5119
24 13 5120
53 1 5121
80 124 5122
5 27 5123
157 81 5124
183 173 5125
116 94 5126
181 162 5127
71 185 5128
153 22 5129
192 190 5130
162 48 5131
183 187 5132
164 149 5133
56 8 5134
8 154 5135
45 125 5136
161 77 5137
96 2 5138
102 38 5139
106 199 5140
73 102 5141
99 106 5142
27 142 5143
47 113 5144
183 93 5145
30 115 5146
20 25 5147
108 38 5148
169 94 5149
94 196 5150
88 183 5151
148 73 5152
88 144 5153
51 165 5154
175 15 5155
3 185 5156
52 142 5157
8 73 5158
26 63 5159
56 148 5160
183 149 5161
69 84 5162
143 188 5163
17 192 5164
195 5 5165
31 175 5166
120 104 5167
17 25 5168
181 18 5169
81 87 5170
113 171 5171
163 98 5172
104 155 5173
161 72 5174
162 149 5175
82 97 5176
63 187 5177
90 185 5178
153 95 5179
176 24 5180
40 111 5181
39 188 5182
25 155 5183
85 101 5184
42 103 5185
22 179 5186
165 187 5187
145 155 5188
107 113 5189
18 117 5190
23 29 5191
35 4 5192
46 182 5193
11 140 5194
92 62 5195
107 62 5196
115 161 5197
22 58 5198
172 8 5199
8 38 5200
95 182 5201
194 137 5202
147 20 5203
103 199 5204
148 165 5205
155 107 5206
1 102 5207
109 199 5208
19 23 5209
185 81 5210
35 119 5211
70 28 5212
97 129 5213
196 143 5214
9 63 5215
154 136 5216
1 183 5217
49 173 5218
23 50 5219
119 162 5220
161 193 5221
198 101 5222
88 44 5223
118 67 5224
2 116 5225
117 138 5226
6 79 5227
169 82 5228
187 73 5229
86 99 5230
29 47 5231
162 26 5232
114 71 5233
132 64 5234
195 66 5235
45 142 5236
125 70 5237
14 189 5238
86 130 5239
191 129 5240
158 83 5241
33 92 5242
198 83 5243
53 142 5244
129 53 5245
72 168 5246
7 193 5247
84 94 5248
67 59 5249
29 107 5250
9 70 5251
32 154 5252
153 30 5253
14 21 5254
36 56 5255
153 173 5256
192 130 5257
141 166 5258
192 79 5259
82 36 5260
87 159 5261
10 89 5262
11 95 5263
62 15 5264
89 120 5265
88 9 5266
123 25 5267
86 131 5268
12 89 5269
200 136 5270
41 16 5271
176 147 5272
96 91 5273
72 171 5274
180 83 5275
160 115 5276
187 50 5277
121 104 5278
113 157 5279
16 93 5280
193 30 5281
137 101 5282
22 2 5283
42 186 5284
174 2 5285
119 12 5286
6 71 5287
108 173 5288
6 82 5289
27 95 5290
140 33 5291
51 150 5292
97 21 5293
90 84 5294
25 147 5295
168 45 5296
139 15 5297
61 47 5298
40 93 5299
4 78 5300
18 106 5301
161 192 5302
115 128 5303
58 145 5304
22 138 5305
144 63 5306
82 21 5307
115 180 5308
8 66 5309
46 128 5310
133 145 5311
91 198 5312
35 140 5313
129 58 5314
154 164 5315
157 56 5316
167 69 5317
138 29 5318
28 27 5319
17 144 5320
168 46 5321
149 18 5322
157 75 5323
73 77 5324
10 67 5325
153 13 5326
6 2 5327
87 135 5328
134 172 5329
74 6 5330
40 166 5331
132 161 5332
27 8 5333
131 162 5334
18 24 5335
133 156 5336
47 12 5337
13 58 5338
166 132 5339
73 66 5340
145 176 5341
37 161 5342
119 107 5343
87 50 5344
163 170 5345
165 24 5346
47 165 5347
94 34 5348
70 8 5349
139 32 5350
8 165 5351
91 115 5352
200 190 5353
78 155 5354
73 61 5355
166 159 5356
33 178 5357
7 70 5358
72 130 5359
194 98 5360
177 180 5361
189 33 5362
71 12 5363
156 172 5364
72 169 5365
144 119 5366
155 120 5367
145 16 5368
149 158 5369
149 178 5370
129 192 5371
97 74 5372
182 125 5373
13 128 5374
137 36 5375
181 42 5376
198 155 5377
41 161 5378
76 12 5379
156 155 5380
164 98 5381
16 101 5382
185 67 5383
195 101 5384
13 139 5385
61 121 5386
102 193 5387
83 141 5388
181 35 5389
10 192 5390
198 128 5391
109 54 5392
108 160 5393
73 103 5394
48 67 5395
3 27 5396
75 79 5397
21 110 5398
166 105 5399
177 178 5400
155 187 5401
16 50 5402
84 29 5403
70 76 5404
97 22 5405
101 177 5406
135 46 5407
174 44 5408
2 57 5409
161 107 5410
83 139 5411
15 199 5412
104 179 5413
58 39 5414
74 82 5415
141 12 5416
38 181 5417
162 10 5418
63 61 5419
120 34 5420
51 197 5421
25 57 5422
125 96 5423
52 19 5424
30 79 5425
49 87 5426
102 34 5427
40 64 5428
110 17 5429
147 191 5430
99 84 5431
122 99 5432
97 14 5433
24 130 5434
9 130 5435
21 16 5436
134 198 5437
67 12 5438
52 56 5439
63 154 5440
95 35 5441
53 100 5442
114 168 5443
167 157 5444
62 105 5445
77 38 5446
64 96 5447
175 43 5448
89 55 5449
87 60 5450
149 173 5451
22 31 5452
35 179 5453
161 84 5454
142 170 5455
118 93 5456
3 105 5457
61 143 5458
159 26 5459
59 15 5460
116 88 5461
183 86 5462
140 83 5463
13 31 5464
7 61 5465
157 9 5466
188 173 5467
52 58 5468
122 34 5469
77 119 5470
147 192 5471
54 8 5472
129 122 5473
171 78 5474
131 71 5475
143 67 5476
61 24 5477
127 197 5478
174 4 5479
26 129 5480
78 162 5481
65 56 5482
77 124 5483
146 152 5484
198 108 5485
85 65 5486
146 166 5487
156 73 5488
182 35 5489
174 56 5490
45 58 5491
152 12 5492
167 154 5493
110 78 5494
63 68 5495
49 66 5496
140 73 5497
104 62 5498
190 75 5499
127 46 5500
37 107 5501
120 109 5502
29 127 5503
21 102 5504
170 10 5505
157 64 5506
157 195 5507
48 190 5508
166 31 5509
159 135 5510
126 184 5511
101 17 5512
2 32 5513
33 173 5514
163 88 5515
1 68 5516
20 72 5517
68 146 5518
87 111 5519
89 39 5520
140 177 5521
42 151 5522
118 159 5523
48 54 5524
97 4 5525
134 127 5526
163 157 5527
177 143 5528
177 128 5529
41 38 5530
167 87 5531
157 60 5532
11 50 5533
45 25 5534
85 17 5535
114 32 5536
180 170 5537
47 181 5538
193 98 5539
25 89 5540
20 200 5541
133 41 5542
22 193 5543
86 40 5544
92 111 5545
115 46 5546
105 183 5547
43 9 5548
17 60 5549
6 62 5550
167 175 5551
103 105 5552
69 143 5553
172 192 5554
44 144 5555
172 19 5556
74 102 5557
140 200 5558
79 152 5559
177 76 5560
185 22 5561
95 60 5562
107 17 5563
106 116 5564
152 31 5565
44 56 5566
124 70 5567
200 185 5568
47 138 5569
112 150 5570
110 70 5571
172 99 5572
59 196 5573
27 61 5574
123 185 5575
136 47 5576
170 171 5577
30 72 5578
12 72 5579
69 157 5580
134 144 5581
102 167 5582
146 187 5583
52 177 5584
83 14 5585
27 182 5586
1 56 5587
100 4 5588
141 137 5589
97 41 5590
39 132 5591
119 174 5592
62 192 5593
94 4 5594
40 193 5595
162 130 5596
62 125 5597
53 165 5598
110 155 5599
123 99 5600
154 36 5601
91 84 5602
107 117 5603
179 113 5604
163 129 5605
199 128 5606
98 190 5607
64 92 5608
87 80 5609
183 83 5610
22 120 5611
48 130 5612
135 2 5613
49 192 5614
20 181 5615
177 5 5616
57 16 5617
40 76 5618
136 100 5619
35 41 5620
148 32 5621
162 52 5622
105 30 5623
108 166 5624
35 48 5625
146 35 5626
105 8 5627
160 137 5628
188 40 5629
172 46 5630
195 36 5631
186 125 5632
128 61 5633
161 151 5634
36 76 5635
30 104 5636
194 55 5637
19 186 5638
151 132 5639
150 45 5640
1 54 5641
119 59 5642
55 123 5643
151 99 5644
103 84 5645
55 2 5646
65 88 5647
11 34 5648
93 104 5649
111 38 5650
55 74 5651
8 174 5652
114 145 5653
126 158 5654
9 133 5655
44 154 5656
139 98 5657
90 155 5658
102 9 5659
182 15 5660
79 92 5661
187 75 5662
189 158 5663
200 48 5664
68 41 5665
71 197 5666
70 149 5667
42 49 5668
14 139 5669
176 81 5670
82 48 5671
74 165 5672
63 124 5673
39 21 5674
127 60 5675
180 7 5676
65 198 5677
66 142 5678
82 118 5679
23 40 5680
187 102 5681
160 103 5682
101 28 5683
120 177 5684
165 166 5685
175 168 5686
38 176 5687
180 77 5688
124 91 5689
144 150 5690
27 42 5691
18 115 5692
164 141 5693
132 199 5694
97 31 5695
39 164 5696
182 8 5697
193 70 5698
187 16 5699
148 24 5700
103 123 5701
68 95 5702
49 78 5703
61 40 5704
17 200 5705
157 16 5706
200 182 5707
61 43 5708
98 136 5709
164 127 5710
190 189 5711
4 62 5712
39 13 5713
133 61 5714
26 114 5715
188 132 5716
32 118 5717
46 137 5718
101 147 5719
58 174 5720
168 98 5721
76 165 5722
37 128 5723
142 28 5724
185 35 5725
78 111 5726
76 8 5727
122 56 5728
11 165 5729
56 10 5730
89 121 5731
185 2 5732
158 4 5733
20 121 5734
79 13 5735
124 137 5736
14 158 5737
22 56 5738
55 127 5739
142 173 5740
95 20 5741
185 21 5742
162 49 5743
143 85 5744
74 133 5745
156 114 5746
137 16 5747
92 51 5748
124 133 5749
150 191 5750
171 153 5751
182 178 5752
169 130 5753
184 187 5754
147 149 5755
144 164 5756
13 80 5757
198 131 5758
74 38 5759
98 124 5760
13 166 5761
23 70 5762
53 68 5763
147 36 5764
90 131 5765
75 6 5766
171 19 5767
157 77 5768
177 96 5769
27 158 5770
191 184 5771
185 26 5772
111 103 5773
52 159 5774
194 130 5775
161 176 5776
196 171 5777
107 16 5778
80 181 5779
113 128 5780
196 91 5781
79 138 5782
27 129 5783
132 129 5784
187 106 5785
144 121 5786
29 36 5787
129 177 5788
14 199 5789
77 191 5790
74 63 5791
194 123 5792
177 139 5793
136 168 5794
39 81 5795
104 20 5796
14 188 5797
148 104 5798
97 10 5799
172 80 5800
165 109 5801
19 5 5802
170 98 5803
196 40 5804
106 8 5805
196 111 5806
34 173 5807
189 162 5808
154 140 5809
190 77 5810
82 194 5811
190 184 5812
70 41 5813
77 46 5814
174 184 5815
200 174 5816
81 1 5817
42 164 5818
196 41 5819
154 198 5820
60 189 5821
90 45 5822
118 116 5823
145 11 5824
40 7 5825
149 126 5826
23 34 5827
150 143 5828
28 83 5829
22 43 5830
122 170 5831
189 8 5832
190 152 5833
27 17 5834
94 162 5835
58 28 5836
166 181 5837
198 174 5838
33 153 5839
93 196 5840
51 155 5841
80 153 5842
91 127 5843
5 108 5844
110 31 5845
10 107 5846
158 200 5847
76 30 5848
109 37 5849
49 133 5850
52 89 5851
77 118 5852
171 139 5853
35 19 5854
6 22 5855
179 103 5856
155 178 5857
4 70 5858
11 1 5859
133 64 5860
82 159 5861
184 153 5862
33 5 5863
54 135 5864
32 12 5865
52 152 5866
73 50 5867
124 7 5868
22 55 5869
194 26 5870
48 55 5871
141 122 5872
136 38 5873
16 118 5874
128 172 5875
157 65 5876
90 17 5877
128 197 5878
5 61 5879
152 131 5880
136 132 5881
86 149 5882
176 14 5883
184 20 5884
109 75 5885
29 124 5886
86 24 5887
115 99 5888
101 112 5889
37 8 5890
123 139 5891
133 23 5892
133 186 5893
87 144 5894
15 115 5895
37 180 5896
147 177 5897
158 25 5898
36 39 5899
162 37 5900
160 156 5901
171 91 5902
188 38 5903
108 136 5904
134 39 5905
184 51 5906
99 69 5907
33 155 5908
79 56 5909
87 195 5910
60 151 5911
152 71 5912
78 22 5913
33 10 5914
55 69 5915
191 189 5916
9 171 5917
53 162 5918
80 174 5919
34 14 5920
44 41 5921
11 81 5922
96 134 5923
15 186 5924
47 184 5925
80 142 5926
44 164 5927
98 175 5928
56 86 5929
72 167 5930
39 174 5931
68 83 5932
73 134 5933
162 160 5934
187 199 5935
72 115 5936
52 10 5937
21 124 5938
74 155 5939
3 26 5940
28 98 5941
85 22 5942
16 97 5943
138 126 5944
123 127 5945
178 191 5946
171 97 5947
160 159 5948
33 17 5949
149 176 5950
123 80 5951
119 60 5952
119 50 5953
45 112 5954
17 155 5955
70 141 5956
11 149 5957
153 197 5958
151 137 5959
155 185 5960
161 148 5961
29 192 5962
59 100 5963
173 181 5964
200 195 5965
175 118 5966
105 6 5967
93 8 5968
55 144 5969
175 38 5970
55 170 5971
48 96 5972
25 153 5973
168 159 5974
94 200 5975
9 150 5976
61 112 5977
98 62 5978
94 154 5979
156 148 5980
164 69 5981
52 23 5982
196 129 5983
56 40 5984
115 146 5985
29 195 5986
184 161 5987
14 17 5988
155 192 5989
196 163 5990
75 20 5991
85 80 5992
108 155 5993
170 118 5994
38 145 5995
91 17 5996
10 110 5997
93 50 5998
147 91 5999
65 155 6000
184 68 6001
17 177 6002
11 124 6003
90 197 6004
114 155 6005
48 49 6006
4 167 6007
117 115 6008
122 128 6009
8 77 6010
84 56 6011
147 169 6012
175 66 6013
41 128 6014
43 147 6015
200 193 6016
113 194 6017
172 85 6018
41 170 6019
144 172 6020
38 149 6021
117 14 6022
155 199 6023
40 74 6024
178 135 6025
11 48 6026
126 52 6027
19 144 6028
187 83 6029
164 83 6030
65 40 6031
61 188 6032
195 150 6033
83 15 6034
78 172 6035
116 142 6036
177 127 6037
171 39 6038
136 109 6039
97 78 6040
120 116 6041
181 164 6042
70 164 6043
87 75 6044
123 162 6045
54 180 6046
64 97 6047
195 53 6048
137 61 6049
143 81 6050
93 152 6051
197 45 6052
174 12 6053
23 86 6054
165 12 6055
95 146 6056
109 172 6057
161 190 6058
158 70 6059
99 110 6060
197 52 6061
108 130 6062
48 168 6063
158 30 6064
88 29 6065
15 141 6066
41 145 6067
152 163 6068
139 21 6069
92 36 6070
196 139 6071
62 23 6072
94 105 6073
154 64 6074
49 25 6075
101 82 6076
138 54 6077
80 21 6078
170 18 6079
195 136 6080
197 182 6081
173 77 6082
164 37 6083
139 12 6084
169 122 6085
138 84 6086
189 159 6087
151 121 6088
197 77 6089
77 31 6090
188 52 6091
166 66 6092
165 90 6093
22 15 6094
98 134 6095
86 7 6096
169 99 6097
30 65 6098
131 59 6099
17 120 6100
153 32 6101
64 182 6102
176 117 6103
134 188 6104
82 199 6105
103 57 6106
35 142 6107
19 129 6108
152 194 6109
79 38 6110
183 154 6111
91 117 6112
77 76 6113
101 99 6114
56 159 6115
74 172 6116
29 4 6117
114 196 6118
30 81 6119
70 31 6120
21 85 6121
70 38 6122
147 131 6123
2 76 6124
127 194 6125
28 169 6126
104 183 6127
133 143 6128
156 194 6129
58 24 6130
101 179 6131
10 92 6132
141 23 6133
18 109 6134
2 171 6135
198 3 6136
50 104 6137
53 176 6138
42 173 6139
177 85 6140
113 87 6141
111 166 6142
20 183 6143
170 160 6144
161 53 6145
85 140 6146
62 20 6147
190 109 6148
3 57 6149
24 132 6150
54 13 6151
178 100 6152
1 45 6153
184 84 6154
61 9 6155
62 79 6156
109 46 6157
64 189 6158
50 75 6159
174 157 6160
65 72 6161
59 89 6162
5 52 6163
4 20 6164
139 135 6165
163 36 6166
133 39 6167
147 35 6168
122 172 6169
114 39 6170
89 116 6171
18 14 6172
91 43 6173
158 154 6174
15 94 6175
155 11 6176
24 119 6177
186 23 6178
74 141 6179
44 37 6180
74 36 6181
58 55 6182
131 87 6183
176 70 6184
88 128 6185
185 144 6186
198 114 6187
26 66 6188
162 60 6189
190 123 6190
75 143 6191
33 156 6192
11 39 6193
36 125 6194
137 107 6195
126 143 6196
151 145 6197
174 91 6198
184 55 6199
32 81 6200
