200 300 300
20 41 1
145 94 2
78 142 3
92 32 4
65 171 5
75 122 6
17 169 7
79 19 8
142 136 9
114 116 10
116 78 11
41 130 12
168 57 13
92 152 14
126 151 15
40 172 16
184 59 17
194 57 18
95 140 19
48 51 20
97 33 21
90 54 22
133 30 23
11 175 24
71 169 25
21 123 26
145 174 27
30 198 28
117 161 29
112 133 30
62 58 31
13 8 32
112 1 33
40 119 34
75 196 35
195 31 36
85 77 37
47 52 38
183 131 39
20 25 40
62 83 41
88 9 42
172 180 43
98 172 44
196 171 45
163 28 46
68 2 47
35 165 48
185 138 49
104 20 50
60 137 51
98 154 52
102 153 53
16 76 54
75 115 55
13 50 56
177 5 57
83 112 58
171 24 59
74 6 60
7 186 61
59 164 62
66 188 63
68 22 64
35 179 65
22 42 66
180 89 67
6 124 68
98 159 69
183 146 70
82 76 71
30 174 72
21 154 73
24 166 74
28 166 75
9 184 76
9 147 77
145 98 78
133 126 79
130 3 80
157 43 81
68 55 82
63 35 83
39 105 84
119 21 85
155 72 86
134 81 87
102 81 88
92 192 89
129 130 90
190 163 91
76 8 92
43 185 93
27 187 94
197 82 95
67 64 96
40 132 97
187 93 98
74 130 99
45 155 100
19 29 101
167 149 102
38 29 103
191 27 104
1 23 105
40 61 106
197 124 107
4 52 108
125 96 109
184 87 110
40 45 111
194 136 112
46 70 113
44 151 114
125 115 115
137 106 116
7 41 117
191 182 118
95 176 119
129 72 120
53 125 121
63 100 122
150 7 123
67 109 124
40 144 125
70 168 126
70 162 127
157 53 128
150 37 129
13 18 130
81 141 131
6 135 132
154 177 133
162 80 134
200 189 135
187 166 136
85 150 137
157 143 138
36 194 139
198 56 140
67 106 141
186 92 142
191 138 143
184 157 144
70 28 145
40 103 146
141 150 147
77 15 148
14 139 149
22 120 150
66 90 151
68 136 152
31 29 153
200 39 154
108 114 155
60 34 156
92 199 157
114 58 158
189 185 159
85 128 160
168 30 161
61 10 162
33 152 163
117 17 164
129 165 165
5 168 166
149 195 167
199 125 168
200 60 169
74 187 170
45 69 171
178 13 172
171 4 173
117 191 174
99 170 175
40 145 176
170 110 177
71 68 178
74 66 179
150 108 180
141 27 181
110 179 182
155 200 183
19 107 184
90 129 185
85 40 186
162 122 187
38 128 188
42 151 189
182 73 190
63 171 191
85 102 192
141 183 193
45 156 194
140 13 195
43 101 196
11 84 197
75 91 198
77 169 199
62 148 200
66 137 201
71 9 202
188 20 203
99 95 204
87 42 205
14 127 206
146 26 207
108 11 208
155 65 209
85 113 210
144 12 211
116 67 212
24 121 213
144 92 214
118 93 215
12 169 216
109 116 217
72 30 218
27 127 219
9 16 220
71 167 221
106 126 222
170 97 223
173 137 224
50 22 225
119 178 226
71 74 227
7 48 228
23 59 229
187 181 230
164 127 231
197 57 232
91 60 233
52 118 234
188 57 235
189 75 236
92 181 237
157 74 238
146 194 239
2 111 240
78 38 241
11 49 242
186 117 243
155 87 244
114 200 245
98 103 246
186 82 247
38 131 248
135 86 249
19 46 250
72 71 251
18 158 252
154 139 253
116 171 254
77 62 255
165 29 256
175 44 257
90 146 258
57 89 259
122 156 260
40 63 261
66 2 262
62 90 263
65 88 264
18 12 265
198 25 266
100 96 267
36 47 268
63 160 269
18 104 270
110 128 271
77 179 272
53 93 273
71 46 274
143 5 275
133 61 276
59 196 277
107 84 278
45 20 279
30 38 280
184 99 281
194 101 282
92 197 283
70 173 284
12 43 285
44 164 286
178 116 287
191 36 288
146 14 289
137 190 290
32 118 291
123 120 292
49 140 293
147 79 294
63 124 295
15 168 296
82 193 297
178 134 298
47 130 299
58 3 300
