200 1700 1700
181 123 1
91 161 2
144 53 3
163 28 4
41 72 5
29 83 6
43 25 7
183 182 8
140 13 9
115 77 10
96 11 11
17 47 12
133 183 13
80 35 14
142 117 15
108 159 16
15 186 17
71 100 18
52 81 19
93 126 20
95 94 21
190 169 22
153 18 23
18 135 24
23 59 25
183 131 26
53 100 27
3 182 28
95 18 29
142 129 30
85 156 31
102 34 32
127 67 33
83 141 34
136 23 35
157 1 36
10 182 37
82 120 38
165 90 39
123 6 40
136 3 41
39 51 42
60 27 43
64 99 44
184 87 45
175 8 46
197 5 47
8 104 48
98 154 49
123 88 50
141 169 51
170 160 52
141 12 53
80 149 54
101 169 55
33 77 56
102 112 57
183 93 58
45 119 59
32 74 60
37 156 61
24 162 62
127 4 63
8 11 64
34 43 65
82 115 66
67 12 67
151 121 68
195 5 69
55 74 70
146 16 71
155 134 72
196 91 73
23 70 74
9 188 75
16 171 76
94 156 77
159 54 78
148 152 79
86 131 80
34 91 81
155 200 82
189 159 83
178 101 84
86 30 85
5 123 86
160 159 87
39 71 88
38 145 89
100 44 90
115 134 91
142 54 92
165 24 93
58 33 94
106 91 95
96 156 96
14 84 97
72 3 98
183 146 99
42 49 100
102 104 101
1 126 102
190 55 103
61 41 104
57 18 105
104 34 106
129 28 107
106 180 108
27 62 109
60 128 110
172 93 111
82 117 112
181 42 113
39 101 114
111 21 115
88 9 116
152 184 117
90 164 118
183 89 119
191 141 120
1 151 121
187 139 122
61 100 123
22 92 124
171 85 125
182 76 126
132 18 127
98 103 128
106 143 129
140 81 130
97 14 131
110 128 132
171 139 133
182 127 134
33 128 135
162 120 136
134 198 137
126 91 138
78 62 139
140 3 140
129 140 141
108 144 142
110 146 143
107 200 144
149 43 145
145 13 146
2 49 147
160 37 148
179 48 149
43 42 150
7 102 151
195 18 152
80 100 153
103 161 154
45 107 155
143 93 156
140 57 157
185 196 158
83 12 159
129 188 160
191 55 161
99 161 162
154 36 163
99 114 164
173 1 165
174 31 166
112 93 167
53 157 168
41 130 169
90 110 170
53 21 171
91 137 172
92 126 173
39 28 174
69 72 175
121 34 176
41 169 177
126 185 178
55 167 179
26 83 180
9 83 181
18 117 182
65 155 183
66 33 184
80 142 185
121 27 186
8 160 187
98 117 188
194 101 189
99 116 190
125 38 191
155 127 192
145 188 193
66 112 194
35 48 195
24 200 196
19 26 197
43 69 198
62 123 199
163 145 200
52 173 201
19 167 202
35 86 203
110 166 204
10 174 205
117 87 206
65 136 207
77 169 208
143 57 209
189 198 210
125 5 211
176 51 212
194 57 213
60 120 214
196 27 215
48 55 216
125 191 217
51 58 218
186 165 219
73 166 220
63 126 221
26 186 222
84 73 223
157 51 224
46 157 225
26 189 226
96 2 227
161 118 228
155 110 229
96 91 230
181 72 231
7 176 232
33 108 233
132 9 234
32 22 235
101 141 236
32 194 237
50 52 238
146 184 239
135 4 240
27 33 241
48 171 242
191 26 243
58 98 244
90 84 245
137 11 246
186 193 247
68 136 248
172 118 249
95 40 250
9 123 251
58 137 252
93 22 253
78 101 254
78 114 255
187 171 256
175 12 257
152 38 258
155 174 259
182 1 260
19 154 261
167 116 262
78 35 263
164 37 264
141 126 265
164 50 266
136 172 267
121 98 268
171 135 269
141 27 270
185 59 271
177 6 272
136 75 273
29 177 274
48 14 275
86 87 276
59 15 277
167 130 278
187 142 279
104 148 280
58 145 281
169 130 282
119 56 283
13 180 284
162 48 285
156 42 286
89 62 287
93 60 288
94 18 289
82 76 290
109 87 291
138 141 292
22 192 293
189 195 294
143 65 295
101 123 296
155 109 297
144 120 298
158 30 299
158 130 300
194 136 301
199 157 302
145 195 303
180 49 304
22 83 305
163 176 306
172 159 307
73 51 308
195 167 309
195 46 310
96 75 311
164 67 312
53 138 313
101 107 314
150 116 315
195 98 316
97 19 317
168 147 318
149 12 319
21 47 320
49 73 321
79 106 322
116 161 323
106 175 324
15 156 325
14 85 326
73 192 327
54 61 328
199 125 329
193 130 330
50 15 331
45 161 332
178 86 333
107 59 334
61 105 335
129 89 336
158 89 337
58 28 338
143 35 339
69 143 340
41 181 341
27 198 342
161 29 343
177 5 344
111 133 345
97 187 346
142 79 347
180 190 348
116 14 349
58 196 350
27 2 351
183 173 352
125 96 353
70 19 354
81 167 355
87 54 356
171 200 357
40 34 358
40 199 359
77 31 360
41 162 361
37 107 362
122 158 363
147 120 364
63 124 365
70 83 366
56 111 367
113 152 368
58 70 369
107 84 370
24 87 371
11 49 372
22 61 373
86 7 374
150 114 375
186 158 376
41 79 377
197 10 378
97 26 379
117 21 380
197 168 381
73 109 382
22 43 383
168 113 384
55 156 385
130 3 386
162 77 387
170 164 388
105 14 389
141 198 390
88 1 391
143 113 392
23 183 393
106 24 394
198 149 395
162 20 396
134 144 397
137 158 398
127 60 399
44 22 400
93 17 401
196 200 402
33 153 403
19 29 404
145 11 405
158 5 406
152 131 407
128 53 408
165 58 409
14 127 410
54 3 411
30 38 412
163 98 413
169 96 414
164 18 415
102 166 416
37 161 417
191 64 418
69 157 419
21 10 420
58 136 421
172 177 422
70 78 423
29 175 424
149 62 425
134 95 426
72 10 427
87 172 428
188 32 429
188 89 430
107 169 431
14 157 432
147 198 433
5 162 434
13 80 435
63 83 436
67 29 437
77 164 438
15 169 439
93 173 440
188 42 441
133 89 442
192 177 443
119 17 444
3 113 445
112 84 446
111 93 447
189 185 448
134 49 449
31 85 450
9 63 451
30 103 452
160 67 453
27 187 454
154 198 455
99 26 456
46 73 457
147 165 458
59 1 459
12 35 460
169 82 461
135 170 462
132 23 463
171 157 464
60 137 465
68 177 466
167 56 467
66 115 468
127 36 469
71 59 470
76 165 471
14 58 472
79 123 473
48 101 474
80 192 475
122 105 476
91 155 477
163 25 478
96 197 479
187 110 480
105 8 481
104 38 482
165 124 483
199 161 484
193 57 485
164 74 486
136 132 487
167 93 488
8 173 489
83 191 490
93 152 491
147 29 492
75 179 493
92 51 494
152 177 495
42 32 496
185 97 497
188 40 498
180 122 499
88 73 500
108 148 501
108 93 502
171 129 503
145 35 504
17 140 505
42 63 506
63 25 507
75 122 508
136 109 509
108 160 510
138 54 511
200 129 512
168 57 513
120 97 514
14 159 515
1 72 516
16 128 517
51 143 518
132 3 519
60 25 520
147 169 521
6 135 522
198 17 523
175 84 524
52 14 525
135 153 526
27 101 527
197 45 528
21 34 529
188 62 530
127 184 531
37 61 532
50 191 533
84 45 534
97 162 535
19 71 536
119 61 537
101 98 538
136 197 539
129 190 540
77 58 541
44 68 542
154 72 543
30 28 544
74 177 545
45 112 546
144 58 547
12 167 548
29 198 549
112 115 550
92 90 551
89 40 552
62 69 553
127 75 554
13 139 555
160 174 556
168 135 557
88 189 558
52 121 559
127 87 560
139 181 561
139 32 562
63 171 563
83 59 564
197 102 565
62 131 566
109 116 567
47 130 568
157 64 569
24 130 570
59 111 571
200 182 572
176 55 573
120 143 574
158 115 575
62 95 576
155 136 577
6 22 578
189 162 579
124 5 580
60 123 581
47 31 582
115 70 583
78 141 584
191 89 585
36 39 586
121 137 587
12 101 588
27 35 589
81 107 590
157 74 591
72 130 592
186 176 593
76 117 594
7 138 595
2 52 596
133 4 597
116 79 598
79 165 599
91 36 600
107 11 601
45 191 602
173 28 603
190 105 604
37 80 605
17 25 606
152 181 607
147 36 608
103 69 609
140 65 610
100 42 611
140 12 612
200 48 613
162 113 614
125 155 615
7 190 616
151 37 617
151 150 618
41 43 619
13 187 620
135 147 621
79 7 622
15 174 623
114 63 624
104 134 625
94 32 626
170 139 627
137 128 628
22 160 629
116 51 630
1 143 631
93 192 632
196 40 633
33 135 634
60 64 635
1 121 636
62 197 637
12 134 638
50 108 639
9 130 640
140 93 641
35 70 642
124 125 643
107 147 644
154 27 645
3 27 646
189 36 647
44 188 648
70 82 649
91 60 650
83 188 651
8 58 652
45 180 653
17 176 654
97 41 655
96 199 656
117 90 657
92 181 658
93 148 659
174 44 660
90 45 661
141 23 662
6 159 663
125 12 664
134 85 665
158 82 666
130 112 667
125 134 668
93 196 669
23 35 670
110 59 671
36 192 672
78 22 673
18 56 674
131 22 675
111 129 676
4 159 677
90 55 678
132 54 679
100 171 680
33 155 681
6 41 682
3 4 683
4 52 684
24 32 685
79 130 686
83 156 687
121 91 688
139 124 689
173 61 690
129 63 691
93 75 692
83 36 693
71 197 694
106 183 695
138 29 696
150 98 697
191 184 698
133 123 699
2 87 700
164 75 701
196 34 702
139 26 703
188 57 704
178 111 705
126 11 706
144 145 707
131 27 708
37 10 709
180 19 710
134 200 711
40 20 712
11 81 713
83 109 714
6 15 715
111 156 716
94 159 717
68 2 718
88 122 719
114 58 720
41 90 721
184 20 722
157 103 723
98 159 724
172 62 725
191 103 726
142 47 727
92 173 728
184 187 729
169 32 730
117 3 731
18 65 732
60 29 733
137 106 734
44 113 735
82 108 736
54 120 737
46 112 738
114 155 739
105 6 740
118 197 741
124 169 742
77 179 743
125 29 744
125 115 745
136 15 746
14 139 747
11 165 748
85 160 749
85 132 750
61 164 751
88 16 752
179 130 753
85 109 754
79 138 755
112 170 756
19 44 757
88 187 758
62 43 759
64 105 760
90 11 761
61 40 762
4 107 763
147 62 764
87 43 765
194 178 766
120 61 767
135 160 768
91 27 769
110 140 770
38 29 771
126 86 772
44 17 773
143 67 774
143 81 775
32 140 776
162 96 777
104 188 778
185 49 779
36 152 780
153 13 781
165 187 782
154 100 783
95 31 784
79 129 785
161 89 786
102 81 787
66 52 788
161 18 789
74 59 790
112 11 791
118 174 792
191 96 793
183 45 794
133 39 795
43 159 796
71 139 797
169 99 798
95 125 799
106 29 800
129 130 801
100 105 802
109 193 803
70 72 804
100 195 805
84 165 806
76 8 807
137 36 808
164 83 809
124 91 810
5 52 811
30 164 812
85 140 813
132 88 814
91 85 815
196 171 816
153 146 817
71 169 818
172 96 819
193 19 820
187 82 821
95 182 822
49 88 823
44 151 824
148 26 825
41 52 826
198 21 827
28 97 828
183 83 829
70 39 830
15 168 831
30 32 832
34 86 833
12 43 834
142 28 835
80 21 836
29 28 837
97 152 838
74 36 839
197 83 840
53 104 841
29 79 842
1 37 843
177 84 844
15 197 845
157 153 846
105 157 847
194 6 848
188 183 849
196 23 850
28 199 851
82 40 852
125 7 853
190 74 854
156 148 855
158 160 856
22 120 857
51 155 858
150 161 859
160 63 860
184 181 861
105 114 862
12 144 863
109 124 864
190 160 865
150 90 866
56 93 867
88 184 868
14 158 869
154 168 870
146 126 871
164 98 872
6 2 873
106 52 874
80 191 875
52 125 876
51 180 877
136 105 878
190 141 879
1 68 880
47 52 881
101 46 882
81 154 883
185 22 884
111 19 885
58 161 886
118 159 887
158 4 888
20 137 889
119 166 890
155 44 891
155 129 892
164 127 893
32 118 894
65 180 895
117 111 896
19 22 897
191 142 898
135 182 899
11 95 900
115 172 901
110 38 902
123 66 903
95 20 904
150 138 905
9 160 906
70 162 907
71 108 908
66 90 909
135 99 910
77 188 911
171 81 912
69 182 913
121 35 914
48 125 915
89 11 916
33 187 917
193 70 918
85 141 919
64 1 920
41 111 921
58 116 922
190 29 923
164 11 924
33 5 925
4 131 926
39 43 927
5 24 928
15 63 929
118 93 930
170 136 931
76 56 932
182 157 933
18 37 934
97 20 935
44 127 936
76 106 937
200 179 938
1 179 939
187 166 940
20 25 941
19 39 942
59 155 943
105 19 944
101 155 945
185 195 946
61 195 947
129 40 948
101 89 949
100 144 950
175 181 951
169 103 952
114 29 953
91 48 954
71 184 955
100 112 956
117 162 957
141 122 958
12 143 959
145 57 960
171 119 961
32 63 962
82 143 963
82 21 964
93 10 965
6 182 966
178 103 967
28 127 968
43 101 969
127 149 970
101 60 971
23 100 972
151 109 973
153 43 974
57 102 975
164 56 976
9 108 977
91 177 978
180 151 979
108 166 980
101 47 981
5 145 982
19 43 983
155 49 984
200 153 985
195 169 986
44 39 987
113 87 988
183 154 989
172 85 990
70 8 991
44 180 992
141 150 993
131 23 994
194 35 995
20 126 996
139 167 997
187 87 998
168 13 999
101 109 1000
24 112 1001
163 99 1002
171 168 1003
200 141 1004
51 187 1005
170 166 1006
5 172 1007
48 7 1008
166 200 1009
29 25 1010
174 48 1011
4 62 1012
98 33 1013
150 121 1014
181 109 1015
84 10 1016
62 107 1017
21 131 1018
86 190 1019
46 182 1020
167 68 1021
186 98 1022
80 14 1023
106 31 1024
117 153 1025
155 45 1026
44 3 1027
200 106 1028
68 24 1029
185 183 1030
172 178 1031
180 85 1032
191 9 1033
179 103 1034
99 126 1035
178 112 1036
144 194 1037
129 177 1038
3 9 1039
171 153 1040
24 143 1041
41 158 1042
116 36 1043
62 91 1044
84 140 1045
103 26 1046
155 187 1047
138 66 1048
140 105 1049
71 98 1050
50 38 1051
94 34 1052
95 114 1053
105 30 1054
113 157 1055
7 61 1056
143 31 1057
80 181 1058
132 15 1059
177 184 1060
37 9 1061
141 118 1062
170 137 1063
128 151 1064
102 165 1065
13 10 1066
51 149 1067
45 64 1068
61 143 1069
9 168 1070
121 164 1071
19 106 1072
171 102 1073
90 147 1074
110 188 1075
128 52 1076
111 103 1077
110 54 1078
31 168 1079
99 6 1080
6 11 1081
134 188 1082
175 92 1083
174 49 1084
19 46 1085
104 88 1086
137 105 1087
177 185 1088
177 138 1089
7 8 1090
54 93 1091
188 80 1092
168 159 1093
74 38 1094
87 42 1095
61 145 1096
124 38 1097
163 143 1098
146 185 1099
76 98 1100
110 70 1101
64 16 1102
200 33 1103
159 99 1104
154 164 1105
59 157 1106
24 132 1107
68 95 1108
65 44 1109
79 13 1110
149 84 1111
197 124 1112
156 194 1113
180 84 1114
159 127 1115
43 115 1116
6 83 1117
189 121 1118
162 155 1119
100 106 1120
54 76 1121
116 135 1122
80 164 1123
117 115 1124
138 92 1125
97 135 1126
37 91 1127
106 132 1128
200 185 1129
198 121 1130
199 191 1131
144 182 1132
109 194 1133
58 109 1134
125 140 1135
35 179 1136
104 62 1137
150 13 1138
73 179 1139
124 107 1140
114 145 1141
144 109 1142
162 95 1143
156 163 1144
22 58 1145
55 140 1146
143 188 1147
36 84 1148
159 39 1149
69 104 1150
113 70 1151
192 47 1152
88 54 1153
107 34 1154
139 190 1155
50 155 1156
108 142 1157
107 16 1158
11 170 1159
58 82 1160
96 100 1161
136 135 1162
15 188 1163
62 2 1164
26 137 1165
95 140 1166
60 10 1167
121 81 1168
86 92 1169
51 93 1170
160 103 1171
101 82 1172
166 148 1173
87 95 1174
48 139 1175
6 128 1176
175 190 1177
147 108 1178
126 95 1179
172 19 1180
22 168 1181
108 99 1182
88 3 1183
114 168 1184
161 147 1185
48 124 1186
197 135 1187
106 140 1188
122 156 1189
156 73 1190
23 29 1191
68 128 1192
106 147 1193
168 45 1194
122 153 1195
27 103 1196
23 86 1197
28 105 1198
15 114 1199
35 165 1200
45 66 1201
138 129 1202
127 195 1203
84 1 1204
93 32 1205
194 40 1206
174 129 1207
109 17 1208
150 156 1209
168 70 1210
148 73 1211
18 40 1212
36 194 1213
147 140 1214
131 105 1215
128 167 1216
191 88 1217
105 71 1218
80 45 1219
121 175 1220
122 150 1221
157 9 1222
167 177 1223
42 103 1224
53 183 1225
49 55 1226
183 22 1227
38 138 1228
178 116 1229
178 100 1230
118 113 1231
164 78 1232
126 184 1233
30 72 1234
32 145 1235
176 11 1236
153 22 1237
124 4 1238
62 129 1239
61 72 1240
99 187 1241
86 149 1242
159 18 1243
100 152 1244
165 29 1245
155 139 1246
96 103 1247
149 138 1248
91 100 1249
70 51 1250
171 116 1251
137 32 1252
30 150 1253
105 54 1254
127 187 1255
31 155 1256
155 178 1257
181 144 1258
174 178 1259
5 73 1260
196 164 1261
106 126 1262
43 93 1263
9 23 1264
125 171 1265
12 6 1266
175 59 1267
116 88 1268
114 173 1269
98 44 1270
56 65 1271
151 132 1272
45 159 1273
57 111 1274
60 171 1275
190 75 1276
163 157 1277
112 36 1278
125 143 1279
151 31 1280
167 91 1281
162 129 1282
58 133 1283
184 178 1284
156 5 1285
54 134 1286
66 178 1287
54 180 1288
114 32 1289
162 36 1290
124 70 1291
133 156 1292
51 21 1293
51 163 1294
160 152 1295
130 147 1296
14 187 1297
78 167 1298
120 81 1299
119 60 1300
63 104 1301
105 118 1302
28 166 1303
175 2 1304
182 40 1305
7 165 1306
127 130 1307
76 170 1308
125 130 1309
44 56 1310
56 148 1311
59 61 1312
145 3 1313
92 101 1314
91 169 1315
185 43 1316
197 182 1317
199 136 1318
29 4 1319
170 98 1320
164 34 1321
154 49 1322
8 78 1323
6 60 1324
18 119 1325
73 123 1326
113 187 1327
175 46 1328
18 85 1329
125 144 1330
49 159 1331
24 30 1332
109 95 1333
161 148 1334
174 132 1335
180 89 1336
35 169 1337
197 82 1338
58 37 1339
137 108 1340
131 41 1341
25 89 1342
174 2 1343
95 50 1344
1 163 1345
142 154 1346
149 96 1347
44 187 1348
142 151 1349
177 141 1350
143 40 1351
84 163 1352
98 172 1353
149 195 1354
71 185 1355
122 56 1356
63 187 1357
153 10 1358
100 197 1359
48 96 1360
18 115 1361
52 150 1362
171 127 1363
172 100 1364
38 163 1365
39 172 1366
6 51 1367
33 132 1368
142 170 1369
51 156 1370
74 7 1371
144 136 1372
52 165 1373
105 76 1374
51 197 1375
130 97 1376
57 138 1377
92 176 1378
180 178 1379
106 5 1380
42 136 1381
159 2 1382
194 110 1383
30 170 1384
194 191 1385
69 120 1386
103 105 1387
145 141 1388
72 156 1389
185 4 1390
8 79 1391
190 68 1392
195 101 1393
15 122 1394
198 84 1395
137 161 1396
34 64 1397
199 31 1398
104 20 1399
175 145 1400
163 173 1401
47 140 1402
9 165 1403
189 178 1404
39 1 1405
50 165 1406
127 79 1407
94 150 1408
198 108 1409
197 131 1410
47 173 1411
151 32 1412
176 147 1413
94 193 1414
197 56 1415
196 111 1416
50 59 1417
124 51 1418
58 191 1419
29 150 1420
91 151 1421
17 177 1422
197 16 1423
40 189 1424
48 53 1425
173 126 1426
19 153 1427
78 124 1428
99 193 1429
31 52 1430
121 25 1431
170 37 1432
8 154 1433
127 194 1434
44 176 1435
42 151 1436
196 81 1437
54 167 1438
182 15 1439
109 54 1440
164 107 1441
194 119 1442
41 29 1443
82 4 1444
152 161 1445
40 3 1446
57 139 1447
129 7 1448
115 62 1449
105 127 1450
125 183 1451
143 131 1452
90 119 1453
72 81 1454
64 119 1455
187 93 1456
128 11 1457
148 8 1458
42 122 1459
27 81 1460
65 170 1461
105 112 1462
24 94 1463
184 40 1464
174 158 1465
82 131 1466
62 19 1467
174 115 1468
57 48 1469
35 41 1470
112 96 1471
135 20 1472
200 18 1473
45 3 1474
84 56 1475
108 119 1476
30 174 1477
24 188 1478
167 191 1479
60 151 1480
13 128 1481
91 127 1482
36 108 1483
113 91 1484
45 20 1485
15 192 1486
144 38 1487
128 8 1488
20 200 1489
144 75 1490
50 22 1491
22 67 1492
89 120 1493
133 61 1494
30 136 1495
70 146 1496
147 55 1497
171 73 1498
88 31 1499
167 59 1500
29 17 1501
170 33 1502
176 189 1503
140 167 1504
173 137 1505
94 38 1506
142 94 1507
25 118 1508
83 66 1509
113 160 1510
182 158 1511
45 24 1512
133 197 1513
11 43 1514
103 66 1515
162 84 1516
14 192 1517
148 24 1518
185 138 1519
144 142 1520
75 34 1521
168 98 1522
14 107 1523
76 124 1524
96 134 1525
140 164 1526
188 155 1527
99 191 1528
81 125 1529
58 167 1530
126 43 1531
170 111 1532
170 129 1533
44 164 1534
38 54 1535
125 10 1536
55 31 1537
185 26 1538
18 8 1539
126 158 1540
22 173 1541
88 13 1542
6 118 1543
47 13 1544
24 146 1545
12 70 1546
154 144 1547
126 52 1548
35 140 1549
33 152 1550
168 30 1551
104 4 1552
184 124 1553
23 195 1554
29 47 1555
133 30 1556
94 60 1557
195 155 1558
185 2 1559
26 25 1560
48 54 1561
65 89 1562
138 171 1563
79 198 1564
175 125 1565
5 34 1566
63 84 1567
67 38 1568
12 169 1569
139 159 1570
2 77 1571
45 27 1572
14 69 1573
77 73 1574
144 173 1575
149 173 1576
106 80 1577
11 61 1578
168 189 1579
128 51 1580
14 55 1581
118 31 1582
38 90 1583
161 134 1584
87 116 1585
30 65 1586
48 68 1587
152 74 1588
125 58 1589
116 86 1590
144 92 1591
22 86 1592
91 59 1593
89 26 1594
84 17 1595
176 183 1596
149 22 1597
181 194 1598
59 196 1599
109 41 1600
142 176 1601
130 52 1602
190 14 1603
99 87 1604
12 177 1605
139 158 1606
70 118 1607
168 27 1608
39 68 1609
24 140 1610
40 135 1611
173 156 1612
129 58 1613
41 163 1614
34 199 1615
6 161 1616
53 172 1617
93 103 1618
125 46 1619
59 53 1620
96 67 1621
169 177 1622
51 49 1623
96 141 1624
82 110 1625
52 92 1626
107 199 1627
94 135 1628
150 191 1629
101 147 1630
122 21 1631
30 191 1632
19 173 1633
188 50 1634
85 128 1635
26 143 1636
190 187 1637
34 159 1638
94 26 1639
11 39 1640
150 130 1641
43 35 1642
158 16 1643
35 133 1644
30 160 1645
153 197 1646
151 84 1647
60 72 1648
199 61 1649
93 149 1650
7 41 1651
51 56 1652
76 62 1653
199 81 1654
38 64 1655
141 68 1656
191 36 1657
27 68 1658
3 107 1659
147 91 1660
53 51 1661
30 9 1662
180 170 1663
161 27 1664
161 51 1665
153 191 1666
64 148 1667
116 142 1668
105 34 1669
129 72 1670
34 103 1671
24 89 1672
184 151 1673
145 185 1674
37 16 1675
170 99 1676
170 118 1677
135 34 1678
66 161 1679
153 134 1680
155 181 1681
159 126 1682
95 77 1683
178 106 1684
170 171 1685
177 143 1686
87 82 1687
127 133 1688
147 84 1689
12 66 1690
87 126 1691
192 64 1692
48 49 1693
139 152 1694
84 146 1695
162 191 1696
114 36 1697
94 175 1698
22 68 1699
4 17 1700
