200 6400 6400
162 129 1
58 63 2
161 134 3
166 95 4
183 154 5
169 94 6
91 67 7
70 181 8
26 193 9
11 87 10
37 16 11
30 160 12
150 98 13
116 171 14
50 59 15
127 171 16
187 102 17
72 89 18
6 89 19
182 54 20
81 41 21
42 112 22
91 128 23
122 108 24
196 81 25
51 138 26
57 29 27
135 156 28
5 172 29
4 26 30
82 88 31
112 103 32
145 122 33
140 81 34
147 84 35
32 83 36
136 3 37
59 125 38
34 91 39
102 38 40
169 32 41
39 69 42
169 154 43
145 9 44
158 89 45
45 63 46
7 165 47
185 10 48
7 63 49
128 68 50
77 188 51
41 147 52
102 100 53
38 149 54
104 200 55
25 113 56
84 163 57
117 162 58
165 80 59
42 49 60
15 43 61
136 100 62
143 71 63
17 38 64
114 200 65
110 5 66
58 70 67
168 57 68
17 95 69
105 128 70
106 199 71
70 172 72
65 147 73
28 174 74
128 28 75
198 186 76
147 198 77
161 81 78
133 143 79
18 106 80
156 62 81
175 118 82
21 135 83
186 58 84
192 56 85
50 158 86
62 15 87
57 32 88
148 71 89
164 176 90
44 130 91
81 99 92
116 97 93
31 178 94
9 46 95
61 41 96
122 177 97
172 93 98
83 109 99
62 20 100
166 31 101
10 158 102
153 103 103
21 11 104
8 64 105
124 36 106
108 40 107
16 13 108
52 125 109
7 58 110
106 108 111
104 103 112
53 120 113
159 39 114
139 90 115
152 156 116
96 167 117
13 58 118
108 53 119
9 143 120
46 57 121
139 194 122
35 100 123
152 157 124
114 58 125
192 46 126
172 162 127
115 190 128
149 144 129
181 35 130
52 177 131
195 152 132
170 78 133
157 100 134
21 195 135
26 93 136
200 90 137
74 160 138
93 170 139
108 155 140
179 200 141
163 70 142
80 14 143
35 4 144
76 154 145
102 63 146
39 75 147
168 124 148
55 122 149
100 118 150
62 18 151
83 69 152
39 181 153
150 37 154
99 113 155
153 10 156
92 55 157
27 2 158
127 194 159
62 79 160
144 36 161
74 155 162
72 180 163
150 25 164
96 36 165
127 184 166
29 170 167
110 168 168
105 76 169
36 44 170
57 124 171
75 78 172
91 115 173
13 110 174
73 98 175
69 48 176
172 57 177
129 140 178
70 17 179
199 103 180
36 108 181
3 100 182
85 73 183
1 158 184
158 60 185
24 110 186
146 125 187
138 131 188
152 66 189
189 104 190
159 1 191
75 143 192
56 9 193
116 54 194
127 124 195
73 57 196
182 47 197
19 58 198
194 185 199
145 150 200
87 177 201
10 87 202
33 130 203
14 192 204
48 54 205
40 99 206
80 164 207
82 181 208
104 13 209
45 5 210
86 69 211
182 82 212
104 72 213
16 101 214
72 168 215
182 178 216
120 129 217
76 45 218
22 197 219
5 126 220
196 129 221
23 195 222
59 111 223
159 183 224
102 93 225
24 95 226
94 4 227
26 186 228
138 54 229
187 87 230
117 153 231
101 126 232
183 60 233
83 51 234
88 185 235
119 156 236
27 198 237
189 153 238
14 152 239
8 23 240
72 55 241
21 138 242
195 155 243
6 82 244
94 34 245
128 132 246
7 112 247
61 97 248
101 80 249
146 197 250
198 118 251
121 81 252
80 153 253
172 65 254
41 168 255
24 146 256
160 40 257
14 102 258
185 70 259
64 16 260
35 179 261
74 50 262
105 156 263
29 113 264
157 18 265
94 60 266
47 184 267
55 63 268
50 75 269
64 189 270
83 159 271
172 46 272
111 93 273
54 8 274
176 78 275
187 178 276
159 165 277
52 32 278
13 187 279
42 183 280
55 77 281
149 126 282
10 107 283
178 101 284
42 83 285
180 148 286
82 108 287
95 138 288
13 41 289
95 159 290
26 16 291
23 78 292
166 66 293
17 146 294
191 106 295
58 79 296
34 45 297
135 195 298
197 95 299
107 83 300
179 180 301
26 129 302
7 70 303
66 40 304
150 58 305
16 168 306
43 98 307
149 2 308
101 199 309
58 42 310
174 173 311
52 55 312
147 71 313
93 8 314
88 181 315
52 86 316
48 144 317
22 43 318
86 93 319
158 18 320
66 68 321
185 86 322
7 65 323
21 27 324
199 84 325
169 17 326
197 5 327
174 132 328
48 168 329
144 65 330
120 121 331
80 190 332
186 23 333
116 137 334
142 39 335
194 154 336
59 53 337
54 108 338
105 14 339
29 28 340
198 161 341
13 12 342
189 198 343
92 12 344
186 185 345
56 93 346
164 83 347
139 124 348
144 127 349
89 115 350
171 129 351
138 11 352
109 124 353
13 51 354
186 82 355
139 12 356
44 84 357
200 141 358
128 194 359
14 22 360
42 189 361
23 72 362
92 161 363
106 181 364
17 102 365
122 64 366
101 115 367
2 52 368
33 72 369
46 73 370
121 158 371
97 41 372
26 107 373
76 41 374
23 7 375
181 162 376
200 129 377
104 83 378
156 120 379
118 195 380
123 39 381
138 100 382
39 132 383
156 114 384
46 85 385
183 182 386
178 103 387
195 43 388
194 123 389
190 141 390
9 130 391
1 45 392
35 149 393
37 194 394
72 112 395
81 119 396
30 72 397
118 121 398
122 185 399
140 200 400
24 121 401
130 78 402
58 37 403
86 26 404
98 83 405
56 10 406
19 74 407
134 178 408
161 61 409
77 179 410
44 23 411
111 129 412
139 69 413
200 71 414
79 198 415
162 93 416
188 98 417
114 30 418
158 128 419
13 78 420
108 130 421
88 189 422
157 40 423
86 186 424
119 61 425
9 197 426
36 76 427
9 123 428
75 61 429
98 114 430
12 72 431
110 166 432
27 101 433
38 178 434
173 132 435
51 159 436
59 61 437
43 138 438
117 133 439
176 24 440
96 115 441
20 121 442
86 130 443
35 128 444
93 68 445
73 78 446
120 27 447
16 6 448
132 107 449
68 8 450
157 81 451
29 179 452
146 111 453
132 30 454
95 129 455
127 121 456
143 93 457
184 84 458
40 32 459
94 83 460
61 195 461
61 51 462
81 156 463
50 7 464
178 106 465
105 30 466
111 38 467
182 184 468
81 87 469
32 31 470
25 55 471
97 119 472
4 182 473
28 149 474
124 195 475
44 39 476
73 66 477
137 131 478
30 6 479
177 116 480
140 57 481
33 173 482
87 128 483
195 40 484
74 115 485
124 100 486
124 14 487
19 32 488
38 163 489
19 198 490
10 89 491
29 199 492
113 128 493
187 139 494
19 43 495
33 91 496
107 17 497
134 77 498
188 62 499
172 16 500
164 160 501
167 25 502
180 52 503
39 81 504
164 127 505
52 8 506
17 177 507
144 83 508
131 41 509
120 35 510
44 144 511
180 33 512
119 59 513
168 83 514
178 61 515
103 130 516
94 196 517
39 105 518
99 56 519
56 47 520
88 66 521
186 125 522
98 178 523
182 127 524
10 123 525
169 142 526
68 38 527
140 75 528
139 135 529
161 104 530
86 109 531
157 60 532
66 51 533
163 129 534
109 129 535
197 77 536
48 55 537
148 73 538
46 165 539
47 145 540
187 173 541
53 118 542
175 85 543
16 171 544
190 19 545
68 136 546
7 72 547
98 187 548
36 157 549
85 160 550
124 130 551
93 149 552
116 126 553
27 65 554
177 41 555
123 112 556
144 28 557
60 10 558
74 75 559
37 53 560
132 161 561
65 88 562
192 177 563
82 199 564
160 148 565
13 197 566
82 148 567
177 85 568
38 162 569
150 138 570
183 47 571
198 101 572
164 75 573
135 108 574
17 173 575
107 114 576
6 135 577
134 122 578
142 79 579
174 91 580
88 6 581
48 196 582
47 156 583
50 15 584
99 84 585
163 170 586
182 30 587
7 155 588
32 181 589
85 20 590
176 118 591
158 93 592
71 25 593
23 40 594
103 123 595
36 55 596
192 195 597
56 162 598
123 162 599
162 197 600
186 128 601
119 104 602
136 15 603
168 187 604
142 114 605
4 122 606
125 143 607
10 51 608
109 182 609
156 52 610
103 106 611
145 57 612
2 29 613
82 141 614
6 22 615
31 10 616
152 131 617
188 89 618
70 67 619
170 124 620
91 48 621
77 164 622
40 148 623
9 142 624
46 102 625
38 90 626
93 153 627
53 14 628
157 92 629
170 164 630
74 36 631
140 14 632
48 7 633
37 189 634
2 65 635
142 170 636
126 91 637
74 7 638
167 85 639
115 13 640
108 93 641
85 70 642
90 127 643
173 21 644
6 3 645
32 51 646
153 197 647
73 22 648
78 157 649
38 134 650
141 171 651
147 137 652
144 21 653
45 58 654
39 172 655
35 99 656
74 18 657
185 2 658
97 136 659
69 8 660
107 179 661
92 166 662
12 176 663
193 190 664
115 183 665
58 24 666
118 9 667
99 146 668
16 85 669
183 46 670
50 115 671
54 76 672
63 61 673
48 110 674
196 177 675
95 85 676
100 76 677
72 156 678
68 24 679
27 156 680
7 98 681
34 194 682
133 120 683
129 182 684
74 17 685
166 104 686
148 86 687
145 55 688
157 64 689
20 41 690
145 22 691
76 14 692
15 132 693
40 110 694
46 37 695
52 165 696
119 86 697
155 136 698
61 143 699
67 38 700
48 172 701
68 35 702
32 119 703
185 144 704
88 13 705
62 43 706
36 53 707
30 28 708
98 127 709
134 50 710
89 32 711
27 98 712
181 182 713
50 4 714
103 47 715
182 177 716
39 50 717
156 124 718
101 187 719
154 27 720
71 108 721
185 59 722
127 67 723
134 175 724
62 168 725
180 89 726
126 31 727
172 100 728
170 118 729
65 11 730
64 99 731
65 14 732
46 153 733
199 104 734
186 119 735
185 199 736
66 112 737
65 180 738
181 22 739
189 90 740
110 130 741
63 62 742
164 101 743
120 1 744
152 127 745
113 1 746
131 9 747
1 161 748
103 92 749
72 81 750
186 157 751
48 154 752
161 88 753
158 115 754
158 82 755
108 97 756
4 78 757
19 84 758
178 191 759
192 180 760
5 16 761
159 129 762
90 140 763
164 98 764
122 170 765
33 97 766
154 151 767
183 96 768
111 133 769
173 28 770
24 128 771
118 168 772
185 110 773
7 139 774
129 108 775
184 87 776
102 125 777
131 63 778
74 104 779
77 192 780
121 123 781
71 89 782
133 69 783
46 5 784
47 105 785
61 47 786
137 61 787
119 166 788
143 99 789
13 82 790
42 106 791
160 43 792
127 108 793
36 85 794
190 75 795
133 186 796
78 131 797
89 120 798
16 186 799
98 166 800
131 14 801
167 159 802
196 142 803
40 111 804
60 123 805
144 106 806
18 112 807
13 147 808
15 143 809
114 158 810
163 194 811
171 97 812
27 148 813
38 181 814
19 124 815
27 181 816
34 173 817
109 53 818
195 188 819
138 28 820
118 142 821
84 142 822
121 50 823
161 77 824
70 38 825
86 194 826
65 155 827
43 93 828
141 95 829
185 78 830
8 19 831
83 15 832
195 198 833
118 116 834
31 175 835
29 192 836
21 1 837
69 182 838
154 31 839
159 150 840
30 170 841
74 11 842
60 105 843
44 7 844
37 107 845
75 102 846
119 14 847
147 120 848
138 61 849
115 187 850
161 192 851
43 80 852
44 154 853
19 22 854
199 61 855
27 81 856
129 177 857
53 68 858
80 66 859
178 197 860
147 111 861
160 67 862
162 68 863
32 2 864
22 17 865
92 90 866
80 124 867
153 83 868
199 191 869
179 130 870
51 163 871
16 120 872
199 126 873
49 45 874
161 148 875
156 5 876
37 9 877
145 65 878
79 109 879
156 40 880
145 104 881
167 165 882
143 123 883
62 129 884
3 56 885
93 32 886
11 1 887
97 19 888
38 96 889
143 46 890
142 117 891
59 129 892
29 158 893
101 143 894
48 105 895
165 114 896
41 28 897
40 88 898
27 62 899
43 159 900
111 95 901
69 144 902
78 84 903
151 150 904
166 132 905
119 107 906
13 139 907
13 151 908
159 135 909
189 158 910
16 74 911
37 43 912
129 198 913
37 180 914
85 159 915
74 177 916
9 70 917
132 165 918
119 11 919
73 7 920
37 108 921
119 17 922
192 52 923
151 24 924
38 185 925
101 146 926
89 40 927
83 117 928
175 93 929
122 2 930
75 125 931
177 139 932
117 146 933
79 128 934
166 36 935
143 21 936
14 189 937
87 60 938
133 4 939
63 199 940
99 52 941
83 184 942
159 40 943
133 16 944
82 159 945
141 121 946
149 158 947
4 11 948
58 145 949
12 33 950
63 171 951
177 4 952
107 151 953
75 79 954
22 30 955
165 16 956
108 173 957
179 103 958
37 134 959
140 65 960
161 147 961
88 67 962
47 140 963
162 60 964
86 99 965
106 194 966
58 167 967
184 32 968
149 16 969
196 28 970
25 89 971
21 88 972
29 77 973
186 94 974
191 12 975
24 173 976
143 28 977
101 89 978
54 195 979
5 27 980
57 56 981
62 140 982
129 70 983
69 78 984
144 182 985
171 168 986
193 103 987
100 152 988
64 89 989
164 141 990
128 27 991
32 81 992
174 157 993
32 164 994
101 82 995
197 8 996
2 93 997
140 93 998
182 88 999
7 41 1000
197 182 1001
4 71 1002
24 139 1003
48 51 1004
62 192 1005
21 47 1006
83 28 1007
59 152 1008
92 21 1009
195 98 1010
58 109 1011
91 183 1012
83 188 1013
32 86 1014
151 125 1015
29 91 1016
120 143 1017
91 152 1018
196 171 1019
49 133 1020
200 195 1021
3 185 1022
74 62 1023
106 7 1024
32 198 1025
145 54 1026
99 7 1027
128 118 1028
124 138 1029
198 17 1030
121 63 1031
19 143 1032
15 100 1033
117 140 1034
81 173 1035
162 179 1036
79 177 1037
13 144 1038
15 169 1039
40 163 1040
77 124 1041
60 151 1042
64 185 1043
174 31 1044
192 127 1045
25 147 1046
111 156 1047
17 9 1048
26 84 1049
42 81 1050
66 85 1051
112 87 1052
184 118 1053
33 5 1054
88 73 1055
65 87 1056
183 124 1057
42 4 1058
193 27 1059
198 127 1060
50 10 1061
93 17 1062
35 165 1063
34 103 1064
192 33 1065
171 13 1066
66 102 1067
167 34 1068
80 35 1069
146 120 1070
104 97 1071
129 123 1072
21 2 1073
69 60 1074
124 186 1075
92 24 1076
5 127 1077
98 91 1078
33 10 1079
57 74 1080
187 169 1081
61 147 1082
17 80 1083
65 98 1084
60 103 1085
171 150 1086
64 182 1087
7 138 1088
147 158 1089
48 193 1090
62 87 1091
82 178 1092
125 183 1093
61 17 1094
138 192 1095
66 161 1096
176 182 1097
97 22 1098
104 66 1099
166 64 1100
18 1 1101
82 155 1102
103 175 1103
18 85 1104
198 121 1105
150 170 1106
67 123 1107
38 31 1108
60 115 1109
179 88 1110
199 157 1111
126 184 1112
168 113 1113
151 99 1114
154 66 1115
191 89 1116
73 93 1117
154 18 1118
138 35 1119
61 157 1120
186 73 1121
128 52 1122
49 192 1123
135 141 1124
56 134 1125
86 120 1126
69 143 1127
185 191 1128
189 36 1129
64 21 1130
117 58 1131
132 199 1132
132 103 1133
48 77 1134
125 61 1135
9 1 1136
59 100 1137
189 131 1138
70 59 1139
11 118 1140
95 7 1141
69 18 1142
137 32 1143
178 8 1144
91 151 1145
113 172 1146
47 144 1147
6 161 1148
190 122 1149
26 142 1150
126 92 1151
151 37 1152
145 155 1153
4 131 1154
21 181 1155
176 147 1156
143 129 1157
195 106 1158
32 125 1159
48 49 1160
192 140 1161
9 63 1162
48 185 1163
188 32 1164
143 17 1165
194 64 1166
3 160 1167
105 124 1168
29 198 1169
171 99 1170
172 176 1171
34 54 1172
174 56 1173
76 185 1174
113 82 1175
43 27 1176
54 100 1177
10 45 1178
159 99 1179
55 178 1180
77 6 1181
163 41 1182
30 57 1183
47 31 1184
16 98 1185
150 6 1186
43 69 1187
71 180 1188
180 7 1189
197 99 1190
196 125 1191
151 126 1192
19 129 1193
94 200 1194
152 45 1195
136 185 1196
65 56 1197
54 45 1198
99 193 1199
69 156 1200
138 69 1201
82 117 1202
170 99 1203
117 86 1204
25 108 1205
131 44 1206
146 187 1207
153 32 1208
95 83 1209
140 21 1210
95 40 1211
158 30 1212
55 64 1213
75 51 1214
104 178 1215
18 20 1216
88 52 1217
95 35 1218
69 66 1219
151 137 1220
52 102 1221
134 23 1222
127 61 1223
88 101 1224
177 70 1225
175 96 1226
35 13 1227
119 12 1228
183 187 1229
106 91 1230
135 91 1231
86 30 1232
136 31 1233
4 104 1234
120 63 1235
79 165 1236
85 97 1237
5 73 1238
99 106 1239
21 66 1240
166 23 1241
21 124 1242
163 143 1243
92 48 1244
71 59 1245
189 8 1246
33 111 1247
72 155 1248
73 129 1249
153 95 1250
28 199 1251
33 178 1252
31 64 1253
20 126 1254
1 102 1255
152 176 1256
127 75 1257
92 111 1258
30 191 1259
116 101 1260
88 41 1261
68 94 1262
11 134 1263
48 146 1264
6 171 1265
189 92 1266
141 125 1267
43 56 1268
183 195 1269
144 136 1270
19 194 1271
4 17 1272
100 144 1273
104 149 1274
3 38 1275
88 9 1276
195 25 1277
20 200 1278
4 21 1279
134 141 1280
72 31 1281
66 148 1282
51 46 1283
9 163 1284
124 38 1285
134 172 1286
18 119 1287
49 93 1288
23 50 1289
15 179 1290
132 88 1291
112 147 1292
84 168 1293
153 198 1294
191 64 1295
8 86 1296
161 53 1297
56 7 1298
197 79 1299
150 38 1300
18 86 1301
148 24 1302
155 129 1303
165 124 1304
136 99 1305
182 62 1306
172 96 1307
4 63 1308
88 80 1309
31 198 1310
33 100 1311
112 11 1312
72 171 1313
158 130 1314
132 156 1315
143 65 1316
107 69 1317
184 90 1318
112 198 1319
163 14 1320
103 169 1321
94 129 1322
95 20 1323
68 29 1324
91 100 1325
161 23 1326
196 67 1327
59 184 1328
61 105 1329
18 56 1330
58 116 1331
88 7 1332
70 190 1333
125 144 1334
1 58 1335
101 138 1336
110 59 1337
83 133 1338
187 199 1339
33 132 1340
75 10 1341
83 191 1342
63 80 1343
114 88 1344
143 174 1345
200 35 1346
139 150 1347
85 57 1348
156 163 1349
172 197 1350
48 130 1351
151 5 1352
153 18 1353
140 152 1354
89 62 1355
120 41 1356
64 108 1357
156 147 1358
18 8 1359
197 152 1360
115 180 1361
63 25 1362
37 10 1363
168 98 1364
15 141 1365
171 19 1366
69 157 1367
25 163 1368
41 16 1369
153 187 1370
37 80 1371
105 197 1372
158 154 1373
58 55 1374
81 1 1375
169 191 1376
136 135 1377
180 84 1378
117 185 1379
186 165 1380
120 167 1381
155 39 1382
37 128 1383
20 137 1384
35 48 1385
25 166 1386
74 44 1387
91 168 1388
104 113 1389
70 148 1390
188 52 1391
180 151 1392
56 28 1393
106 180 1394
21 52 1395
61 33 1396
160 174 1397
50 66 1398
2 77 1399
58 174 1400
36 192 1401
97 95 1402
175 2 1403
194 149 1404
141 67 1405
146 175 1406
96 141 1407
56 6 1408
150 114 1409
185 97 1410
4 166 1411
28 133 1412
58 15 1413
37 29 1414
54 3 1415
126 64 1416
114 155 1417
84 93 1418
136 132 1419
107 86 1420
97 161 1421
136 199 1422
124 125 1423
170 139 1424
37 82 1425
169 99 1426
57 127 1427
200 95 1428
154 35 1429
109 199 1430
105 19 1431
80 174 1432
170 18 1433
6 29 1434
30 136 1435
27 165 1436
169 130 1437
66 99 1438
142 121 1439
65 44 1440
79 56 1441
192 122 1442
109 112 1443
142 173 1444
128 167 1445
110 140 1446
86 92 1447
125 83 1448
137 106 1449
198 108 1450
3 182 1451
96 11 1452
98 11 1453
70 50 1454
89 162 1455
145 188 1456
58 137 1457
128 61 1458
135 4 1459
70 75 1460
27 97 1461
154 135 1462
30 51 1463
17 24 1464
162 115 1465
168 13 1466
115 128 1467
52 10 1468
137 10 1469
5 34 1470
149 83 1471
121 58 1472
195 19 1473
60 59 1474
138 86 1475
102 193 1476
61 100 1477
114 196 1478
161 135 1479
67 13 1480
60 81 1481
124 107 1482
138 111 1483
122 101 1484
88 144 1485
152 19 1486
189 184 1487
191 115 1488
36 159 1489
38 46 1490
41 43 1491
78 123 1492
84 3 1493
139 116 1494
175 180 1495
186 140 1496
44 116 1497
107 16 1498
47 113 1499
4 13 1500
57 9 1501
189 145 1502
14 36 1503
37 5 1504
122 17 1505
200 74 1506
58 98 1507
119 140 1508
24 143 1509
1 37 1510
43 46 1511
87 148 1512
5 188 1513
170 175 1514
29 154 1515
197 131 1516
164 62 1517
143 39 1518
183 63 1519
176 70 1520
20 76 1521
160 118 1522
164 159 1523
19 23 1524
37 188 1525
41 145 1526
77 177 1527
138 159 1528
199 24 1529
73 102 1530
117 194 1531
80 134 1532
183 40 1533
100 121 1534
111 190 1535
32 195 1536
138 197 1537
22 104 1538
122 99 1539
1 186 1540
170 160 1541
192 145 1542
183 67 1543
163 157 1544
4 60 1545
163 8 1546
160 66 1547
101 72 1548
16 72 1549
24 186 1550
117 115 1551
37 6 1552
83 8 1553
34 148 1554
169 6 1555
144 173 1556
155 142 1557
14 21 1558
120 152 1559
33 144 1560
13 109 1561
150 90 1562
14 127 1563
77 191 1564
10 173 1565
170 128 1566
18 147 1567
2 171 1568
91 180 1569
163 192 1570
121 164 1571
6 80 1572
178 79 1573
60 121 1574
165 67 1575
30 150 1576
117 127 1577
199 134 1578
192 9 1579
145 138 1580
59 38 1581
125 191 1582
79 38 1583
120 34 1584
104 138 1585
181 123 1586
109 41 1587
191 181 1588
146 12 1589
45 78 1590
58 39 1591
100 44 1592
139 26 1593
114 29 1594
84 106 1595
128 32 1596
176 180 1597
190 31 1598
108 183 1599
1 151 1600
104 100 1601
194 186 1602
106 124 1603
79 92 1604
29 73 1605
152 13 1606
39 101 1607
59 13 1608
136 104 1609
162 160 1610
78 151 1611
53 130 1612
117 169 1613
140 164 1614
93 126 1615
172 19 1616
199 53 1617
146 10 1618
193 124 1619
3 110 1620
2 5 1621
82 64 1622
81 170 1623
45 27 1624
195 63 1625
54 156 1626
126 98 1627
45 31 1628
115 161 1629
154 124 1630
54 31 1631
167 77 1632
116 79 1633
111 115 1634
126 86 1635
20 107 1636
167 98 1637
175 176 1638
159 22 1639
31 147 1640
32 12 1641
165 29 1642
9 24 1643
191 26 1644
132 59 1645
21 78 1646
56 12 1647
112 115 1648
131 186 1649
18 141 1650
176 130 1651
191 103 1652
48 96 1653
12 105 1654
148 104 1655
18 24 1656
60 29 1657
161 18 1658
36 87 1659
142 93 1660
1 72 1661
71 81 1662
9 125 1663
47 138 1664
35 142 1665
187 28 1666
59 155 1667
181 116 1668
117 96 1669
88 152 1670
17 200 1671
145 174 1672
176 40 1673
145 3 1674
190 29 1675
27 61 1676
128 23 1677
26 43 1678
110 196 1679
153 20 1680
79 111 1681
166 74 1682
41 100 1683
53 154 1684
26 174 1685
172 99 1686
88 19 1687
85 135 1688
95 149 1689
82 138 1690
109 111 1691
41 123 1692
120 76 1693
51 156 1694
160 20 1695
49 149 1696
17 47 1697
71 42 1698
141 198 1699
13 77 1700
121 67 1701
143 23 1702
46 105 1703
192 150 1704
156 25 1705
175 117 1706
185 26 1707
189 41 1708
122 100 1709
183 79 1710
141 168 1711
167 68 1712
5 118 1713
55 127 1714
163 27 1715
28 81 1716
81 123 1717
106 31 1718
3 176 1719
53 119 1720
116 142 1721
29 32 1722
171 119 1723
40 189 1724
100 28 1725
112 175 1726
6 124 1727
78 112 1728
174 129 1729
127 120 1730
96 146 1731
9 146 1732
178 150 1733
82 121 1734
95 131 1735
42 167 1736
33 187 1737
125 197 1738
88 29 1739
188 80 1740
4 167 1741
63 69 1742
102 112 1743
104 38 1744
74 82 1745
174 44 1746
98 198 1747
120 97 1748
23 59 1749
77 11 1750
119 139 1751
152 101 1752
190 79 1753
31 85 1754
121 122 1755
162 52 1756
127 66 1757
82 190 1758
184 161 1759
3 193 1760
14 84 1761
177 161 1762
175 8 1763
91 3 1764
173 60 1765
108 104 1766
103 84 1767
110 49 1768
78 180 1769
90 187 1770
19 186 1771
128 178 1772
94 145 1773
176 168 1774
99 126 1775
188 87 1776
20 103 1777
154 47 1778
140 166 1779
153 155 1780
198 174 1781
138 171 1782
102 176 1783
116 7 1784
23 29 1785
25 94 1786
57 7 1787
94 18 1788
57 154 1789
156 172 1790
117 50 1791
24 183 1792
10 85 1793
4 10 1794
24 137 1795
52 150 1796
123 139 1797
143 194 1798
3 178 1799
98 51 1800
164 149 1801
52 92 1802
156 148 1803
46 81 1804
119 57 1805
33 135 1806
32 62 1807
9 133 1808
116 121 1809
180 162 1810
108 67 1811
80 192 1812
103 102 1813
148 32 1814
1 143 1815
22 61 1816
162 77 1817
156 194 1818
65 191 1819
3 26 1820
13 137 1821
126 164 1822
53 1 1823
108 184 1824
40 3 1825
2 85 1826
159 196 1827
87 59 1828
125 170 1829
3 188 1830
39 51 1831
181 37 1832
8 22 1833
114 145 1834
132 70 1835
163 139 1836
14 23 1837
197 168 1838
82 131 1839
193 192 1840
117 87 1841
73 24 1842
125 176 1843
106 29 1844
80 102 1845
117 61 1846
65 53 1847
182 40 1848
195 53 1849
6 111 1850
118 125 1851
71 90 1852
168 30 1853
187 16 1854
191 145 1855
162 156 1856
144 119 1857
69 84 1858
5 15 1859
62 123 1860
198 131 1861
65 58 1862
6 139 1863
109 163 1864
104 183 1865
61 135 1866
83 79 1867
96 31 1868
16 200 1869
4 52 1870
194 119 1871
99 38 1872
38 64 1873
101 130 1874
174 32 1875
189 162 1876
40 20 1877
94 180 1878
117 3 1879
146 52 1880
191 68 1881
196 103 1882
159 60 1883
73 82 1884
101 63 1885
34 181 1886
129 199 1887
187 177 1888
50 64 1889
162 26 1890
164 195 1891
94 26 1892
108 144 1893
92 176 1894
17 37 1895
73 50 1896
182 58 1897
179 187 1898
21 85 1899
152 16 1900
196 88 1901
82 115 1902
168 78 1903
139 190 1904
104 23 1905
29 195 1906
68 95 1907
28 121 1908
51 172 1909
7 163 1910
63 117 1911
162 113 1912
151 29 1913
114 71 1914
132 64 1915
170 116 1916
26 181 1917
129 50 1918
32 68 1919
63 124 1920
129 161 1921
100 58 1922
117 67 1923
146 14 1924
174 167 1925
40 175 1926
44 96 1927
186 63 1928
75 20 1929
161 118 1930
124 9 1931
29 46 1932
98 142 1933
44 135 1934
178 92 1935
154 172 1936
186 181 1937
5 41 1938
118 181 1939
150 45 1940
22 63 1941
198 68 1942
108 19 1943
102 33 1944
13 193 1945
95 198 1946
121 34 1947
195 91 1948
6 60 1949
139 130 1950
56 24 1951
12 89 1952
155 52 1953
20 161 1954
72 167 1955
146 33 1956
175 199 1957
104 188 1958
176 26 1959
47 58 1960
135 2 1961
121 25 1962
4 112 1963
66 183 1964
45 138 1965
162 149 1966
10 82 1967
59 131 1968
66 120 1969
27 17 1970
187 174 1971
157 153 1972
96 158 1973
74 102 1974
167 176 1975
182 157 1976
98 39 1977
35 39 1978
190 150 1979
116 27 1980
14 103 1981
160 156 1982
19 101 1983
117 68 1984
13 181 1985
186 93 1986
10 92 1987
190 158 1988
136 37 1989
82 54 1990
190 160 1991
122 1 1992
118 87 1993
120 21 1994
125 44 1995
161 27 1996
120 107 1997
104 179 1998
6 65 1999
46 169 2000
50 26 2001
53 115 2002
120 62 2003
85 76 2004
85 107 2005
190 77 2006
117 138 2007
185 21 2008
135 37 2009
184 179 2010
121 91 2011
130 18 2012
87 178 2013
24 90 2014
135 175 2015
100 89 2016
184 109 2017
74 88 2018
27 103 2019
180 157 2020
173 181 2021
12 51 2022
30 144 2023
185 188 2024
133 61 2025
142 186 2026
182 15 2027
115 46 2028
189 197 2029
91 27 2030
119 200 2031
89 121 2032
147 164 2033
118 171 2034
144 145 2035
43 101 2036
56 8 2037
173 61 2038
173 106 2039
44 164 2040
200 93 2041
89 105 2042
82 4 2043
57 191 2044
92 62 2045
66 13 2046
78 22 2047
200 153 2048
95 94 2049
161 84 2050
71 12 2051
110 70 2052
171 106 2053
157 80 2054
59 8 2055
22 2 2056
56 62 2057
64 97 2058
194 40 2059
29 47 2060
42 1 2061
170 37 2062
111 143 2063
44 179 2064
154 36 2065
157 96 2066
34 2 2067
141 27 2068
34 159 2069
123 109 2070
174 184 2071
79 123 2072
147 144 2073
162 133 2074
18 48 2075
122 128 2076
113 138 2077
165 44 2078
171 28 2079
157 12 2080
195 150 2081
190 13 2082
194 57 2083
57 16 2084
127 168 2085
164 37 2086
40 154 2087
115 99 2088
86 25 2089
187 157 2090
176 117 2091
107 72 2092
80 166 2093
116 135 2094
191 36 2095
135 182 2096
80 68 2097
140 34 2098
80 169 2099
93 104 2100
155 100 2101
105 114 2102
120 61 2103
80 143 2104
121 51 2105
61 148 2106
43 97 2107
124 104 2108
187 51 2109
22 160 2110
79 97 2111
23 144 2112
58 30 2113
176 15 2114
143 20 2115
116 15 2116
57 139 2117
91 10 2118
51 165 2119
136 168 2120
87 37 2121
39 128 2122
196 91 2123
161 193 2124
42 151 2125
165 109 2126
68 41 2127
132 10 2128
84 146 2129
162 191 2130
147 51 2131
16 31 2132
83 132 2133
45 112 2134
8 47 2135
197 102 2136
6 5 2137
169 92 2138
171 158 2139
113 160 2140
174 12 2141
21 102 2142
142 176 2143
166 181 2144
21 159 2145
137 105 2146
190 37 2147
198 76 2148
108 52 2149
87 165 2150
34 64 2151
155 120 2152
35 171 2153
150 79 2154
87 42 2155
3 180 2156
6 62 2157
46 182 2158
28 127 2159
108 35 2160
124 54 2161
112 169 2162
68 57 2163
104 112 2164
51 117 2165
113 174 2166
193 160 2167
41 87 2168
169 194 2169
187 73 2170
56 200 2171
168 111 2172
26 160 2173
77 46 2174
112 15 2175
121 69 2176
164 72 2177
157 130 2178
54 15 2179
174 115 2180
18 7 2181
67 59 2182
82 118 2183
11 43 2184
136 44 2185
180 10 2186
52 159 2187
27 92 2188
142 189 2189
190 53 2190
98 119 2191
198 152 2192
175 165 2193
1 16 2194
154 181 2195
3 29 2196
85 5 2197
178 26 2198
44 56 2199
160 185 2200
176 189 2201
28 45 2202
66 22 2203
163 75 2204
169 82 2205
183 173 2206
4 19 2207
94 175 2208
105 63 2209
40 64 2210
183 146 2211
13 91 2212
103 26 2213
167 175 2214
57 18 2215
180 19 2216
106 165 2217
102 157 2218
113 187 2219
78 155 2220
38 72 2221
168 128 2222
98 134 2223
122 23 2224
166 17 2225
15 156 2226
99 161 2227
73 103 2228
186 148 2229
192 7 2230
180 61 2231
110 146 2232
11 124 2233
180 74 2234
173 52 2235
175 15 2236
43 150 2237
101 5 2238
128 75 2239
55 21 2240
49 164 2241
18 55 2242
28 124 2243
72 3 2244
185 162 2245
194 1 2246
70 162 2247
9 62 2248
101 46 2249
140 39 2250
82 157 2251
54 41 2252
79 85 2253
70 183 2254
65 170 2255
68 51 2256
72 63 2257
159 141 2258
44 91 2259
186 60 2260
164 182 2261
152 38 2262
25 93 2263
132 105 2264
2 57 2265
120 172 2266
35 133 2267
13 170 2268
45 24 2269
22 179 2270
185 196 2271
136 150 2272
79 163 2273
5 198 2274
135 99 2275
152 105 2276
77 38 2277
97 14 2278
11 165 2279
43 25 2280
171 51 2281
48 177 2282
1 79 2283
41 190 2284
192 21 2285
157 47 2286
92 75 2287
44 181 2288
4 99 2289
121 102 2290
130 8 2291
151 51 2292
38 54 2293
143 90 2294
184 92 2295
123 150 2296
15 192 2297
198 4 2298
133 67 2299
111 137 2300
163 43 2301
193 25 2302
140 3 2303
55 140 2304
173 171 2305
171 149 2306
15 188 2307
165 61 2308
49 57 2309
143 131 2310
116 23 2311
1 163 2312
85 62 2313
195 136 2314
65 40 2315
134 62 2316
10 115 2317
174 49 2318
119 192 2319
95 178 2320
19 179 2321
57 12 2322
3 124 2323
147 149 2324
190 154 2325
105 34 2326
93 82 2327
123 30 2328
163 94 2329
37 123 2330
105 157 2331
33 120 2332
181 157 2333
69 13 2334
166 2 2335
84 73 2336
37 61 2337
116 94 2338
178 116 2339
177 185 2340
90 105 2341
22 138 2342
144 38 2343
182 125 2344
101 44 2345
179 6 2346
188 155 2347
114 36 2348
96 56 2349
34 199 2350
127 3 2351
111 135 2352
186 176 2353
97 152 2354
105 193 2355
79 86 2356
5 171 2357
9 150 2358
155 109 2359
99 49 2360
175 100 2361
147 165 2362
101 28 2363
157 1 2364
1 166 2365
171 160 2366
195 22 2367
6 2 2368
193 181 2369
51 194 2370
61 112 2371
117 77 2372
85 176 2373
123 16 2374
183 191 2375
89 26 2376
100 50 2377
22 75 2378
42 32 2379
24 142 2380
31 168 2381
53 171 2382
99 73 2383
78 162 2384
152 193 2385
185 35 2386
114 175 2387
58 6 2388
85 140 2389
132 129 2390
123 80 2391
162 49 2392
11 122 2393
2 153 2394
191 55 2395
7 195 2396
123 38 2397
177 189 2398
172 133 2399
194 130 2400
155 44 2401
25 197 2402
74 56 2403
195 100 2404
183 76 2405
146 127 2406
126 95 2407
40 153 2408
63 13 2409
25 133 2410
129 20 2411
87 173 2412
144 75 2413
137 107 2414
72 103 2415
91 36 2416
199 33 2417
160 147 2418
196 187 2419
156 195 2420
3 105 2421
183 14 2422
178 56 2423
187 166 2424
72 118 2425
131 141 2426
161 107 2427
58 130 2428
178 76 2429
144 93 2430
102 136 2431
189 118 2432
193 171 2433
162 96 2434
62 110 2435
32 18 2436
183 83 2437
21 10 2438
69 169 2439
76 132 2440
180 188 2441
177 97 2442
68 2 2443
111 120 2444
176 11 2445
87 29 2446
194 26 2447
141 126 2448
156 74 2449
149 96 2450
61 74 2451
27 104 2452
155 139 2453
134 75 2454
134 36 2455
128 53 2456
62 95 2457
181 144 2458
124 91 2459
72 77 2460
173 137 2461
62 58 2462
4 9 2463
86 65 2464
77 74 2465
195 37 2466
106 85 2467
128 172 2468
63 43 2469
137 176 2470
11 40 2471
51 11 2472
155 111 2473
48 171 2474
36 169 2475
75 21 2476
19 26 2477
57 111 2478
102 198 2479
72 191 2480
7 130 2481
59 163 2482
112 34 2483
39 177 2484
81 147 2485
110 188 2486
70 158 2487
196 163 2488
52 1 2489
189 73 2490
148 23 2491
173 177 2492
194 33 2493
88 194 2494
176 49 2495
180 103 2496
188 60 2497
107 11 2498
175 92 2499
32 154 2500
89 43 2501
52 168 2502
30 103 2503
175 197 2504
116 77 2505
122 71 2506
160 115 2507
31 158 2508
134 49 2509
180 170 2510
54 93 2511
32 127 2512
76 86 2513
87 14 2514
62 127 2515
131 23 2516
178 156 2517
10 23 2518
157 103 2519
104 88 2520
134 71 2521
35 76 2522
195 46 2523
23 3 2524
141 199 2525
12 166 2526
90 55 2527
12 159 2528
47 52 2529
15 199 2530
191 96 2531
35 47 2532
101 147 2533
2 15 2534
111 197 2535
178 70 2536
36 45 2537
53 52 2538
47 78 2539
79 130 2540
154 15 2541
116 28 2542
186 174 2543
169 89 2544
52 58 2545
100 110 2546
65 111 2547
176 4 2548
24 30 2549
18 109 2550
179 48 2551
146 152 2552
166 147 2553
136 73 2554
60 128 2555
185 4 2556
95 121 2557
24 161 2558
129 192 2559
59 75 2560
167 26 2561
66 147 2562
195 169 2563
124 129 2564
181 79 2565
57 48 2566
55 123 2567
147 103 2568
59 15 2569
55 170 2570
25 162 2571
18 16 2572
85 101 2573
57 138 2574
157 16 2575
22 68 2576
72 47 2577
8 170 2578
26 63 2579
17 192 2580
62 131 2581
92 127 2582
195 66 2583
33 152 2584
13 70 2585
158 160 2586
172 85 2587
180 77 2588
129 25 2589
63 90 2590
147 192 2591
35 166 2592
20 128 2593
129 93 2594
184 142 2595
151 140 2596
160 46 2597
159 88 2598
167 109 2599
10 42 2600
192 74 2601
132 54 2602
144 150 2603
33 137 2604
145 140 2605
37 8 2606
169 51 2607
58 191 2608
174 48 2609
128 151 2610
117 53 2611
59 196 2612
23 199 2613
153 13 2614
27 187 2615
20 77 2616
61 122 2617
149 106 2618
165 90 2619
132 84 2620
70 73 2621
121 56 2622
34 92 2623
63 84 2624
149 22 2625
117 14 2626
130 106 2627
137 101 2628
168 151 2629
158 36 2630
27 150 2631
190 105 2632
163 28 2633
141 55 2634
37 125 2635
168 82 2636
64 140 2637
42 122 2638
145 200 2639
187 108 2640
7 185 2641
66 19 2642
108 169 2643
37 161 2644
33 99 2645
147 2 2646
42 164 2647
13 60 2648
185 95 2649
80 142 2650
162 17 2651
42 186 2652
183 93 2653
168 157 2654
45 44 2655
89 81 2656
96 147 2657
98 33 2658
10 112 2659
191 70 2660
198 3 2661
151 149 2662
110 155 2663
134 19 2664
79 154 2665
35 70 2666
156 155 2667
30 104 2668
85 121 2669
68 108 2670
73 168 2671
62 105 2672
96 199 2673
38 138 2674
3 35 2675
82 21 2676
131 89 2677
3 27 2678
25 42 2679
1 96 2680
10 148 2681
191 54 2682
43 35 2683
106 5 2684
100 193 2685
124 48 2686
174 196 2687
130 5 2688
136 138 2689
51 93 2690
154 49 2691
163 186 2692
97 2 2693
98 107 2694
76 9 2695
106 140 2696
150 191 2697
93 101 2698
89 160 2699
147 91 2700
19 39 2701
91 84 2702
182 85 2703
1 109 2704
153 16 2705
128 191 2706
48 61 2707
108 166 2708
2 180 2709
198 23 2710
159 76 2711
107 130 2712
11 50 2713
77 118 2714
142 124 2715
140 136 2716
40 7 2717
105 16 2718
119 101 2719
18 77 2720
155 174 2721
137 125 2722
47 130 2723
124 5 2724
97 153 2725
8 33 2726
174 71 2727
95 50 2728
137 36 2729
101 121 2730
196 200 2731
134 39 2732
15 146 2733
1 179 2734
104 176 2735
86 174 2736
4 70 2737
154 162 2738
57 163 2739
32 167 2740
142 36 2741
147 169 2742
4 142 2743
20 72 2744
195 72 2745
84 1 2746
41 46 2747
57 151 2748
152 23 2749
166 125 2750
108 148 2751
29 150 2752
181 140 2753
97 135 2754
141 113 2755
84 140 2756
83 156 2757
68 78 2758
39 49 2759
95 146 2760
121 104 2761
29 18 2762
160 87 2763
52 23 2764
27 95 2765
149 62 2766
139 15 2767
122 21 2768
70 82 2769
88 183 2770
192 102 2771
122 167 2772
15 78 2773
135 34 2774
127 187 2775
46 111 2776
155 45 2777
38 176 2778
31 155 2779
34 154 2780
39 45 2781
190 143 2782
184 20 2783
24 119 2784
49 153 2785
26 18 2786
120 109 2787
197 45 2788
88 54 2789
117 155 2790
142 47 2791
78 42 2792
37 156 2793
40 169 2794
163 120 2795
161 170 2796
15 197 2797
40 199 2798
179 55 2799
18 122 2800
171 139 2801
86 40 2802
63 197 2803
146 184 2804
67 35 2805
128 1 2806
134 187 2807
77 40 2808
168 50 2809
155 11 2810
5 192 2811
81 174 2812
35 124 2813
112 44 2814
59 31 2815
185 121 2816
15 196 2817
7 160 2818
54 10 2819
31 52 2820
29 83 2821
198 61 2822
31 33 2823
49 55 2824
94 49 2825
119 143 2826
75 90 2827
39 97 2828
101 183 2829
112 84 2830
34 141 2831
60 134 2832
47 12 2833
73 17 2834
36 172 2835
10 149 2836
86 125 2837
192 111 2838
141 12 2839
167 18 2840
79 129 2841
174 36 2842
61 188 2843
147 62 2844
79 160 2845
142 133 2846
54 61 2847
102 12 2848
76 124 2849
165 54 2850
19 50 2851
120 177 2852
77 31 2853
69 4 2854
88 46 2855
85 54 2856
91 107 2857
18 65 2858
50 165 2859
71 29 2860
177 5 2861
58 97 2862
18 14 2863
98 175 2864
46 137 2865
18 135 2866
15 52 2867
194 111 2868
149 56 2869
46 112 2870
39 76 2871
52 152 2872
194 6 2873
154 105 2874
35 86 2875
24 170 2876
47 97 2877
48 141 2878
130 104 2879
24 91 2880
109 115 2881
105 158 2882
119 56 2883
63 70 2884
165 149 2885
65 190 2886
93 10 2887
11 170 2888
82 120 2889
53 191 2890
51 149 2891
109 100 2892
102 28 2893
128 81 2894
121 52 2895
32 71 2896
22 15 2897
63 187 2898
19 110 2899
9 15 2900
100 112 2901
9 48 2902
53 21 2903
148 154 2904
19 167 2905
26 55 2906
139 158 2907
57 102 2908
177 37 2909
85 86 2910
110 17 2911
155 124 2912
26 140 2913
73 143 2914
97 93 2915
165 197 2916
113 199 2917
51 86 2918
48 118 2919
90 23 2920
173 72 2921
30 8 2922
13 136 2923
16 194 2924
8 77 2925
60 189 2926
87 80 2927
82 61 2928
61 43 2929
40 74 2930
92 172 2931
144 79 2932
152 26 2933
190 187 2934
6 197 2935
87 95 2936
195 167 2937
112 110 2938
40 93 2939
121 159 2940
37 51 2941
124 141 2942
194 157 2943
92 68 2944
92 97 2945
87 171 2946
112 170 2947
39 59 2948
182 190 2949
92 137 2950
131 71 2951
46 147 2952
55 68 2953
9 168 2954
98 172 2955
29 175 2956
32 74 2957
123 6 2958
91 17 2959
98 4 2960
170 129 2961
125 27 2962
22 67 2963
20 132 2964
114 63 2965
36 33 2966
127 9 2967
91 187 2968
50 104 2969
33 153 2970
66 90 2971
49 25 2972
179 82 2973
124 4 2974
75 119 2975
66 178 2976
5 132 2977
108 87 2978
76 37 2979
123 185 2980
48 139 2981
32 145 2982
17 155 2983
192 176 2984
129 178 2985
77 176 2986
77 142 2987
43 77 2988
161 102 2989
138 144 2990
74 165 2991
197 181 2992
183 52 2993
167 16 2994
150 13 2995
137 178 2996
55 156 2997
106 6 2998
65 119 2999
156 159 3000
119 10 3001
64 30 3002
69 82 3003
34 176 3004
192 189 3005
119 150 3006
175 38 3007
25 57 3008
54 127 3009
35 26 3010
68 135 3011
9 129 3012
82 76 3013
19 153 3014
197 40 3015
170 105 3016
126 142 3017
35 56 3018
79 13 3019
60 20 3020
199 142 3021
42 76 3022
150 143 3023
127 181 3024
32 7 3025
12 70 3026
82 48 3027
147 119 3028
155 49 3029
22 133 3030
103 200 3031
171 175 3032
79 138 3033
189 121 3034
182 8 3035
196 76 3036
187 142 3037
138 58 3038
45 123 3039
28 166 3040
75 106 3041
197 10 3042
187 93 3043
191 71 3044
113 91 3045
71 120 3046
74 133 3047
127 45 3048
55 172 3049
136 178 3050
39 139 3051
3 71 3052
121 126 3053
49 46 3054
191 86 3055
97 11 3056
125 115 3057
22 100 3058
53 104 3059
62 142 3060
88 15 3061
31 145 3062
91 148 3063
183 132 3064
106 131 3065
85 109 3066
100 19 3067
196 30 3068
143 40 3069
142 54 3070
164 56 3071
143 184 3072
200 41 3073
121 108 3074
160 34 3075
80 32 3076
120 180 3077
177 128 3078
103 139 3079
195 79 3080
88 128 3081
101 98 3082
193 116 3083
74 8 3084
6 51 3085
169 153 3086
128 43 3087
103 32 3088
32 24 3089
150 76 3090
74 106 3091
176 31 3092
60 110 3093
163 36 3094
16 116 3095
145 51 3096
9 36 3097
67 137 3098
183 13 3099
112 95 3100
192 13 3101
153 133 3102
67 82 3103
30 89 3104
120 169 3105
47 67 3106
96 41 3107
9 189 3108
54 167 3109
79 152 3110
94 32 3111
186 171 3112
124 33 3113
70 77 3114
167 70 3115
181 103 3116
126 22 3117
68 83 3118
170 171 3119
123 127 3120
26 163 3121
73 79 3122
29 74 3123
90 197 3124
142 165 3125
200 190 3126
71 168 3127
63 168 3128
133 10 3129
177 138 3130
121 41 3131
184 40 3132
189 185 3133
155 134 3134
143 179 3135
101 155 3136
184 165 3137
88 184 3138
72 120 3139
200 130 3140
106 126 3141
93 20 3142
88 57 3143
147 44 3144
174 175 3145
83 37 3146
96 134 3147
91 119 3148
150 154 3149
76 179 3150
9 94 3151
130 62 3152
90 45 3153
123 66 3154
129 34 3155
18 9 3156
105 80 3157
34 142 3158
34 185 3159
1 54 3160
111 188 3161
114 85 3162
81 43 3163
154 144 3164
134 146 3165
188 142 3166
95 71 3167
80 183 3168
177 127 3169
82 114 3170
16 113 3171
127 1 3172
191 200 3173
133 39 3174
140 193 3175
18 97 3176
50 119 3177
56 86 3178
150 74 3179
100 182 3180
11 140 3181
23 105 3182
148 197 3183
181 168 3184
149 43 3185
82 66 3186
80 129 3187
90 121 3188
27 102 3189
73 167 3190
61 40 3191
123 88 3192
60 171 3193
195 5 3194
105 127 3195
199 188 3196
90 185 3197
129 72 3198
105 40 3199
192 87 3200
125 142 3201
131 151 3202
50 133 3203
148 62 3204
160 107 3205
149 54 3206
200 182 3207
45 81 3208
153 104 3209
85 132 3210
78 37 3211
2 184 3212
78 74 3213
93 103 3214
40 29 3215
33 139 3216
189 24 3217
191 189 3218
97 162 3219
67 63 3220
133 173 3221
134 95 3222
55 158 3223
11 61 3224
30 79 3225
70 72 3226
101 60 3227
80 97 3228
141 188 3229
13 145 3230
152 161 3231
34 68 3232
21 153 3233
190 74 3234
24 44 3235
120 99 3236
76 165 3237
6 83 3238
79 153 3239
17 25 3240
23 34 3241
142 107 3242
190 138 3243
110 147 3244
8 174 3245
82 34 3246
147 191 3247
154 86 3248
84 148 3249
126 111 3250
199 85 3251
1 73 3252
174 34 3253
172 79 3254
30 32 3255
111 3 3256
71 66 3257
81 158 3258
77 67 3259
184 22 3260
28 114 3261
78 35 3262
132 175 3263
136 197 3264
196 77 3265
185 44 3266
123 126 3267
28 136 3268
52 19 3269
28 22 3270
140 109 3271
166 93 3272
137 11 3273
114 117 3274
139 181 3275
184 144 3276
71 169 3277
188 34 3278
113 139 3279
37 91 3280
148 153 3281
106 111 3282
16 93 3283
132 45 3284
58 133 3285
92 136 3286
51 56 3287
174 52 3288
86 7 3289
41 99 3290
22 87 3291
103 110 3292
125 155 3293
185 22 3294
86 128 3295
168 53 3296
62 65 3297
191 184 3298
80 109 3299
104 92 3300
123 64 3301
29 72 3302
36 77 3303
193 51 3304
158 88 3305
157 74 3306
106 107 3307
172 80 3308
73 68 3309
126 132 3310
27 147 3311
2 89 3312
129 135 3313
103 1 3314
40 126 3315
198 149 3316
146 114 3317
96 2 3318
41 79 3319
119 124 3320
107 190 3321
75 12 3322
14 17 3323
96 64 3324
42 136 3325
190 183 3326
39 94 3327
161 67 3328
32 47 3329
199 81 3330
190 129 3331
150 22 3332
84 56 3333
10 167 3334
181 178 3335
50 154 3336
12 43 3337
194 29 3338
18 37 3339
196 134 3340
107 61 3341
111 103 3342
67 181 3343
85 80 3344
140 29 3345
114 75 3346
139 29 3347
177 76 3348
151 182 3349
185 111 3350
120 44 3351
110 117 3352
64 127 3353
131 162 3354
103 52 3355
80 103 3356
191 9 3357
167 197 3358
3 112 3359
144 77 3360
40 162 3361
66 135 3362
200 48 3363
83 34 3364
77 58 3365
139 42 3366
46 144 3367
135 110 3368
95 18 3369
30 164 3370
148 8 3371
7 67 3372
32 140 3373
18 40 3374
63 167 3375
190 101 3376
84 94 3377
102 191 3378
181 57 3379
94 193 3380
116 155 3381
33 66 3382
105 4 3383
94 102 3384
173 67 3385
80 199 3386
8 158 3387
85 33 3388
41 170 3389
53 51 3390
151 132 3391
53 18 3392
23 132 3393
172 129 3394
154 198 3395
169 122 3396
113 63 3397
135 47 3398
121 175 3399
61 62 3400
79 114 3401
194 134 3402
40 121 3403
145 176 3404
95 150 3405
189 173 3406
143 35 3407
111 16 3408
116 161 3409
34 69 3410
20 25 3411
129 130 3412
30 68 3413
99 69 3414
178 100 3415
73 54 3416
102 105 3417
58 60 3418
73 197 3419
45 192 3420
86 151 3421
177 151 3422
133 191 3423
29 25 3424
25 104 3425
147 55 3426
58 132 3427
63 65 3428
155 23 3429
189 125 3430
149 138 3431
70 28 3432
19 5 3433
90 17 3434
30 13 3435
21 76 3436
76 135 3437
72 115 3438
41 169 3439
167 130 3440
106 190 3441
55 31 3442
185 49 3443
199 30 3444
73 173 3445
45 159 3446
8 79 3447
131 46 3448
119 44 3449
100 161 3450
68 149 3451
89 11 3452
14 139 3453
133 145 3454
91 77 3455
4 96 3456
139 159 3457
45 20 3458
95 74 3459
64 105 3460
2 116 3461
39 186 3462
43 5 3463
78 114 3464
194 191 3465
54 24 3466
195 78 3467
121 65 3468
130 68 3469
157 111 3470
116 143 3471
165 24 3472
9 110 3473
74 59 3474
85 137 3475
123 65 3476
78 62 3477
115 195 3478
115 146 3479
19 91 3480
72 153 3481
2 152 3482
152 71 3483
90 119 3484
108 38 3485
161 51 3486
157 193 3487
178 147 3488
5 50 3489
36 152 3490
15 186 3491
199 150 3492
141 185 3493
10 174 3494
96 22 3495
5 52 3496
32 152 3497
185 103 3498
20 183 3499
161 29 3500
20 84 3501
11 64 3502
134 54 3503
136 105 3504
94 150 3505
93 114 3506
143 67 3507
4 189 3508
198 14 3509
62 125 3510
127 46 3511
53 100 3512
112 29 3513
60 42 3514
141 16 3515
25 88 3516
12 173 3517
164 51 3518
63 68 3519
193 70 3520
83 12 3521
62 159 3522
26 192 3523
173 44 3524
120 142 3525
32 65 3526
74 163 3527
175 172 3528
54 39 3529
126 115 3530
16 80 3531
100 105 3532
36 110 3533
39 71 3534
153 22 3535
74 175 3536
94 70 3537
88 3 3538
36 56 3539
116 57 3540
184 24 3541
76 38 3542
62 42 3543
109 30 3544
92 60 3545
180 80 3546
56 92 3547
136 38 3548
82 36 3549
14 58 3550
45 148 3551
47 1 3552
71 185 3553
139 66 3554
147 131 3555
19 67 3556
33 71 3557
73 77 3558
58 164 3559
162 175 3560
3 86 3561
81 167 3562
64 171 3563
192 190 3564
61 132 3565
151 90 3566
124 190 3567
108 176 3568
166 41 3569
178 144 3570
196 164 3571
89 42 3572
133 41 3573
178 18 3574
39 1 3575
93 152 3576
132 37 3577
190 12 3578
96 196 3579
65 72 3580
125 92 3581
168 27 3582
146 35 3583
168 93 3584
165 6 3585
150 130 3586
88 16 3587
99 191 3588
24 167 3589
53 28 3590
90 155 3591
102 9 3592
145 126 3593
51 154 3594
23 5 3595
39 83 3596
178 57 3597
41 85 3598
42 200 3599
121 27 3600
81 91 3601
6 138 3602
21 18 3603
121 193 3604
187 31 3605
194 137 3606
95 161 3607
34 132 3608
57 177 3609
95 142 3610
200 174 3611
155 199 3612
143 188 3613
89 82 3614
98 76 3615
115 131 3616
34 60 3617
141 169 3618
87 54 3619
109 116 3620
190 14 3621
163 76 3622
120 50 3623
54 86 3624
173 90 3625
136 131 3626
101 136 3627
155 178 3628
74 38 3629
104 155 3630
172 185 3631
28 141 3632
36 63 3633
160 152 3634
125 105 3635
51 91 3636
61 121 3637
165 113 3638
123 76 3639
194 98 3640
66 172 3641
99 110 3642
195 101 3643
155 143 3644
48 175 3645
21 177 3646
195 95 3647
46 64 3648
49 98 3649
94 153 3650
15 69 3651
56 123 3652
10 67 3653
136 82 3654
128 96 3655
99 57 3656
95 182 3657
149 27 3658
158 95 3659
168 37 3660
135 170 3661
109 17 3662
40 166 3663
164 78 3664
72 54 3665
1 136 3666
148 50 3667
95 31 3668
95 160 3669
177 93 3670
86 161 3671
116 18 3672
43 111 3673
149 178 3674
97 117 3675
61 90 3676
41 19 3677
116 128 3678
98 136 3679
199 98 3680
27 105 3681
135 131 3682
142 22 3683
75 58 3684
190 191 3685
80 19 3686
65 89 3687
93 99 3688
109 173 3689
70 141 3690
17 118 3691
151 122 3692
5 61 3693
177 180 3694
72 10 3695
58 180 3696
7 102 3697
173 126 3698
27 129 3699
186 134 3700
98 95 3701
98 103 3702
1 126 3703
144 12 3704
42 142 3705
12 101 3706
9 198 3707
86 24 3708
86 155 3709
73 48 3710
13 128 3711
139 178 3712
186 38 3713
29 35 3714
9 188 3715
174 97 3716
51 45 3717
64 148 3718
45 40 3719
116 52 3720
28 188 3721
45 116 3722
5 12 3723
178 24 3724
70 120 3725
26 90 3726
36 41 3727
7 104 3728
7 61 3729
107 116 3730
26 104 3731
134 118 3732
50 30 3733
75 34 3734
92 152 3735
136 70 3736
34 51 3737
176 81 3738
163 145 3739
62 107 3740
26 33 3741
26 143 3742
190 184 3743
103 167 3744
182 35 3745
114 1 3746
175 194 3747
151 31 3748
46 26 3749
5 179 3750
75 152 3751
140 115 3752
62 173 3753
181 30 3754
110 128 3755
102 199 3756
106 147 3757
134 30 3758
70 168 3759
73 134 3760
140 33 3761
151 46 3762
89 55 3763
73 55 3764
97 187 3765
29 79 3766
148 137 3767
130 97 3768
33 108 3769
67 142 3770
200 123 3771
186 182 3772
88 103 3773
39 174 3774
128 106 3775
2 188 3776
134 200 3777
19 117 3778
125 130 3779
22 64 3780
78 141 3781
5 93 3782
133 169 3783
193 30 3784
158 200 3785
120 65 3786
144 95 3787
133 161 3788
85 90 3789
17 140 3790
163 190 3791
49 170 3792
117 70 3793
30 20 3794
176 96 3795
45 3 3796
124 117 3797
36 39 3798
107 113 3799
81 115 3800
198 155 3801
147 58 3802
118 159 3803
155 127 3804
50 47 3805
36 8 3806
91 198 3807
197 109 3808
109 198 3809
82 43 3810
61 145 3811
55 3 3812
47 36 3813
84 45 3814
20 181 3815
159 154 3816
57 196 3817
83 169 3818
69 104 3819
92 7 3820
54 14 3821
190 33 3822
53 139 3823
171 110 3824
15 114 3825
78 43 3826
10 166 3827
107 169 3828
26 25 3829
5 68 3830
22 31 3831
95 128 3832
9 6 3833
156 66 3834
191 142 3835
138 66 3836
17 60 3837
26 187 3838
116 185 3839
56 148 3840
141 122 3841
156 102 3842
18 102 3843
48 53 3844
23 56 3845
109 46 3846
193 131 3847
59 121 3848
66 192 3849
20 180 3850
174 146 3851
53 172 3852
144 121 3853
160 154 3854
70 76 3855
148 36 3856
14 60 3857
171 102 3858
47 125 3859
180 122 3860
79 193 3861
142 71 3862
12 35 3863
44 187 3864
59 171 3865
164 174 3866
53 142 3867
73 149 3868
170 47 3869
127 4 3870
199 2 3871
95 84 3872
140 7 3873
110 87 3874
67 29 3875
84 16 3876
35 196 3877
112 89 3878
37 155 3879
15 153 3880
142 94 3881
147 52 3882
102 26 3883
147 108 3884
167 59 3885
126 43 3886
160 159 3887
187 106 3888
194 120 3889
90 11 3890
76 176 3891
46 184 3892
171 73 3893
98 62 3894
27 64 3895
49 87 3896
41 194 3897
164 11 3898
77 76 3899
6 128 3900
198 128 3901
48 14 3902
195 36 3903
15 94 3904
28 37 3905
180 178 3906
125 29 3907
81 76 3908
70 8 3909
197 60 3910
1 121 3911
6 118 3912
159 54 3913
59 172 3914
127 190 3915
20 79 3916
135 137 3917
8 35 3918
74 141 3919
135 179 3920
93 100 3921
17 111 3922
197 124 3923
174 150 3924
77 89 3925
179 113 3926
99 20 3927
16 54 3928
139 126 3929
163 173 3930
89 39 3931
83 60 3932
50 108 3933
78 172 3934
60 90 3935
77 39 3936
73 61 3937
123 125 3938
156 38 3939
87 102 3940
21 16 3941
172 118 3942
4 153 3943
190 185 3944
116 36 3945
106 134 3946
103 66 3947
14 193 3948
187 186 3949
119 96 3950
91 73 3951
162 73 3952
91 60 3953
163 184 3954
113 157 3955
188 162 3956
125 87 3957
155 196 3958
157 138 3959
152 181 3960
83 120 3961
128 130 3962
9 23 3963
86 31 3964
198 93 3965
190 88 3966
59 89 3967
146 168 3968
39 145 3969
46 36 3970
137 128 3971
3 90 3972
138 129 3973
76 56 3974
148 88 3975
65 146 3976
31 56 3977
194 101 3978
58 172 3979
169 145 3980
193 130 3981
167 154 3982
4 20 3983
147 83 3984
140 58 3985
108 196 3986
28 44 3987
31 73 3988
60 145 3989
187 71 3990
72 67 3991
96 100 3992
17 135 3993
9 159 3994
198 114 3995
171 37 3996
164 48 3997
156 10 3998
47 90 3999
152 117 4000
67 144 4001
75 6 4002
140 78 4003
66 10 4004
165 115 4005
122 105 4006
127 102 4007
108 136 4008
109 200 4009
105 6 4010
31 57 4011
19 27 4012
97 179 4013
200 70 4014
35 119 4015
188 133 4016
189 194 4017
191 129 4018
113 194 4019
150 54 4020
141 146 4021
71 163 4022
78 167 4023
101 107 4024
180 164 4025
83 161 4026
91 177 4027
138 141 4028
137 30 4029
73 3 4030
23 70 4031
6 39 4032
65 24 4033
163 176 4034
33 17 4035
168 135 4036
110 54 4037
175 147 4038
179 106 4039
86 196 4040
76 181 4041
124 61 4042
139 167 4043
110 96 4044
51 67 4045
66 30 4046
58 32 4047
83 50 4048
126 3 4049
11 48 4050
38 161 4051
36 130 4052
35 187 4053
161 154 4054
128 31 4055
190 61 4056
163 88 4057
137 16 4058
121 30 4059
181 105 4060
102 81 4061
131 87 4062
52 65 4063
54 90 4064
173 5 4065
133 155 4066
185 183 4067
188 109 4068
94 192 4069
84 51 4070
178 111 4071
98 117 4072
44 43 4073
71 46 4074
140 130 4075
107 13 4076
184 149 4077
83 45 4078
100 185 4079
21 60 4080
45 161 4081
194 136 4082
44 41 4083
17 49 4084
177 141 4085
101 141 4086
10 116 4087
52 151 4088
161 89 4089
12 134 4090
53 8 4091
161 55 4092
117 156 4093
72 189 4094
134 63 4095
89 116 4096
8 111 4097
58 161 4098
92 181 4099
121 137 4100
141 58 4101
37 95 4102
196 23 4103
163 125 4104
83 71 4105
34 52 4106
84 165 4107
132 120 4108
91 170 4109
130 147 4110
131 22 4111
12 14 4112
138 15 4113
151 120 4114
90 110 4115
33 22 4116
180 190 4117
50 57 4118
163 77 4119
93 121 4120
70 164 4121
53 35 4122
193 155 4123
139 21 4124
75 15 4125
5 10 4126
83 112 4127
159 18 4128
24 87 4129
73 179 4130
139 125 4131
19 144 4132
85 149 4133
189 33 4134
29 107 4135
99 23 4136
51 58 4137
135 35 4138
14 158 4139
167 199 4140
146 166 4141
172 139 4142
12 130 4143
27 158 4144
184 117 4145
33 138 4146
154 136 4147
29 124 4148
111 154 4149
124 188 4150
98 68 4151
174 178 4152
43 7 4153
40 90 4154
8 73 4155
73 163 4156
82 109 4157
61 72 4158
44 180 4159
100 43 4160
19 56 4161
99 105 4162
170 111 4163
39 28 4164
133 1 4165
87 126 4166
166 22 4167
117 145 4168
124 1 4169
152 113 4170
70 112 4171
59 42 4172
199 125 4173
164 89 4174
135 153 4175
125 10 4176
37 139 4177
143 31 4178
162 120 4179
90 74 4180
95 125 4181
175 113 4182
22 180 4183
168 45 4184
122 132 4185
114 133 4186
88 1 4187
127 106 4188
142 154 4189
143 85 4190
194 103 4191
159 69 4192
53 186 4193
165 108 4194
160 120 4195
36 122 4196
26 34 4197
23 35 4198
20 23 4199
73 131 4200
198 138 4201
180 186 4202
180 193 4203
88 44 4204
171 91 4205
53 159 4206
14 199 4207
55 102 4208
131 21 4209
144 117 4210
105 8 4211
75 122 4212
191 104 4213
199 68 4214
197 16 4215
14 74 4216
172 192 4217
129 28 4218
87 144 4219
167 17 4220
174 102 4221
48 44 4222
13 166 4223
58 73 4224
47 173 4225
97 74 4226
109 193 4227
170 10 4228
164 107 4229
53 157 4230
32 91 4231
164 18 4232
131 97 4233
122 156 4234
43 31 4235
38 8 4236
174 158 4237
164 137 4238
36 43 4239
181 72 4240
95 23 4241
100 106 4242
130 133 4243
162 36 4244
126 194 4245
161 151 4246
109 66 4247
162 140 4248
11 16 4249
196 43 4250
8 152 4251
69 160 4252
121 57 4253
87 195 4254
58 28 4255
70 146 4256
120 81 4257
105 36 4258
175 59 4259
199 114 4260
81 4 4261
177 6 4262
178 196 4263
163 142 4264
131 169 4265
18 117 4266
158 63 4267
106 125 4268
124 157 4269
166 68 4270
192 106 4271
39 125 4272
40 198 4273
105 118 4274
196 44 4275
29 30 4276
160 37 4277
168 46 4278
70 139 4279
12 97 4280
52 59 4281
133 123 4282
16 126 4283
44 149 4284
125 7 4285
150 109 4286
188 182 4287
164 50 4288
154 72 4289
141 194 4290
150 183 4291
47 10 4292
63 154 4293
163 91 4294
168 173 4295
22 168 4296
77 119 4297
119 15 4298
160 21 4299
51 27 4300
167 157 4301
171 157 4302
145 43 4303
46 189 4304
186 85 4305
23 106 4306
184 63 4307
134 109 4308
118 97 4309
65 167 4310
85 12 4311
119 197 4312
102 70 4313
16 50 4314
140 77 4315
66 81 4316
28 77 4317
167 3 4318
13 10 4319
48 190 4320
144 92 4321
194 178 4322
173 180 4323
133 64 4324
99 173 4325
30 129 4326
123 99 4327
46 164 4328
124 51 4329
81 53 4330
90 125 4331
176 65 4332
61 168 4333
3 65 4334
54 120 4335
148 172 4336
73 150 4337
17 99 4338
130 52 4339
42 11 4340
133 168 4341
4 58 4342
128 146 4343
177 20 4344
72 169 4345
12 135 4346
155 28 4347
118 139 4348
164 142 4349
16 69 4350
36 123 4351
106 8 4352
106 185 4353
134 164 4354
192 4 4355
152 177 4356
137 166 4357
193 175 4358
52 56 4359
3 42 4360
140 83 4361
82 31 4362
98 79 4363
197 58 4364
56 82 4365
179 174 4366
169 144 4367
162 178 4368
138 137 4369
14 147 4370
91 9 4371
62 21 4372
139 96 4373
176 51 4374
99 62 4375
18 113 4376
197 82 4377
66 29 4378
41 181 4379
81 125 4380
122 158 4381
28 108 4382
105 180 4383
194 35 4384
190 175 4385
118 98 4386
82 86 4387
106 33 4388
87 100 4389
131 167 4390
197 78 4391
93 176 4392
54 95 4393
114 39 4394
66 115 4395
35 30 4396
114 33 4397
108 160 4398
163 95 4399
3 113 4400
133 89 4401
140 134 4402
9 83 4403
85 128 4404
10 110 4405
114 173 4406
146 4 4407
135 29 4408
33 155 4409
21 148 4410
139 110 4411
193 119 4412
57 114 4413
96 143 4414
140 167 4415
188 38 4416
104 34 4417
66 5 4418
90 39 4419
3 107 4420
127 47 4421
158 108 4422
186 193 4423
199 124 4424
35 140 4425
47 192 4426
19 11 4427
171 26 4428
140 101 4429
127 195 4430
153 173 4431
109 32 4432
82 146 4433
33 80 4434
71 197 4435
103 105 4436
139 153 4437
83 102 4438
115 56 4439
119 60 4440
85 82 4441
59 18 4442
21 162 4443
103 69 4444
73 192 4445
5 24 4446
105 29 4447
193 97 4448
99 187 4449
118 67 4450
8 66 4451
30 65 4452
64 61 4453
150 111 4454
70 90 4455
187 75 4456
179 89 4457
114 168 4458
44 92 4459
3 57 4460
169 181 4461
13 43 4462
41 72 4463
173 77 4464
62 29 4465
187 50 4466
103 140 4467
50 191 4468
118 113 4469
170 136 4470
109 37 4471
50 27 4472
30 38 4473
188 105 4474
50 152 4475
48 68 4476
157 77 4477
85 141 4478
72 13 4479
50 42 4480
27 8 4481
91 59 4482
170 137 4483
93 173 4484
84 134 4485
30 101 4486
106 97 4487
146 182 4488
161 125 4489
169 96 4490
45 143 4491
134 82 4492
171 152 4493
120 193 4494
35 41 4495
119 177 4496
84 11 4497
86 87 4498
168 159 4499
177 200 4500
178 173 4501
119 191 4502
8 155 4503
118 197 4504
27 118 4505
78 57 4506
197 53 4507
92 51 4508
79 66 4509
64 117 4510
84 29 4511
9 134 4512
76 139 4513
105 183 4514
110 52 4515
79 67 4516
77 107 4517
29 177 4518
125 164 4519
132 150 4520
27 182 4521
117 90 4522
154 100 4523
17 160 4524
64 86 4525
43 9 4526
34 14 4527
173 156 4528
128 107 4529
93 193 4530
33 183 4531
60 137 4532
166 76 4533
115 70 4534
146 143 4535
58 82 4536
183 59 4537
70 11 4538
193 71 4539
180 114 4540
97 21 4541
161 105 4542
190 109 4543
24 60 4544
172 164 4545
79 60 4546
105 153 4547
56 40 4548
175 78 4549
5 28 4550
74 172 4551
95 66 4552
190 96 4553
71 184 4554
31 87 4555
33 11 4556
151 195 4557
17 64 4558
150 163 4559
197 85 4560
104 62 4561
36 60 4562
145 11 4563
62 197 4564
39 21 4565
109 171 4566
127 101 4567
70 140 4568
45 107 4569
2 8 4570
192 125 4571
148 58 4572
71 133 4573
124 187 4574
133 197 4575
137 161 4576
185 81 4577
126 182 4578
47 102 4579
104 175 4580
116 124 4581
54 35 4582
167 191 4583
99 48 4584
94 5 4585
38 28 4586
188 192 4587
149 195 4588
143 182 4589
42 72 4590
61 164 4591
95 44 4592
177 143 4593
82 143 4594
106 105 4595
1 10 4596
54 166 4597
163 13 4598
147 50 4599
181 25 4600
139 102 4601
68 115 4602
51 180 4603
94 140 4604
64 80 4605
110 55 4606
102 58 4607
94 132 4608
28 12 4609
24 138 4610
68 67 4611
188 57 4612
105 20 4613
21 175 4614
131 179 4615
114 90 4616
52 89 4617
33 23 4618
14 187 4619
44 146 4620
147 153 4621
112 182 4622
180 49 4623
176 14 4624
115 164 4625
151 32 4626
192 64 4627
45 57 4628
183 22 4629
155 122 4630
194 110 4631
51 43 4632
11 141 4633
192 69 4634
6 136 4635
39 7 4636
177 178 4637
103 131 4638
53 57 4639
174 4 4640
92 192 4641
70 118 4642
78 111 4643
139 104 4644
2 36 4645
65 118 4646
101 56 4647
13 36 4648
53 169 4649
71 112 4650
87 157 4651
103 68 4652
131 154 4653
117 21 4654
113 146 4655
80 191 4656
15 115 4657
5 162 4658
70 53 4659
133 45 4660
32 100 4661
168 189 4662
40 193 4663
137 108 4664
70 41 4665
102 165 4666
97 31 4667
62 91 4668
116 173 4669
90 131 4670
167 69 4671
51 155 4672
1 180 4673
32 171 4674
179 122 4675
162 155 4676
73 14 4677
95 143 4678
158 102 4679
149 61 4680
117 54 4681
38 29 4682
140 105 4683
45 182 4684
53 162 4685
121 66 4686
97 188 4687
186 146 4688
181 164 4689
164 168 4690
50 22 4691
77 138 4692
68 146 4693
8 11 4694
8 179 4695
132 137 4696
4 159 4697
78 177 4698
38 145 4699
53 183 4700
111 5 4701
196 9 4702
167 116 4703
155 6 4704
150 173 4705
187 112 4706
6 59 4707
100 70 4708
188 183 4709
172 178 4710
60 40 4711
63 18 4712
141 52 4713
154 140 4714
150 1 4715
60 120 4716
164 69 4717
150 47 4718
29 17 4719
137 179 4720
26 66 4721
16 155 4722
6 159 4723
180 83 4724
59 157 4725
170 33 4726
93 80 4727
200 183 4728
187 138 4729
6 104 4730
130 11 4731
12 160 4732
103 44 4733
139 98 4734
40 76 4735
65 194 4736
12 46 4737
83 126 4738
33 129 4739
132 69 4740
130 73 4741
133 156 4742
102 167 4743
55 183 4744
41 52 4745
71 192 4746
189 87 4747
37 7 4748
181 84 4749
187 159 4750
50 52 4751
153 64 4752
131 40 4753
93 192 4754
126 193 4755
45 125 4756
17 120 4757
50 132 4758
22 101 4759
49 140 4760
97 99 4761
159 2 4762
114 32 4763
138 175 4764
185 8 4765
25 153 4766
142 149 4767
45 185 4768
91 165 4769
77 93 4770
139 72 4771
45 61 4772
116 69 4773
36 59 4774
31 137 4775
10 182 4776
149 84 4777
112 38 4778
134 144 4779
106 197 4780
95 88 4781
86 19 4782
107 200 4783
160 179 4784
138 29 4785
62 53 4786
126 47 4787
60 132 4788
136 109 4789
157 107 4790
49 78 4791
159 26 4792
86 133 4793
68 107 4794
40 135 4795
22 173 4796
114 89 4797
101 162 4798
116 146 4799
11 109 4800
199 151 4801
30 98 4802
140 73 4803
139 108 4804
36 194 4805
165 78 4806
85 94 4807
91 117 4808
171 75 4809
110 31 4810
10 183 4811
133 182 4812
14 188 4813
45 113 4814
113 144 4815
115 122 4816
126 158 4817
200 45 4818
49 159 4819
22 55 4820
197 83 4821
83 14 4822
63 52 4823
147 128 4824
168 51 4825
99 156 4826
181 194 4827
158 83 4828
15 168 4829
147 6 4830
91 155 4831
191 148 4832
5 78 4833
11 181 4834
138 83 4835
80 111 4836
94 159 4837
170 25 4838
4 107 4839
98 105 4840
36 28 4841
185 83 4842
45 25 4843
118 155 4844
25 114 4845
194 116 4846
65 198 4847
15 117 4848
76 12 4849
67 6 4850
186 31 4851
15 74 4852
67 12 4853
176 183 4854
6 71 4855
124 101 4856
111 62 4857
32 122 4858
89 193 4859
16 92 4860
113 171 4861
58 46 4862
55 74 4863
122 98 4864
50 29 4865
106 116 4866
101 123 4867
68 159 4868
125 70 4869
19 106 4870
123 179 4871
138 92 4872
96 95 4873
107 88 4874
174 6 4875
25 23 4876
135 20 4877
41 161 4878
1 183 4879
162 48 4880
184 55 4881
187 83 4882
155 92 4883
75 23 4884
191 13 4885
69 50 4886
81 57 4887
191 143 4888
127 87 4889
22 122 4890
64 113 4891
127 60 4892
155 46 4893
54 99 4894
159 151 4895
21 9 4896
190 66 4897
167 129 4898
24 171 4899
117 111 4900
136 23 4901
114 72 4902
13 84 4903
148 146 4904
172 8 4905
103 21 4906
70 51 4907
63 11 4908
184 153 4909
92 36 4910
8 165 4911
112 36 4912
119 163 4913
199 172 4914
67 172 4915
153 113 4916
167 196 4917
127 183 4918
73 123 4919
24 159 4920
24 172 4921
113 122 4922
97 66 4923
148 147 4924
1 68 4925
24 130 4926
32 197 4927
144 43 4928
10 131 4929
9 170 4930
165 73 4931
124 24 4932
117 37 4933
151 174 4934
124 7 4935
196 55 4936
149 173 4937
117 48 4938
175 50 4939
155 107 4940
38 86 4941
48 192 4942
148 29 4943
128 197 4944
17 154 4945
182 29 4946
141 128 4947
56 146 4948
125 133 4949
191 152 4950
100 95 4951
139 152 4952
13 180 4953
162 84 4954
41 77 4955
91 127 4956
150 161 4957
149 23 4958
31 78 4959
120 161 4960
52 164 4961
168 160 4962
124 169 4963
63 14 4964
196 111 4965
83 66 4966
152 64 4967
151 84 4968
148 128 4969
51 150 4970
83 36 4971
52 171 4972
10 144 4973
84 104 4974
125 30 4975
190 186 4976
73 164 4977
149 12 4978
24 181 4979
40 34 4980
125 134 4981
44 113 4982
8 160 4983
94 38 4984
65 131 4985
130 151 4986
23 179 4987
31 92 4988
93 50 4989
199 31 4990
9 14 4991
21 69 4992
32 37 4993
109 161 4994
124 68 4995
184 178 4996
158 4 4997
87 111 4998
103 158 4999
29 36 5000
141 42 5001
50 161 5002
11 149 5003
125 48 5004
33 41 5005
114 76 5006
44 127 5007
138 30 5008
87 135 5009
68 13 5010
86 149 5011
115 77 5012
2 76 5013
71 98 5014
29 142 5015
25 115 5016
41 138 5017
124 133 5018
165 187 5019
148 165 5020
65 165 5021
173 135 5022
5 97 5023
197 56 5024
64 181 5025
42 21 5026
128 4 5027
185 195 5028
42 67 5029
21 34 5030
134 169 5031
185 67 5032
66 52 5033
11 81 5034
90 32 5035
187 92 5036
108 142 5037
18 163 5038
60 62 5039
191 141 5040
200 18 5041
95 21 5042
30 81 5043
193 98 5044
158 194 5045
69 120 5046
55 144 5047
131 150 5048
30 115 5049
156 42 5050
126 161 5051
161 101 5052
133 183 5053
134 66 5054
62 23 5055
139 4 5056
185 87 5057
179 186 5058
19 113 5059
149 60 5060
27 54 5061
73 33 5062
91 43 5063
1 94 5064
28 25 5065
86 36 5066
170 46 5067
30 9 5068
3 28 5069
141 19 5070
166 114 5071
54 13 5072
135 160 5073
40 33 5074
141 86 5075
86 134 5076
125 26 5077
165 12 5078
180 199 5079
135 147 5080
115 172 5081
112 157 5082
148 46 5083
146 185 5084
192 55 5085
196 13 5086
136 29 5087
81 37 5088
96 103 5089
22 58 5090
135 155 5091
94 89 5092
153 43 5093
116 122 5094
55 69 5095
90 84 5096
16 48 5097
141 137 5098
68 164 5099
69 155 5100
94 162 5101
94 179 5102
26 149 5103
112 26 5104
36 125 5105
88 32 5106
146 173 5107
171 85 5108
198 50 5109
54 30 5110
119 108 5111
105 83 5112
63 83 5113
136 126 5114
44 176 5115
70 19 5116
172 62 5117
197 161 5118
137 169 5119
51 197 5120
196 37 5121
61 166 5122
194 144 5123
190 55 5124
178 37 5125
198 90 5126
38 57 5127
51 143 5128
49 73 5129
66 57 5130
192 152 5131
8 154 5132
182 76 5133
122 110 5134
80 21 5135
66 142 5136
158 26 5137
158 198 5138
183 4 5139
200 124 5140
83 139 5141
13 123 5142
62 161 5143
172 159 5144
98 2 5145
33 45 5146
5 123 5147
52 185 5148
170 191 5149
35 19 5150
197 117 5151
146 21 5152
101 47 5153
72 117 5154
101 87 5155
87 172 5156
151 198 5157
194 56 5158
108 124 5159
115 196 5160
191 4 5161
56 111 5162
171 15 5163
167 35 5164
7 193 5165
151 27 5166
150 125 5167
99 114 5168
27 33 5169
133 187 5170
24 99 5171
160 137 5172
60 55 5173
45 4 5174
28 27 5175
14 37 5176
101 120 5177
53 129 5178
128 98 5179
128 161 5180
155 187 5181
157 195 5182
108 99 5183
137 45 5184
73 16 5185
10 192 5186
105 35 5187
31 29 5188
181 42 5189
59 30 5190
75 63 5191
101 76 5192
7 190 5193
166 133 5194
182 150 5195
184 89 5196
90 163 5197
157 9 5198
55 106 5199
23 157 5200
200 142 5201
175 181 5202
149 15 5203
15 63 5204
86 163 5205
176 37 5206
199 6 5207
51 54 5208
163 104 5209
95 60 5210
187 82 5211
146 161 5212
131 105 5213
59 68 5214
200 185 5215
134 27 5216
100 42 5217
52 81 5218
63 104 5219
65 174 5220
127 160 5221
193 163 5222
160 133 5223
55 100 5224
22 94 5225
152 182 5226
123 53 5227
24 19 5228
48 102 5229
192 2 5230
164 35 5231
23 73 5232
83 171 5233
94 149 5234
162 130 5235
86 131 5236
114 43 5237
26 141 5238
88 160 5239
99 87 5240
166 151 5241
139 179 5242
45 191 5243
131 85 5244
147 36 5245
32 194 5246
76 29 5247
155 181 5248
153 48 5249
181 138 5250
41 56 5251
3 41 5252
25 118 5253
54 7 5254
53 96 5255
123 25 5256
93 75 5257
47 193 5258
192 88 5259
128 108 5260
188 40 5261
64 119 5262
109 54 5263
40 102 5264
2 130 5265
6 190 5266
165 139 5267
62 175 5268
126 189 5269
91 57 5270
97 10 5271
6 69 5272
152 74 5273
14 166 5274
65 136 5275
125 96 5276
96 91 5277
185 138 5278
169 177 5279
112 150 5280
150 103 5281
46 124 5282
175 19 5283
140 163 5284
90 192 5285
183 89 5286
11 49 5287
163 63 5288
153 158 5289
159 127 5290
27 42 5291
194 85 5292
84 158 5293
55 2 5294
14 159 5295
13 149 5296
41 183 5297
95 140 5298
125 14 5299
193 142 5300
144 160 5301
28 104 5302
88 187 5303
58 107 5304
157 56 5305
1 46 5306
144 135 5307
49 167 5308
142 43 5309
39 173 5310
27 190 5311
190 46 5312
57 80 5313
149 176 5314
96 75 5315
125 110 5316
87 85 5317
163 72 5318
188 173 5319
178 176 5320
183 45 5321
39 18 5322
43 42 5323
181 98 5324
112 93 5325
139 3 5326
145 141 5327
25 100 5328
18 156 5329
111 172 5330
26 5 5331
174 120 5332
114 119 5333
23 156 5334
28 159 5335
75 116 5336
121 98 5337
68 33 5338
6 15 5339
157 65 5340
125 140 5341
198 89 5342
175 200 5343
41 158 5344
162 116 5345
158 22 5346
162 103 5347
30 55 5348
78 124 5349
8 58 5350
81 186 5351
28 7 5352
104 156 5353
138 13 5354
192 169 5355
130 118 5356
124 180 5357
26 189 5358
199 5 5359
30 200 5360
34 107 5361
47 34 5362
192 61 5363
15 122 5364
124 131 5365
69 72 5366
188 125 5367
12 169 5368
131 27 5369
13 80 5370
124 70 5371
42 194 5372
192 28 5373
36 198 5374
58 103 5375
118 81 5376
147 70 5377
169 199 5378
198 83 5379
39 13 5380
128 11 5381
136 47 5382
22 10 5383
23 100 5384
176 134 5385
139 60 5386
14 69 5387
137 56 5388
17 115 5389
177 62 5390
83 59 5391
53 24 5392
94 103 5393
183 131 5394
199 128 5395
13 194 5396
147 177 5397
178 72 5398
84 17 5399
124 102 5400
134 127 5401
154 117 5402
198 12 5403
175 122 5404
54 177 5405
177 84 5406
27 35 5407
142 113 5408
91 71 5409
99 162 5410
84 188 5411
146 16 5412
119 149 5413
182 171 5414
41 38 5415
125 38 5416
161 156 5417
194 22 5418
186 147 5419
24 188 5420
74 151 5421
90 194 5422
113 92 5423
170 98 5424
14 55 5425
121 170 5426
191 157 5427
92 168 5428
102 34 5429
81 107 5430
190 149 5431
97 191 5432
71 79 5433
184 151 5434
196 139 5435
171 78 5436
135 167 5437
95 174 5438
142 197 5439
128 3 5440
17 144 5441
108 72 5442
129 58 5443
134 198 5444
181 18 5445
122 79 5446
76 94 5447
81 2 5448
110 78 5449
146 5 5450
141 1 5451
186 200 5452
108 31 5453
56 29 5454
128 5 5455
6 11 5456
123 152 5457
46 128 5458
196 127 5459
18 123 5460
152 49 5461
42 173 5462
85 23 5463
148 141 5464
31 27 5465
109 57 5466
166 6 5467
172 90 5468
39 24 5469
78 94 5470
166 32 5471
91 41 5472
33 156 5473
174 185 5474
143 81 5475
82 110 5476
143 57 5477
51 198 5478
6 158 5479
109 14 5480
47 197 5481
15 65 5482
20 165 5483
127 149 5484
113 70 5485
85 45 5486
188 198 5487
175 168 5488
50 38 5489
54 137 5490
175 10 5491
121 79 5492
193 159 5493
73 107 5494
73 51 5495
135 11 5496
106 53 5497
75 57 5498
119 162 5499
121 183 5500
155 70 5501
28 98 5502
105 199 5503
168 147 5504
107 117 5505
65 48 5506
52 76 5507
46 17 5508
87 50 5509
42 39 5510
152 184 5511
147 171 5512
109 95 5513
109 194 5514
175 145 5515
152 89 5516
155 192 5517
187 154 5518
111 84 5519
44 195 5520
26 9 5521
7 176 5522
165 60 5523
186 177 5524
129 63 5525
130 46 5526
166 148 5527
10 152 5528
14 81 5529
74 168 5530
44 90 5531
193 183 5532
74 6 5533
181 68 5534
99 45 5535
71 100 5536
82 188 5537
33 128 5538
22 56 5539
155 185 5540
97 26 5541
60 192 5542
27 68 5543
17 7 5544
24 20 5545
153 30 5546
65 156 5547
70 83 5548
175 46 5549
16 22 5550
36 37 5551
124 111 5552
177 96 5553
175 67 5554
190 169 5555
186 158 5556
9 92 5557
115 167 5558
113 140 5559
12 20 5560
28 105 5561
70 150 5562
2 28 5563
10 140 5564
114 149 5565
7 47 5566
83 121 5567
142 168 5568
157 51 5569
7 87 5570
139 197 5571
10 25 5572
55 157 5573
77 128 5574
70 31 5575
171 39 5576
161 140 5577
140 13 5578
113 166 5579
3 4 5580
186 48 5581
20 113 5582
78 65 5583
32 22 5584
127 100 5585
78 101 5586
48 24 5587
107 99 5588
158 25 5589
149 166 5590
54 180 5591
160 103 5592
109 75 5593
100 171 5594
192 130 5595
191 118 5596
161 176 5597
1 177 5598
70 107 5599
22 86 5600
192 53 5601
130 175 5602
166 159 5603
59 99 5604
76 50 5605
18 115 5606
25 155 5607
120 158 5608
9 161 5609
167 177 5610
28 71 5611
68 195 5612
11 95 5613
125 79 5614
63 153 5615
159 5 5616
81 23 5617
85 130 5618
198 55 5619
156 128 5620
136 111 5621
152 142 5622
13 31 5623
128 72 5624
177 136 5625
17 170 5626
32 63 5627
155 182 5628
17 126 5629
8 92 5630
56 126 5631
133 23 5632
100 197 5633
89 135 5634
123 141 5635
112 96 5636
5 175 5637
5 142 5638
143 91 5639
133 32 5640
170 185 5641
22 18 5642
86 37 5643
152 25 5644
129 89 5645
69 11 5646
130 112 5647
61 150 5648
52 33 5649
29 52 5650
185 96 5651
190 142 5652
199 18 5653
167 87 5654
87 67 5655
33 39 5656
156 142 5657
42 103 5658
170 119 5659
166 196 5660
1 129 5661
85 22 5662
21 91 5663
48 67 5664
151 109 5665
184 187 5666
173 129 5667
66 60 5668
110 109 5669
171 187 5670
150 121 5671
147 35 5672
79 7 5673
163 98 5674
100 81 5675
24 200 5676
187 70 5677
138 126 5678
83 17 5679
122 172 5680
150 155 5681
186 79 5682
97 20 5683
128 8 5684
113 77 5685
135 63 5686
77 60 5687
46 157 5688
190 189 5689
139 23 5690
147 118 5691
184 56 5692
116 61 5693
151 121 5694
91 169 5695
85 156 5696
29 39 5697
156 93 5698
24 162 5699
113 156 5700
112 67 5701
22 193 5702
118 75 5703
47 179 5704
14 173 5705
165 145 5706
27 94 5707
157 68 5708
194 3 5709
181 109 5710
43 147 5711
64 15 5712
87 3 5713
126 143 5714
48 101 5715
46 27 5716
43 184 5717
101 112 5718
48 17 5719
36 84 5720
41 185 5721
172 177 5722
190 32 5723
133 55 5724
53 10 5725
3 199 5726
71 129 5727
71 84 5728
87 19 5729
159 143 5730
188 102 5731
87 43 5732
15 174 5733
154 164 5734
141 29 5735
32 113 5736
120 116 5737
163 116 5738
108 75 5739
12 196 5740
87 159 5741
146 126 5742
109 187 5743
92 93 5744
171 45 5745
8 173 5746
119 136 5747
70 149 5748
132 3 5749
78 148 5750
28 115 5751
170 117 5752
67 195 5753
19 154 5754
44 151 5755
192 20 5756
149 18 5757
181 86 5758
4 190 5759
153 134 5760
152 60 5761
193 46 5762
24 13 5763
165 183 5764
3 9 5765
194 174 5766
183 149 5767
36 107 5768
178 73 5769
80 108 5770
113 121 5771
60 64 5772
196 102 5773
60 27 5774
197 74 5775
165 166 5776
147 92 5777
30 174 5778
16 76 5779
71 55 5780
30 91 5781
139 32 5782
170 178 5783
85 191 5784
156 123 5785
95 28 5786
184 51 5787
107 84 5788
59 1 5789
37 85 5790
86 62 5791
75 179 5792
83 128 5793
1 56 5794
71 5 5795
158 59 5796
78 188 5797
25 132 5798
92 17 5799
42 18 5800
11 39 5801
198 169 5802
166 200 5803
131 177 5804
132 18 5805
189 195 5806
166 193 5807
58 168 5808
100 103 5809
82 23 5810
50 155 5811
34 100 5812
78 77 5813
71 48 5814
174 190 5815
91 80 5816
124 137 5817
190 104 5818
150 156 5819
163 21 5820
75 136 5821
131 19 5822
80 24 5823
144 51 5824
28 169 5825
196 175 5826
169 95 5827
17 67 5828
81 44 5829
141 105 5830
23 12 5831
152 84 5832
47 14 5833
72 93 5834
111 50 5835
76 167 5836
53 45 5837
193 6 5838
107 2 5839
47 181 5840
122 56 5841
97 4 5842
53 22 5843
118 54 5844
138 84 5845
90 41 5846
103 177 5847
103 57 5848
101 169 5849
39 68 5850
86 67 5851
29 172 5852
159 126 5853
58 33 5854
87 164 5855
178 135 5856
20 139 5857
144 172 5858
39 2 5859
188 139 5860
79 136 5861
146 172 5862
34 152 5863
62 124 5864
2 72 5865
89 84 5866
11 34 5867
86 168 5868
101 32 5869
86 100 5870
85 67 5871
90 37 5872
142 11 5873
109 87 5874
86 190 5875
112 28 5876
146 1 5877
69 112 5878
174 2 5879
19 46 5880
35 32 5881
135 13 5882
186 36 5883
197 196 5884
197 31 5885
200 128 5886
76 8 5887
22 120 5888
73 126 5889
24 112 5890
157 155 5891
182 86 5892
108 159 5893
16 159 5894
104 95 5895
164 67 5896
118 178 5897
14 27 5898
39 112 5899
99 6 5900
176 20 5901
169 173 5902
100 126 5903
94 71 5904
20 34 5905
96 111 5906
77 169 5907
29 127 5908
88 117 5909
180 93 5910
85 65 5911
153 182 5912
57 15 5913
145 195 5914
190 38 5915
45 142 5916
35 92 5917
56 131 5918
153 77 5919
114 11 5920
189 69 5921
71 2 5922
120 185 5923
180 158 5924
57 158 5925
33 15 5926
85 164 5927
15 158 5928
173 1 5929
143 110 5930
141 68 5931
32 17 5932
93 196 5933
77 80 5934
87 75 5935
190 152 5936
33 119 5937
133 88 5938
158 5 5939
56 61 5940
52 115 5941
178 29 5942
9 95 5943
24 132 5944
27 142 5945
130 170 5946
144 6 5947
23 86 5948
6 79 5949
73 109 5950
44 10 5951
49 188 5952
107 180 5953
23 183 5954
26 114 5955
51 49 5956
161 162 5957
137 149 5958
101 109 5959
133 107 5960
153 180 5961
109 172 5962
123 149 5963
1 138 5964
39 43 5965
74 80 5966
191 175 5967
53 176 5968
129 151 5969
95 194 5970
87 116 5971
166 169 5972
117 12 5973
63 47 5974
190 68 5975
59 64 5976
94 143 5977
53 9 5978
94 154 5979
100 101 5980
87 138 5981
168 7 5982
147 132 5983
141 166 5984
87 77 5985
28 154 5986
179 65 5987
145 35 5988
111 21 5989
116 190 5990
59 147 5991
181 132 5992
41 130 5993
134 188 5994
68 101 5995
98 154 5996
176 100 5997
60 138 5998
200 49 5999
111 74 6000
58 175 6001
185 134 6002
180 128 6003
85 123 6004
18 193 6005
102 166 6006
164 34 6007
185 43 6008
115 152 6009
103 161 6010
34 57 6011
183 87 6012
39 164 6013
33 77 6014
58 136 6015
101 177 6016
147 29 6017
52 90 6018
70 78 6019
94 135 6020
162 37 6021
142 28 6022
197 135 6023
184 124 6024
55 167 6025
165 174 6026
105 195 6027
64 92 6028
179 16 6029
9 171 6030
29 27 6031
38 157 6032
198 84 6033
196 34 6034
189 178 6035
177 134 6036
187 191 6037
190 123 6038
178 86 6039
110 30 6040
6 20 6041
66 28 6042
27 160 6043
86 188 6044
189 159 6045
25 14 6046
28 61 6047
4 62 6048
172 157 6049
144 164 6050
104 134 6051
74 130 6052
128 69 6053
6 27 6054
44 137 6055
174 169 6056
19 71 6057
117 128 6058
165 58 6059
33 125 6060
79 106 6061
91 161 6062
83 92 6063
33 145 6064
198 21 6065
111 19 6066
24 160 6067
176 129 6068
25 7 6069
142 91 6070
147 140 6071
41 10 6072
117 36 6073
21 141 6074
128 51 6075
124 92 6076
19 44 6077
98 124 6078
3 47 6079
63 126 6080
140 46 6081
113 87 6082
152 112 6083
181 137 6084
101 105 6085
137 73 6086
75 178 6087
176 16 6088
39 85 6089
110 12 6090
183 86 6091
8 144 6092
153 78 6093
10 94 6094
2 53 6095
124 163 6096
125 58 6097
125 94 6098
20 43 6099
4 143 6100
133 127 6101
26 137 6102
147 150 6103
90 108 6104
10 188 6105
32 118 6106
181 148 6107
96 80 6108
123 142 6109
14 157 6110
168 49 6111
85 17 6112
124 185 6113
193 19 6114
101 91 6115
55 75 6116
198 171 6117
125 12 6118
158 99 6119
175 192 6120
33 103 6121
73 104 6122
65 97 6123
182 74 6124
49 66 6125
138 42 6126
113 6 6127
196 40 6128
53 181 6129
161 60 6130
17 121 6131
195 89 6132
140 12 6133
129 7 6134
187 53 6135
140 100 6136
126 52 6137
51 160 6138
96 122 6139
39 48 6140
154 197 6141
68 151 6142
88 135 6143
60 16 6144
64 161 6145
12 66 6146
161 72 6147
29 101 6148
82 194 6149
94 156 6150
29 4 6151
76 151 6152
10 184 6153
141 40 6154
91 85 6155
99 26 6156
96 197 6157
160 63 6158
137 158 6159
162 170 6160
200 106 6161
164 157 6162
54 135 6163
162 10 6164
94 105 6165
75 189 6166
119 16 6167
150 116 6168
41 40 6169
123 47 6170
96 58 6171
95 79 6172
14 92 6173
105 112 6174
147 20 6175
84 186 6176
133 30 6177
61 24 6178
136 39 6179
56 102 6180
127 197 6181
89 69 6182
171 153 6183
28 6 6184
14 49 6185
80 181 6186
114 69 6187
102 104 6188
120 104 6189
144 63 6190
20 197 6191
99 185 6192
54 200 6193
113 177 6194
58 78 6195
22 130 6196
138 39 6197
29 58 6198
42 24 6199
40 4 6200
126 65 6201
65 19 6202
72 130 6203
112 16 6204
21 190 6205
73 166 6206
135 39 6207
97 129 6208
4 132 6209
116 14 6210
140 177 6211
158 146 6212
149 131 6213
136 74 6214
83 141 6215
62 72 6216
148 152 6217
5 108 6218
25 90 6219
34 43 6220
119 178 6221
61 9 6222
17 50 6223
130 3 6224
33 92 6225
52 134 6226
73 115 6227
125 85 6228
12 171 6229
41 152 6230
111 14 6231
8 140 6232
69 67 6233
22 77 6234
95 162 6235
155 200 6236
160 48 6237
43 198 6238
178 27 6239
99 181 6240
164 114 6241
189 165 6242
76 30 6243
11 99 6244
175 120 6245
79 15 6246
95 103 6247
116 65 6248
141 150 6249
138 123 6250
102 175 6251
196 27 6252
166 162 6253
182 117 6254
42 30 6255
156 13 6256
68 177 6257
153 132 6258
65 113 6259
190 67 6260
13 1 6261
166 105 6262
112 50 6263
64 1 6264
129 188 6265
28 181 6266
96 65 6267
93 22 6268
113 93 6269
191 95 6270
196 143 6271
187 132 6272
188 132 6273
104 47 6274
51 95 6275
126 177 6276
133 185 6277
180 85 6278
19 29 6279
66 65 6280
23 108 6281
53 165 6282
191 88 6283
48 132 6284
191 24 6285
148 194 6286
196 41 6287
98 190 6288
16 128 6289
86 5 6290
167 150 6291
16 97 6292
54 68 6293
185 36 6294
124 176 6295
141 23 6296
129 139 6297
93 148 6298
127 79 6299
25 19 6300
104 20 6301
7 66 6302
110 195 6303
67 41 6304
100 17 6305
104 61 6306
156 185 6307
2 178 6308
133 115 6309
1 107 6310
46 31 6311
104 110 6312
86 159 6313
198 1 6314
10 64 6315
143 139 6316
86 1 6317
124 118 6318
100 4 6319
76 188 6320
181 129 6321
120 118 6322
47 13 6323
82 44 6324
34 86 6325
24 29 6326
186 98 6327
37 23 6328
22 186 6329
19 173 6330
198 26 6331
115 62 6332
72 22 6333
86 74 6334
25 134 6335
33 14 6336
52 142 6337
161 82 6338
116 88 6339
99 116 6340
145 107 6341
70 39 6342
68 168 6343
170 154 6344
130 30 6345
60 176 6346
12 143 6347
118 31 6348
126 185 6349
59 113 6350
47 165 6351
39 188 6352
88 97 6353
178 112 6354
119 48 6355
44 37 6356
8 17 6357
184 138 6358
151 145 6359
105 15 6360
107 147 6361
62 166 6362
118 93 6363
50 25 6364
137 77 6365
187 110 6366
129 40 6367
186 68 6368
142 178 6369
141 118 6370
114 48 6371
146 131 6372
155 9 6373
195 15 6374
184 68 6375
133 100 6376
134 85 6377
195 18 6378
74 1 6379
85 47 6380
84 173 6381
198 44 6382
96 131 6383
54 106 6384
21 110 6385
185 69 6386
51 74 6387
165 14 6388
28 52 6389
197 52 6390
156 73 6391
149 177 6392
65 169 6393
49 173 6394
103 127 6395
92 173 6396
48 108 6397
85 154 6398
42 47 6399
26 83 6400
