200 6000 6000
67 194 1
82 155 2
168 135 3
165 60 4
115 46 5
130 97 6
91 119 7
20 113 8
124 186 9
100 182 10
158 154 11
20 55 12
162 160 13
14 58 14
76 151 15
181 194 16
21 78 17
84 168 18
155 100 19
108 159 20
135 155 21
184 51 22
16 120 23
146 152 24
43 42 25
156 13 26
164 72 27
102 81 28
48 118 29
4 11 30
155 178 31
77 74 32
15 114 33
200 153 34
86 161 35
177 6 36
59 125 37
176 183 38
82 4 39
76 41 40
171 91 41
168 30 42
73 66 43
151 195 44
198 138 45
120 104 46
135 156 47
47 31 48
39 45 49
127 1 50
79 125 51
24 142 52
37 8 53
90 108 54
22 94 55
8 17 56
29 172 57
10 115 58
40 7 59
112 110 60
138 35 61
7 193 62
81 1 63
155 199 64
124 92 65
128 27 66
111 95 67
160 87 68
119 60 69
61 145 70
161 135 71
196 175 72
83 36 73
86 30 74
86 1 75
157 74 76
149 62 77
178 144 78
175 8 79
100 121 80
22 18 81
169 82 82
84 146 83
76 139 84
70 150 85
114 146 86
199 31 87
146 168 88
91 3 89
184 89 90
1 73 91
139 104 92
171 175 93
152 113 94
116 7 95
36 28 96
136 82 97
148 154 98
171 106 99
108 99 100
55 2 101
184 178 102
171 110 103
55 74 104
197 152 105
65 165 106
94 156 107
50 158 108
147 164 109
136 178 110
197 60 111
144 160 112
22 17 113
62 175 114
198 108 115
143 23 116
50 66 117
19 58 118
194 149 119
115 161 120
88 16 121
103 110 122
142 54 123
159 54 124
59 171 125
44 137 126
180 164 127
125 29 128
39 139 129
82 21 130
4 60 131
169 92 132
180 93 133
126 197 134
199 103 135
151 90 136
37 9 137
38 162 138
47 102 139
128 8 140
108 196 141
73 61 142
191 145 143
3 41 144
32 167 145
131 9 146
143 57 147
24 161 148
16 155 149
50 52 150
18 7 151
159 135 152
7 61 153
39 101 154
88 6 155
173 106 156
59 18 157
79 13 158
32 152 159
28 174 160
64 113 161
38 178 162
136 73 163
74 18 164
171 13 165
155 9 166
13 23 167
28 136 168
193 159 169
197 79 170
88 52 171
123 47 172
72 54 173
147 44 174
7 41 175
48 105 176
54 177 177
153 158 178
169 144 179
154 117 180
47 179 181
193 116 182
185 10 183
10 67 184
136 47 185
151 126 186
117 185 187
35 196 188
11 122 189
186 119 190
143 123 191
39 173 192
32 18 193
186 38 194
140 115 195
100 144 196
106 105 197
77 6 198
53 57 199
162 17 200
49 149 201
85 65 202
97 136 203
111 62 204
74 44 205
50 161 206
148 128 207
5 179 208
56 7 209
116 122 210
175 93 211
14 158 212
159 5 213
6 111 214
110 168 215
154 135 216
23 59 217
22 30 218
100 171 219
159 154 220
134 175 221
133 127 222
6 11 223
162 155 224
139 152 225
17 192 226
75 136 227
21 76 228
108 72 229
175 100 230
128 191 231
124 169 232
81 99 233
187 83 234
142 39 235
148 86 236
22 67 237
74 36 238
68 177 239
100 19 240
64 1 241
38 90 242
11 124 243
140 77 244
124 70 245
9 130 246
157 47 247
79 153 248
46 182 249
106 124 250
57 158 251
33 128 252
77 38 253
21 190 254
88 46 255
101 107 256
172 129 257
25 118 258
150 130 259
126 132 260
87 128 261
144 93 262
187 102 263
99 69 264
76 154 265
108 53 266
56 61 267
180 114 268
198 152 269
10 140 270
139 194 271
104 175 272
79 130 273
174 184 274
80 190 275
197 45 276
136 98 277
9 110 278
117 111 279
156 42 280
122 15 281
117 128 282
47 52 283
41 163 284
47 184 285
164 149 286
87 14 287
133 155 288
20 22 289
62 91 290
98 198 291
32 81 292
182 82 293
46 105 294
152 60 295
26 104 296
169 181 297
182 69 298
35 149 299
190 33 300
193 30 301
17 99 302
131 63 303
190 184 304
35 26 305
162 103 306
113 194 307
74 38 308
155 143 309
114 196 310
140 164 311
182 85 312
68 75 313
7 98 314
91 115 315
37 188 316
156 1 317
195 169 318
84 1 319
58 130 320
152 105 321
126 142 322
114 48 323
178 90 324
116 128 325
153 10 326
24 200 327
44 116 328
188 182 329
163 94 330
1 177 331
102 175 332
94 140 333
20 43 334
143 129 335
94 70 336
167 191 337
26 93 338
92 51 339
71 98 340
41 16 341
158 89 342
35 76 343
84 45 344
161 193 345
88 128 346
104 72 347
186 181 348
190 191 349
7 104 350
176 78 351
105 63 352
163 120 353
98 83 354
97 153 355
85 141 356
65 44 357
78 114 358
140 152 359
148 104 360
187 28 361
170 124 362
144 6 363
166 76 364
55 170 365
73 143 366
83 109 367
193 183 368
90 140 369
197 77 370
21 177 371
4 9 372
30 65 373
68 195 374
117 54 375
81 119 376
163 170 377
133 69 378
200 93 379
172 177 380
146 21 381
139 167 382
142 94 383
38 29 384
40 198 385
74 163 386
94 32 387
29 107 388
14 189 389
178 101 390
174 157 391
64 61 392
74 160 393
52 8 394
39 188 395
48 139 396
68 38 397
135 29 398
76 188 399
121 69 400
125 191 401
52 168 402
95 174 403
122 156 404
22 100 405
167 35 406
42 173 407
24 44 408
119 163 409
86 128 410
166 200 411
9 83 412
51 138 413
22 10 414
47 192 415
133 191 416
90 23 417
161 72 418
198 44 419
135 141 420
197 95 421
145 140 422
124 95 423
105 197 424
73 50 425
95 138 426
2 53 427
2 171 428
149 173 429
33 120 430
165 16 431
67 35 432
33 15 433
125 142 434
45 159 435
150 121 436
179 106 437
194 33 438
151 27 439
64 16 440
4 132 441
21 34 442
92 12 443
17 146 444
161 140 445
10 183 446
82 64 447
78 180 448
185 4 449
40 88 450
152 177 451
120 161 452
98 175 453
120 107 454
119 61 455
7 155 456
110 195 457
188 87 458
39 76 459
134 77 460
96 58 461
148 62 462
178 8 463
117 87 464
116 194 465
145 55 466
139 21 467
135 167 468
161 60 469
183 59 470
155 181 471
58 98 472
37 123 473
195 40 474
126 47 475
191 142 476
92 90 477
137 16 478
87 60 479
32 86 480
58 33 481
92 7 482
111 50 483
79 86 484
197 78 485
93 114 486
71 81 487
99 62 488
198 114 489
117 138 490
144 21 491
79 111 492
98 114 493
27 129 494
105 40 495
44 96 496
156 102 497
87 195 498
140 75 499
96 36 500
190 183 501
149 61 502
84 93 503
114 32 504
144 121 505
128 53 506
150 74 507
16 13 508
168 159 509
133 39 510
163 25 511
101 155 512
2 65 513
33 145 514
1 46 515
178 29 516
14 92 517
45 161 518
102 193 519
70 50 520
24 143 521
189 165 522
184 149 523
41 79 524
140 78 525
107 169 526
86 159 527
198 149 528
43 46 529
47 113 530
164 98 531
77 31 532
24 87 533
61 74 534
80 21 535
103 158 536
165 12 537
87 42 538
167 69 539
134 75 540
136 38 541
117 37 542
24 137 543
6 71 544
199 150 545
177 127 546
175 197 547
82 66 548
52 140 549
9 134 550
127 9 551
71 66 552
109 66 553
71 86 554
181 22 555
172 57 556
123 99 557
4 70 558
180 122 559
58 133 560
134 187 561
103 169 562
158 70 563
45 27 564
179 88 565
20 128 566
184 56 567
100 101 568
79 128 569
162 170 570
173 28 571
139 3 572
139 26 573
155 11 574
110 155 575
70 59 576
139 98 577
56 111 578
133 4 579
183 60 580
172 8 581
131 44 582
106 134 583
13 110 584
117 53 585
73 16 586
127 120 587
73 166 588
86 92 589
198 84 590
14 139 591
122 64 592
33 155 593
70 53 594
198 169 595
123 185 596
86 186 597
74 165 598
185 196 599
158 115 600
2 77 601
59 30 602
76 163 603
6 197 604
55 122 605
127 195 606
174 158 607
148 146 608
198 1 609
61 40 610
10 144 611
1 166 612
127 67 613
159 22 614
129 198 615
82 76 616
184 24 617
146 5 618
128 106 619
177 84 620
36 87 621
15 146 622
50 30 623
190 160 624
165 108 625
27 2 626
56 148 627
115 146 628
44 154 629
66 90 630
146 126 631
88 9 632
103 127 633
200 70 634
70 139 635
96 75 636
144 43 637
80 102 638
73 17 639
181 86 640
157 56 641
25 57 642
133 80 643
170 178 644
133 88 645
86 196 646
134 82 647
1 94 648
7 163 649
180 103 650
121 57 651
31 56 652
37 125 653
76 132 654
87 111 655
164 168 656
29 83 657
116 23 658
8 179 659
117 21 660
66 102 661
73 68 662
63 167 663
63 80 664
174 56 665
132 54 666
97 4 667
149 12 668
39 28 669
103 105 670
29 113 671
94 196 672
20 150 673
164 114 674
173 177 675
174 49 676
174 44 677
186 200 678
47 12 679
54 157 680
147 29 681
96 196 682
83 117 683
152 161 684
105 159 685
95 83 686
140 105 687
171 168 688
88 117 689
34 103 690
145 54 691
6 60 692
186 176 693
173 1 694
131 46 695
88 160 696
92 173 697
99 146 698
71 12 699
69 66 700
129 188 701
12 171 702
175 50 703
154 151 704
101 112 705
171 119 706
200 18 707
66 60 708
190 122 709
104 113 710
175 15 711
48 68 712
77 93 713
156 123 714
141 29 715
53 14 716
58 63 717
94 150 718
116 155 719
7 78 720
130 52 721
103 47 722
49 78 723
87 178 724
104 20 725
194 29 726
9 168 727
101 115 728
33 77 729
53 115 730
145 141 731
29 30 732
198 3 733
130 73 734
54 195 735
35 41 736
101 32 737
45 24 738
58 168 739
132 165 740
187 142 741
29 47 742
117 162 743
101 82 744
40 199 745
46 153 746
110 188 747
22 64 748
101 123 749
82 108 750
163 70 751
96 11 752
10 85 753
185 111 754
185 26 755
163 142 756
54 167 757
49 173 758
102 105 759
56 24 760
109 200 761
25 132 762
181 68 763
34 152 764
14 60 765
85 101 766
113 144 767
92 55 768
44 179 769
119 59 770
105 76 771
160 63 772
82 131 773
112 87 774
196 41 775
5 10 776
200 141 777
67 63 778
118 121 779
141 122 780
9 159 781
133 64 782
53 191 783
44 23 784
103 161 785
15 169 786
191 118 787
168 46 788
49 55 789
3 199 790
132 199 791
102 34 792
155 111 793
31 155 794
129 93 795
128 32 796
26 174 797
85 176 798
123 152 799
134 39 800
60 151 801
8 66 802
63 13 803
43 111 804
132 84 805
17 80 806
154 66 807
176 168 808
81 173 809
157 92 810
43 153 811
108 119 812
190 13 813
48 172 814
82 31 815
1 72 816
126 182 817
17 177 818
134 50 819
9 95 820
105 4 821
28 27 822
137 108 823
15 197 824
61 148 825
61 195 826
132 103 827
75 79 828
95 31 829
80 108 830
154 144 831
175 67 832
6 118 833
75 20 834
172 85 835
121 67 836
190 46 837
151 150 838
162 60 839
32 100 840
27 81 841
1 158 842
46 169 843
79 160 844
89 160 845
180 148 846
149 16 847
156 40 848
101 14 849
51 93 850
36 45 851
127 5 852
96 111 853
66 10 854
127 183 855
125 110 856
152 142 857
54 86 858
75 102 859
35 171 860
79 152 861
90 37 862
100 126 863
33 5 864
116 15 865
148 32 866
52 102 867
144 172 868
185 78 869
190 55 870
133 197 871
60 103 872
104 92 873
46 112 874
137 101 875
6 15 876
103 100 877
102 63 878
28 52 879
11 61 880
104 134 881
43 184 882
76 12 883
103 200 884
18 48 885
70 76 886
182 184 887
61 132 888
79 85 889
70 38 890
32 118 891
198 61 892
15 43 893
24 99 894
35 70 895
86 7 896
65 167 897
19 154 898
121 52 899
146 131 900
65 147 901
46 111 902
187 70 903
136 109 904
32 31 905
194 1 906
142 133 907
169 51 908
151 198 909
4 107 910
199 85 911
188 40 912
121 63 913
141 12 914
130 170 915
157 51 916
140 200 917
164 83 918
99 191 919
71 42 920
62 21 921
190 189 922
137 107 923
164 69 924
20 41 925
19 129 926
82 109 927
133 89 928
23 106 929
123 141 930
101 46 931
5 50 932
72 63 933
61 72 934
99 45 935
65 198 936
50 165 937
28 108 938
118 197 939
17 50 940
154 164 941
158 5 942
3 193 943
142 107 944
135 39 945
29 17 946
58 24 947
15 132 948
93 196 949
95 131 950
94 105 951
171 73 952
51 137 953
58 107 954
69 169 955
167 116 956
14 199 957
194 56 958
120 44 959
94 175 960
72 103 961
134 66 962
36 59 963
46 128 964
119 107 965
168 127 966
166 148 967
24 146 968
26 8 969
51 156 970
5 61 971
134 30 972
75 51 973
98 117 974
54 95 975
174 48 976
81 156 977
94 143 978
112 11 979
154 172 980
200 123 981
14 159 982
144 57 983
131 179 984
62 166 985
26 189 986
81 57 987
110 55 988
105 128 989
176 26 990
182 117 991
113 1 992
29 18 993
68 146 994
119 104 995
200 48 996
100 197 997
147 131 998
78 84 999
99 110 1000
30 28 1001
117 12 1002
181 116 1003
155 120 1004
82 146 1005
61 51 1006
140 136 1007
36 8 1008
61 122 1009
116 161 1010
28 114 1011
27 92 1012
121 66 1013
68 95 1014
156 73 1015
48 102 1016
21 52 1017
198 174 1018
126 115 1019
39 43 1020
147 169 1021
104 112 1022
182 30 1023
134 19 1024
37 108 1025
165 183 1026
59 68 1027
55 106 1028
108 38 1029
147 192 1030
195 19 1031
196 103 1032
106 29 1033
164 127 1034
193 155 1035
166 95 1036
104 47 1037
192 28 1038
118 116 1039
170 171 1040
5 126 1041
13 10 1042
117 36 1043
4 10 1044
172 197 1045
8 86 1046
42 24 1047
130 11 1048
155 52 1049
185 134 1050
137 128 1051
107 99 1052
181 103 1053
187 66 1054
117 70 1055
57 56 1056
128 107 1057
187 186 1058
75 63 1059
6 59 1060
98 91 1061
91 67 1062
196 30 1063
75 23 1064
45 58 1065
42 81 1066
189 8 1067
2 72 1068
50 15 1069
191 24 1070
174 91 1071
93 50 1072
58 116 1073
7 138 1074
30 91 1075
5 15 1076
56 93 1077
146 52 1078
131 167 1079
32 91 1080
14 22 1081
51 74 1082
187 139 1083
33 103 1084
91 59 1085
33 183 1086
71 184 1087
150 163 1088
14 103 1089
65 89 1090
72 31 1091
109 112 1092
85 149 1093
32 171 1094
101 143 1095
178 150 1096
44 92 1097
61 28 1098
27 103 1099
187 71 1100
77 188 1101
49 108 1102
27 54 1103
56 9 1104
68 168 1105
11 34 1106
14 192 1107
142 173 1108
101 5 1109
137 45 1110
28 81 1111
159 165 1112
171 39 1113
109 187 1114
161 125 1115
15 65 1116
21 175 1117
121 81 1118
85 73 1119
16 92 1120
46 31 1121
191 4 1122
191 115 1123
196 129 1124
78 42 1125
23 199 1126
112 95 1127
41 158 1128
78 148 1129
159 129 1130
71 46 1131
54 134 1132
156 120 1133
190 88 1134
98 103 1135
69 48 1136
64 97 1137
18 163 1138
16 126 1139
150 47 1140
30 200 1141
196 143 1142
108 19 1143
139 15 1144
130 78 1145
89 193 1146
57 114 1147
192 64 1148
87 67 1149
36 60 1150
78 188 1151
119 17 1152
190 101 1153
83 161 1154
197 117 1155
22 86 1156
82 44 1157
22 120 1158
160 179 1159
11 165 1160
9 62 1161
115 77 1162
13 123 1163
110 140 1164
176 129 1165
83 184 1166
101 125 1167
109 172 1168
71 192 1169
144 69 1170
150 103 1171
55 77 1172
24 170 1173
15 199 1174
100 43 1175
111 197 1176
91 127 1177
171 153 1178
48 53 1179
72 156 1180
15 158 1181
59 113 1182
199 6 1183
116 61 1184
67 172 1185
178 135 1186
116 79 1187
42 136 1188
9 125 1189
191 141 1190
105 195 1191
13 43 1192
107 114 1193
177 4 1194
91 117 1195
151 121 1196
84 11 1197
70 19 1198
40 102 1199
159 26 1200
28 71 1201
19 153 1202
35 30 1203
88 135 1204
172 162 1205
11 70 1206
73 102 1207
159 69 1208
52 165 1209
80 14 1210
32 195 1211
41 99 1212
69 157 1213
76 38 1214
58 37 1215
136 74 1216
158 102 1217
94 18 1218
34 68 1219
143 81 1220
23 5 1221
67 142 1222
63 65 1223
42 49 1224
36 76 1225
146 10 1226
119 16 1227
181 18 1228
127 87 1229
110 128 1230
2 184 1231
125 61 1232
76 179 1233
19 117 1234
162 175 1235
59 157 1236
75 119 1237
99 156 1238
91 27 1239
114 144 1240
80 153 1241
62 110 1242
105 8 1243
108 104 1244
87 171 1245
159 143 1246
61 157 1247
102 125 1248
27 105 1249
120 167 1250
117 3 1251
121 175 1252
141 1 1253
164 142 1254
100 106 1255
49 188 1256
56 82 1257
142 149 1258
162 25 1259
6 158 1260
13 80 1261
115 128 1262
37 82 1263
21 2 1264
179 186 1265
16 113 1266
145 200 1267
95 159 1268
48 130 1269
86 151 1270
148 194 1271
178 26 1272
163 194 1273
175 113 1274
189 185 1275
51 149 1276
81 63 1277
150 170 1278
89 81 1279
163 104 1280
23 156 1281
64 105 1282
164 107 1283
41 190 1284
19 50 1285
97 187 1286
59 163 1287
155 58 1288
111 188 1289
101 72 1290
190 123 1291
131 88 1292
63 168 1293
116 142 1294
29 28 1295
9 146 1296
45 138 1297
83 92 1298
123 88 1299
31 178 1300
51 95 1301
147 91 1302
67 144 1303
53 169 1304
1 161 1305
131 22 1306
63 62 1307
1 183 1308
13 158 1309
195 136 1310
134 49 1311
73 48 1312
175 78 1313
44 176 1314
95 194 1315
164 18 1316
142 154 1317
81 41 1318
85 23 1319
55 68 1320
36 77 1321
89 42 1322
119 56 1323
20 121 1324
37 6 1325
53 162 1326
196 88 1327
114 33 1328
113 171 1329
47 36 1330
19 198 1331
36 85 1332
194 119 1333
155 49 1334
64 80 1335
148 71 1336
151 120 1337
150 161 1338
91 77 1339
121 104 1340
97 20 1341
72 77 1342
6 83 1343
93 126 1344
180 49 1345
165 54 1346
37 95 1347
51 180 1348
82 120 1349
78 101 1350
186 177 1351
56 40 1352
2 5 1353
171 149 1354
162 120 1355
115 183 1356
154 105 1357
115 13 1358
22 68 1359
24 130 1360
77 89 1361
49 184 1362
151 99 1363
179 180 1364
189 90 1365
85 128 1366
42 186 1367
172 157 1368
198 127 1369
135 34 1370
194 57 1371
97 2 1372
112 157 1373
17 144 1374
103 1 1375
103 123 1376
195 43 1377
101 183 1378
143 35 1379
109 53 1380
191 148 1381
83 28 1382
117 140 1383
146 111 1384
58 191 1385
91 180 1386
172 79 1387
134 148 1388
147 150 1389
169 177 1390
168 37 1391
147 71 1392
26 141 1393
198 121 1394
62 95 1395
11 48 1396
199 33 1397
186 134 1398
60 128 1399
74 56 1400
108 97 1401
147 108 1402
125 87 1403
11 40 1404
200 174 1405
163 99 1406
85 156 1407
134 141 1408
162 133 1409
148 153 1410
49 45 1411
46 124 1412
181 79 1413
43 25 1414
180 170 1415
154 124 1416
149 195 1417
122 167 1418
142 22 1419
112 96 1420
44 112 1421
116 185 1422
57 32 1423
113 174 1424
72 3 1425
80 19 1426
107 190 1427
122 17 1428
136 135 1429
139 102 1430
99 38 1431
147 120 1432
34 69 1433
124 4 1434
174 175 1435
88 101 1436
27 198 1437
183 46 1438
191 157 1439
39 2 1440
166 114 1441
172 99 1442
141 188 1443
191 129 1444
124 111 1445
75 125 1446
197 109 1447
19 23 1448
91 161 1449
13 194 1450
45 142 1451
154 136 1452
36 39 1453
17 170 1454
153 104 1455
147 70 1456
82 36 1457
98 68 1458
26 9 1459
11 50 1460
167 3 1461
190 74 1462
33 80 1463
15 74 1464
177 185 1465
185 188 1466
133 45 1467
124 61 1468
75 189 1469
96 143 1470
190 19 1471
161 134 1472
4 19 1473
170 160 1474
170 175 1475
123 66 1476
39 71 1477
49 133 1478
88 183 1479
191 89 1480
134 109 1481
2 93 1482
12 89 1483
26 192 1484
78 74 1485
80 181 1486
136 31 1487
86 25 1488
94 179 1489
193 6 1490
191 181 1491
161 151 1492
85 80 1493
176 117 1494
166 196 1495
56 162 1496
1 186 1497
126 143 1498
135 20 1499
61 164 1500
68 115 1501
156 195 1502
71 48 1503
173 126 1504
166 169 1505
16 48 1506
61 143 1507
79 193 1508
66 22 1509
25 7 1510
173 120 1511
188 62 1512
27 182 1513
72 10 1514
139 125 1515
118 113 1516
30 8 1517
85 76 1518
171 158 1519
166 66 1520
59 121 1521
141 168 1522
183 22 1523
43 77 1524
97 10 1525
162 140 1526
188 173 1527
47 13 1528
94 7 1529
113 63 1530
89 116 1531
64 119 1532
145 35 1533
71 5 1534
9 143 1535
82 86 1536
23 34 1537
92 152 1538
182 58 1539
12 159 1540
137 10 1541
58 70 1542
106 131 1543
198 101 1544
138 11 1545
28 105 1546
111 38 1547
53 172 1548
143 30 1549
179 200 1550
160 34 1551
198 186 1552
147 20 1553
133 120 1554
160 103 1555
29 46 1556
110 146 1557
141 118 1558
190 141 1559
37 128 1560
15 174 1561
11 118 1562
107 11 1563
84 186 1564
101 105 1565
167 150 1566
198 76 1567
125 140 1568
3 90 1569
143 21 1570
72 112 1571
35 179 1572
129 58 1573
21 128 1574
158 93 1575
96 41 1576
153 30 1577
177 128 1578
183 149 1579
113 166 1580
95 149 1581
39 174 1582
134 63 1583
187 106 1584
137 179 1585
63 70 1586
186 82 1587
144 127 1588
178 73 1589
167 165 1590
121 27 1591
109 116 1592
46 102 1593
171 85 1594
98 187 1595
147 165 1596
153 187 1597
190 38 1598
99 49 1599
8 77 1600
185 70 1601
135 108 1602
122 158 1603
155 174 1604
13 144 1605
64 15 1606
73 78 1607
37 194 1608
12 196 1609
199 134 1610
109 100 1611
147 137 1612
88 152 1613
184 22 1614
126 177 1615
41 147 1616
169 145 1617
13 12 1618
12 51 1619
47 181 1620
29 192 1621
116 88 1622
166 181 1623
138 131 1624
136 104 1625
68 107 1626
22 104 1627
67 13 1628
182 171 1629
70 140 1630
30 115 1631
71 29 1632
29 158 1633
33 156 1634
41 38 1635
92 48 1636
200 124 1637
88 187 1638
142 117 1639
54 166 1640
167 25 1641
196 139 1642
168 27 1643
189 173 1644
50 26 1645
196 134 1646
193 119 1647
117 156 1648
105 30 1649
31 175 1650
111 16 1651
52 150 1652
40 93 1653
196 23 1654
168 51 1655
58 15 1656
181 140 1657
22 87 1658
118 81 1659
193 142 1660
136 100 1661
11 43 1662
23 70 1663
95 161 1664
9 24 1665
69 147 1666
102 93 1667
14 49 1668
40 32 1669
85 135 1670
78 62 1671
33 17 1672
160 20 1673
200 142 1674
8 174 1675
83 169 1676
186 63 1677
86 67 1678
90 11 1679
21 159 1680
62 79 1681
74 59 1682
114 168 1683
192 13 1684
40 29 1685
94 200 1686
177 20 1687
191 64 1688
150 76 1689
38 54 1690
150 143 1691
111 93 1692
190 158 1693
91 107 1694
123 64 1695
193 181 1696
1 37 1697
127 197 1698
108 31 1699
113 199 1700
129 192 1701
22 63 1702
99 161 1703
17 200 1704
122 56 1705
25 93 1706
106 6 1707
192 7 1708
50 75 1709
172 164 1710
167 70 1711
113 128 1712
165 166 1713
49 66 1714
170 164 1715
22 197 1716
3 112 1717
164 195 1718
31 57 1719
87 165 1720
4 104 1721
10 192 1722
42 30 1723
124 107 1724
46 81 1725
97 161 1726
126 194 1727
167 154 1728
128 28 1729
137 149 1730
5 24 1731
121 58 1732
31 145 1733
111 103 1734
54 135 1735
132 30 1736
6 171 1737
45 107 1738
169 89 1739
12 105 1740
153 134 1741
114 58 1742
60 27 1743
76 45 1744
78 77 1745
13 77 1746
79 129 1747
49 25 1748
52 42 1749
169 17 1750
18 141 1751
10 182 1752
42 38 1753
174 179 1754
104 138 1755
108 93 1756
200 71 1757
151 140 1758
107 117 1759
103 52 1760
139 4 1761
173 13 1762
41 130 1763
143 85 1764
191 70 1765
82 114 1766
119 166 1767
172 96 1768
180 158 1769
153 78 1770
158 160 1771
191 9 1772
18 123 1773
1 68 1774
119 200 1775
193 175 1776
117 127 1777
86 65 1778
47 140 1779
44 135 1780
108 144 1781
153 198 1782
144 79 1783
147 128 1784
94 145 1785
177 151 1786
178 197 1787
79 114 1788
76 9 1789
89 40 1790
32 145 1791
92 75 1792
114 117 1793
90 84 1794
123 109 1795
129 7 1796
83 159 1797
55 21 1798
49 164 1799
56 8 1800
77 179 1801
49 153 1802
10 82 1803
1 138 1804
196 43 1805
96 103 1806
132 105 1807
11 87 1808
95 35 1809
191 184 1810
142 178 1811
28 45 1812
107 61 1813
142 165 1814
93 20 1815
140 167 1816
39 59 1817
101 146 1818
200 49 1819
170 105 1820
191 55 1821
16 50 1822
33 22 1823
3 182 1824
94 132 1825
179 187 1826
66 68 1827
173 5 1828
147 149 1829
55 63 1830
65 48 1831
157 138 1832
194 22 1833
147 55 1834
125 58 1835
47 145 1836
199 114 1837
70 112 1838
88 66 1839
193 46 1840
104 13 1841
85 82 1842
94 5 1843
77 119 1844
127 3 1845
27 104 1846
175 168 1847
1 96 1848
4 166 1849
196 163 1850
144 106 1851
20 79 1852
166 17 1853
199 104 1854
59 61 1855
111 154 1856
84 149 1857
98 62 1858
78 162 1859
88 32 1860
138 126 1861
62 65 1862
89 115 1863
46 37 1864
50 25 1865
49 191 1866
84 142 1867
31 87 1868
75 10 1869
163 192 1870
142 114 1871
51 76 1872
81 2 1873
18 20 1874
39 172 1875
70 90 1876
77 107 1877
18 135 1878
160 37 1879
86 188 1880
135 91 1881
160 21 1882
54 120 1883
27 142 1884
124 101 1885
179 130 1886
88 80 1887
87 43 1888
185 86 1889
75 151 1890
123 30 1891
181 35 1892
123 112 1893
80 111 1894
122 2 1895
81 125 1896
59 42 1897
47 1 1898
71 185 1899
83 37 1900
73 126 1901
25 100 1902
98 39 1903
59 8 1904
188 89 1905
89 120 1906
147 92 1907
42 151 1908
38 163 1909
164 11 1910
27 156 1911
35 187 1912
18 97 1913
53 8 1914
125 94 1915
189 36 1916
95 40 1917
50 64 1918
95 18 1919
144 12 1920
127 75 1921
126 98 1922
170 137 1923
127 124 1924
192 33 1925
102 166 1926
190 186 1927
200 35 1928
21 181 1929
38 145 1930
134 164 1931
103 167 1932
24 110 1933
90 131 1934
80 166 1935
181 148 1936
194 103 1937
21 85 1938
88 3 1939
102 100 1940
57 74 1941
109 95 1942
106 194 1943
153 103 1944
155 129 1945
34 17 1946
186 58 1947
109 115 1948
18 113 1949
147 35 1950
33 130 1951
12 160 1952
59 196 1953
195 198 1954
155 119 1955
191 12 1956
48 54 1957
48 132 1958
168 124 1959
139 159 1960
156 25 1961
58 46 1962
25 55 1963
2 76 1964
139 96 1965
165 114 1966
190 66 1967
110 12 1968
104 34 1969
189 69 1970
99 185 1971
122 101 1972
105 114 1973
76 29 1974
90 121 1975
187 75 1976
7 134 1977
163 186 1978
163 72 1979
39 24 1980
180 10 1981
150 90 1982
60 120 1983
41 10 1984
11 99 1985
28 98 1986
167 87 1987
109 193 1988
58 167 1989
22 168 1990
98 124 1991
159 76 1992
42 103 1993
163 143 1994
16 80 1995
126 185 1996
65 88 1997
12 35 1998
141 126 1999
54 156 2000
145 195 2001
5 118 2002
161 104 2003
24 121 2004
140 12 2005
184 109 2006
197 5 2007
91 100 2008
106 91 2009
40 33 2010
85 61 2011
89 196 2012
33 39 2013
83 51 2014
171 139 2015
145 122 2016
23 7 2017
55 64 2018
36 33 2019
13 166 2020
72 22 2021
97 74 2022
52 134 2023
46 26 2024
127 60 2025
104 178 2026
75 90 2027
73 167 2028
74 141 2029
82 110 2030
101 138 2031
161 29 2032
113 139 2033
187 159 2034
49 167 2035
118 125 2036
174 71 2037
120 109 2038
91 36 2039
181 30 2040
10 110 2041
34 107 2042
153 113 2043
99 114 2044
65 136 2045
24 159 2046
36 53 2047
24 171 2048
87 164 2049
80 103 2050
147 52 2051
19 44 2052
93 99 2053
8 170 2054
9 48 2055
127 46 2056
1 129 2057
103 131 2058
19 26 2059
127 184 2060
149 177 2061
185 81 2062
195 78 2063
199 30 2064
12 135 2065
26 63 2066
159 39 2067
107 130 2068
39 75 2069
133 41 2070
25 114 2071
109 163 2072
143 93 2073
140 177 2074
187 173 2075
135 175 2076
154 197 2077
65 191 2078
20 181 2079
141 187 2080
121 51 2081
40 74 2082
112 175 2083
195 152 2084
83 133 2085
128 118 2086
48 14 2087
77 192 2088
124 118 2089
37 7 2090
134 169 2091
181 57 2092
29 154 2093
43 35 2094
99 105 2095
84 165 2096
148 141 2097
18 122 2098
69 120 2099
146 185 2100
95 79 2101
79 154 2102
72 55 2103
53 159 2104
31 73 2105
177 170 2106
44 37 2107
50 104 2108
100 89 2109
84 134 2110
115 62 2111
71 108 2112
96 147 2113
139 110 2114
180 33 2115
127 160 2116
73 164 2117
191 13 2118
149 22 2119
196 40 2120
148 58 2121
177 96 2122
58 39 2123
24 29 2124
168 187 2125
25 89 2126
136 197 2127
132 18 2128
32 197 2129
39 51 2130
39 124 2131
150 38 2132
14 84 2133
155 122 2134
188 52 2135
139 60 2136
93 149 2137
65 119 2138
162 156 2139
39 49 2140
4 78 2141
87 37 2142
199 126 2143
40 166 2144
159 126 2145
83 50 2146
104 179 2147
175 38 2148
94 153 2149
26 193 2150
68 136 2151
97 99 2152
176 96 2153
31 158 2154
180 61 2155
119 197 2156
6 138 2157
6 79 2158
129 161 2159
96 141 2160
70 82 2161
178 116 2162
138 192 2163
90 110 2164
148 8 2165
32 127 2166
101 47 2167
44 146 2168
179 113 2169
44 180 2170
60 59 2171
199 5 2172
174 97 2173
91 177 2174
164 35 2175
104 61 2176
81 44 2177
116 124 2178
70 162 2179
50 42 2180
58 79 2181
15 69 2182
17 118 2183
185 87 2184
118 195 2185
80 199 2186
153 139 2187
85 107 2188
156 5 2189
48 154 2190
111 143 2191
144 136 2192
34 148 2193
100 42 2194
188 60 2195
188 57 2196
1 45 2197
120 118 2198
14 152 2199
1 126 2200
123 25 2201
183 29 2202
102 70 2203
80 183 2204
55 102 2205
90 197 2206
52 19 2207
78 155 2208
153 177 2209
160 43 2210
61 168 2211
58 60 2212
179 48 2213
172 139 2214
143 71 2215
19 5 2216
45 191 2217
95 84 2218
117 50 2219
23 195 2220
106 181 2221
49 170 2222
24 162 2223
134 85 2224
94 192 2225
150 6 2226
56 10 2227
37 156 2228
1 136 2229
11 1 2230
125 70 2231
88 67 2232
102 12 2233
133 161 2234
188 198 2235
34 185 2236
80 32 2237
147 62 2238
12 134 2239
166 31 2240
10 94 2241
60 10 2242
70 107 2243
89 82 2244
116 171 2245
1 54 2246
22 75 2247
127 100 2248
21 153 2249
86 87 2250
129 123 2251
119 191 2252
30 160 2253
37 85 2254
93 153 2255
106 108 2256
170 78 2257
110 5 2258
174 52 2259
8 79 2260
76 16 2261
144 75 2262
110 30 2263
128 69 2264
78 22 2265
114 75 2266
161 176 2267
62 140 2268
17 155 2269
87 157 2270
159 40 2271
82 199 2272
178 70 2273
144 145 2274
35 165 2275
27 150 2276
144 92 2277
161 27 2278
119 10 2279
15 63 2280
190 79 2281
78 172 2282
78 123 2283
170 37 2284
15 168 2285
200 129 2286
63 14 2287
138 13 2288
89 121 2289
95 140 2290
184 87 2291
109 75 2292
68 24 2293
90 185 2294
184 63 2295
154 47 2296
192 56 2297
74 11 2298
73 103 2299
101 60 2300
3 56 2301
184 40 2302
29 4 2303
75 12 2304
70 181 2305
61 97 2306
181 144 2307
91 48 2308
171 157 2309
22 133 2310
68 2 2311
165 174 2312
51 163 2313
116 143 2314
44 7 2315
4 26 2316
30 191 2317
56 131 2318
39 177 2319
102 198 2320
17 60 2321
108 160 2322
138 28 2323
6 39 2324
199 124 2325
79 177 2326
42 1 2327
128 5 2328
147 111 2329
66 147 2330
42 183 2331
42 18 2332
136 131 2333
63 84 2334
25 88 2335
172 176 2336
187 157 2337
22 186 2338
30 103 2339
115 167 2340
192 102 2341
106 85 2342
73 51 2343
104 100 2344
170 33 2345
52 58 2346
82 117 2347
44 149 2348
124 190 2349
35 99 2350
82 115 2351
54 76 2352
106 53 2353
133 32 2354
137 77 2355
174 115 2356
68 94 2357
191 54 2358
70 120 2359
137 125 2360
96 100 2361
52 159 2362
197 8 2363
108 155 2364
170 46 2365
129 50 2366
122 105 2367
2 89 2368
196 67 2369
100 44 2370
66 178 2371
115 131 2372
44 90 2373
149 131 2374
68 151 2375
98 76 2376
35 19 2377
139 150 2378
183 52 2379
180 162 2380
189 184 2381
10 25 2382
107 88 2383
121 164 2384
192 53 2385
34 181 2386
182 157 2387
148 46 2388
152 25 2389
9 36 2390
114 149 2391
150 13 2392
199 68 2393
169 122 2394
10 42 2395
73 179 2396
138 39 2397
120 158 2398
125 144 2399
93 170 2400
61 135 2401
164 176 2402
190 143 2403
27 61 2404
189 73 2405
130 133 2406
115 180 2407
160 120 2408
200 95 2409
58 73 2410
90 192 2411
81 158 2412
189 153 2413
43 101 2414
65 194 2415
15 94 2416
6 161 2417
193 160 2418
85 90 2419
138 29 2420
190 104 2421
63 124 2422
185 83 2423
20 103 2424
66 120 2425
123 53 2426
37 139 2427
175 145 2428
124 68 2429
39 83 2430
72 13 2431
52 86 2432
99 7 2433
2 153 2434
135 11 2435
85 20 2436
73 123 2437
57 127 2438
141 166 2439
83 15 2440
38 181 2441
86 37 2442
200 116 2443
143 67 2444
31 78 2445
62 23 2446
46 85 2447
102 136 2448
177 161 2449
127 108 2450
142 124 2451
80 66 2452
148 36 2453
145 176 2454
26 107 2455
131 169 2456
176 182 2457
186 148 2458
193 190 2459
34 60 2460
158 145 2461
92 137 2462
164 101 2463
29 170 2464
102 191 2465
64 96 2466
51 117 2467
38 57 2468
156 172 2469
189 41 2470
5 192 2471
39 18 2472
11 149 2473
111 115 2474
106 116 2475
185 21 2476
124 176 2477
75 57 2478
50 108 2479
182 47 2480
155 45 2481
171 78 2482
58 97 2483
200 185 2484
28 121 2485
103 139 2486
68 101 2487
39 132 2488
99 23 2489
128 167 2490
30 32 2491
22 61 2492
172 192 2493
79 138 2494
17 49 2495
195 37 2496
95 20 2497
13 84 2498
69 84 2499
54 45 2500
164 56 2501
161 118 2502
152 74 2503
32 181 2504
148 29 2505
101 199 2506
44 43 2507
49 46 2508
76 173 2509
50 38 2510
98 51 2511
128 146 2512
140 57 2513
35 140 2514
107 200 2515
62 107 2516
94 83 2517
63 126 2518
22 2 2519
145 9 2520
126 111 2521
70 75 2522
106 197 2523
139 178 2524
14 21 2525
153 83 2526
65 98 2527
133 183 2528
55 156 2529
48 44 2530
161 51 2531
82 118 2532
66 192 2533
32 51 2534
38 138 2535
169 154 2536
18 109 2537
197 99 2538
91 41 2539
160 67 2540
9 163 2541
101 89 2542
62 131 2543
184 161 2544
59 15 2545
52 151 2546
98 11 2547
163 28 2548
174 150 2549
145 174 2550
180 85 2551
161 55 2552
109 129 2553
167 199 2554
87 80 2555
141 105 2556
177 62 2557
133 156 2558
82 148 2559
48 96 2560
156 74 2561
194 136 2562
55 158 2563
174 190 2564
78 124 2565
166 93 2566
97 191 2567
10 107 2568
19 179 2569
147 50 2570
162 178 2571
3 71 2572
5 123 2573
190 68 2574
20 84 2575
184 124 2576
79 163 2577
100 152 2578
28 77 2579
45 185 2580
147 153 2581
200 195 2582
115 195 2583
178 57 2584
188 125 2585
67 82 2586
96 31 2587
66 161 2588
143 68 2589
74 175 2590
51 56 2591
42 72 2592
34 142 2593
181 84 2594
53 68 2595
39 97 2596
124 163 2597
183 132 2598
29 79 2599
170 118 2600
119 156 2601
69 155 2602
160 137 2603
199 191 2604
37 134 2605
66 172 2606
58 109 2607
155 139 2608
147 6 2609
9 63 2610
108 67 2611
97 93 2612
162 77 2613
115 122 2614
199 157 2615
59 111 2616
124 141 2617
101 44 2618
196 27 2619
154 36 2620
64 140 2621
176 130 2622
195 106 2623
100 50 2624
189 118 2625
166 6 2626
10 166 2627
161 170 2628
98 95 2629
90 187 2630
113 93 2631
3 188 2632
5 97 2633
162 36 2634
34 91 2635
162 96 2636
51 6 2637
50 191 2638
172 133 2639
62 87 2640
118 54 2641
103 102 2642
97 11 2643
53 119 2644
9 171 2645
54 3 2646
100 110 2647
152 64 2648
167 159 2649
157 153 2650
105 127 2651
188 175 2652
4 190 2653
71 90 2654
151 107 2655
34 51 2656
138 123 2657
109 173 2658
129 25 2659
108 142 2660
117 115 2661
183 89 2662
185 36 2663
69 18 2664
87 100 2665
28 188 2666
118 142 2667
13 58 2668
161 147 2669
10 51 2670
53 18 2671
194 130 2672
88 1 2673
115 152 2674
10 64 2675
43 98 2676
7 65 2677
27 42 2678
13 128 2679
48 125 2680
31 198 2681
158 60 2682
95 143 2683
66 142 2684
41 28 2685
24 188 2686
130 151 2687
41 168 2688
196 76 2689
32 37 2690
99 116 2691
26 129 2692
155 185 2693
114 133 2694
140 33 2695
139 12 2696
57 124 2697
120 169 2698
96 95 2699
200 90 2700
95 162 2701
74 75 2702
34 199 2703
135 4 2704
95 85 2705
106 5 2706
146 166 2707
127 194 2708
28 25 2709
32 47 2710
87 77 2711
94 89 2712
93 101 2713
65 87 2714
74 62 2715
23 40 2716
13 31 2717
119 177 2718
33 92 2719
99 59 2720
176 40 2721
119 12 2722
128 194 2723
168 53 2724
157 68 2725
108 176 2726
26 5 2727
189 121 2728
63 187 2729
7 67 2730
110 17 2731
42 164 2732
145 43 2733
118 181 2734
82 138 2735
100 70 2736
29 58 2737
195 150 2738
174 6 2739
12 46 2740
127 4 2741
28 124 2742
181 109 2743
170 99 2744
79 97 2745
71 21 2746
107 84 2747
190 37 2748
103 66 2749
24 183 2750
30 129 2751
153 64 2752
85 130 2753
144 38 2754
47 109 2755
112 26 2756
154 181 2757
127 102 2758
119 15 2759
50 133 2760
51 154 2761
81 43 2762
181 98 2763
30 13 2764
11 49 2765
149 166 2766
169 6 2767
178 56 2768
83 79 2769
47 125 2770
108 183 2771
93 152 2772
143 110 2773
89 69 2774
124 133 2775
32 164 2776
129 140 2777
71 197 2778
180 19 2779
28 37 2780
87 126 2781
70 146 2782
3 57 2783
177 189 2784
155 107 2785
185 195 2786
171 160 2787
145 155 2788
175 19 2789
180 52 2790
20 139 2791
39 85 2792
78 157 2793
78 43 2794
183 131 2795
178 147 2796
61 41 2797
166 151 2798
156 148 2799
120 180 2800
33 139 2801
70 65 2802
163 14 2803
168 93 2804
174 196 2805
101 109 2806
58 152 2807
159 99 2808
56 134 2809
21 141 2810
150 19 2811
3 86 2812
98 154 2813
27 101 2814
94 26 2815
133 10 2816
171 75 2817
196 37 2818
185 96 2819
190 61 2820
26 187 2821
174 4 2822
163 98 2823
178 106 2824
43 97 2825
171 37 2826
65 40 2827
162 179 2828
80 24 2829
170 185 2830
149 126 2831
181 123 2832
168 151 2833
112 170 2834
186 174 2835
152 19 2836
76 167 2837
178 191 2838
152 181 2839
33 14 2840
174 178 2841
164 157 2842
33 100 2843
183 4 2844
163 77 2845
124 130 2846
152 112 2847
113 121 2848
96 80 2849
112 93 2850
114 200 2851
165 113 2852
178 100 2853
143 36 2854
56 146 2855
83 141 2856
146 187 2857
125 85 2858
195 89 2859
90 119 2860
39 186 2861
186 98 2862
43 69 2863
52 152 2864
57 7 2865
60 138 2866
178 79 2867
21 162 2868
29 35 2869
116 101 2870
64 60 2871
177 141 2872
60 55 2873
46 27 2874
120 61 2875
21 1 2876
51 165 2877
88 73 2878
97 14 2879
104 183 2880
16 31 2881
160 147 2882
163 95 2883
4 189 2884
160 174 2885
95 146 2886
137 36 2887
176 147 2888
155 44 2889
140 83 2890
131 186 2891
155 109 2892
132 88 2893
166 105 2894
75 122 2895
121 123 2896
41 183 2897
186 157 2898
62 124 2899
72 191 2900
173 132 2901
107 17 2902
13 181 2903
37 5 2904
19 113 2905
44 10 2906
175 118 2907
72 115 2908
60 189 2909
123 162 2910
161 154 2911
86 163 2912
28 44 2913
184 92 2914
64 21 2915
34 64 2916
18 156 2917
112 15 2918
70 73 2919
5 73 2920
168 189 2921
126 193 2922
144 91 2923
20 107 2924
88 44 2925
64 185 2926
127 181 2927
22 193 2928
22 138 2929
64 148 2930
152 122 2931
196 81 2932
111 133 2933
103 69 2934
24 119 2935
17 47 2936
127 121 2937
197 196 2938
176 65 2939
152 182 2940
177 116 2941
28 166 2942
28 169 2943
18 102 2944
48 196 2945
198 131 2946
134 127 2947
124 14 2948
129 70 2949
163 36 2950
163 27 2951
92 17 2952
77 76 2953
95 182 2954
18 193 2955
105 190 2956
41 161 2957
58 30 2958
155 94 2959
52 89 2960
127 101 2961
66 99 2962
133 115 2963
135 182 2964
33 129 2965
96 122 2966
93 17 2967
122 1 2968
111 19 2969
3 113 2970
136 39 2971
28 127 2972
112 89 2973
132 156 2974
86 131 2975
74 8 2976
128 161 2977
188 98 2978
74 7 2979
140 193 2980
139 126 2981
162 68 2982
132 120 2983
175 200 2984
76 56 2985
119 11 2986
95 23 2987
25 197 2988
58 132 2989
41 72 2990
10 131 2991
32 17 2992
135 153 2993
162 48 2994
187 16 2995
155 127 2996
87 138 2997
90 45 2998
35 13 2999
163 125 3000
192 169 3001
174 102 3002
125 115 3003
171 129 3004
88 7 3005
138 92 3006
148 165 3007
39 105 3008
183 87 3009
89 84 3010
91 169 3011
134 144 3012
52 92 3013
33 45 3014
4 153 3015
27 17 3016
150 58 3017
96 91 3018
168 98 3019
136 15 3020
175 194 3021
185 103 3022
85 109 3023
14 157 3024
22 160 3025
183 14 3026
37 16 3027
33 111 3028
24 181 3029
5 172 3030
181 72 3031
195 155 3032
21 10 3033
42 194 3034
132 70 3035
162 115 3036
8 154 3037
89 105 3038
153 16 3039
51 27 3040
54 8 3041
104 155 3042
129 151 3043
32 11 3044
19 84 3045
97 26 3046
140 166 3047
7 102 3048
2 116 3049
88 15 3050
9 198 3051
117 48 3052
32 83 3053
190 149 3054
66 85 3055
60 29 3056
127 47 3057
73 79 3058
176 49 3059
165 124 3060
49 140 3061
43 80 3062
83 8 3063
151 145 3064
101 28 3065
120 34 3066
95 160 3067
17 135 3068
33 137 3069
196 77 3070
92 172 3071
3 107 3072
154 49 3073
113 122 3074
94 159 3075
65 155 3076
110 117 3077
80 174 3078
53 52 3079
119 136 3080
182 15 3081
183 96 3082
176 11 3083
12 173 3084
71 112 3085
8 58 3086
136 44 3087
46 165 3088
62 20 3089
82 121 3090
153 77 3091
116 146 3092
200 41 3093
182 88 3094
153 132 3095
77 164 3096
130 62 3097
115 56 3098
9 170 3099
150 22 3100
120 172 3101
106 8 3102
136 168 3103
193 51 3104
180 178 3105
77 118 3106
138 141 3107
118 93 3108
49 87 3109
97 162 3110
120 76 3111
150 138 3112
63 197 3113
188 105 3114
85 164 3115
106 147 3116
42 142 3117
131 40 3118
194 178 3119
131 151 3120
52 171 3121
44 39 3122
86 194 3123
3 4 3124
77 142 3125
21 102 3126
70 118 3127
175 147 3128
49 159 3129
125 105 3130
105 157 3131
29 32 3132
51 143 3133
5 12 3134
105 35 3135
89 55 3136
83 188 3137
167 109 3138
76 37 3139
8 165 3140
8 173 3141
28 133 3142
30 6 3143
125 14 3144
84 148 3145
27 33 3146
200 128 3147
175 176 3148
136 185 3149
29 39 3150
181 168 3151
135 99 3152
174 173 3153
196 187 3154
18 37 3155
170 136 3156
99 56 3157
10 89 3158
176 20 3159
69 72 3160
13 197 3161
196 44 3162
25 115 3163
124 102 3164
155 134 3165
180 74 3166
105 6 3167
178 111 3168
192 61 3169
24 30 3170
38 157 3171
148 152 3172
121 56 3173
103 26 3174
56 6 3175
175 2 3176
55 157 3177
189 33 3178
41 77 3179
83 156 3180
103 140 3181
197 58 3182
192 152 3183
5 171 3184
38 134 3185
8 33 3186
8 92 3187
198 68 3188
136 132 3189
159 2 3190
25 113 3191
41 100 3192
32 65 3193
57 9 3194
19 67 3195
149 23 3196
166 22 3197
190 187 3198
184 20 3199
151 51 3200
71 133 3201
90 32 3202
151 29 3203
115 4 3204
198 167 3205
66 5 3206
189 104 3207
92 176 3208
35 86 3209
53 100 3210
128 96 3211
176 118 3212
192 55 3213
13 187 3214
13 145 3215
50 4 3216
60 42 3217
104 66 3218
114 89 3219
9 46 3220
14 74 3221
43 198 3222
167 175 3223
152 193 3224
17 25 3225
177 85 3226
81 123 3227
95 88 3228
130 147 3229
104 103 3230
105 193 3231
76 84 3232
106 97 3233
157 64 3234
104 156 3235
86 74 3236
60 16 3237
191 68 3238
194 110 3239
133 168 3240
7 185 3241
55 140 3242
156 124 3243
37 51 3244
143 40 3245
124 195 3246
183 45 3247
162 49 3248
12 43 3249
181 129 3250
97 19 3251
26 87 3252
4 13 3253
44 113 3254
127 61 3255
104 154 3256
94 49 3257
141 23 3258
141 169 3259
165 90 3260
29 27 3261
151 5 3262
14 27 3263
23 144 3264
134 188 3265
120 177 3266
117 86 3267
52 33 3268
138 54 3269
176 81 3270
102 167 3271
84 173 3272
174 132 3273
86 155 3274
98 2 3275
135 63 3276
110 87 3277
110 133 3278
89 32 3279
76 181 3280
129 178 3281
104 110 3282
126 92 3283
101 141 3284
142 176 3285
140 13 3286
62 72 3287
150 154 3288
90 194 3289
34 173 3290
27 62 3291
12 70 3292
190 152 3293
188 139 3294
60 134 3295
194 123 3296
52 59 3297
3 65 3298
68 35 3299
80 129 3300
80 124 3301
154 27 3302
141 146 3303
125 133 3304
175 48 3305
24 173 3306
166 64 3307
70 141 3308
132 150 3309
40 175 3310
31 92 3311
158 194 3312
93 32 3313
45 57 3314
186 147 3315
146 197 3316
117 68 3317
100 193 3318
98 105 3319
96 167 3320
172 100 3321
88 185 3322
109 87 3323
191 71 3324
104 200 3325
59 75 3326
117 133 3327
171 45 3328
17 7 3329
152 156 3330
45 192 3331
23 157 3332
66 19 3333
143 65 3334
116 97 3335
65 170 3336
111 74 3337
26 34 3338
186 31 3339
149 18 3340
140 65 3341
36 84 3342
174 2 3343
91 84 3344
50 115 3345
34 52 3346
9 92 3347
3 28 3348
186 125 3349
137 106 3350
168 45 3351
190 75 3352
30 104 3353
190 129 3354
71 169 3355
29 127 3356
135 110 3357
184 118 3358
85 191 3359
146 2 3360
184 117 3361
158 4 3362
15 153 3363
32 154 3364
84 56 3365
172 62 3366
131 71 3367
97 31 3368
47 58 3369
86 19 3370
51 49 3371
19 71 3372
159 141 3373
8 152 3374
29 195 3375
194 174 3376
28 159 3377
134 178 3378
161 67 3379
15 179 3380
146 143 3381
112 115 3382
19 43 3383
192 177 3384
137 123 3385
157 103 3386
95 7 3387
107 86 3388
20 165 3389
55 172 3390
59 53 3391
177 97 3392
111 172 3393
43 27 3394
61 33 3395
54 7 3396
60 105 3397
46 64 3398
169 191 3399
48 171 3400
45 3 3401
92 60 3402
121 137 3403
19 106 3404
94 149 3405
6 20 3406
54 93 3407
105 34 3408
118 75 3409
182 76 3410
142 121 3411
62 43 3412
193 19 3413
20 126 3414
105 80 3415
79 15 3416
139 42 3417
61 166 3418
143 188 3419
3 176 3420
100 58 3421
92 192 3422
72 67 3423
59 38 3424
158 108 3425
98 119 3426
128 81 3427
7 72 3428
182 8 3429
155 182 3430
86 109 3431
6 89 3432
2 57 3433
53 24 3434
41 85 3435
117 61 3436
53 28 3437
194 6 3438
122 79 3439
11 141 3440
118 171 3441
23 183 3442
122 128 3443
198 161 3444
161 102 3445
159 150 3446
98 107 3447
82 48 3448
166 125 3449
161 88 3450
158 22 3451
137 158 3452
56 86 3453
185 22 3454
35 166 3455
107 16 3456
102 33 3457
73 33 3458
176 14 3459
171 26 3460
156 114 3461
152 23 3462
43 7 3463
185 110 3464
62 58 3465
110 59 3466
148 73 3467
166 36 3468
155 142 3469
20 180 3470
187 191 3471
54 100 3472
41 87 3473
152 66 3474
50 154 3475
174 169 3476
139 190 3477
187 110 3478
3 38 3479
22 58 3480
101 126 3481
51 197 3482
64 92 3483
83 139 3484
35 100 3485
134 23 3486
55 69 3487
108 35 3488
179 82 3489
91 155 3490
66 115 3491
9 23 3492
75 116 3493
82 143 3494
128 132 3495
158 36 3496
139 124 3497
39 13 3498
113 156 3499
46 147 3500
130 118 3501
29 77 3502
47 193 3503
158 128 3504
198 4 3505
200 182 3506
133 187 3507
44 164 3508
132 64 3509
194 101 3510
29 179 3511
124 180 3512
161 105 3513
13 139 3514
51 155 3515
194 185 3516
42 122 3517
48 190 3518
125 143 3519
30 170 3520
135 47 3521
39 199 3522
129 20 3523
137 131 3524
141 95 3525
144 135 3526
85 67 3527
157 81 3528
39 21 3529
77 60 3530
20 161 3531
41 145 3532
190 150 3533
162 93 3534
125 26 3535
183 154 3536
76 14 3537
18 85 3538
89 39 3539
58 137 3540
88 181 3541
50 27 3542
137 166 3543
22 101 3544
191 26 3545
29 198 3546
135 37 3547
93 103 3548
114 29 3549
125 96 3550
58 82 3551
75 6 3552
183 47 3553
188 109 3554
39 125 3555
13 41 3556
188 142 3557
143 90 3558
130 18 3559
41 181 3560
134 200 3561
131 177 3562
30 57 3563
155 70 3564
150 116 3565
135 160 3566
136 199 3567
199 24 3568
41 169 3569
161 89 3570
78 57 3571
27 190 3572
72 81 3573
51 45 3574
176 180 3575
133 82 3576
83 112 3577
106 7 3578
185 95 3579
26 160 3580
187 154 3581
83 14 3582
57 177 3583
101 162 3584
139 32 3585
77 176 3586
2 130 3587
76 124 3588
120 99 3589
107 69 3590
101 56 3591
100 112 3592
143 179 3593
15 52 3594
144 150 3595
158 200 3596
186 165 3597
40 162 3598
53 171 3599
100 81 3600
191 104 3601
131 97 3602
187 82 3603
103 21 3604
97 179 3605
165 109 3606
101 98 3607
198 26 3608
176 4 3609
185 43 3610
75 152 3611
176 37 3612
38 72 3613
141 68 3614
138 66 3615
187 108 3616
54 137 3617
128 72 3618
161 61 3619
144 77 3620
64 161 3621
176 31 3622
80 191 3623
174 120 3624
172 16 3625
192 140 3626
145 3 3627
199 84 3628
54 90 3629
157 18 3630
9 188 3631
91 170 3632
171 28 3633
44 144 3634
67 12 3635
113 77 3636
93 173 3637
163 8 3638
134 95 3639
4 159 3640
84 140 3641
128 3 3642
195 98 3643
21 9 3644
83 121 3645
114 85 3646
105 112 3647
27 147 3648
151 182 3649
158 26 3650
144 164 3651
128 172 3652
27 148 3653
69 67 3654
129 89 3655
65 53 3656
101 147 3657
59 172 3658
82 43 3659
71 25 3660
183 166 3661
128 75 3662
132 129 3663
170 129 3664
128 108 3665
64 30 3666
119 143 3667
20 200 3668
128 52 3669
32 74 3670
120 97 3671
114 145 3672
187 53 3673
197 83 3674
40 148 3675
6 139 3676
50 7 3677
179 6 3678
29 175 3679
9 161 3680
81 107 3681
3 124 3682
28 149 3683
7 130 3684
99 181 3685
168 50 3686
147 177 3687
107 113 3688
109 199 3689
91 183 3690
192 195 3691
96 197 3692
172 118 3693
26 142 3694
167 26 3695
35 4 3696
151 109 3697
29 101 3698
90 127 3699
149 2 3700
161 53 3701
51 126 3702
124 48 3703
95 44 3704
197 16 3705
114 43 3706
122 185 3707
126 164 3708
31 168 3709
178 61 3710
18 55 3711
16 69 3712
96 56 3713
165 24 3714
7 165 3715
117 153 3716
105 183 3717
76 185 3718
173 77 3719
93 22 3720
178 156 3721
128 68 3722
24 138 3723
27 68 3724
189 92 3725
180 80 3726
111 14 3727
32 24 3728
21 195 3729
192 111 3730
187 199 3731
170 191 3732
59 131 3733
112 36 3734
75 15 3735
66 57 3736
25 153 3737
145 104 3738
157 111 3739
97 41 3740
10 116 3741
176 100 3742
82 61 3743
6 124 3744
30 144 3745
193 163 3746
27 158 3747
183 63 3748
124 36 3749
142 91 3750
162 130 3751
119 139 3752
73 98 3753
124 35 3754
164 174 3755
1 179 3756
85 62 3757
148 50 3758
155 124 3759
105 199 3760
156 62 3761
198 21 3762
195 63 3763
147 119 3764
73 149 3765
18 106 3766
139 116 3767
181 178 3768
137 161 3769
150 98 3770
160 152 3771
161 148 3772
30 89 3773
2 8 3774
78 177 3775
58 6 3776
149 15 3777
121 108 3778
56 200 3779
31 33 3780
188 132 3781
146 14 3782
160 156 3783
86 69 3784
14 55 3785
40 193 3786
130 175 3787
71 180 3788
106 190 3789
139 69 3790
142 170 3791
57 18 3792
167 85 3793
86 134 3794
22 31 3795
156 142 3796
135 35 3797
136 126 3798
197 10 3799
33 85 3800
135 147 3801
149 176 3802
20 23 3803
36 108 3804
64 89 3805
176 134 3806
48 108 3807
52 32 3808
93 8 3809
162 84 3810
87 85 3811
94 102 3812
120 121 3813
65 24 3814
1 56 3815
48 192 3816
185 67 3817
190 96 3818
66 81 3819
54 106 3820
61 9 3821
159 151 3822
65 19 3823
112 147 3824
93 176 3825
137 176 3826
83 60 3827
200 74 3828
113 160 3829
22 77 3830
61 105 3831
126 184 3832
186 93 3833
32 63 3834
176 15 3835
54 30 3836
190 12 3837
181 105 3838
146 175 3839
62 18 3840
25 166 3841
99 52 3842
139 108 3843
160 115 3844
9 1 3845
84 158 3846
184 144 3847
73 7 3848
180 157 3849
93 100 3850
36 125 3851
46 184 3852
73 163 3853
173 67 3854
133 61 3855
21 69 3856
128 51 3857
125 183 3858
18 65 3859
100 28 3860
46 144 3861
181 138 3862
45 143 3863
77 46 3864
183 83 3865
142 186 3866
57 191 3867
66 30 3868
117 96 3869
65 72 3870
155 46 3871
84 51 3872
54 61 3873
17 111 3874
79 123 3875
11 134 3876
199 2 3877
66 112 3878
129 40 3879
57 154 3880
92 21 3881
191 200 3882
46 57 3883
26 83 3884
182 62 3885
116 14 3886
86 149 3887
88 184 3888
114 39 3889
137 73 3890
116 126 3891
147 158 3892
150 79 3893
115 196 3894
194 40 3895
187 138 3896
87 135 3897
11 64 3898
73 82 3899
150 114 3900
196 9 3901
12 169 3902
16 74 3903
73 54 3904
119 48 3905
66 52 3906
77 169 3907
179 65 3908
57 15 3909
88 97 3910
21 148 3911
1 107 3912
93 104 3913
94 60 3914
69 82 3915
85 137 3916
125 155 3917
121 34 3918
39 81 3919
195 72 3920
167 177 3921
177 200 3922
108 169 3923
55 12 3924
84 3 3925
119 14 3926
41 52 3927
109 161 3928
192 21 3929
57 102 3930
171 97 3931
148 24 3932
30 9 3933
14 17 3934
128 11 3935
44 181 3936
39 68 3937
85 140 3938
136 23 3939
147 83 3940
152 157 3941
123 76 3942
138 171 3943
153 32 3944
12 20 3945
85 22 3946
74 6 3947
166 193 3948
53 186 3949
17 140 3950
74 172 3951
66 33 3952
187 31 3953
93 192 3954
2 28 3955
77 58 3956
91 148 3957
99 113 3958
19 194 3959
99 48 3960
87 144 3961
128 178 3962
177 41 3963
4 20 3964
172 19 3965
47 130 3966
169 173 3967
22 173 3968
16 97 3969
182 35 3970
9 129 3971
158 59 3972
182 54 3973
112 103 3974
73 192 3975
157 193 3976
195 15 3977
98 172 3978
192 74 3979
130 68 3980
199 151 3981
41 43 3982
55 75 3983
26 66 3984
163 173 3985
29 52 3986
121 183 3987
177 180 3988
116 28 3989
40 121 3990
57 192 3991
119 192 3992
51 54 3993
118 139 3994
26 16 3995
131 89 3996
142 36 3997
79 165 3998
128 43 3999
180 190 4000
121 193 4001
199 53 4002
37 189 4003
139 66 4004
153 182 4005
40 111 4006
73 22 4007
99 176 4008
5 132 4009
15 143 4010
89 26 4011
165 145 4012
42 39 4013
70 190 4014
104 188 4015
26 33 4016
8 144 4017
141 67 4018
40 4 4019
14 173 4020
86 174 4021
148 137 4022
153 173 4023
150 1 4024
111 120 4025
169 194 4026
55 167 4027
177 138 4028
135 195 4029
146 182 4030
53 142 4031
164 141 4032
85 159 4033
199 142 4034
170 117 4035
68 135 4036
174 31 4037
195 91 4038
47 138 4039
183 93 4040
83 128 4041
33 178 4042
38 31 4043
62 123 4044
126 3 4045
116 94 4046
24 20 4047
60 121 4048
44 151 4049
62 42 4050
95 103 4051
32 194 4052
50 132 4053
4 131 4054
135 131 4055
91 198 4056
196 200 4057
91 152 4058
45 63 4059
144 173 4060
43 93 4061
50 22 4062
60 137 4063
186 60 4064
40 20 4065
99 126 4066
160 48 4067
187 171 4068
15 115 4069
114 71 4070
64 171 4071
181 37 4072
173 137 4073
90 105 4074
22 43 4075
165 6 4076
174 12 4077
138 100 4078
50 155 4079
165 61 4080
26 137 4081
187 169 4082
147 58 4083
116 69 4084
193 70 4085
170 116 4086
161 162 4087
151 37 4088
185 59 4089
37 43 4090
62 142 4091
47 165 4092
120 41 4093
138 30 4094
45 78 4095
79 136 4096
4 143 4097
167 17 4098
133 145 4099
169 95 4100
140 34 4101
176 189 4102
88 19 4103
141 55 4104
16 98 4105
134 27 4106
120 65 4107
108 173 4108
175 92 4109
57 138 4110
18 14 4111
158 83 4112
63 199 4113
83 126 4114
68 29 4115
74 1 4116
20 77 4117
6 128 4118
20 72 4119
70 31 4120
124 54 4121
88 13 4122
112 84 4123
57 48 4124
142 197 4125
17 9 4126
154 15 4127
156 66 4128
103 68 4129
178 112 4130
38 40 4131
158 18 4132
113 157 4133
124 38 4134
143 28 4135
42 189 4136
197 53 4137
73 24 4138
76 165 4139
124 9 4140
12 130 4141
67 6 4142
168 147 4143
194 144 4144
1 163 4145
138 197 4146
14 147 4147
85 57 4148
121 91 4149
74 115 4150
110 132 4151
196 91 4152
52 125 4153
175 59 4154
197 56 4155
40 76 4156
77 11 4157
78 37 4158
7 112 4159
14 23 4160
25 147 4161
30 79 4162
8 22 4163
25 108 4164
147 198 4165
78 111 4166
24 95 4167
39 128 4168
126 74 4169
23 12 4170
166 32 4171
48 67 4172
83 34 4173
154 100 4174
192 46 4175
187 51 4176
165 73 4177
1 10 4178
140 7 4179
136 99 4180
151 24 4181
61 24 4182
42 106 4183
194 154 4184
143 17 4185
151 31 4186
140 58 4187
168 49 4188
107 116 4189
68 41 4190
160 133 4191
145 65 4192
122 170 4193
142 189 4194
98 190 4195
35 92 4196
126 91 4197
36 130 4198
133 16 4199
197 85 4200
177 31 4201
137 61 4202
62 53 4203
9 150 4204
91 73 4205
27 118 4206
139 197 4207
58 42 4208
46 36 4209
18 8 4210
168 83 4211
82 194 4212
54 15 4213
32 7 4214
125 170 4215
74 177 4216
81 167 4217
95 66 4218
160 66 4219
58 32 4220
42 200 4221
192 4 4222
90 41 4223
128 151 4224
120 143 4225
157 80 4226
13 151 4227
144 182 4228
168 157 4229
61 121 4230
84 17 4231
177 139 4232
99 162 4233
174 34 4234
167 77 4235
140 163 4236
186 79 4237
102 157 4238
104 149 4239
89 62 4240
180 89 4241
35 48 4242
190 109 4243
72 180 4244
75 58 4245
28 6 4246
106 125 4247
137 178 4248
93 148 4249
136 105 4250
70 78 4251
185 49 4252
8 140 4253
28 22 4254
52 96 4255
38 176 4256
143 139 4257
186 48 4258
159 183 4259
82 159 4260
67 195 4261
89 43 4262
175 96 4263
92 111 4264
4 52 4265
123 6 4266
77 177 4267
120 142 4268
48 17 4269
120 116 4270
86 36 4271
160 148 4272
56 29 4273
105 156 4274
52 90 4275
190 47 4276
119 150 4277
168 160 4278
18 115 4279
183 173 4280
169 94 4281
192 9 4282
165 78 4283
184 32 4284
109 54 4285
65 97 4286
91 151 4287
124 157 4288
78 35 4289
173 156 4290
25 94 4291
197 135 4292
13 91 4293
164 182 4294
77 124 4295
143 46 4296
12 176 4297
5 142 4298
72 93 4299
2 85 4300
47 105 4301
170 47 4302
88 189 4303
163 88 4304
19 27 4305
16 186 4306
117 90 4307
113 82 4308
17 64 4309
87 54 4310
40 135 4311
159 127 4312
117 58 4313
77 39 4314
105 20 4315
7 176 4316
183 182 4317
23 35 4318
31 27 4319
82 54 4320
142 79 4321
25 14 4322
56 102 4323
21 27 4324
42 83 4325
36 169 4326
37 10 4327
105 16 4328
19 144 4329
22 45 4330
192 125 4331
73 104 4332
57 80 4333
47 56 4334
55 178 4335
40 110 4336
109 198 4337
100 105 4338
145 22 4339
85 94 4340
65 169 4341
195 46 4342
1 109 4343
191 103 4344
102 62 4345
133 185 4346
191 88 4347
65 11 4348
89 162 4349
16 128 4350
26 114 4351
12 166 4352
156 93 4353
132 137 4354
68 13 4355
167 16 4356
81 174 4357
147 2 4358
134 198 4359
166 162 4360
101 121 4361
5 188 4362
107 2 4363
129 63 4364
78 131 4365
97 95 4366
34 159 4367
24 186 4368
51 150 4369
143 39 4370
99 73 4371
197 131 4372
6 65 4373
15 192 4374
47 173 4375
3 110 4376
114 11 4377
127 106 4378
18 40 4379
45 148 4380
70 77 4381
51 172 4382
39 117 4383
38 64 4384
61 90 4385
58 161 4386
46 200 4387
195 36 4388
49 57 4389
140 109 4390
33 11 4391
21 73 4392
158 82 4393
141 121 4394
58 55 4395
73 131 4396
167 157 4397
192 127 4398
95 74 4399
35 142 4400
52 81 4401
70 41 4402
106 199 4403
122 71 4404
106 140 4405
95 150 4406
110 109 4407
41 40 4408
149 178 4409
71 84 4410
158 198 4411
72 47 4412
120 50 4413
120 193 4414
78 94 4415
178 27 4416
26 143 4417
12 14 4418
3 161 4419
116 65 4420
182 177 4421
116 54 4422
65 113 4423
12 72 4424
192 145 4425
54 14 4426
151 32 4427
103 44 4428
94 129 4429
169 99 4430
34 100 4431
90 155 4432
30 174 4433
197 31 4434
199 188 4435
2 180 4436
133 30 4437
99 193 4438
175 172 4439
10 148 4440
177 134 4441
65 14 4442
81 115 4443
21 16 4444
163 139 4445
104 97 4446
97 135 4447
62 105 4448
116 57 4449
183 187 4450
127 149 4451
152 131 4452
50 119 4453
161 101 4454
105 36 4455
165 58 4456
45 61 4457
48 24 4458
147 36 4459
161 81 4460
198 23 4461
34 176 4462
163 190 4463
187 93 4464
71 79 4465
153 18 4466
4 99 4467
63 171 4468
183 79 4469
5 93 4470
12 143 4471
61 162 4472
118 87 4473
3 160 4474
188 80 4475
63 43 4476
55 31 4477
102 176 4478
3 185 4479
30 68 4480
151 174 4481
150 25 4482
20 51 4483
190 175 4484
110 166 4485
184 68 4486
140 130 4487
151 84 4488
195 27 4489
100 161 4490
99 6 4491
97 22 4492
153 13 4493
149 138 4494
123 125 4495
163 176 4496
8 160 4497
154 198 4498
139 130 4499
48 51 4500
124 51 4501
157 1 4502
146 184 4503
144 83 4504
155 187 4505
178 196 4506
196 102 4507
8 11 4508
103 32 4509
32 22 4510
69 78 4511
174 185 4512
12 97 4513
95 198 4514
109 32 4515
58 145 4516
189 195 4517
195 188 4518
167 197 4519
40 163 4520
120 81 4521
9 94 4522
93 75 4523
69 4 4524
188 155 4525
112 38 4526
18 117 4527
23 56 4528
39 50 4529
99 34 4530
77 80 4531
18 24 4532
96 158 4533
177 93 4534
16 168 4535
85 121 4536
78 167 4537
85 47 4538
167 98 4539
143 20 4540
60 115 4541
199 18 4542
45 5 4543
123 80 4544
3 42 4545
11 109 4546
57 196 4547
171 152 4548
33 108 4549
124 104 4550
94 135 4551
61 147 4552
36 198 4553
160 46 4554
54 68 4555
107 72 4556
45 31 4557
85 54 4558
31 85 4559
139 158 4560
145 188 4561
93 82 4562
63 61 4563
65 58 4564
162 52 4565
174 129 4566
2 52 4567
87 173 4568
43 5 4569
99 87 4570
65 180 4571
152 16 4572
41 19 4573
4 122 4574
104 62 4575
51 159 4576
183 86 4577
6 69 4578
169 153 4579
98 4 4580
91 187 4581
128 130 4582
141 150 4583
134 36 4584
186 185 4585
158 88 4586
141 198 4587
115 187 4588
10 149 4589
59 129 4590
182 40 4591
68 159 4592
188 133 4593
15 117 4594
111 21 4595
32 198 4596
187 87 4597
31 147 4598
92 166 4599
80 142 4600
109 182 4601
24 132 4602
87 75 4603
115 70 4604
65 156 4605
27 95 4606
191 95 4607
71 2 4608
124 185 4609
74 133 4610
95 94 4611
52 164 4612
175 85 4613
92 24 4614
56 28 4615
49 192 4616
151 125 4617
135 2 4618
53 9 4619
197 168 4620
27 35 4621
186 85 4622
48 55 4623
7 70 4624
15 186 4625
150 37 4626
163 129 4627
22 55 4628
166 133 4629
41 115 4630
53 51 4631
82 181 4632
110 78 4633
17 121 4634
113 140 4635
24 112 4636
75 179 4637
43 147 4638
37 91 4639
55 144 4640
133 143 4641
199 81 4642
140 93 4643
90 55 4644
116 36 4645
86 93 4646
152 89 4647
29 150 4648
65 111 4649
54 200 4650
80 164 4651
194 98 4652
117 155 4653
161 18 4654
192 150 4655
61 100 4656
26 55 4657
13 149 4658
195 18 4659
7 139 4660
124 5 4661
200 106 4662
164 137 4663
8 73 4664
99 106 4665
125 12 4666
180 151 4667
59 155 4668
47 197 4669
23 86 4670
13 109 4671
194 134 4672
32 12 4673
18 1 4674
125 38 4675
105 19 4676
144 117 4677
148 147 4678
48 7 4679
94 154 4680
150 45 4681
138 159 4682
50 57 4683
42 21 4684
82 190 4685
60 81 4686
63 117 4687
199 98 4688
182 125 4689
81 23 4690
40 154 4691
142 28 4692
118 155 4693
191 96 4694
160 154 4695
114 72 4696
21 47 4697
105 83 4698
59 147 4699
165 115 4700
69 160 4701
74 17 4702
164 48 4703
98 122 4704
150 156 4705
74 155 4706
101 87 4707
105 158 4708
85 132 4709
42 112 4710
33 144 4711
91 85 4712
20 183 4713
53 45 4714
79 38 4715
68 83 4716
19 173 4717
6 104 4718
77 67 4719
181 157 4720
60 192 4721
89 164 4722
114 101 4723
194 186 4724
149 158 4725
106 180 4726
178 103 4727
133 182 4728
80 68 4729
114 158 4730
48 77 4731
102 199 4732
172 178 4733
123 139 4734
8 64 4735
46 5 4736
74 151 4737
29 74 4738
114 175 4739
53 129 4740
101 169 4741
83 120 4742
100 185 4743
86 120 4744
62 129 4745
48 61 4746
110 31 4747
169 96 4748
39 112 4749
6 136 4750
187 73 4751
39 181 4752
193 25 4753
17 154 4754
86 190 4755
70 39 4756
138 83 4757
135 179 4758
173 61 4759
147 84 4760
22 180 4761
101 120 4762
68 149 4763
66 29 4764
198 118 4765
96 199 4766
84 29 4767
21 135 4768
188 32 4769
15 100 4770
200 130 4771
73 173 4772
68 164 4773
145 150 4774
53 130 4775
173 180 4776
81 4 4777
135 170 4778
88 103 4779
88 28 4780
88 41 4781
84 73 4782
19 91 4783
6 159 4784
14 127 4785
148 23 4786
76 135 4787
125 176 4788
70 72 4789
167 130 4790
1 16 4791
29 36 4792
141 86 4793
45 25 4794
90 24 4795
16 171 4796
120 27 4797
129 72 4798
116 135 4799
145 57 4800
71 59 4801
10 123 4802
55 127 4803
82 178 4804
9 197 4805
193 71 4806
140 134 4807
146 4 4808
84 188 4809
91 60 4810
97 66 4811
35 119 4812
83 191 4813
74 104 4814
48 110 4815
4 21 4816
8 111 4817
198 12 4818
38 180 4819
87 172 4820
52 23 4821
102 112 4822
184 179 4823
198 83 4824
20 34 4825
184 55 4826
58 78 4827
55 3 4828
101 91 4829
119 96 4830
157 65 4831
162 37 4832
157 141 4833
194 120 4834
154 18 4835
29 199 4836
36 43 4837
34 45 4838
116 18 4839
64 86 4840
19 101 4841
153 197 4842
193 130 4843
158 25 4844
45 125 4845
194 157 4846
24 160 4847
91 71 4848
170 98 4849
40 99 4850
134 118 4851
121 102 4852
107 147 4853
128 77 4854
130 112 4855
137 30 4856
42 11 4857
29 142 4858
161 82 4859
174 32 4860
150 173 4861
187 50 4862
163 63 4863
121 106 4864
29 72 4865
101 113 4866
129 182 4867
151 122 4868
7 28 4869
193 103 4870
79 106 4871
84 16 4872
73 134 4873
156 159 4874
7 47 4875
4 167 4876
8 38 4877
130 106 4878
134 71 4879
189 87 4880
25 90 4881
138 129 4882
119 86 4883
87 3 4884
170 139 4885
99 26 4886
6 3 4887
197 74 4888
157 195 4889
173 129 4890
186 171 4891
9 6 4892
41 194 4893
32 125 4894
191 175 4895
86 89 4896
72 189 4897
109 14 4898
86 5 4899
126 86 4900
141 199 4901
16 194 4902
138 84 4903
155 23 4904
86 31 4905
142 47 4906
95 121 4907
53 21 4908
106 31 4909
125 107 4910
121 25 4911
94 34 4912
134 62 4913
137 32 4914
91 17 4915
179 89 4916
108 130 4917
50 29 4918
169 130 4919
42 111 4920
68 67 4921
189 24 4922
45 116 4923
111 135 4924
141 171 4925
4 62 4926
183 67 4927
35 47 4928
147 51 4929
144 36 4930
121 158 4931
106 33 4932
122 177 4933
74 130 4934
66 65 4935
11 95 4936
116 52 4937
142 11 4938
147 144 4939
185 162 4940
25 104 4941
11 170 4942
14 69 4943
63 83 4944
185 138 4945
10 158 4946
53 35 4947
125 44 4948
63 120 4949
38 86 4950
92 127 4951
157 60 4952
66 183 4953
168 82 4954
197 52 4955
19 143 4956
113 91 4957
189 198 4958
84 104 4959
170 18 4960
130 3 4961
125 134 4962
33 152 4963
12 101 4964
19 32 4965
33 138 4966
158 63 4967
137 11 4968
23 179 4969
85 70 4970
54 110 4971
131 41 4972
165 187 4973
131 154 4974
138 144 4975
60 62 4976
13 170 4977
194 85 4978
112 198 4979
30 136 4980
76 8 4981
131 21 4982
5 108 4983
175 181 4984
63 136 4985
133 23 4986
119 149 4987
87 29 4988
155 192 4989
177 143 4990
123 127 4991
164 75 4992
179 16 4993
3 142 4994
91 165 4995
186 23 4996
171 99 4997
181 162 4998
125 27 4999
37 107 5000
95 21 5001
192 180 5002
12 10 5003
81 147 5004
141 194 5005
95 50 5006
174 36 5007
172 46 5008
6 22 5009
73 150 5010
117 145 5011
119 44 5012
169 32 5013
166 132 5014
92 36 5015
44 171 5016
175 120 5017
71 172 5018
50 152 5019
18 56 5020
99 84 5021
185 35 5022
45 112 5023
11 81 5024
65 190 5025
173 44 5026
49 26 5027
143 131 5028
180 77 5029
21 11 5030
122 172 5031
2 29 5032
155 196 5033
20 132 5034
69 112 5035
123 38 5036
154 140 5037
105 15 5038
105 118 5039
71 89 5040
113 32 5041
172 93 5042
189 162 5043
10 184 5044
145 138 5045
59 13 5046
138 86 5047
198 155 5048
6 27 5049
189 159 5050
185 2 5051
164 37 5052
83 71 5053
25 155 5054
113 146 5055
115 172 5056
63 11 5057
177 136 5058
195 79 5059
138 175 5060
156 163 5061
132 45 5062
34 141 5063
192 52 5064
94 71 5065
95 125 5066
149 83 5067
146 125 5068
82 141 5069
157 96 5070
157 107 5071
128 23 5072
30 101 5073
168 57 5074
16 6 5075
91 128 5076
1 102 5077
44 41 5078
82 157 5079
42 32 5080
126 64 5081
21 110 5082
176 24 5083
182 150 5084
63 68 5085
106 126 5086
52 65 5087
8 47 5088
9 133 5089
118 159 5090
129 135 5091
184 84 5092
113 187 5093
68 57 5094
96 2 5095
147 103 5096
164 62 5097
190 169 5098
72 130 5099
9 70 5100
190 32 5101
138 111 5102
62 15 5103
186 182 5104
70 51 5105
142 113 5106
122 100 5107
5 34 5108
58 175 5109
16 85 5110
63 104 5111
42 76 5112
51 11 5113
33 135 5114
56 12 5115
164 50 5116
134 172 5117
131 105 5118
197 124 5119
16 159 5120
41 170 5121
120 152 5122
25 133 5123
6 29 5124
23 50 5125
48 49 5126
47 144 5127
2 152 5128
171 102 5129
175 122 5130
152 13 5131
139 29 5132
58 103 5133
39 145 5134
67 137 5135
97 152 5136
135 13 5137
27 65 5138
88 54 5139
166 159 5140
190 182 5141
200 190 5142
122 108 5143
106 107 5144
175 192 5145
81 186 5146
14 188 5147
149 54 5148
5 28 5149
31 64 5150
129 130 5151
14 37 5152
171 150 5153
112 169 5154
132 37 5155
58 174 5156
132 107 5157
191 152 5158
136 150 5159
93 10 5160
1 58 5161
183 13 5162
174 146 5163
16 93 5164
162 116 5165
148 197 5166
178 92 5167
26 186 5168
184 142 5169
160 185 5170
127 66 5171
75 143 5172
167 34 5173
148 172 5174
152 127 5175
43 31 5176
137 105 5177
189 131 5178
102 104 5179
82 23 5180
19 11 5181
144 51 5182
54 13 5183
4 17 5184
108 52 5185
173 90 5186
156 194 5187
42 9 5188
34 86 5189
44 195 5190
80 192 5191
121 50 5192
22 56 5193
156 155 5194
125 10 5195
109 124 5196
87 177 5197
159 18 5198
35 39 5199
54 10 5200
20 137 5201
162 10 5202
177 5 5203
27 102 5204
33 187 5205
173 43 5206
14 193 5207
73 115 5208
56 67 5209
145 11 5210
18 112 5211
73 109 5212
197 82 5213
124 129 5214
51 198 5215
48 168 5216
190 67 5217
153 133 5218
168 78 5219
191 189 5220
21 138 5221
131 162 5222
37 161 5223
161 107 5224
125 130 5225
53 10 5226
17 115 5227
126 161 5228
30 150 5229
187 166 5230
140 81 5231
120 129 5232
28 199 5233
30 164 5234
95 129 5235
49 73 5236
119 178 5237
192 88 5238
94 162 5239
110 52 5240
110 196 5241
114 173 5242
155 3 5243
3 9 5244
37 61 5245
92 97 5246
135 137 5247
118 9 5248
136 111 5249
43 9 5250
162 113 5251
10 167 5252
131 27 5253
199 125 5254
139 23 5255
38 46 5256
159 60 5257
36 192 5258
144 119 5259
19 29 5260
44 84 5261
11 16 5262
30 72 5263
47 78 5264
34 43 5265
133 107 5266
13 70 5267
90 39 5268
63 47 5269
151 137 5270
129 199 5271
113 70 5272
47 97 5273
140 21 5274
105 29 5275
117 194 5276
190 14 5277
180 199 5278
53 120 5279
188 38 5280
191 36 5281
167 59 5282
187 132 5283
198 128 5284
12 33 5285
121 41 5286
37 155 5287
52 142 5288
172 159 5289
20 155 5290
40 3 5291
78 112 5292
26 90 5293
17 67 5294
196 164 5295
4 58 5296
168 13 5297
72 153 5298
138 15 5299
126 158 5300
194 191 5301
173 185 5302
36 55 5303
189 194 5304
40 34 5305
160 159 5306
53 165 5307
152 49 5308
111 5 5309
117 77 5310
180 84 5311
59 152 5312
146 16 5313
155 28 5314
33 10 5315
68 108 5316
114 36 5317
183 146 5318
73 3 5319
171 51 5320
53 1 5321
1 151 5322
67 123 5323
167 18 5324
136 37 5325
61 62 5326
68 51 5327
186 158 5328
72 171 5329
24 60 5330
5 162 5331
114 90 5332
36 123 5333
136 29 5334
172 146 5335
17 37 5336
200 92 5337
59 184 5338
172 80 5339
59 31 5340
79 198 5341
193 27 5342
58 180 5343
3 180 5344
65 131 5345
62 197 5346
184 151 5347
5 27 5348
108 166 5349
45 123 5350
98 178 5351
51 58 5352
74 82 5353
185 144 5354
3 100 5355
146 1 5356
26 25 5357
70 168 5358
62 168 5359
57 12 5360
33 91 5361
197 40 5362
195 5 5363
125 7 5364
63 153 5365
14 187 5366
87 19 5367
127 187 5368
132 161 5369
69 143 5370
125 164 5371
53 104 5372
3 27 5373
91 43 5374
190 185 5375
103 57 5376
197 182 5377
67 29 5378
189 158 5379
187 92 5380
196 28 5381
60 171 5382
54 31 5383
77 40 5384
186 146 5385
121 65 5386
185 44 5387
80 109 5388
199 61 5389
60 110 5390
46 73 5391
126 46 5392
31 52 5393
124 137 5394
120 1 5395
87 159 5396
109 46 5397
175 165 5398
32 140 5399
167 68 5400
139 181 5401
12 66 5402
21 66 5403
180 186 5404
20 25 5405
131 87 5406
181 137 5407
84 94 5408
147 118 5409
122 110 5410
17 24 5411
117 169 5412
48 177 5413
125 92 5414
110 70 5415
196 142 5416
81 91 5417
9 123 5418
154 31 5419
44 127 5420
69 104 5421
45 113 5422
74 106 5423
145 126 5424
126 22 5425
192 122 5426
34 92 5427
130 104 5428
15 188 5429
102 165 5430
35 128 5431
25 19 5432
39 69 5433
92 181 5434
181 42 5435
27 187 5436
155 136 5437
149 96 5438
23 100 5439
109 37 5440
118 31 5441
6 135 5442
44 187 5443
150 191 5444
5 52 5445
52 1 5446
53 157 5447
170 10 5448
6 190 5449
147 140 5450
71 129 5451
113 87 5452
19 39 5453
63 69 5454
125 83 5455
101 136 5456
10 188 5457
47 67 5458
33 41 5459
6 62 5460
13 180 5461
70 8 5462
85 12 5463
19 22 5464
94 103 5465
7 63 5466
115 164 5467
33 153 5468
79 7 5469
140 73 5470
74 102 5471
54 35 5472
193 97 5473
176 70 5474
160 118 5475
50 59 5476
100 4 5477
158 130 5478
86 99 5479
119 124 5480
8 155 5481
185 97 5482
120 62 5483
195 100 5484
133 169 5485
121 98 5486
114 1 5487
55 123 5488
155 92 5489
156 185 5490
98 134 5491
165 44 5492
96 134 5493
180 193 5494
198 90 5495
74 50 5496
85 45 5497
76 86 5498
114 119 5499
61 150 5500
195 25 5501
143 31 5502
164 159 5503
30 81 5504
15 78 5505
198 89 5506
81 76 5507
171 19 5508
16 72 5509
31 137 5510
140 3 5511
177 37 5512
196 34 5513
197 181 5514
32 71 5515
7 195 5516
165 29 5517
28 141 5518
110 130 5519
192 189 5520
111 129 5521
36 152 5522
166 68 5523
116 121 5524
123 149 5525
54 180 5526
192 176 5527
194 137 5528
145 107 5529
64 182 5530
126 156 5531
79 60 5532
17 126 5533
124 131 5534
112 34 5535
24 172 5536
175 117 5537
108 75 5538
136 138 5539
59 89 5540
54 41 5541
47 14 5542
157 12 5543
123 150 5544
27 160 5545
16 101 5546
65 174 5547
172 65 5548
95 28 5549
73 129 5550
87 95 5551
155 200 5552
60 145 5553
75 178 5554
180 7 5555
139 179 5556
126 52 5557
126 43 5558
60 123 5559
13 51 5560
108 184 5561
153 22 5562
67 59 5563
38 28 5564
126 65 5565
76 30 5566
173 60 5567
52 177 5568
21 88 5569
10 174 5570
147 171 5571
53 176 5572
180 83 5573
185 8 5574
122 21 5575
124 187 5576
99 57 5577
108 136 5578
199 128 5579
36 194 5580
94 38 5581
97 103 5582
24 13 5583
105 14 5584
50 10 5585
6 2 5586
141 52 5587
52 76 5588
57 139 5589
108 148 5590
178 86 5591
22 179 5592
3 47 5593
131 23 5594
1 180 5595
192 130 5596
190 138 5597
132 3 5598
91 168 5599
41 138 5600
124 91 5601
1 121 5602
98 166 5603
83 171 5604
5 175 5605
165 139 5606
133 67 5607
194 35 5608
164 160 5609
193 124 5610
111 156 5611
99 187 5612
42 67 5613
61 47 5614
32 68 5615
152 38 5616
151 132 5617
147 191 5618
3 29 5619
51 160 5620
79 66 5621
57 111 5622
68 78 5623
123 142 5624
88 57 5625
15 196 5626
39 7 5627
133 1 5628
3 178 5629
104 88 5630
71 100 5631
40 90 5632
26 140 5633
109 41 5634
13 1 5635
91 57 5636
114 41 5637
127 79 5638
98 142 5639
19 46 5640
19 186 5641
191 106 5642
116 100 5643
92 93 5644
157 77 5645
161 192 5646
44 56 5647
27 64 5648
24 91 5649
95 60 5650
39 1 5651
191 86 5652
141 27 5653
9 142 5654
94 183 5655
139 135 5656
154 72 5657
88 144 5658
3 105 5659
163 21 5660
98 33 5661
136 3 5662
58 138 5663
133 123 5664
79 109 5665
133 186 5666
65 56 5667
62 125 5668
165 67 5669
163 91 5670
155 39 5671
162 129 5672
109 194 5673
53 183 5674
59 100 5675
24 19 5676
156 52 5677
10 92 5678
112 150 5679
52 10 5680
24 139 5681
78 141 5682
150 109 5683
80 35 5684
66 51 5685
42 4 5686
19 118 5687
164 34 5688
186 94 5689
128 141 5690
71 120 5691
142 71 5692
84 163 5693
96 22 5694
53 181 5695
113 177 5696
89 11 5697
164 67 5698
193 131 5699
104 38 5700
56 92 5701
6 82 5702
176 51 5703
72 155 5704
59 64 5705
137 169 5706
124 24 5707
178 176 5708
162 191 5709
66 28 5710
102 38 5711
8 19 5712
119 162 5713
161 84 5714
79 56 5715
109 169 5716
56 62 5717
152 84 5718
52 56 5719
26 43 5720
198 55 5721
21 124 5722
166 186 5723
85 154 5724
129 177 5725
61 112 5726
83 66 5727
172 185 5728
142 168 5729
197 18 5730
79 92 5731
33 132 5732
131 150 5733
17 95 5734
64 99 5735
46 17 5736
48 101 5737
97 21 5738
105 180 5739
184 153 5740
45 44 5741
4 63 5742
152 184 5743
109 17 5744
86 130 5745
17 173 5746
85 17 5747
113 6 5748
119 57 5749
100 76 5750
85 160 5751
114 63 5752
173 181 5753
159 1 5754
123 126 5755
58 28 5756
54 24 5757
141 42 5758
23 72 5759
47 10 5760
190 53 5761
157 16 5762
26 181 5763
192 190 5764
74 88 5765
116 190 5766
45 182 5767
109 57 5768
143 182 5769
149 27 5770
199 172 5771
158 30 5772
40 37 5773
101 76 5774
108 87 5775
114 88 5776
185 183 5777
110 96 5778
112 16 5779
194 26 5780
175 46 5781
5 198 5782
92 168 5783
189 197 5784
58 136 5785
184 187 5786
166 2 5787
41 185 5788
82 34 5789
70 67 5790
125 33 5791
196 171 5792
176 16 5793
24 167 5794
165 80 5795
49 146 5796
25 181 5797
11 140 5798
171 15 5799
34 14 5800
53 22 5801
63 90 5802
161 23 5803
170 128 5804
10 112 5805
23 78 5806
112 67 5807
122 99 5808
22 15 5809
23 73 5810
158 146 5811
67 181 5812
132 10 5813
109 111 5814
16 22 5815
30 20 5816
91 80 5817
178 189 5818
141 125 5819
143 174 5820
190 77 5821
31 29 5822
54 127 5823
179 122 5824
34 194 5825
49 98 5826
147 132 5827
63 25 5828
94 193 5829
149 43 5830
94 190 5831
133 173 5832
169 142 5833
121 126 5834
40 153 5835
30 38 5836
157 9 5837
73 55 5838
39 54 5839
181 132 5840
87 148 5841
83 12 5842
167 196 5843
81 87 5844
19 167 5845
36 41 5846
29 177 5847
104 23 5848
70 183 5849
175 10 5850
16 116 5851
134 146 5852
146 173 5853
112 29 5854
116 137 5855
27 94 5856
177 70 5857
45 20 5858
173 52 5859
37 80 5860
72 169 5861
145 51 5862
40 64 5863
78 151 5864
188 183 5865
143 99 5866
164 78 5867
181 182 5868
168 113 5869
117 146 5870
197 161 5871
146 12 5872
194 64 5873
185 121 5874
5 16 5875
3 35 5876
43 159 5877
97 119 5878
127 190 5879
120 21 5880
90 17 5881
29 124 5882
22 83 5883
7 58 5884
109 30 5885
1 79 5886
126 95 5887
114 69 5888
75 34 5889
10 173 5890
52 55 5891
150 155 5892
183 40 5893
29 91 5894
70 164 5895
101 63 5896
196 111 5897
170 111 5898
163 116 5899
80 169 5900
116 173 5901
33 97 5902
73 77 5903
97 129 5904
57 29 5905
67 38 5906
30 98 5907
163 13 5908
72 168 5909
36 159 5910
146 127 5911
186 68 5912
54 108 5913
129 28 5914
179 103 5915
1 143 5916
166 41 5917
15 141 5918
15 156 5919
165 197 5920
29 25 5921
34 57 5922
69 50 5923
7 168 5924
182 178 5925
146 35 5926
113 92 5927
198 17 5928
181 164 5929
8 23 5930
44 91 5931
141 137 5932
156 147 5933
83 59 5934
86 168 5935
72 167 5936
180 128 5937
46 189 5938
46 157 5939
188 34 5940
2 36 5941
163 145 5942
186 193 5943
196 125 5944
157 40 5945
89 135 5946
195 167 5947
7 190 5948
87 59 5949
83 69 5950
195 101 5951
106 185 5952
155 114 5953
107 13 5954
7 87 5955
196 177 5956
165 14 5957
141 40 5958
28 12 5959
13 193 5960
120 35 5961
111 190 5962
152 71 5963
87 116 5964
119 101 5965
132 59 5966
124 117 5967
177 178 5968
86 26 5969
143 184 5970
140 100 5971
190 29 5972
168 173 5973
18 119 5974
48 193 5975
168 111 5976
37 180 5977
35 133 5978
149 106 5979
139 72 5980
124 188 5981
42 135 5982
17 38 5983
23 29 5984
126 31 5985
178 37 5986
150 125 5987
59 1 5988
88 29 5989
124 125 5990
186 36 5991
126 189 5992
178 76 5993
182 127 5994
122 143 5995
70 83 5996
57 16 5997
195 66 5998
4 112 5999
134 122 6000
