200 5500 5500
72 77 1
134 188 2
179 187 3
192 122 4
133 64 5
127 168 6
178 61 7
11 118 8
189 8 9
167 87 10
137 1 11
111 115 12
147 132 13
56 134 14
132 165 15
35 13 16
153 132 17
54 93 18
186 177 19
98 178 20
97 11 21
175 168 22
125 44 23
122 101 24
144 173 25
46 169 26
59 15 27
186 147 28
173 168 29
45 182 30
122 128 31
168 37 32
82 148 33
18 106 34
50 132 35
17 121 36
57 111 37
70 19 38
14 157 39
8 160 40
72 10 41
129 135 42
1 102 43
200 48 44
17 7 45
138 92 46
181 98 47
97 191 48
160 120 49
21 138 50
162 130 51
36 33 52
114 36 53
127 194 54
26 143 55
137 179 56
14 139 57
98 187 58
64 171 59
184 32 60
26 16 61
185 87 62
15 156 63
187 87 64
70 8 65
29 192 66
24 102 67
107 130 68
171 157 69
83 37 70
118 9 71
34 141 72
170 98 73
177 200 74
116 88 75
124 9 76
139 72 77
152 13 78
115 122 79
127 124 80
129 161 81
96 2 82
72 16 83
116 94 84
153 77 85
33 17 86
128 11 87
51 154 88
35 41 89
46 81 90
159 108 91
102 100 92
93 192 93
181 57 94
24 188 95
31 168 96
111 188 97
115 187 98
79 97 99
40 29 100
50 108 101
81 87 102
160 185 103
170 136 104
96 158 105
101 76 106
78 167 107
139 110 108
12 35 109
174 49 110
172 159 111
125 12 112
73 164 113
56 10 114
81 174 115
42 106 116
190 37 117
40 162 118
58 136 119
25 166 120
29 177 121
10 85 122
100 182 123
175 50 124
168 53 125
128 51 126
125 183 127
104 155 128
180 61 129
5 175 130
114 58 131
15 26 132
109 37 133
22 104 134
25 94 135
149 23 136
163 91 137
92 181 138
12 43 139
87 67 140
85 156 141
114 72 142
135 30 143
193 155 144
200 41 145
8 17 146
140 58 147
60 128 148
197 58 149
29 158 150
124 102 151
92 24 152
142 197 153
175 165 154
22 31 155
183 86 156
152 16 157
102 199 158
91 59 159
13 197 160
4 17 161
114 29 162
29 74 163
152 142 164
135 34 165
188 155 166
161 102 167
86 159 168
61 9 169
82 21 170
86 7 171
35 100 172
38 72 173
66 52 174
15 132 175
66 120 176
191 175 177
58 145 178
172 162 179
72 7 180
16 159 181
50 75 182
188 98 183
175 117 184
20 183 185
19 113 186
140 77 187
139 130 188
30 174 189
188 57 190
192 177 191
83 133 192
185 183 193
135 147 194
108 183 195
132 30 196
172 139 197
172 195 198
57 9 199
117 80 200
175 100 201
105 158 202
187 159 203
183 149 204
168 189 205
21 2 206
155 200 207
157 1 208
48 7 209
85 45 210
58 73 211
45 57 212
83 12 213
126 92 214
26 107 215
73 192 216
100 105 217
49 87 218
200 185 219
159 54 220
11 170 221
8 86 222
71 98 223
46 144 224
137 125 225
126 193 226
95 44 227
122 99 228
73 24 229
186 181 230
192 150 231
150 76 232
19 29 233
58 167 234
3 42 235
142 91 236
194 130 237
52 32 238
14 49 239
40 3 240
15 94 241
158 64 242
27 42 243
171 129 244
4 159 245
43 198 246
190 55 247
168 51 248
130 147 249
99 48 250
49 98 251
67 82 252
70 75 253
193 103 254
5 142 255
49 45 256
24 146 257
58 79 258
122 17 259
106 6 260
172 99 261
47 13 262
123 139 263
110 96 264
63 14 265
108 144 266
114 173 267
163 104 268
81 158 269
148 128 270
121 41 271
195 19 272
34 100 273
127 121 274
15 146 275
192 145 276
116 18 277
8 33 278
17 37 279
142 149 280
126 64 281
94 159 282
188 105 283
120 62 284
57 127 285
166 151 286
134 109 287
9 142 288
147 131 289
120 104 290
4 166 291
78 157 292
19 194 293
9 23 294
52 8 295
36 84 296
95 83 297
161 61 298
35 70 299
27 105 300
85 109 301
79 106 302
189 194 303
178 26 304
32 63 305
133 169 306
80 169 307
192 28 308
5 123 309
34 194 310
21 148 311
65 174 312
150 22 313
9 83 314
31 64 315
70 31 316
49 57 317
154 135 318
186 23 319
124 111 320
100 76 321
3 27 322
95 103 323
60 29 324
87 14 325
104 183 326
37 194 327
170 117 328
135 198 329
80 183 330
146 11 331
78 141 332
135 110 333
26 55 334
104 88 335
94 162 336
52 89 337
11 122 338
105 190 339
145 51 340
195 136 341
42 4 342
150 191 343
112 103 344
159 154 345
190 158 346
137 108 347
108 52 348
44 154 349
32 198 350
32 31 351
118 87 352
159 18 353
167 16 354
142 168 355
8 19 356
69 143 357
34 181 358
105 180 359
108 196 360
147 153 361
147 128 362
196 175 363
191 141 364
75 63 365
88 57 366
54 76 367
180 162 368
141 86 369
88 67 370
171 119 371
161 89 372
5 188 373
167 3 374
41 38 375
130 3 376
175 38 377
35 171 378
121 93 379
33 91 380
4 99 381
94 132 382
23 86 383
181 182 384
68 83 385
46 64 386
32 81 387
194 120 388
84 146 389
162 116 390
123 38 391
84 11 392
188 60 393
12 51 394
188 145 395
157 47 396
24 181 397
197 56 398
131 162 399
150 121 400
70 139 401
200 70 402
24 183 403
60 120 404
37 123 405
98 136 406
7 28 407
64 182 408
130 52 409
124 70 410
171 91 411
198 17 412
190 12 413
173 180 414
37 5 415
79 160 416
86 149 417
158 89 418
17 192 419
108 166 420
117 70 421
116 15 422
95 88 423
100 101 424
161 51 425
166 22 426
8 154 427
134 118 428
173 126 429
40 20 430
17 144 431
156 62 432
189 24 433
106 85 434
63 171 435
191 55 436
161 105 437
15 179 438
175 96 439
101 121 440
103 200 441
141 125 442
28 6 443
4 190 444
177 93 445
68 29 446
120 44 447
10 131 448
153 30 449
117 180 450
4 189 451
120 161 452
167 154 453
89 120 454
181 25 455
147 164 456
89 121 457
4 153 458
4 63 459
81 119 460
105 8 461
158 82 462
97 66 463
163 95 464
71 108 465
97 20 466
67 123 467
185 36 468
11 140 469
58 33 470
177 37 471
11 87 472
31 178 473
80 199 474
109 199 475
105 127 476
148 86 477
177 70 478
102 112 479
64 99 480
150 138 481
82 44 482
46 147 483
39 105 484
133 23 485
144 119 486
79 7 487
93 22 488
131 150 489
193 124 490
48 102 491
119 192 492
29 18 493
192 102 494
177 189 495
158 36 496
104 47 497
144 135 498
26 137 499
49 173 500
149 138 501
50 15 502
115 146 503
161 192 504
34 103 505
134 169 506
149 12 507
187 70 508
28 199 509
61 97 510
148 23 511
60 27 512
192 169 513
24 19 514
125 70 515
66 102 516
13 193 517
59 121 518
193 51 519
9 161 520
14 74 521
126 111 522
117 96 523
22 58 524
122 185 525
55 140 526
64 1 527
117 111 528
61 143 529
7 41 530
34 174 531
54 177 532
155 134 533
174 178 534
197 83 535
20 107 536
127 101 537
163 28 538
110 87 539
88 144 540
160 137 541
82 199 542
114 14 543
176 180 544
191 189 545
162 120 546
155 187 547
149 195 548
166 193 549
24 15 550
86 26 551
117 12 552
127 106 553
132 137 554
22 138 555
189 104 556
19 50 557
135 91 558
178 56 559
49 159 560
24 112 561
92 51 562
151 37 563
113 199 564
143 174 565
101 47 566
71 83 567
63 69 568
194 178 569
70 140 570
157 77 571
1 183 572
157 65 573
111 135 574
11 43 575
5 52 576
142 170 577
141 118 578
180 151 579
93 8 580
114 196 581
98 39 582
97 26 583
82 146 584
16 168 585
53 68 586
70 78 587
10 82 588
104 97 589
32 127 590
15 43 591
6 158 592
3 180 593
194 98 594
22 100 595
16 13 596
63 62 597
50 158 598
56 47 599
168 186 600
55 3 601
189 198 602
178 100 603
123 150 604
167 165 605
86 163 606
28 127 607
13 149 608
184 149 609
200 182 610
191 104 611
150 163 612
136 100 613
87 95 614
178 92 615
33 41 616
58 180 617
60 110 618
97 119 619
183 63 620
139 167 621
71 5 622
68 38 623
153 78 624
109 32 625
3 35 626
151 99 627
30 57 628
91 198 629
100 50 630
184 55 631
160 21 632
130 78 633
105 114 634
77 58 635
122 64 636
177 185 637
139 124 638
161 23 639
143 65 640
131 40 641
63 197 642
7 112 643
119 15 644
64 140 645
128 69 646
17 177 647
137 158 648
116 171 649
87 177 650
52 92 651
57 56 652
88 183 653
183 46 654
90 105 655
190 123 656
10 166 657
88 52 658
73 78 659
97 22 660
142 47 661
199 68 662
27 142 663
8 155 664
185 2 665
196 28 666
23 29 667
185 26 668
57 102 669
189 162 670
81 147 671
28 45 672
62 110 673
77 40 674
96 36 675
151 31 676
9 129 677
30 160 678
63 47 679
36 194 680
139 15 681
72 155 682
178 73 683
13 10 684
181 137 685
180 193 686
7 139 687
48 77 688
12 169 689
97 74 690
12 143 691
183 93 692
40 163 693
132 64 694
73 123 695
157 193 696
78 114 697
133 61 698
83 126 699
115 70 700
116 14 701
138 30 702
141 194 703
132 18 704
180 84 705
113 63 706
138 129 707
37 43 708
141 126 709
68 2 710
177 85 711
169 122 712
167 157 713
181 103 714
127 197 715
41 185 716
174 132 717
36 53 718
106 97 719
2 28 720
6 29 721
26 187 722
191 71 723
86 92 724
142 173 725
35 124 726
37 16 727
27 187 728
87 173 729
141 199 730
17 67 731
48 172 732
25 108 733
17 154 734
165 14 735
101 199 736
155 124 737
108 35 738
183 67 739
108 75 740
67 144 741
183 45 742
135 108 743
56 131 744
172 118 745
94 200 746
65 156 747
133 89 748
57 74 749
32 86 750
191 129 751
7 163 752
137 131 753
33 15 754
106 124 755
31 89 756
143 85 757
31 158 758
199 30 759
171 152 760
57 12 761
125 143 762
133 197 763
175 2 764
40 148 765
58 63 766
75 23 767
47 124 768
71 59 769
68 57 770
91 60 771
188 80 772
20 43 773
3 160 774
24 29 775
156 194 776
42 164 777
124 51 778
96 95 779
29 72 780
47 105 781
179 121 782
195 25 783
54 62 784
151 182 785
164 159 786
95 20 787
165 90 788
116 79 789
70 73 790
38 134 791
21 162 792
168 135 793
53 14 794
191 115 795
126 43 796
196 111 797
171 160 798
7 104 799
73 3 800
189 23 801
85 73 802
122 108 803
181 171 804
45 113 805
72 130 806
89 26 807
105 118 808
88 184 809
70 38 810
147 177 811
85 191 812
10 148 813
19 67 814
166 159 815
105 80 816
16 6 817
187 110 818
65 191 819
97 156 820
165 54 821
22 2 822
86 120 823
113 156 824
121 137 825
143 21 826
151 188 827
40 90 828
166 41 829
86 174 830
159 39 831
79 92 832
113 1 833
134 66 834
97 129 835
139 23 836
166 169 837
70 90 838
150 155 839
59 125 840
169 113 841
187 102 842
93 126 843
3 86 844
145 43 845
119 163 846
194 137 847
37 188 848
99 57 849
108 93 850
69 160 851
36 28 852
172 176 853
55 156 854
31 73 855
167 173 856
147 144 857
47 102 858
132 161 859
71 79 860
194 123 861
34 159 862
25 118 863
3 100 864
50 59 865
135 160 866
37 161 867
124 14 868
16 120 869
189 87 870
182 88 871
112 175 872
189 159 873
112 110 874
162 48 875
73 167 876
15 153 877
108 136 878
121 175 879
162 160 880
54 127 881
35 128 882
197 53 883
5 162 884
16 97 885
71 133 886
150 38 887
113 139 888
166 36 889
94 60 890
108 173 891
95 146 892
78 35 893
110 155 894
130 73 895
172 96 896
125 191 897
122 105 898
42 200 899
92 127 900
17 115 901
114 145 902
138 111 903
53 120 904
85 87 905
102 198 906
6 89 907
172 80 908
117 47 909
55 127 910
158 88 911
65 98 912
121 34 913
129 190 914
199 103 915
65 48 916
5 73 917
12 72 918
154 31 919
51 165 920
52 173 921
79 13 922
184 161 923
157 56 924
174 120 925
190 75 926
16 76 927
110 117 928
156 93 929
115 167 930
195 155 931
79 154 932
92 90 933
92 48 934
58 116 935
181 148 936
15 174 937
145 174 938
199 125 939
195 89 940
186 182 941
124 190 942
13 166 943
184 40 944
187 83 945
5 21 946
72 47 947
67 195 948
181 42 949
68 67 950
96 22 951
5 127 952
166 95 953
133 16 954
81 57 955
147 171 956
74 177 957
94 193 958
185 35 959
129 67 960
163 129 961
75 136 962
63 126 963
133 107 964
179 180 965
76 56 966
57 80 967
67 29 968
97 19 969
158 4 970
37 95 971
54 120 972
25 165 973
130 151 974
145 57 975
18 7 976
118 139 977
15 69 978
62 87 979
127 9 980
22 186 981
164 149 982
22 64 983
83 28 984
110 188 985
61 150 986
121 126 987
189 158 988
145 141 989
174 158 990
40 175 991
27 17 992
29 107 993
33 14 994
32 47 995
167 70 996
90 39 997
29 4 998
52 86 999
24 137 1000
112 147 1001
83 139 1002
115 172 1003
108 87 1004
46 124 1005
163 145 1006
142 113 1007
103 1 1008
168 93 1009
178 147 1010
73 134 1011
85 141 1012
99 156 1013
37 107 1014
186 82 1015
39 139 1016
82 115 1017
33 100 1018
141 23 1019
136 39 1020
30 8 1021
25 155 1022
22 56 1023
73 50 1024
192 74 1025
62 105 1026
56 92 1027
104 100 1028
94 149 1029
140 75 1030
181 164 1031
155 142 1032
43 25 1033
87 59 1034
36 85 1035
163 72 1036
1 94 1037
187 186 1038
77 176 1039
91 17 1040
90 192 1041
105 34 1042
85 164 1043
52 151 1044
113 87 1045
147 111 1046
122 170 1047
169 153 1048
97 10 1049
58 46 1050
33 103 1051
117 77 1052
34 68 1053
14 60 1054
42 49 1055
129 182 1056
43 157 1057
104 103 1058
22 120 1059
140 3 1060
39 75 1061
136 105 1062
87 100 1063
46 112 1064
147 50 1065
116 65 1066
158 22 1067
144 77 1068
61 105 1069
188 40 1070
24 60 1071
171 39 1072
59 171 1073
69 72 1074
137 11 1075
12 97 1076
132 107 1077
98 107 1078
44 56 1079
132 88 1080
19 58 1081
187 171 1082
177 178 1083
119 166 1084
51 160 1085
54 31 1086
147 62 1087
144 21 1088
148 194 1089
71 100 1090
35 92 1091
11 64 1092
58 98 1093
155 174 1094
9 130 1095
107 116 1096
140 34 1097
198 127 1098
155 107 1099
4 146 1100
154 164 1101
54 200 1102
46 37 1103
152 184 1104
28 44 1105
76 30 1106
141 198 1107
124 130 1108
105 183 1109
104 34 1110
33 128 1111
47 197 1112
165 113 1113
15 186 1114
167 77 1115
134 36 1116
46 27 1117
83 141 1118
13 180 1119
83 191 1120
187 93 1121
188 142 1122
174 2 1123
32 100 1124
15 63 1125
162 52 1126
51 159 1127
23 35 1128
62 18 1129
57 138 1130
178 156 1131
60 134 1132
106 185 1133
126 182 1134
127 187 1135
115 46 1136
127 195 1137
165 12 1138
169 99 1139
13 145 1140
79 165 1141
66 49 1142
51 198 1143
117 128 1144
149 96 1145
133 10 1146
20 72 1147
49 55 1148
37 80 1149
173 137 1150
41 130 1151
127 102 1152
26 186 1153
145 55 1154
140 109 1155
147 191 1156
88 152 1157
156 25 1158
151 107 1159
14 69 1160
137 36 1161
24 132 1162
161 53 1163
53 165 1164
161 60 1165
18 1 1166
69 50 1167
78 148 1168
29 113 1169
38 28 1170
144 61 1171
183 146 1172
145 138 1173
83 184 1174
86 188 1175
197 124 1176
103 68 1177
5 132 1178
56 28 1179
135 63 1180
28 133 1181
89 32 1182
27 81 1183
67 12 1184
19 32 1185
157 96 1186
118 171 1187
126 98 1188
131 151 1189
146 111 1190
108 31 1191
16 98 1192
143 188 1193
90 187 1194
5 50 1195
125 110 1196
96 103 1197
151 195 1198
175 145 1199
200 106 1200
143 46 1201
142 186 1202
180 10 1203
134 127 1204
73 102 1205
89 135 1206
12 105 1207
94 145 1208
79 85 1209
183 166 1210
55 158 1211
42 1 1212
18 156 1213
70 72 1214
165 108 1215
39 18 1216
47 145 1217
32 171 1218
138 141 1219
62 21 1220
167 199 1221
32 17 1222
17 99 1223
29 170 1224
87 148 1225
19 11 1226
2 77 1227
117 53 1228
112 87 1229
193 130 1230
88 7 1231
173 1 1232
190 160 1233
142 54 1234
106 194 1235
89 81 1236
189 92 1237
137 30 1238
5 99 1239
3 178 1240
92 111 1241
29 198 1242
94 26 1243
156 147 1244
128 191 1245
143 110 1246
68 51 1247
54 166 1248
183 22 1249
88 46 1250
61 72 1251
80 192 1252
159 26 1253
190 77 1254
44 37 1255
73 166 1256
126 143 1257
70 11 1258
83 171 1259
50 194 1260
85 128 1261
196 9 1262
135 11 1263
116 36 1264
2 52 1265
195 169 1266
137 161 1267
39 101 1268
80 111 1269
164 72 1270
200 174 1271
178 8 1272
137 61 1273
80 174 1274
77 89 1275
34 51 1276
1 96 1277
59 61 1278
172 65 1279
14 173 1280
47 67 1281
165 44 1282
141 55 1283
187 75 1284
110 195 1285
15 52 1286
41 138 1287
34 148 1288
66 19 1289
136 104 1290
117 21 1291
178 176 1292
156 148 1293
139 29 1294
94 89 1295
139 32 1296
71 42 1297
170 191 1298
63 61 1299
44 195 1300
71 2 1301
61 90 1302
119 60 1303
42 186 1304
99 105 1305
151 122 1306
193 46 1307
96 143 1308
195 188 1309
154 172 1310
129 198 1311
60 138 1312
32 83 1313
23 73 1314
134 27 1315
150 170 1316
33 152 1317
29 25 1318
185 43 1319
112 115 1320
197 52 1321
103 105 1322
168 78 1323
122 156 1324
199 191 1325
152 25 1326
52 150 1327
141 146 1328
192 13 1329
194 64 1330
96 134 1331
2 153 1332
126 194 1333
177 143 1334
10 140 1335
10 123 1336
133 127 1337
128 5 1338
110 146 1339
62 131 1340
143 17 1341
40 64 1342
83 169 1343
187 53 1344
198 101 1345
190 33 1346
119 143 1347
42 189 1348
130 97 1349
113 140 1350
76 9 1351
147 140 1352
22 168 1353
6 3 1354
174 129 1355
100 42 1356
48 110 1357
112 157 1358
95 66 1359
107 114 1360
179 174 1361
54 86 1362
26 9 1363
86 196 1364
20 137 1365
199 53 1366
17 173 1367
130 175 1368
74 88 1369
14 23 1370
52 19 1371
12 33 1372
36 125 1373
29 172 1374
26 66 1375
79 129 1376
126 31 1377
150 125 1378
54 15 1379
1 45 1380
83 51 1381
66 51 1382
140 33 1383
129 25 1384
23 100 1385
109 182 1386
86 37 1387
131 169 1388
56 148 1389
149 18 1390
100 28 1391
173 67 1392
35 140 1393
60 103 1394
132 150 1395
24 186 1396
33 129 1397
125 140 1398
152 89 1399
181 168 1400
170 139 1401
47 36 1402
18 56 1403
198 89 1404
63 65 1405
14 199 1406
187 71 1407
147 103 1408
165 187 1409
43 35 1410
164 142 1411
15 168 1412
189 184 1413
159 126 1414
100 44 1415
25 133 1416
109 46 1417
27 129 1418
128 8 1419
16 116 1420
15 114 1421
120 65 1422
142 117 1423
101 98 1424
149 15 1425
182 62 1426
63 167 1427
132 105 1428
22 160 1429
65 44 1430
81 128 1431
140 83 1432
3 112 1433
145 122 1434
165 16 1435
74 141 1436
178 79 1437
168 157 1438
85 130 1439
93 196 1440
61 74 1441
79 130 1442
106 180 1443
23 72 1444
114 155 1445
29 150 1446
107 84 1447
160 174 1448
48 44 1449
134 199 1450
58 55 1451
44 41 1452
72 192 1453
63 68 1454
74 62 1455
156 42 1456
57 16 1457
124 157 1458
184 124 1459
163 13 1460
86 25 1461
19 43 1462
2 116 1463
23 40 1464
120 1 1465
7 70 1466
151 71 1467
20 79 1468
66 85 1469
92 21 1470
124 117 1471
106 199 1472
119 156 1473
30 20 1474
42 11 1475
125 38 1476
98 95 1477
1 166 1478
163 70 1479
105 112 1480
65 111 1481
142 124 1482
17 47 1483
78 131 1484
186 200 1485
29 179 1486
189 36 1487
80 14 1488
136 82 1489
124 104 1490
54 41 1491
129 151 1492
95 121 1493
63 199 1494
11 165 1495
176 168 1496
112 11 1497
37 9 1498
10 112 1499
39 24 1500
163 63 1501
172 178 1502
189 197 1503
183 83 1504
22 68 1505
41 194 1506
146 125 1507
134 175 1508
182 35 1509
79 177 1510
80 19 1511
103 123 1512
84 94 1513
9 197 1514
96 91 1515
1 143 1516
124 169 1517
128 141 1518
40 170 1519
87 3 1520
32 24 1521
134 187 1522
145 54 1523
87 37 1524
110 55 1525
147 118 1526
9 24 1527
78 111 1528
42 67 1529
119 11 1530
163 120 1531
142 178 1532
137 107 1533
82 194 1534
3 38 1535
47 10 1536
155 52 1537
49 193 1538
19 5 1539
85 176 1540
143 35 1541
93 75 1542
181 140 1543
11 16 1544
77 93 1545
4 131 1546
194 136 1547
157 68 1548
87 157 1549
32 118 1550
73 173 1551
17 64 1552
180 164 1553
65 131 1554
22 173 1555
106 5 1556
107 113 1557
80 153 1558
112 198 1559
85 20 1560
106 33 1561
31 92 1562
156 142 1563
158 70 1564
199 31 1565
195 63 1566
107 200 1567
148 152 1568
123 53 1569
97 179 1570
171 153 1571
71 46 1572
168 113 1573
159 2 1574
110 54 1575
182 15 1576
99 191 1577
23 12 1578
181 18 1579
85 90 1580
52 58 1581
73 163 1582
119 59 1583
83 92 1584
32 71 1585
24 170 1586
185 8 1587
194 29 1588
39 43 1589
2 180 1590
9 126 1591
119 48 1592
48 175 1593
35 39 1594
175 10 1595
165 18 1596
25 88 1597
29 127 1598
5 12 1599
60 121 1600
114 92 1601
84 186 1602
136 47 1603
50 115 1604
77 177 1605
197 40 1606
25 7 1607
17 9 1608
77 67 1609
106 7 1610
81 76 1611
35 179 1612
104 200 1613
102 93 1614
62 123 1615
44 90 1616
32 125 1617
140 134 1618
188 56 1619
127 75 1620
80 24 1621
70 168 1622
39 128 1623
163 125 1624
131 21 1625
73 22 1626
167 150 1627
70 51 1628
25 54 1629
88 16 1630
118 116 1631
152 38 1632
41 16 1633
74 36 1634
194 85 1635
78 177 1636
158 18 1637
63 153 1638
11 95 1639
193 131 1640
79 193 1641
68 149 1642
16 31 1643
128 52 1644
192 46 1645
108 148 1646
75 179 1647
177 97 1648
41 52 1649
88 6 1650
191 148 1651
30 170 1652
17 24 1653
170 59 1654
18 97 1655
60 171 1656
66 81 1657
170 99 1658
192 130 1659
12 46 1660
151 145 1661
17 49 1662
27 68 1663
154 105 1664
2 76 1665
26 140 1666
96 75 1667
72 156 1668
50 38 1669
139 190 1670
166 114 1671
128 151 1672
114 175 1673
111 19 1674
147 120 1675
101 56 1676
117 3 1677
24 30 1678
42 185 1679
98 51 1680
16 92 1681
123 88 1682
75 143 1683
47 140 1684
38 29 1685
137 77 1686
82 43 1687
171 97 1688
70 107 1689
13 194 1690
51 149 1691
140 105 1692
19 198 1693
25 114 1694
50 66 1695
32 98 1696
142 165 1697
49 188 1698
199 142 1699
90 11 1700
133 32 1701
168 49 1702
26 34 1703
125 115 1704
9 143 1705
192 190 1706
144 43 1707
73 126 1708
156 123 1709
142 154 1710
90 140 1711
24 91 1712
84 51 1713
37 91 1714
129 50 1715
181 37 1716
52 102 1717
141 105 1718
60 137 1719
87 178 1720
28 159 1721
136 199 1722
127 1 1723
81 1 1724
1 68 1725
185 67 1726
91 128 1727
70 146 1728
18 113 1729
34 185 1730
97 4 1731
191 4 1732
23 156 1733
44 91 1734
56 111 1735
54 180 1736
182 157 1737
140 81 1738
20 200 1739
143 40 1740
165 78 1741
109 57 1742
72 168 1743
65 198 1744
190 138 1745
160 133 1746
125 10 1747
101 89 1748
59 172 1749
63 168 1750
41 87 1751
52 81 1752
66 99 1753
184 68 1754
22 94 1755
194 57 1756
31 147 1757
189 185 1758
32 154 1759
101 147 1760
69 157 1761
155 129 1762
15 100 1763
85 65 1764
139 21 1765
65 169 1766
174 12 1767
154 47 1768
61 132 1769
15 196 1770
112 26 1771
43 7 1772
44 135 1773
80 109 1774
106 197 1775
91 36 1776
140 166 1777
32 68 1778
59 184 1779
8 179 1780
77 119 1781
192 195 1782
117 169 1783
12 176 1784
83 128 1785
195 79 1786
174 102 1787
7 67 1788
163 142 1789
124 92 1790
175 59 1791
108 19 1792
196 88 1793
33 120 1794
23 157 1795
139 26 1796
137 101 1797
78 74 1798
125 96 1799
121 51 1800
153 64 1801
188 52 1802
100 106 1803
93 32 1804
27 158 1805
193 183 1806
162 155 1807
99 6 1808
131 41 1809
148 197 1810
124 129 1811
186 79 1812
200 129 1813
24 139 1814
6 139 1815
195 78 1816
36 123 1817
112 67 1818
148 154 1819
134 49 1820
28 174 1821
146 10 1822
74 151 1823
35 19 1824
120 81 1825
54 3 1826
153 113 1827
108 119 1828
35 86 1829
94 129 1830
53 57 1831
105 19 1832
109 194 1833
23 33 1834
44 116 1835
160 37 1836
138 35 1837
98 119 1838
99 113 1839
153 22 1840
191 181 1841
187 82 1842
1 10 1843
196 27 1844
145 150 1845
127 190 1846
118 159 1847
151 32 1848
51 58 1849
63 13 1850
145 3 1851
35 133 1852
56 158 1853
7 65 1854
187 173 1855
193 27 1856
6 65 1857
140 7 1858
65 53 1859
163 192 1860
70 162 1861
147 2 1862
191 142 1863
112 95 1864
13 80 1865
199 6 1866
99 106 1867
143 139 1868
111 197 1869
72 31 1870
135 137 1871
77 38 1872
101 123 1873
165 115 1874
190 189 1875
125 83 1876
162 37 1877
101 136 1878
119 101 1879
88 128 1880
6 128 1881
171 26 1882
162 93 1883
29 27 1884
109 161 1885
164 98 1886
179 82 1887
101 120 1888
71 90 1889
163 76 1890
178 27 1891
59 53 1892
170 18 1893
29 101 1894
149 84 1895
39 71 1896
71 84 1897
71 48 1898
47 144 1899
78 22 1900
101 63 1901
90 131 1902
80 75 1903
26 141 1904
181 105 1905
65 89 1906
119 86 1907
27 104 1908
87 195 1909
2 5 1910
56 62 1911
117 153 1912
46 137 1913
127 61 1914
152 105 1915
61 168 1916
78 62 1917
94 103 1918
104 138 1919
136 73 1920
186 176 1921
127 160 1922
87 165 1923
1 126 1924
66 28 1925
169 92 1926
160 48 1927
129 192 1928
175 200 1929
151 27 1930
82 48 1931
73 51 1932
153 173 1933
89 62 1934
148 32 1935
5 114 1936
103 47 1937
66 5 1938
110 12 1939
24 95 1940
166 76 1941
126 115 1942
51 74 1943
44 7 1944
152 49 1945
36 39 1946
85 57 1947
197 135 1948
132 45 1949
83 66 1950
162 96 1951
9 94 1952
59 89 1953
199 5 1954
140 73 1955
149 158 1956
18 48 1957
146 16 1958
164 160 1959
104 38 1960
68 151 1961
158 93 1962
26 25 1963
159 151 1964
134 39 1965
198 90 1966
186 134 1967
97 95 1968
1 73 1969
144 51 1970
91 100 1971
137 16 1972
61 45 1973
39 174 1974
18 117 1975
100 58 1976
168 151 1977
36 87 1978
22 87 1979
59 157 1980
168 45 1981
28 149 1982
17 140 1983
14 22 1984
28 141 1985
53 181 1986
144 38 1987
60 123 1988
99 52 1989
200 195 1990
180 7 1991
183 173 1992
110 31 1993
101 72 1994
169 145 1995
119 162 1996
155 139 1997
75 58 1998
178 196 1999
143 20 2000
151 121 2001
141 188 2002
156 163 2003
167 197 2004
9 159 2005
117 185 2006
34 48 2007
155 178 2008
120 167 2009
121 183 2010
189 33 2011
181 138 2012
142 11 2013
198 108 2014
124 91 2015
123 76 2016
50 57 2017
8 140 2018
164 127 2019
48 139 2020
153 182 2021
111 120 2022
126 22 2023
138 159 2024
180 19 2025
2 36 2026
182 150 2027
198 1 2028
26 90 2029
3 65 2030
23 144 2031
58 70 2032
141 169 2033
109 54 2034
61 109 2035
141 29 2036
119 16 2037
120 169 2038
166 68 2039
61 33 2040
119 10 2041
65 88 2042
121 52 2043
67 172 2044
41 181 2045
162 175 2046
115 13 2047
54 39 2048
183 182 2049
116 122 2050
184 151 2051
29 17 2052
134 71 2053
55 74 2054
62 53 2055
86 69 2056
67 142 2057
186 125 2058
44 127 2059
125 133 2060
103 110 2061
104 113 2062
47 31 2063
46 102 2064
127 67 2065
179 130 2066
59 1 2067
88 1 2068
100 4 2069
189 69 2070
40 99 2071
42 21 2072
80 181 2073
65 190 2074
197 131 2075
8 173 2076
53 10 2077
133 181 2078
33 45 2079
91 148 2080
20 161 2081
187 16 2082
95 31 2083
124 195 2084
17 135 2085
7 63 2086
105 14 2087
79 152 2088
148 104 2089
118 93 2090
159 69 2091
135 6 2092
68 146 2093
79 136 2094
153 118 2095
87 138 2096
106 126 2097
11 81 2098
166 105 2099
162 191 2100
48 17 2101
53 100 2102
71 25 2103
91 152 2104
180 83 2105
98 122 2106
109 95 2107
145 11 2108
70 53 2109
147 70 2110
7 13 2111
59 13 2112
84 104 2113
72 67 2114
6 79 2115
52 23 2116
50 27 2117
131 53 2118
176 129 2119
121 65 2120
37 85 2121
154 72 2122
33 183 2123
59 31 2124
171 37 2125
111 62 2126
88 32 2127
75 116 2128
73 54 2129
52 65 2130
71 131 2131
68 94 2132
117 162 2133
19 143 2134
36 169 2135
8 11 2136
3 199 2137
43 5 2138
182 47 2139
192 9 2140
85 154 2141
58 28 2142
166 132 2143
18 163 2144
7 185 2145
86 74 2146
175 197 2147
115 183 2148
121 91 2149
37 10 2150
114 1 2151
128 172 2152
18 24 2153
147 169 2154
39 132 2155
24 44 2156
172 150 2157
117 138 2158
9 188 2159
139 108 2160
86 109 2161
50 191 2162
64 61 2163
91 27 2164
70 82 2165
81 186 2166
59 68 2167
53 104 2168
176 189 2169
192 55 2170
148 62 2171
82 64 2172
33 135 2173
52 165 2174
100 121 2175
195 98 2176
5 171 2177
54 7 2178
95 79 2179
82 143 2180
149 173 2181
129 40 2182
14 152 2183
116 155 2184
19 27 2185
156 13 2186
130 170 2187
193 25 2188
161 81 2189
95 198 2190
56 200 2191
28 90 2192
23 106 2193
140 12 2194
119 56 2195
3 159 2196
139 102 2197
156 73 2198
179 48 2199
134 50 2200
93 173 2201
155 11 2202
173 90 2203
126 177 2204
83 34 2205
28 105 2206
125 26 2207
103 66 2208
64 21 2209
47 181 2210
66 147 2211
114 69 2212
171 110 2213
80 21 2214
8 79 2215
198 44 2216
74 163 2217
3 182 2218
98 105 2219
186 31 2220
88 73 2221
124 36 2222
157 18 2223
126 158 2224
113 93 2225
189 153 2226
158 146 2227
146 14 2228
83 117 2229
71 89 2230
48 54 2231
80 142 2232
74 115 2233
129 130 2234
194 144 2235
107 190 2236
151 140 2237
43 101 2238
41 72 2239
69 66 2240
193 159 2241
105 35 2242
99 7 2243
41 85 2244
128 178 2245
169 191 2246
55 69 2247
84 3 2248
148 137 2249
38 90 2250
135 156 2251
144 152 2252
75 34 2253
76 167 2254
127 108 2255
177 136 2256
18 8 2257
178 112 2258
78 84 2259
168 124 2260
170 175 2261
21 175 2262
156 155 2263
139 42 2264
30 13 2265
107 86 2266
5 34 2267
122 110 2268
6 15 2269
66 65 2270
159 129 2271
135 4 2272
139 4 2273
112 38 2274
126 86 2275
82 54 2276
93 88 2277
123 127 2278
114 200 2279
30 98 2280
187 139 2281
180 158 2282
98 68 2283
159 150 2284
168 13 2285
165 139 2286
43 31 2287
26 63 2288
80 191 2289
30 89 2290
1 46 2291
157 74 2292
153 158 2293
183 40 2294
56 9 2295
10 192 2296
63 84 2297
127 87 2298
80 68 2299
46 77 2300
112 169 2301
184 87 2302
14 127 2303
164 18 2304
141 168 2305
84 173 2306
146 175 2307
15 65 2308
160 148 2309
150 114 2310
6 118 2311
43 159 2312
40 198 2313
199 85 2314
15 117 2315
9 163 2316
108 142 2317
111 95 2318
23 199 2319
110 140 2320
178 144 2321
176 183 2322
150 74 2323
195 167 2324
17 116 2325
14 55 2326
79 86 2327
12 196 2328
32 181 2329
160 118 2330
15 158 2331
152 113 2332
26 114 2333
96 100 2334
157 184 2335
16 128 2336
3 185 2337
73 150 2338
9 168 2339
16 69 2340
137 10 2341
119 197 2342
58 6 2343
119 44 2344
48 105 2345
95 129 2346
1 56 2347
136 15 2348
45 161 2349
184 20 2350
130 58 2351
53 24 2352
88 54 2353
79 123 2354
174 169 2355
102 63 2356
112 150 2357
5 108 2358
119 139 2359
161 27 2360
18 40 2361
183 59 2362
103 57 2363
85 140 2364
161 193 2365
104 61 2366
12 135 2367
175 113 2368
131 22 2369
177 127 2370
84 142 2371
181 84 2372
129 70 2373
9 36 2374
116 126 2375
149 43 2376
72 55 2377
156 124 2378
11 48 2379
21 66 2380
126 142 2381
84 168 2382
22 17 2383
30 104 2384
13 77 2385
132 37 2386
160 66 2387
3 29 2388
167 26 2389
65 119 2390
31 198 2391
109 100 2392
85 160 2393
48 55 2394
110 59 2395
190 96 2396
178 135 2397
177 4 2398
74 7 2399
174 44 2400
163 173 2401
198 121 2402
147 198 2403
70 118 2404
176 15 2405
61 135 2406
95 23 2407
47 3 2408
109 66 2409
174 56 2410
113 187 2411
62 142 2412
53 162 2413
139 158 2414
172 50 2415
162 84 2416
77 80 2417
110 166 2418
128 194 2419
60 151 2420
91 187 2421
167 196 2422
99 160 2423
68 41 2424
3 56 2425
115 77 2426
159 5 2427
82 109 2428
6 11 2429
181 132 2430
5 182 2431
148 71 2432
55 144 2433
40 199 2434
159 183 2435
12 14 2436
117 133 2437
4 52 2438
10 144 2439
9 150 2440
156 195 2441
194 1 2442
13 84 2443
10 184 2444
21 102 2445
36 108 2446
170 137 2447
133 115 2448
150 13 2449
182 58 2450
5 15 2451
3 107 2452
68 177 2453
95 150 2454
56 12 2455
6 71 2456
57 114 2457
99 38 2458
66 161 2459
55 123 2460
150 156 2461
178 101 2462
8 170 2463
200 140 2464
128 3 2465
36 45 2466
132 10 2467
128 118 2468
176 70 2469
6 82 2470
97 152 2471
180 85 2472
47 173 2473
27 33 2474
41 10 2475
21 85 2476
52 134 2477
48 14 2478
136 197 2479
116 52 2480
129 140 2481
23 34 2482
73 98 2483
5 172 2484
62 43 2485
8 47 2486
151 84 2487
197 82 2488
35 26 2489
92 7 2490
134 62 2491
158 73 2492
188 183 2493
19 39 2494
195 101 2495
120 118 2496
32 164 2497
162 178 2498
107 88 2499
199 114 2500
46 153 2501
95 40 2502
59 30 2503
9 134 2504
36 59 2505
141 42 2506
71 130 2507
30 150 2508
173 129 2509
95 143 2510
15 74 2511
114 85 2512
197 196 2513
100 126 2514
157 138 2515
22 43 2516
91 84 2517
103 32 2518
64 15 2519
16 80 2520
122 71 2521
167 116 2522
200 90 2523
77 11 2524
190 141 2525
183 187 2526
89 82 2527
74 6 2528
63 43 2529
152 187 2530
21 124 2531
84 148 2532
37 7 2533
83 14 2534
45 142 2535
140 163 2536
6 124 2537
116 69 2538
145 176 2539
133 39 2540
21 16 2541
131 186 2542
97 162 2543
76 38 2544
134 146 2545
174 52 2546
29 124 2547
122 79 2548
91 127 2549
130 18 2550
101 28 2551
93 101 2552
133 136 2553
136 29 2554
70 41 2555
139 194 2556
28 37 2557
198 21 2558
154 151 2559
38 54 2560
196 23 2561
9 63 2562
42 103 2563
95 162 2564
101 169 2565
50 10 2566
71 81 2567
44 187 2568
85 76 2569
79 56 2570
13 123 2571
129 188 2572
136 185 2573
73 55 2574
171 168 2575
5 86 2576
19 46 2577
180 157 2578
109 115 2579
23 70 2580
122 21 2581
78 180 2582
106 8 2583
169 173 2584
19 106 2585
121 108 2586
2 144 2587
163 8 2588
80 164 2589
52 55 2590
13 43 2591
8 38 2592
87 42 2593
19 44 2594
107 147 2595
123 66 2596
86 151 2597
13 91 2598
24 160 2599
144 12 2600
184 22 2601
74 18 2602
95 85 2603
60 64 2604
66 143 2605
188 34 2606
158 41 2607
160 20 2608
115 196 2609
191 184 2610
167 191 2611
153 10 2612
141 166 2613
118 121 2614
60 189 2615
50 64 2616
162 129 2617
39 68 2618
21 190 2619
176 65 2620
32 65 2621
23 5 2622
55 172 2623
38 31 2624
114 33 2625
182 54 2626
197 10 2627
161 134 2628
53 159 2629
110 109 2630
37 51 2631
114 117 2632
45 191 2633
187 50 2634
24 143 2635
143 39 2636
39 1 2637
170 178 2638
42 136 2639
184 51 2640
65 11 2641
174 146 2642
25 115 2643
153 187 2644
190 175 2645
85 12 2646
155 45 2647
150 109 2648
92 55 2649
124 54 2650
154 198 2651
144 182 2652
153 103 2653
108 97 2654
199 124 2655
147 108 2656
5 179 2657
42 173 2658
146 21 2659
36 159 2660
127 79 2661
76 86 2662
46 184 2663
150 103 2664
123 152 2665
173 156 2666
147 51 2667
13 151 2668
32 195 2669
168 46 2670
180 128 2671
175 46 2672
20 25 2673
135 195 2674
24 121 2675
4 104 2676
18 55 2677
136 31 2678
157 51 2679
74 75 2680
6 62 2681
40 154 2682
9 48 2683
106 31 2684
93 99 2685
177 161 2686
170 160 2687
153 198 2688
32 74 2689
107 99 2690
30 9 2691
188 109 2692
15 188 2693
40 88 2694
160 63 2695
164 157 2696
155 196 2697
163 27 2698
62 72 2699
96 31 2700
4 143 2701
67 137 2702
109 198 2703
183 154 2704
44 84 2705
61 157 2706
88 66 2707
178 111 2708
155 28 2709
88 189 2710
13 109 2711
110 17 2712
90 110 2713
197 45 2714
55 122 2715
52 125 2716
155 100 2717
24 159 2718
21 34 2719
105 36 2720
33 187 2721
162 60 2722
94 143 2723
44 181 2724
183 96 2725
155 23 2726
55 178 2727
133 185 2728
51 163 2729
180 77 2730
177 138 2731
69 18 2732
14 17 2733
136 99 2734
163 25 2735
91 71 2736
186 68 2737
184 142 2738
167 127 2739
106 147 2740
195 152 2741
54 108 2742
107 17 2743
112 170 2744
54 13 2745
69 48 2746
35 187 2747
96 141 2748
19 154 2749
88 101 2750
196 91 2751
97 187 2752
198 149 2753
86 190 2754
1 72 2755
120 21 2756
114 63 2757
181 22 2758
1 158 2759
193 163 2760
61 41 2761
43 147 2762
186 58 2763
85 96 2764
25 55 2765
198 23 2766
84 165 2767
178 29 2768
25 197 2769
30 6 2770
108 130 2771
145 195 2772
152 161 2773
138 197 2774
33 10 2775
160 159 2776
50 52 2777
53 8 2778
131 97 2779
44 179 2780
104 60 2781
3 110 2782
60 59 2783
142 79 2784
10 42 2785
31 132 2786
107 2 2787
113 160 2788
187 28 2789
123 25 2790
200 141 2791
119 136 2792
74 130 2793
147 158 2794
123 141 2795
27 118 2796
111 21 2797
150 90 2798
47 138 2799
61 47 2800
75 6 2801
75 51 2802
197 5 2803
200 95 2804
82 76 2805
95 149 2806
200 124 2807
170 124 2808
68 24 2809
196 187 2810
181 68 2811
120 193 2812
6 59 2813
196 102 2814
34 152 2815
53 142 2816
54 30 2817
91 3 2818
38 138 2819
108 99 2820
121 81 2821
172 57 2822
18 115 2823
72 81 2824
43 97 2825
64 16 2826
161 118 2827
168 111 2828
188 139 2829
48 108 2830
25 93 2831
30 28 2832
170 111 2833
141 137 2834
133 67 2835
40 135 2836
132 54 2837
155 192 2838
169 32 2839
48 51 2840
107 61 2841
193 142 2842
180 103 2843
21 27 2844
37 6 2845
79 111 2846
57 18 2847
43 69 2848
144 83 2849
129 123 2850
145 104 2851
33 156 2852
133 182 2853
191 152 2854
51 143 2855
155 120 2856
129 199 2857
194 110 2858
190 109 2859
47 12 2860
28 121 2861
140 65 2862
71 117 2863
83 112 2864
35 99 2865
35 30 2866
35 142 2867
192 21 2868
122 172 2869
61 195 2870
75 15 2871
81 23 2872
70 150 2873
191 64 2874
53 52 2875
165 6 2876
194 40 2877
196 77 2878
104 188 2879
170 37 2880
128 130 2881
23 183 2882
109 124 2883
60 55 2884
199 24 2885
154 181 2886
176 40 2887
127 120 2888
170 105 2889
125 142 2890
110 5 2891
120 34 2892
144 136 2893
187 73 2894
195 18 2895
32 113 2896
87 54 2897
86 30 2898
184 187 2899
100 43 2900
11 99 2901
186 158 2902
12 160 2903
150 130 2904
50 25 2905
83 60 2906
120 107 2907
65 87 2908
122 56 2909
14 147 2910
92 176 2911
193 181 2912
132 199 2913
149 61 2914
134 19 2915
147 165 2916
68 78 2917
150 6 2918
177 62 2919
41 190 2920
64 80 2921
172 19 2922
29 154 2923
189 118 2924
175 118 2925
13 31 2926
48 101 2927
119 12 2928
33 80 2929
187 199 2930
24 130 2931
80 102 2932
53 51 2933
50 119 2934
41 40 2935
51 93 2936
78 112 2937
35 4 2938
102 136 2939
177 128 2940
16 186 2941
88 44 2942
135 101 2943
36 41 2944
30 91 2945
193 19 2946
100 81 2947
72 40 2948
114 39 2949
8 64 2950
153 133 2951
110 130 2952
57 124 2953
167 18 2954
62 168 2955
131 87 2956
96 197 2957
120 142 2958
179 16 2959
199 2 2960
10 25 2961
139 96 2962
141 52 2963
158 160 2964
33 153 2965
193 6 2966
15 197 2967
180 170 2968
197 8 2969
97 153 2970
8 111 2971
102 157 2972
88 19 2973
147 52 2974
74 11 2975
74 155 2976
5 16 2977
114 32 2978
46 31 2979
30 129 2980
61 40 2981
164 75 2982
179 65 2983
67 38 2984
36 198 2985
120 158 2986
125 134 2987
7 193 2988
39 97 2989
135 20 2990
74 106 2991
171 85 2992
29 195 2993
116 142 2994
91 151 2995
197 16 2996
2 130 2997
28 169 2998
172 16 2999
169 130 3000
125 27 3001
173 5 3002
156 5 3003
34 60 3004
120 109 3005
151 198 3006
165 174 3007
55 2 3008
176 78 3009
6 159 3010
165 58 3011
105 193 3012
124 24 3013
144 164 3014
141 68 3015
78 151 3016
53 169 3017
4 132 3018
7 138 3019
188 62 3020
68 13 3021
93 103 3022
77 192 3023
50 26 3024
1 186 3025
16 74 3026
105 199 3027
50 165 3028
61 24 3029
166 32 3030
46 26 3031
81 156 3032
147 92 3033
188 32 3034
169 177 3035
52 159 3036
137 73 3037
79 163 3038
158 25 3039
137 147 3040
76 29 3041
27 147 3042
60 62 3043
34 91 3044
199 151 3045
29 46 3046
190 184 3047
122 2 3048
182 8 3049
73 16 3050
196 37 3051
129 20 3052
49 78 3053
190 149 3054
137 128 3055
139 12 3056
133 45 3057
196 143 3058
105 6 3059
187 138 3060
166 162 3061
119 107 3062
152 177 3063
48 154 3064
73 33 3065
8 152 3066
22 197 3067
116 121 3068
111 93 3069
147 6 3070
34 69 3071
199 84 3072
167 159 3073
48 24 3074
22 180 3075
90 119 3076
124 38 3077
20 181 3078
130 104 3079
162 17 3080
32 91 3081
165 183 3082
107 11 3083
106 125 3084
161 29 3085
195 37 3086
82 181 3087
96 199 3088
98 103 3089
109 200 3090
30 101 3091
14 21 3092
190 152 3093
152 131 3094
17 126 3095
100 89 3096
71 29 3097
136 23 3098
54 61 3099
182 178 3100
149 16 3101
54 100 3102
170 118 3103
47 97 3104
165 145 3105
148 8 3106
89 40 3107
117 145 3108
7 61 3109
154 18 3110
86 186 3111
81 107 3112
132 70 3113
37 61 3114
149 176 3115
183 89 3116
124 163 3117
171 175 3118
161 84 3119
90 185 3120
157 9 3121
143 31 3122
28 114 3123
184 178 3124
75 189 3125
117 90 3126
182 85 3127
66 29 3128
117 54 3129
94 105 3130
66 68 3131
32 37 3132
101 138 3133
84 140 3134
47 184 3135
152 127 3136
58 109 3137
96 196 3138
31 27 3139
128 75 3140
54 137 3141
138 144 3142
127 66 3143
185 21 3144
111 16 3145
15 78 3146
46 189 3147
188 190 3148
181 79 3149
116 137 3150
21 1 3151
197 161 3152
59 147 3153
139 152 3154
66 183 3155
138 131 3156
39 186 3157
172 129 3158
74 175 3159
160 87 3160
148 36 3161
114 88 3162
154 117 3163
49 133 3164
22 133 3165
177 141 3166
143 184 3167
161 148 3168
58 175 3169
160 103 3170
160 152 3171
32 18 3172
144 121 3173
147 149 3174
147 44 3175
133 183 3176
13 110 3177
48 130 3178
139 159 3179
106 107 3180
61 122 3181
114 119 3182
17 170 3183
90 45 3184
57 48 3185
177 139 3186
137 178 3187
88 117 3188
151 125 3189
32 140 3190
10 92 3191
51 49 3192
189 195 3193
182 40 3194
190 66 3195
157 60 3196
62 15 3197
148 24 3198
190 32 3199
52 76 3200
51 156 3201
124 101 3202
2 93 3203
39 49 3204
190 191 3205
22 75 3206
42 39 3207
42 72 3208
29 91 3209
146 184 3210
127 4 3211
26 33 3212
91 80 3213
178 150 3214
194 56 3215
28 52 3216
109 41 3217
32 119 3218
57 139 3219
180 49 3220
100 19 3221
149 178 3222
87 135 3223
14 192 3224
18 122 3225
21 47 3226
58 42 3227
40 102 3228
162 140 3229
64 89 3230
191 86 3231
181 109 3232
190 122 3233
164 35 3234
167 130 3235
190 88 3236
121 123 3237
175 181 3238
144 79 3239
90 127 3240
14 188 3241
117 155 3242
49 94 3243
58 24 3244
82 86 3245
188 182 3246
5 61 3247
103 139 3248
111 5 3249
11 50 3250
139 116 3251
113 174 3252
149 22 3253
24 161 3254
179 89 3255
127 47 3256
92 152 3257
28 22 3258
53 35 3259
117 87 3260
77 60 3261
127 46 3262
51 138 3263
55 157 3264
185 162 3265
82 121 3266
76 185 3267
63 70 3268
6 171 3269
62 129 3270
141 122 3271
190 29 3272
45 20 3273
106 105 3274
56 6 3275
16 48 3276
24 20 3277
144 69 3278
111 190 3279
58 39 3280
41 163 3281
153 16 3282
11 49 3283
105 15 3284
105 30 3285
29 35 3286
53 28 3287
183 47 3288
101 143 3289
144 92 3290
187 157 3291
28 84 3292
131 167 3293
131 154 3294
121 164 3295
26 189 3296
47 192 3297
4 21 3298
46 17 3299
116 135 3300
182 82 3301
33 132 3302
58 103 3303
26 181 3304
128 27 3305
50 152 3306
84 163 3307
125 155 3308
198 118 3309
34 86 3310
35 166 3311
129 89 3312
172 62 3313
37 29 3314
38 145 3315
39 45 3316
163 170 3317
191 68 3318
46 73 3319
29 77 3320
112 89 3321
87 75 3322
86 131 3323
172 100 3324
162 113 3325
165 114 3326
18 102 3327
44 180 3328
99 146 3329
191 13 3330
29 39 3331
45 25 3332
23 50 3333
194 33 3334
91 73 3335
35 165 3336
29 142 3337
135 37 3338
42 30 3339
146 162 3340
73 149 3341
99 185 3342
200 153 3343
140 21 3344
185 111 3345
104 149 3346
29 28 3347
116 101 3348
61 121 3349
103 131 3350
33 145 3351
1 109 3352
76 132 3353
59 38 3354
40 39 3355
80 103 3356
159 135 3357
180 89 3358
117 156 3359
164 83 3360
188 89 3361
174 115 3362
45 3 3363
105 156 3364
190 143 3365
95 159 3366
32 51 3367
105 157 3368
100 193 3369
25 14 3370
20 41 3371
3 193 3372
102 33 3373
86 87 3374
177 20 3375
40 189 3376
71 112 3377
62 175 3378
33 39 3379
3 71 3380
90 84 3381
28 108 3382
43 98 3383
70 77 3384
97 2 3385
18 14 3386
76 151 3387
74 17 3388
192 180 3389
128 43 3390
149 2 3391
47 113 3392
153 197 3393
175 78 3394
70 59 3395
24 13 3396
117 194 3397
4 122 3398
132 120 3399
129 63 3400
88 41 3401
42 76 3402
199 150 3403
39 145 3404
2 65 3405
178 37 3406
39 13 3407
80 32 3408
175 19 3409
121 104 3410
86 93 3411
80 135 3412
161 151 3413
175 93 3414
40 193 3415
195 43 3416
198 138 3417
135 47 3418
90 108 3419
81 123 3420
91 115 3421
163 139 3422
132 3 3423
82 178 3424
23 179 3425
159 60 3426
47 125 3427
41 183 3428
92 93 3429
106 181 3430
138 123 3431
157 16 3432
44 10 3433
16 171 3434
26 142 3435
98 134 3436
181 30 3437
184 109 3438
109 27 3439
34 32 3440
111 156 3441
137 166 3442
101 126 3443
134 75 3444
161 176 3445
120 99 3446
54 95 3447
106 140 3448
150 1 3449
19 101 3450
55 63 3451
198 131 3452
54 68 3453
45 112 3454
18 37 3455
104 62 3456
56 8 3457
142 176 3458
124 125 3459
102 176 3460
163 194 3461
148 141 3462
30 81 3463
48 193 3464
200 71 3465
155 109 3466
175 172 3467
168 57 3468
72 3 3469
140 115 3470
158 102 3471
30 72 3472
147 119 3473
37 8 3474
99 126 3475
76 124 3476
111 38 3477
31 33 3478
106 108 3479
184 92 3480
131 63 3481
28 166 3482
123 12 3483
183 112 3484
15 199 3485
58 137 3486
181 123 3487
153 13 3488
108 160 3489
184 179 3490
77 124 3491
190 169 3492
189 131 3493
158 5 3494
99 62 3495
144 160 3496
191 95 3497
146 131 3498
124 4 3499
83 188 3500
139 104 3501
128 107 3502
162 170 3503
21 11 3504
176 11 3505
177 96 3506
7 195 3507
119 57 3508
53 191 3509
114 75 3510
71 184 3511
42 142 3512
158 59 3513
135 13 3514
54 135 3515
151 5 3516
161 67 3517
42 18 3518
140 167 3519
87 172 3520
155 9 3521
35 149 3522
192 176 3523
37 134 3524
106 190 3525
1 129 3526
90 121 3527
54 106 3528
104 134 3529
122 1 3530
94 34 3531
56 162 3532
127 181 3533
34 52 3534
191 118 3535
135 142 3536
147 29 3537
121 27 3538
186 157 3539
176 147 3540
89 160 3541
182 76 3542
59 196 3543
64 92 3544
37 139 3545
61 164 3546
109 163 3547
159 40 3548
111 50 3549
179 113 3550
23 195 3551
123 125 3552
65 194 3553
81 44 3554
124 180 3555
199 104 3556
179 200 3557
14 58 3558
41 170 3559
96 167 3560
9 62 3561
37 125 3562
70 164 3563
163 116 3564
77 164 3565
94 156 3566
36 76 3567
167 175 3568
143 57 3569
193 30 3570
187 108 3571
73 82 3572
29 52 3573
176 4 3574
60 81 3575
121 25 3576
139 178 3577
174 157 3578
50 4 3579
134 198 3580
78 188 3581
138 66 3582
180 178 3583
164 62 3584
19 26 3585
27 156 3586
12 171 3587
114 43 3588
165 24 3589
102 165 3590
183 87 3591
16 155 3592
6 69 3593
44 151 3594
20 128 3595
88 13 3596
195 66 3597
49 73 3598
29 175 3599
91 48 3600
172 133 3601
16 101 3602
112 93 3603
120 116 3604
10 116 3605
99 69 3606
150 161 3607
92 75 3608
78 77 3609
110 168 3610
3 41 3611
151 150 3612
198 114 3613
22 101 3614
17 146 3615
95 131 3616
100 152 3617
14 84 3618
79 38 3619
1 16 3620
19 167 3621
24 171 3622
87 60 3623
126 52 3624
136 131 3625
10 182 3626
29 79 3627
176 100 3628
63 25 3629
14 193 3630
96 41 3631
134 164 3632
19 22 3633
140 152 3634
71 12 3635
30 68 3636
157 153 3637
51 54 3638
114 168 3639
86 194 3640
183 14 3641
124 188 3642
72 189 3643
104 179 3644
171 51 3645
59 18 3646
117 61 3647
91 183 3648
45 63 3649
124 107 3650
48 132 3651
125 58 3652
22 63 3653
1 79 3654
42 151 3655
52 177 3656
105 20 3657
38 86 3658
196 142 3659
155 39 3660
39 76 3661
193 70 3662
14 27 3663
78 162 3664
14 103 3665
14 159 3666
172 38 3667
169 96 3668
50 8 3669
169 154 3670
18 135 3671
174 31 3672
150 79 3673
190 38 3674
147 91 3675
157 12 3676
199 172 3677
114 90 3678
69 67 3679
191 54 3680
185 22 3681
61 166 3682
44 43 3683
136 132 3684
144 93 3685
34 176 3686
147 192 3687
186 36 3688
101 107 3689
133 88 3690
176 118 3691
76 14 3692
136 178 3693
193 116 3694
185 70 3695
57 158 3696
98 11 3697
69 104 3698
125 105 3699
164 50 3700
125 144 3701
178 191 3702
43 107 3703
104 20 3704
168 50 3705
45 107 3706
73 61 3707
95 174 3708
61 100 3709
15 169 3710
145 200 3711
173 77 3712
101 82 3713
175 8 3714
98 33 3715
42 183 3716
18 65 3717
88 185 3718
190 53 3719
67 59 3720
41 145 3721
146 35 3722
20 34 3723
6 27 3724
89 42 3725
47 193 3726
91 169 3727
131 89 3728
97 41 3729
22 55 3730
151 4 3731
55 21 3732
16 126 3733
13 1 3734
41 100 3735
33 77 3736
117 36 3737
190 74 3738
135 153 3739
21 69 3740
147 150 3741
58 15 3742
146 166 3743
133 30 3744
93 50 3745
38 157 3746
39 173 3747
30 103 3748
171 45 3749
184 84 3750
50 22 3751
112 36 3752
144 75 3753
19 71 3754
51 56 3755
22 61 3756
65 19 3757
69 155 3758
170 33 3759
26 5 3760
199 157 3761
111 74 3762
23 78 3763
82 131 3764
116 190 3765
124 185 3766
33 144 3767
109 87 3768
180 33 3769
6 161 3770
47 58 3771
143 131 3772
158 200 3773
66 22 3774
69 169 3775
180 93 3776
68 136 3777
101 60 3778
53 172 3779
133 41 3780
113 171 3781
198 152 3782
162 103 3783
125 87 3784
104 13 3785
40 110 3786
106 134 3787
51 27 3788
182 184 3789
167 72 3790
173 60 3791
196 34 3792
182 190 3793
79 125 3794
189 41 3795
68 164 3796
93 170 3797
175 147 3798
145 140 3799
102 175 3800
192 152 3801
97 136 3802
121 102 3803
197 182 3804
6 20 3805
149 54 3806
180 199 3807
65 155 3808
56 24 3809
79 153 3810
33 108 3811
91 77 3812
4 107 3813
135 35 3814
137 176 3815
99 87 3816
109 187 3817
21 9 3818
113 144 3819
195 198 3820
128 68 3821
146 143 3822
6 22 3823
20 121 3824
86 65 3825
87 126 3826
120 172 3827
135 99 3828
73 48 3829
123 47 3830
1 138 3831
120 35 3832
64 30 3833
3 4 3834
148 50 3835
141 27 3836
86 168 3837
105 16 3838
72 153 3839
136 74 3840
152 19 3841
183 172 3842
94 192 3843
49 192 3844
166 196 3845
118 81 3846
117 86 3847
186 119 3848
94 18 3849
39 83 3850
85 121 3851
45 123 3852
42 24 3853
34 173 3854
188 132 3855
154 136 3856
28 188 3857
26 193 3858
185 83 3859
65 14 3860
99 116 3861
181 194 3862
157 92 3863
91 170 3864
177 5 3865
92 12 3866
56 93 3867
98 190 3868
173 61 3869
77 6 3870
171 149 3871
85 82 3872
104 66 3873
129 58 3874
176 24 3875
88 181 3876
41 77 3877
31 52 3878
200 18 3879
8 92 3880
196 171 3881
152 193 3882
199 81 3883
133 69 3884
189 173 3885
93 10 3886
135 179 3887
1 151 3888
118 197 3889
190 19 3890
164 37 3891
113 92 3892
115 161 3893
112 34 3894
164 34 3895
22 30 3896
185 110 3897
4 26 3898
74 172 3899
173 44 3900
164 67 3901
68 35 3902
93 176 3903
196 125 3904
48 118 3905
197 99 3906
94 175 3907
77 31 3908
191 157 3909
59 64 3910
78 43 3911
198 76 3912
85 80 3913
146 182 3914
113 177 3915
9 46 3916
148 172 3917
7 165 3918
61 28 3919
47 52 3920
36 192 3921
54 163 3922
36 8 3923
59 8 3924
23 56 3925
120 97 3926
3 28 3927
40 34 3928
161 107 3929
94 71 3930
35 196 3931
100 171 3932
59 163 3933
120 129 3934
27 101 3935
129 28 3936
114 146 3937
190 150 3938
166 66 3939
78 101 3940
191 103 3941
196 103 3942
27 35 3943
53 1 3944
48 190 3945
119 177 3946
185 195 3947
172 79 3948
93 20 3949
126 95 3950
64 105 3951
48 125 3952
53 21 3953
119 149 3954
3 90 3955
156 159 3956
91 85 3957
56 7 3958
129 93 3959
134 85 3960
34 43 3961
190 185 3962
36 152 3963
83 10 3964
150 154 3965
28 12 3966
167 98 3967
130 62 3968
166 17 3969
135 155 3970
114 133 3971
185 49 3972
68 168 3973
93 114 3974
116 57 3975
148 58 3976
118 155 3977
82 114 3978
151 109 3979
182 125 3980
56 86 3981
66 10 3982
98 62 3983
5 28 3984
186 85 3985
113 77 3986
178 116 3987
50 133 3988
107 69 3989
122 167 3990
126 161 3991
191 26 3992
183 52 3993
101 32 3994
33 5 3995
76 12 3996
39 7 3997
141 12 3998
95 84 3999
83 63 4000
1 161 4001
135 141 4002
145 155 4003
17 111 4004
135 131 4005
162 10 4006
45 115 4007
181 129 4008
77 188 4009
96 147 4010
74 56 4011
123 64 4012
124 48 4013
40 93 4014
103 140 4015
7 47 4016
145 35 4017
55 76 4018
150 173 4019
157 195 4020
91 41 4021
192 189 4022
82 108 4023
103 26 4024
187 169 4025
171 99 4026
39 59 4027
193 97 4028
118 125 4029
2 152 4030
43 93 4031
99 73 4032
139 98 4033
142 189 4034
59 100 4035
101 87 4036
95 138 4037
54 14 4038
185 121 4039
89 105 4040
82 138 4041
102 34 4042
117 50 4043
45 31 4044
84 17 4045
75 79 4046
179 88 4047
146 152 4048
196 43 4049
45 125 4050
187 31 4051
86 99 4052
44 23 4053
77 169 4054
104 110 4055
87 116 4056
100 144 4057
72 54 4058
66 112 4059
127 100 4060
89 116 4061
101 183 4062
188 133 4063
70 141 4064
149 106 4065
4 60 4066
140 13 4067
30 136 4068
106 53 4069
81 2 4070
193 190 4071
128 167 4072
147 36 4073
45 27 4074
81 43 4075
191 24 4076
107 169 4077
19 153 4078
81 167 4079
117 127 4080
197 117 4081
136 126 4082
163 14 4083
150 37 4084
74 133 4085
196 81 4086
28 25 4087
189 79 4088
163 88 4089
188 38 4090
24 200 4091
109 111 4092
40 7 4093
87 144 4094
4 62 4095
59 42 4096
45 192 4097
70 190 4098
54 134 4099
64 161 4100
87 159 4101
169 142 4102
90 197 4103
96 80 4104
171 102 4105
74 82 4106
128 146 4107
29 83 4108
152 74 4109
68 95 4110
194 154 4111
57 29 4112
173 181 4113
9 171 4114
76 135 4115
65 170 4116
60 42 4117
29 31 4118
178 197 4119
180 190 4120
118 142 4121
5 126 4122
150 116 4123
184 118 4124
168 27 4125
68 107 4126
94 135 4127
143 123 4128
14 158 4129
183 132 4130
15 122 4131
88 80 4132
142 39 4133
129 177 4134
76 165 4135
44 92 4136
3 9 4137
154 49 4138
128 161 4139
25 57 4140
33 137 4141
183 60 4142
113 166 4143
133 123 4144
165 124 4145
165 166 4146
176 96 4147
97 31 4148
39 21 4149
171 78 4150
82 159 4151
189 178 4152
153 9 4153
169 95 4154
128 53 4155
125 7 4156
11 61 4157
124 118 4158
45 44 4159
121 66 4160
138 15 4161
85 159 4162
4 58 4163
87 77 4164
118 113 4165
124 5 4166
186 38 4167
171 139 4168
59 129 4169
39 85 4170
152 60 4171
109 17 4172
74 1 4173
44 137 4174
123 80 4175
117 140 4176
32 7 4177
53 119 4178
4 10 4179
199 61 4180
55 31 4181
185 86 4182
103 102 4183
73 143 4184
134 82 4185
190 67 4186
49 164 4187
196 40 4188
173 106 4189
56 105 4190
3 70 4191
158 108 4192
172 192 4193
15 143 4194
67 181 4195
148 46 4196
170 47 4197
102 38 4198
52 152 4199
194 119 4200
181 72 4201
164 141 4202
182 117 4203
50 154 4204
40 4 4205
95 125 4206
44 149 4207
34 57 4208
177 116 4209
178 57 4210
120 121 4211
109 116 4212
171 73 4213
70 50 4214
81 91 4215
46 111 4216
149 37 4217
39 51 4218
22 67 4219
178 76 4220
13 51 4221
87 111 4222
140 193 4223
75 90 4224
186 60 4225
129 178 4226
172 85 4227
160 154 4228
42 83 4229
98 154 4230
94 83 4231
31 87 4232
135 39 4233
172 8 4234
9 70 4235
114 11 4236
84 56 4237
62 107 4238
26 174 4239
71 169 4240
2 8 4241
85 23 4242
40 76 4243
70 120 4244
32 167 4245
48 68 4246
79 198 4247
146 187 4248
24 167 4249
173 133 4250
12 20 4251
16 93 4252
7 176 4253
168 159 4254
176 51 4255
99 84 4256
161 104 4257
195 72 4258
24 87 4259
87 43 4260
193 71 4261
5 118 4262
130 11 4263
103 167 4264
90 194 4265
28 124 4266
41 43 4267
196 41 4268
14 187 4269
165 61 4270
170 10 4271
105 4 4272
117 55 4273
52 10 4274
151 2 4275
175 176 4276
12 166 4277
194 26 4278
32 22 4279
104 23 4280
116 82 4281
43 27 4282
191 89 4283
140 57 4284
126 189 4285
179 122 4286
56 102 4287
68 135 4288
171 28 4289
139 69 4290
162 36 4291
68 101 4292
98 117 4293
84 16 4294
120 61 4295
120 27 4296
184 117 4297
148 165 4298
22 15 4299
65 24 4300
50 29 4301
75 178 4302
79 109 4303
173 177 4304
199 126 4305
200 35 4306
24 99 4307
185 96 4308
58 82 4309
174 175 4310
82 120 4311
9 123 4312
53 130 4313
125 94 4314
32 145 4315
189 90 4316
84 188 4317
154 197 4318
128 96 4319
53 176 4320
123 149 4321
21 76 4322
45 116 4323
19 117 4324
92 172 4325
96 56 4326
86 106 4327
134 141 4328
85 33 4329
132 156 4330
51 11 4331
50 30 4332
111 129 4333
116 97 4334
28 27 4335
13 128 4336
39 28 4337
100 110 4338
120 180 4339
164 195 4340
139 3 4341
34 142 4342
99 26 4343
75 125 4344
179 106 4345
197 109 4346
187 154 4347
137 105 4348
155 143 4349
198 84 4350
95 60 4351
73 109 4352
33 139 4353
144 145 4354
181 116 4355
123 185 4356
110 78 4357
198 61 4358
82 117 4359
124 187 4360
3 124 4361
196 164 4362
32 12 4363
164 48 4364
118 195 4365
62 197 4366
197 60 4367
148 73 4368
146 185 4369
176 117 4370
184 63 4371
95 140 4372
5 10 4373
58 174 4374
95 35 4375
105 76 4376
180 122 4377
159 141 4378
158 63 4379
35 76 4380
163 143 4381
160 156 4382
84 45 4383
10 89 4384
38 57 4385
71 180 4386
197 79 4387
119 17 4388
63 104 4389
4 112 4390
174 185 4391
136 150 4392
20 165 4393
51 155 4394
39 69 4395
153 18 4396
60 192 4397
178 103 4398
2 171 4399
18 119 4400
172 46 4401
126 3 4402
9 92 4403
60 105 4404
119 191 4405
96 58 4406
21 52 4407
54 167 4408
156 114 4409
23 7 4410
84 1 4411
82 110 4412
90 37 4413
167 109 4414
19 23 4415
180 186 4416
81 125 4417
65 180 4418
189 74 4419
197 152 4420
71 66 4421
103 44 4422
55 64 4423
196 76 4424
53 186 4425
38 46 4426
50 7 4427
98 4 4428
174 71 4429
6 190 4430
146 126 4431
64 185 4432
101 162 4433
125 170 4434
35 47 4435
140 93 4436
102 91 4437
185 188 4438
186 165 4439
165 80 4440
4 11 4441
136 37 4442
157 80 4443
185 4 4444
86 19 4445
192 33 4446
7 58 4447
37 180 4448
51 180 4449
180 52 4450
82 23 4451
110 128 4452
158 30 4453
123 142 4454
1 177 4455
128 72 4456
87 29 4457
112 15 4458
153 134 4459
30 32 4460
58 97 4461
25 153 4462
53 171 4463
17 155 4464
36 43 4465
87 164 4466
98 142 4467
166 125 4468
47 165 4469
57 15 4470
161 72 4471
62 42 4472
123 99 4473
49 167 4474
27 2 4475
8 66 4476
194 186 4477
85 101 4478
100 197 4479
11 40 4480
184 144 4481
119 200 4482
59 111 4483
25 132 4484
140 177 4485
71 192 4486
126 132 4487
158 194 4488
102 104 4489
174 6 4490
144 172 4491
9 1 4492
48 96 4493
93 148 4494
6 60 4495
4 19 4496
22 179 4497
9 125 4498
179 103 4499
95 94 4500
92 141 4501
82 31 4502
175 192 4503
160 147 4504
33 155 4505
153 32 4506
56 146 4507
116 161 4508
65 165 4509
22 10 4510
107 72 4511
43 42 4512
17 50 4513
153 43 4514
181 144 4515
24 173 4516
200 130 4517
64 119 4518
85 70 4519
65 147 4520
133 1 4521
152 66 4522
91 67 4523
72 93 4524
81 41 4525
48 49 4526
99 161 4527
159 127 4528
21 141 4529
135 170 4530
144 127 4531
178 70 4532
101 141 4533
45 24 4534
83 156 4535
123 6 4536
180 74 4537
102 138 4538
57 32 4539
62 79 4540
75 152 4541
83 121 4542
38 181 4543
175 120 4544
9 198 4545
174 4 4546
72 115 4547
170 129 4548
158 115 4549
171 150 4550
140 78 4551
131 9 4552
87 80 4553
93 82 4554
159 1 4555
9 110 4556
30 65 4557
102 191 4558
24 78 4559
138 175 4560
114 158 4561
84 29 4562
41 79 4563
119 150 4564
46 5 4565
106 68 4566
25 19 4567
15 200 4568
187 51 4569
8 73 4570
185 97 4571
155 70 4572
2 85 4573
165 29 4574
138 192 4575
7 155 4576
12 89 4577
32 152 4578
167 34 4579
76 181 4580
152 71 4581
89 115 4582
192 52 4583
15 115 4584
27 64 4585
15 192 4586
67 6 4587
56 29 4588
186 63 4589
162 115 4590
165 67 4591
126 91 4592
125 92 4593
1 179 4594
184 89 4595
107 16 4596
199 98 4597
43 77 4598
106 91 4599
18 193 4600
155 127 4601
150 45 4602
198 3 4603
16 194 4604
166 200 4605
86 128 4606
168 7 4607
3 176 4608
69 182 4609
31 175 4610
125 130 4611
131 105 4612
198 169 4613
150 143 4614
154 36 4615
187 142 4616
177 84 4617
12 70 4618
82 141 4619
136 168 4620
53 183 4621
168 98 4622
125 85 4623
1 37 4624
55 167 4625
109 176 4626
144 6 4627
195 5 4628
70 39 4629
135 2 4630
95 21 4631
76 154 4632
50 161 4633
65 58 4634
27 62 4635
47 179 4636
193 175 4637
5 85 4638
17 25 4639
158 128 4640
162 77 4641
48 171 4642
88 187 4643
176 31 4644
164 114 4645
35 48 4646
27 102 4647
194 35 4648
195 100 4649
116 194 4650
97 21 4651
13 139 4652
70 67 4653
133 168 4654
19 129 4655
85 107 4656
34 92 4657
114 149 4658
115 62 4659
191 9 4660
172 177 4661
88 135 4662
58 37 4663
123 126 4664
170 171 4665
199 33 4666
128 28 4667
125 61 4668
192 4 4669
179 186 4670
82 34 4671
155 49 4672
134 178 4673
99 114 4674
105 40 4675
19 84 4676
1 136 4677
20 23 4678
56 164 4679
136 138 4680
191 106 4681
121 67 4682
119 14 4683
139 181 4684
69 78 4685
72 112 4686
49 149 4687
68 159 4688
130 68 4689
135 29 4690
131 177 4691
136 135 4692
6 138 4693
109 30 4694
104 175 4695
185 81 4696
92 97 4697
77 118 4698
32 194 4699
62 140 4700
22 77 4701
145 65 4702
50 120 4703
92 36 4704
76 179 4705
82 61 4706
40 153 4707
115 131 4708
160 67 4709
39 188 4710
171 19 4711
58 133 4712
99 110 4713
59 155 4714
167 68 4715
13 187 4716
132 84 4717
124 61 4718
167 177 4719
165 109 4720
80 66 4721
111 14 4722
137 45 4723
101 91 4724
135 175 4725
113 70 4726
71 197 4727
155 181 4728
75 122 4729
91 43 4730
53 115 4731
58 132 4732
88 9 4733
192 125 4734
191 70 4735
52 59 4736
113 157 4737
122 175 4738
12 66 4739
144 117 4740
103 161 4741
19 173 4742
145 126 4743
88 29 4744
85 132 4745
92 168 4746
113 146 4747
83 36 4748
9 6 4749
102 167 4750
167 59 4751
7 130 4752
3 105 4753
17 95 4754
78 123 4755
159 99 4756
139 66 4757
83 59 4758
140 136 4759
5 27 4760
30 200 4761
122 100 4762
200 190 4763
16 50 4764
21 78 4765
27 182 4766
39 2 4767
164 168 4768
101 46 4769
94 150 4770
27 103 4771
97 14 4772
156 120 4773
154 124 4774
55 77 4775
42 194 4776
98 2 4777
38 163 4778
124 68 4779
22 155 4780
22 86 4781
78 124 4782
30 164 4783
168 147 4784
39 172 4785
124 186 4786
147 83 4787
113 122 4788
147 20 4789
1 180 4790
197 74 4791
20 139 4792
187 191 4793
62 95 4794
96 44 4795
185 59 4796
93 17 4797
118 54 4798
97 161 4799
66 60 4800
54 195 4801
200 142 4802
165 197 4803
113 82 4804
138 84 4805
176 130 4806
83 69 4807
164 182 4808
89 162 4809
21 110 4810
169 181 4811
112 148 4812
82 66 4813
91 168 4814
61 145 4815
133 156 4816
83 50 4817
179 6 4818
180 148 4819
188 87 4820
92 60 4821
104 178 4822
29 199 4823
171 158 4824
48 196 4825
154 100 4826
74 38 4827
121 193 4828
132 103 4829
66 30 4830
109 53 4831
60 115 4832
181 178 4833
61 62 4834
79 138 4835
146 1 4836
176 26 4837
136 111 4838
5 198 4839
58 168 4840
94 154 4841
101 44 4842
66 90 4843
41 168 4844
159 143 4845
116 54 4846
105 197 4847
96 11 4848
103 158 4849
102 81 4850
29 30 4851
167 35 4852
64 148 4853
94 70 4854
127 184 4855
97 93 4856
89 69 4857
120 76 4858
28 81 4859
40 74 4860
105 63 4861
93 104 4862
73 17 4863
9 133 4864
27 198 4865
42 112 4866
188 173 4867
55 68 4868
99 23 4869
80 108 4870
57 177 4871
51 197 4872
33 111 4873
166 133 4874
6 39 4875
140 164 4876
139 150 4877
75 10 4878
46 105 4879
133 187 4880
116 7 4881
192 7 4882
185 78 4883
2 29 4884
86 130 4885
87 128 4886
77 179 4887
200 123 4888
1 163 4889
44 113 4890
158 130 4891
93 110 4892
11 109 4893
101 155 4894
54 156 4895
193 119 4896
118 181 4897
195 15 4898
44 164 4899
74 165 4900
168 83 4901
170 116 4902
6 83 4903
155 182 4904
41 169 4905
70 112 4906
99 181 4907
66 178 4908
135 182 4909
164 176 4910
42 32 4911
28 71 4912
128 132 4913
81 99 4914
136 3 4915
197 168 4916
40 33 4917
116 146 4918
102 166 4919
98 114 4920
6 2 4921
65 136 4922
38 162 4923
151 137 4924
143 93 4925
6 51 4926
113 6 4927
108 155 4928
152 64 4929
176 81 4930
73 129 4931
163 21 4932
150 58 4933
195 150 4934
21 10 4935
190 14 4936
169 6 4937
89 193 4938
86 155 4939
138 54 4940
47 95 4941
157 196 4942
149 166 4943
99 45 4944
136 109 4945
12 159 4946
163 98 4947
126 47 4948
94 5 4949
181 162 4950
22 193 4951
151 174 4952
142 121 4953
41 147 4954
4 167 4955
151 90 4956
81 4 4957
151 132 4958
22 18 4959
113 128 4960
189 121 4961
70 83 4962
67 35 4963
75 20 4964
147 55 4965
112 16 4966
95 160 4967
198 83 4968
102 125 4969
106 29 4970
71 129 4971
186 174 4972
113 194 4973
196 200 4974
37 128 4975
76 37 4976
92 137 4977
112 84 4978
17 80 4979
83 109 4980
99 187 4981
166 148 4982
170 185 4983
46 157 4984
73 115 4985
42 17 4986
13 41 4987
192 140 4988
88 97 4989
142 94 4990
162 133 4991
161 82 4992
83 8 4993
1 107 4994
197 181 4995
91 161 4996
92 17 4997
154 144 4998
167 17 4999
44 176 5000
121 98 5001
57 196 5002
45 138 5003
191 88 5004
161 162 5005
61 147 5006
71 185 5007
139 135 5008
20 77 5009
4 69 5010
185 138 5011
163 94 5012
82 157 5013
148 29 5014
48 61 5015
46 182 5016
174 91 5017
1 121 5018
160 43 5019
195 91 5020
164 101 5021
117 115 5022
108 72 5023
93 152 5024
48 53 5025
162 68 5026
88 103 5027
58 161 5028
94 140 5029
172 197 5030
51 117 5031
36 60 5032
80 124 5033
175 194 5034
34 199 5035
4 78 5036
127 3 5037
101 109 5038
102 70 5039
39 181 5040
98 83 5041
85 137 5042
105 83 5043
194 6 5044
123 30 5045
154 27 5046
98 175 5047
23 59 5048
98 198 5049
7 102 5050
151 24 5051
78 42 5052
185 10 5053
155 185 5054
78 94 5055
91 155 5056
3 188 5057
190 68 5058
66 115 5059
146 173 5060
158 198 5061
24 138 5062
191 96 5063
40 166 5064
26 43 5065
43 184 5066
2 42 5067
95 194 5068
137 169 5069
167 85 5070
191 36 5071
77 76 5072
26 104 5073
3 113 5074
45 58 5075
58 107 5076
86 1 5077
174 48 5078
197 77 5079
134 144 5080
26 160 5081
84 73 5082
87 171 5083
77 107 5084
177 151 5085
92 173 5086
130 112 5087
177 41 5088
74 160 5089
27 190 5090
172 93 5091
61 148 5092
51 95 5093
143 129 5094
155 122 5095
192 64 5096
48 168 5097
74 102 5098
46 85 5099
43 111 5100
46 57 5101
133 120 5102
76 45 5103
164 78 5104
109 75 5105
30 115 5106
152 182 5107
177 6 5108
2 72 5109
9 146 5110
85 94 5111
124 141 5112
59 113 5113
114 134 5114
13 12 5115
141 121 5116
194 103 5117
138 126 5118
142 28 5119
105 128 5120
74 59 5121
107 13 5122
58 78 5123
176 182 5124
134 30 5125
126 184 5126
68 108 5127
187 166 5128
26 93 5129
43 154 5130
28 136 5131
115 56 5132
8 58 5133
91 165 5134
98 166 5135
120 143 5136
45 159 5137
142 114 5138
188 22 5139
198 155 5140
185 196 5141
188 198 5142
192 127 5143
34 64 5144
45 5 5145
53 129 5146
143 71 5147
28 98 5148
95 50 5149
111 103 5150
80 129 5151
27 160 5152
89 11 5153
131 23 5154
176 16 5155
156 66 5156
82 36 5157
192 61 5158
90 23 5159
169 194 5160
69 82 5161
194 191 5162
164 69 5163
198 186 5164
186 93 5165
139 197 5166
39 112 5167
199 18 5168
121 50 5169
29 36 5170
152 84 5171
162 179 5172
4 13 5173
110 70 5174
121 158 5175
87 19 5176
10 149 5177
24 162 5178
187 106 5179
83 79 5180
29 47 5181
103 52 5182
50 155 5183
198 128 5184
95 18 5185
129 72 5186
92 166 5187
194 185 5188
95 182 5189
124 137 5190
25 89 5191
116 185 5192
86 31 5193
73 131 5194
33 130 5195
165 73 5196
146 177 5197
66 33 5198
100 112 5199
76 188 5200
181 86 5201
44 146 5202
75 102 5203
190 13 5204
24 119 5205
104 112 5206
117 48 5207
146 52 5208
12 134 5209
149 62 5210
178 86 5211
58 191 5212
150 98 5213
59 20 5214
200 49 5215
186 98 5216
12 130 5217
65 113 5218
82 118 5219
51 172 5220
85 47 5221
113 91 5222
134 95 5223
191 200 5224
168 30 5225
59 152 5226
157 111 5227
39 125 5228
122 158 5229
16 85 5230
50 179 5231
101 115 5232
73 66 5233
25 147 5234
55 75 5235
74 104 5236
88 3 5237
90 55 5238
184 56 5239
195 46 5240
93 153 5241
13 58 5242
173 28 5243
200 93 5244
162 156 5245
170 78 5246
45 78 5247
2 53 5248
124 131 5249
182 127 5250
103 127 5251
2 89 5252
8 174 5253
7 183 5254
39 50 5255
164 107 5256
79 128 5257
86 67 5258
190 186 5259
100 70 5260
187 132 5261
103 69 5262
154 66 5263
167 25 5264
16 113 5265
189 165 5266
125 29 5267
109 129 5268
157 103 5269
56 82 5270
62 166 5271
177 134 5272
114 48 5273
151 120 5274
186 148 5275
7 190 5276
133 4 5277
21 177 5278
11 141 5279
183 131 5280
77 128 5281
76 8 5282
77 39 5283
126 185 5284
5 24 5285
134 200 5286
10 158 5287
127 60 5288
82 4 5289
166 64 5290
119 96 5291
8 144 5292
3 57 5293
24 142 5294
161 55 5295
194 149 5296
26 83 5297
102 12 5298
65 72 5299
138 171 5300
12 173 5301
53 157 5302
63 187 5303
42 122 5304
184 24 5305
108 176 5306
117 37 5307
137 32 5308
163 176 5309
93 149 5310
52 33 5311
60 10 5312
187 92 5313
108 53 5314
185 103 5315
193 160 5316
56 40 5317
175 67 5318
49 140 5319
180 114 5320
190 187 5321
125 176 5322
155 111 5323
30 38 5324
164 137 5325
109 14 5326
11 124 5327
53 18 5328
46 66 5329
35 119 5330
115 128 5331
33 92 5332
44 39 5333
172 146 5334
31 85 5335
20 126 5336
161 147 5337
166 111 5338
159 76 5339
198 4 5340
33 22 5341
169 82 5342
174 196 5343
143 182 5344
170 46 5345
137 106 5346
29 32 5347
155 136 5348
77 74 5349
98 172 5350
115 152 5351
33 178 5352
84 134 5353
62 91 5354
11 1 5355
57 191 5356
138 86 5357
37 189 5358
19 91 5359
75 119 5360
59 131 5361
12 101 5362
94 153 5363
190 61 5364
194 101 5365
98 76 5366
132 129 5367
144 36 5368
75 12 5369
153 83 5370
47 14 5371
63 124 5372
188 125 5373
160 179 5374
91 177 5375
108 38 5376
49 153 5377
172 164 5378
27 94 5379
27 92 5380
157 64 5381
147 84 5382
18 109 5383
198 174 5384
111 133 5385
126 65 5386
164 11 5387
185 95 5388
73 179 5389
153 104 5390
106 131 5391
143 81 5392
69 120 5393
127 149 5394
121 69 5395
65 56 5396
176 20 5397
30 191 5398
90 41 5399
47 130 5400
68 195 5401
124 176 5402
156 185 5403
81 35 5404
10 174 5405
41 99 5406
52 164 5407
92 192 5408
77 28 5409
109 193 5410
94 102 5411
145 22 5412
138 29 5413
131 44 5414
155 44 5415
85 54 5416
178 106 5417
189 73 5418
20 84 5419
74 8 5420
139 60 5421
52 168 5422
131 27 5423
141 1 5424
83 161 5425
94 32 5426
198 26 5427
26 129 5428
91 119 5429
47 1 5430
190 101 5431
91 180 5432
194 22 5433
18 141 5434
25 104 5435
67 13 5436
54 8 5437
76 41 5438
45 185 5439
31 78 5440
63 11 5441
109 112 5442
8 77 5443
143 90 5444
138 11 5445
185 144 5446
10 64 5447
119 61 5448
116 124 5449
198 55 5450
5 149 5451
129 7 5452
61 51 5453
38 64 5454
99 193 5455
31 155 5456
134 172 5457
140 130 5458
10 110 5459
70 76 5460
18 85 5461
112 96 5462
176 49 5463
186 193 5464
94 38 5465
143 67 5466
170 164 5467
196 163 5468
139 126 5469
141 150 5470
169 17 5471
27 95 5472
190 183 5473
58 32 5474
57 154 5475
169 89 5476
118 75 5477
29 58 5478
166 181 5479
118 31 5480
142 107 5481
5 97 5482
160 34 5483
97 135 5484
175 92 5485
52 142 5486
152 181 5487
196 129 5488
192 111 5489
174 36 5490
34 45 5491
6 136 5492
83 15 5493
116 28 5494
126 164 5495
146 197 5496
6 104 5497
80 35 5498
192 56 5499
37 156 5500
