200 6500 6500
21 88 1
4 189 2
150 130 3
24 186 4
65 119 5
19 67 6
119 150 7
20 165 8
72 130 9
55 122 10
1 126 11
11 134 12
94 60 13
106 7 14
140 77 15
108 136 16
65 136 17
170 185 18
5 179 19
98 187 20
16 85 21
149 56 22
84 163 23
54 13 24
180 164 25
109 198 26
196 77 27
59 155 28
138 131 29
114 149 30
192 69 31
88 97 32
38 12 33
156 62 34
154 162 35
127 61 36
136 104 37
189 36 38
113 122 39
190 68 40
88 16 41
99 52 42
88 7 43
182 54 44
84 11 45
6 136 46
104 103 47
6 171 48
103 52 49
187 73 50
23 195 51
24 138 52
174 169 53
163 36 54
102 26 55
177 178 56
168 27 57
132 45 58
77 60 59
46 153 60
77 192 61
80 103 62
100 197 63
82 143 64
124 14 65
107 116 66
44 151 67
95 71 68
57 48 69
70 38 70
196 171 71
180 80 72
184 40 73
94 154 74
100 42 75
170 128 76
29 142 77
2 5 78
196 91 79
139 178 80
103 175 81
6 79 82
101 98 83
144 135 84
13 70 85
73 134 86
195 91 87
181 72 88
142 154 89
173 77 90
38 181 91
177 164 92
101 199 93
101 28 94
102 165 95
134 50 96
5 198 97
150 146 98
49 170 99
74 62 100
89 32 101
80 199 102
91 180 103
195 136 104
14 36 105
99 26 106
25 113 107
106 124 108
139 4 109
54 108 110
138 11 111
118 87 112
21 124 113
95 40 114
43 77 115
78 42 116
124 187 117
191 142 118
15 65 119
74 6 120
144 6 121
44 149 122
168 93 123
74 1 124
184 144 125
30 72 126
200 41 127
128 132 128
81 167 129
61 33 130
35 128 131
105 124 132
67 172 133
64 30 134
193 119 135
92 24 136
43 42 137
105 180 138
49 133 139
150 6 140
86 131 141
175 199 142
53 22 143
118 155 144
18 112 145
68 195 146
65 24 147
152 105 148
120 44 149
96 65 150
17 118 151
67 144 152
42 21 153
12 130 154
121 164 155
129 77 156
190 150 157
1 158 158
143 71 159
116 15 160
81 87 161
133 127 162
164 35 163
8 86 164
170 18 165
85 94 166
4 9 167
30 174 168
128 146 169
187 157 170
200 182 171
165 78 172
79 86 173
181 89 174
3 105 175
81 147 176
6 89 177
69 8 178
38 149 179
136 82 180
198 44 181
15 74 182
192 150 183
136 132 184
145 195 185
181 138 186
16 6 187
29 4 188
79 193 189
98 103 190
77 46 191
116 146 192
117 145 193
134 85 194
172 62 195
121 79 196
113 171 197
185 83 198
171 91 199
192 55 200
97 57 201
147 20 202
147 149 203
15 43 204
125 191 205
129 198 206
69 160 207
118 67 208
35 100 209
195 98 210
115 77 211
9 14 212
190 175 213
47 197 214
33 11 215
189 153 216
91 169 217
150 37 218
32 145 219
71 29 220
29 25 221
87 128 222
23 7 223
129 72 224
36 56 225
103 139 226
4 70 227
192 9 228
105 190 229
109 53 230
185 44 231
120 61 232
39 181 233
23 183 234
143 20 235
64 105 236
68 41 237
159 154 238
140 136 239
34 100 240
5 15 241
42 186 242
181 116 243
87 54 244
118 142 245
200 45 246
128 81 247
161 105 248
175 100 249
83 161 250
4 107 251
94 18 252
6 15 253
125 85 254
51 117 255
186 174 256
41 146 257
32 18 258
62 161 259
79 136 260
70 148 261
118 139 262
33 152 263
73 24 264
59 1 265
42 136 266
181 109 267
170 119 268
150 155 269
170 33 270
90 197 271
190 79 272
151 32 273
175 118 274
42 30 275
10 155 276
34 69 277
191 4 278
145 138 279
139 152 280
42 83 281
76 139 282
179 186 283
192 106 284
61 164 285
17 102 286
123 47 287
139 125 288
60 171 289
144 43 290
2 180 291
87 102 292
94 200 293
124 54 294
30 6 295
96 75 296
17 60 297
104 149 298
95 129 299
91 117 300
167 197 301
47 144 302
14 55 303
182 62 304
140 21 305
71 55 306
32 181 307
153 20 308
7 155 309
150 143 310
100 70 311
52 159 312
85 107 313
182 187 314
139 66 315
188 98 316
113 91 317
124 33 318
200 174 319
127 194 320
119 177 321
1 54 322
123 99 323
5 61 324
64 171 325
28 166 326
121 50 327
55 170 328
138 35 329
145 107 330
88 6 331
175 8 332
81 174 333
147 192 334
177 128 335
175 15 336
112 110 337
110 196 338
184 151 339
132 3 340
124 1 341
138 69 342
173 106 343
158 194 344
124 137 345
35 13 346
116 185 347
198 89 348
174 102 349
7 138 350
40 99 351
13 144 352
128 11 353
95 94 354
31 73 355
11 165 356
161 72 357
33 77 358
84 17 359
124 118 360
14 21 361
80 3 362
104 72 363
62 140 364
180 188 365
85 164 366
161 162 367
185 195 368
184 187 369
169 122 370
43 198 371
192 130 372
128 130 373
17 140 374
143 131 375
98 107 376
181 182 377
151 122 378
61 74 379
172 164 380
122 167 381
170 25 382
197 131 383
66 120 384
167 116 385
75 6 386
115 46 387
194 35 388
73 102 389
96 36 390
11 124 391
1 107 392
120 185 393
40 3 394
106 116 395
94 83 396
189 158 397
159 40 398
28 27 399
82 34 400
128 197 401
26 107 402
123 162 403
39 174 404
147 164 405
44 176 406
17 170 407
19 43 408
200 35 409
58 42 410
190 31 411
21 16 412
10 140 413
90 39 414
173 90 415
10 174 416
140 134 417
84 165 418
62 79 419
161 192 420
4 26 421
87 157 422
99 6 423
70 59 424
124 101 425
146 175 426
127 60 427
7 139 428
199 44 429
158 160 430
28 199 431
139 104 432
11 87 433
105 15 434
19 48 435
11 170 436
192 145 437
86 87 438
160 66 439
63 124 440
33 187 441
74 142 442
134 19 443
81 156 444
123 66 445
129 151 446
36 77 447
134 75 448
158 36 449
140 13 450
139 110 451
105 19 452
39 188 453
73 77 454
88 187 455
52 59 456
66 142 457
73 166 458
35 187 459
118 121 460
116 161 461
172 129 462
148 86 463
34 181 464
79 38 465
33 108 466
158 154 467
38 145 468
198 61 469
29 175 470
4 58 471
7 185 472
56 28 473
56 62 474
167 129 475
56 86 476
100 81 477
27 142 478
94 145 479
103 47 480
100 28 481
191 141 482
186 15 483
63 168 484
54 137 485
120 143 486
132 70 487
39 145 488
39 28 489
45 116 490
95 146 491
146 1 492
32 24 493
174 157 494
71 180 495
197 78 496
134 71 497
76 176 498
111 154 499
51 159 500
101 136 501
9 46 502
41 38 503
90 127 504
8 174 505
53 10 506
180 190 507
140 73 508
10 107 509
12 14 510
90 32 511
85 22 512
36 43 513
143 91 514
104 110 515
101 123 516
130 78 517
124 36 518
133 107 519
145 51 520
101 183 521
10 131 522
18 141 523
78 37 524
80 190 525
21 162 526
68 38 527
53 169 528
82 131 529
2 184 530
50 165 531
133 186 532
145 140 533
47 168 534
36 159 535
52 185 536
73 173 537
37 161 538
113 166 539
53 172 540
131 21 541
194 144 542
93 75 543
76 8 544
171 106 545
161 77 546
151 120 547
8 111 548
151 125 549
85 128 550
25 153 551
78 131 552
115 167 553
186 68 554
12 166 555
49 46 556
133 169 557
73 143 558
193 190 559
1 163 560
26 5 561
132 30 562
198 93 563
30 91 564
28 45 565
146 185 566
200 18 567
182 127 568
24 87 569
27 102 570
74 168 571
186 119 572
134 122 573
160 20 574
57 114 575
132 107 576
45 143 577
81 173 578
42 164 579
9 123 580
98 83 581
126 184 582
21 76 583
61 9 584
57 16 585
120 76 586
21 175 587
152 25 588
138 28 589
196 127 590
15 69 591
107 130 592
93 104 593
62 15 594
134 198 595
30 104 596
80 97 597
97 10 598
16 113 599
110 41 600
1 129 601
55 140 602
53 176 603
102 193 604
68 24 605
88 183 606
80 109 607
154 72 608
8 92 609
108 159 610
24 121 611
183 79 612
16 74 613
104 178 614
152 176 615
65 14 616
80 14 617
23 86 618
151 29 619
40 110 620
62 29 621
27 160 622
57 80 623
102 34 624
44 146 625
195 169 626
93 114 627
83 184 628
124 24 629
158 63 630
47 10 631
78 84 632
72 103 633
109 112 634
56 123 635
114 168 636
63 83 637
80 108 638
131 63 639
55 127 640
93 32 641
118 195 642
57 191 643
137 131 644
74 151 645
42 106 646
28 107 647
8 22 648
190 66 649
66 68 650
147 51 651
99 56 652
171 13 653
18 193 654
178 112 655
150 173 656
13 41 657
74 172 658
147 6 659
56 40 660
108 104 661
97 179 662
195 100 663
112 169 664
196 27 665
161 135 666
198 68 667
80 35 668
153 48 669
58 107 670
78 180 671
123 149 672
174 32 673
37 61 674
48 51 675
8 79 676
18 123 677
85 23 678
69 155 679
176 65 680
47 156 681
57 56 682
32 171 683
144 164 684
117 156 685
18 109 686
87 43 687
98 122 688
74 104 689
144 83 690
167 18 691
199 2 692
7 163 693
191 145 694
54 93 695
34 91 696
101 162 697
109 54 698
194 130 699
157 56 700
196 13 701
199 85 702
195 46 703
146 14 704
129 93 705
146 35 706
161 125 707
77 76 708
106 97 709
84 142 710
14 22 711
92 172 712
24 159 713
132 37 714
97 62 715
28 159 716
54 45 717
178 196 718
125 7 719
75 136 720
177 76 721
178 176 722
95 143 723
200 153 724
121 25 725
146 121 726
79 109 727
8 35 728
183 124 729
115 161 730
87 80 731
18 85 732
163 192 733
161 81 734
114 11 735
189 125 736
171 26 737
33 145 738
48 168 739
189 197 740
87 60 741
135 166 742
120 177 743
174 97 744
36 60 745
33 14 746
2 152 747
168 57 748
96 2 749
88 103 750
102 33 751
73 103 752
133 197 753
179 113 754
58 136 755
35 171 756
88 128 757
88 1 758
43 159 759
186 48 760
197 83 761
113 93 762
114 58 763
20 200 764
59 38 765
174 185 766
143 90 767
46 31 768
133 64 769
194 22 770
23 106 771
194 3 772
147 36 773
30 98 774
54 41 775
198 118 776
180 193 777
43 101 778
109 87 779
35 140 780
137 73 781
45 81 782
176 31 783
167 16 784
126 164 785
9 23 786
188 133 787
180 89 788
105 157 789
49 153 790
67 174 791
10 85 792
31 175 793
89 62 794
165 109 795
35 56 796
137 10 797
129 89 798
138 83 799
101 115 800
171 99 801
147 171 802
184 90 803
168 46 804
107 113 805
8 66 806
194 26 807
30 164 808
198 131 809
163 176 810
141 27 811
93 173 812
21 2 813
186 195 814
177 5 815
128 151 816
117 3 817
116 126 818
164 48 819
89 177 820
92 51 821
193 183 822
170 78 823
93 10 824
35 47 825
122 71 826
30 8 827
147 132 828
155 129 829
98 4 830
17 126 831
52 92 832
11 16 833
177 96 834
176 100 835
25 132 836
85 156 837
48 146 838
7 193 839
149 84 840
120 109 841
118 125 842
29 107 843
103 100 844
108 142 845
54 10 846
39 139 847
171 139 848
48 49 849
191 9 850
97 11 851
9 92 852
20 41 853
199 126 854
122 172 855
89 135 856
17 120 857
140 93 858
45 107 859
28 81 860
26 18 861
102 176 862
98 142 863
114 48 864
22 101 865
124 188 866
127 79 867
105 76 868
64 99 869
100 105 870
198 186 871
21 157 872
34 103 873
22 120 874
162 10 875
36 55 876
98 154 877
18 122 878
172 80 879
133 156 880
24 112 881
69 112 882
99 20 883
143 174 884
111 156 885
25 115 886
182 85 887
195 155 888
172 16 889
125 61 890
13 31 891
133 88 892
39 2 893
68 57 894
69 11 895
108 155 896
164 176 897
92 55 898
58 116 899
174 36 900
32 140 901
119 192 902
85 17 903
41 52 904
146 184 905
117 133 906
182 25 907
5 50 908
182 178 909
189 92 910
22 77 911
16 159 912
56 131 913
159 183 914
22 100 915
150 111 916
132 103 917
151 5 918
158 130 919
69 120 920
177 116 921
149 178 922
172 85 923
11 50 924
85 71 925
49 164 926
73 3 927
122 23 928
98 62 929
9 6 930
32 47 931
88 3 932
198 171 933
11 118 934
157 138 935
15 99 936
65 165 937
195 40 938
113 87 939
97 26 940
141 40 941
176 11 942
98 33 943
114 145 944
112 95 945
61 166 946
107 179 947
161 23 948
127 121 949
54 106 950
197 10 951
64 61 952
68 194 953
180 7 954
178 26 955
198 76 956
72 155 957
4 11 958
46 165 959
156 10 960
138 92 961
46 124 962
164 141 963
32 113 964
110 128 965
119 139 966
72 22 967
142 117 968
179 187 969
6 3 970
106 108 971
138 159 972
129 190 973
58 82 974
189 104 975
57 7 976
151 140 977
37 82 978
121 52 979
42 122 980
97 191 981
65 72 982
84 51 983
3 57 984
110 117 985
84 1 986
191 106 987
183 173 988
126 64 989
118 97 990
154 27 991
81 123 992
127 149 993
83 51 994
12 70 995
57 196 996
42 24 997
125 27 998
73 163 999
18 86 1000
190 184 1001
96 167 1002
141 122 1003
111 190 1004
169 191 1005
102 12 1006
109 57 1007
22 75 1008
6 83 1009
34 148 1010
123 152 1011
65 180 1012
31 87 1013
4 182 1014
117 68 1015
10 112 1016
92 176 1017
198 12 1018
33 155 1019
75 102 1020
19 46 1021
97 153 1022
70 19 1023
94 179 1024
14 139 1025
14 37 1026
32 31 1027
48 77 1028
37 91 1029
85 109 1030
53 159 1031
147 62 1032
156 40 1033
26 33 1034
148 128 1035
6 104 1036
103 26 1037
35 124 1038
41 183 1039
80 91 1040
119 48 1041
14 127 1042
47 36 1043
128 107 1044
62 18 1045
128 118 1046
94 135 1047
8 165 1048
194 33 1049
113 82 1050
73 131 1051
42 39 1052
73 80 1053
2 15 1054
92 48 1055
66 161 1056
161 134 1057
38 86 1058
175 172 1059
199 151 1060
27 35 1061
87 178 1062
72 47 1063
3 65 1064
117 36 1065
128 61 1066
66 172 1067
65 87 1068
104 175 1069
112 175 1070
185 95 1071
101 169 1072
13 194 1073
75 58 1074
77 58 1075
136 99 1076
11 40 1077
94 140 1078
14 69 1079
106 134 1080
33 111 1081
162 170 1082
142 93 1083
41 147 1084
53 8 1085
70 83 1086
26 63 1087
6 190 1088
18 37 1089
36 169 1090
13 137 1091
96 103 1092
194 157 1093
76 125 1094
152 38 1095
12 51 1096
174 128 1097
83 92 1098
74 102 1099
174 173 1100
26 149 1101
65 194 1102
15 78 1103
24 99 1104
193 159 1105
21 181 1106
147 198 1107
94 143 1108
7 104 1109
111 115 1110
32 62 1111
77 6 1112
130 62 1113
92 173 1114
40 64 1115
10 115 1116
184 22 1117
41 169 1118
164 37 1119
39 76 1120
88 9 1121
161 60 1122
175 117 1123
24 90 1124
22 67 1125
158 102 1126
90 74 1127
13 128 1128
163 170 1129
146 12 1130
174 132 1131
137 107 1132
108 166 1133
161 27 1134
32 154 1135
74 59 1136
186 63 1137
115 164 1138
58 55 1139
104 88 1140
52 142 1141
139 181 1142
63 187 1143
133 39 1144
23 29 1145
92 137 1146
78 111 1147
67 12 1148
166 151 1149
58 24 1150
8 144 1151
122 99 1152
46 111 1153
14 27 1154
143 184 1155
33 97 1156
64 16 1157
44 10 1158
105 29 1159
57 29 1160
156 185 1161
174 120 1162
80 124 1163
39 164 1164
141 86 1165
106 91 1166
3 38 1167
172 96 1168
26 174 1169
28 181 1170
39 172 1171
146 21 1172
104 155 1173
136 109 1174
14 102 1175
16 76 1176
101 109 1177
63 70 1178
83 36 1179
140 7 1180
61 122 1181
37 95 1182
145 3 1183
108 93 1184
171 175 1185
79 13 1186
195 89 1187
156 194 1188
183 96 1189
124 20 1190
40 20 1191
141 55 1192
163 116 1193
133 161 1194
197 85 1195
145 174 1196
45 44 1197
184 153 1198
60 110 1199
190 141 1200
109 32 1201
110 59 1202
131 87 1203
45 148 1204
170 124 1205
30 57 1206
109 200 1207
70 107 1208
33 132 1209
48 32 1210
154 140 1211
22 193 1212
50 104 1213
73 82 1214
108 87 1215
69 72 1216
154 18 1217
58 137 1218
181 168 1219
99 114 1220
68 115 1221
11 122 1222
82 36 1223
22 133 1224
151 24 1225
190 123 1226
31 198 1227
80 156 1228
24 137 1229
92 17 1230
79 15 1231
160 159 1232
105 63 1233
135 20 1234
178 79 1235
184 56 1236
154 31 1237
39 128 1238
155 120 1239
94 159 1240
44 91 1241
145 22 1242
27 147 1243
37 128 1244
22 64 1245
178 8 1246
6 51 1247
151 107 1248
116 142 1249
195 22 1250
190 187 1251
60 29 1252
44 43 1253
70 28 1254
50 45 1255
145 155 1256
2 32 1257
161 84 1258
176 70 1259
29 91 1260
9 143 1261
177 143 1262
46 144 1263
1 94 1264
174 115 1265
145 57 1266
155 70 1267
186 200 1268
53 100 1269
56 134 1270
85 20 1271
160 63 1272
181 37 1273
134 188 1274
182 190 1275
70 120 1276
23 40 1277
140 39 1278
72 31 1279
116 121 1280
198 101 1281
5 12 1282
27 2 1283
157 96 1284
93 50 1285
179 65 1286
141 68 1287
126 22 1288
86 109 1289
194 119 1290
1 109 1291
186 93 1292
46 189 1293
95 20 1294
33 10 1295
62 175 1296
146 131 1297
54 15 1298
155 6 1299
56 7 1300
124 7 1301
43 147 1302
167 196 1303
37 139 1304
144 12 1305
125 140 1306
122 100 1307
68 13 1308
127 160 1309
9 142 1310
181 148 1311
78 101 1312
183 86 1313
62 125 1314
47 12 1315
159 18 1316
32 122 1317
39 24 1318
37 10 1319
152 66 1320
94 175 1321
186 165 1322
99 116 1323
49 87 1324
53 24 1325
83 15 1326
156 42 1327
80 191 1328
133 173 1329
193 124 1330
106 8 1331
41 75 1332
148 194 1333
28 44 1334
124 125 1335
10 167 1336
31 158 1337
172 176 1338
7 28 1339
50 57 1340
73 167 1341
104 23 1342
18 97 1343
151 145 1344
109 17 1345
7 65 1346
36 108 1347
25 94 1348
140 100 1349
118 54 1350
97 74 1351
58 132 1352
38 132 1353
6 159 1354
87 159 1355
178 18 1356
104 92 1357
15 196 1358
151 69 1359
120 97 1360
188 173 1361
96 143 1362
109 115 1363
19 144 1364
18 65 1365
186 73 1366
100 19 1367
126 142 1368
153 173 1369
64 108 1370
23 175 1371
199 188 1372
198 152 1373
162 115 1374
23 56 1375
39 7 1376
83 34 1377
78 54 1378
180 114 1379
40 166 1380
48 154 1381
179 200 1382
29 32 1383
13 77 1384
92 12 1385
91 70 1386
133 145 1387
107 147 1388
120 107 1389
175 194 1390
184 24 1391
59 8 1392
77 93 1393
187 31 1394
119 17 1395
68 135 1396
24 181 1397
167 77 1398
120 99 1399
119 124 1400
144 77 1401
36 87 1402
34 64 1403
52 168 1404
148 29 1405
24 119 1406
53 120 1407
188 121 1408
188 139 1409
1 73 1410
114 146 1411
1 102 1412
87 171 1413
164 72 1414
2 57 1415
185 87 1416
151 31 1417
91 128 1418
8 11 1419
45 61 1420
12 135 1421
197 16 1422
155 122 1423
29 83 1424
177 139 1425
179 89 1426
6 118 1427
34 14 1428
94 34 1429
186 23 1430
167 130 1431
177 84 1432
1 166 1433
153 43 1434
110 190 1435
5 189 1436
17 47 1437
192 169 1438
82 64 1439
134 36 1440
92 134 1441
82 188 1442
180 49 1443
147 108 1444
7 130 1445
70 76 1446
85 159 1447
178 111 1448
83 141 1449
2 88 1450
46 157 1451
38 161 1452
130 112 1453
57 177 1454
139 130 1455
199 31 1456
161 88 1457
13 123 1458
32 152 1459
122 177 1460
31 155 1461
173 126 1462
187 82 1463
4 19 1464
103 57 1465
170 117 1466
142 71 1467
56 111 1468
116 173 1469
197 8 1470
193 181 1471
89 162 1472
2 65 1473
3 182 1474
86 194 1475
161 170 1476
79 67 1477
70 168 1478
158 88 1479
47 140 1480
85 70 1481
183 60 1482
6 2 1483
127 102 1484
34 107 1485
103 21 1486
127 87 1487
70 8 1488
32 127 1489
69 82 1490
152 193 1491
195 152 1492
62 42 1493
93 166 1494
123 125 1495
86 74 1496
49 98 1497
171 15 1498
57 9 1499
52 23 1500
119 163 1501
87 59 1502
48 67 1503
95 84 1504
118 159 1505
50 30 1506
70 139 1507
85 130 1508
142 165 1509
78 167 1510
90 17 1511
123 109 1512
166 193 1513
122 1 1514
39 177 1515
42 72 1516
61 51 1517
103 68 1518
196 111 1519
135 137 1520
18 117 1521
6 65 1522
7 176 1523
137 30 1524
102 28 1525
178 86 1526
27 81 1527
151 51 1528
97 4 1529
84 146 1530
122 158 1531
105 193 1532
32 167 1533
106 181 1534
133 24 1535
129 140 1536
112 96 1537
124 130 1538
147 144 1539
150 45 1540
39 50 1541
6 158 1542
46 169 1543
103 123 1544
25 19 1545
161 55 1546
105 127 1547
26 192 1548
120 172 1549
33 23 1550
111 21 1551
2 77 1552
11 95 1553
165 115 1554
150 74 1555
65 118 1556
161 18 1557
146 5 1558
68 164 1559
180 151 1560
124 9 1561
97 20 1562
180 93 1563
134 23 1564
16 128 1565
120 129 1566
101 60 1567
38 57 1568
150 138 1569
79 163 1570
55 144 1571
17 67 1572
10 144 1573
118 181 1574
165 174 1575
130 11 1576
41 79 1577
92 192 1578
55 31 1579
137 61 1580
45 58 1581
128 31 1582
13 58 1583
126 161 1584
171 97 1585
159 151 1586
58 109 1587
42 151 1588
86 67 1589
55 3 1590
26 84 1591
170 37 1592
123 58 1593
157 92 1594
28 25 1595
11 39 1596
72 168 1597
12 134 1598
104 188 1599
82 115 1600
65 131 1601
121 104 1602
39 18 1603
24 172 1604
4 96 1605
40 198 1606
61 112 1607
147 158 1608
80 166 1609
133 100 1610
175 38 1611
191 64 1612
196 134 1613
99 181 1614
90 140 1615
23 108 1616
127 168 1617
122 2 1618
85 133 1619
158 95 1620
113 70 1621
59 147 1622
17 49 1623
158 99 1624
99 185 1625
162 52 1626
34 86 1627
48 125 1628
31 145 1629
133 120 1630
169 130 1631
19 71 1632
126 185 1633
197 109 1634
99 110 1635
150 38 1636
181 86 1637
55 106 1638
18 77 1639
113 128 1640
39 186 1641
47 14 1642
73 14 1643
151 37 1644
160 34 1645
121 183 1646
108 176 1647
181 129 1648
191 68 1649
126 92 1650
102 70 1651
117 87 1652
96 147 1653
187 199 1654
179 82 1655
60 192 1656
71 89 1657
1 164 1658
37 108 1659
75 116 1660
110 70 1661
148 147 1662
167 177 1663
128 167 1664
15 169 1665
134 62 1666
32 74 1667
87 126 1668
52 32 1669
166 66 1670
153 18 1671
98 76 1672
117 115 1673
187 87 1674
141 1 1675
164 83 1676
124 102 1677
35 86 1678
163 8 1679
180 52 1680
159 99 1681
53 142 1682
118 197 1683
29 199 1684
160 152 1685
166 68 1686
96 122 1687
50 119 1688
175 120 1689
80 169 1690
68 2 1691
160 43 1692
109 173 1693
116 36 1694
135 175 1695
14 173 1696
156 123 1697
89 42 1698
113 144 1699
20 126 1700
93 68 1701
22 58 1702
161 154 1703
136 111 1704
181 178 1705
37 134 1706
157 1 1707
78 94 1708
170 137 1709
42 189 1710
107 117 1711
34 142 1712
183 154 1713
165 90 1714
78 22 1715
50 132 1716
83 126 1717
104 62 1718
109 199 1719
46 192 1720
54 180 1721
134 172 1722
51 198 1723
100 76 1724
92 152 1725
98 117 1726
191 70 1727
156 5 1728
107 159 1729
77 177 1730
164 174 1731
119 44 1732
144 69 1733
162 26 1734
154 136 1735
100 110 1736
162 36 1737
5 73 1738
92 161 1739
53 154 1740
125 183 1741
95 161 1742
86 31 1743
48 54 1744
71 84 1745
128 96 1746
76 181 1747
23 100 1748
70 31 1749
132 64 1750
52 134 1751
72 67 1752
79 66 1753
88 167 1754
23 159 1755
76 86 1756
22 138 1757
178 135 1758
125 12 1759
120 142 1760
37 189 1761
97 95 1762
25 14 1763
191 129 1764
77 179 1765
160 87 1766
1 143 1767
33 156 1768
43 5 1769
176 189 1770
104 138 1771
30 9 1772
29 72 1773
190 101 1774
29 127 1775
114 39 1776
107 200 1777
194 110 1778
178 147 1779
188 34 1780
195 163 1781
60 121 1782
153 104 1783
129 70 1784
155 52 1785
78 57 1786
134 69 1787
159 1 1788
105 80 1789
194 137 1790
153 64 1791
163 143 1792
160 40 1793
48 55 1794
58 70 1795
88 160 1796
85 90 1797
90 192 1798
95 31 1799
27 118 1800
159 143 1801
163 190 1802
114 175 1803
177 93 1804
157 68 1805
175 92 1806
31 27 1807
194 6 1808
29 79 1809
113 199 1810
167 26 1811
85 160 1812
164 195 1813
176 183 1814
93 22 1815
48 196 1816
31 10 1817
39 132 1818
174 184 1819
183 191 1820
117 77 1821
185 49 1822
44 144 1823
106 185 1824
154 105 1825
100 50 1826
17 24 1827
178 156 1828
72 118 1829
134 146 1830
100 144 1831
168 49 1832
47 13 1833
58 32 1834
85 137 1835
191 71 1836
139 72 1837
110 155 1838
76 94 1839
105 197 1840
24 44 1841
169 183 1842
5 24 1843
117 169 1844
149 177 1845
86 40 1846
29 30 1847
53 165 1848
125 10 1849
30 55 1850
194 64 1851
91 168 1852
163 157 1853
1 10 1854
75 15 1855
103 127 1856
68 136 1857
68 67 1858
136 44 1859
58 103 1860
116 65 1861
189 8 1862
193 116 1863
43 9 1864
155 174 1865
200 106 1866
199 33 1867
119 166 1868
126 157 1869
173 129 1870
66 33 1871
184 63 1872
116 27 1873
77 118 1874
118 93 1875
129 192 1876
49 167 1877
91 127 1878
78 65 1879
94 193 1880
26 25 1881
54 39 1882
10 166 1883
30 170 1884
113 172 1885
148 88 1886
159 60 1887
114 88 1888
64 181 1889
115 128 1890
83 156 1891
46 139 1892
180 77 1893
131 150 1894
121 30 1895
110 130 1896
109 3 1897
184 117 1898
144 133 1899
192 190 1900
190 32 1901
52 65 1902
199 53 1903
152 19 1904
38 21 1905
110 166 1906
194 101 1907
164 160 1908
65 127 1909
63 52 1910
182 184 1911
97 41 1912
32 63 1913
136 73 1914
169 154 1915
124 195 1916
74 7 1917
150 191 1918
179 88 1919
12 72 1920
190 88 1921
48 130 1922
26 82 1923
116 94 1924
125 29 1925
125 83 1926
28 71 1927
181 18 1928
23 35 1929
146 143 1930
182 74 1931
172 139 1932
172 99 1933
11 49 1934
31 78 1935
135 37 1936
110 168 1937
28 77 1938
192 28 1939
29 17 1940
29 18 1941
151 115 1942
142 113 1943
17 200 1944
83 14 1945
154 117 1946
156 163 1947
152 127 1948
166 196 1949
15 168 1950
36 12 1951
26 43 1952
155 127 1953
142 54 1954
134 144 1955
46 119 1956
143 40 1957
21 52 1958
112 84 1959
91 198 1960
101 5 1961
66 65 1962
3 42 1963
71 120 1964
127 171 1965
140 33 1966
169 94 1967
87 95 1968
100 185 1969
137 36 1970
159 2 1971
198 4 1972
200 123 1973
94 32 1974
74 175 1975
64 113 1976
55 77 1977
61 147 1978
105 34 1979
183 59 1980
30 115 1981
148 62 1982
66 90 1983
2 116 1984
191 175 1985
191 115 1986
181 84 1987
3 100 1988
34 60 1989
84 94 1990
199 5 1991
155 111 1992
100 171 1993
41 40 1994
143 35 1995
61 157 1996
65 97 1997
4 17 1998
55 123 1999
58 6 2000
198 155 2001
7 195 2002
191 148 2003
133 191 2004
101 143 2005
180 170 2006
84 104 2007
50 108 2008
133 155 2009
13 61 2010
75 61 2011
189 194 2012
67 63 2013
34 176 2014
52 55 2015
50 52 2016
13 181 2017
178 70 2018
176 14 2019
28 98 2020
154 66 2021
59 129 2022
4 131 2023
63 80 2024
22 160 2025
162 17 2026
15 199 2027
78 64 2028
89 26 2029
77 89 2030
140 177 2031
144 63 2032
131 179 2033
171 73 2034
186 176 2035
101 112 2036
144 182 2037
73 126 2038
95 149 2039
165 145 2040
83 188 2041
130 18 2042
32 118 2043
69 168 2044
47 130 2045
87 172 2046
192 21 2047
70 172 2048
75 34 2049
18 147 2050
37 80 2051
79 128 2052
132 59 2053
120 35 2054
88 57 2055
63 167 2056
166 125 2057
94 5 2058
95 150 2059
147 103 2060
23 59 2061
25 100 2062
183 22 2063
150 170 2064
187 105 2065
126 143 2066
35 48 2067
53 18 2068
55 100 2069
145 200 2070
115 183 2071
67 38 2072
139 23 2073
102 198 2074
134 170 2075
128 68 2076
78 74 2077
97 117 2078
40 33 2079
63 104 2080
50 10 2081
147 29 2082
128 27 2083
129 76 2084
48 24 2085
3 112 2086
28 124 2087
28 114 2088
123 38 2089
147 83 2090
136 105 2091
36 192 2092
184 142 2093
110 140 2094
134 27 2095
54 166 2096
75 178 2097
78 112 2098
64 92 2099
84 186 2100
156 172 2101
131 167 2102
11 140 2103
90 155 2104
59 99 2105
164 101 2106
190 169 2107
52 171 2108
127 1 2109
19 153 2110
185 2 2111
126 91 2112
99 73 2113
14 192 2114
188 102 2115
139 33 2116
99 38 2117
142 185 2118
58 130 2119
115 187 2120
150 161 2121
152 64 2122
197 77 2123
82 159 2124
53 183 2125
87 75 2126
85 82 2127
155 23 2128
62 43 2129
180 103 2130
109 129 2131
28 127 2132
151 27 2133
25 90 2134
28 121 2135
172 133 2136
35 70 2137
79 125 2138
41 10 2139
80 153 2140
87 144 2141
124 48 2142
69 169 2143
79 152 2144
29 36 2145
88 194 2146
85 123 2147
99 146 2148
71 2 2149
29 27 2150
187 53 2151
63 199 2152
29 74 2153
112 11 2154
197 60 2155
190 183 2156
85 97 2157
172 65 2158
128 69 2159
53 45 2160
136 131 2161
155 92 2162
46 73 2163
62 110 2164
190 189 2165
170 99 2166
47 181 2167
31 147 2168
183 83 2169
187 92 2170
8 152 2171
174 56 2172
52 125 2173
75 189 2174
113 77 2175
50 38 2176
177 180 2177
66 51 2178
84 93 2179
127 101 2180
51 180 2181
3 11 2182
194 98 2183
114 90 2184
166 76 2185
43 25 2186
43 80 2187
100 152 2188
152 117 2189
123 126 2190
109 100 2191
49 188 2192
187 132 2193
45 182 2194
83 159 2195
20 121 2196
135 156 2197
19 101 2198
142 178 2199
71 18 2200
104 134 2201
125 96 2202
13 145 2203
190 122 2204
164 51 2205
187 107 2206
150 109 2207
28 108 2208
91 59 2209
55 75 2210
86 37 2211
164 50 2212
147 191 2213
82 148 2214
85 140 2215
71 192 2216
112 170 2217
195 25 2218
119 197 2219
27 105 2220
167 3 2221
44 179 2222
16 54 2223
20 180 2224
61 47 2225
51 27 2226
158 5 2227
70 50 2228
125 92 2229
154 86 2230
21 10 2231
35 41 2232
9 83 2233
91 119 2234
151 96 2235
129 108 2236
147 52 2237
142 22 2238
111 188 2239
24 160 2240
77 124 2241
133 41 2242
188 87 2243
113 177 2244
75 63 2245
152 142 2246
137 179 2247
144 172 2248
70 11 2249
122 79 2250
163 28 2251
151 38 2252
88 144 2253
108 144 2254
52 56 2255
54 156 2256
143 28 2257
32 65 2258
131 85 2259
196 37 2260
136 29 2261
144 136 2262
180 84 2263
91 183 2264
71 197 2265
199 114 2266
174 2 2267
80 24 2268
170 164 2269
33 125 2270
3 124 2271
137 11 2272
8 140 2273
100 89 2274
168 13 2275
165 60 2276
20 183 2277
50 15 2278
133 10 2279
14 17 2280
198 17 2281
46 184 2282
33 45 2283
152 131 2284
179 122 2285
111 117 2286
180 128 2287
3 107 2288
188 142 2289
199 124 2290
195 63 2291
190 46 2292
71 129 2293
73 98 2294
182 157 2295
18 55 2296
102 199 2297
92 36 2298
124 185 2299
19 50 2300
157 18 2301
16 98 2302
126 43 2303
72 63 2304
199 104 2305
16 22 2306
131 97 2307
143 57 2308
75 10 2309
108 99 2310
182 193 2311
23 50 2312
40 135 2313
87 19 2314
57 102 2315
59 75 2316
182 177 2317
185 78 2318
36 110 2319
131 71 2320
76 87 2321
56 82 2322
28 105 2323
153 32 2324
60 16 2325
118 81 2326
41 123 2327
133 69 2328
79 92 2329
147 2 2330
118 75 2331
133 183 2332
129 50 2333
172 146 2334
86 120 2335
119 178 2336
153 158 2337
166 159 2338
63 126 2339
87 195 2340
64 189 2341
120 167 2342
90 125 2343
36 130 2344
187 16 2345
106 140 2346
116 137 2347
147 71 2348
45 159 2349
32 195 2350
85 33 2351
87 138 2352
85 54 2353
71 112 2354
175 176 2355
71 59 2356
125 155 2357
32 17 2358
124 92 2359
140 65 2360
102 38 2361
95 162 2362
3 136 2363
174 190 2364
198 114 2365
99 45 2366
24 19 2367
66 30 2368
157 9 2369
59 172 2370
44 116 2371
178 61 2372
191 12 2373
126 115 2374
4 63 2375
91 170 2376
3 199 2377
72 167 2378
119 107 2379
85 67 2380
105 16 2381
180 122 2382
163 43 2383
85 47 2384
32 22 2385
127 108 2386
66 5 2387
139 197 2388
52 90 2389
15 179 2390
29 35 2391
32 100 2392
26 129 2393
9 63 2394
149 15 2395
155 9 2396
147 140 2397
175 85 2398
8 179 2399
48 101 2400
101 147 2401
88 101 2402
7 98 2403
134 1 2404
154 198 2405
198 1 2406
41 181 2407
183 67 2408
1 186 2409
110 109 2410
78 177 2411
99 50 2412
19 39 2413
56 10 2414
58 175 2415
160 46 2416
135 131 2417
117 54 2418
90 131 2419
138 100 2420
53 129 2421
51 165 2422
41 46 2423
111 120 2424
1 46 2425
12 171 2426
163 94 2427
174 44 2428
120 81 2429
144 150 2430
143 188 2431
29 198 2432
157 65 2433
143 39 2434
108 119 2435
150 13 2436
76 56 2437
50 161 2438
39 173 2439
119 14 2440
149 62 2441
111 50 2442
51 56 2443
145 55 2444
64 140 2445
137 176 2446
44 164 2447
166 200 2448
93 80 2449
163 139 2450
74 56 2451
78 124 2452
25 145 2453
1 45 2454
82 185 2455
173 156 2456
97 136 2457
49 78 2458
131 186 2459
198 174 2460
129 199 2461
143 123 2462
192 2 2463
69 67 2464
128 53 2465
141 29 2466
167 59 2467
87 177 2468
102 9 2469
54 61 2470
122 156 2471
127 106 2472
166 22 2473
2 72 2474
175 145 2475
74 130 2476
190 75 2477
27 8 2478
169 89 2479
18 119 2480
73 61 2481
19 27 2482
111 133 2483
18 40 2484
35 32 2485
66 18 2486
39 75 2487
134 95 2488
190 191 2489
39 81 2490
111 5 2491
143 21 2492
82 190 2493
15 197 2494
180 19 2495
185 111 2496
100 112 2497
6 59 2498
34 154 2499
116 124 2500
98 51 2501
185 162 2502
105 114 2503
87 14 2504
71 12 2505
41 16 2506
67 181 2507
171 153 2508
17 25 2509
7 61 2510
192 4 2511
200 71 2512
196 23 2513
4 20 2514
157 80 2515
71 79 2516
8 16 2517
71 25 2518
40 88 2519
139 122 2520
132 199 2521
184 10 2522
110 12 2523
61 24 2524
120 34 2525
153 22 2526
180 162 2527
20 181 2528
169 144 2529
124 131 2530
16 49 2531
133 89 2532
9 133 2533
52 115 2534
52 102 2535
112 103 2536
181 194 2537
160 37 2538
124 169 2539
117 37 2540
184 109 2541
194 120 2542
47 58 2543
176 24 2544
65 170 2545
88 19 2546
177 200 2547
199 41 2548
61 195 2549
58 79 2550
36 85 2551
50 7 2552
192 52 2553
150 163 2554
11 1 2555
101 130 2556
59 64 2557
41 158 2558
25 104 2559
167 157 2560
166 23 2561
95 138 2562
23 73 2563
145 188 2564
195 150 2565
178 116 2566
50 66 2567
69 78 2568
41 56 2569
192 61 2570
190 96 2571
22 197 2572
94 71 2573
190 77 2574
9 110 2575
174 4 2576
1 58 2577
139 42 2578
11 34 2579
140 75 2580
86 92 2581
194 103 2582
41 28 2583
185 35 2584
46 137 2585
51 45 2586
56 8 2587
157 161 2588
124 157 2589
46 37 2590
197 56 2591
58 161 2592
7 21 2593
180 158 2594
10 173 2595
17 135 2596
10 67 2597
10 149 2598
33 128 2599
52 173 2600
134 141 2601
57 18 2602
130 97 2603
94 153 2604
142 110 2605
117 128 2606
87 3 2607
17 95 2608
157 51 2609
40 32 2610
119 162 2611
47 99 2612
151 198 2613
173 67 2614
129 138 2615
123 142 2616
171 150 2617
80 111 2618
164 116 2619
155 136 2620
34 54 2621
111 3 2622
42 49 2623
152 13 2624
53 104 2625
144 121 2626
163 120 2627
123 80 2628
38 29 2629
55 156 2630
41 19 2631
76 41 2632
130 166 2633
69 4 2634
117 50 2635
137 105 2636
44 181 2637
107 99 2638
109 41 2639
62 105 2640
193 25 2641
128 8 2642
168 160 2643
79 138 2644
197 135 2645
74 82 2646
112 50 2647
178 72 2648
198 55 2649
150 103 2650
135 167 2651
198 14 2652
11 99 2653
59 196 2654
60 81 2655
22 180 2656
178 29 2657
41 130 2658
185 10 2659
18 56 2660
33 91 2661
77 191 2662
147 150 2663
140 83 2664
64 185 2665
163 142 2666
195 106 2667
142 11 2668
190 158 2669
195 66 2670
47 97 2671
56 148 2672
125 110 2673
5 118 2674
48 193 2675
178 191 2676
171 157 2677
5 10 2678
111 129 2679
87 164 2680
81 99 2681
177 141 2682
123 6 2683
117 185 2684
41 100 2685
10 42 2686
108 148 2687
124 141 2688
84 3 2689
164 127 2690
123 88 2691
163 194 2692
20 106 2693
184 118 2694
176 26 2695
91 107 2696
104 179 2697
134 178 2698
164 89 2699
176 130 2700
127 184 2701
158 115 2702
85 5 2703
93 192 2704
182 30 2705
39 51 2706
90 121 2707
55 68 2708
73 192 2709
102 93 2710
140 58 2711
83 59 2712
62 197 2713
24 29 2714
200 124 2715
180 83 2716
91 67 2717
51 138 2718
140 164 2719
82 120 2720
29 113 2721
177 85 2722
199 81 2723
108 19 2724
193 97 2725
109 194 2726
197 117 2727
23 157 2728
49 73 2729
101 56 2730
33 67 2731
58 15 2732
110 87 2733
169 32 2734
151 99 2735
47 173 2736
33 120 2737
190 138 2738
70 67 2739
177 151 2740
71 5 2741
45 24 2742
24 130 2743
133 185 2744
185 36 2745
31 52 2746
36 198 2747
83 50 2748
86 190 2749
81 91 2750
45 25 2751
20 34 2752
187 173 2753
112 38 2754
77 128 2755
41 145 2756
167 199 2757
75 179 2758
59 152 2759
99 126 2760
143 129 2761
159 76 2762
103 140 2763
148 32 2764
127 67 2765
87 165 2766
24 142 2767
84 45 2768
19 194 2769
153 197 2770
190 185 2771
71 90 2772
107 43 2773
151 150 2774
168 53 2775
126 65 2776
124 104 2777
73 107 2778
27 64 2779
115 129 2780
193 175 2781
53 96 2782
195 15 2783
112 147 2784
26 66 2785
79 111 2786
61 135 2787
85 45 2788
37 156 2789
177 20 2790
63 90 2791
91 84 2792
4 71 2793
181 157 2794
165 29 2795
26 163 2796
35 92 2797
150 90 2798
117 21 2799
16 80 2800
142 39 2801
55 167 2802
45 112 2803
136 178 2804
26 181 2805
73 48 2806
166 17 2807
46 57 2808
159 165 2809
103 102 2810
174 158 2811
70 150 2812
107 190 2813
1 136 2814
74 160 2815
162 116 2816
121 57 2817
51 155 2818
69 157 2819
155 199 2820
186 158 2821
197 152 2822
30 32 2823
26 140 2824
144 79 2825
70 77 2826
4 60 2827
177 189 2828
110 31 2829
194 191 2830
12 159 2831
64 161 2832
31 57 2833
123 25 2834
111 143 2835
168 98 2836
158 200 2837
88 54 2838
196 43 2839
171 119 2840
7 67 2841
29 179 2842
155 109 2843
170 160 2844
40 154 2845
6 20 2846
167 109 2847
17 121 2848
29 150 2849
97 22 2850
134 109 2851
89 121 2852
182 150 2853
13 187 2854
147 35 2855
148 50 2856
114 133 2857
187 46 2858
181 68 2859
63 153 2860
126 95 2861
183 132 2862
124 38 2863
61 43 2864
56 24 2865
198 149 2866
199 134 2867
178 106 2868
1 180 2869
101 44 2870
153 134 2871
186 157 2872
151 195 2873
154 144 2874
33 178 2875
100 95 2876
137 45 2877
189 24 2878
33 22 2879
126 158 2880
154 135 2881
195 101 2882
105 36 2883
27 101 2884
43 111 2885
178 56 2886
172 8 2887
149 176 2888
59 131 2889
154 100 2890
136 185 2891
7 72 2892
190 53 2893
3 90 2894
174 71 2895
162 175 2896
4 13 2897
2 130 2898
128 72 2899
200 74 2900
83 71 2901
131 23 2902
64 80 2903
16 171 2904
89 55 2905
196 28 2906
50 22 2907
192 176 2908
83 120 2909
40 4 2910
66 60 2911
34 2 2912
182 155 2913
98 91 2914
200 130 2915
152 60 2916
141 12 2917
79 129 2918
43 69 2919
77 40 2920
91 71 2921
170 105 2922
117 12 2923
178 57 2924
115 122 2925
188 57 2926
27 94 2927
167 175 2928
113 156 2929
99 48 2930
193 6 2931
91 3 2932
155 124 2933
118 178 2934
165 58 2935
200 128 2936
134 169 2937
168 111 2938
150 154 2939
105 14 2940
174 150 2941
188 106 2942
169 95 2943
42 167 2944
197 74 2945
110 55 2946
22 86 2947
169 145 2948
94 192 2949
149 195 2950
83 117 2951
91 43 2952
39 94 2953
179 6 2954
164 182 2955
188 125 2956
192 53 2957
73 179 2958
150 156 2959
89 193 2960
112 28 2961
113 1 2962
44 92 2963
30 144 2964
105 56 2965
167 70 2966
50 64 2967
152 89 2968
101 82 2969
175 2 2970
72 13 2971
90 11 2972
46 64 2973
175 113 2974
183 63 2975
123 112 2976
111 16 2977
95 194 2978
171 149 2979
134 82 2980
65 147 2981
101 63 2982
22 87 2983
73 164 2984
74 88 2985
176 182 2986
199 68 2987
63 18 2988
25 118 2989
60 132 2990
86 188 2991
139 167 2992
39 71 2993
72 93 2994
87 116 2995
183 89 2996
111 95 2997
161 176 2998
192 87 2999
122 133 3000
150 114 3001
158 26 3002
167 35 3003
163 129 3004
177 97 3005
82 141 3006
190 61 3007
83 132 3008
147 70 3009
88 29 3010
155 11 3011
114 200 3012
84 117 3013
66 115 3014
178 76 3015
45 185 3016
27 148 3017
155 139 3018
5 147 3019
89 84 3020
93 153 3021
189 173 3022
121 63 3023
156 102 3024
9 170 3025
190 160 3026
52 164 3027
176 49 3028
62 107 3029
124 176 3030
97 99 3031
151 137 3032
143 46 3033
119 157 3034
195 78 3035
158 70 3036
117 146 3037
151 126 3038
194 85 3039
96 141 3040
53 1 3041
166 169 3042
193 103 3043
80 68 3044
94 103 3045
65 169 3046
109 193 3047
148 36 3048
77 38 3049
119 12 3050
123 150 3051
28 174 3052
67 59 3053
125 94 3054
21 27 3055
179 48 3056
2 85 3057
176 118 3058
158 198 3059
190 104 3060
193 66 3061
109 182 3062
73 51 3063
112 67 3064
25 114 3065
52 165 3066
168 173 3067
59 61 3068
83 69 3069
159 141 3070
40 34 3071
68 177 3072
19 23 3073
66 192 3074
6 139 3075
41 85 3076
29 52 3077
22 186 3078
84 73 3079
84 158 3080
50 25 3081
98 114 3082
138 171 3083
131 41 3084
165 183 3085
68 78 3086
33 41 3087
15 100 3088
161 118 3089
3 47 3090
141 168 3091
72 169 3092
148 197 3093
6 111 3094
128 161 3095
162 48 3096
7 58 3097
198 83 3098
137 77 3099
14 60 3100
68 146 3101
69 66 3102
19 198 3103
138 192 3104
76 151 3105
120 161 3106
56 102 3107
101 80 3108
149 2 3109
196 139 3110
141 95 3111
72 112 3112
46 85 3113
164 78 3114
144 160 3115
81 43 3116
119 16 3117
136 70 3118
136 59 3119
84 173 3120
144 117 3121
188 60 3122
123 64 3123
128 75 3124
95 50 3125
47 179 3126
4 159 3127
114 33 3128
154 47 3129
76 12 3130
162 156 3131
99 49 3132
58 97 3133
36 125 3134
132 156 3135
178 37 3136
78 155 3137
130 151 3138
71 163 3139
195 188 3140
168 147 3141
176 134 3142
70 17 3143
52 152 3144
172 118 3145
163 88 3146
138 123 3147
165 166 3148
121 102 3149
78 43 3150
150 76 3151
101 107 3152
145 11 3153
88 189 3154
57 74 3155
197 31 3156
38 72 3157
57 12 3158
185 103 3159
173 135 3160
195 79 3161
200 142 3162
171 19 3163
82 48 3164
80 32 3165
53 130 3166
74 36 3167
151 97 3168
134 49 3169
53 57 3170
94 70 3171
162 197 3172
74 38 3173
86 128 3174
112 36 3175
174 178 3176
158 83 3177
106 105 3178
182 35 3179
26 90 3180
22 18 3181
125 143 3182
96 80 3183
164 11 3184
114 75 3185
116 54 3186
94 162 3187
133 32 3188
24 139 3189
135 47 3190
45 3 3191
76 30 3192
78 157 3193
187 191 3194
66 52 3195
185 22 3196
59 68 3197
103 69 3198
167 68 3199
60 151 3200
43 184 3201
10 110 3202
87 67 3203
34 132 3204
98 166 3205
37 103 3206
150 125 3207
14 43 3208
164 168 3209
16 186 3210
195 95 3211
72 191 3212
126 47 3213
194 1 3214
61 28 3215
45 63 3216
16 92 3217
136 150 3218
102 81 3219
13 170 3220
138 84 3221
21 91 3222
102 104 3223
142 79 3224
154 124 3225
5 97 3226
177 70 3227
103 1 3228
22 68 3229
153 155 3230
33 183 3231
124 129 3232
200 129 3233
186 82 3234
93 82 3235
51 54 3236
168 51 3237
166 105 3238
18 14 3239
49 66 3240
56 200 3241
8 58 3242
77 74 3243
194 40 3244
171 110 3245
37 2 3246
176 168 3247
173 177 3248
77 164 3249
75 23 3250
163 21 3251
82 146 3252
87 173 3253
171 78 3254
196 67 3255
147 92 3256
74 165 3257
2 89 3258
90 194 3259
14 147 3260
140 34 3261
162 155 3262
197 99 3263
65 98 3264
180 157 3265
100 118 3266
97 52 3267
90 119 3268
176 78 3269
30 200 3270
35 26 3271
184 124 3272
54 76 3273
200 190 3274
11 81 3275
48 61 3276
142 107 3277
92 127 3278
181 103 3279
60 120 3280
28 37 3281
137 108 3282
132 10 3283
172 57 3284
47 67 3285
60 42 3286
148 98 3287
9 94 3288
85 57 3289
111 103 3290
142 170 3291
9 159 3292
113 92 3293
117 140 3294
71 46 3295
50 26 3296
32 157 3297
174 175 3298
60 145 3299
68 83 3300
91 187 3301
31 29 3302
125 133 3303
54 120 3304
101 141 3305
189 162 3306
67 41 3307
144 51 3308
35 149 3309
157 153 3310
176 15 3311
187 172 3312
9 95 3313
114 196 3314
28 22 3315
4 153 3316
96 197 3317
111 62 3318
6 124 3319
31 85 3320
19 84 3321
162 103 3322
149 43 3323
54 3 3324
95 28 3325
185 144 3326
41 72 3327
87 77 3328
48 17 3329
26 9 3330
16 13 3331
92 93 3332
109 172 3333
60 10 3334
172 178 3335
41 138 3336
47 92 3337
47 125 3338
59 111 3339
159 150 3340
14 199 3341
42 67 3342
177 136 3343
135 141 3344
188 52 3345
1 151 3346
138 66 3347
26 137 3348
182 151 3349
53 52 3350
175 165 3351
151 46 3352
137 125 3353
121 175 3354
141 146 3355
66 135 3356
169 153 3357
166 36 3358
79 123 3359
140 167 3360
129 178 3361
191 95 3362
69 48 3363
172 100 3364
164 157 3365
155 185 3366
30 65 3367
193 19 3368
98 39 3369
136 138 3370
120 116 3371
183 76 3372
90 105 3373
167 159 3374
171 51 3375
63 13 3376
191 118 3377
20 72 3378
81 57 3379
53 26 3380
183 46 3381
108 72 3382
143 65 3383
33 39 3384
131 89 3385
139 98 3386
200 93 3387
86 7 3388
49 173 3389
165 14 3390
65 146 3391
194 56 3392
34 141 3393
196 41 3394
177 134 3395
115 131 3396
157 47 3397
111 38 3398
2 178 3399
39 48 3400
94 102 3401
42 1 3402
169 6 3403
186 148 3404
33 5 3405
187 93 3406
177 62 3407
115 196 3408
37 7 3409
35 76 3410
96 22 3411
167 98 3412
162 68 3413
64 182 3414
60 64 3415
103 131 3416
12 33 3417
40 148 3418
149 138 3419
195 5 3420
158 4 3421
141 52 3422
23 144 3423
133 45 3424
48 96 3425
82 88 3426
193 163 3427
87 29 3428
164 18 3429
146 4 3430
188 183 3431
198 121 3432
33 49 3433
10 148 3434
136 126 3435
33 153 3436
55 172 3437
74 137 3438
140 14 3439
113 63 3440
48 105 3441
105 128 3442
57 138 3443
120 1 3444
22 10 3445
133 30 3446
26 142 3447
178 27 3448
82 4 3449
147 131 3450
91 27 3451
103 158 3452
143 17 3453
185 96 3454
41 77 3455
82 108 3456
137 32 3457
86 134 3458
163 186 3459
21 66 3460
23 156 3461
139 126 3462
19 5 3463
35 165 3464
91 115 3465
61 143 3466
141 42 3467
187 106 3468
98 124 3469
62 21 3470
162 140 3471
149 54 3472
108 38 3473
66 183 3474
54 86 3475
138 86 3476
172 177 3477
4 122 3478
157 3 3479
150 47 3480
125 58 3481
135 170 3482
149 12 3483
130 175 3484
180 199 3485
114 69 3486
176 129 3487
23 70 3488
70 72 3489
198 161 3490
123 53 3491
162 191 3492
170 98 3493
45 27 3494
82 138 3495
28 133 3496
16 72 3497
141 16 3498
145 104 3499
139 60 3500
190 19 3501
95 18 3502
128 3 3503
92 62 3504
199 98 3505
16 48 3506
80 113 3507
144 38 3508
127 120 3509
165 114 3510
47 192 3511
142 47 3512
31 168 3513
105 158 3514
60 123 3515
44 195 3516
134 164 3517
174 48 3518
18 156 3519
69 13 3520
81 158 3521
70 183 3522
98 105 3523
157 184 3524
9 197 3525
80 129 3526
156 38 3527
43 67 3528
64 86 3529
106 107 3530
54 100 3531
157 74 3532
102 157 3533
196 164 3534
65 167 3535
140 29 3536
115 152 3537
76 167 3538
112 115 3539
81 44 3540
113 139 3541
63 68 3542
77 107 3543
37 194 3544
10 64 3545
5 188 3546
101 146 3547
37 188 3548
21 110 3549
197 52 3550
38 185 3551
25 108 3552
106 111 3553
15 122 3554
146 10 3555
83 60 3556
39 154 3557
99 173 3558
25 147 3559
43 35 3560
147 13 3561
5 132 3562
189 90 3563
3 26 3564
116 143 3565
58 98 3566
66 99 3567
89 82 3568
62 58 3569
73 34 3570
2 36 3571
33 135 3572
115 180 3573
111 14 3574
6 128 3575
60 105 3576
14 187 3577
107 69 3578
173 180 3579
71 42 3580
176 51 3581
46 147 3582
106 85 3583
21 1 3584
133 187 3585
7 47 3586
192 195 3587
188 89 3588
10 89 3589
27 17 3590
99 191 3591
19 143 3592
158 60 3593
194 154 3594
48 108 3595
182 86 3596
22 43 3597
130 118 3598
100 17 3599
197 82 3600
40 175 3601
35 19 3602
93 121 3603
152 16 3604
55 183 3605
120 121 3606
172 185 3607
175 180 3608
41 194 3609
199 30 3610
8 73 3611
121 122 3612
170 136 3613
41 43 3614
168 82 3615
13 80 3616
13 10 3617
141 188 3618
91 41 3619
85 76 3620
144 92 3621
169 99 3622
79 56 3623
63 62 3624
180 33 3625
4 143 3626
86 24 3627
90 110 3628
12 169 3629
148 152 3630
194 29 3631
86 36 3632
78 123 3633
129 161 3634
116 135 3635
167 85 3636
177 185 3637
18 48 3638
26 141 3639
133 123 3640
142 94 3641
27 158 3642
114 32 3643
83 79 3644
121 91 3645
181 123 3646
149 144 3647
184 20 3648
170 46 3649
193 192 3650
185 110 3651
28 188 3652
20 43 3653
87 42 3654
142 36 3655
104 38 3656
59 18 3657
170 10 3658
86 161 3659
60 62 3660
38 134 3661
89 69 3662
128 194 3663
30 79 3664
32 197 3665
162 120 3666
112 15 3667
7 87 3668
187 112 3669
168 7 3670
49 57 3671
199 18 3672
120 7 3673
1 183 3674
187 166 3675
118 98 3676
90 84 3677
19 91 3678
155 192 3679
110 146 3680
154 36 3681
82 194 3682
36 53 3683
88 80 3684
198 23 3685
38 118 3686
45 191 3687
55 21 3688
28 6 3689
39 45 3690
94 89 3691
6 161 3692
91 155 3693
95 198 3694
19 117 3695
119 149 3696
175 78 3697
127 3 3698
136 74 3699
89 115 3700
133 16 3701
88 152 3702
198 90 3703
40 93 3704
22 104 3705
115 172 3706
66 57 3707
9 163 3708
179 173 3709
92 7 3710
67 29 3711
176 96 3712
190 186 3713
146 126 3714
107 114 3715
8 158 3716
162 149 3717
21 195 3718
5 172 3719
59 184 3720
191 96 3721
87 50 3722
62 87 3723
57 163 3724
63 11 3725
24 161 3726
75 57 3727
64 15 3728
18 102 3729
29 195 3730
118 31 3731
108 196 3732
14 103 3733
33 100 3734
64 21 3735
12 105 3736
80 66 3737
126 132 3738
136 31 3739
109 124 3740
7 66 3741
53 118 3742
165 80 3743
193 71 3744
14 58 3745
8 154 3746
147 111 3747
194 198 3748
132 84 3749
55 69 3750
14 74 3751
159 54 3752
70 112 3753
181 144 3754
165 54 3755
170 116 3756
70 73 3757
60 55 3758
191 189 3759
47 90 3760
109 111 3761
197 196 3762
161 67 3763
133 55 3764
133 23 3765
24 167 3766
59 121 3767
98 11 3768
60 189 3769
34 173 3770
104 176 3771
162 33 3772
95 83 3773
67 35 3774
155 44 3775
119 15 3776
105 183 3777
37 8 3778
36 28 3779
176 20 3780
141 121 3781
113 194 3782
169 194 3783
54 195 3784
98 190 3785
144 145 3786
130 170 3787
30 68 3788
73 54 3789
34 68 3790
121 193 3791
95 160 3792
147 137 3793
163 63 3794
185 26 3795
50 47 3796
16 50 3797
3 113 3798
106 6 3799
139 32 3800
90 185 3801
68 29 3802
3 180 3803
91 161 3804
15 174 3805
149 166 3806
135 155 3807
100 121 3808
184 84 3809
104 156 3810
95 23 3811
200 90 3812
193 70 3813
46 102 3814
113 180 3815
129 20 3816
74 50 3817
56 29 3818
120 158 3819
41 99 3820
121 98 3821
44 39 3822
66 81 3823
58 46 3824
47 193 3825
72 3 3826
116 194 3827
181 57 3828
111 74 3829
22 63 3830
6 62 3831
156 25 3832
48 28 3833
44 137 3834
134 66 3835
84 134 3836
191 26 3837
31 56 3838
76 38 3839
21 9 3840
156 155 3841
168 113 3842
51 149 3843
172 46 3844
168 159 3845
75 125 3846
29 177 3847
81 115 3848
77 31 3849
3 193 3850
51 160 3851
18 163 3852
95 35 3853
44 90 3854
170 47 3855
79 60 3856
81 41 3857
161 140 3858
150 54 3859
140 152 3860
73 50 3861
21 153 3862
17 115 3863
166 2 3864
62 166 3865
26 160 3866
192 122 3867
177 161 3868
193 142 3869
30 136 3870
5 41 3871
65 89 3872
12 66 3873
63 65 3874
147 165 3875
95 128 3876
7 165 3877
150 22 3878
161 130 3879
175 147 3880
177 4 3881
70 51 3882
187 159 3883
27 42 3884
168 45 3885
77 142 3886
109 163 3887
17 155 3888
83 12 3889
73 55 3890
148 24 3891
25 155 3892
7 41 3893
31 92 3894
20 139 3895
5 126 3896
1 177 3897
166 32 3898
138 39 3899
82 23 3900
83 133 3901
98 198 3902
100 58 3903
136 199 3904
135 182 3905
59 30 3906
131 9 3907
160 179 3908
37 51 3909
75 79 3910
32 164 3911
139 124 3912
123 76 3913
21 135 3914
49 140 3915
97 19 3916
180 74 3917
62 194 3918
155 200 3919
54 8 3920
15 63 3921
169 177 3922
39 13 3923
195 18 3924
105 131 3925
85 191 3926
103 105 3927
67 13 3928
139 3 3929
139 190 3930
75 143 3931
193 30 3932
21 159 3933
142 173 3934
94 38 3935
62 192 3936
150 79 3937
191 143 3938
101 187 3939
161 156 3940
1 16 3941
127 46 3942
135 179 3943
150 116 3944
121 41 3945
3 86 3946
174 52 3947
45 123 3948
131 151 3949
134 175 3950
186 182 3951
105 30 3952
71 66 3953
16 155 3954
135 34 3955
124 117 3956
100 161 3957
22 130 3958
115 62 3959
38 31 3960
139 108 3961
14 84 3962
2 93 3963
3 56 3964
178 150 3965
200 185 3966
130 73 3967
75 78 3968
35 196 3969
34 43 3970
58 180 3971
47 34 3972
91 151 3973
53 9 3974
95 79 3975
144 21 3976
157 40 3977
185 121 3978
186 98 3979
15 153 3980
71 98 3981
189 41 3982
114 89 3983
151 121 3984
51 49 3985
10 82 3986
174 146 3987
199 142 3988
152 113 3989
119 10 3990
93 103 3991
37 16 3992
41 163 3993
154 197 3994
123 30 3995
97 152 3996
72 189 3997
164 67 3998
93 20 3999
119 143 4000
83 128 4001
92 21 4002
193 51 4003
198 138 4004
74 115 4005
177 6 4006
29 158 4007
119 86 4008
157 100 4009
164 56 4010
110 78 4011
185 86 4012
78 188 4013
99 106 4014
73 149 4015
40 163 4016
18 115 4017
56 6 4018
94 105 4019
180 186 4020
198 128 4021
135 91 4022
184 165 4023
149 23 4024
101 105 4025
74 163 4026
108 75 4027
60 103 4028
136 135 4029
161 61 4030
165 73 4031
156 13 4032
9 70 4033
24 60 4034
162 84 4035
90 45 4036
177 42 4037
27 62 4038
188 40 4039
87 100 4040
125 87 4041
104 83 4042
2 171 4043
161 151 4044
119 60 4045
124 61 4046
105 40 4047
126 3 4048
160 148 4049
35 119 4050
104 100 4051
5 166 4052
116 171 4053
128 5 4054
189 185 4055
107 84 4056
152 177 4057
13 180 4058
72 153 4059
132 150 4060
140 57 4061
22 15 4062
25 57 4063
131 22 4064
79 7 4065
42 11 4066
45 192 4067
99 112 4068
144 119 4069
155 143 4070
101 89 4071
78 77 4072
59 163 4073
26 186 4074
97 162 4075
43 158 4076
160 21 4077
174 49 4078
113 146 4079
199 61 4080
148 23 4081
145 122 4082
48 175 4083
95 60 4084
67 82 4085
49 45 4086
25 23 4087
147 58 4088
159 17 4089
183 40 4090
127 47 4091
128 106 4092
75 21 4093
94 191 4094
198 84 4095
12 173 4096
26 34 4097
3 83 4098
121 51 4099
69 84 4100
153 83 4101
5 93 4102
54 24 4103
99 84 4104
134 30 4105
52 151 4106
197 161 4107
153 78 4108
28 149 4109
83 121 4110
75 106 4111
189 33 4112
14 159 4113
188 105 4114
88 184 4115
184 32 4116
59 15 4117
3 160 4118
81 2 4119
70 82 4120
137 56 4121
93 170 4122
44 187 4123
170 118 4124
155 196 4125
145 141 4126
92 60 4127
97 161 4128
36 33 4129
186 58 4130
196 103 4131
194 57 4132
66 10 4133
146 125 4134
196 175 4135
103 32 4136
58 60 4137
3 28 4138
33 137 4139
182 8 4140
3 41 4141
68 168 4142
160 156 4143
156 148 4144
24 128 4145
59 31 4146
150 98 4147
187 75 4148
160 103 4149
150 121 4150
24 95 4151
46 27 4152
56 9 4153
69 104 4154
58 191 4155
197 58 4156
152 184 4157
84 16 4158
200 48 4159
78 114 4160
182 23 4161
151 84 4162
125 130 4163
194 174 4164
95 85 4165
192 189 4166
73 79 4167
128 28 4168
15 117 4169
30 191 4170
69 60 4171
36 39 4172
3 4 4173
42 81 4174
5 192 4175
196 76 4176
75 119 4177
184 161 4178
20 77 4179
33 129 4180
6 138 4181
71 168 4182
35 39 4183
148 73 4184
147 91 4185
138 111 4186
19 167 4187
169 17 4188
130 133 4189
58 78 4190
127 197 4191
95 74 4192
117 14 4193
156 74 4194
26 104 4195
112 29 4196
147 177 4197
137 128 4198
94 149 4199
110 96 4200
54 134 4201
182 117 4202
38 163 4203
101 120 4204
134 77 4205
153 113 4206
51 74 4207
185 97 4208
72 115 4209
183 13 4210
171 28 4211
144 106 4212
181 132 4213
20 103 4214
155 134 4215
60 59 4216
116 97 4217
18 16 4218
92 90 4219
124 4 4220
22 56 4221
135 4 4222
97 119 4223
190 67 4224
181 79 4225
95 140 4226
20 137 4227
98 172 4228
48 110 4229
162 129 4230
160 107 4231
39 105 4232
63 154 4233
72 120 4234
104 112 4235
184 51 4236
90 163 4237
28 169 4238
85 141 4239
101 155 4240
74 181 4241
2 188 4242
94 112 4243
102 58 4244
186 147 4245
64 1 4246
134 39 4247
8 23 4248
92 166 4249
23 34 4250
42 18 4251
37 123 4252
102 105 4253
8 38 4254
44 140 4255
192 140 4256
181 164 4257
48 190 4258
64 117 4259
91 130 4260
142 114 4261
191 184 4262
174 129 4263
166 6 4264
141 105 4265
194 178 4266
191 24 4267
33 72 4268
111 93 4269
63 47 4270
3 27 4271
158 128 4272
12 160 4273
114 36 4274
99 62 4275
5 120 4276
86 130 4277
69 143 4278
120 118 4279
159 26 4280
158 82 4281
176 180 4282
146 127 4283
166 64 4284
99 162 4285
79 153 4286
114 63 4287
147 84 4288
182 47 4289
72 10 4290
164 137 4291
117 155 4292
126 111 4293
155 142 4294
5 78 4295
34 51 4296
142 197 4297
115 195 4298
170 175 4299
181 42 4300
185 196 4301
128 141 4302
135 147 4303
37 85 4304
14 23 4305
62 129 4306
50 4 4307
167 191 4308
190 37 4309
30 178 4310
77 39 4311
165 61 4312
155 28 4313
140 200 4314
39 21 4315
80 19 4316
10 123 4317
104 95 4318
16 31 4319
133 115 4320
25 166 4321
18 106 4322
31 137 4323
114 141 4324
72 54 4325
80 21 4326
66 178 4327
4 21 4328
2 29 4329
105 195 4330
186 146 4331
125 164 4332
196 163 4333
24 13 4334
32 84 4335
44 180 4336
58 30 4337
113 121 4338
141 118 4339
187 186 4340
15 156 4341
173 132 4342
47 145 4343
89 120 4344
155 49 4345
81 186 4346
130 30 4347
142 186 4348
41 190 4349
139 153 4350
101 87 4351
38 46 4352
122 132 4353
139 26 4354
158 25 4355
100 106 4356
109 75 4357
61 121 4358
175 50 4359
182 15 4360
122 170 4361
129 40 4362
91 9 4363
105 199 4364
139 90 4365
13 43 4366
189 184 4367
112 198 4368
157 12 4369
153 187 4370
183 52 4371
110 188 4372
194 149 4373
200 49 4374
147 119 4375
57 158 4376
52 1 4377
10 51 4378
50 42 4379
117 86 4380
183 93 4381
43 27 4382
27 70 4383
154 181 4384
95 21 4385
121 34 4386
173 28 4387
197 5 4388
55 2 4389
83 171 4390
73 68 4391
165 197 4392
3 185 4393
147 55 4394
166 31 4395
46 26 4396
97 135 4397
163 25 4398
114 72 4399
6 82 4400
91 57 4401
32 86 4402
30 13 4403
8 47 4404
37 6 4405
182 76 4406
135 63 4407
146 52 4408
200 183 4409
174 196 4410
55 157 4411
74 17 4412
10 192 4413
106 33 4414
135 153 4415
36 63 4416
21 190 4417
154 164 4418
40 162 4419
192 125 4420
15 141 4421
183 14 4422
65 198 4423
169 51 4424
29 172 4425
13 110 4426
8 160 4427
192 152 4428
97 21 4429
153 13 4430
70 53 4431
76 179 4432
109 95 4433
164 107 4434
177 127 4435
44 84 4436
11 48 4437
61 148 4438
102 125 4439
138 126 4440
107 17 4441
112 89 4442
182 40 4443
113 187 4444
44 96 4445
105 6 4446
52 150 4447
67 123 4448
76 130 4449
190 109 4450
76 29 4451
71 100 4452
60 115 4453
197 45 4454
22 2 4455
135 35 4456
1 138 4457
58 73 4458
73 78 4459
82 199 4460
115 56 4461
91 148 4462
61 72 4463
193 171 4464
86 93 4465
111 135 4466
165 113 4467
65 88 4468
101 47 4469
17 7 4470
93 149 4471
92 75 4472
38 176 4473
150 25 4474
146 182 4475
17 38 4476
27 92 4477
106 53 4478
58 37 4479
86 196 4480
105 153 4481
95 44 4482
50 155 4483
180 148 4484
33 173 4485
148 172 4486
57 151 4487
118 9 4488
161 89 4489
116 28 4490
117 67 4491
35 30 4492
4 142 4493
188 198 4494
83 28 4495
156 52 4496
22 168 4497
107 61 4498
162 178 4499
147 169 4500
182 82 4501
159 69 4502
25 197 4503
25 133 4504
191 157 4505
82 86 4506
131 40 4507
57 139 4508
108 67 4509
73 109 4510
66 40 4511
165 187 4512
80 183 4513
95 125 4514
110 54 4515
107 169 4516
58 28 4517
5 142 4518
13 109 4519
193 46 4520
139 21 4521
121 123 4522
122 17 4523
106 180 4524
21 138 4525
162 96 4526
176 147 4527
168 30 4528
103 44 4529
128 51 4530
117 150 4531
81 107 4532
44 154 4533
52 177 4534
139 148 4535
12 101 4536
84 56 4537
165 149 4538
56 47 4539
155 100 4540
25 88 4541
160 133 4542
39 97 4543
181 22 4544
142 28 4545
189 165 4546
56 12 4547
127 181 4548
29 129 4549
49 55 4550
47 184 4551
122 64 4552
82 114 4553
57 154 4554
37 23 4555
3 178 4556
71 184 4557
172 103 4558
139 69 4559
196 129 4560
155 187 4561
174 31 4562
144 173 4563
161 102 4564
51 197 4565
140 12 4566
87 135 4567
32 198 4568
15 143 4569
112 157 4570
116 57 4571
138 137 4572
34 194 4573
196 187 4574
59 89 4575
88 13 4576
67 137 4577
145 9 4578
94 180 4579
199 191 4580
125 30 4581
70 164 4582
42 32 4583
66 13 4584
66 29 4585
188 109 4586
163 145 4587
88 135 4588
131 27 4589
39 68 4590
137 161 4591
140 193 4592
96 31 4593
181 140 4594
9 161 4595
195 37 4596
113 174 4597
25 89 4598
66 85 4599
194 186 4600
22 94 4601
198 21 4602
23 179 4603
53 191 4604
169 79 4605
15 188 4606
38 93 4607
53 181 4608
139 116 4609
181 30 4610
82 110 4611
82 31 4612
65 111 4613
8 77 4614
86 26 4615
86 99 4616
175 10 4617
165 139 4618
34 185 4619
22 31 4620
12 143 4621
189 159 4622
66 19 4623
34 92 4624
85 73 4625
12 35 4626
144 93 4627
147 50 4628
125 134 4629
82 181 4630
95 103 4631
189 121 4632
160 115 4633
135 110 4634
54 95 4635
113 140 4636
24 188 4637
129 130 4638
15 114 4639
19 22 4640
165 6 4641
116 128 4642
168 135 4643
199 24 4644
109 187 4645
70 75 4646
42 4 4647
163 14 4648
182 88 4649
89 160 4650
163 77 4651
5 28 4652
106 126 4653
52 58 4654
54 31 4655
46 17 4656
164 142 4657
85 132 4658
149 18 4659
40 111 4660
44 37 4661
40 74 4662
3 35 4663
86 151 4664
21 69 4665
83 139 4666
29 46 4667
83 8 4668
53 21 4669
182 125 4670
174 12 4671
100 44 4672
114 155 4673
39 101 4674
168 83 4675
24 146 4676
76 124 4677
196 34 4678
101 121 4679
65 113 4680
30 28 4681
172 192 4682
131 162 4683
101 46 4684
28 104 4685
102 191 4686
157 64 4687
128 98 4688
187 102 4689
134 127 4690
198 169 4691
71 81 4692
171 37 4693
86 168 4694
159 127 4695
130 68 4696
196 30 4697
27 54 4698
36 76 4699
59 13 4700
138 29 4701
113 6 4702
116 155 4703
197 40 4704
172 159 4705
35 133 4706
183 87 4707
124 68 4708
62 127 4709
70 90 4710
24 162 4711
158 89 4712
151 109 4713
167 25 4714
195 36 4715
178 173 4716
29 137 4717
30 129 4718
179 55 4719
91 85 4720
58 172 4721
172 157 4722
79 106 4723
1 72 4724
138 42 4725
14 158 4726
143 194 4727
140 109 4728
62 95 4729
95 159 4730
41 161 4731
193 98 4732
40 7 4733
124 5 4734
112 34 4735
163 72 4736
21 85 4737
127 75 4738
132 88 4739
53 119 4740
152 49 4741
178 100 4742
13 1 4743
76 37 4744
180 178 4745
141 169 4746
160 185 4747
82 109 4748
17 192 4749
148 137 4750
125 197 4751
114 76 4752
152 182 4753
148 165 4754
116 88 4755
7 63 4756
6 5 4757
178 144 4758
28 153 4759
144 28 4760
46 50 4761
51 95 4762
18 113 4763
173 1 4764
68 159 4765
192 64 4766
124 107 4767
177 37 4768
82 178 4769
83 45 4770
164 149 4771
101 32 4772
7 70 4773
22 61 4774
117 138 4775
125 26 4776
119 96 4777
34 57 4778
41 170 4779
189 131 4780
153 16 4781
70 181 4782
2 53 4783
58 174 4784
88 117 4785
116 14 4786
178 73 4787
156 73 4788
65 44 4789
9 130 4790
91 177 4791
12 20 4792
45 142 4793
9 62 4794
100 4 4795
9 1 4796
179 106 4797
142 176 4798
156 65 4799
163 98 4800
88 32 4801
29 170 4802
7 112 4803
94 4 4804
87 85 4805
112 16 4806
17 37 4807
48 4 4808
108 35 4809
185 134 4810
105 8 4811
64 97 4812
35 60 4813
106 131 4814
55 63 4815
168 151 4816
186 60 4817
197 182 4818
106 199 4819
82 157 4820
82 21 4821
121 137 4822
16 168 4823
6 27 4824
74 141 4825
45 31 4826
6 60 4827
128 191 4828
132 120 4829
149 60 4830
135 13 4831
79 160 4832
136 197 4833
54 177 4834
4 99 4835
37 9 4836
102 166 4837
61 188 4838
87 111 4839
138 141 4840
191 152 4841
80 174 4842
193 27 4843
170 111 4844
99 113 4845
108 31 4846
30 38 4847
199 84 4848
148 153 4849
36 123 4850
88 73 4851
120 50 4852
19 58 4853
91 60 4854
49 149 4855
149 106 4856
94 156 4857
50 59 4858
76 9 4859
110 30 4860
77 11 4861
18 7 4862
190 33 4863
199 150 4864
89 105 4865
196 200 4866
155 181 4867
183 4 4868
3 71 4869
148 104 4870
142 189 4871
5 114 4872
95 178 4873
139 12 4874
61 82 4875
62 123 4876
12 97 4877
29 101 4878
157 133 4879
187 134 4880
117 48 4881
9 198 4882
136 38 4883
27 156 4884
133 4 4885
139 159 4886
99 57 4887
103 66 4888
158 22 4889
19 113 4890
121 126 4891
40 102 4892
179 180 4893
168 78 4894
10 92 4895
191 181 4896
48 14 4897
50 27 4898
88 67 4899
74 106 4900
127 100 4901
126 52 4902
114 85 4903
46 105 4904
84 148 4905
74 8 4906
49 25 4907
91 17 4908
66 112 4909
185 4 4910
149 151 4911
105 112 4912
183 47 4913
49 162 4914
109 46 4915
92 97 4916
116 101 4917
53 186 4918
36 41 4919
12 89 4920
161 104 4921
155 39 4922
70 190 4923
68 149 4924
8 19 4925
138 30 4926
63 61 4927
192 7 4928
29 73 4929
121 65 4930
57 32 4931
129 188 4932
123 127 4933
172 197 4934
105 20 4935
47 138 4936
2 8 4937
96 95 4938
122 185 4939
22 55 4940
92 168 4941
76 14 4942
59 53 4943
153 103 4944
14 189 4945
168 124 4946
53 115 4947
36 59 4948
166 148 4949
125 144 4950
38 138 4951
96 196 4952
179 103 4953
152 181 4954
24 20 4955
104 61 4956
17 173 4957
99 90 4958
72 77 4959
168 128 4960
130 147 4961
68 95 4962
3 188 4963
49 192 4964
152 74 4965
127 4 4966
47 78 4967
19 173 4968
39 83 4969
116 122 4970
61 105 4971
48 132 4972
14 188 4973
71 108 4974
170 139 4975
133 168 4976
162 60 4977
95 131 4978
186 125 4979
196 9 4980
2 153 4981
44 127 4982
95 66 4983
18 9 4984
48 141 4985
78 35 4986
182 171 4987
60 137 4988
16 93 4989
37 155 4990
115 13 4991
75 90 4992
119 57 4993
44 56 4994
86 19 4995
186 31 4996
73 129 4997
126 194 4998
191 88 4999
137 101 5000
27 190 5001
114 1 5002
107 13 5003
16 101 5004
10 94 5005
143 139 5006
140 46 5007
171 39 5008
128 32 5009
32 71 5010
45 109 5011
26 187 5012
131 154 5013
188 80 5014
117 162 5015
98 136 5016
36 194 5017
125 115 5018
196 102 5019
183 187 5020
166 132 5021
158 93 5022
102 167 5023
81 1 5024
153 30 5025
107 96 5026
97 31 5027
56 92 5028
38 157 5029
88 181 5030
32 37 5031
97 66 5032
50 75 5033
186 185 5034
86 186 5035
96 115 5036
80 192 5037
176 16 5038
189 118 5039
115 70 5040
12 43 5041
56 61 5042
131 46 5043
63 171 5044
129 63 5045
93 101 5046
97 187 5047
152 112 5048
198 108 5049
82 66 5050
167 17 5051
89 40 5052
19 110 5053
43 7 5054
132 18 5055
25 63 5056
119 56 5057
187 83 5058
187 51 5059
150 58 5060
16 97 5061
24 30 5062
53 157 5063
16 194 5064
132 129 5065
74 177 5066
46 5 5067
33 130 5068
152 157 5069
125 14 5070
104 200 5071
171 85 5072
86 65 5073
192 177 5074
153 133 5075
23 12 5076
15 52 5077
10 183 5078
54 127 5079
14 49 5080
157 81 5081
78 172 5082
54 14 5083
175 192 5084
5 27 5085
24 110 5086
15 132 5087
92 68 5088
135 39 5089
137 178 5090
123 185 5091
170 171 5092
103 110 5093
166 95 5094
110 195 5095
135 2 5096
96 199 5097
75 20 5098
59 42 5099
29 124 5100
119 156 5101
73 17 5102
35 166 5103
116 77 5104
34 45 5105
140 130 5106
136 100 5107
139 179 5108
189 178 5109
170 154 5110
61 90 5111
52 86 5112
187 171 5113
127 66 5114
78 162 5115
119 136 5116
76 188 5117
73 115 5118
60 128 5119
124 180 5120
138 54 5121
24 173 5122
90 187 5123
40 121 5124
81 119 5125
187 70 5126
195 167 5127
161 193 5128
164 34 5129
60 40 5130
32 91 5131
185 188 5132
142 133 5133
186 128 5134
37 180 5135
116 79 5136
17 177 5137
68 33 5138
17 80 5139
79 165 5140
29 47 5141
107 88 5142
1 56 5143
9 188 5144
140 81 5145
68 94 5146
148 154 5147
156 195 5148
173 60 5149
26 93 5150
181 137 5151
105 4 5152
140 78 5153
48 44 5154
152 71 5155
161 101 5156
30 160 5157
6 11 5158
23 143 5159
96 91 5160
44 41 5161
148 141 5162
85 135 5163
128 43 5164
196 142 5165
95 7 5166
192 13 5167
148 8 5168
64 89 5169
102 136 5170
167 69 5171
127 45 5172
136 47 5173
107 72 5174
191 13 5175
120 193 5176
86 30 5177
37 121 5178
13 60 5179
121 56 5180
129 58 5181
120 152 5182
167 176 5183
188 32 5184
127 124 5185
6 71 5186
21 141 5187
93 160 5188
108 169 5189
189 87 5190
168 161 5191
28 52 5192
112 150 5193
104 20 5194
160 154 5195
117 70 5196
21 102 5197
40 126 5198
23 5 5199
171 158 5200
153 132 5201
173 5 5202
79 114 5203
122 56 5204
82 118 5205
159 129 5206
23 78 5207
67 78 5208
186 19 5209
141 125 5210
141 150 5211
125 70 5212
29 39 5213
33 17 5214
132 94 5215
61 150 5216
93 148 5217
99 105 5218
131 44 5219
74 11 5220
42 103 5221
30 103 5222
19 32 5223
115 146 5224
72 171 5225
36 152 5226
149 173 5227
155 45 5228
184 87 5229
20 25 5230
2 76 5231
2 52 5232
159 126 5233
24 183 5234
86 174 5235
163 76 5236
46 112 5237
157 14 5238
171 152 5239
161 51 5240
90 41 5241
196 40 5242
128 178 5243
167 150 5244
30 101 5245
145 126 5246
37 5 5247
14 193 5248
134 126 5249
160 67 5250
122 101 5251
85 12 5252
139 158 5253
95 171 5254
148 58 5255
119 101 5256
61 145 5257
180 10 5258
184 68 5259
195 198 5260
168 50 5261
6 22 5262
31 64 5263
127 195 5264
100 182 5265
141 199 5266
54 200 5267
51 150 5268
149 158 5269
63 69 5270
45 78 5271
186 94 5272
34 199 5273
27 150 5274
33 80 5275
54 68 5276
187 154 5277
134 118 5278
188 155 5279
128 23 5280
172 19 5281
15 94 5282
189 69 5283
74 44 5284
85 121 5285
9 24 5286
19 154 5287
130 8 5288
79 130 5289
7 190 5290
155 46 5291
42 200 5292
165 108 5293
13 139 5294
158 30 5295
187 142 5296
13 197 5297
56 146 5298
120 41 5299
98 175 5300
175 93 5301
120 62 5302
58 168 5303
95 88 5304
102 63 5305
54 135 5306
9 125 5307
36 84 5308
149 131 5309
33 99 5310
122 110 5311
169 75 5312
84 29 5313
115 99 5314
106 197 5315
111 19 5316
187 50 5317
37 43 5318
79 85 5319
174 19 5320
129 135 5321
138 58 5322
73 22 5323
154 172 5324
191 54 5325
138 197 5326
5 16 5327
186 177 5328
88 41 5329
110 147 5330
162 133 5331
139 96 5332
173 181 5333
32 194 5334
164 98 5335
145 54 5336
157 130 5337
54 58 5338
57 124 5339
129 177 5340
109 161 5341
42 112 5342
20 107 5343
43 46 5344
53 51 5345
99 23 5346
42 142 5347
158 141 5348
97 2 5349
9 36 5350
200 141 5351
9 168 5352
121 69 5353
120 154 5354
126 189 5355
68 51 5356
185 59 5357
192 74 5358
191 200 5359
185 70 5360
27 68 5361
194 31 5362
61 186 5363
93 152 5364
189 195 5365
76 45 5366
10 116 5367
32 81 5368
137 158 5369
184 92 5370
32 12 5371
9 48 5372
106 31 5373
124 190 5374
184 179 5375
185 81 5376
69 156 5377
175 122 5378
60 27 5379
121 112 5380
5 68 5381
56 162 5382
143 93 5383
29 154 5384
192 33 5385
104 66 5386
32 68 5387
77 67 5388
169 96 5389
3 176 5390
103 200 5391
171 75 5392
69 18 5393
100 193 5394
48 53 5395
6 69 5396
151 132 5397
176 4 5398
125 44 5399
157 195 5400
50 29 5401
175 19 5402
167 87 5403
193 72 5404
30 89 5405
25 7 5406
5 162 5407
64 119 5408
105 118 5409
170 178 5410
52 76 5411
53 171 5412
145 150 5413
51 172 5414
143 85 5415
5 108 5416
112 93 5417
199 103 5418
5 86 5419
122 108 5420
110 5 5421
27 65 5422
113 138 5423
21 11 5424
104 13 5425
19 44 5426
73 66 5427
91 165 5428
176 37 5429
117 153 5430
27 33 5431
101 72 5432
34 52 5433
23 199 5434
162 160 5435
151 90 5436
167 165 5437
82 76 5438
173 44 5439
44 135 5440
4 166 5441
118 171 5442
44 113 5443
49 93 5444
168 157 5445
96 100 5446
108 40 5447
106 5 5448
148 146 5449
193 131 5450
135 11 5451
4 104 5452
131 177 5453
93 100 5454
160 118 5455
57 111 5456
36 44 5457
129 123 5458
64 148 5459
1 79 5460
132 137 5461
147 44 5462
8 173 5463
87 21 5464
154 151 5465
156 142 5466
43 98 5467
58 63 5468
176 117 5469
143 67 5470
38 54 5471
186 38 5472
107 16 5473
39 69 5474
116 23 5475
101 91 5476
177 41 5477
190 12 5478
162 130 5479
121 159 5480
53 162 5481
130 3 5482
11 141 5483
17 146 5484
122 21 5485
9 134 5486
103 161 5487
188 38 5488
153 95 5489
12 196 5490
185 21 5491
140 24 5492
85 80 5493
104 183 5494
169 199 5495
98 178 5496
120 27 5497
101 138 5498
13 78 5499
171 129 5500
31 33 5501
21 78 5502
157 107 5503
193 127 5504
97 14 5505
135 99 5506
63 120 5507
117 96 5508
165 12 5509
183 45 5510
144 127 5511
76 185 5512
195 72 5513
80 134 5514
160 137 5515
159 5 5516
83 102 5517
24 91 5518
114 71 5519
149 61 5520
166 41 5521
120 169 5522
10 158 5523
102 175 5524
121 58 5525
75 51 5526
69 50 5527
28 136 5528
79 198 5529
8 185 5530
27 129 5531
132 165 5532
68 107 5533
142 91 5534
194 134 5535
58 145 5536
162 77 5537
184 55 5538
120 65 5539
8 33 5540
143 179 5541
62 65 5542
193 155 5543
184 89 5544
93 8 5545
52 81 5546
36 45 5547
168 187 5548
124 186 5549
84 168 5550
43 31 5551
158 146 5552
20 76 5553
146 173 5554
21 34 5555
94 196 5556
58 39 5557
17 64 5558
155 107 5559
139 29 5560
191 86 5561
42 76 5562
129 25 5563
20 113 5564
67 6 5565
111 197 5566
163 104 5567
80 132 5568
58 133 5569
192 127 5570
151 174 5571
140 105 5572
124 163 5573
92 136 5574
18 8 5575
187 169 5576
86 149 5577
62 91 5578
70 146 5579
13 151 5580
68 108 5581
126 31 5582
134 63 5583
59 125 5584
109 66 5585
65 58 5586
194 136 5587
158 59 5588
48 118 5589
139 194 5590
139 102 5591
22 30 5592
96 58 5593
149 96 5594
157 111 5595
130 106 5596
108 97 5597
143 81 5598
46 182 5599
40 199 5600
148 46 5601
39 85 5602
76 50 5603
187 110 5604
132 161 5605
114 43 5606
93 99 5607
108 184 5608
21 177 5609
8 176 5610
52 19 5611
119 1 5612
192 88 5613
79 177 5614
88 52 5615
67 195 5616
48 172 5617
99 187 5618
161 29 5619
183 146 5620
124 100 5621
51 86 5622
192 20 5623
191 55 5624
87 148 5625
187 139 5626
80 142 5627
27 98 5628
91 73 5629
32 51 5630
29 58 5631
147 120 5632
141 67 5633
11 61 5634
109 30 5635
31 178 5636
61 40 5637
133 143 5638
89 39 5639
65 191 5640
26 114 5641
4 10 5642
46 164 5643
70 162 5644
39 43 5645
39 112 5646
164 159 5647
19 179 5648
121 81 5649
91 36 5650
43 150 5651
36 172 5652
166 114 5653
70 118 5654
156 124 5655
156 159 5656
20 84 5657
41 152 5658
54 35 5659
187 28 5660
82 121 5661
165 67 5662
57 127 5663
17 111 5664
44 23 5665
147 153 5666
53 35 5667
144 65 5668
137 169 5669
133 61 5670
160 147 5671
142 149 5672
154 49 5673
123 139 5674
189 198 5675
11 149 5676
109 171 5677
42 183 5678
27 103 5679
19 121 5680
9 171 5681
120 180 5682
88 44 5683
83 66 5684
19 26 5685
32 7 5686
145 65 5687
199 6 5688
116 149 5689
156 120 5690
62 26 5691
77 188 5692
107 180 5693
196 88 5694
52 10 5695
11 43 5696
157 193 5697
78 141 5698
55 158 5699
5 171 5700
17 99 5701
1 96 5702
63 100 5703
124 51 5704
131 169 5705
49 159 5706
140 3 5707
88 15 5708
10 45 5709
161 82 5710
35 99 5711
21 47 5712
51 93 5713
26 16 5714
48 102 5715
137 106 5716
190 14 5717
199 125 5718
111 172 5719
141 194 5720
187 108 5721
76 165 5722
24 200 5723
107 11 5724
45 5 5725
199 128 5726
104 144 5727
92 196 5728
139 135 5729
135 108 5730
11 64 5731
158 108 5732
121 158 5733
22 173 5734
108 124 5735
71 169 5736
188 182 5737
130 46 5738
69 182 5739
197 151 5740
170 191 5741
22 17 5742
81 125 5743
146 187 5744
66 102 5745
51 156 5746
99 69 5747
5 34 5748
90 37 5749
119 104 5750
59 171 5751
114 119 5752
10 25 5753
118 113 5754
114 29 5755
83 191 5756
35 142 5757
124 111 5758
78 62 5759
94 26 5760
95 121 5761
13 149 5762
76 194 5763
146 111 5764
12 46 5765
164 62 5766
116 7 5767
78 148 5768
41 185 5769
185 43 5770
118 116 5771
77 80 5772
183 131 5773
90 23 5774
64 96 5775
37 29 5776
94 49 5777
134 48 5778
23 135 5779
200 195 5780
4 190 5781
88 66 5782
51 91 5783
51 11 5784
62 72 5785
156 128 5786
160 48 5787
159 22 5788
189 73 5789
190 29 5790
58 33 5791
37 53 5792
157 77 5793
117 53 5794
182 58 5795
190 143 5796
174 91 5797
163 125 5798
33 92 5799
159 39 5800
5 175 5801
86 1 5802
156 93 5803
43 200 5804
144 75 5805
68 8 5806
199 157 5807
8 62 5808
199 172 5809
98 79 5810
141 137 5811
36 8 5812
27 187 5813
99 161 5814
190 74 5815
162 37 5816
52 8 5817
20 128 5818
103 177 5819
195 19 5820
38 28 5821
65 155 5822
139 150 5823
27 61 5824
165 44 5825
126 98 5826
50 154 5827
72 81 5828
42 194 5829
105 35 5830
162 93 5831
38 178 5832
107 86 5833
54 30 5834
183 182 5835
188 162 5836
45 20 5837
84 106 5838
155 178 5839
195 43 5840
36 35 5841
94 150 5842
48 144 5843
126 182 5844
97 129 5845
51 154 5846
119 61 5847
13 12 5848
55 64 5849
6 197 5850
81 23 5851
114 158 5852
178 92 5853
104 47 5854
172 102 5855
1 179 5856
91 77 5857
121 67 5858
6 29 5859
72 180 5860
110 52 5861
32 125 5862
116 52 5863
163 70 5864
187 138 5865
145 35 5866
175 197 5867
73 16 5868
50 133 5869
108 130 5870
105 83 5871
184 149 5872
20 197 5873
80 102 5874
149 27 5875
74 80 5876
26 55 5877
46 179 5878
99 156 5879
38 162 5880
91 152 5881
73 104 5882
143 110 5883
99 7 5884
73 93 5885
127 187 5886
3 9 5887
171 160 5888
74 18 5889
81 76 5890
82 155 5891
190 154 5892
63 84 5893
47 165 5894
17 50 5895
27 95 5896
166 133 5897
172 188 5898
175 59 5899
83 169 5900
133 182 5901
14 152 5902
178 197 5903
77 119 5904
1 37 5905
65 11 5906
70 78 5907
70 140 5908
62 20 5909
186 79 5910
138 144 5911
142 20 5912
96 111 5913
37 125 5914
136 37 5915
140 92 5916
4 78 5917
185 67 5918
96 56 5919
196 55 5920
28 12 5921
45 57 5922
76 101 5923
167 34 5924
117 194 5925
197 168 5926
38 64 5927
8 64 5928
103 84 5929
22 122 5930
16 120 5931
48 68 5932
197 79 5933
146 166 5934
47 113 5935
20 79 5936
162 113 5937
138 175 5938
67 142 5939
175 96 5940
100 126 5941
108 160 5942
1 161 5943
10 182 5944
136 23 5945
50 191 5946
93 176 5947
26 83 5948
123 141 5949
135 160 5950
106 165 5951
55 178 5952
153 10 5953
1 121 5954
19 129 5955
105 156 5956
136 15 5957
124 70 5958
172 27 5959
186 171 5960
134 186 5961
98 134 5962
106 190 5963
81 4 5964
82 44 5965
52 89 5966
116 190 5967
126 193 5968
89 43 5969
146 168 5970
124 91 5971
198 3 5972
130 104 5973
125 170 5974
86 155 5975
190 55 5976
142 121 5977
73 7 5978
132 54 5979
76 132 5980
11 109 5981
169 92 5982
196 125 5983
84 140 5984
147 118 5985
73 150 5986
24 132 5987
181 35 5988
19 11 5989
93 196 5990
8 17 5991
165 16 5992
5 123 5993
181 98 5994
16 126 5995
59 113 5996
77 169 5997
188 62 5998
86 69 5999
169 173 6000
88 71 6001
30 20 6002
122 128 6003
153 198 6004
78 151 6005
163 13 6006
41 82 6007
196 177 6008
190 149 6009
151 152 6010
6 39 6011
4 167 6012
196 44 6013
63 14 6014
166 74 6015
62 191 6016
125 38 6017
54 7 6018
62 124 6019
65 19 6020
98 2 6021
104 34 6022
193 5 6023
191 89 6024
141 171 6025
42 173 6026
91 100 6027
48 139 6028
63 43 6029
94 129 6030
161 107 6031
22 179 6032
23 105 6033
45 125 6034
75 100 6035
112 26 6036
48 177 6037
84 188 6038
120 104 6039
45 113 6040
104 97 6041
65 190 6042
192 111 6043
166 162 6044
54 90 6045
72 156 6046
82 117 6047
181 162 6048
3 29 6049
79 154 6050
190 13 6051
175 46 6052
62 131 6053
17 160 6054
168 37 6055
34 152 6056
107 2 6057
162 179 6058
20 132 6059
70 39 6060
197 53 6061
29 77 6062
156 66 6063
28 141 6064
9 150 6065
96 134 6066
131 19 6067
39 1 6068
141 166 6069
174 6 6070
47 52 6071
112 87 6072
172 79 6073
188 191 6074
164 69 6075
62 23 6076
24 171 6077
55 102 6078
129 28 6079
132 105 6080
200 95 6081
16 116 6082
73 33 6083
85 149 6084
181 105 6085
90 55 6086
154 15 6087
61 168 6088
7 102 6089
188 132 6090
197 95 6091
164 75 6092
53 14 6093
109 37 6094
11 181 6095
137 149 6096
38 90 6097
90 108 6098
24 170 6099
54 167 6100
75 152 6101
114 173 6102
125 142 6103
72 55 6104
56 93 6105
96 11 6106
43 97 6107
43 56 6108
10 188 6109
19 106 6110
113 157 6111
71 133 6112
200 70 6113
85 62 6114
145 176 6115
52 163 6116
116 61 6117
121 66 6118
152 156 6119
106 194 6120
18 24 6121
117 90 6122
47 102 6123
198 26 6124
157 103 6125
65 56 6126
20 23 6127
4 62 6128
61 62 6129
40 153 6130
147 128 6131
156 114 6132
163 91 6133
98 68 6134
46 128 6135
159 135 6136
85 65 6137
75 12 6138
166 181 6139
163 95 6140
141 126 6141
129 139 6142
48 185 6143
169 82 6144
127 9 6145
4 132 6146
172 162 6147
152 161 6148
12 176 6149
80 164 6150
179 16 6151
60 90 6152
149 22 6153
74 75 6154
37 107 6155
41 87 6156
25 55 6157
13 193 6158
50 115 6159
125 105 6160
143 31 6161
17 9 6162
58 167 6163
53 28 6164
133 67 6165
59 157 6166
13 91 6167
61 41 6168
63 197 6169
79 97 6170
98 119 6171
144 36 6172
194 185 6173
86 25 6174
24 143 6175
186 193 6176
35 179 6177
143 182 6178
160 120 6179
195 53 6180
171 45 6181
6 135 6182
39 59 6183
165 124 6184
149 16 6185
157 16 6186
61 100 6187
124 133 6188
77 176 6189
104 113 6190
187 3 6191
129 182 6192
65 53 6193
193 99 6194
103 169 6195
17 144 6196
40 90 6197
142 43 6198
62 142 6199
122 105 6200
116 69 6201
66 147 6202
102 100 6203
164 114 6204
192 56 6205
4 52 6206
129 7 6207
44 130 6208
33 119 6209
197 124 6210
20 161 6211
142 168 6212
47 31 6213
48 192 6214
153 77 6215
33 138 6216
118 168 6217
114 117 6218
30 150 6219
175 181 6220
89 116 6221
93 126 6222
71 48 6223
83 17 6224
13 166 6225
180 85 6226
179 130 6227
137 16 6228
113 160 6229
83 37 6230
88 185 6231
41 168 6232
190 152 6233
32 83 6234
136 39 6235
108 52 6236
5 127 6237
197 181 6238
30 51 6239
172 93 6240
70 141 6241
93 17 6242
75 40 6243
15 146 6244
185 69 6245
66 22 6246
9 129 6247
62 53 6248
26 189 6249
64 127 6250
193 130 6251
29 192 6252
51 163 6253
27 104 6254
175 200 6255
40 76 6256
15 158 6257
43 138 6258
76 154 6259
140 115 6260
182 198 6261
117 58 6262
168 189 6263
128 52 6264
39 49 6265
106 125 6266
129 34 6267
148 71 6268
74 133 6269
46 81 6270
141 198 6271
146 197 6272
196 81 6273
75 122 6274
47 1 6275
74 155 6276
119 200 6277
149 83 6278
13 51 6279
134 200 6280
108 183 6281
193 160 6282
44 7 6283
15 192 6284
52 33 6285
171 168 6286
36 37 6287
179 174 6288
47 105 6289
45 4 6290
9 189 6291
86 163 6292
21 148 6293
26 193 6294
175 67 6295
101 126 6296
196 143 6297
89 11 6298
108 173 6299
70 149 6300
18 20 6301
129 24 6302
163 27 6303
40 193 6304
137 166 6305
87 37 6306
167 154 6307
183 149 6308
140 101 6309
156 147 6310
23 72 6311
29 28 6312
17 154 6313
27 182 6314
91 48 6315
40 29 6316
185 138 6317
153 182 6318
35 85 6319
8 170 6320
92 181 6321
70 41 6322
27 198 6323
181 25 6324
184 138 6325
187 118 6326
115 190 6327
76 135 6328
160 174 6329
106 29 6330
18 1 6331
139 15 6332
95 182 6333
101 177 6334
45 138 6335
80 181 6336
61 132 6337
176 81 6338
100 43 6339
100 101 6340
178 103 6341
103 167 6342
191 104 6343
86 159 6344
119 11 6345
81 170 6346
143 99 6347
120 21 6348
30 81 6349
116 18 6350
146 152 6351
128 17 6352
169 142 6353
73 123 6354
5 52 6355
117 61 6356
15 9 6357
71 185 6358
95 174 6359
51 143 6360
133 1 6361
83 112 6362
186 181 6363
4 112 6364
26 143 6365
187 71 6366
126 177 6367
13 84 6368
9 146 6369
138 13 6370
46 36 6371
174 34 6372
124 138 6373
185 183 6374
158 18 6375
63 117 6376
110 124 6377
48 171 6378
178 101 6379
55 74 6380
143 38 6381
89 81 6382
82 43 6383
161 147 6384
135 29 6385
149 126 6386
165 24 6387
61 97 6388
53 68 6389
180 61 6390
128 172 6391
65 48 6392
184 178 6393
18 135 6394
33 15 6395
85 154 6396
127 190 6397
60 134 6398
186 36 6399
190 38 6400
11 37 6401
92 111 6402
3 150 6403
126 86 6404
192 180 6405
68 35 6406
110 17 6407
97 93 6408
66 28 6409
169 181 6410
108 53 6411
96 158 6412
186 85 6413
45 161 6414
121 27 6415
121 108 6416
152 23 6417
96 41 6418
3 110 6419
33 103 6420
1 68 6421
50 152 6422
145 43 6423
125 176 6424
39 125 6425
88 46 6426
92 98 6427
48 7 6428
127 183 6429
186 140 6430
15 115 6431
2 28 6432
171 102 6433
50 158 6434
198 127 6435
62 168 6436
140 163 6437
23 171 6438
85 101 6439
109 14 6440
152 84 6441
142 124 6442
106 147 6443
150 1 6444
34 159 6445
128 108 6446
192 102 6447
119 68 6448
16 69 6449
19 29 6450
82 54 6451
102 112 6452
190 142 6453
177 138 6454
154 173 6455
194 123 6456
170 129 6457
51 58 6458
109 116 6459
14 92 6460
157 60 6461
161 148 6462
173 61 6463
173 137 6464
61 169 6465
191 36 6466
85 176 6467
117 127 6468
25 93 6469
119 191 6470
65 174 6471
161 53 6472
191 103 6473
43 93 6474
68 101 6475
68 151 6476
35 4 6477
31 184 6478
140 166 6479
33 144 6480
8 155 6481
60 138 6482
86 81 6483
119 59 6484
136 168 6485
83 109 6486
99 87 6487
138 15 6488
135 195 6489
59 100 6490
65 40 6491
175 168 6492
163 173 6493
57 15 6494
176 40 6495
141 23 6496
130 52 6497
98 95 6498
146 16 6499
138 61 6500
