200 5600 5600
135 179 1
189 197 2
105 19 3
171 39 4
19 32 5
165 140 6
29 39 7
79 165 8
186 25 9
110 140 10
29 150 11
123 47 12
117 50 13
198 68 14
138 192 15
110 150 16
16 98 17
165 44 18
188 98 19
26 189 20
192 130 21
21 52 22
70 67 23
27 182 24
29 74 25
13 43 26
182 62 27
187 157 28
187 28 29
112 34 30
124 102 31
35 13 32
8 73 33
12 166 34
40 198 35
116 128 36
86 30 37
123 142 38
117 36 39
193 19 40
190 163 41
29 124 42
18 26 43
184 63 44
190 191 45
175 113 46
187 169 47
93 152 48
104 47 49
107 13 50
39 83 51
180 158 52
176 117 53
36 39 54
6 190 55
37 188 56
32 22 57
159 60 58
45 5 59
98 178 60
105 114 61
87 178 62
169 145 63
9 70 64
192 4 65
178 191 66
172 85 67
190 109 68
182 40 69
58 109 70
35 86 71
6 20 72
136 104 73
25 133 74
119 143 75
86 69 76
58 32 77
67 195 78
49 167 79
121 69 80
34 103 81
176 130 82
19 198 83
178 106 84
61 51 85
200 41 86
91 84 87
105 34 88
121 91 89
94 143 90
115 70 91
197 8 92
177 127 93
33 129 94
82 146 95
37 123 96
110 109 97
91 177 98
170 116 99
146 1 100
39 7 101
117 169 102
142 114 103
82 199 104
83 112 105
15 196 106
128 107 107
197 58 108
144 81 109
29 72 110
67 12 111
123 149 112
105 199 113
75 15 114
73 48 115
64 119 116
18 113 117
31 147 118
1 37 119
156 93 120
96 141 121
122 167 122
180 151 123
90 194 124
32 140 125
3 199 126
4 58 127
5 162 128
142 28 129
52 76 130
38 31 131
78 84 132
199 68 133
183 47 134
80 35 135
132 23 136
16 92 137
138 92 138
94 193 139
97 22 140
123 150 141
102 136 142
127 149 143
181 129 144
162 130 145
91 85 146
27 118 147
18 7 148
84 186 149
195 106 150
146 131 151
19 39 152
48 53 153
127 194 154
14 69 155
28 159 156
83 188 157
170 18 158
82 117 159
4 11 160
162 115 161
96 56 162
110 146 163
176 168 164
185 22 165
194 136 166
96 199 167
134 30 168
44 179 169
128 141 170
184 24 171
100 106 172
136 39 173
80 102 174
133 4 175
196 129 176
98 114 177
124 4 178
10 140 179
9 130 180
38 29 181
54 120 182
66 112 183
105 157 184
3 193 185
94 83 186
74 115 187
71 2 188
146 126 189
177 96 190
167 18 191
165 109 192
107 113 193
39 75 194
197 52 195
97 10 196
56 153 197
95 66 198
169 32 199
3 4 200
105 35 201
167 196 202
100 171 203
148 194 204
124 107 205
185 35 206
120 61 207
118 142 208
197 161 209
53 21 210
159 69 211
67 63 212
35 76 213
196 102 214
200 129 215
150 143 216
142 173 217
188 62 218
22 64 219
136 199 220
173 61 221
79 60 222
125 143 223
17 49 224
16 72 225
184 142 226
178 176 227
43 42 228
116 161 229
24 19 230
139 104 231
171 78 232
89 55 233
164 142 234
198 76 235
24 13 236
124 51 237
174 178 238
192 140 239
194 185 240
189 162 241
111 129 242
193 27 243
85 82 244
32 164 245
186 165 246
1 161 247
48 101 248
124 104 249
167 175 250
67 35 251
136 74 252
68 78 253
144 145 254
154 151 255
10 158 256
27 101 257
147 2 258
136 197 259
161 147 260
115 103 261
98 166 262
185 49 263
168 113 264
124 125 265
94 71 266
161 53 267
131 89 268
161 31 269
167 150 270
89 162 271
194 110 272
199 150 273
1 68 274
148 50 275
195 19 276
18 122 277
104 13 278
18 24 279
24 30 280
88 16 281
198 174 282
23 7 283
85 54 284
167 25 285
133 88 286
139 4 287
188 182 288
168 173 289
14 21 290
149 18 291
125 168 292
71 79 293
71 25 294
139 159 295
59 100 296
52 90 297
77 192 298
99 87 299
52 173 300
161 84 301
128 146 302
77 177 303
165 6 304
6 89 305
93 176 306
86 131 307
83 50 308
124 157 309
114 168 310
90 110 311
168 78 312
5 172 313
158 18 314
26 63 315
61 40 316
73 55 317
168 83 318
104 66 319
99 84 320
160 179 321
69 66 322
124 9 323
59 129 324
186 200 325
30 91 326
139 130 327
33 92 328
80 32 329
140 163 330
163 142 331
167 116 332
94 159 333
58 24 334
39 88 335
138 66 336
175 181 337
99 126 338
145 51 339
128 161 340
133 89 341
72 153 342
154 172 343
64 185 344
37 5 345
167 191 346
190 75 347
154 36 348
41 43 349
38 157 350
191 95 351
28 12 352
157 103 353
127 4 354
102 93 355
2 76 356
116 126 357
16 168 358
196 77 359
40 193 360
177 161 361
53 130 362
151 109 363
128 11 364
31 155 365
176 118 366
197 40 367
96 197 368
54 108 369
2 85 370
6 79 371
94 70 372
139 150 373
136 131 374
82 86 375
72 3 376
104 88 377
134 50 378
26 193 379
194 186 380
106 33 381
35 133 382
164 72 383
85 132 384
36 76 385
82 148 386
190 32 387
76 139 388
58 78 389
194 6 390
141 166 391
32 198 392
29 77 393
194 178 394
42 49 395
120 143 396
68 136 397
81 23 398
175 197 399
77 6 400
74 1 401
40 163 402
105 197 403
128 178 404
25 155 405
55 64 406
22 138 407
142 186 408
171 168 409
140 75 410
186 93 411
98 95 412
137 166 413
47 179 414
197 99 415
167 53 416
92 168 417
124 186 418
133 16 419
174 120 420
168 82 421
30 28 422
91 170 423
79 138 424
120 161 425
151 37 426
128 43 427
131 63 428
112 67 429
172 159 430
92 137 431
44 151 432
29 107 433
2 171 434
41 77 435
188 155 436
80 190 437
28 6 438
158 115 439
14 187 440
83 156 441
95 103 442
42 106 443
63 14 444
30 160 445
109 66 446
103 158 447
149 2 448
58 82 449
145 65 450
191 141 451
42 112 452
12 173 453
185 110 454
176 180 455
180 89 456
57 196 457
39 173 458
154 181 459
17 173 460
183 63 461
113 144 462
11 122 463
43 184 464
57 56 465
29 30 466
28 199 467
34 100 468
66 85 469
99 23 470
195 155 471
88 183 472
82 64 473
139 158 474
48 44 475
3 113 476
70 75 477
80 153 478
54 7 479
87 173 480
52 92 481
10 184 482
193 175 483
173 156 484
162 103 485
178 70 486
63 68 487
24 139 488
177 141 489
41 38 490
136 185 491
102 112 492
187 93 493
139 29 494
185 26 495
9 110 496
45 138 497
116 171 498
151 5 499
181 68 500
105 30 501
95 40 502
178 147 503
142 117 504
95 60 505
161 67 506
74 8 507
130 167 508
40 102 509
39 128 510
40 20 511
172 93 512
135 35 513
187 71 514
71 108 515
148 104 516
88 1 517
85 45 518
152 177 519
6 29 520
53 181 521
153 134 522
60 62 523
97 66 524
171 97 525
46 147 526
182 58 527
171 99 528
128 8 529
168 124 530
166 105 531
100 81 532
155 199 533
92 97 534
143 35 535
82 121 536
53 119 537
125 134 538
124 129 539
85 128 540
16 6 541
166 64 542
98 142 543
101 5 544
46 182 545
82 141 546
3 47 547
167 3 548
82 194 549
114 173 550
172 118 551
120 34 552
59 89 553
99 193 554
42 186 555
15 63 556
84 45 557
161 55 558
146 173 559
44 43 560
16 171 561
50 30 562
186 182 563
82 115 564
154 18 565
27 158 566
133 156 567
91 119 568
21 148 569
6 82 570
58 38 571
122 21 572
195 79 573
81 4 574
200 185 575
55 123 576
108 75 577
18 115 578
53 28 579
71 169 580
158 130 581
125 133 582
95 140 583
172 133 584
105 128 585
173 137 586
66 161 587
86 120 588
52 65 589
3 180 590
191 148 591
74 75 592
183 149 593
59 1 594
149 84 595
175 46 596
137 10 597
54 86 598
124 38 599
38 90 600
78 141 601
10 64 602
85 176 603
73 22 604
119 156 605
87 148 606
98 83 607
21 10 608
59 196 609
34 52 610
9 134 611
55 178 612
71 185 613
35 196 614
76 29 615
48 96 616
186 23 617
16 74 618
37 7 619
164 137 620
177 62 621
160 66 622
65 98 623
81 119 624
65 87 625
24 99 626
57 138 627
35 149 628
175 122 629
147 35 630
87 159 631
198 61 632
82 155 633
103 123 634
18 37 635
3 56 636
5 15 637
119 86 638
20 23 639
114 71 640
60 171 641
124 36 642
184 68 643
28 27 644
191 129 645
198 83 646
3 57 647
196 28 648
24 170 649
124 169 650
155 181 651
190 152 652
118 139 653
27 17 654
155 111 655
58 42 656
132 84 657
176 31 658
75 143 659
34 141 660
189 165 661
133 1 662
80 14 663
81 125 664
22 94 665
94 26 666
90 23 667
133 39 668
135 110 669
142 149 670
120 99 671
126 164 672
92 12 673
195 150 674
117 153 675
109 41 676
132 150 677
22 87 678
65 48 679
61 135 680
145 11 681
26 55 682
105 76 683
143 57 684
129 7 685
191 68 686
153 78 687
45 112 688
40 199 689
185 70 690
95 31 691
129 70 692
30 65 693
87 172 694
34 173 695
162 36 696
150 161 697
39 43 698
102 175 699
175 176 700
72 180 701
48 175 702
159 39 703
104 34 704
110 168 705
75 20 706
53 172 707
30 8 708
139 15 709
155 174 710
190 37 711
190 187 712
121 102 713
143 46 714
172 16 715
191 104 716
14 103 717
75 23 718
197 182 719
96 167 720
95 83 721
142 113 722
115 167 723
54 58 724
166 148 725
187 73 726
76 191 727
17 192 728
121 34 729
171 102 730
21 195 731
48 24 732
171 45 733
139 124 734
74 62 735
58 191 736
72 189 737
1 186 738
51 159 739
93 20 740
139 96 741
104 23 742
86 26 743
136 99 744
184 51 745
191 152 746
139 178 747
85 130 748
39 145 749
86 149 750
138 11 751
71 84 752
84 134 753
134 36 754
191 175 755
105 16 756
12 70 757
59 163 758
126 85 759
174 169 760
161 162 761
75 116 762
116 36 763
65 19 764
160 37 765
160 34 766
31 52 767
98 172 768
88 184 769
143 31 770
20 84 771
56 62 772
106 190 773
174 4 774
113 91 775
153 10 776
55 2 777
199 24 778
150 58 779
5 132 780
174 115 781
164 50 782
132 64 783
188 173 784
95 94 785
150 79 786
170 124 787
56 22 788
152 157 789
99 156 790
160 156 791
91 17 792
30 89 793
26 107 794
108 130 795
35 140 796
29 35 797
109 193 798
95 182 799
198 21 800
121 175 801
82 76 802
75 90 803
80 19 804
19 43 805
61 166 806
141 199 807
140 134 808
15 192 809
99 45 810
41 19 811
131 41 812
67 69 813
98 103 814
199 126 815
180 84 816
187 92 817
69 157 818
121 164 819
79 56 820
28 98 821
60 29 822
137 16 823
45 125 824
60 55 825
114 158 826
181 98 827
163 120 828
10 112 829
29 36 830
87 14 831
69 18 832
16 116 833
97 26 834
29 192 835
63 199 836
125 155 837
174 36 838
170 37 839
7 185 840
179 180 841
19 153 842
168 50 843
192 7 844
109 32 845
165 73 846
63 167 847
76 14 848
12 160 849
185 111 850
91 71 851
140 105 852
96 11 853
103 44 854
108 196 855
87 29 856
86 186 857
151 120 858
142 91 859
89 69 860
52 86 861
127 121 862
20 137 863
80 124 864
50 27 865
51 93 866
129 72 867
155 122 868
185 83 869
104 112 870
114 36 871
31 198 872
158 60 873
29 175 874
108 119 875
169 130 876
136 109 877
187 50 878
87 177 879
103 167 880
123 30 881
131 40 882
25 93 883
186 177 884
152 25 885
199 104 886
122 110 887
146 125 888
132 165 889
106 31 890
18 14 891
185 36 892
68 146 893
187 142 894
114 1 895
63 83 896
101 162 897
107 72 898
56 24 899
147 137 900
108 148 901
48 139 902
42 136 903
90 131 904
9 63 905
107 11 906
105 127 907
45 24 908
120 180 909
158 30 910
134 109 911
32 194 912
78 167 913
121 51 914
145 174 915
20 77 916
151 125 917
71 129 918
187 159 919
49 173 920
155 134 921
8 111 922
102 166 923
90 41 924
62 110 925
56 28 926
155 129 927
11 61 928
68 35 929
29 4 930
58 39 931
140 34 932
142 124 933
127 181 934
40 162 935
117 162 936
161 118 937
73 16 938
194 119 939
193 155 940
14 23 941
166 193 942
104 138 943
165 197 944
48 130 945
8 64 946
104 103 947
80 192 948
130 97 949
84 29 950
142 170 951
64 182 952
182 8 953
143 182 954
29 154 955
6 51 956
17 140 957
86 194 958
9 133 959
73 78 960
128 28 961
95 88 962
25 104 963
174 12 964
111 19 965
186 174 966
14 159 967
195 91 968
185 144 969
70 73 970
21 78 971
24 137 972
84 16 973
11 109 974
35 48 975
58 107 976
53 171 977
78 37 978
79 123 979
83 79 980
68 94 981
119 56 982
105 14 983
14 136 984
54 8 985
134 66 986
33 137 987
156 40 988
123 125 989
160 133 990
68 168 991
138 126 992
88 19 993
68 101 994
81 167 995
83 51 996
171 51 997
48 102 998
20 183 999
62 58 1000
129 135 1001
6 138 1002
200 49 1003
124 188 1004
52 81 1005
9 198 1006
177 178 1007
94 103 1008
133 69 1009
24 171 1010
82 23 1011
10 42 1012
16 9 1013
86 188 1014
133 67 1015
200 18 1016
43 46 1017
82 138 1018
4 21 1019
184 22 1020
134 27 1021
43 97 1022
152 38 1023
192 28 1024
175 147 1025
111 95 1026
28 124 1027
88 128 1028
96 91 1029
87 3 1030
1 177 1031
141 86 1032
28 71 1033
142 11 1034
17 9 1035
124 163 1036
158 102 1037
112 157 1038
197 152 1039
178 61 1040
39 49 1041
117 48 1042
177 128 1043
27 62 1044
153 16 1045
120 109 1046
199 84 1047
89 32 1048
26 5 1049
56 92 1050
67 13 1051
143 90 1052
73 166 1053
93 148 1054
112 177 1055
189 92 1056
65 194 1057
191 89 1058
19 91 1059
200 90 1060
117 53 1061
172 176 1062
4 166 1063
41 181 1064
99 116 1065
139 110 1066
38 163 1067
163 129 1068
36 123 1069
189 24 1070
86 109 1071
25 108 1072
7 102 1073
63 168 1074
197 196 1075
77 164 1076
13 139 1077
70 19 1078
48 171 1079
85 164 1080
16 113 1081
125 83 1082
177 85 1083
192 145 1084
121 123 1085
165 29 1086
125 38 1087
34 122 1088
6 104 1089
200 106 1090
66 19 1091
156 120 1092
33 144 1093
25 118 1094
86 7 1095
124 117 1096
150 103 1097
111 188 1098
151 32 1099
55 68 1100
96 147 1101
196 9 1102
82 61 1103
197 117 1104
58 132 1105
165 183 1106
27 187 1107
3 182 1108
181 168 1109
92 181 1110
145 22 1111
9 163 1112
80 183 1113
65 88 1114
160 185 1115
5 10 1116
197 181 1117
72 54 1118
198 1 1119
81 147 1120
88 52 1121
22 160 1122
26 43 1123
156 124 1124
15 174 1125
40 99 1126
60 120 1127
132 161 1128
71 100 1129
15 132 1130
117 140 1131
11 140 1132
38 46 1133
152 13 1134
8 174 1135
192 150 1136
154 105 1137
30 32 1138
76 38 1139
50 52 1140
94 6 1141
70 59 1142
77 40 1143
12 66 1144
182 76 1145
42 103 1146
168 30 1147
94 34 1148
144 182 1149
12 89 1150
99 114 1151
168 135 1152
181 30 1153
89 43 1154
78 112 1155
86 159 1156
43 77 1157
77 74 1158
61 157 1159
25 19 1160
123 25 1161
26 93 1162
190 123 1163
180 49 1164
85 23 1165
198 3 1166
109 17 1167
158 194 1168
21 141 1169
1 138 1170
137 45 1171
173 181 1172
19 26 1173
129 188 1174
198 128 1175
135 47 1176
48 105 1177
84 140 1178
54 156 1179
144 127 1180
7 87 1181
74 11 1182
52 165 1183
33 128 1184
51 49 1185
174 129 1186
87 157 1187
71 59 1188
137 106 1189
21 162 1190
92 90 1191
190 143 1192
56 10 1193
19 11 1194
10 144 1195
13 58 1196
143 184 1197
191 96 1198
62 175 1199
197 53 1200
196 34 1201
146 143 1202
140 13 1203
158 5 1204
183 182 1205
52 177 1206
179 122 1207
71 98 1208
181 22 1209
26 90 1210
192 61 1211
92 51 1212
12 101 1213
189 195 1214
74 165 1215
179 48 1216
79 7 1217
76 41 1218
136 73 1219
199 157 1220
181 86 1221
175 2 1222
137 161 1223
76 188 1224
9 168 1225
181 79 1226
166 175 1227
24 130 1228
184 55 1229
99 113 1230
141 12 1231
179 113 1232
75 34 1233
134 71 1234
162 116 1235
92 192 1236
125 164 1237
176 40 1238
35 166 1239
59 111 1240
91 152 1241
162 133 1242
143 174 1243
90 105 1244
32 86 1245
20 72 1246
103 26 1247
160 118 1248
10 167 1249
126 193 1250
147 158 1251
117 194 1252
185 121 1253
78 131 1254
32 31 1255
92 21 1256
141 29 1257
197 77 1258
117 155 1259
44 116 1260
59 68 1261
135 34 1262
35 124 1263
65 113 1264
34 159 1265
52 150 1266
171 28 1267
8 179 1268
80 21 1269
135 153 1270
191 64 1271
88 57 1272
52 55 1273
54 200 1274
47 52 1275
180 33 1276
126 22 1277
98 134 1278
116 137 1279
93 170 1280
120 1 1281
36 45 1282
170 171 1283
33 14 1284
86 151 1285
58 6 1286
24 173 1287
20 107 1288
5 108 1289
42 18 1290
129 151 1291
147 118 1292
181 123 1293
153 104 1294
116 190 1295
95 85 1296
3 100 1297
197 83 1298
107 130 1299
112 93 1300
34 43 1301
4 10 1302
105 40 1303
8 160 1304
18 40 1305
176 78 1306
77 119 1307
51 95 1308
13 80 1309
90 37 1310
142 189 1311
88 187 1312
90 11 1313
62 79 1314
15 74 1315
55 69 1316
143 131 1317
88 103 1318
89 135 1319
166 66 1320
115 131 1321
143 123 1322
108 53 1323
2 53 1324
92 111 1325
95 149 1326
42 72 1327
157 92 1328
194 1 1329
125 29 1330
159 141 1331
45 113 1332
151 84 1333
63 13 1334
140 130 1335
144 93 1336
91 128 1337
193 163 1338
90 119 1339
168 37 1340
194 22 1341
18 135 1342
162 68 1343
126 92 1344
41 87 1345
144 79 1346
118 195 1347
30 103 1348
6 27 1349
139 197 1350
165 124 1351
45 159 1352
8 173 1353
178 76 1354
148 165 1355
49 57 1356
34 92 1357
139 21 1358
15 188 1359
32 74 1360
180 85 1361
89 116 1362
87 144 1363
138 129 1364
155 9 1365
158 93 1366
46 102 1367
78 111 1368
87 95 1369
68 135 1370
67 29 1371
93 149 1372
43 159 1373
152 84 1374
173 126 1375
26 33 1376
160 63 1377
155 109 1378
49 55 1379
181 162 1380
30 81 1381
74 130 1382
9 129 1383
103 102 1384
63 187 1385
143 129 1386
127 46 1387
49 72 1388
90 185 1389
124 187 1390
180 83 1391
121 158 1392
86 87 1393
140 200 1394
16 50 1395
170 136 1396
123 185 1397
182 157 1398
129 123 1399
61 150 1400
126 143 1401
158 22 1402
173 44 1403
159 18 1404
2 116 1405
1 72 1406
109 54 1407
22 168 1408
170 117 1409
24 167 1410
114 43 1411
22 77 1412
83 12 1413
194 137 1414
119 197 1415
142 39 1416
2 180 1417
40 74 1418
88 185 1419
16 97 1420
199 5 1421
21 200 1422
124 190 1423
5 171 1424
15 158 1425
27 33 1426
23 72 1427
80 164 1428
8 19 1429
186 36 1430
179 89 1431
32 167 1432
60 64 1433
116 199 1434
7 176 1435
134 95 1436
119 136 1437
85 160 1438
99 57 1439
188 183 1440
161 102 1441
194 123 1442
18 55 1443
166 95 1444
92 55 1445
116 18 1446
113 160 1447
155 70 1448
200 141 1449
180 7 1450
145 3 1451
22 100 1452
101 138 1453
94 175 1454
102 38 1455
83 34 1456
85 73 1457
73 134 1458
163 194 1459
200 123 1460
8 152 1461
32 83 1462
113 199 1463
38 162 1464
138 131 1465
160 21 1466
82 114 1467
35 26 1468
53 176 1469
94 156 1470
86 65 1471
129 140 1472
147 119 1473
193 159 1474
58 98 1475
122 64 1476
156 172 1477
73 181 1478
111 14 1479
39 69 1480
184 179 1481
132 129 1482
87 135 1483
184 178 1484
68 107 1485
60 128 1486
41 138 1487
186 31 1488
11 95 1489
52 152 1490
34 152 1491
117 127 1492
168 7 1493
152 182 1494
51 27 1495
105 63 1496
70 31 1497
26 34 1498
153 43 1499
156 87 1500
130 73 1501
44 41 1502
17 37 1503
144 119 1504
186 148 1505
157 18 1506
35 171 1507
16 76 1508
74 172 1509
170 128 1510
8 77 1511
140 12 1512
184 87 1513
23 179 1514
102 167 1515
147 164 1516
192 111 1517
57 9 1518
199 134 1519
90 140 1520
110 188 1521
119 59 1522
29 32 1523
160 43 1524
181 42 1525
61 195 1526
77 107 1527
153 158 1528
4 132 1529
61 72 1530
198 149 1531
53 142 1532
158 4 1533
117 96 1534
39 59 1535
150 154 1536
184 89 1537
48 68 1538
176 96 1539
128 27 1540
168 57 1541
63 171 1542
62 80 1543
137 61 1544
70 78 1545
8 47 1546
125 110 1547
83 133 1548
85 12 1549
147 153 1550
36 159 1551
32 127 1552
164 35 1553
183 154 1554
120 50 1555
170 10 1556
121 104 1557
4 107 1558
61 148 1559
22 180 1560
91 80 1561
82 44 1562
67 38 1563
118 125 1564
200 195 1565
143 110 1566
28 77 1567
17 64 1568
175 96 1569
100 19 1570
61 33 1571
96 111 1572
195 72 1573
116 7 1574
48 51 1575
29 113 1576
191 13 1577
8 92 1578
15 146 1579
173 177 1580
186 63 1581
102 176 1582
183 173 1583
58 124 1584
138 15 1585
111 115 1586
140 77 1587
33 152 1588
33 156 1589
149 43 1590
19 67 1591
136 100 1592
97 129 1593
115 146 1594
133 41 1595
60 27 1596
175 93 1597
50 158 1598
122 97 1599
35 70 1600
109 199 1601
144 38 1602
84 118 1603
136 138 1604
154 197 1605
79 125 1606
136 82 1607
13 193 1608
116 65 1609
187 191 1610
28 136 1611
37 95 1612
150 156 1613
33 155 1614
139 126 1615
181 178 1616
150 191 1617
9 188 1618
146 28 1619
3 27 1620
37 107 1621
15 114 1622
115 96 1623
129 178 1624
45 20 1625
142 168 1626
102 198 1627
187 106 1628
166 32 1629
74 88 1630
90 84 1631
155 143 1632
21 2 1633
99 48 1634
22 13 1635
28 81 1636
118 116 1637
129 192 1638
166 36 1639
191 103 1640
44 91 1641
44 180 1642
155 200 1643
194 130 1644
106 197 1645
150 98 1646
199 18 1647
166 125 1648
18 109 1649
148 36 1650
164 56 1651
6 59 1652
68 149 1653
148 58 1654
7 139 1655
159 150 1656
195 188 1657
189 41 1658
167 59 1659
76 124 1660
173 106 1661
168 198 1662
16 120 1663
187 166 1664
198 114 1665
39 85 1666
158 25 1667
38 72 1668
7 94 1669
58 37 1670
64 92 1671
157 80 1672
168 93 1673
76 132 1674
31 168 1675
106 180 1676
73 17 1677
32 71 1678
123 53 1679
39 21 1680
180 114 1681
80 109 1682
135 147 1683
33 139 1684
93 50 1685
188 198 1686
34 60 1687
37 194 1688
1 143 1689
199 151 1690
86 163 1691
16 69 1692
38 98 1693
67 82 1694
186 193 1695
4 131 1696
144 75 1697
80 129 1698
141 105 1699
54 135 1700
152 16 1701
96 134 1702
6 124 1703
136 15 1704
170 118 1705
195 18 1706
104 97 1707
171 110 1708
178 86 1709
182 35 1710
88 181 1711
56 102 1712
139 60 1713
18 56 1714
80 191 1715
181 18 1716
46 109 1717
139 66 1718
194 29 1719
136 105 1720
118 31 1721
142 121 1722
42 76 1723
148 23 1724
54 167 1725
45 63 1726
116 57 1727
53 51 1728
44 96 1729
138 29 1730
106 194 1731
121 193 1732
65 198 1733
82 109 1734
120 172 1735
1 94 1736
143 20 1737
125 183 1738
198 152 1739
48 125 1740
63 61 1741
113 156 1742
160 19 1743
119 60 1744
135 137 1745
10 85 1746
39 188 1747
29 46 1748
105 156 1749
51 74 1750
177 200 1751
131 177 1752
120 97 1753
32 154 1754
29 198 1755
84 3 1756
143 93 1757
149 158 1758
158 36 1759
190 175 1760
148 32 1761
10 116 1762
98 75 1763
65 180 1764
181 116 1765
80 103 1766
99 191 1767
135 13 1768
172 177 1769
82 48 1770
119 150 1771
52 125 1772
154 124 1773
70 164 1774
200 48 1775
154 66 1776
55 167 1777
151 195 1778
91 3 1779
104 155 1780
39 68 1781
175 92 1782
136 23 1783
79 11 1784
148 8 1785
192 55 1786
36 8 1787
83 109 1788
75 63 1789
155 139 1790
73 109 1791
48 172 1792
83 117 1793
92 152 1794
179 174 1795
36 28 1796
82 66 1797
194 85 1798
104 100 1799
83 69 1800
110 87 1801
178 92 1802
163 8 1803
125 27 1804
147 120 1805
119 192 1806
196 111 1807
182 150 1808
6 65 1809
12 189 1810
145 141 1811
62 95 1812
177 138 1813
67 144 1814
33 153 1815
126 184 1816
95 84 1817
66 81 1818
102 12 1819
72 115 1820
92 48 1821
171 149 1822
197 124 1823
20 43 1824
106 97 1825
153 187 1826
144 173 1827
161 51 1828
50 15 1829
160 48 1830
157 153 1831
156 185 1832
31 27 1833
10 25 1834
51 149 1835
9 36 1836
94 102 1837
34 148 1838
101 87 1839
85 107 1840
78 62 1841
105 8 1842
86 31 1843
171 129 1844
104 61 1845
143 71 1846
165 58 1847
43 35 1848
61 132 1849
4 143 1850
30 57 1851
48 190 1852
36 59 1853
10 92 1854
17 47 1855
62 140 1856
21 190 1857
157 40 1858
157 9 1859
52 23 1860
79 136 1861
131 186 1862
103 200 1863
1 126 1864
53 165 1865
55 144 1866
163 88 1867
90 55 1868
25 1 1869
125 142 1870
57 48 1871
115 122 1872
14 173 1873
135 170 1874
9 6 1875
27 198 1876
127 190 1877
97 21 1878
161 192 1879
33 108 1880
189 87 1881
110 128 1882
102 125 1883
71 66 1884
164 107 1885
146 166 1886
119 10 1887
87 116 1888
93 75 1889
56 7 1890
146 197 1891
189 73 1892
52 151 1893
121 65 1894
172 99 1895
182 85 1896
84 146 1897
65 119 1898
181 164 1899
47 138 1900
12 159 1901
73 111 1902
124 5 1903
41 194 1904
45 58 1905
43 69 1906
64 140 1907
57 124 1908
73 61 1909
172 146 1910
183 89 1911
124 111 1912
155 28 1913
183 87 1914
61 168 1915
113 82 1916
48 196 1917
12 130 1918
172 197 1919
183 83 1920
42 30 1921
181 72 1922
91 169 1923
42 164 1924
120 35 1925
148 152 1926
73 51 1927
71 112 1928
190 55 1929
123 126 1930
182 117 1931
92 17 1932
83 128 1933
96 103 1934
22 193 1935
169 144 1936
83 28 1937
82 159 1938
62 42 1939
135 4 1940
162 37 1941
132 105 1942
119 14 1943
105 193 1944
124 137 1945
189 158 1946
14 22 1947
200 70 1948
191 36 1949
166 22 1950
68 57 1951
164 157 1952
4 63 1953
112 115 1954
77 67 1955
174 175 1956
138 159 1957
19 144 1958
131 87 1959
66 147 1960
66 33 1961
124 180 1962
98 175 1963
132 88 1964
98 39 1965
119 166 1966
65 170 1967
111 21 1968
91 48 1969
78 114 1970
94 38 1971
142 165 1972
188 52 1973
18 106 1974
17 38 1975
14 157 1976
151 174 1977
200 182 1978
176 24 1979
111 190 1980
136 127 1981
112 170 1982
1 10 1983
85 47 1984
26 129 1985
139 135 1986
164 101 1987
58 49 1988
78 22 1989
178 156 1990
169 154 1991
90 45 1992
174 190 1993
126 182 1994
176 70 1995
198 108 1996
135 131 1997
24 160 1998
43 80 1999
50 7 2000
14 60 2001
59 18 2002
5 52 2003
32 68 2004
193 42 2005
48 17 2006
173 28 2007
56 93 2008
4 112 2009
63 124 2010
152 60 2011
35 30 2012
36 43 2013
18 85 2014
44 176 2015
133 61 2016
140 136 2017
196 27 2018
155 182 2019
22 10 2020
69 120 2021
3 185 2022
55 148 2023
126 176 2024
48 61 2025
139 26 2026
63 43 2027
102 100 2028
95 35 2029
128 5 2030
50 104 2031
100 76 2032
191 70 2033
141 27 2034
40 64 2035
154 198 2036
50 133 2037
169 191 2038
164 37 2039
101 46 2040
145 200 2041
151 99 2042
142 178 2043
185 10 2044
3 86 2045
66 115 2046
87 59 2047
163 98 2048
134 172 2049
196 37 2050
96 31 2051
138 35 2052
188 60 2053
51 155 2054
37 125 2055
13 166 2056
127 101 2057
187 70 2058
136 178 2059
101 98 2060
160 147 2061
37 91 2062
53 120 2063
60 59 2064
99 7 2065
30 68 2066
145 138 2067
96 75 2068
6 15 2069
116 121 2070
127 108 2071
19 46 2072
58 174 2073
162 96 2074
192 189 2075
97 136 2076
193 70 2077
157 138 2078
135 20 2079
100 112 2080
69 182 2081
75 10 2082
107 200 2083
179 16 2084
32 81 2085
154 140 2086
188 80 2087
93 196 2088
173 180 2089
73 24 2090
66 99 2091
95 21 2092
98 105 2093
127 60 2094
95 44 2095
8 79 2096
106 91 2097
125 144 2098
177 84 2099
172 96 2100
26 137 2101
33 22 2102
43 101 2103
5 27 2104
168 49 2105
26 70 2106
15 94 2107
24 186 2108
117 115 2109
193 30 2110
65 190 2111
56 117 2112
161 27 2113
48 154 2114
60 151 2115
96 41 2116
124 195 2117
113 194 2118
53 1 2119
33 77 2120
23 5 2121
30 191 2122
2 93 2123
24 60 2124
50 29 2125
88 44 2126
3 178 2127
1 136 2128
86 19 2129
182 125 2130
70 77 2131
42 39 2132
127 79 2133
132 10 2134
19 44 2135
184 40 2136
194 144 2137
38 57 2138
49 149 2139
114 39 2140
60 105 2141
109 115 2142
54 177 2143
58 175 2144
114 90 2145
163 72 2146
17 121 2147
99 6 2148
44 37 2149
94 18 2150
49 192 2151
171 26 2152
14 55 2153
128 118 2154
73 142 2155
193 6 2156
189 104 2157
20 200 2158
100 182 2159
112 110 2160
6 60 2161
140 152 2162
116 101 2163
181 57 2164
126 43 2165
181 144 2166
39 186 2167
152 184 2168
145 57 2169
43 25 2170
59 113 2171
187 132 2172
181 25 2173
134 62 2174
174 48 2175
1 16 2176
23 12 2177
98 107 2178
125 44 2179
28 108 2180
199 2 2181
79 154 2182
164 168 2183
54 93 2184
167 199 2185
153 22 2186
114 85 2187
200 130 2188
80 68 2189
133 197 2190
96 143 2191
91 41 2192
157 74 2193
83 8 2194
184 151 2195
164 67 2196
78 101 2197
122 71 2198
124 55 2199
93 153 2200
33 17 2201
109 129 2202
13 145 2203
180 193 2204
103 32 2205
178 111 2206
131 22 2207
24 161 2208
101 136 2209
127 195 2210
199 53 2211
166 151 2212
6 128 2213
30 9 2214
66 178 2215
14 58 2216
179 130 2217
77 93 2218
154 135 2219
172 80 2220
45 57 2221
49 98 2222
11 50 2223
134 77 2224
101 169 2225
6 10 2226
110 96 2227
98 117 2228
179 186 2229
195 66 2230
194 33 2231
51 172 2232
195 15 2233
191 54 2234
179 65 2235
107 147 2236
62 21 2237
26 104 2238
26 181 2239
122 17 2240
165 78 2241
163 27 2242
95 18 2243
8 38 2244
13 110 2245
54 162 2246
135 108 2247
12 105 2248
199 124 2249
94 89 2250
69 72 2251
180 122 2252
17 154 2253
42 21 2254
156 25 2255
64 171 2256
52 19 2257
24 95 2258
106 7 2259
169 153 2260
17 135 2261
115 62 2262
153 133 2263
42 67 2264
15 65 2265
104 200 2266
9 143 2267
19 50 2268
13 51 2269
169 181 2270
146 16 2271
22 30 2272
33 45 2273
28 141 2274
94 149 2275
82 21 2276
76 37 2277
127 1 2278
157 51 2279
28 169 2280
111 16 2281
128 52 2282
73 167 2283
142 54 2284
115 161 2285
70 140 2286
193 124 2287
178 56 2288
199 6 2289
132 156 2290
119 163 2291
168 98 2292
50 42 2293
85 20 2294
150 45 2295
177 6 2296
78 177 2297
24 87 2298
59 31 2299
136 38 2300
126 3 2301
13 149 2302
192 152 2303
51 11 2304
181 182 2305
116 52 2306
59 64 2307
62 197 2308
87 85 2309
180 178 2310
29 172 2311
105 4 2312
151 107 2313
42 32 2314
7 112 2315
107 86 2316
165 80 2317
174 52 2318
117 185 2319
98 122 2320
99 185 2321
2 52 2322
88 41 2323
162 191 2324
34 91 2325
103 66 2326
22 15 2327
178 150 2328
193 119 2329
177 4 2330
8 140 2331
105 190 2332
174 185 2333
174 6 2334
94 5 2335
118 197 2336
34 194 2337
75 51 2338
164 141 2339
26 9 2340
195 169 2341
21 102 2342
107 116 2343
75 152 2344
165 14 2345
190 13 2346
190 184 2347
64 89 2348
106 140 2349
22 67 2350
164 114 2351
6 71 2352
9 1 2353
52 168 2354
77 11 2355
111 135 2356
24 181 2357
159 2 2358
162 160 2359
49 78 2360
73 192 2361
127 187 2362
175 151 2363
162 48 2364
147 111 2365
125 7 2366
52 59 2367
60 10 2368
113 128 2369
19 58 2370
56 12 2371
158 108 2372
30 129 2373
25 115 2374
143 188 2375
65 165 2376
39 24 2377
32 195 2378
51 117 2379
170 139 2380
56 29 2381
190 68 2382
72 13 2383
144 135 2384
198 44 2385
79 59 2386
77 188 2387
137 149 2388
104 149 2389
147 149 2390
148 29 2391
95 23 2392
82 34 2393
10 192 2394
116 124 2395
189 8 2396
146 187 2397
136 168 2398
139 32 2399
50 57 2400
98 154 2401
115 56 2402
133 145 2403
164 160 2404
37 16 2405
192 52 2406
186 85 2407
56 146 2408
1 79 2409
152 142 2410
195 37 2411
58 15 2412
55 75 2413
35 39 2414
77 46 2415
24 29 2416
132 18 2417
91 67 2418
108 159 2419
79 177 2420
150 121 2421
176 183 2422
93 10 2423
174 146 2424
191 4 2425
109 87 2426
139 152 2427
177 70 2428
95 79 2429
149 23 2430
11 16 2431
62 20 2432
66 102 2433
52 58 2434
44 23 2435
62 142 2436
134 178 2437
12 46 2438
150 37 2439
176 182 2440
9 142 2441
47 10 2442
120 65 2443
83 59 2444
32 12 2445
63 65 2446
73 179 2447
56 21 2448
29 28 2449
52 164 2450
1 183 2451
156 155 2452
114 63 2453
56 8 2454
58 33 2455
117 54 2456
81 1 2457
47 1 2458
3 41 2459
125 130 2460
195 98 2461
7 65 2462
78 188 2463
51 58 2464
97 2 2465
98 198 2466
128 51 2467
176 11 2468
2 152 2469
25 14 2470
79 193 2471
101 109 2472
136 132 2473
40 34 2474
193 51 2475
65 24 2476
106 181 2477
39 174 2478
128 106 2479
109 57 2480
170 99 2481
27 160 2482
9 197 2483
6 136 2484
40 4 2485
87 19 2486
46 184 2487
123 139 2488
116 54 2489
94 49 2490
195 43 2491
7 104 2492
197 131 2493
100 28 2494
129 199 2495
194 26 2496
119 101 2497
41 10 2498
40 135 2499
99 38 2500
153 13 2501
23 50 2502
151 24 2503
185 59 2504
140 109 2505
4 62 2506
166 134 2507
146 182 2508
98 136 2509
109 53 2510
100 42 2511
36 85 2512
101 147 2513
190 67 2514
98 33 2515
70 38 2516
187 31 2517
85 80 2518
36 108 2519
50 64 2520
42 1 2521
97 161 2522
109 37 2523
72 130 2524
114 58 2525
119 139 2526
151 198 2527
158 63 2528
129 161 2529
40 76 2530
138 144 2531
55 77 2532
35 99 2533
103 69 2534
94 32 2535
162 129 2536
159 99 2537
196 177 2538
2 153 2539
12 14 2540
152 89 2541
190 141 2542
164 98 2543
3 29 2544
22 17 2545
70 190 2546
17 24 2547
77 139 2548
164 48 2549
91 127 2550
37 156 2551
33 41 2552
198 23 2553
168 45 2554
43 93 2555
81 107 2556
117 145 2557
106 125 2558
18 20 2559
18 141 2560
20 161 2561
141 42 2562
113 122 2563
63 126 2564
137 101 2565
11 64 2566
29 101 2567
161 61 2568
9 146 2569
57 191 2570
120 44 2571
88 152 2572
98 2 2573
162 10 2574
84 148 2575
23 86 2576
174 34 2577
143 67 2578
24 138 2579
181 137 2580
38 145 2581
60 137 2582
21 66 2583
18 112 2584
11 124 2585
171 157 2586
63 84 2587
187 139 2588
83 121 2589
196 171 2590
176 51 2591
167 16 2592
196 23 2593
74 163 2594
58 70 2595
47 181 2596
40 88 2597
144 121 2598
190 160 2599
87 128 2600
129 63 2601
147 177 2602
93 114 2603
36 198 2604
132 45 2605
59 172 2606
60 121 2607
41 40 2608
196 175 2609
137 125 2610
38 32 2611
32 181 2612
163 14 2613
164 127 2614
68 24 2615
47 13 2616
93 104 2617
111 74 2618
169 51 2619
171 37 2620
13 128 2621
7 67 2622
128 69 2623
193 97 2624
117 21 2625
147 140 2626
183 132 2627
165 12 2628
186 98 2629
92 172 2630
133 161 2631
21 11 2632
94 140 2633
121 81 2634
199 103 2635
55 122 2636
84 188 2637
91 36 2638
105 15 2639
196 142 2640
70 51 2641
60 42 2642
139 108 2643
36 53 2644
153 113 2645
12 143 2646
189 33 2647
117 111 2648
20 181 2649
125 58 2650
11 48 2651
41 130 2652
85 137 2653
173 5 2654
101 126 2655
24 20 2656
185 86 2657
153 173 2658
189 121 2659
62 18 2660
31 175 2661
154 86 2662
199 114 2663
47 31 2664
134 175 2665
192 102 2666
160 67 2667
171 175 2668
79 153 2669
56 9 2670
139 72 2671
157 47 2672
188 132 2673
16 155 2674
185 87 2675
24 200 2676
86 132 2677
137 131 2678
70 107 2679
198 121 2680
76 165 2681
57 15 2682
47 113 2683
15 197 2684
101 60 2685
68 159 2686
196 43 2687
188 34 2688
39 139 2689
12 171 2690
59 61 2691
172 79 2692
62 131 2693
130 151 2694
128 132 2695
138 141 2696
81 156 2697
50 108 2698
110 166 2699
126 65 2700
28 45 2701
69 50 2702
39 13 2703
147 55 2704
185 103 2705
60 123 2706
57 16 2707
196 91 2708
26 141 2709
44 187 2710
39 172 2711
69 82 2712
112 95 2713
67 172 2714
97 191 2715
198 89 2716
62 72 2717
45 31 2718
23 100 2719
46 169 2720
177 37 2721
114 146 2722
10 82 2723
108 38 2724
85 57 2725
24 159 2726
134 75 2727
176 65 2728
143 179 2729
25 7 2730
1 179 2731
156 5 2732
114 133 2733
140 3 2734
199 31 2735
35 165 2736
147 150 2737
15 199 2738
137 178 2739
39 71 2740
163 125 2741
10 148 2742
22 133 2743
167 35 2744
161 82 2745
73 33 2746
149 176 2747
126 100 2748
190 186 2749
157 170 2750
56 6 2751
44 195 2752
64 21 2753
140 78 2754
71 89 2755
65 169 2756
59 42 2757
47 12 2758
8 17 2759
92 166 2760
191 26 2761
195 5 2762
35 119 2763
12 135 2764
184 92 2765
118 181 2766
19 84 2767
74 36 2768
164 11 2769
87 165 2770
146 21 2771
126 64 2772
34 68 2773
110 17 2774
54 137 2775
144 6 2776
78 57 2777
91 155 2778
51 45 2779
17 50 2780
200 153 2781
40 7 2782
61 147 2783
78 42 2784
58 137 2785
13 180 2786
24 183 2787
133 115 2788
118 75 2789
183 96 2790
1 56 2791
83 126 2792
91 60 2793
125 191 2794
2 77 2795
52 134 2796
135 156 2797
167 17 2798
76 179 2799
23 70 2800
166 181 2801
45 142 2802
179 106 2803
58 108 2804
190 77 2805
77 176 2806
109 116 2807
99 69 2808
139 102 2809
162 156 2810
9 94 2811
125 115 2812
186 38 2813
118 159 2814
126 111 2815
144 69 2816
111 5 2817
91 168 2818
73 126 2819
129 40 2820
70 139 2821
78 94 2822
73 98 2823
35 100 2824
88 6 2825
94 60 2826
178 100 2827
144 160 2828
196 163 2829
71 120 2830
107 190 2831
191 200 2832
191 118 2833
183 22 2834
183 86 2835
45 107 2836
197 45 2837
140 93 2838
191 55 2839
19 129 2840
90 197 2841
5 61 2842
75 136 2843
175 145 2844
5 12 2845
66 22 2846
187 173 2847
49 135 2848
104 179 2849
51 54 2850
170 33 2851
151 145 2852
95 194 2853
106 53 2854
81 41 2855
17 25 2856
27 68 2857
198 26 2858
150 76 2859
86 168 2860
169 194 2861
166 18 2862
104 175 2863
177 185 2864
29 177 2865
190 12 2866
6 62 2867
104 38 2868
34 142 2869
124 131 2870
32 118 2871
137 77 2872
11 81 2873
89 121 2874
49 45 2875
188 89 2876
54 20 2877
184 109 2878
153 103 2879
159 126 2880
53 159 2881
131 27 2882
154 27 2883
170 46 2884
50 152 2885
117 128 2886
150 74 2887
188 109 2888
109 198 2889
124 48 2890
170 175 2891
180 93 2892
68 164 2893
56 134 2894
135 175 2895
34 185 2896
161 23 2897
152 66 2898
136 47 2899
184 118 2900
192 180 2901
10 149 2902
196 187 2903
112 147 2904
172 100 2905
14 158 2906
50 22 2907
128 151 2908
180 61 2909
52 8 2910
155 52 2911
72 112 2912
120 21 2913
75 79 2914
6 171 2915
141 198 2916
92 60 2917
5 50 2918
32 7 2919
163 21 2920
158 198 2921
108 104 2922
85 141 2923
109 161 2924
188 133 2925
84 187 2926
131 97 2927
4 99 2928
168 189 2929
178 27 2930
133 169 2931
27 81 2932
139 23 2933
54 13 2934
138 111 2935
118 93 2936
183 14 2937
58 28 2938
71 133 2939
179 200 2940
130 147 2941
182 178 2942
101 56 2943
141 121 2944
164 75 2945
187 16 2946
193 142 2947
30 200 2948
88 13 2949
199 172 2950
140 73 2951
191 189 2952
197 16 2953
192 33 2954
44 7 2955
66 183 2956
155 107 2957
91 187 2958
66 90 2959
157 188 2960
107 17 2961
110 117 2962
83 120 2963
144 43 2964
59 121 2965
95 20 2966
6 69 2967
178 26 2968
10 110 2969
159 129 2970
25 88 2971
180 128 2972
89 11 2973
181 105 2974
27 129 2975
47 102 2976
21 85 2977
101 183 2978
44 146 2979
124 176 2980
196 125 2981
27 147 2982
112 103 2983
46 57 2984
138 30 2985
165 139 2986
10 174 2987
189 184 2988
168 111 2989
82 110 2990
43 198 2991
76 47 2992
187 154 2993
88 135 2994
77 179 2995
20 128 2996
45 191 2997
130 170 2998
65 56 2999
68 41 3000
90 32 3001
170 47 3002
94 162 3003
130 78 3004
18 48 3005
135 63 3006
113 77 3007
89 193 3008
196 41 3009
105 180 3010
54 39 3011
106 131 3012
35 3 3013
57 158 3014
167 109 3015
183 187 3016
41 170 3017
152 49 3018
92 24 3019
86 128 3020
97 119 3021
37 180 3022
121 67 3023
42 4 3024
175 168 3025
89 115 3026
178 29 3027
11 118 3028
103 161 3029
74 175 3030
104 110 3031
117 61 3032
140 81 3033
101 28 3034
8 114 3035
182 88 3036
20 121 3037
7 61 3038
163 95 3039
107 16 3040
98 187 3041
18 102 3042
22 55 3043
18 163 3044
1 151 3045
54 30 3046
193 46 3047
65 136 3048
52 102 3049
28 174 3050
141 68 3051
77 39 3052
169 89 3053
181 109 3054
175 192 3055
94 105 3056
85 65 3057
130 52 3058
155 100 3059
170 78 3060
9 83 3061
185 4 3062
192 169 3063
181 148 3064
103 140 3065
112 15 3066
166 114 3067
5 118 3068
25 197 3069
197 10 3070
98 68 3071
93 101 3072
163 192 3073
108 183 3074
86 25 3075
198 55 3076
13 77 3077
109 30 3078
90 127 3079
70 112 3080
13 41 3081
73 123 3082
99 187 3083
121 52 3084
66 30 3085
67 123 3086
28 25 3087
189 185 3088
15 122 3089
152 19 3090
175 8 3091
157 195 3092
175 200 3093
44 90 3094
14 84 3095
37 128 3096
86 130 3097
141 137 3098
89 42 3099
93 99 3100
103 139 3101
62 91 3102
13 31 3103
185 67 3104
70 90 3105
86 67 3106
65 147 3107
20 41 3108
124 91 3109
147 62 3110
22 43 3111
74 141 3112
128 53 3113
50 191 3114
83 36 3115
110 155 3116
101 121 3117
46 124 3118
150 6 3119
100 4 3120
54 14 3121
101 143 3122
164 195 3123
153 32 3124
66 51 3125
62 105 3126
191 9 3127
47 145 3128
171 73 3129
190 61 3130
175 100 3131
5 97 3132
88 189 3133
84 51 3134
152 105 3135
59 38 3136
79 152 3137
120 62 3138
57 114 3139
136 126 3140
116 79 3141
147 131 3142
157 77 3143
189 118 3144
123 127 3145
2 65 3146
166 169 3147
164 78 3148
135 11 3149
189 173 3150
45 3 3151
86 155 3152
102 81 3153
190 150 3154
7 70 3155
186 82 3156
74 133 3157
40 154 3158
73 131 3159
34 51 3160
55 172 3161
170 191 3162
41 190 3163
50 115 3164
48 49 3165
73 54 3166
100 197 3167
86 1 3168
9 46 3169
19 167 3170
195 101 3171
144 51 3172
49 140 3173
32 37 3174
75 12 3175
106 126 3176
180 115 3177
86 190 3178
156 147 3179
40 90 3180
113 93 3181
69 155 3182
97 179 3183
38 181 3184
170 105 3185
134 169 3186
74 17 3187
88 66 3188
87 111 3189
76 190 3190
200 93 3191
141 126 3192
150 130 3193
54 95 3194
29 52 3195
70 168 3196
64 1 3197
2 8 3198
150 173 3199
144 12 3200
30 13 3201
120 152 3202
23 59 3203
37 10 3204
197 135 3205
81 123 3206
88 97 3207
91 165 3208
92 75 3209
157 174 3210
192 125 3211
110 59 3212
74 106 3213
171 92 3214
102 104 3215
9 150 3216
53 191 3217
118 54 3218
138 51 3219
54 15 3220
78 151 3221
186 181 3222
162 175 3223
135 155 3224
58 97 3225
108 87 3226
172 178 3227
34 57 3228
58 133 3229
116 122 3230
129 190 3231
137 32 3232
7 138 3233
84 48 3234
43 137 3235
199 98 3236
110 12 3237
94 132 3238
118 87 3239
34 176 3240
107 169 3241
180 80 3242
88 117 3243
114 72 3244
16 128 3245
29 179 3246
27 105 3247
42 189 3248
111 154 3249
82 4 3250
83 14 3251
99 73 3252
141 188 3253
152 193 3254
96 2 3255
44 135 3256
34 14 3257
184 20 3258
167 197 3259
127 87 3260
5 127 3261
156 74 3262
62 53 3263
111 197 3264
169 177 3265
158 89 3266
160 192 3267
128 75 3268
191 181 3269
79 13 3270
51 154 3271
136 111 3272
139 3 3273
144 77 3274
134 144 3275
115 196 3276
86 99 3277
82 120 3278
103 1 3279
80 199 3280
50 165 3281
23 34 3282
139 167 3283
95 121 3284
127 184 3285
4 190 3286
96 158 3287
136 150 3288
134 188 3289
24 146 3290
136 29 3291
109 100 3292
79 198 3293
176 4 3294
78 196 3295
105 20 3296
150 109 3297
121 126 3298
103 57 3299
106 5 3300
116 194 3301
154 100 3302
177 5 3303
125 87 3304
108 31 3305
31 78 3306
190 38 3307
41 168 3308
176 49 3309
97 31 3310
185 138 3311
124 70 3312
95 138 3313
190 169 3314
123 64 3315
120 158 3316
154 117 3317
115 13 3318
103 105 3319
35 19 3320
115 152 3321
61 122 3322
122 105 3323
88 46 3324
26 160 3325
59 171 3326
46 85 3327
72 93 3328
129 177 3329
111 38 3330
161 148 3331
195 167 3332
22 68 3333
137 105 3334
82 181 3335
108 166 3336
65 155 3337
23 35 3338
73 66 3339
120 116 3340
114 175 3341
59 157 3342
14 152 3343
98 76 3344
18 65 3345
25 55 3346
49 66 3347
126 158 3348
149 12 3349
162 52 3350
93 126 3351
6 11 3352
56 111 3353
157 65 3354
59 13 3355
88 67 3356
160 152 3357
183 40 3358
103 110 3359
187 51 3360
33 120 3361
88 9 3362
74 18 3363
160 174 3364
129 50 3365
91 43 3366
87 43 3367
191 24 3368
145 54 3369
145 43 3370
44 127 3371
197 74 3372
122 99 3373
33 187 3374
170 111 3375
58 46 3376
82 178 3377
23 157 3378
122 2 3379
194 101 3380
3 160 3381
24 112 3382
68 2 3383
25 132 3384
4 78 3385
59 131 3386
86 93 3387
119 162 3388
83 169 3389
166 159 3390
33 10 3391
41 45 3392
47 14 3393
172 65 3394
185 95 3395
73 50 3396
46 37 3397
155 120 3398
46 105 3399
146 10 3400
84 173 3401
127 3 3402
2 5 3403
78 77 3404
18 119 3405
147 92 3406
120 27 3407
125 10 3408
26 140 3409
137 176 3410
178 101 3411
191 106 3412
106 8 3413
154 136 3414
148 128 3415
135 160 3416
190 149 3417
141 118 3418
75 189 3419
77 89 3420
87 77 3421
198 155 3422
106 105 3423
28 188 3424
197 109 3425
116 97 3426
133 43 3427
160 148 3428
12 196 3429
33 80 3430
37 189 3431
113 146 3432
42 24 3433
29 91 3434
72 156 3435
48 54 3436
154 31 3437
12 169 3438
3 28 3439
70 11 3440
53 115 3441
66 28 3442
104 188 3443
42 200 3444
33 15 3445
7 165 3446
24 121 3447
164 62 3448
134 19 3449
55 21 3450
192 176 3451
160 137 3452
156 73 3453
34 64 3454
199 142 3455
183 60 3456
25 89 3457
159 143 3458
198 138 3459
175 117 3460
89 120 3461
113 1 3462
180 162 3463
151 150 3464
183 59 3465
153 182 3466
56 131 3467
103 47 3468
24 44 3469
193 183 3470
122 101 3471
86 91 3472
147 191 3473
33 135 3474
62 87 3475
190 189 3476
154 72 3477
80 108 3478
53 183 3479
125 170 3480
33 130 3481
6 118 3482
15 143 3483
175 172 3484
76 30 3485
106 6 3486
65 174 3487
71 180 3488
59 184 3489
135 182 3490
108 160 3491
74 155 3492
140 113 3493
11 87 3494
126 52 3495
182 127 3496
116 28 3497
194 56 3498
78 43 3499
7 155 3500
176 147 3501
5 198 3502
153 77 3503
5 34 3504
83 184 3505
10 182 3506
42 151 3507
59 15 3508
48 110 3509
109 75 3510
101 47 3511
140 7 3512
3 38 3513
107 69 3514
16 126 3515
22 179 3516
47 130 3517
39 125 3518
190 185 3519
29 47 3520
22 120 3521
196 134 3522
114 194 3523
135 91 3524
193 103 3525
196 40 3526
158 70 3527
127 106 3528
195 46 3529
152 64 3530
17 80 3531
106 85 3532
13 151 3533
91 95 3534
155 142 3535
37 9 3536
22 197 3537
50 38 3538
6 158 3539
161 89 3540
47 197 3541
12 176 3542
27 2 3543
61 74 3544
169 82 3545
112 169 3546
199 33 3547
152 161 3548
9 171 3549
113 177 3550
159 183 3551
176 189 3552
95 125 3553
8 86 3554
73 115 3555
111 61 3556
190 19 3557
19 71 3558
141 122 3559
131 151 3560
122 128 3561
132 120 3562
168 13 3563
67 142 3564
149 138 3565
118 171 3566
28 149 3567
30 164 3568
19 113 3569
22 18 3570
172 19 3571
61 28 3572
26 25 3573
115 46 3574
1 45 3575
43 27 3576
133 120 3577
140 167 3578
170 137 3579
200 142 3580
155 124 3581
99 56 3582
58 180 3583
77 50 3584
106 134 3585
126 91 3586
87 60 3587
29 142 3588
42 194 3589
39 1 3590
2 112 3591
49 159 3592
62 129 3593
85 159 3594
109 194 3595
41 16 3596
117 86 3597
58 79 3598
115 172 3599
26 66 3600
75 102 3601
91 180 3602
65 53 3603
194 149 3604
175 118 3605
87 67 3606
73 150 3607
165 24 3608
51 165 3609
6 22 3610
57 74 3611
116 88 3612
69 169 3613
3 65 3614
109 187 3615
143 85 3616
139 194 3617
84 11 3618
45 192 3619
77 80 3620
72 168 3621
16 194 3622
180 157 3623
188 139 3624
113 119 3625
14 147 3626
146 175 3627
180 19 3628
59 155 3629
133 45 3630
102 157 3631
88 80 3632
150 22 3633
65 58 3634
35 47 3635
127 100 3636
39 132 3637
163 94 3638
199 30 3639
72 47 3640
11 99 3641
177 134 3642
83 15 3643
139 190 3644
6 3 3645
15 43 3646
170 35 3647
76 8 3648
55 158 3649
155 196 3650
19 106 3651
6 2 3652
137 73 3653
46 111 3654
53 52 3655
189 36 3656
33 111 3657
64 99 3658
15 78 3659
190 122 3660
133 168 3661
29 199 3662
26 114 3663
81 76 3664
96 80 3665
184 56 3666
44 39 3667
163 91 3668
153 198 3669
32 125 3670
76 185 3671
187 171 3672
41 183 3673
16 80 3674
133 182 3675
80 181 3676
119 61 3677
68 38 3678
89 81 3679
150 163 3680
116 27 3681
193 116 3682
22 31 3683
178 57 3684
79 106 3685
81 44 3686
95 129 3687
94 99 3688
156 123 3689
13 123 3690
36 41 3691
33 132 3692
58 136 3693
198 101 3694
162 84 3695
113 87 3696
41 85 3697
13 197 3698
172 164 3699
45 27 3700
132 137 3701
181 103 3702
148 137 3703
67 181 3704
74 151 3705
69 78 3706
157 12 3707
27 102 3708
40 33 3709
6 159 3710
126 31 3711
190 14 3712
129 89 3713
52 33 3714
142 47 3715
47 140 3716
12 43 3717
53 169 3718
193 131 3719
147 165 3720
139 179 3721
150 13 3722
176 129 3723
72 10 3724
31 33 3725
2 28 3726
21 16 3727
19 173 3728
159 54 3729
128 167 3730
174 132 3731
71 81 3732
164 176 3733
128 194 3734
125 92 3735
4 52 3736
12 33 3737
180 164 3738
134 82 3739
171 119 3740
41 52 3741
101 91 3742
164 174 3743
98 190 3744
95 159 3745
111 156 3746
54 61 3747
145 188 3748
97 41 3749
146 14 3750
46 112 3751
101 199 3752
94 153 3753
54 134 3754
150 114 3755
107 99 3756
187 138 3757
110 31 3758
94 135 3759
124 130 3760
16 13 3761
117 133 3762
190 53 3763
45 44 3764
142 197 3765
39 181 3766
195 89 3767
127 67 3768
122 158 3769
151 31 3770
23 106 3771
190 74 3772
200 95 3773
83 171 3774
63 11 3775
54 166 3776
21 124 3777
124 68 3778
99 110 3779
79 129 3780
134 118 3781
158 128 3782
18 156 3783
184 149 3784
108 97 3785
79 128 3786
47 36 3787
32 63 3788
120 118 3789
92 7 3790
112 87 3791
185 21 3792
2 89 3793
53 14 3794
177 116 3795
150 125 3796
105 158 3797
17 177 3798
51 143 3799
165 115 3800
14 199 3801
98 119 3802
152 181 3803
169 96 3804
198 17 3805
113 166 3806
117 37 3807
131 167 3808
7 163 3809
32 91 3810
16 93 3811
180 190 3812
7 195 3813
129 130 3814
32 171 3815
54 195 3816
5 175 3817
110 5 3818
148 172 3819
184 187 3820
85 90 3821
69 4 3822
137 128 3823
13 1 3824
89 82 3825
49 87 3826
69 143 3827
144 21 3828
106 29 3829
81 91 3830
54 100 3831
142 176 3832
47 97 3833
14 139 3834
119 11 3835
112 26 3836
145 140 3837
88 144 3838
140 57 3839
195 198 3840
56 182 3841
117 87 3842
77 76 3843
132 54 3844
98 4 3845
34 86 3846
58 168 3847
32 113 3848
112 36 3849
149 96 3850
47 144 3851
7 41 3852
10 173 3853
15 100 3854
78 123 3855
167 77 3856
165 174 3857
127 160 3858
124 14 3859
172 57 3860
4 153 3861
46 157 3862
150 90 3863
147 51 3864
185 195 3865
129 20 3866
171 91 3867
137 107 3868
134 187 3869
156 194 3870
82 108 3871
151 157 3872
126 194 3873
126 177 3874
140 177 3875
186 125 3876
60 192 3877
78 35 3878
71 184 3879
55 74 3880
21 110 3881
194 191 3882
169 99 3883
8 11 3884
83 139 3885
121 41 3886
163 104 3887
38 134 3888
192 74 3889
149 54 3890
100 43 3891
5 24 3892
110 54 3893
174 102 3894
161 151 3895
9 123 3896
36 84 3897
24 143 3898
33 183 3899
60 138 3900
53 57 3901
104 134 3902
81 2 3903
143 40 3904
79 111 3905
62 168 3906
161 104 3907
190 96 3908
13 187 3909
125 85 3910
160 87 3911
121 27 3912
73 129 3913
118 9 3914
22 2 3915
176 20 3916
87 164 3917
119 48 3918
4 159 3919
63 197 3920
24 91 3921
76 86 3922
50 75 3923
57 80 3924
8 58 3925
177 41 3926
124 185 3927
39 112 3928
111 93 3929
118 113 3930
21 177 3931
15 169 3932
70 120 3933
29 58 3934
147 132 3935
74 7 3936
3 42 3937
157 60 3938
188 105 3939
113 6 3940
63 69 3941
49 164 3942
126 142 3943
112 89 3944
31 87 3945
29 158 3946
23 144 3947
84 1 3948
163 13 3949
126 132 3950
61 105 3951
20 165 3952
28 133 3953
54 76 3954
200 35 3955
8 33 3956
161 81 3957
8 154 3958
129 182 3959
98 62 3960
160 103 3961
187 108 3962
165 108 3963
187 110 3964
198 131 3965
89 40 3966
191 93 3967
104 72 3968
10 123 3969
138 2 3970
133 127 3971
112 96 3972
150 38 3973
35 92 3974
167 87 3975
31 85 3976
71 197 3977
96 58 3978
83 66 3979
88 160 3980
171 160 3981
157 121 3982
75 179 3983
91 115 3984
142 94 3985
140 193 3986
70 72 3987
5 28 3988
80 174 3989
46 17 3990
163 173 3991
37 51 3992
3 188 3993
198 179 3994
60 134 3995
128 3 3996
82 143 3997
170 98 3998
40 111 3999
8 155 4000
48 132 4001
125 26 4002
127 75 4003
140 21 4004
19 194 4005
60 110 4006
152 131 4007
40 175 4008
83 191 4009
128 172 4010
83 141 4011
85 94 4012
108 176 4013
83 161 4014
39 101 4015
122 156 4016
72 77 4017
88 3 4018
76 167 4019
70 150 4020
130 37 4021
70 141 4022
41 163 4023
178 37 4024
62 166 4025
155 187 4026
153 131 4027
1 158 4028
156 42 4029
21 138 4030
55 127 4031
179 82 4032
163 36 4033
24 142 4034
186 68 4035
33 103 4036
35 128 4037
86 37 4038
68 95 4039
160 120 4040
174 71 4041
27 64 4042
64 61 4043
90 187 4044
163 25 4045
18 193 4046
65 44 4047
30 72 4048
26 83 4049
163 76 4050
65 11 4051
46 26 4052
161 176 4053
54 31 4054
32 17 4055
52 32 4056
39 18 4057
112 150 4058
112 175 4059
4 167 4060
135 2 4061
111 103 4062
1 96 4063
73 163 4064
94 145 4065
114 32 4066
57 111 4067
78 162 4068
192 64 4069
119 44 4070
85 33 4071
123 99 4072
97 95 4073
127 120 4074
167 26 4075
169 122 4076
184 144 4077
46 73 4078
112 198 4079
161 134 4080
147 91 4081
41 158 4082
72 81 4083
57 29 4084
85 109 4085
51 197 4086
191 184 4087
61 9 4088
182 68 4089
186 79 4090
182 15 4091
158 200 4092
152 74 4093
148 86 4094
63 70 4095
188 32 4096
28 114 4097
55 156 4098
70 41 4099
97 153 4100
130 68 4101
149 22 4102
163 28 4103
48 41 4104
165 145 4105
55 66 4106
130 175 4107
27 42 4108
37 108 4109
4 13 4110
45 123 4111
189 131 4112
29 127 4113
105 6 4114
104 178 4115
192 21 4116
194 40 4117
97 93 4118
166 41 4119
84 168 4120
124 54 4121
163 145 4122
112 38 4123
5 179 4124
192 190 4125
180 10 4126
50 4 4127
199 191 4128
117 70 4129
151 27 4130
37 43 4131
82 157 4132
156 163 4133
159 135 4134
88 7 4135
1 163 4136
132 30 4137
101 89 4138
28 166 4139
101 155 4140
91 198 4141
121 108 4142
157 56 4143
17 111 4144
177 136 4145
57 177 4146
130 186 4147
127 102 4148
198 169 4149
140 115 4150
58 103 4151
21 159 4152
177 151 4153
182 190 4154
92 36 4155
167 154 4156
37 80 4157
85 154 4158
33 100 4159
64 169 4160
79 85 4161
101 76 4162
122 170 4163
80 24 4164
177 139 4165
169 92 4166
102 70 4167
40 110 4168
3 105 4169
196 76 4170
85 76 4171
163 170 4172
180 148 4173
20 160 4174
5 123 4175
61 90 4176
160 14 4177
45 161 4178
101 120 4179
57 32 4180
155 49 4181
124 24 4182
168 159 4183
139 98 4184
164 69 4185
6 83 4186
150 170 4187
39 76 4188
100 50 4189
198 118 4190
133 64 4191
137 179 4192
21 1 4193
81 57 4194
108 155 4195
6 135 4196
101 44 4197
180 52 4198
93 173 4199
52 142 4200
1 102 4201
175 59 4202
141 1 4203
29 27 4204
101 115 4205
147 169 4206
116 135 4207
79 97 4208
137 36 4209
85 156 4210
99 52 4211
200 174 4212
40 166 4213
142 79 4214
74 6 4215
161 193 4216
30 170 4217
77 58 4218
57 154 4219
28 22 4220
155 23 4221
147 144 4222
96 36 4223
44 181 4224
24 162 4225
147 29 4226
15 117 4227
119 17 4228
146 152 4229
148 154 4230
10 166 4231
43 31 4232
10 89 4233
22 75 4234
25 147 4235
66 65 4236
112 84 4237
95 174 4238
35 41 4239
161 29 4240
1 166 4241
175 78 4242
84 73 4243
74 104 4244
64 80 4245
102 191 4246
176 26 4247
100 121 4248
83 78 4249
160 154 4250
27 35 4251
176 15 4252
96 196 4253
173 90 4254
169 95 4255
113 187 4256
1 109 4257
116 14 4258
55 157 4259
155 192 4260
143 139 4261
116 64 4262
71 90 4263
73 3 4264
90 39 4265
53 68 4266
88 101 4267
168 53 4268
189 178 4269
83 71 4270
69 160 4271
114 29 4272
185 183 4273
41 99 4274
128 68 4275
184 32 4276
176 16 4277
121 66 4278
76 181 4279
7 190 4280
16 82 4281
1 107 4282
166 133 4283
120 76 4284
7 193 4285
4 26 4286
122 172 4287
9 125 4288
75 178 4289
99 105 4290
136 3 4291
196 164 4292
19 22 4293
77 31 4294
27 103 4295
100 193 4296
147 192 4297
125 61 4298
65 72 4299
181 140 4300
9 62 4301
115 183 4302
34 69 4303
19 143 4304
140 164 4305
72 67 4306
87 195 4307
195 100 4308
191 115 4309
114 200 4310
3 112 4311
144 164 4312
131 29 4313
55 63 4314
84 142 4315
157 107 4316
162 60 4317
123 152 4318
129 58 4319
66 192 4320
32 100 4321
82 131 4322
64 15 4323
32 65 4324
92 173 4325
53 100 4326
109 95 4327
193 181 4328
132 37 4329
135 99 4330
169 142 4331
37 161 4332
65 156 4333
19 5 4334
69 104 4335
65 111 4336
184 84 4337
35 142 4338
113 70 4339
96 95 4340
74 160 4341
175 50 4342
134 141 4343
173 67 4344
107 88 4345
99 26 4346
170 160 4347
15 179 4348
149 106 4349
128 72 4350
97 11 4351
98 11 4352
50 25 4353
80 169 4354
165 114 4355
44 137 4356
50 59 4357
195 136 4358
187 53 4359
194 35 4360
48 77 4361
144 136 4362
5 16 4363
64 148 4364
151 121 4365
72 167 4366
133 173 4367
178 103 4368
30 38 4369
42 183 4370
96 100 4371
123 80 4372
4 19 4373
177 189 4374
167 68 4375
120 121 4376
127 197 4377
178 135 4378
40 3 4379
17 146 4380
162 93 4381
157 96 4382
97 19 4383
14 74 4384
109 200 4385
67 59 4386
155 178 4387
14 127 4388
182 82 4389
187 83 4390
78 180 4391
36 60 4392
107 61 4393
42 142 4394
95 131 4395
133 23 4396
198 90 4397
46 153 4398
16 85 4399
138 84 4400
111 62 4401
47 67 4402
182 54 4403
3 9 4404
197 56 4405
88 73 4406
54 180 4407
23 56 4408
100 70 4409
68 29 4410
6 139 4411
106 107 4412
24 188 4413
11 1 4414
171 153 4415
22 61 4416
118 81 4417
166 132 4418
146 184 4419
23 156 4420
64 105 4421
163 116 4422
121 25 4423
123 184 4424
18 97 4425
110 44 4426
136 37 4427
4 60 4428
123 141 4429
130 3 4430
100 110 4431
145 55 4432
4 122 4433
32 197 4434
170 178 4435
71 5 4436
105 183 4437
128 191 4438
37 85 4439
103 127 4440
147 20 4441
195 25 4442
200 71 4443
169 17 4444
100 44 4445
86 196 4446
127 61 4447
168 27 4448
91 151 4449
145 35 4450
119 16 4451
145 176 4452
46 31 4453
123 6 4454
139 116 4455
70 83 4456
58 161 4457
47 184 4458
73 149 4459
48 168 4460
116 69 4461
91 100 4462
47 165 4463
144 36 4464
58 116 4465
60 81 4466
53 162 4467
12 35 4468
106 147 4469
17 144 4470
14 27 4471
50 161 4472
114 48 4473
6 39 4474
114 75 4475
119 191 4476
143 65 4477
145 122 4478
61 47 4479
14 193 4480
51 160 4481
44 164 4482
171 152 4483
194 57 4484
48 14 4485
66 60 4486
58 63 4487
103 131 4488
128 96 4489
167 165 4490
191 142 4491
173 1 4492
15 156 4493
165 90 4494
30 6 4495
52 89 4496
54 41 4497
55 83 4498
90 108 4499
53 9 4500
190 88 4501
48 193 4502
15 153 4503
66 5 4504
58 55 4505
16 48 4506
20 34 4507
48 118 4508
190 29 4509
159 40 4510
129 198 4511
149 195 4512
28 127 4513
173 60 4514
119 57 4515
41 100 4516
185 97 4517
70 118 4518
2 34 4519
173 77 4520
23 195 4521
22 186 4522
70 181 4523
57 12 4524
101 63 4525
81 186 4526
95 150 4527
167 70 4528
155 45 4529
3 107 4530
51 163 4531
102 165 4532
155 127 4533
164 18 4534
91 27 4535
19 117 4536
144 117 4537
113 174 4538
12 51 4539
182 30 4540
15 115 4541
87 138 4542
172 139 4543
50 119 4544
102 34 4545
105 112 4546
190 101 4547
85 70 4548
157 16 4549
15 168 4550
71 192 4551
32 18 4552
30 136 4553
170 164 4554
84 56 4555
79 92 4556
119 15 4557
100 89 4558
134 127 4559
45 182 4560
78 124 4561
154 47 4562
157 111 4563
187 75 4564
109 182 4565
186 176 4566
101 82 4567
73 173 4568
80 111 4569
138 197 4570
40 29 4571
132 103 4572
99 106 4573
73 164 4574
114 88 4575
131 105 4576
63 47 4577
142 107 4578
123 76 4579
117 12 4580
174 56 4581
108 173 4582
143 17 4583
51 180 4584
179 187 4585
51 156 4586
83 92 4587
185 96 4588
155 185 4589
70 146 4590
153 64 4591
38 86 4592
146 52 4593
85 191 4594
63 62 4595
191 157 4596
148 147 4597
92 176 4598
141 168 4599
62 123 4600
51 56 4601
15 52 4602
166 196 4603
192 177 4604
120 167 4605
145 104 4606
91 77 4607
98 12 4608
170 129 4609
59 147 4610
109 112 4611
53 186 4612
25 166 4613
118 155 4614
108 72 4615
93 103 4616
192 195 4617
164 149 4618
159 151 4619
36 33 4620
29 79 4621
11 141 4622
12 20 4623
138 86 4624
156 142 4625
46 81 4626
133 10 4627
116 146 4628
26 186 4629
144 83 4630
180 199 4631
9 92 4632
170 147 4633
189 194 4634
129 25 4635
92 127 4636
147 171 4637
36 152 4638
74 82 4639
145 126 4640
114 155 4641
77 38 4642
140 58 4643
135 39 4644
177 143 4645
92 93 4646
141 150 4647
87 75 4648
7 58 4649
6 164 4650
197 168 4651
58 130 4652
114 33 4653
112 16 4654
26 187 4655
42 173 4656
174 196 4657
46 64 4658
191 88 4659
95 50 4660
87 80 4661
153 197 4662
11 40 4663
89 26 4664
80 142 4665
7 130 4666
43 111 4667
12 97 4668
68 108 4669
114 119 4670
65 89 4671
163 63 4672
191 86 4673
96 22 4674
69 48 4675
22 58 4676
9 161 4677
36 194 4678
44 113 4679
109 124 4680
70 39 4681
140 83 4682
133 185 4683
196 81 4684
165 16 4685
109 111 4686
27 95 4687
56 159 4688
114 11 4689
61 24 4690
151 140 4691
154 144 4692
38 64 4693
66 8 4694
180 74 4695
71 12 4696
20 126 4697
137 11 4698
178 146 4699
72 52 4700
32 47 4701
22 86 4702
53 24 4703
198 186 4704
168 157 4705
41 169 4706
31 158 4707
130 112 4708
185 196 4709
175 194 4710
153 30 4711
134 146 4712
91 148 4713
147 128 4714
105 83 4715
18 8 4716
186 158 4717
174 158 4718
156 114 4719
189 159 4720
60 103 4721
56 162 4722
57 102 4723
153 7 4724
141 194 4725
81 158 4726
17 126 4727
168 147 4728
82 36 4729
196 90 4730
175 120 4731
147 44 4732
74 56 4733
149 61 4734
172 8 4735
84 17 4736
47 125 4737
79 160 4738
194 98 4739
172 129 4740
143 39 4741
106 124 4742
187 87 4743
46 27 4744
29 83 4745
163 139 4746
126 115 4747
197 60 4748
45 25 4749
127 47 4750
192 46 4751
186 60 4752
104 113 4753
193 160 4754
120 129 4755
17 95 4756
26 174 4757
44 149 4758
53 10 4759
2 29 4760
135 141 4761
108 99 4762
19 154 4763
15 69 4764
189 153 4765
191 71 4766
137 169 4767
63 25 4768
164 159 4769
93 32 4770
165 67 4771
76 56 4772
147 52 4773
167 98 4774
185 162 4775
183 45 4776
37 6 4777
50 10 4778
161 105 4779
114 149 4780
48 108 4781
68 51 4782
70 50 4783
76 151 4784
133 32 4785
132 199 4786
162 179 4787
147 103 4788
181 132 4789
116 155 4790
190 66 4791
148 71 4792
113 171 4793
101 32 4794
174 173 4795
110 195 4796
29 18 4797
17 7 4798
7 28 4799
122 1 4800
148 73 4801
84 163 4802
8 144 4803
110 78 4804
77 169 4805
181 84 4806
134 164 4807
158 88 4808
88 54 4809
147 198 4810
13 109 4811
188 125 4812
147 83 4813
116 185 4814
84 94 4815
184 117 4816
146 57 4817
131 71 4818
2 72 4819
187 199 4820
30 174 4821
43 5 4822
13 84 4823
175 149 4824
185 8 4825
66 120 4826
26 16 4827
188 40 4828
23 73 4829
36 169 4830
132 107 4831
125 176 4832
104 20 4833
139 12 4834
31 92 4835
97 135 4836
135 29 4837
59 53 4838
76 135 4839
2 39 4840
54 3 4841
171 85 4842
143 23 4843
120 193 4844
186 119 4845
166 68 4846
194 120 4847
42 83 4848
95 162 4849
122 56 4850
61 97 4851
58 145 4852
140 166 4853
99 146 4854
163 176 4855
56 82 4856
128 130 4857
76 9 4858
186 147 4859
89 62 4860
13 10 4861
135 37 4862
147 6 4863
188 57 4864
82 31 4865
124 92 4866
58 167 4867
179 6 4868
181 138 4869
60 115 4870
53 129 4871
145 195 4872
178 8 4873
144 46 4874
147 84 4875
185 78 4876
116 15 4877
86 174 4878
111 133 4879
199 125 4880
129 28 4881
124 16 4882
54 102 4883
158 59 4884
97 152 4885
131 9 4886
165 113 4887
29 17 4888
132 3 4889
17 155 4890
105 118 4891
71 46 4892
5 142 4893
27 104 4894
46 189 4895
192 13 4896
199 85 4897
73 102 4898
95 160 4899
190 33 4900
141 169 4901
131 21 4902
73 143 4903
8 170 4904
21 76 4905
182 47 4906
159 76 4907
14 49 4908
71 42 4909
159 26 4910
33 145 4911
196 88 4912
12 72 4913
124 138 4914
168 151 4915
117 3 4916
115 128 4917
197 5 4918
183 146 4919
157 64 4920
130 104 4921
147 36 4922
39 45 4923
111 50 4924
141 125 4925
189 69 4926
152 71 4927
184 161 4928
53 18 4929
66 29 4930
194 64 4931
158 146 4932
61 145 4933
161 107 4934
119 149 4935
94 129 4936
110 55 4937
198 4 4938
41 147 4939
24 132 4940
183 93 4941
66 10 4942
133 30 4943
3 110 4944
196 200 4945
149 166 4946
185 81 4947
186 58 4948
20 79 4949
117 74 4950
81 99 4951
178 116 4952
74 59 4953
175 10 4954
121 183 4955
64 16 4956
117 138 4957
159 5 4958
9 48 4959
78 148 4960
101 72 4961
113 157 4962
97 162 4963
27 94 4964
50 66 4965
172 46 4966
44 92 4967
78 157 4968
152 113 4969
141 55 4970
120 104 4971
185 188 4972
155 44 4973
22 101 4974
80 66 4975
158 26 4976
159 127 4977
47 173 4978
63 104 4979
71 29 4980
98 51 4981
23 199 4982
188 87 4983
131 150 4984
174 44 4985
120 169 4986
16 159 4987
122 100 4988
165 166 4989
38 28 4990
65 14 4991
114 117 4992
181 194 4993
79 163 4994
7 47 4995
62 107 4996
26 143 4997
29 170 4998
167 34 4999
21 27 5000
59 8 5001
133 187 5002
144 92 5003
171 150 5004
10 131 5005
162 120 5006
190 138 5007
97 74 5008
195 152 5009
163 143 5010
37 8 5011
165 187 5012
57 127 5013
108 93 5014
31 29 5015
9 24 5016
119 96 5017
125 70 5018
177 93 5019
82 118 5020
157 81 5021
94 192 5022
6 161 5023
144 133 5024
139 69 5025
38 84 5026
94 150 5027
180 186 5028
153 83 5029
100 152 5030
162 113 5031
125 94 5032
162 178 5033
168 51 5034
196 143 5035
55 31 5036
2 144 5037
146 35 5038
43 147 5039
84 104 5040
106 185 5041
106 199 5042
30 150 5043
52 10 5044
192 122 5045
149 178 5046
84 165 5047
126 95 5048
152 23 5049
21 175 5050
56 200 5051
9 23 5052
108 35 5053
159 1 5054
75 125 5055
49 153 5056
33 5 5057
143 81 5058
200 124 5059
171 158 5060
167 159 5061
138 54 5062
68 13 5063
147 50 5064
19 27 5065
44 154 5066
25 94 5067
22 173 5068
20 25 5069
174 2 5070
138 171 5071
126 47 5072
163 70 5073
107 2 5074
112 11 5075
161 72 5076
187 102 5077
153 24 5078
65 191 5079
89 160 5080
101 123 5081
111 120 5082
56 47 5083
148 46 5084
3 71 5085
178 73 5086
166 17 5087
188 142 5088
130 36 5089
174 31 5090
133 107 5091
7 63 5092
33 91 5093
137 30 5094
172 192 5095
150 116 5096
50 154 5097
29 25 5098
175 165 5099
50 155 5100
166 76 5101
87 126 5102
50 132 5103
57 18 5104
104 183 5105
151 132 5106
93 17 5107
110 130 5108
30 101 5109
183 67 5110
184 124 5111
156 66 5112
149 62 5113
41 145 5114
117 90 5115
28 52 5116
147 70 5117
68 195 5118
181 37 5119
103 68 5120
166 200 5121
97 14 5122
126 185 5123
167 157 5124
162 170 5125
56 40 5126
61 41 5127
122 185 5128
100 101 5129
169 6 5130
22 63 5131
33 39 5132
79 38 5133
115 187 5134
136 31 5135
131 44 5136
144 172 5137
149 15 5138
47 193 5139
72 155 5140
130 62 5141
124 141 5142
39 28 5143
176 100 5144
172 162 5145
160 159 5146
28 44 5147
55 3 5148
137 108 5149
17 67 5150
113 139 5151
25 153 5152
19 171 5153
1 121 5154
14 192 5155
88 29 5156
168 46 5157
183 46 5158
37 139 5159
61 62 5160
158 82 5161
82 54 5162
57 139 5163
154 164 5164
100 144 5165
126 98 5166
174 184 5167
195 63 5168
1 46 5169
174 91 5170
47 58 5171
162 77 5172
4 104 5173
2 130 5174
89 105 5175
33 178 5176
67 137 5177
45 116 5178
52 159 5179
51 198 5180
161 60 5181
102 63 5182
38 178 5183
186 134 5184
156 62 5185
166 162 5186
153 126 5187
93 22 5188
107 84 5189
190 183 5190
129 93 5191
121 137 5192
31 64 5193
108 52 5194
85 101 5195
91 183 5196
164 83 5197
198 84 5198
68 67 5199
68 83 5200
107 114 5201
120 142 5202
49 73 5203
54 127 5204
26 142 5205
120 81 5206
18 1 5207
54 106 5208
83 37 5209
144 143 5210
183 131 5211
106 108 5212
62 15 5213
136 135 5214
59 152 5215
182 184 5216
13 194 5217
121 98 5218
104 62 5219
30 20 5220
102 33 5221
138 175 5222
151 182 5223
199 81 5224
2 36 5225
93 82 5226
12 134 5227
49 188 5228
86 92 5229
75 6 5230
99 181 5231
87 42 5232
49 133 5233
17 170 5234
124 61 5235
44 56 5236
27 92 5237
120 107 5238
13 91 5239
28 37 5240
14 17 5241
127 9 5242
170 185 5243
143 21 5244
108 142 5245
4 17 5246
79 86 5247
58 73 5248
70 8 5249
34 45 5250
167 85 5251
36 125 5252
25 114 5253
134 200 5254
146 111 5255
91 161 5256
72 31 5257
108 19 5258
39 50 5259
101 107 5260
197 101 5261
50 26 5262
87 54 5263
86 5 5264
11 165 5265
74 177 5266
105 36 5267
151 90 5268
32 145 5269
123 88 5270
193 190 5271
91 73 5272
125 140 5273
138 123 5274
199 61 5275
117 77 5276
134 39 5277
75 119 5278
17 115 5279
30 104 5280
42 122 5281
86 74 5282
134 49 5283
185 2 5284
77 124 5285
149 16 5286
141 52 5287
153 18 5288
88 32 5289
66 68 5290
13 12 5291
115 77 5292
23 183 5293
21 69 5294
11 49 5295
19 101 5296
126 189 5297
72 55 5298
156 13 5299
101 141 5300
147 108 5301
97 187 5302
198 127 5303
108 136 5304
94 200 5305
187 82 5306
186 157 5307
30 115 5308
23 29 5309
113 63 5310
25 57 5311
154 49 5312
162 155 5313
22 104 5314
134 198 5315
151 137 5316
149 173 5317
178 144 5318
150 155 5319
177 20 5320
82 15 5321
3 176 5322
164 182 5323
193 71 5324
3 124 5325
176 14 5326
53 157 5327
77 128 5328
34 181 5329
70 162 5330
114 196 5331
195 36 5332
155 136 5333
85 140 5334
3 90 5335
20 139 5336
156 159 5337
194 154 5338
9 159 5339
87 37 5340
76 45 5341
81 87 5342
119 200 5343
79 130 5344
53 8 5345
22 161 5346
177 97 5347
192 9 5348
42 11 5349
125 96 5350
38 54 5351
28 105 5352
140 33 5353
77 118 5354
16 101 5355
99 161 5356
27 190 5357
162 17 5358
125 12 5359
159 154 5360
66 52 5361
37 134 5362
61 100 5363
16 31 5364
19 29 5365
148 24 5366
139 42 5367
179 103 5368
93 8 5369
162 140 5370
197 82 5371
15 186 5372
155 39 5373
46 5 5374
18 117 5375
175 4 5376
102 130 5377
121 50 5378
171 139 5379
63 153 5380
45 61 5381
140 65 5382
44 10 5383
102 199 5384
55 106 5385
123 38 5386
43 98 5387
113 92 5388
156 148 5389
97 20 5390
31 73 5391
185 43 5392
90 121 5393
157 193 5394
87 100 5395
60 189 5396
27 142 5397
90 192 5398
76 12 5399
32 152 5400
45 78 5401
139 181 5402
158 160 5403
149 83 5404
35 4 5405
34 199 5406
127 124 5407
48 7 5408
179 88 5409
119 107 5410
64 161 5411
61 121 5412
38 138 5413
119 177 5414
175 116 5415
5 126 5416
75 122 5417
31 57 5418
75 58 5419
37 61 5420
59 30 5421
43 7 5422
175 19 5423
56 148 5424
94 67 5425
116 142 5426
192 127 5427
81 174 5428
56 54 5429
45 185 5430
114 69 5431
122 108 5432
23 78 5433
32 51 5434
131 162 5435
5 73 5436
78 195 5437
116 94 5438
172 62 5439
83 60 5440
125 105 5441
99 62 5442
148 62 5443
41 72 5444
81 43 5445
119 12 5446
180 170 5447
135 195 5448
79 109 5449
1 73 5450
47 192 5451
78 74 5452
148 197 5453
41 79 5454
123 66 5455
95 198 5456
23 40 5457
103 52 5458
137 158 5459
110 70 5460
94 154 5461
106 123 5462
70 82 5463
85 121 5464
167 177 5465
165 54 5466
178 196 5467
145 155 5468
150 1 5469
142 154 5470
126 86 5471
21 34 5472
141 146 5473
35 187 5474
30 98 5475
11 170 5476
35 33 5477
145 150 5478
55 140 5479
200 190 5480
64 30 5481
133 183 5482
27 156 5483
32 24 5484
100 58 5485
117 156 5486
24 119 5487
148 141 5488
95 146 5489
7 72 5490
175 38 5491
132 70 5492
61 143 5493
189 198 5494
40 148 5495
189 90 5496
109 14 5497
4 189 5498
87 171 5499
150 138 5500
19 23 5501
48 55 5502
53 104 5503
21 9 5504
146 185 5505
124 101 5506
127 168 5507
141 23 5508
29 195 5509
153 132 5510
118 121 5511
36 192 5512
28 121 5513
133 123 5514
190 158 5515
41 185 5516
126 161 5517
122 79 5518
97 4 5519
16 186 5520
93 192 5521
5 188 5522
76 154 5523
193 25 5524
39 97 5525
53 35 5526
73 82 5527
152 127 5528
36 87 5529
192 56 5530
56 86 5531
7 158 5532
70 76 5533
54 68 5534
74 38 5535
68 177 5536
82 43 5537
178 79 5538
44 84 5539
6 197 5540
134 85 5541
67 6 5542
157 1 5543
112 178 5544
180 77 5545
1 129 5546
68 151 5547
65 131 5548
31 178 5549
173 129 5550
175 67 5551
165 61 5552
59 125 5553
131 23 5554
131 169 5555
47 105 5556
127 66 5557
196 103 5558
156 195 5559
39 105 5560
70 53 5561
130 11 5562
40 93 5563
155 11 5564
109 163 5565
91 59 5566
17 99 5567
188 38 5568
39 51 5569
178 197 5570
157 68 5571
197 79 5572
183 52 5573
14 188 5574
108 144 5575
114 145 5576
95 143 5577
187 186 5578
61 164 5579
1 180 5580
100 105 5581
130 18 5582
193 130 5583
124 118 5584
62 43 5585
176 81 5586
188 30 5587
194 103 5588
71 48 5589
174 49 5590
105 80 5591
11 43 5592
180 103 5593
35 179 5594
21 47 5595
77 60 5596
164 34 5597
74 102 5598
169 173 5599
131 154 5600
