200 7300 7300
199 68 1
186 193 2
161 192 3
12 166 4
126 193 5
139 104 6
158 89 7
157 16 8
26 9 9
147 165 10
105 180 11
41 170 12
11 113 13
8 38 14
90 43 15
87 157 16
102 54 17
128 53 18
22 122 19
198 177 20
98 39 21
8 33 22
58 37 23
21 195 24
85 23 25
20 180 26
116 124 27
159 22 28
156 163 29
122 167 30
160 66 31
20 110 32
9 70 33
69 143 34
192 74 35
170 106 36
91 118 37
23 183 38
156 189 39
105 8 40
47 144 41
92 173 42
163 192 43
24 142 44
88 54 45
6 7 46
158 146 47
190 25 48
27 68 49
37 134 50
169 45 51
116 194 52
156 10 53
176 14 54
83 139 55
39 51 56
74 117 57
85 57 58
181 194 59
49 35 60
135 108 61
9 63 62
13 151 63
101 51 64
10 116 65
138 92 66
37 125 67
68 149 68
58 98 69
134 198 70
181 79 71
135 4 72
62 43 73
97 74 74
36 69 75
185 97 76
74 44 77
161 135 78
69 200 79
125 14 80
17 49 81
160 185 82
184 75 83
5 142 84
19 154 85
154 162 86
71 90 87
191 145 88
66 33 89
72 156 90
49 25 91
41 79 92
64 117 93
5 192 94
143 129 95
95 131 96
91 71 97
124 1 98
91 119 99
165 108 100
58 107 101
52 134 102
133 183 103
188 153 104
110 22 105
93 192 106
155 143 107
133 16 108
29 91 109
92 127 110
176 129 111
23 29 112
31 57 113
115 128 114
119 107 115
47 102 116
35 4 117
80 124 118
94 192 119
34 91 120
102 165 121
135 63 122
45 159 123
50 155 124
37 47 125
178 55 126
124 36 127
65 53 128
52 55 129
133 1 130
96 107 131
161 23 132
197 52 133
110 195 134
173 177 135
198 101 136
13 109 137
115 13 138
199 2 139
161 81 140
81 127 141
179 122 142
145 151 143
72 3 144
61 122 145
11 81 146
94 153 147
67 92 148
11 61 149
23 72 150
48 14 151
193 70 152
190 169 153
138 30 154
120 34 155
14 44 156
103 200 157
166 105 158
139 21 159
94 175 160
88 160 161
34 143 162
55 129 163
1 143 164
180 186 165
104 95 166
167 70 167
143 186 168
120 161 169
128 123 170
20 132 171
70 38 172
87 43 173
69 72 174
141 122 175
33 153 176
52 177 177
78 148 178
166 97 179
167 69 180
28 71 181
82 115 182
57 56 183
116 173 184
127 46 185
156 52 186
153 104 187
69 104 188
35 40 189
150 6 190
89 193 191
137 11 192
3 56 193
76 147 194
34 199 195
35 142 196
53 162 197
154 31 198
18 109 199
22 75 200
22 87 201
74 175 202
168 173 203
184 175 204
76 165 205
6 111 206
38 118 207
166 162 208
62 79 209
108 142 210
108 40 211
82 46 212
144 150 213
148 172 214
32 37 215
199 188 216
152 177 217
86 128 218
34 178 219
116 161 220
148 73 221
51 44 222
62 125 223
44 116 224
70 140 225
1 186 226
148 152 227
114 54 228
78 191 229
199 126 230
164 163 231
143 23 232
165 14 233
79 66 234
144 9 235
1 166 236
47 105 237
39 85 238
15 113 239
6 3 240
22 10 241
48 44 242
89 81 243
155 46 244
146 182 245
130 170 246
36 130 247
133 39 248
76 188 249
59 163 250
175 65 251
85 43 252
40 148 253
14 22 254
102 12 255
92 116 256
175 78 257
83 132 258
177 5 259
15 146 260
136 4 261
78 167 262
169 145 263
90 192 264
117 21 265
11 122 266
9 198 267
62 23 268
124 176 269
121 164 270
111 140 271
62 91 272
174 2 273
158 95 274
67 181 275
73 79 276
163 95 277
26 163 278
126 52 279
160 45 280
55 63 281
125 92 282
164 34 283
82 181 284
81 174 285
99 84 286
188 60 287
193 159 288
121 27 289
27 94 290
92 47 291
68 159 292
166 89 293
184 51 294
37 108 295
170 178 296
47 165 297
163 91 298
179 180 299
49 149 300
17 118 301
25 191 302
89 160 303
10 166 304
91 148 305
193 133 306
15 78 307
163 139 308
199 191 309
68 38 310
29 17 311
38 176 312
52 76 313
157 47 314
169 92 315
42 183 316
35 100 317
171 39 318
132 51 319
144 117 320
108 181 321
106 117 322
34 64 323
39 164 324
147 50 325
29 175 326
42 200 327
158 102 328
11 10 329
45 116 330
95 94 331
168 57 332
36 45 333
128 28 334
132 107 335
81 147 336
134 36 337
95 74 338
5 166 339
77 107 340
30 108 341
180 52 342
81 4 343
43 32 344
130 8 345
198 127 346
33 181 347
43 46 348
27 26 349
56 190 350
5 97 351
91 85 352
164 67 353
24 170 354
68 94 355
10 192 356
130 53 357
152 105 358
36 60 359
3 28 360
73 24 361
123 38 362
195 169 363
186 94 364
56 28 365
22 67 366
133 100 367
169 95 368
172 129 369
142 121 370
108 169 371
51 197 372
156 172 373
14 43 374
25 197 375
74 133 376
90 55 377
94 140 378
4 153 379
67 33 380
5 15 381
168 46 382
66 65 383
119 63 384
41 28 385
4 70 386
145 62 387
147 83 388
152 117 389
159 54 390
160 120 391
157 81 392
187 83 393
7 70 394
180 195 395
140 57 396
68 35 397
31 147 398
37 188 399
47 36 400
88 97 401
13 80 402
142 185 403
173 135 404
178 196 405
83 120 406
117 53 407
63 168 408
153 113 409
39 101 410
35 140 411
92 172 412
170 25 413
7 69 414
126 185 415
25 132 416
195 37 417
35 128 418
163 28 419
117 14 420
43 42 421
19 5 422
67 41 423
14 58 424
99 173 425
85 12 426
95 149 427
52 152 428
45 191 429
117 48 430
172 80 431
59 147 432
133 173 433
63 25 434
116 63 435
121 15 436
34 27 437
112 170 438
78 43 439
113 158 440
19 121 441
128 61 442
153 173 443
110 109 444
176 26 445
169 89 446
112 87 447
158 63 448
75 161 449
86 7 450
54 177 451
58 109 452
127 168 453
33 152 454
110 54 455
172 91 456
90 125 457
7 61 458
33 25 459
118 171 460
166 66 461
135 182 462
183 76 463
181 105 464
156 93 465
125 61 466
93 126 467
95 138 468
25 147 469
181 103 470
122 172 471
127 45 472
182 74 473
62 144 474
17 200 475
131 63 476
120 27 477
107 13 478
136 74 479
199 33 480
54 39 481
81 107 482
127 79 483
168 135 484
10 115 485
194 147 486
125 170 487
167 177 488
188 106 489
55 75 490
166 77 491
35 149 492
150 121 493
28 124 494
167 85 495
166 151 496
190 143 497
185 23 498
178 76 499
169 140 500
158 108 501
4 66 502
75 143 503
186 60 504
94 159 505
130 97 506
149 173 507
39 69 508
139 179 509
48 185 510
95 66 511
158 154 512
41 1 513
70 183 514
49 26 515
157 111 516
153 158 517
49 55 518
168 53 519
168 82 520
31 168 521
111 103 522
29 127 523
144 36 524
193 122 525
34 60 526
67 102 527
187 29 528
200 49 529
106 5 530
100 112 531
25 114 532
163 36 533
164 72 534
41 145 535
76 132 536
54 13 537
59 196 538
192 2 539
16 80 540
188 182 541
199 24 542
47 78 543
105 16 544
127 108 545
112 36 546
51 138 547
54 76 548
121 81 549
5 126 550
113 62 551
106 108 552
88 185 553
63 18 554
9 23 555
45 112 556
9 125 557
9 163 558
78 57 559
134 188 560
157 96 561
113 28 562
29 39 563
109 199 564
80 68 565
21 11 566
166 34 567
132 3 568
153 155 569
117 153 570
169 122 571
68 108 572
133 123 573
186 9 574
95 178 575
11 109 576
111 50 577
176 118 578
41 10 579
5 93 580
5 68 581
191 189 582
100 117 583
146 175 584
18 152 585
70 76 586
160 156 587
178 101 588
47 145 589
113 75 590
86 5 591
19 106 592
39 71 593
50 165 594
158 88 595
190 68 596
45 63 597
176 168 598
165 90 599
197 95 600
122 105 601
32 173 602
6 15 603
191 148 604
137 36 605
93 32 606
64 37 607
41 19 608
198 21 609
31 73 610
180 80 611
162 26 612
187 157 613
169 144 614
195 22 615
57 102 616
91 27 617
146 187 618
145 188 619
42 122 620
120 62 621
132 54 622
52 32 623
91 77 624
32 91 625
32 81 626
59 172 627
47 184 628
4 86 629
36 55 630
145 43 631
96 65 632
148 197 633
78 65 634
147 118 635
109 14 636
15 186 637
32 7 638
151 198 639
114 155 640
90 74 641
186 85 642
143 197 643
40 7 644
138 54 645
187 112 646
92 181 647
101 146 648
10 82 649
179 87 650
187 92 651
18 115 652
63 154 653
167 59 654
91 100 655
162 197 656
74 193 657
127 9 658
2 184 659
194 57 660
119 61 661
128 74 662
27 2 663
157 64 664
152 176 665
131 151 666
197 152 667
135 147 668
10 47 669
116 22 670
20 25 671
191 129 672
87 67 673
63 167 674
13 194 675
173 5 676
56 12 677
44 53 678
82 47 679
103 44 680
97 26 681
27 182 682
78 82 683
167 35 684
155 136 685
26 104 686
166 36 687
94 18 688
29 107 689
106 134 690
147 20 691
55 69 692
134 200 693
60 29 694
164 141 695
169 96 696
62 192 697
72 63 698
73 107 699
70 41 700
193 116 701
82 110 702
7 14 703
9 83 704
68 164 705
199 85 706
194 31 707
196 183 708
185 95 709
142 186 710
10 131 711
116 190 712
94 19 713
5 118 714
156 62 715
165 139 716
125 12 717
52 159 718
11 134 719
175 180 720
28 22 721
176 42 722
99 61 723
80 176 724
153 77 725
103 57 726
142 11 727
193 51 728
81 44 729
85 33 730
114 6 731
134 69 732
134 81 733
52 92 734
91 57 735
115 161 736
106 36 737
191 76 738
102 81 739
9 170 740
29 32 741
124 104 742
158 83 743
106 107 744
157 68 745
136 150 746
8 66 747
92 90 748
111 120 749
181 123 750
50 22 751
81 87 752
160 115 753
102 26 754
106 97 755
48 163 756
108 176 757
122 158 758
196 37 759
50 67 760
52 151 761
193 183 762
190 75 763
12 173 764
109 193 765
112 96 766
119 154 767
66 99 768
179 48 769
120 182 770
2 5 771
33 135 772
13 144 773
78 94 774
197 8 775
138 192 776
93 33 777
43 35 778
177 136 779
125 70 780
163 104 781
97 20 782
72 155 783
66 30 784
147 108 785
28 12 786
191 103 787
34 141 788
47 173 789
48 68 790
186 146 791
61 105 792
67 63 793
70 67 794
179 89 795
19 167 796
185 134 797
131 154 798
134 27 799
61 43 800
189 39 801
6 171 802
17 95 803
47 97 804
94 71 805
30 174 806
140 39 807
50 47 808
6 135 809
25 166 810
128 178 811
129 99 812
67 6 813
15 99 814
119 197 815
36 123 816
51 49 817
105 197 818
177 93 819
3 172 820
17 111 821
138 131 822
85 97 823
192 150 824
21 181 825
35 6 826
149 158 827
22 58 828
118 98 829
11 16 830
134 82 831
115 59 832
126 132 833
167 151 834
177 114 835
60 128 836
16 92 837
83 184 838
58 15 839
121 67 840
122 186 841
7 41 842
167 196 843
176 49 844
40 154 845
128 75 846
75 10 847
174 4 848
90 155 849
52 38 850
98 4 851
28 141 852
104 175 853
190 61 854
157 51 855
61 148 856
198 89 857
172 162 858
124 54 859
134 39 860
73 150 861
112 50 862
155 73 863
69 169 864
191 143 865
63 70 866
190 123 867
187 111 868
22 164 869
141 140 870
44 137 871
24 87 872
21 148 873
167 199 874
174 132 875
74 102 876
151 32 877
132 93 878
144 145 879
72 93 880
192 33 881
58 32 882
155 139 883
47 99 884
106 162 885
141 27 886
168 37 887
59 171 888
180 199 889
50 132 890
60 192 891
120 118 892
81 23 893
199 128 894
140 105 895
70 150 896
3 100 897
126 92 898
9 143 899
145 150 900
57 7 901
55 21 902
66 28 903
64 96 904
20 128 905
65 161 906
119 59 907
73 123 908
138 188 909
195 136 910
184 84 911
42 21 912
23 199 913
23 67 914
149 23 915
140 101 916
94 112 917
43 69 918
85 101 919
154 198 920
155 196 921
156 141 922
82 131 923
151 107 924
31 85 925
175 181 926
15 156 927
84 134 928
30 103 929
185 35 930
187 82 931
71 163 932
84 18 933
52 19 934
78 163 935
179 174 936
132 103 937
167 130 938
33 39 939
28 74 940
125 183 941
73 192 942
159 141 943
157 184 944
59 131 945
27 24 946
58 64 947
75 136 948
14 173 949
140 115 950
112 34 951
117 128 952
66 29 953
74 8 954
181 30 955
24 125 956
39 49 957
190 126 958
145 176 959
181 35 960
64 105 961
139 72 962
13 77 963
133 120 964
95 23 965
40 193 966
16 116 967
126 31 968
86 30 969
71 48 970
108 99 971
108 87 972
136 44 973
33 155 974
147 166 975
68 24 976
118 13 977
11 170 978
156 147 979
75 6 980
151 120 981
180 61 982
35 19 983
200 93 984
132 148 985
118 181 986
183 173 987
57 15 988
166 23 989
127 100 990
192 122 991
172 96 992
24 172 993
128 172 994
46 128 995
56 61 996
196 134 997
91 180 998
162 68 999
30 164 1000
68 136 1001
98 172 1002
87 144 1003
148 71 1004
58 174 1005
172 157 1006
25 5 1007
91 155 1008
140 109 1009
102 191 1010
124 163 1011
42 83 1012
86 97 1013
72 77 1014
187 186 1015
153 13 1016
39 48 1017
100 106 1018
51 58 1019
43 93 1020
127 136 1021
168 51 1022
178 71 1023
170 111 1024
129 28 1025
75 23 1026
145 31 1027
63 11 1028
116 36 1029
62 12 1030
71 5 1031
167 17 1032
63 117 1033
110 55 1034
187 16 1035
75 122 1036
135 170 1037
87 195 1038
33 145 1039
188 109 1040
142 114 1041
171 142 1042
40 102 1043
25 148 1044
55 106 1045
24 138 1046
56 29 1047
139 15 1048
5 171 1049
172 197 1050
130 175 1051
180 19 1052
124 107 1053
53 100 1054
117 36 1055
116 7 1056
99 116 1057
2 43 1058
113 87 1059
153 48 1060
115 46 1061
16 159 1062
120 1 1063
87 80 1064
106 53 1065
151 121 1066
120 169 1067
160 40 1068
12 160 1069
61 188 1070
115 164 1071
190 31 1072
178 106 1073
87 114 1074
48 144 1075
106 105 1076
133 127 1077
35 30 1078
95 79 1079
158 36 1080
7 138 1081
194 137 1082
11 161 1083
85 140 1084
150 103 1085
95 125 1086
93 173 1087
29 52 1088
59 111 1089
41 190 1090
18 14 1091
35 124 1092
55 140 1093
147 55 1094
83 15 1095
50 161 1096
87 172 1097
35 165 1098
42 49 1099
123 88 1100
102 166 1101
108 148 1102
74 17 1103
8 79 1104
117 87 1105
37 139 1106
6 62 1107
9 189 1108
121 63 1109
101 183 1110
53 154 1111
126 158 1112
86 194 1113
122 99 1114
104 72 1115
162 113 1116
174 31 1117
83 117 1118
168 187 1119
103 161 1120
71 180 1121
126 197 1122
180 77 1123
44 23 1124
68 183 1125
147 132 1126
27 92 1127
52 58 1128
120 116 1129
57 158 1130
86 99 1131
40 198 1132
162 37 1133
59 129 1134
25 108 1135
98 190 1136
93 176 1137
124 137 1138
38 181 1139
53 68 1140
30 144 1141
196 40 1142
87 148 1143
106 7 1144
155 111 1145
25 155 1146
169 57 1147
160 46 1148
79 114 1149
63 187 1150
99 20 1151
61 143 1152
77 176 1153
23 86 1154
128 31 1155
52 67 1156
177 180 1157
146 35 1158
73 114 1159
24 130 1160
18 117 1161
32 157 1162
79 143 1163
200 142 1164
185 138 1165
126 170 1166
52 173 1167
81 2 1168
139 190 1169
15 117 1170
9 150 1171
141 171 1172
33 80 1173
17 177 1174
175 168 1175
86 87 1176
4 99 1177
16 42 1178
37 5 1179
53 96 1180
124 101 1181
194 22 1182
161 170 1183
162 33 1184
81 43 1185
186 185 1186
172 176 1187
115 62 1188
82 185 1189
102 125 1190
56 93 1191
172 99 1192
95 162 1193
165 124 1194
53 141 1195
62 87 1196
77 35 1197
196 175 1198
2 153 1199
145 22 1200
140 193 1201
193 103 1202
26 43 1203
114 33 1204
173 1 1205
136 99 1206
95 140 1207
62 131 1208
116 52 1209
5 24 1210
181 157 1211
23 156 1212
99 49 1213
70 77 1214
16 197 1215
55 2 1216
132 59 1217
196 77 1218
152 71 1219
190 67 1220
7 89 1221
80 35 1222
67 123 1223
145 94 1224
48 175 1225
57 80 1226
85 56 1227
32 164 1228
193 181 1229
36 59 1230
40 32 1231
24 91 1232
196 30 1233
86 120 1234
118 54 1235
118 159 1236
156 155 1237
161 105 1238
116 191 1239
178 18 1240
167 16 1241
131 27 1242
164 56 1243
156 148 1244
14 60 1245
18 40 1246
168 13 1247
29 199 1248
26 56 1249
184 144 1250
128 11 1251
17 154 1252
86 155 1253
63 120 1254
154 151 1255
54 45 1256
172 19 1257
138 126 1258
51 126 1259
189 69 1260
138 13 1261
52 11 1262
15 69 1263
8 140 1264
72 47 1265
91 59 1266
7 24 1267
108 119 1268
38 149 1269
175 147 1270
37 71 1271
86 68 1272
128 108 1273
100 171 1274
151 84 1275
130 68 1276
22 120 1277
86 161 1278
77 67 1279
190 142 1280
12 46 1281
20 126 1282
168 111 1283
198 169 1284
82 121 1285
156 73 1286
37 80 1287
1 72 1288
28 181 1289
146 137 1290
173 180 1291
135 110 1292
16 113 1293
166 6 1294
88 46 1295
171 160 1296
157 193 1297
59 38 1298
70 60 1299
87 85 1300
79 177 1301
150 109 1302
43 150 1303
26 142 1304
48 141 1305
87 37 1306
166 169 1307
197 79 1308
120 44 1309
196 164 1310
28 52 1311
38 119 1312
169 130 1313
93 101 1314
184 124 1315
172 133 1316
24 110 1317
79 154 1318
75 97 1319
162 10 1320
92 185 1321
12 130 1322
145 9 1323
183 45 1324
195 25 1325
66 192 1326
104 156 1327
85 62 1328
123 94 1329
37 29 1330
134 75 1331
32 63 1332
188 89 1333
85 22 1334
126 43 1335
31 106 1336
36 4 1337
100 44 1338
88 80 1339
171 149 1340
52 125 1341
41 40 1342
178 173 1343
7 130 1344
69 66 1345
104 20 1346
195 97 1347
79 111 1348
121 158 1349
154 86 1350
108 38 1351
73 166 1352
171 78 1353
107 114 1354
147 137 1355
28 127 1356
121 52 1357
165 61 1358
149 78 1359
30 20 1360
1 154 1361
186 36 1362
192 61 1363
179 11 1364
86 140 1365
31 132 1366
17 64 1367
189 195 1368
197 124 1369
162 165 1370
95 146 1371
62 140 1372
53 9 1373
9 171 1374
197 109 1375
161 89 1376
115 152 1377
16 128 1378
163 94 1379
37 180 1380
22 138 1381
91 177 1382
120 97 1383
17 94 1384
178 57 1385
142 36 1386
166 133 1387
54 90 1388
76 59 1389
114 71 1390
122 17 1391
105 10 1392
123 115 1393
138 35 1394
87 177 1395
192 125 1396
196 76 1397
32 75 1398
84 29 1399
45 25 1400
34 54 1401
127 106 1402
195 63 1403
181 144 1404
195 95 1405
181 132 1406
97 41 1407
119 10 1408
150 156 1409
133 4 1410
2 14 1411
194 101 1412
147 62 1413
125 197 1414
39 125 1415
88 1 1416
48 113 1417
91 183 1418
192 13 1419
155 187 1420
170 33 1421
197 151 1422
48 176 1423
13 58 1424
145 174 1425
62 171 1426
189 173 1427
119 47 1428
32 68 1429
139 66 1430
95 143 1431
5 188 1432
67 145 1433
17 155 1434
167 197 1435
95 121 1436
115 180 1437
98 91 1438
142 173 1439
106 158 1440
141 68 1441
10 67 1442
79 106 1443
26 181 1444
85 132 1445
47 14 1446
182 178 1447
161 134 1448
108 96 1449
23 124 1450
87 6 1451
112 51 1452
144 92 1453
120 121 1454
20 23 1455
159 126 1456
180 10 1457
170 127 1458
191 152 1459
165 24 1460
111 190 1461
25 118 1462
171 106 1463
97 57 1464
143 99 1465
31 11 1466
139 126 1467
142 168 1468
47 13 1469
19 117 1470
186 177 1471
198 155 1472
153 22 1473
15 63 1474
194 123 1475
82 159 1476
152 127 1477
154 49 1478
66 40 1479
197 168 1480
193 98 1481
92 21 1482
133 156 1483
147 191 1484
61 40 1485
82 138 1486
63 124 1487
71 59 1488
30 65 1489
181 138 1490
112 110 1491
110 59 1492
8 155 1493
19 26 1494
88 101 1495
129 178 1496
171 153 1497
62 21 1498
191 118 1499
184 90 1500
50 57 1501
157 17 1502
4 58 1503
139 125 1504
200 171 1505
30 13 1506
33 129 1507
10 184 1508
133 87 1509
46 105 1510
7 110 1511
154 144 1512
72 67 1513
44 7 1514
180 190 1515
132 156 1516
38 161 1517
95 85 1518
180 7 1519
181 162 1520
54 100 1521
194 33 1522
121 102 1523
73 3 1524
47 130 1525
195 40 1526
149 138 1527
37 8 1528
63 47 1529
22 15 1530
146 10 1531
26 25 1532
24 95 1533
39 154 1534
125 10 1535
71 25 1536
88 6 1537
74 36 1538
181 116 1539
159 143 1540
46 27 1541
53 26 1542
118 113 1543
12 66 1544
18 20 1545
3 35 1546
95 84 1547
74 18 1548
141 127 1549
163 173 1550
96 103 1551
63 62 1552
80 109 1553
76 30 1554
73 51 1555
197 40 1556
56 177 1557
158 22 1558
25 57 1559
35 176 1560
69 182 1561
80 134 1562
117 37 1563
94 135 1564
34 154 1565
97 136 1566
92 152 1567
114 173 1568
179 46 1569
64 86 1570
142 133 1571
187 142 1572
148 32 1573
4 63 1574
128 80 1575
127 67 1576
53 1 1577
50 133 1578
126 184 1579
50 104 1580
144 6 1581
194 144 1582
45 27 1583
198 72 1584
101 171 1585
113 96 1586
49 167 1587
169 24 1588
112 95 1589
187 159 1590
97 44 1591
176 182 1592
103 167 1593
86 174 1594
176 81 1595
8 160 1596
160 34 1597
198 135 1598
156 185 1599
178 70 1600
33 108 1601
167 18 1602
130 112 1603
190 152 1604
65 156 1605
24 171 1606
192 106 1607
59 68 1608
158 59 1609
197 182 1610
94 4 1611
44 96 1612
140 14 1613
179 16 1614
59 155 1615
183 122 1616
85 121 1617
194 6 1618
154 72 1619
183 118 1620
163 157 1621
157 1 1622
139 4 1623
186 63 1624
107 75 1625
49 46 1626
93 168 1627
62 42 1628
199 150 1629
157 25 1630
126 33 1631
116 28 1632
113 93 1633
15 141 1634
11 118 1635
124 117 1636
10 51 1637
33 5 1638
118 97 1639
18 158 1640
53 104 1641
112 15 1642
185 104 1643
169 80 1644
107 190 1645
7 165 1646
5 12 1647
39 28 1648
42 94 1649
170 191 1650
155 120 1651
35 187 1652
135 2 1653
115 195 1654
183 146 1655
29 113 1656
163 125 1657
114 48 1658
46 57 1659
132 10 1660
98 68 1661
155 39 1662
58 175 1663
197 5 1664
103 139 1665
196 88 1666
124 5 1667
101 199 1668
114 1 1669
53 120 1670
119 109 1671
26 33 1672
103 123 1673
65 48 1674
110 130 1675
113 156 1676
136 135 1677
106 111 1678
153 6 1679
8 152 1680
17 47 1681
120 185 1682
171 51 1683
65 98 1684
33 138 1685
48 53 1686
17 38 1687
31 155 1688
196 43 1689
160 159 1690
169 6 1691
101 181 1692
137 169 1693
169 173 1694
152 74 1695
88 3 1696
184 165 1697
99 181 1698
62 105 1699
16 97 1700
5 34 1701
22 180 1702
129 108 1703
45 60 1704
107 105 1705
117 162 1706
125 134 1707
58 132 1708
54 106 1709
73 126 1710
67 137 1711
186 144 1712
26 90 1713
56 10 1714
96 2 1715
6 11 1716
112 29 1717
16 6 1718
6 136 1719
39 74 1720
78 62 1721
41 100 1722
51 123 1723
145 190 1724
38 162 1725
155 9 1726
19 58 1727
153 134 1728
88 144 1729
199 174 1730
92 55 1731
84 173 1732
6 69 1733
13 166 1734
63 52 1735
138 137 1736
103 169 1737
5 108 1738
27 62 1739
25 153 1740
164 98 1741
41 147 1742
117 127 1743
186 176 1744
8 144 1745
28 63 1746
21 85 1747
167 159 1748
67 13 1749
128 8 1750
64 140 1751
197 181 1752
155 142 1753
54 14 1754
177 20 1755
142 43 1756
72 103 1757
109 41 1758
149 56 1759
2 3 1760
200 183 1761
21 39 1762
94 60 1763
157 153 1764
3 86 1765
11 37 1766
124 38 1767
54 181 1768
6 128 1769
19 22 1770
180 114 1771
111 14 1772
164 18 1773
99 187 1774
7 67 1775
91 152 1776
193 163 1777
72 189 1778
96 158 1779
72 169 1780
185 162 1781
107 61 1782
42 81 1783
188 198 1784
50 25 1785
85 135 1786
129 24 1787
191 200 1788
60 27 1789
91 43 1790
194 174 1791
26 16 1792
76 56 1793
96 199 1794
38 173 1795
99 48 1796
45 143 1797
17 140 1798
130 62 1799
159 150 1800
24 112 1801
97 162 1802
149 16 1803
111 133 1804
61 9 1805
142 86 1806
22 94 1807
147 2 1808
8 35 1809
194 157 1810
1 73 1811
192 189 1812
85 20 1813
140 124 1814
149 43 1815
117 77 1816
126 161 1817
102 9 1818
17 121 1819
65 194 1820
100 81 1821
178 103 1822
36 173 1823
14 103 1824
188 173 1825
129 20 1826
114 76 1827
84 186 1828
3 47 1829
186 23 1830
4 21 1831
171 13 1832
13 51 1833
177 178 1834
150 154 1835
140 78 1836
62 127 1837
147 140 1838
104 103 1839
178 100 1840
124 154 1841
13 139 1842
61 166 1843
190 88 1844
154 36 1845
15 94 1846
73 164 1847
116 27 1848
12 105 1849
113 145 1850
139 32 1851
195 3 1852
187 169 1853
96 114 1854
101 126 1855
48 7 1856
19 85 1857
130 73 1858
173 156 1859
88 7 1860
20 181 1861
124 51 1862
130 151 1863
176 15 1864
100 95 1865
87 100 1866
96 11 1867
83 102 1868
3 185 1869
191 71 1870
27 158 1871
87 42 1872
26 174 1873
73 129 1874
63 199 1875
147 6 1876
6 5 1877
153 198 1878
192 56 1879
18 97 1880
140 46 1881
37 7 1882
16 13 1883
74 177 1884
136 37 1885
108 166 1886
148 185 1887
129 89 1888
137 109 1889
169 154 1890
154 135 1891
88 19 1892
92 12 1893
114 32 1894
68 146 1895
6 20 1896
52 102 1897
64 113 1898
187 173 1899
165 114 1900
99 6 1901
193 6 1902
128 23 1903
191 12 1904
76 29 1905
126 177 1906
134 146 1907
13 181 1908
131 11 1909
43 5 1910
134 169 1911
26 129 1912
21 49 1913
55 170 1914
17 102 1915
118 186 1916
69 11 1917
125 110 1918
67 82 1919
97 66 1920
37 146 1921
58 133 1922
128 106 1923
176 100 1924
187 194 1925
168 60 1926
194 154 1927
26 107 1928
29 58 1929
173 137 1930
188 81 1931
65 181 1932
161 162 1933
69 48 1934
50 59 1935
162 93 1936
94 193 1937
28 77 1938
23 17 1939
192 140 1940
104 68 1941
86 19 1942
119 86 1943
27 198 1944
14 17 1945
180 84 1946
83 109 1947
124 133 1948
103 177 1949
113 160 1950
72 171 1951
181 168 1952
146 21 1953
147 169 1954
62 53 1955
66 81 1956
22 68 1957
191 95 1958
95 71 1959
23 179 1960
191 24 1961
104 61 1962
128 118 1963
195 91 1964
119 60 1965
106 197 1966
7 98 1967
16 101 1968
151 174 1969
110 5 1970
35 86 1971
76 153 1972
9 24 1973
68 78 1974
6 27 1975
171 26 1976
84 11 1977
32 18 1978
143 17 1979
121 183 1980
172 103 1981
69 8 1982
97 103 1983
20 139 1984
177 109 1985
130 18 1986
190 33 1987
92 62 1988
40 33 1989
1 37 1990
39 13 1991
182 86 1992
77 164 1993
21 78 1994
108 173 1995
176 148 1996
103 102 1997
9 1 1998
83 121 1999
120 35 2000
170 117 2001
66 10 2002
58 30 2003
40 86 2004
196 28 2005
41 185 2006
171 175 2007
172 126 2008
114 72 2009
165 145 2010
166 68 2011
9 110 2012
111 172 2013
168 157 2014
149 12 2015
93 196 2016
196 18 2017
168 182 2018
67 59 2019
41 123 2020
95 174 2021
105 193 2022
192 180 2023
28 149 2024
40 16 2025
188 78 2026
200 190 2027
6 60 2028
199 117 2029
72 168 2030
110 12 2031
152 66 2032
164 89 2033
5 10 2034
186 119 2035
84 142 2036
99 57 2037
39 24 2038
200 185 2039
147 171 2040
76 8 2041
72 81 2042
148 147 2043
42 11 2044
145 11 2045
162 60 2046
21 175 2047
79 130 2048
10 140 2049
148 104 2050
88 15 2051
153 103 2052
135 47 2053
167 34 2054
96 143 2055
49 45 2056
159 154 2057
24 183 2058
57 154 2059
113 86 2060
139 60 2061
2 57 2062
61 90 2063
142 79 2064
74 172 2065
167 157 2066
190 74 2067
101 130 2068
8 91 2069
5 172 2070
73 167 2071
73 54 2072
132 119 2073
165 197 2074
27 102 2075
75 57 2076
141 55 2077
93 137 2078
39 128 2079
79 193 2080
39 68 2081
36 63 2082
191 157 2083
70 146 2084
79 97 2085
49 66 2086
199 71 2087
198 174 2088
159 40 2089
157 3 2090
86 74 2091
163 176 2092
80 199 2093
42 32 2094
159 2 2095
54 86 2096
31 64 2097
86 149 2098
119 150 2099
25 8 2100
74 155 2101
163 116 2102
152 49 2103
200 95 2104
185 4 2105
72 13 2106
15 188 2107
104 138 2108
117 90 2109
189 36 2110
62 58 2111
187 87 2112
62 175 2113
191 26 2114
150 125 2115
107 117 2116
31 4 2117
5 162 2118
104 66 2119
181 72 2120
9 105 2121
97 142 2122
38 163 2123
50 6 2124
181 50 2125
145 138 2126
18 35 2127
165 58 2128
45 98 2129
36 192 2130
62 168 2131
141 95 2132
99 191 2133
64 185 2134
170 185 2135
108 124 2136
117 185 2137
105 183 2138
155 49 2139
96 81 2140
50 66 2141
19 129 2142
29 4 2143
188 162 2144
15 192 2145
159 18 2146
82 31 2147
116 175 2148
145 8 2149
79 163 2150
30 89 2151
139 108 2152
160 154 2153
129 63 2154
27 147 2155
50 145 2156
117 146 2157
82 128 2158
131 40 2159
8 192 2160
197 185 2161
178 191 2162
48 118 2163
92 68 2164
74 141 2165
99 126 2166
10 155 2167
75 102 2168
117 155 2169
110 78 2170
181 68 2171
3 107 2172
76 179 2173
84 16 2174
50 52 2175
107 88 2176
30 68 2177
53 21 2178
48 146 2179
23 93 2180
195 125 2181
62 95 2182
21 9 2183
110 70 2184
11 49 2185
103 175 2186
195 167 2187
49 98 2188
190 184 2189
18 65 2190
164 11 2191
75 34 2192
17 37 2193
44 130 2194
91 60 2195
90 121 2196
64 148 2197
192 64 2198
87 199 2199
71 89 2200
147 90 2201
178 111 2202
168 7 2203
56 102 2204
35 32 2205
134 19 2206
36 84 2207
91 36 2208
189 90 2209
162 140 2210
1 96 2211
65 133 2212
103 192 2213
156 66 2214
186 148 2215
90 119 2216
14 21 2217
82 66 2218
109 173 2219
123 66 2220
121 30 2221
94 34 2222
171 37 2223
82 143 2224
170 128 2225
120 21 2226
199 172 2227
89 120 2228
124 186 2229
82 22 2230
134 66 2231
133 45 2232
73 77 2233
156 25 2234
124 92 2235
35 26 2236
174 185 2237
123 148 2238
185 103 2239
10 173 2240
21 64 2241
86 186 2242
197 82 2243
83 50 2244
154 105 2245
34 173 2246
155 52 2247
178 109 2248
23 70 2249
136 168 2250
196 111 2251
157 65 2252
34 45 2253
136 3 2254
109 182 2255
10 94 2256
144 135 2257
177 85 2258
190 185 2259
58 73 2260
190 77 2261
44 10 2262
143 141 2263
100 43 2264
126 32 2265
85 154 2266
175 165 2267
187 108 2268
25 93 2269
199 53 2270
135 37 2271
61 132 2272
181 196 2273
124 195 2274
81 115 2275
39 43 2276
102 28 2277
196 127 2278
34 68 2279
29 142 2280
154 47 2281
133 185 2282
43 97 2283
118 31 2284
122 21 2285
15 52 2286
44 164 2287
21 141 2288
71 66 2289
127 197 2290
70 75 2291
4 17 2292
185 101 2293
82 36 2294
80 66 2295
155 109 2296
110 146 2297
190 32 2298
89 135 2299
146 14 2300
139 194 2301
104 155 2302
166 173 2303
109 171 2304
76 12 2305
27 142 2306
99 82 2307
200 90 2308
141 121 2309
70 24 2310
170 118 2311
108 160 2312
24 162 2313
142 124 2314
66 13 2315
100 101 2316
47 193 2317
64 61 2318
67 96 2319
198 3 2320
192 19 2321
7 155 2322
163 174 2323
195 15 2324
134 172 2325
49 87 2326
31 27 2327
46 85 2328
30 55 2329
12 169 2330
121 98 2331
86 188 2332
28 153 2333
87 159 2334
93 99 2335
125 115 2336
20 34 2337
137 161 2338
21 2 2339
99 113 2340
177 37 2341
155 122 2342
119 57 2343
102 70 2344
99 62 2345
45 161 2346
110 140 2347
147 158 2348
63 113 2349
13 61 2350
18 119 2351
196 13 2352
186 58 2353
174 178 2354
176 4 2355
122 79 2356
73 78 2357
26 112 2358
176 189 2359
165 62 2360
182 157 2361
14 158 2362
71 108 2363
20 178 2364
193 25 2365
51 45 2366
42 112 2367
91 84 2368
21 190 2369
73 173 2370
177 189 2371
87 14 2372
75 63 2373
55 102 2374
142 189 2375
163 8 2376
188 87 2377
51 154 2378
78 131 2379
99 38 2380
166 17 2381
58 168 2382
42 189 2383
144 121 2384
79 128 2385
169 106 2386
79 85 2387
80 183 2388
170 160 2389
59 42 2390
178 25 2391
174 40 2392
84 94 2393
179 200 2394
38 157 2395
60 105 2396
191 96 2397
176 117 2398
92 51 2399
38 134 2400
39 103 2401
181 37 2402
80 153 2403
192 7 2404
29 79 2405
171 97 2406
53 52 2407
3 112 2408
98 95 2409
165 6 2410
183 83 2411
183 131 2412
33 103 2413
59 64 2414
14 69 2415
152 156 2416
120 139 2417
3 90 2418
190 14 2419
185 96 2420
41 103 2421
113 140 2422
149 144 2423
166 76 2424
24 44 2425
36 108 2426
96 91 2427
22 64 2428
190 104 2429
120 99 2430
44 151 2431
180 62 2432
36 8 2433
41 46 2434
53 157 2435
66 5 2436
172 100 2437
159 165 2438
200 79 2439
125 133 2440
76 167 2441
57 16 2442
29 25 2443
105 14 2444
144 197 2445
146 16 2446
78 172 2447
55 100 2448
159 135 2449
190 186 2450
183 60 2451
23 34 2452
165 16 2453
133 181 2454
117 68 2455
85 76 2456
79 138 2457
19 91 2458
178 27 2459
173 132 2460
15 161 2461
47 31 2462
133 41 2463
22 173 2464
171 129 2465
186 174 2466
157 95 2467
72 153 2468
17 115 2469
111 143 2470
114 36 2471
180 151 2472
9 48 2473
59 8 2474
148 23 2475
33 120 2476
195 18 2477
31 184 2478
196 23 2479
81 41 2480
19 39 2481
59 184 2482
76 135 2483
150 76 2484
85 15 2485
87 116 2486
68 67 2487
170 98 2488
134 178 2489
139 158 2490
54 68 2491
143 41 2492
137 168 2493
179 59 2494
46 81 2495
176 40 2496
116 15 2497
50 154 2498
191 181 2499
44 176 2500
1 54 2501
109 87 2502
19 23 2503
41 163 2504
125 140 2505
133 55 2506
38 145 2507
129 130 2508
51 11 2509
38 138 2510
186 147 2511
8 111 2512
114 158 2513
70 39 2514
146 149 2515
132 84 2516
153 78 2517
45 138 2518
82 54 2519
55 123 2520
79 13 2521
71 81 2522
68 195 2523
174 173 2524
118 178 2525
19 153 2526
29 80 2527
140 130 2528
88 13 2529
18 113 2530
4 142 2531
167 154 2532
41 168 2533
23 59 2534
141 198 2535
180 193 2536
84 146 2537
87 135 2538
109 115 2539
145 28 2540
41 14 2541
3 178 2542
101 76 2543
110 17 2544
10 144 2545
24 113 2546
76 9 2547
163 120 2548
185 21 2549
35 76 2550
74 80 2551
1 126 2552
119 143 2553
166 114 2554
74 104 2555
166 193 2556
62 129 2557
172 178 2558
8 49 2559
114 21 2560
100 42 2561
1 177 2562
127 149 2563
189 158 2564
102 105 2565
169 153 2566
55 66 2567
151 109 2568
143 110 2569
141 169 2570
191 68 2571
186 46 2572
127 121 2573
22 186 2574
110 31 2575
117 111 2576
187 71 2577
188 150 2578
1 45 2579
11 181 2580
187 132 2581
85 67 2582
116 65 2583
172 79 2584
4 159 2585
163 25 2586
33 41 2587
73 68 2588
53 172 2589
48 134 2590
194 35 2591
58 33 2592
175 19 2593
129 190 2594
187 73 2595
184 24 2596
9 142 2597
61 84 2598
131 85 2599
73 57 2600
6 22 2601
35 166 2602
120 104 2603
130 118 2604
36 41 2605
48 51 2606
27 103 2607
120 179 2608
51 156 2609
142 107 2610
124 125 2611
177 96 2612
15 199 2613
158 116 2614
72 54 2615
5 49 2616
145 148 2617
133 168 2618
135 79 2619
121 108 2620
145 155 2621
141 60 2622
152 112 2623
29 46 2624
78 190 2625
140 167 2626
88 67 2627
160 148 2628
70 172 2629
35 171 2630
150 45 2631
113 146 2632
137 158 2633
173 67 2634
24 137 2635
128 72 2636
113 192 2637
117 141 2638
132 120 2639
56 144 2640
200 195 2641
117 67 2642
23 56 2643
69 13 2644
168 50 2645
48 77 2646
27 17 2647
144 146 2648
190 187 2649
151 99 2650
86 159 2651
190 189 2652
182 125 2653
81 76 2654
188 155 2655
135 91 2656
25 88 2657
67 155 2658
171 150 2659
85 82 2660
32 127 2661
56 8 2662
57 189 2663
31 198 2664
192 102 2665
1 109 2666
22 61 2667
80 155 2668
51 95 2669
2 53 2670
97 14 2671
137 97 2672
180 162 2673
5 123 2674
148 46 2675
46 111 2676
97 178 2677
119 104 2678
52 150 2679
36 28 2680
60 132 2681
145 3 2682
85 54 2683
32 100 2684
116 14 2685
149 126 2686
106 64 2687
113 174 2688
104 38 2689
24 132 2690
85 133 2691
190 101 2692
178 176 2693
169 94 2694
87 19 2695
144 21 2696
191 141 2697
184 77 2698
29 101 2699
53 160 2700
107 116 2701
194 130 2702
190 19 2703
25 23 2704
83 169 2705
123 125 2706
147 177 2707
153 32 2708
70 8 2709
4 122 2710
145 104 2711
77 192 2712
191 55 2713
25 90 2714
64 1 2715
43 98 2716
101 80 2717
13 147 2718
169 191 2719
105 118 2720
69 156 2721
179 82 2722
163 129 2723
162 133 2724
175 113 2725
74 38 2726
93 82 2727
149 18 2728
167 3 2729
165 113 2730
22 17 2731
114 39 2732
22 160 2733
47 181 2734
177 143 2735
7 104 2736
161 148 2737
129 123 2738
121 56 2739
77 56 2740
152 35 2741
28 171 2742
92 161 2743
45 58 2744
102 100 2745
98 198 2746
67 144 2747
132 161 2748
161 18 2749
190 13 2750
61 150 2751
186 48 2752
100 10 2753
91 80 2754
135 175 2755
74 50 2756
46 73 2757
95 129 2758
80 142 2759
10 112 2760
119 16 2761
161 60 2762
104 183 2763
194 119 2764
67 35 2765
31 92 2766
147 29 2767
10 42 2768
87 126 2769
39 81 2770
193 175 2771
100 118 2772
32 167 2773
132 165 2774
133 145 2775
72 182 2776
75 178 2777
64 171 2778
72 180 2779
120 142 2780
110 155 2781
28 37 2782
109 57 2783
179 88 2784
139 42 2785
129 139 2786
37 91 2787
198 83 2788
30 38 2789
12 134 2790
41 194 2791
22 55 2792
88 152 2793
195 150 2794
121 112 2795
141 105 2796
191 10 2797
198 44 2798
184 179 2799
149 60 2800
39 112 2801
87 178 2802
42 103 2803
131 21 2804
69 136 2805
127 171 2806
83 79 2807
85 45 2808
35 39 2809
125 27 2810
127 61 2811
172 159 2812
14 127 2813
151 150 2814
196 102 2815
5 161 2816
131 150 2817
157 159 2818
193 167 2819
164 51 2820
16 85 2821
193 71 2822
54 200 2823
159 69 2824
56 111 2825
171 73 2826
82 199 2827
155 76 2828
85 149 2829
191 86 2830
101 60 2831
85 28 2832
136 192 2833
8 77 2834
88 21 2835
128 130 2836
37 155 2837
13 170 2838
42 18 2839
44 56 2840
188 32 2841
65 136 2842
126 194 2843
185 44 2844
88 127 2845
190 55 2846
116 57 2847
24 20 2848
30 91 2849
121 79 2850
167 191 2851
95 88 2852
92 136 2853
190 46 2854
182 8 2855
78 84 2856
109 172 2857
164 168 2858
10 186 2859
189 121 2860
31 137 2861
131 186 2862
160 137 2863
66 57 2864
167 129 2865
165 128 2866
76 185 2867
30 98 2868
1 138 2869
190 183 2870
192 21 2871
111 135 2872
34 176 2873
61 112 2874
138 58 2875
108 35 2876
152 184 2877
40 171 2878
50 38 2879
68 2 2880
34 2 2881
146 168 2882
141 23 2883
106 33 2884
119 156 2885
169 176 2886
123 179 2887
43 198 2888
165 78 2889
80 97 2890
135 114 2891
46 37 2892
151 46 2893
138 144 2894
153 10 2895
144 172 2896
141 67 2897
54 24 2898
64 108 2899
160 59 2900
79 160 2901
133 186 2902
6 65 2903
48 192 2904
119 56 2905
54 135 2906
17 170 2907
187 31 2908
51 172 2909
66 60 2910
114 196 2911
199 5 2912
50 191 2913
158 51 2914
114 168 2915
128 146 2916
141 86 2917
18 56 2918
200 153 2919
89 43 2920
186 128 2921
150 47 2922
123 150 2923
137 166 2924
3 42 2925
6 51 2926
157 77 2927
173 44 2928
156 40 2929
74 59 2930
127 187 2931
186 125 2932
30 84 2933
69 50 2934
27 33 2935
151 182 2936
47 138 2937
48 130 2938
64 97 2939
56 92 2940
75 119 2941
54 127 2942
133 95 2943
140 3 2944
73 55 2945
76 50 2946
47 39 2947
37 95 2948
148 128 2949
90 108 2950
181 129 2951
18 7 2952
147 51 2953
164 50 2954
156 120 2955
128 109 2956
85 70 2957
50 79 2958
65 170 2959
53 165 2960
102 193 2961
198 149 2962
60 40 2963
76 41 2964
155 124 2965
150 114 2966
87 173 2967
162 96 2968
164 114 2969
101 98 2970
75 78 2971
128 81 2972
65 88 2973
173 126 2974
101 187 2975
117 70 2976
75 179 2977
33 183 2978
89 137 2979
65 14 2980
178 197 2981
102 136 2982
84 3 2983
97 99 2984
34 185 2985
132 29 2986
68 177 2987
57 48 2988
150 33 2989
84 73 2990
182 85 2991
157 133 2992
7 72 2993
27 8 2994
141 150 2995
81 170 2996
139 3 2997
48 154 2998
99 152 2999
27 101 3000
32 140 3001
144 119 3002
100 144 3003
60 191 3004
171 157 3005
69 78 3006
146 184 3007
46 144 3008
131 177 3009
140 7 3010
8 174 3011
40 34 3012
31 158 3013
25 52 3014
98 142 3015
66 51 3016
178 72 3017
18 92 3018
155 6 3019
88 183 3020
191 4 3021
66 102 3022
71 79 3023
32 31 3024
182 127 3025
188 139 3026
141 52 3027
109 161 3028
12 49 3029
40 153 3030
41 152 3031
164 62 3032
119 124 3033
106 8 3034
116 155 3035
189 79 3036
75 15 3037
166 123 3038
9 94 3039
105 63 3040
52 86 3041
25 133 3042
30 51 3043
184 173 3044
183 154 3045
90 45 3046
97 19 3047
78 155 3048
21 91 3049
12 51 3050
120 65 3051
154 27 3052
181 137 3053
147 144 3054
196 200 3055
144 39 3056
120 52 3057
70 51 3058
18 123 3059
28 107 3060
90 39 3061
15 196 3062
94 5 3063
122 2 3064
124 141 3065
7 21 3066
49 78 3067
59 125 3068
88 187 3069
195 100 3070
77 169 3071
184 194 3072
169 181 3073
191 198 3074
120 180 3075
187 53 3076
44 113 3077
136 15 3078
98 122 3079
77 92 3080
40 98 3081
25 128 3082
161 118 3083
163 76 3084
23 108 3085
163 14 3086
65 58 3087
101 177 3088
193 192 3089
135 137 3090
124 7 3091
91 70 3092
197 85 3093
71 168 3094
25 100 3095
66 115 3096
112 157 3097
89 121 3098
177 4 3099
6 159 3100
144 106 3101
182 93 3102
27 105 3103
49 170 3104
16 48 3105
99 56 3106
176 183 3107
53 28 3108
14 27 3109
95 198 3110
158 93 3111
19 165 3112
21 135 3113
196 171 3114
82 61 3115
121 193 3116
200 70 3117
91 169 3118
24 186 3119
50 15 3120
87 47 3121
21 157 3122
129 192 3123
105 195 3124
18 77 3125
16 115 3126
160 71 3127
88 103 3128
84 140 3129
11 1 3130
68 13 3131
76 14 3132
3 182 3133
62 110 3134
7 58 3135
75 165 3136
109 111 3137
129 199 3138
173 60 3139
31 175 3140
144 43 3141
43 101 3142
50 172 3143
76 124 3144
100 187 3145
198 84 3146
200 124 3147
174 150 3148
190 191 3149
140 33 3150
13 137 3151
84 179 3152
143 21 3153
122 132 3154
167 84 3155
97 117 3156
61 100 3157
43 184 3158
64 67 3159
22 104 3160
10 85 3161
79 92 3162
66 142 3163
71 2 3164
33 22 3165
185 110 3166
30 115 3167
107 180 3168
95 50 3169
107 200 3170
7 154 3171
85 94 3172
91 161 3173
185 69 3174
196 55 3175
102 112 3176
128 141 3177
86 31 3178
22 43 3179
84 117 3180
59 157 3181
149 166 3182
8 90 3183
146 152 3184
105 156 3185
20 76 3186
174 52 3187
52 142 3188
53 159 3189
100 28 3190
59 113 3191
156 42 3192
45 113 3193
139 181 3194
198 90 3195
32 198 3196
176 87 3197
51 180 3198
157 9 3199
9 146 3200
92 98 3201
107 17 3202
13 187 3203
195 155 3204
88 92 3205
165 187 3206
121 77 3207
72 31 3208
178 8 3209
108 72 3210
146 197 3211
49 164 3212
80 130 3213
143 194 3214
132 55 3215
27 61 3216
134 23 3217
146 1 3218
127 160 3219
13 128 3220
70 73 3221
149 84 3222
51 91 3223
36 125 3224
200 149 3225
23 157 3226
95 160 3227
21 159 3228
123 80 3229
180 83 3230
14 192 3231
149 5 3232
117 58 3233
6 124 3234
78 16 3235
98 178 3236
63 104 3237
16 126 3238
96 196 3239
60 137 3240
68 168 3241
151 39 3242
157 138 3243
168 147 3244
74 45 3245
15 197 3246
146 166 3247
171 110 3248
28 25 3249
144 160 3250
24 167 3251
70 83 3252
108 93 3253
85 109 3254
161 104 3255
95 21 3256
80 190 3257
118 93 3258
139 197 3259
58 136 3260
200 9 3261
88 189 3262
27 157 3263
7 161 3264
184 107 3265
37 23 3266
153 187 3267
44 72 3268
168 161 3269
138 159 3270
35 196 3271
88 32 3272
9 123 3273
147 52 3274
185 59 3275
67 172 3276
96 167 3277
172 164 3278
139 135 3279
28 169 3280
164 160 3281
136 29 3282
176 134 3283
93 114 3284
54 83 3285
33 178 3286
62 166 3287
26 193 3288
199 61 3289
137 16 3290
108 144 3291
172 185 3292
198 61 3293
181 164 3294
124 102 3295
33 11 3296
66 19 3297
118 129 3298
90 32 3299
180 103 3300
41 173 3301
184 55 3302
167 25 3303
164 69 3304
188 142 3305
44 127 3306
84 165 3307
137 106 3308
156 32 3309
124 190 3310
52 90 3311
143 182 3312
106 190 3313
43 56 3314
170 139 3315
188 105 3316
151 24 3317
116 135 3318
43 9 3319
1 56 3320
103 69 3321
150 1 3322
173 106 3323
147 153 3324
141 1 3325
135 35 3326
9 130 3327
189 3 3328
100 4 3329
195 46 3330
39 94 3331
183 4 3332
39 2 3333
87 21 3334
159 127 3335
146 185 3336
58 82 3337
80 103 3338
34 55 3339
83 133 3340
6 2 3341
9 197 3342
92 93 3343
53 176 3344
13 180 3345
18 85 3346
165 67 3347
19 11 3348
9 149 3349
169 199 3350
29 72 3351
185 183 3352
169 17 3353
177 62 3354
99 87 3355
71 54 3356
137 125 3357
141 166 3358
76 154 3359
58 116 3360
99 110 3361
94 200 3362
85 90 3363
71 98 3364
178 160 3365
19 48 3366
73 131 3367
46 171 3368
172 65 3369
129 34 3370
108 75 3371
21 47 3372
187 191 3373
84 168 3374
35 41 3375
154 18 3376
72 10 3377
102 93 3378
54 180 3379
92 17 3380
14 159 3381
91 73 3382
115 131 3383
14 188 3384
115 183 3385
168 98 3386
1 180 3387
122 138 3388
18 106 3389
98 76 3390
108 104 3391
63 136 3392
12 35 3393
65 72 3394
32 62 3395
96 56 3396
144 136 3397
36 194 3398
183 79 3399
5 50 3400
30 150 3401
94 49 3402
92 176 3403
102 38 3404
94 143 3405
177 41 3406
57 114 3407
195 66 3408
17 43 3409
27 35 3410
24 69 3411
61 164 3412
163 98 3413
164 48 3414
54 10 3415
49 31 3416
120 158 3417
94 103 3418
122 128 3419
82 120 3420
48 17 3421
119 12 3422
116 126 3423
37 150 3424
91 170 3425
52 163 3426
76 38 3427
63 80 3428
176 37 3429
137 128 3430
91 151 3431
112 147 3432
11 64 3433
162 36 3434
121 41 3435
55 183 3436
89 176 3437
157 74 3438
199 18 3439
119 163 3440
98 33 3441
187 199 3442
61 195 3443
16 155 3444
35 10 3445
87 50 3446
60 110 3447
188 98 3448
37 189 3449
1 94 3450
59 13 3451
124 169 3452
39 1 3453
175 197 3454
144 51 3455
149 54 3456
150 191 3457
19 29 3458
59 79 3459
18 156 3460
82 21 3461
196 142 3462
184 92 3463
153 108 3464
40 20 3465
91 128 3466
36 101 3467
42 197 3468
69 84 3469
73 17 3470
148 58 3471
44 195 3472
199 30 3473
107 169 3474
152 89 3475
149 176 3476
104 134 3477
187 50 3478
156 74 3479
65 119 3480
194 191 3481
94 191 3482
82 108 3483
150 170 3484
24 90 3485
86 118 3486
163 54 3487
174 48 3488
182 82 3489
17 80 3490
139 167 3491
54 30 3492
6 82 3493
162 156 3494
104 188 3495
112 93 3496
17 160 3497
145 140 3498
104 179 3499
32 47 3500
2 178 3501
113 70 3502
163 143 3503
93 22 3504
65 155 3505
138 123 3506
33 23 3507
11 95 3508
90 187 3509
125 172 3510
92 196 3511
28 159 3512
71 185 3513
59 83 3514
2 65 3515
154 136 3516
80 164 3517
199 52 3518
146 150 3519
105 15 3520
184 68 3521
107 86 3522
180 170 3523
36 37 3524
79 136 3525
166 93 3526
152 38 3527
61 24 3528
131 169 3529
37 43 3530
4 189 3531
35 11 3532
181 182 3533
124 185 3534
66 183 3535
138 29 3536
53 191 3537
138 84 3538
20 121 3539
143 28 3540
154 66 3541
137 73 3542
176 184 3543
114 90 3544
130 52 3545
165 54 3546
23 73 3547
120 76 3548
41 45 3549
61 33 3550
126 67 3551
60 115 3552
175 200 3553
31 78 3554
155 185 3555
26 84 3556
122 94 3557
57 12 3558
167 150 3559
96 141 3560
130 106 3561
200 43 3562
52 56 3563
142 47 3564
26 5 3565
85 141 3566
25 94 3567
188 125 3568
13 31 3569
162 178 3570
175 92 3571
200 174 3572
108 184 3573
8 19 3574
37 53 3575
73 7 3576
110 168 3577
105 199 3578
41 43 3579
117 54 3580
134 144 3581
71 197 3582
35 127 3583
70 81 3584
150 116 3585
26 55 3586
12 70 3587
36 102 3588
124 48 3589
129 188 3590
175 8 3591
58 42 3592
138 66 3593
83 12 3594
98 11 3595
198 55 3596
189 33 3597
138 153 3598
183 149 3599
118 155 3600
66 52 3601
77 118 3602
162 52 3603
70 59 3604
26 115 3605
121 122 3606
83 14 3607
178 48 3608
88 184 3609
107 179 3610
7 28 3611
174 190 3612
101 143 3613
150 22 3614
159 99 3615
166 200 3616
197 83 3617
34 14 3618
134 95 3619
177 32 3620
90 163 3621
101 138 3622
70 149 3623
87 29 3624
63 197 3625
85 55 3626
174 146 3627
180 153 3628
95 5 3629
179 187 3630
64 16 3631
124 136 3632
32 154 3633
152 25 3634
77 191 3635
88 194 3636
184 40 3637
140 13 3638
33 14 3639
82 194 3640
79 7 3641
123 109 3642
143 31 3643
70 72 3644
140 108 3645
2 76 3646
121 159 3647
78 77 3648
193 97 3649
53 45 3650
72 130 3651
83 37 3652
178 61 3653
33 49 3654
12 20 3655
161 85 3656
156 124 3657
169 82 3658
15 115 3659
117 12 3660
149 27 3661
7 102 3662
117 133 3663
66 68 3664
183 47 3665
39 59 3666
26 18 3667
73 145 3668
90 51 3669
183 187 3670
140 134 3671
16 31 3672
85 73 3673
62 20 3674
150 98 3675
26 187 3676
14 199 3677
86 24 3678
81 123 3679
108 154 3680
13 60 3681
196 9 3682
157 12 3683
54 166 3684
81 51 3685
198 4 3686
110 166 3687
186 68 3688
59 99 3689
109 129 3690
198 186 3691
41 99 3692
98 154 3693
183 40 3694
117 174 3695
81 168 3696
162 160 3697
123 112 3698
29 36 3699
137 32 3700
11 168 3701
34 103 3702
139 116 3703
34 57 3704
27 177 3705
46 17 3706
78 177 3707
68 8 3708
156 13 3709
95 83 3710
192 195 3711
90 135 3712
63 171 3713
142 28 3714
54 31 3715
149 178 3716
150 90 3717
187 106 3718
24 99 3719
106 131 3720
103 101 3721
101 136 3722
128 43 3723
91 17 3724
175 176 3725
41 146 3726
2 181 3727
143 81 3728
167 132 3729
159 26 3730
7 163 3731
153 7 3732
18 102 3733
54 15 3734
5 73 3735
152 16 3736
141 40 3737
182 35 3738
2 32 3739
93 75 3740
60 90 3741
125 29 3742
29 30 3743
179 6 3744
186 134 3745
139 26 3746
81 119 3747
166 95 3748
77 128 3749
82 114 3750
92 137 3751
187 70 3752
36 43 3753
88 181 3754
104 97 3755
45 81 3756
152 142 3757
152 149 3758
38 151 3759
48 67 3760
117 3 3761
58 55 3762
48 171 3763
96 197 3764
191 197 3765
156 159 3766
22 133 3767
180 49 3768
129 50 3769
19 110 3770
51 54 3771
90 84 3772
105 153 3773
132 18 3774
77 179 3775
89 105 3776
127 47 3777
74 151 3778
55 167 3779
47 12 3780
83 60 3781
105 35 3782
23 78 3783
190 158 3784
56 6 3785
150 173 3786
3 93 3787
65 97 3788
119 96 3789
13 197 3790
24 60 3791
41 82 3792
106 91 3793
24 173 3794
1 161 3795
149 15 3796
117 50 3797
5 198 3798
57 124 3799
120 193 3800
100 50 3801
145 86 3802
109 66 3803
91 187 3804
175 117 3805
140 200 3806
10 154 3807
127 75 3808
34 52 3809
174 120 3810
125 143 3811
33 10 3812
133 61 3813
119 196 3814
140 163 3815
125 96 3816
21 106 3817
182 24 3818
150 111 3819
195 191 3820
178 135 3821
148 57 3822
66 22 3823
18 8 3824
92 192 3825
104 110 3826
153 183 3827
190 160 3828
183 52 3829
10 149 3830
170 10 3831
45 188 3832
9 92 3833
165 174 3834
83 126 3835
195 53 3836
77 177 3837
124 188 3838
10 179 3839
164 137 3840
106 85 3841
191 13 3842
192 88 3843
86 130 3844
50 108 3845
68 194 3846
110 30 3847
65 191 3848
14 23 3849
167 67 3850
55 3 3851
181 140 3852
194 3 3853
10 148 3854
113 177 3855
39 173 3856
117 145 3857
24 181 3858
46 189 3859
15 158 3860
68 51 3861
110 128 3862
166 159 3863
127 4 3864
61 186 3865
4 13 3866
5 9 3867
171 45 3868
155 190 3869
104 34 3870
196 103 3871
22 86 3872
195 141 3873
54 120 3874
47 34 3875
159 151 3876
74 6 3877
69 18 3878
153 30 3879
125 176 3880
132 45 3881
174 175 3882
2 188 3883
183 14 3884
100 115 3885
91 107 3886
128 191 3887
153 132 3888
118 168 3889
76 181 3890
143 123 3891
70 11 3892
61 51 3893
178 147 3894
42 164 3895
198 161 3896
18 16 3897
80 191 3898
44 92 3899
183 129 3900
99 185 3901
134 71 3902
74 82 3903
66 172 3904
179 55 3905
34 51 3906
71 112 3907
6 138 3908
35 158 3909
136 197 3910
181 22 3911
95 35 3912
72 115 3913
32 152 3914
25 64 3915
147 150 3916
3 142 3917
53 118 3918
60 103 3919
185 22 3920
197 4 3921
161 72 3922
22 170 3923
101 56 3924
105 29 3925
64 99 3926
75 116 3927
65 113 3928
13 43 3929
32 74 3930
136 84 3931
24 29 3932
137 56 3933
58 60 3934
42 186 3935
124 130 3936
51 74 3937
129 14 3938
167 175 3939
115 196 3940
36 179 3941
11 48 3942
75 140 3943
78 114 3944
174 97 3945
170 164 3946
113 187 3947
139 124 3948
27 148 3949
36 110 3950
90 140 3951
119 101 3952
129 198 3953
111 74 3954
197 31 3955
176 78 3956
91 48 3957
26 63 3958
44 90 3959
113 128 3960
25 103 3961
3 46 3962
55 74 3963
179 68 3964
123 84 3965
48 54 3966
159 5 3967
180 122 3968
65 87 3969
39 188 3970
89 200 3971
101 63 3972
105 190 3973
63 43 3974
20 197 3975
23 49 3976
95 150 3977
192 52 3978
162 84 3979
197 53 3980
185 67 3981
21 177 3982
38 46 3983
95 31 3984
70 164 3985
185 144 3986
24 30 3987
68 33 3988
144 83 3989
1 107 3990
196 139 3991
3 110 3992
178 28 3993
116 122 3994
19 144 3995
145 195 3996
188 38 3997
77 58 3998
86 196 3999
143 139 4000
2 93 4001
21 52 4002
198 14 4003
150 91 4004
99 161 4005
99 146 4006
44 43 4007
17 173 4008
11 40 4009
64 166 4010
96 100 4011
112 150 4012
161 13 4013
21 162 4014
136 73 4015
131 162 4016
164 75 4017
54 41 4018
5 16 4019
174 102 4020
163 13 4021
93 68 4022
14 147 4023
125 155 4024
94 132 4025
138 100 4026
133 155 4027
33 128 4028
198 131 4029
129 40 4030
140 152 4031
168 159 4032
16 76 4033
187 102 4034
60 10 4035
96 58 4036
129 72 4037
172 118 4038
14 157 4039
30 129 4040
134 164 4041
30 57 4042
162 116 4043
191 36 4044
157 48 4045
113 133 4046
101 46 4047
184 187 4048
26 143 4049
22 63 4050
159 39 4051
116 61 4052
25 19 4053
136 23 4054
58 130 4055
12 159 4056
101 162 4057
187 154 4058
106 185 4059
124 52 4060
86 109 4061
85 71 4062
193 84 4063
52 81 4064
167 77 4065
10 92 4066
52 1 4067
15 168 4068
136 66 4069
102 33 4070
110 117 4071
137 165 4072
162 120 4073
46 5 4074
150 138 4075
83 191 4076
177 151 4077
29 130 4078
145 126 4079
65 111 4080
196 143 4081
73 93 4082
5 179 4083
29 124 4084
45 4 4085
27 54 4086
105 76 4087
135 160 4088
111 188 4089
49 153 4090
76 151 4091
109 32 4092
174 34 4093
180 89 4094
168 30 4095
47 113 4096
18 9 4097
101 123 4098
157 100 4099
192 4 4100
46 165 4101
63 14 4102
193 155 4103
4 78 4104
88 73 4105
96 31 4106
176 20 4107
123 47 4108
168 151 4109
177 138 4110
110 87 4111
165 109 4112
140 100 4113
123 126 4114
68 142 4115
74 160 4116
34 92 4117
191 142 4118
5 61 4119
108 155 4120
125 164 4121
63 61 4122
85 128 4123
3 38 4124
87 111 4125
40 3 4126
98 103 4127
45 182 4128
65 89 4129
161 84 4130
44 149 4131
189 162 4132
142 177 4133
46 26 4134
104 129 4135
188 122 4136
119 177 4137
80 174 4138
124 24 4139
54 58 4140
198 68 4141
78 123 4142
46 182 4143
89 84 4144
160 103 4145
67 25 4146
85 47 4147
143 149 4148
135 20 4149
119 166 4150
31 178 4151
183 182 4152
47 192 4153
126 164 4154
130 46 4155
13 145 4156
30 170 4157
170 116 4158
119 192 4159
43 7 4160
145 35 4161
118 87 4162
152 13 4163
119 98 4164
123 76 4165
194 64 4166
92 49 4167
29 198 4168
41 183 4169
183 87 4170
149 96 4171
165 60 4172
171 168 4173
74 87 4174
124 61 4175
179 106 4176
189 197 4177
80 102 4178
136 88 4179
28 136 4180
200 129 4181
98 175 4182
12 17 4183
121 137 4184
134 77 4185
99 50 4186
164 195 4187
130 3 4188
142 165 4189
21 10 4190
199 81 4191
195 19 4192
131 87 4193
4 163 4194
189 41 4195
174 196 4196
171 152 4197
92 36 4198
76 37 4199
135 155 4200
191 54 4201
116 101 4202
129 182 4203
18 48 4204
46 36 4205
106 124 4206
142 20 4207
60 62 4208
128 69 4209
32 24 4210
59 30 4211
9 134 4212
60 120 4213
34 193 4214
24 159 4215
194 85 4216
116 69 4217
175 15 4218
119 159 4219
97 4 4220
66 120 4221
194 149 4222
114 200 4223
183 22 4224
113 8 4225
31 29 4226
69 112 4227
183 13 4228
6 39 4229
174 91 4230
142 178 4231
15 143 4232
200 74 4233
129 177 4234
21 66 4235
142 113 4236
17 67 4237
42 72 4238
180 74 4239
114 43 4240
184 32 4241
101 44 4242
169 18 4243
159 129 4244
33 72 4245
148 146 4246
66 161 4247
172 16 4248
126 143 4249
122 62 4250
46 184 4251
146 4 4252
58 167 4253
54 137 4254
82 117 4255
94 50 4256
142 39 4257
151 5 4258
112 169 4259
107 55 4260
19 71 4261
80 24 4262
44 179 4263
123 64 4264
172 93 4265
54 156 4266
119 173 4267
126 142 4268
96 111 4269
160 147 4270
5 78 4271
82 178 4272
149 62 4273
20 183 4274
39 18 4275
88 57 4276
170 99 4277
176 24 4278
13 149 4279
170 105 4280
69 82 4281
68 151 4282
82 44 4283
147 128 4284
74 1 4285
11 140 4286
32 73 4287
121 23 4288
103 1 4289
29 74 4290
102 176 4291
143 188 4292
185 26 4293
95 60 4294
196 41 4295
42 136 4296
41 142 4297
46 147 4298
117 119 4299
69 67 4300
147 164 4301
110 38 4302
101 141 4303
195 104 4304
125 26 4305
172 85 4306
144 77 4307
56 24 4308
40 163 4309
73 115 4310
2 28 4311
83 69 4312
192 46 4313
82 43 4314
145 200 4315
58 28 4316
101 6 4317
176 147 4318
126 3 4319
92 97 4320
185 121 4321
61 62 4322
192 20 4323
135 131 4324
93 8 4325
88 41 4326
35 179 4327
57 8 4328
185 8 4329
48 108 4330
53 74 4331
175 59 4332
22 130 4333
82 34 4334
37 131 4335
195 101 4336
109 112 4337
60 16 4338
58 183 4339
70 141 4340
122 156 4341
70 90 4342
44 39 4343
169 32 4344
144 133 4345
80 122 4346
17 144 4347
63 180 4348
155 178 4349
39 97 4350
136 39 4351
36 33 4352
170 171 4353
176 130 4354
61 28 4355
73 66 4356
170 137 4357
118 65 4358
132 111 4359
131 23 4360
51 198 4361
15 43 4362
64 84 4363
171 85 4364
137 101 4365
195 9 4366
140 12 4367
119 178 4368
33 100 4369
181 86 4370
18 193 4371
54 195 4372
172 138 4373
39 45 4374
114 175 4375
14 36 4376
74 142 4377
124 14 4378
62 26 4379
11 165 4380
98 117 4381
15 153 4382
60 133 4383
157 56 4384
126 157 4385
41 181 4386
88 22 4387
94 154 4388
161 125 4389
140 34 4390
58 103 4391
18 112 4392
132 92 4393
154 140 4394
153 133 4395
97 187 4396
7 66 4397
48 75 4398
37 42 4399
143 57 4400
54 3 4401
20 84 4402
178 86 4403
154 172 4404
159 17 4405
140 24 4406
116 54 4407
166 181 4408
36 152 4409
91 67 4410
124 111 4411
5 52 4412
91 117 4413
67 29 4414
57 163 4415
186 171 4416
116 94 4417
150 74 4418
99 69 4419
99 73 4420
61 97 4421
28 81 4422
77 11 4423
193 42 4424
51 149 4425
33 45 4426
197 77 4427
32 17 4428
182 88 4429
2 108 4430
200 48 4431
161 55 4432
144 183 4433
46 157 4434
32 121 4435
170 119 4436
56 9 4437
148 129 4438
42 76 4439
56 162 4440
97 62 4441
12 14 4442
141 118 4443
121 99 4444
151 31 4445
46 161 4446
32 113 4447
162 103 4448
151 195 4449
116 137 4450
20 43 4451
46 137 4452
147 149 4453
89 39 4454
119 191 4455
16 54 4456
166 148 4457
141 188 4458
65 11 4459
73 179 4460
41 85 4461
20 200 4462
21 129 4463
22 193 4464
100 193 4465
174 12 4466
43 147 4467
181 57 4468
7 87 4469
136 82 4470
53 169 4471
130 185 4472
36 76 4473
90 23 4474
100 110 4475
109 75 4476
75 192 4477
28 105 4478
146 52 4479
57 151 4480
78 74 4481
7 176 4482
137 45 4483
10 188 4484
19 46 4485
6 158 4486
145 54 4487
188 55 4488
20 91 4489
22 18 4490
52 59 4491
144 63 4492
82 64 4493
4 10 4494
196 27 4495
168 160 4496
141 137 4497
7 200 4498
64 119 4499
115 77 4500
14 37 4501
194 26 4502
13 10 4503
94 38 4504
149 177 4505
193 16 4506
107 147 4507
121 91 4508
27 98 4509
195 89 4510
13 62 4511
45 3 4512
50 27 4513
111 156 4514
16 45 4515
75 73 4516
188 57 4517
37 51 4518
73 149 4519
190 53 4520
55 77 4521
16 120 4522
158 26 4523
137 149 4524
63 172 4525
127 66 4526
129 140 4527
113 122 4528
182 47 4529
29 77 4530
116 77 4531
160 21 4532
108 52 4533
143 134 4534
51 93 4535
21 16 4536
167 109 4537
45 65 4538
44 91 4539
139 23 4540
138 11 4541
181 84 4542
194 120 4543
155 159 4544
68 57 4545
86 26 4546
33 30 4547
121 51 4548
7 112 4549
172 46 4550
65 180 4551
40 149 4552
53 105 4553
195 79 4554
81 186 4555
16 35 4556
9 95 4557
40 110 4558
107 159 4559
25 89 4560
118 121 4561
45 142 4562
4 71 4563
34 86 4564
154 181 4565
165 29 4566
8 170 4567
160 20 4568
29 177 4569
167 180 4570
32 197 4571
147 192 4572
100 70 4573
75 12 4574
198 108 4575
57 32 4576
17 146 4577
148 36 4578
83 34 4579
78 111 4580
181 149 4581
47 90 4582
18 147 4583
148 165 4584
12 171 4585
7 47 4586
90 37 4587
182 171 4588
28 6 4589
108 145 4590
92 110 4591
190 122 4592
95 161 4593
37 6 4594
124 68 4595
102 175 4596
101 120 4597
77 74 4598
58 63 4599
24 19 4600
80 111 4601
1 163 4602
135 34 4603
128 197 4604
2 8 4605
58 145 4606
175 75 4607
53 51 4608
159 196 4609
195 152 4610
122 1 4611
84 35 4612
19 101 4613
63 83 4614
70 50 4615
13 78 4616
57 89 4617
94 156 4618
29 192 4619
54 61 4620
75 51 4621
125 178 4622
65 56 4623
161 101 4624
65 198 4625
22 197 4626
21 110 4627
93 149 4628
178 56 4629
25 38 4630
32 194 4631
192 169 4632
112 38 4633
124 91 4634
167 170 4635
197 99 4636
163 43 4637
61 47 4638
32 122 4639
23 195 4640
193 142 4641
83 161 4642
33 77 4643
168 49 4644
34 43 4645
130 50 4646
171 102 4647
20 113 4648
13 123 4649
65 190 4650
33 132 4651
170 46 4652
15 174 4653
45 57 4654
44 180 4655
105 6 4656
26 82 4657
88 44 4658
15 100 4659
85 159 4660
40 130 4661
144 187 4662
24 188 4663
18 135 4664
19 67 4665
199 41 4666
143 131 4667
75 100 4668
127 181 4669
141 194 4670
59 152 4671
10 64 4672
134 62 4673
136 185 4674
180 158 4675
131 46 4676
17 135 4677
154 197 4678
49 188 4679
76 86 4680
186 98 4681
142 54 4682
86 190 4683
159 183 4684
32 171 4685
33 125 4686
184 142 4687
62 197 4688
134 1 4689
105 124 4690
147 70 4691
137 107 4692
155 100 4693
124 129 4694
1 79 4695
38 90 4696
75 189 4697
96 41 4698
28 108 4699
128 120 4700
104 47 4701
113 1 4702
107 11 4703
138 167 4704
195 36 4705
89 55 4706
199 84 4707
122 100 4708
95 182 4709
16 69 4710
145 107 4711
57 138 4712
115 56 4713
24 121 4714
100 182 4715
139 85 4716
199 114 4717
170 78 4718
97 152 4719
16 33 4720
34 152 4721
118 142 4722
136 38 4723
167 61 4724
162 129 4725
174 115 4726
177 134 4727
33 111 4728
9 62 4729
10 107 4730
32 118 4731
162 48 4732
68 41 4733
106 154 4734
179 65 4735
153 197 4736
138 175 4737
143 35 4738
35 92 4739
39 181 4740
48 196 4741
158 115 4742
185 18 4743
136 126 4744
123 149 4745
4 96 4746
90 197 4747
189 178 4748
64 80 4749
139 153 4750
48 177 4751
162 170 4752
200 18 4753
187 75 4754
135 195 4755
83 156 4756
192 111 4757
50 42 4758
84 17 4759
32 86 4760
134 109 4761
197 10 4762
156 123 4763
58 24 4764
117 169 4765
139 130 4766
149 179 4767
106 181 4768
165 80 4769
199 124 4770
40 93 4771
4 60 4772
74 75 4773
97 129 4774
108 130 4775
174 49 4776
164 127 4777
84 188 4778
152 182 4779
38 31 4780
119 48 4781
139 152 4782
171 119 4783
143 179 4784
90 98 4785
172 62 4786
43 88 4787
128 52 4788
14 189 4789
63 84 4790
105 127 4791
52 165 4792
17 24 4793
66 147 4794
43 84 4795
198 118 4796
176 70 4797
7 190 4798
152 76 4799
128 107 4800
54 93 4801
97 22 4802
53 18 4803
47 140 4804
136 199 4805
51 163 4806
66 143 4807
75 54 4808
90 17 4809
184 89 4810
147 44 4811
73 109 4812
137 179 4813
35 99 4814
192 95 4815
98 79 4816
47 168 4817
109 194 4818
87 164 4819
109 163 4820
64 30 4821
182 62 4822
152 113 4823
127 120 4824
49 15 4825
192 176 4826
77 188 4827
168 128 4828
80 108 4829
165 44 4830
40 166 4831
71 29 4832
111 3 4833
29 73 4834
102 34 4835
124 118 4836
124 131 4837
156 5 4838
46 102 4839
40 199 4840
167 68 4841
123 39 4842
190 99 4843
30 96 4844
167 87 4845
131 97 4846
67 38 4847
149 151 4848
70 82 4849
2 29 4850
114 88 4851
192 190 4852
177 127 4853
26 66 4854
10 110 4855
24 146 4856
123 142 4857
30 136 4858
64 89 4859
49 133 4860
190 150 4861
108 97 4862
189 118 4863
158 130 4864
122 56 4865
108 83 4866
197 117 4867
101 47 4868
93 148 4869
42 67 4870
15 114 4871
82 88 4872
63 188 4873
133 10 4874
157 18 4875
169 51 4876
5 127 4877
178 37 4878
79 67 4879
176 31 4880
27 190 4881
68 101 4882
102 143 4883
9 133 4884
68 135 4885
147 103 4886
198 121 4887
192 107 4888
125 85 4889
103 68 4890
121 123 4891
199 192 4892
183 132 4893
18 24 4894
182 58 4895
78 99 4896
114 146 4897
1 102 4898
173 181 4899
148 29 4900
115 167 4901
45 148 4902
160 152 4903
32 145 4904
55 157 4905
195 72 4906
84 93 4907
26 34 4908
93 50 4909
56 40 4910
198 171 4911
189 153 4912
152 46 4913
27 156 4914
158 200 4915
181 98 4916
4 182 4917
25 7 4918
78 112 4919
41 52 4920
96 22 4921
185 36 4922
70 53 4923
55 151 4924
189 159 4925
194 1 4926
73 104 4927
94 179 4928
30 8 4929
57 29 4930
72 150 4931
61 135 4932
6 197 4933
90 105 4934
42 173 4935
22 30 4936
138 129 4937
199 103 4938
111 197 4939
173 77 4940
33 97 4941
178 41 4942
171 91 4943
28 133 4944
97 179 4945
58 86 4946
128 3 4947
81 156 4948
77 39 4949
190 109 4950
109 157 4951
124 187 4952
150 79 4953
126 111 4954
8 64 4955
92 19 4956
77 174 4957
16 168 4958
73 61 4959
89 11 4960
151 132 4961
164 78 4962
117 115 4963
97 161 4964
105 80 4965
175 122 4966
83 112 4967
142 72 4968
100 78 4969
45 5 4970
169 194 4971
71 12 4972
123 127 4973
48 102 4974
55 122 4975
99 52 4976
158 198 4977
85 156 4978
199 151 4979
129 3 4980
74 56 4981
21 102 4982
155 174 4983
23 5 4984
161 77 4985
200 71 4986
152 64 4987
184 22 4988
168 45 4989
173 90 4990
23 12 4991
105 34 4992
184 195 4993
70 107 4994
21 124 4995
83 28 4996
79 125 4997
143 71 4998
143 85 4999
177 76 5000
143 65 5001
16 186 5002
136 104 5003
61 121 5004
170 129 5005
148 86 5006
1 165 5007
186 200 5008
39 145 5009
102 58 5010
154 100 5011
92 168 5012
157 40 5013
124 138 5014
27 81 5015
64 15 5016
70 78 5017
194 185 5018
168 113 5019
50 26 5020
189 198 5021
22 9 5022
125 49 5023
43 168 5024
187 166 5025
162 191 5026
57 177 5027
7 65 5028
97 135 5029
199 95 5030
138 111 5031
44 190 5032
82 190 5033
71 133 5034
100 17 5035
58 35 5036
77 124 5037
108 20 5038
50 64 5039
174 158 5040
52 115 5041
151 126 5042
94 102 5043
40 74 5044
84 148 5045
20 112 5046
34 30 5047
55 28 5048
74 11 5049
28 114 5050
164 157 5051
54 35 5052
158 30 5053
176 11 5054
116 97 5055
133 27 5056
140 164 5057
57 196 5058
136 138 5059
19 43 5060
115 122 5061
13 193 5062
99 114 5063
81 158 5064
134 175 5065
1 170 5066
30 6 5067
104 149 5068
1 68 5069
14 193 5070
141 146 5071
138 197 5072
128 70 5073
28 48 5074
57 127 5075
7 195 5076
8 179 5077
186 157 5078
140 65 5079
193 160 5080
82 141 5081
189 92 5082
12 24 5083
175 194 5084
150 54 5085
136 96 5086
37 123 5087
94 70 5088
74 115 5089
30 101 5090
6 71 5091
46 31 5092
44 181 5093
175 85 5094
43 31 5095
148 68 5096
122 185 5097
149 83 5098
148 50 5099
78 151 5100
161 140 5101
137 183 5102
103 131 5103
108 31 5104
93 94 5105
37 61 5106
2 152 5107
75 152 5108
121 65 5109
37 54 5110
44 133 5111
54 121 5112
183 46 5113
2 36 5114
143 39 5115
178 156 5116
143 38 5117
128 161 5118
53 10 5119
174 44 5120
194 103 5121
158 160 5122
60 81 5123
135 39 5124
146 127 5125
183 93 5126
50 4 5127
9 188 5128
104 100 5129
148 24 5130
197 74 5131
22 107 5132
170 37 5133
172 1 5134
9 161 5135
118 9 5136
42 167 5137
174 32 5138
47 179 5139
164 101 5140
36 53 5141
161 27 5142
1 46 5143
183 191 5144
187 138 5145
84 104 5146
95 28 5147
101 72 5148
13 126 5149
118 125 5150
182 7 5151
48 40 5152
39 139 5153
74 130 5154
43 67 5155
174 181 5156
175 118 5157
103 140 5158
125 142 5159
81 65 5160
21 76 5161
33 99 5162
101 115 5163
59 15 5164
14 74 5165
6 59 5166
60 138 5167
185 78 5168
24 135 5169
71 42 5170
79 152 5171
162 77 5172
136 105 5173
190 38 5174
13 1 5175
170 124 5176
80 166 5177
157 92 5178
158 5 5179
61 74 5180
112 16 5181
143 20 5182
58 78 5183
184 56 5184
113 171 5185
125 94 5186
30 140 5187
194 136 5188
103 84 5189
37 9 5190
117 150 5191
62 161 5192
3 179 5193
186 181 5194
8 73 5195
2 130 5196
100 105 5197
178 116 5198
192 177 5199
63 90 5200
101 28 5201
3 180 5202
28 45 5203
73 82 5204
152 23 5205
4 20 5206
20 161 5207
111 154 5208
94 196 5209
72 55 5210
154 15 5211
146 126 5212
51 56 5213
134 122 5214
192 152 5215
128 96 5216
104 176 5217
50 152 5218
85 191 5219
152 181 5220
126 189 5221
172 8 5222
15 74 5223
86 93 5224
81 173 5225
158 194 5226
137 105 5227
161 151 5228
155 199 5229
111 93 5230
124 49 5231
28 44 5232
41 56 5233
192 28 5234
31 10 5235
49 53 5236
55 68 5237
71 120 5238
55 31 5239
147 131 5240
37 82 5241
85 65 5242
154 173 5243
150 161 5244
54 167 5245
155 181 5246
128 68 5247
109 37 5248
178 150 5249
53 35 5250
151 29 5251
72 22 5252
131 1 5253
16 98 5254
158 4 5255
41 87 5256
52 168 5257
70 31 5258
104 62 5259
19 198 5260
107 16 5261
35 70 5262
24 139 5263
187 93 5264
16 194 5265
104 88 5266
37 194 5267
98 160 5268
53 14 5269
77 83 5270
114 119 5271
72 112 5272
88 16 5273
199 104 5274
49 159 5275
33 91 5276
116 23 5277
121 66 5278
128 132 5279
85 164 5280
157 60 5281
144 12 5282
32 83 5283
176 62 5284
95 128 5285
37 107 5286
163 190 5287
31 52 5288
100 58 5289
165 73 5290
159 1 5291
48 110 5292
60 123 5293
118 197 5294
136 47 5295
174 90 5296
79 109 5297
127 102 5298
116 185 5299
131 77 5300
185 83 5301
21 34 5302
164 35 5303
62 19 5304
138 39 5305
40 99 5306
193 119 5307
11 39 5308
8 173 5309
9 15 5310
10 183 5311
182 76 5312
35 47 5313
158 128 5314
34 107 5315
115 172 5316
75 125 5317
129 100 5318
144 75 5319
127 60 5320
89 115 5321
115 187 5322
51 143 5323
78 9 5324
145 55 5325
25 14 5326
69 4 5327
138 171 5328
14 187 5329
156 144 5330
55 156 5331
44 142 5332
184 109 5333
109 46 5334
3 124 5335
114 149 5336
104 13 5337
39 76 5338
70 168 5339
139 96 5340
140 136 5341
138 180 5342
61 145 5343
71 46 5344
7 52 5345
7 170 5346
121 104 5347
114 29 5348
95 7 5349
199 190 5350
31 56 5351
79 60 5352
66 178 5353
174 71 5354
39 186 5355
70 28 5356
119 136 5357
64 127 5358
28 98 5359
146 111 5360
70 139 5361
181 148 5362
166 22 5363
78 17 5364
34 69 5365
176 96 5366
45 125 5367
164 37 5368
109 3 5369
102 157 5370
139 90 5371
107 130 5372
70 194 5373
50 178 5374
170 136 5375
141 29 5376
34 181 5377
98 62 5378
105 30 5379
21 182 5380
65 167 5381
150 143 5382
158 82 5383
99 193 5384
93 80 5385
200 41 5386
140 114 5387
22 179 5388
178 112 5389
27 42 5390
153 151 5391
76 139 5392
93 10 5393
69 1 5394
138 83 5395
175 67 5396
57 18 5397
197 58 5398
26 192 5399
17 192 5400
38 121 5401
178 91 5402
160 37 5403
35 119 5404
12 143 5405
109 30 5406
6 83 5407
131 22 5408
7 139 5409
195 188 5410
42 30 5411
179 113 5412
198 23 5413
48 190 5414
142 197 5415
20 107 5416
127 87 5417
199 125 5418
153 64 5419
166 31 5420
6 139 5421
194 178 5422
27 155 5423
103 66 5424
84 45 5425
184 87 5426
125 105 5427
77 60 5428
87 3 5429
11 99 5430
104 83 5431
24 143 5432
137 108 5433
106 29 5434
80 3 5435
130 11 5436
152 19 5437
85 130 5438
19 27 5439
150 25 5440
3 9 5441
77 119 5442
104 178 5443
63 153 5444
177 116 5445
77 89 5446
36 77 5447
131 71 5448
136 132 5449
78 180 5450
103 26 5451
149 61 5452
11 149 5453
186 73 5454
134 85 5455
155 28 5456
105 20 5457
26 141 5458
38 57 5459
39 105 5460
12 33 5461
25 115 5462
28 188 5463
156 128 5464
100 197 5465
73 16 5466
68 107 5467
168 124 5468
101 32 5469
190 20 5470
49 192 5471
172 146 5472
78 22 5473
191 175 5474
169 142 5475
132 88 5476
155 24 5477
46 112 5478
189 194 5479
55 158 5480
197 161 5481
101 169 5482
13 12 5483
161 102 5484
22 168 5485
183 124 5486
185 188 5487
178 73 5488
97 93 5489
19 143 5490
70 126 5491
47 156 5492
54 95 5493
164 83 5494
198 152 5495
56 82 5496
163 142 5497
59 75 5498
163 70 5499
60 42 5500
158 165 5501
100 162 5502
8 22 5503
190 66 5504
192 9 5505
190 154 5506
10 182 5507
52 10 5508
155 107 5509
55 64 5510
118 195 5511
83 71 5512
183 96 5513
74 62 5514
160 63 5515
110 196 5516
62 103 5517
178 144 5518
147 84 5519
47 197 5520
166 2 5521
97 10 5522
74 163 5523
133 107 5524
82 109 5525
86 131 5526
133 182 5527
46 169 5528
80 21 5529
166 125 5530
180 85 5531
177 70 5532
8 86 5533
93 170 5534
76 94 5535
135 167 5536
13 52 5537
60 100 5538
103 158 5539
196 67 5540
162 149 5541
73 50 5542
54 134 5543
95 44 5544
39 177 5545
118 81 5546
90 41 5547
71 84 5548
119 44 5549
40 135 5550
175 46 5551
189 24 5552
8 47 5553
39 132 5554
97 95 5555
66 85 5556
160 133 5557
99 106 5558
29 93 5559
1 183 5560
44 146 5561
133 143 5562
66 18 5563
200 182 5564
120 81 5565
138 69 5566
199 98 5567
16 50 5568
13 84 5569
44 41 5570
83 141 5571
176 16 5572
185 111 5573
128 167 5574
98 166 5575
83 51 5576
14 56 5577
88 128 5578
16 22 5579
101 5 5580
178 29 5581
73 163 5582
96 80 5583
64 161 5584
191 184 5585
18 86 5586
127 124 5587
155 70 5588
141 199 5589
173 101 5590
169 186 5591
99 162 5592
121 126 5593
33 137 5594
29 28 5595
148 153 5596
192 130 5597
80 30 5598
55 172 5599
80 14 5600
184 178 5601
50 158 5602
95 40 5603
193 131 5604
100 194 5605
59 89 5606
77 142 5607
27 95 5608
190 37 5609
99 26 5610
186 82 5611
190 138 5612
164 174 5613
7 100 5614
183 86 5615
45 44 5616
101 87 5617
176 180 5618
44 144 5619
184 149 5620
109 124 5621
144 164 5622
1 164 5623
135 11 5624
58 161 5625
37 12 5626
1 58 5627
192 86 5628
199 157 5629
136 70 5630
84 56 5631
70 17 5632
174 157 5633
156 142 5634
56 7 5635
193 124 5636
98 2 5637
160 43 5638
101 89 5639
33 119 5640
188 148 5641
91 63 5642
7 63 5643
161 147 5644
92 24 5645
47 2 5646
163 42 5647
156 195 5648
113 139 5649
161 67 5650
135 153 5651
31 124 5652
190 29 5653
137 178 5654
168 27 5655
161 82 5656
3 27 5657
168 83 5658
127 194 5659
136 109 5660
142 22 5661
34 132 5662
122 64 5663
141 126 5664
120 143 5665
37 75 5666
83 171 5667
9 14 5668
144 79 5669
72 64 5670
111 21 5671
162 49 5672
116 142 5673
177 128 5674
104 184 5675
117 194 5676
101 112 5677
127 3 5678
169 99 5679
188 34 5680
178 26 5681
157 35 5682
156 194 5683
140 92 5684
53 115 5685
131 19 5686
39 117 5687
77 40 5688
139 110 5689
10 123 5690
5 132 5691
30 104 5692
148 154 5693
117 96 5694
112 84 5695
85 5 5696
62 18 5697
198 93 5698
73 103 5699
48 183 5700
35 56 5701
125 130 5702
165 166 5703
100 161 5704
135 99 5705
4 11 5706
112 198 5707
194 56 5708
88 9 5709
87 165 5710
4 166 5711
71 169 5712
106 126 5713
129 151 5714
19 78 5715
18 37 5716
94 129 5717
123 6 5718
131 41 5719
12 101 5720
79 58 5721
184 117 5722
140 93 5723
86 1 5724
50 7 5725
159 61 5726
176 51 5727
175 96 5728
125 38 5729
58 137 5730
33 15 5731
39 75 5732
144 28 5733
99 7 5734
108 136 5735
168 78 5736
1 129 5737
48 109 5738
190 96 5739
106 116 5740
174 184 5741
143 67 5742
84 1 5743
40 175 5744
73 143 5745
182 30 5746
19 186 5747
20 165 5748
14 49 5749
32 195 5750
5 41 5751
151 141 5752
22 77 5753
75 61 5754
147 35 5755
185 199 5756
1 151 5757
123 162 5758
156 114 5759
163 21 5760
151 140 5761
3 113 5762
64 182 5763
132 105 5764
14 84 5765
32 51 5766
124 33 5767
137 131 5768
171 15 5769
177 84 5770
5 28 5771
79 56 5772
29 150 5773
115 70 5774
40 169 5775
108 19 5776
48 125 5777
120 61 5778
143 40 5779
134 50 5780
126 95 5781
114 85 5782
144 173 5783
153 95 5784
40 29 5785
27 104 5786
29 35 5787
73 139 5788
155 44 5789
138 28 5790
189 8 5791
167 181 5792
88 191 5793
97 11 5794
85 80 5795
61 168 5796
79 194 5797
198 138 5798
59 136 5799
160 107 5800
116 128 5801
100 76 5802
12 72 5803
101 155 5804
3 199 5805
41 161 5806
22 2 5807
75 180 5808
171 99 5809
6 190 5810
177 161 5811
67 90 5812
100 126 5813
8 17 5814
25 113 5815
119 149 5816
150 163 5817
84 158 5818
180 93 5819
76 45 5820
121 143 5821
3 26 5822
193 130 5823
33 144 5824
15 122 5825
2 132 5826
122 170 5827
189 185 5828
30 81 5829
53 179 5830
140 166 5831
124 180 5832
127 26 5833
165 115 5834
84 163 5835
17 50 5836
70 19 5837
88 117 5838
119 200 5839
195 5 5840
67 12 5841
51 59 5842
128 174 5843
109 200 5844
56 200 5845
52 185 5846
161 193 5847
172 149 5848
136 100 5849
42 4 5850
103 105 5851
106 125 5852
102 135 5853
47 58 5854
154 117 5855
187 28 5856
48 55 5857
132 68 5858
23 68 5859
196 163 5860
12 176 5861
72 191 5862
60 145 5863
190 141 5864
57 74 5865
106 174 5866
98 107 5867
155 182 5868
85 17 5869
196 129 5870
184 161 5871
37 199 5872
136 160 5873
196 91 5874
61 72 5875
6 118 5876
58 70 5877
64 98 5878
30 79 5879
113 121 5880
114 11 5881
127 101 5882
83 45 5883
41 77 5884
20 72 5885
177 139 5886
83 159 5887
48 24 5888
49 110 5889
133 191 5890
40 121 5891
97 31 5892
140 21 5893
188 102 5894
31 163 5895
91 9 5896
181 18 5897
78 124 5898
98 114 5899
33 156 5900
83 17 5901
41 75 5902
119 17 5903
112 175 5904
195 43 5905
56 86 5906
44 31 5907
108 183 5908
198 128 5909
78 42 5910
153 83 5911
54 7 5912
160 6 5913
139 69 5914
126 182 5915
126 47 5916
27 118 5917
111 95 5918
4 190 5919
128 101 5920
16 93 5921
107 2 5922
161 51 5923
41 158 5924
165 12 5925
89 116 5926
155 192 5927
189 179 5928
32 12 5929
163 77 5930
75 18 5931
151 122 5932
41 130 5933
191 64 5934
62 15 5935
14 92 5936
98 136 5937
35 7 5938
41 16 5939
97 21 5940
111 38 5941
56 62 5942
26 93 5943
15 179 5944
2 89 5945
71 192 5946
107 84 5947
58 39 5948
138 42 5949
133 89 5950
5 8 5951
140 29 5952
66 194 5953
104 92 5954
44 135 5955
24 161 5956
86 163 5957
3 184 5958
46 164 5959
191 104 5960
118 39 5961
104 200 5962
118 139 5963
94 83 5964
197 174 5965
164 142 5966
122 177 5967
53 8 5968
72 118 5969
87 95 5970
126 22 5971
142 93 5972
133 69 5973
34 148 5974
128 5 5975
7 178 5976
4 143 5977
1 10 5978
151 37 5979
118 116 5980
159 76 5981
193 90 5982
33 17 5983
198 17 5984
121 34 5985
45 24 5986
49 140 5987
139 29 5988
197 73 5989
12 196 5990
88 66 5991
161 176 5992
23 100 5993
53 119 5994
50 75 5995
19 50 5996
48 105 5997
47 52 5998
197 131 5999
23 7 6000
188 40 6001
95 194 6002
174 19 6003
186 93 6004
11 124 6005
181 178 6006
74 88 6007
32 65 6008
184 192 6009
79 198 6010
87 138 6011
133 197 6012
40 111 6013
126 91 6014
11 34 6015
53 57 6016
29 129 6017
111 129 6018
81 99 6019
68 29 6020
199 134 6021
189 165 6022
17 9 6023
125 58 6024
162 179 6025
92 48 6026
7 191 6027
73 33 6028
14 139 6029
7 85 6030
164 107 6031
88 52 6032
29 195 6033
144 182 6034
49 93 6035
36 198 6036
76 176 6037
126 187 6038
198 26 6039
17 7 6040
82 155 6041
123 25 6042
33 139 6043
97 119 6044
192 87 6045
13 74 6046
2 85 6047
85 176 6048
65 127 6049
132 137 6050
78 157 6051
36 172 6052
43 77 6053
87 59 6054
147 71 6055
42 1 6056
99 156 6057
18 141 6058
79 129 6059
38 64 6060
11 175 6061
17 99 6062
37 161 6063
129 161 6064
73 102 6065
175 172 6066
162 17 6067
175 100 6068
157 195 6069
157 103 6070
41 118 6071
42 194 6072
70 120 6073
49 72 6074
24 13 6075
132 150 6076
180 148 6077
135 141 6078
8 58 6079
3 105 6080
24 119 6081
102 167 6082
163 145 6083
58 180 6084
15 177 6085
20 41 6086
37 10 6087
145 87 6088
40 64 6089
33 173 6090
199 6 6091
93 103 6092
146 5 6093
189 104 6094
14 123 6095
71 146 6096
117 86 6097
58 172 6098
58 46 6099
30 9 6100
51 117 6101
191 9 6102
185 2 6103
83 66 6104
152 193 6105
119 139 6106
173 61 6107
38 72 6108
113 82 6109
184 138 6110
82 48 6111
26 83 6112
109 116 6113
182 117 6114
28 174 6115
122 101 6116
21 69 6117
194 198 6118
145 51 6119
3 188 6120
94 89 6121
165 144 6122
132 129 6123
36 56 6124
91 3 6125
14 152 6126
152 157 6127
30 72 6128
32 71 6129
199 62 6130
63 69 6131
8 11 6132
169 177 6133
199 31 6134
133 169 6135
106 140 6136
4 104 6137
142 170 6138
1 16 6139
33 130 6140
174 6 6141
29 47 6142
65 40 6143
183 59 6144
128 51 6145
6 79 6146
111 16 6147
194 29 6148
197 135 6149
113 92 6150
109 47 6151
57 191 6152
186 31 6153
103 100 6154
140 177 6155
110 147 6156
91 41 6157
39 83 6158
61 151 6159
106 6 6160
113 172 6161
35 150 6162
121 25 6163
188 197 6164
18 55 6165
73 14 6166
39 172 6167
87 54 6168
2 77 6169
64 189 6170
186 140 6171
196 81 6172
9 36 6173
4 167 6174
109 17 6175
144 125 6176
147 91 6177
191 115 6178
149 141 6179
140 52 6180
117 138 6181
86 134 6182
82 148 6183
184 63 6184
198 114 6185
4 19 6186
100 19 6187
23 106 6188
43 197 6189
112 89 6190
70 162 6191
19 194 6192
132 30 6193
141 168 6194
116 79 6195
185 70 6196
199 142 6197
50 10 6198
131 179 6199
175 50 6200
121 135 6201
120 107 6202
53 129 6203
96 134 6204
68 115 6205
167 98 6206
117 104 6207
6 161 6208
160 48 6209
149 106 6210
157 130 6211
59 53 6212
63 68 6213
192 55 6214
179 130 6215
177 185 6216
19 32 6217
194 110 6218
98 187 6219
127 183 6220
192 69 6221
3 65 6222
18 122 6223
176 65 6224
27 65 6225
89 177 6226
87 75 6227
167 116 6228
96 115 6229
2 171 6230
29 83 6231
34 194 6232
147 120 6233
72 120 6234
42 106 6235
71 55 6236
7 199 6237
105 83 6238
87 128 6239
117 140 6240
91 127 6241
14 102 6242
135 156 6243
120 172 6244
51 155 6245
69 120 6246
105 4 6247
97 153 6248
79 15 6249
25 55 6250
164 182 6251
93 100 6252
105 158 6253
115 104 6254
28 46 6255
126 115 6256
13 91 6257
30 191 6258
150 155 6259
8 158 6260
123 53 6261
134 187 6262
148 141 6263
116 171 6264
162 175 6265
29 158 6266
45 20 6267
58 6 6268
83 36 6269
114 133 6270
40 4 6271
182 54 6272
15 169 6273
142 154 6274
140 81 6275
113 144 6276
70 118 6277
48 101 6278
151 90 6279
51 192 6280
114 89 6281
196 187 6282
185 63 6283
14 55 6284
195 78 6285
116 88 6286
100 89 6287
84 120 6288
28 166 6289
38 29 6290
142 71 6291
71 129 6292
82 23 6293
9 46 6294
144 93 6295
62 107 6296
113 77 6297
65 19 6298
179 103 6299
72 167 6300
162 155 6301
4 90 6302
125 44 6303
184 118 6304
142 117 6305
101 91 6306
120 41 6307
37 85 6308
106 165 6309
170 175 6310
145 122 6311
1 136 6312
53 19 6313
133 73 6314
75 58 6315
89 40 6316
92 7 6317
142 176 6318
162 130 6319
75 106 6320
87 60 6321
52 164 6322
7 193 6323
143 91 6324
109 95 6325
70 181 6326
180 178 6327
123 152 6328
92 134 6329
192 127 6330
160 67 6331
8 23 6332
53 171 6333
75 49 6334
125 191 6335
175 199 6336
55 127 6337
22 191 6338
97 191 6339
194 17 6340
127 1 6341
148 88 6342
108 67 6343
53 186 6344
112 67 6345
63 126 6346
16 171 6347
19 84 6348
184 153 6349
113 138 6350
29 179 6351
86 92 6352
42 151 6353
90 185 6354
39 7 6355
197 60 6356
119 15 6357
36 85 6358
157 107 6359
145 65 6360
192 25 6361
4 112 6362
134 49 6363
133 161 6364
141 12 6365
161 107 6366
142 95 6367
179 175 6368
8 154 6369
43 24 6370
175 145 6371
115 190 6372
200 123 6373
81 167 6374
197 89 6375
86 65 6376
161 130 6377
67 195 6378
145 141 6379
102 63 6380
182 40 6381
132 37 6382
3 41 6383
124 70 6384
35 48 6385
197 196 6386
177 200 6387
171 139 6388
36 169 6389
104 23 6390
18 190 6391
194 98 6392
189 125 6393
114 75 6394
81 48 6395
101 82 6396
185 81 6397
151 45 6398
143 90 6399
86 25 6400
116 143 6401
166 196 6402
3 57 6403
167 176 6404
140 73 6405
115 99 6406
31 33 6407
34 145 6408
134 141 6409
60 134 6410
70 148 6411
54 8 6412
65 174 6413
93 152 6414
62 65 6415
40 76 6416
104 102 6417
28 121 6418
174 98 6419
60 151 6420
161 154 6421
48 168 6422
24 128 6423
57 9 6424
170 18 6425
77 46 6426
21 187 6427
94 32 6428
44 37 6429
26 140 6430
130 147 6431
158 156 6432
136 111 6433
74 7 6434
95 103 6435
139 102 6436
1 158 6437
89 26 6438
90 170 6439
9 6 6440
11 87 6441
80 39 6442
11 141 6443
147 92 6444
45 123 6445
104 44 6446
86 67 6447
24 160 6448
73 98 6449
70 144 6450
50 30 6451
140 77 6452
175 5 6453
61 157 6454
186 38 6455
105 128 6456
200 28 6457
28 104 6458
91 130 6459
153 18 6460
59 1 6461
182 190 6462
62 72 6463
6 89 6464
175 93 6465
148 137 6466
179 21 6467
112 28 6468
158 99 6469
102 2 6470
82 157 6471
192 145 6472
103 110 6473
198 76 6474
105 36 6475
190 79 6476
9 129 6477
172 151 6478
73 89 6479
82 57 6480
184 30 6481
94 150 6482
34 100 6483
161 175 6484
187 171 6485
26 137 6486
48 132 6487
114 145 6488
51 159 6489
43 80 6490
59 61 6491
188 121 6492
118 67 6493
97 2 6494
196 44 6495
131 9 6496
77 76 6497
71 184 6498
40 88 6499
82 146 6500
122 112 6501
144 69 6502
113 166 6503
99 105 6504
137 61 6505
91 50 6506
138 86 6507
196 125 6508
161 61 6509
10 174 6510
115 146 6511
124 157 6512
107 183 6513
29 154 6514
48 172 6515
30 28 6516
91 165 6517
38 86 6518
153 20 6519
193 19 6520
46 124 6521
41 38 6522
114 117 6523
69 157 6524
32 125 6525
189 87 6526
60 59 6527
197 78 6528
10 45 6529
149 22 6530
30 160 6531
193 5 6532
52 33 6533
79 123 6534
33 92 6535
188 62 6536
63 13 6537
153 182 6538
128 151 6539
21 27 6540
120 167 6541
78 35 6542
127 190 6543
83 188 6544
23 144 6545
26 117 6546
133 187 6547
183 89 6548
196 34 6549
73 134 6550
78 101 6551
52 23 6552
113 91 6553
135 29 6554
90 11 6555
37 143 6556
37 128 6557
86 151 6558
66 90 6559
41 169 6560
85 160 6561
184 20 6562
62 191 6563
44 84 6564
48 6 6565
175 131 6566
130 166 6567
139 159 6568
26 160 6569
145 110 6570
150 13 6571
29 170 6572
139 12 6573
139 178 6574
36 39 6575
89 32 6576
196 177 6577
108 196 6578
68 64 6579
180 128 6580
198 1 6581
105 114 6582
67 142 6583
185 87 6584
148 62 6585
131 44 6586
107 69 6587
141 125 6588
98 105 6589
187 139 6590
21 138 6591
52 89 6592
189 131 6593
71 100 6594
144 65 6595
17 126 6596
122 110 6597
121 50 6598
53 181 6599
38 185 6600
161 29 6601
123 139 6602
59 18 6603
138 61 6604
128 27 6605
158 60 6606
62 29 6607
76 170 6608
13 41 6609
78 33 6610
81 91 6611
155 129 6612
160 174 6613
17 120 6614
175 2 6615
4 52 6616
23 50 6617
20 77 6618
50 119 6619
52 8 6620
104 113 6621
4 131 6622
26 114 6623
189 73 6624
45 31 6625
43 25 6626
193 46 6627
67 98 6628
200 130 6629
125 30 6630
148 194 6631
46 64 6632
180 188 6633
152 131 6634
144 38 6635
19 179 6636
10 158 6637
182 150 6638
94 149 6639
163 194 6640
101 121 6641
140 28 6642
99 23 6643
75 90 6644
178 92 6645
155 63 6646
12 135 6647
44 187 6648
4 170 6649
110 52 6650
34 142 6651
92 46 6652
71 167 6653
16 141 6654
77 93 6655
120 129 6656
29 172 6657
65 146 6658
24 200 6659
47 122 6660
45 107 6661
38 178 6662
35 133 6663
60 121 6664
192 53 6665
146 125 6666
189 2 6667
99 5 6668
146 173 6669
114 58 6670
177 49 6671
99 45 6672
5 120 6673
10 89 6674
92 166 6675
84 51 6676
185 173 6677
87 77 6678
200 141 6679
182 15 6680
60 189 6681
166 74 6682
3 85 6683
66 169 6684
187 51 6685
111 19 6686
16 74 6687
111 62 6688
49 73 6689
133 67 6690
188 133 6691
56 47 6692
64 28 6693
112 103 6694
186 145 6695
200 128 6696
117 156 6697
18 163 6698
128 98 6699
86 168 6700
90 127 6701
86 69 6702
125 87 6703
161 156 6704
199 115 6705
59 121 6706
68 95 6707
45 185 6708
195 106 6709
129 70 6710
186 165 6711
26 149 6712
134 118 6713
131 89 6714
113 199 6715
168 189 6716
23 35 6717
181 25 6718
108 159 6719
119 11 6720
74 106 6721
109 187 6722
200 106 6723
83 128 6724
120 152 6725
29 27 6726
142 149 6727
13 110 6728
191 89 6729
27 150 6730
185 196 6731
77 80 6732
134 30 6733
46 153 6734
53 22 6735
103 32 6736
71 155 6737
102 198 6738
66 112 6739
78 162 6740
122 111 6741
41 72 6742
143 184 6743
6 104 6744
194 40 6745
150 4 6746
198 12 6747
34 7 6748
21 1 6749
182 177 6750
40 126 6751
92 60 6752
133 115 6753
101 147 6754
147 36 6755
152 161 6756
107 99 6757
62 124 6758
94 26 6759
107 170 6760
195 98 6761
58 191 6762
15 65 6763
173 28 6764
22 81 6765
96 75 6766
5 27 6767
133 23 6768
106 199 6769
172 57 6770
155 45 6771
43 159 6772
113 27 6773
122 23 6774
107 72 6775
132 70 6776
119 162 6777
131 105 6778
83 8 6779
136 31 6780
48 139 6781
130 104 6782
91 160 6783
181 42 6784
70 190 6785
28 199 6786
126 98 6787
98 83 6788
93 122 6789
26 186 6790
50 115 6791
194 134 6792
75 21 6793
111 115 6794
62 142 6795
35 13 6796
56 123 6797
196 33 6798
87 102 6799
57 22 6800
200 45 6801
164 176 6802
39 174 6803
56 131 6804
95 18 6805
20 79 6806
121 69 6807
135 13 6808
145 57 6809
105 40 6810
124 144 6811
51 150 6812
100 185 6813
61 147 6814
7 185 6815
77 6 6816
147 58 6817
105 112 6818
60 171 6819
38 132 6820
119 14 6821
20 103 6822
108 53 6823
4 132 6824
82 175 6825
22 101 6826
184 41 6827
193 190 6828
125 83 6829
143 93 6830
130 30 6831
110 85 6832
79 86 6833
151 27 6834
136 131 6835
128 194 6836
185 10 6837
75 20 6838
185 86 6839
130 133 6840
94 167 6841
27 187 6842
22 100 6843
65 147 6844
189 20 6845
155 134 6846
30 200 6847
26 189 6848
193 30 6849
113 157 6850
49 57 6851
3 71 6852
81 125 6853
80 192 6854
185 195 6855
152 60 6856
95 159 6857
31 150 6858
74 168 6859
6 63 6860
105 157 6861
58 97 6862
142 94 6863
92 111 6864
47 125 6865
180 33 6866
43 27 6867
44 154 6868
179 186 6869
160 179 6870
32 181 6871
48 49 6872
184 151 6873
4 62 6874
37 156 6875
193 171 6876
36 87 6877
65 169 6878
186 182 6879
57 139 6880
53 142 6881
3 151 6882
25 104 6883
170 47 6884
85 137 6885
122 71 6886
137 77 6887
143 46 6888
12 89 6889
81 1 6890
118 75 6891
175 38 6892
59 31 6893
146 181 6894
120 109 6895
51 160 6896
129 7 6897
10 25 6898
84 106 6899
185 49 6900
139 150 6901
88 12 6902
152 104 6903
19 173 6904
78 141 6905
197 45 6906
126 86 6907
62 194 6908
117 61 6909
110 116 6910
51 27 6911
162 115 6912
85 107 6913
134 127 6914
132 199 6915
93 20 6916
2 114 6917
23 105 6918
151 137 6919
112 11 6920
86 37 6921
52 78 6922
28 76 6923
109 198 6924
76 110 6925
82 4 6926
163 72 6927
65 24 6928
93 17 6929
178 136 6930
20 137 6931
19 44 6932
22 56 6933
130 78 6934
121 58 6935
5 58 6936
139 98 6937
8 165 6938
123 30 6939
160 118 6940
71 156 6941
129 135 6942
43 111 6943
149 2 6944
100 52 6945
183 67 6946
112 115 6947
40 162 6948
48 193 6949
187 110 6950
149 195 6951
88 135 6952
101 107 6953
52 171 6954
79 165 6955
180 135 6956
94 162 6957
80 129 6958
95 20 6959
146 121 6960
116 121 6961
147 198 6962
32 22 6963
155 127 6964
175 10 6965
4 26 6966
127 195 6967
91 168 6968
102 199 6969
18 1 6970
96 36 6971
19 113 6972
29 18 6973
105 19 6974
126 66 6975
81 57 6976
13 89 6977
2 180 6978
30 32 6979
22 31 6980
2 128 6981
51 165 6982
28 27 6983
77 38 6984
38 54 6985
3 193 6986
40 90 6987
27 129 6988
82 188 6989
96 95 6990
38 12 6991
186 79 6992
106 194 6993
3 4 6994
57 111 6995
64 92 6996
2 72 6997
33 187 6998
56 134 6999
93 87 7000
79 38 7001
83 92 7002
140 58 7003
155 92 7004
87 171 7005
189 184 7006
169 163 7007
166 32 7008
91 115 7009
90 194 7010
100 152 7011
3 29 7012
171 19 7013
89 69 7014
89 42 7015
148 8 7016
151 51 7017
55 144 7018
120 177 7019
91 198 7020
129 58 7021
69 147 7022
59 100 7023
190 12 7024
103 127 7025
135 166 7026
34 159 7027
47 67 7028
157 80 7029
186 158 7030
161 53 7031
69 155 7032
62 117 7033
17 25 7034
9 159 7035
133 14 7036
124 100 7037
47 1 7038
4 9 7039
171 75 7040
155 23 7041
180 164 7042
114 63 7043
150 58 7044
80 181 7045
74 165 7046
150 130 7047
124 20 7048
89 82 7049
73 48 7050
53 24 7051
176 60 7052
93 104 7053
88 29 7054
167 165 7055
103 47 7056
182 184 7057
66 135 7058
93 153 7059
167 26 7060
23 40 7061
35 46 7062
129 25 7063
160 87 7064
2 116 7065
172 192 7066
21 196 7067
104 112 7068
172 139 7069
113 6 7070
80 151 7071
2 52 7072
178 79 7073
11 43 7074
56 146 7075
98 124 7076
90 131 7077
39 50 7078
147 119 7079
135 179 7080
158 191 7081
49 80 7082
106 180 7083
55 119 7084
76 194 7085
68 83 7086
89 62 7087
188 52 7088
1 34 7089
61 41 7090
190 149 7091
42 24 7092
45 61 7093
80 19 7094
103 21 7095
65 44 7096
146 143 7097
89 162 7098
156 38 7099
173 129 7100
159 60 7101
123 185 7102
158 141 7103
64 181 7104
60 55 7105
133 64 7106
138 15 7107
99 34 7108
42 39 7109
146 131 7110
2 15 7111
96 122 7112
12 60 7113
127 184 7114
146 12 7115
183 114 7116
150 38 7117
123 99 7118
197 56 7119
6 29 7120
101 109 7121
116 149 7122
129 93 7123
110 96 7124
1 121 7125
181 109 7126
36 44 7127
163 186 7128
114 185 7129
80 6 7130
149 131 7131
123 141 7132
177 97 7133
174 169 7134
132 64 7135
3 160 7136
33 176 7137
95 3 7138
163 170 7139
9 168 7140
157 140 7141
86 36 7142
81 192 7143
133 30 7144
111 5 7145
138 141 7146
194 186 7147
116 18 7148
41 138 7149
174 129 7150
101 105 7151
188 183 7152
51 86 7153
193 27 7154
152 84 7155
73 22 7156
195 198 7157
54 108 7158
98 134 7159
49 173 7160
21 3 7161
38 28 7162
75 79 7163
94 105 7164
114 69 7165
27 64 7166
62 123 7167
176 137 7168
65 131 7169
142 91 7170
200 35 7171
109 54 7172
23 175 7173
4 107 7174
63 65 7175
166 41 7176
10 167 7177
11 50 7178
190 175 7179
12 43 7180
172 177 7181
60 64 7182
177 6 7183
121 57 7184
42 142 7185
171 158 7186
56 148 7187
185 43 7188
155 11 7189
65 165 7190
13 70 7191
155 200 7192
191 70 7193
70 112 7194
50 29 7195
125 7 7196
82 118 7197
144 127 7198
15 132 7199
153 43 7200
58 176 7201
165 149 7202
78 37 7203
183 63 7204
90 110 7205
48 61 7206
107 113 7207
133 32 7208
116 146 7209
124 4 7210
163 88 7211
113 194 7212
122 108 7213
3 176 7214
29 137 7215
175 192 7216
103 52 7217
79 153 7218
21 153 7219
1 179 7220
48 96 7221
151 94 7222
166 132 7223
17 60 7224
126 65 7225
82 86 7226
109 53 7227
109 100 7228
92 75 7229
137 30 7230
137 10 7231
106 147 7232
163 63 7233
36 159 7234
151 125 7235
153 16 7236
165 183 7237
175 120 7238
77 31 7239
110 188 7240
126 64 7241
158 25 7242
64 195 7243
133 88 7244
143 174 7245
69 160 7246
177 141 7247
121 175 7248
16 72 7249
140 83 7250
93 121 7251
164 149 7252
27 160 7253
151 183 7254
161 88 7255
134 63 7256
82 76 7257
95 171 7258
69 60 7259
164 159 7260
80 32 7261
117 30 7262
188 132 7263
31 87 7264
100 121 7265
69 12 7266
114 172 7267
29 8 7268
5 186 7269
45 192 7270
141 42 7271
154 164 7272
174 56 7273
137 133 7274
170 154 7275
43 138 7276
147 111 7277
96 147 7278
174 36 7279
26 48 7280
109 81 7281
88 198 7282
98 51 7283
158 70 7284
131 167 7285
188 80 7286
163 27 7287
12 97 7288
52 65 7289
156 102 7290
120 50 7291
180 157 7292
8 92 7293
94 180 7294
124 9 7295
191 106 7296
128 32 7297
37 16 7298
45 78 7299
53 183 7300
