200 1800 1800
115 72 1
194 178 2
133 155 3
24 143 4
70 168 5
67 12 6
126 185 7
121 81 8
124 169 9
87 54 10
59 15 11
156 73 12
70 78 13
59 53 14
196 40 15
82 108 16
101 169 17
160 174 18
5 108 19
27 35 20
196 200 21
12 43 22
190 14 23
48 125 24
91 169 25
32 194 26
35 150 27
168 113 28
92 90 29
6 161 30
142 54 31
41 79 32
93 96 33
17 25 34
64 99 35
86 190 36
146 185 37
26 189 38
114 32 39
77 164 40
88 9 41
131 58 42
176 15 43
158 4 44
186 165 45
3 4 46
113 157 47
138 54 48
151 32 49
37 91 50
131 41 51
114 145 52
61 41 53
188 80 54
12 169 55
191 184 56
126 52 57
82 76 58
110 166 59
46 112 60
147 84 61
5 73 62
24 130 63
58 145 64
117 153 65
109 161 66
148 10 67
29 25 68
141 169 69
159 83 70
53 157 71
56 111 72
187 93 73
57 48 74
164 37 75
57 105 76
183 160 77
196 107 78
39 101 79
139 26 80
81 107 81
108 119 82
152 113 83
58 133 84
192 64 85
127 140 86
56 40 87
143 57 88
55 146 89
196 111 90
89 11 91
185 138 92
159 116 93
147 62 94
123 129 95
189 36 96
175 59 97
106 75 98
18 85 99
29 79 100
74 59 101
199 191 102
95 93 103
42 45 104
155 44 105
146 16 106
31 52 107
125 191 108
127 79 109
187 110 110
65 155 111
77 169 112
168 45 113
139 178 114
36 192 115
176 180 116
50 22 117
11 170 118
14 187 119
109 190 120
115 86 121
63 25 122
23 195 123
98 166 124
72 85 125
110 54 126
61 143 127
1 121 128
116 142 129
44 180 130
106 31 131
200 106 132
116 79 133
117 48 134
30 103 135
55 34 136
53 183 137
159 54 138
41 52 139
195 46 140
70 72 141
137 11 142
185 196 143
81 188 144
30 136 145
167 177 146
22 43 147
30 65 148
57 139 149
126 86 150
7 102 151
149 96 152
12 66 153
128 52 154
11 165 155
154 72 156
85 6 157
133 39 158
196 171 159
180 178 160
95 85 161
122 105 162
22 61 163
139 181 164
28 199 165
165 29 166
75 12 167
64 1 168
83 141 169
105 20 170
111 133 171
136 105 172
132 54 173
150 6 174
30 81 175
46 182 176
8 154 177
105 127 178
29 4 179
189 159 180
125 155 181
121 126 182
84 165 183
178 101 184
124 5 185
80 181 186
95 182 187
120 143 188
84 45 189
157 9 190
109 180 191
191 90 192
155 178 193
96 91 194
50 191 195
148 8 196
138 141 197
90 119 198
21 20 199
129 40 200
164 34 201
73 192 202
182 15 203
174 129 204
48 53 205
22 160 206
7 61 207
23 183 208
74 38 209
17 177 210
150 98 211
135 99 212
48 54 213
121 27 214
98 154 215
54 134 216
178 103 217
70 118 218
156 42 219
101 109 220
69 175 221
73 173 222
140 81 223
189 121 224
153 13 225
1 151 226
180 94 227
60 171 228
70 8 229
70 39 230
71 100 231
53 51 232
94 193 233
80 103 234
172 100 235
76 56 236
198 121 237
143 40 238
91 100 239
78 124 240
129 32 241
21 34 242
87 43 243
129 188 244
18 119 245
196 34 246
128 167 247
15 174 248
14 157 249
93 149 250
98 126 251
129 72 252
187 139 253
194 26 254
111 19 255
64 55 256
90 110 257
189 198 258
38 163 259
83 156 260
170 33 261
71 169 262
53 177 263
96 75 264
52 150 265
12 35 266
109 41 267
170 139 268
61 100 269
125 12 270
146 184 271
107 11 272
19 22 273
52 92 274
13 187 275
175 92 276
42 151 277
65 131 278
193 130 279
72 3 280
124 38 281
104 188 282
84 1 283
89 26 284
187 142 285
69 143 286
29 47 287
6 118 288
178 57 289
172 85 290
148 24 291
152 74 292
88 41 293
18 117 294
129 28 295
24 200 296
133 156 297
2 9 298
50 15 299
73 123 300
176 11 301
197 16 302
149 62 303
115 77 304
129 58 305
186 193 306
35 179 307
97 19 308
43 61 309
3 182 310
94 159 311
165 90 312
161 51 313
190 29 314
116 88 315
161 27 316
61 145 317
87 42 318
117 155 319
1 186 320
53 104 321
94 175 322
40 199 323
159 39 324
82 34 325
7 169 326
16 128 327
130 97 328
127 187 329
15 63 330
191 103 331
56 115 332
114 168 333
180 122 334
77 58 335
148 152 336
197 45 337
175 47 338
101 123 339
59 196 340
171 134 341
7 190 342
88 54 343
58 167 344
175 181 345
32 63 346
190 196 347
122 187 348
180 170 349
160 67 350
143 81 351
108 99 352
6 60 353
23 35 354
164 50 355
113 87 356
41 72 357
114 36 358
27 131 359
29 83 360
36 84 361
150 138 362
23 156 363
64 119 364
115 70 365
117 115 366
110 188 367
155 191 368
5 24 369
53 100 370
59 1 371
141 198 372
184 178 373
200 48 374
31 85 375
116 14 376
158 89 377
51 156 378
118 113 379
8 58 380
32 118 381
52 81 382
92 173 383
59 42 384
191 9 385
134 144 386
125 144 387
13 80 388
108 142 389
172 62 390
77 192 391
139 167 392
173 137 393
68 95 394
193 70 395
124 4 396
194 136 397
112 84 398
138 129 399
134 16 400
74 36 401
46 173 402
147 6 403
128 11 404
186 158 405
61 195 406
83 59 407
43 101 408
198 17 409
175 8 410
168 147 411
1 72 412
96 199 413
183 173 414
134 85 415
63 124 416
143 188 417
125 193 418
170 160 419
60 29 420
92 181 421
125 98 422
24 146 423
137 32 424
39 1 425
196 164 426
140 3 427
143 65 428
133 197 429
140 13 430
91 36 431
34 103 432
58 37 433
171 73 434
95 40 435
192 177 436
162 36 437
138 66 438
198 108 439
199 81 440
59 61 441
60 127 442
124 51 443
47 13 444
188 89 445
22 58 446
180 89 447
40 135 448
13 63 449
91 127 450
141 23 451
158 82 452
4 131 453
130 112 454
6 159 455
70 162 456
153 43 457
102 165 458
168 57 459
194 191 460
25 118 461
161 89 462
109 75 463
45 161 464
30 72 465
34 64 466
7 165 467
112 36 468
87 172 469
22 68 470
86 149 471
149 138 472
156 148 473
194 119 474
172 93 475
69 182 476
26 97 477
36 39 478
108 148 479
127 75 480
158 130 481
147 120 482
6 51 483
12 101 484
167 68 485
96 134 486
137 161 487
142 154 488
118 31 489
139 152 490
70 83 491
30 28 492
61 72 493
111 129 494
83 51 495
104 8 496
27 103 497
135 20 498
149 43 499
6 15 500
162 102 501
144 92 502
126 92 503
45 20 504
96 100 505
119 56 506
14 55 507
130 62 508
50 10 509
162 26 510
76 174 511
88 189 512
191 55 513
198 84 514
155 134 515
43 11 516
105 76 517
48 171 518
77 113 519
199 31 520
74 177 521
194 6 522
109 54 523
24 132 524
133 89 525
51 197 526
16 13 527
79 130 528
192 145 529
109 124 530
30 38 531
67 29 532
42 103 533
191 89 534
19 154 535
38 29 536
164 18 537
150 13 538
127 64 539
172 19 540
119 61 541
33 132 542
50 37 543
24 87 544
43 69 545
58 109 546
125 10 547
170 137 548
176 189 549
164 75 550
180 85 551
44 113 552
167 196 553
37 9 554
101 107 555
161 148 556
162 84 557
156 194 558
44 39 559
111 21 560
94 135 561
197 10 562
126 158 563
46 73 564
105 157 565
50 52 566
19 43 567
171 102 568
159 127 569
20 200 570
101 147 571
134 49 572
155 181 573
83 66 574
27 81 575
197 82 576
33 128 577
152 181 578
179 77 579
5 162 580
73 166 581
169 177 582
126 91 583
129 190 584
86 92 585
38 138 586
138 183 587
142 47 588
157 74 589
143 31 590
198 21 591
1 68 592
8 160 593
125 143 594
32 140 595
85 140 596
107 169 597
1 143 598
90 11 599
173 60 600
99 193 601
60 133 602
132 84 603
114 63 604
189 195 605
172 118 606
65 44 607
20 25 608
21 141 609
101 89 610
116 36 611
51 149 612
145 11 613
84 146 614
43 25 615
13 10 616
99 126 617
181 72 618
83 191 619
194 40 620
71 98 621
26 83 622
41 130 623
104 34 624
105 30 625
82 117 626
158 160 627
58 191 628
64 16 629
9 23 630
73 179 631
197 168 632
109 116 633
134 198 634
94 26 635
188 62 636
15 74 637
123 66 638
148 82 639
129 177 640
145 3 641
101 155 642
51 143 643
142 117 644
11 61 645
153 22 646
187 200 647
29 150 648
58 98 649
40 154 650
122 156 651
130 52 652
159 99 653
79 138 654
39 19 655
165 59 656
62 131 657
19 106 658
55 167 659
48 101 660
182 157 661
54 76 662
107 16 663
18 163 664
82 4 665
60 91 666
70 53 667
92 51 668
197 124 669
102 34 670
112 93 671
190 169 672
84 56 673
84 54 674
4 159 675
51 93 676
107 147 677
100 42 678
168 98 679
135 182 680
101 82 681
101 98 682
60 73 683
41 43 684
86 131 685
69 76 686
140 93 687
19 167 688
185 4 689
99 161 690
104 62 691
72 10 692
18 40 693
18 145 694
113 70 695
10 182 696
65 136 697
140 148 698
149 173 699
185 97 700
24 139 701
8 11 702
163 98 703
8 79 704
109 129 705
54 167 706
73 51 707
95 18 708
69 18 709
70 19 710
142 94 711
24 136 712
126 114 713
155 187 714
9 188 715
137 105 716
4 195 717
47 130 718
109 87 719
28 127 720
23 167 721
99 116 722
116 161 723
142 170 724
195 101 725
19 153 726
125 58 727
88 73 728
115 171 729
151 31 730
111 93 731
83 109 732
163 145 733
45 112 734
149 12 735
33 155 736
171 157 737
162 120 738
104 20 739
171 152 740
43 35 741
15 169 742
134 13 743
7 138 744
91 177 745
61 105 746
69 72 747
197 131 748
140 125 749
171 153 750
63 104 751
103 105 752
134 200 753
107 13 754
22 86 755
42 136 756
184 40 757
164 78 758
170 99 759
185 195 760
69 120 761
169 82 762
127 67 763
195 5 764
54 120 765
153 197 766
165 187 767
162 129 768
151 84 769
69 168 770
103 38 771
13 180 772
170 118 773
110 128 774
109 95 775
56 60 776
95 166 777
48 139 778
27 68 779
52 5 780
85 109 781
139 143 782
107 200 783
28 166 784
35 140 785
144 173 786
15 197 787
182 76 788
141 68 789
75 136 790
20 126 791
177 185 792
29 28 793
158 115 794
170 164 795
84 140 796
51 163 797
14 58 798
99 87 799
51 56 800
98 33 801
45 191 802
170 178 803
51 180 804
143 93 805
118 161 806
99 187 807
112 115 808
154 36 809
82 115 810
73 14 811
150 158 812
88 184 813
55 156 814
95 159 815
170 111 816
98 114 817
125 183 818
52 19 819
68 136 820
53 172 821
85 141 822
51 58 823
155 127 824
43 42 825
139 198 826
47 31 827
54 61 828
32 22 829
24 30 830
1 126 831
114 173 832
149 84 833
128 3 834
34 91 835
73 109 836
37 161 837
46 100 838
39 29 839
168 159 840
180 190 841
155 109 842
15 156 843
154 49 844
128 51 845
47 140 846
180 49 847
91 151 848
102 112 849
35 70 850
50 165 851
84 163 852
145 35 853
196 27 854
95 20 855
50 59 856
124 107 857
97 162 858
127 184 859
141 112 860
59 157 861
71 185 862
178 111 863
138 29 864
157 103 865
95 94 866
27 2 867
176 51 868
164 98 869
87 95 870
91 170 871
80 192 872
41 158 873
181 18 874
93 21 875
62 129 876
26 143 877
133 61 878
100 144 879
178 86 880
150 116 881
96 11 882
182 127 883
79 70 884
78 114 885
83 65 886
101 47 887
82 159 888
156 5 889
58 136 890
164 67 891
140 66 892
172 159 893
58 82 894
39 68 895
117 162 896
68 2 897
171 168 898
144 12 899
165 124 900
108 121 901
62 43 902
65 180 903
89 40 904
103 26 905
183 93 906
168 30 907
157 51 908
191 88 909
138 197 910
196 81 911
137 36 912
3 9 913
187 87 914
53 185 915
110 146 916
143 67 917
136 135 918
139 190 919
139 158 920
97 14 921
32 74 922
44 164 923
19 46 924
54 180 925
172 96 926
179 130 927
75 122 928
136 109 929
155 200 930
103 69 931
58 161 932
60 10 933
15 78 934
93 22 935
188 32 936
168 13 937
24 188 938
162 155 939
66 161 940
133 44 941
78 62 942
170 171 943
153 10 944
169 130 945
71 59 946
135 153 947
197 99 948
94 34 949
59 111 950
152 177 951
133 183 952
112 11 953
92 89 954
197 182 955
56 200 956
29 198 957
105 19 958
54 3 959
18 101 960
178 100 961
2 153 962
86 118 963
136 23 964
80 142 965
138 92 966
108 166 967
127 87 968
115 182 969
91 85 970
115 81 971
92 176 972
47 137 973
30 160 974
6 128 975
66 52 976
141 118 977
9 189 978
150 114 979
29 177 980
49 55 981
144 136 982
50 108 983
79 129 984
56 181 985
104 134 986
140 164 987
167 116 988
99 191 989
66 178 990
128 8 991
168 189 992
80 35 993
165 58 994
57 18 995
131 177 996
44 56 997
177 84 998
2 28 999
185 59 1000
93 32 1001
174 2 1002
166 156 1003
44 127 1004
26 25 1005
185 68 1006
42 122 1007
173 28 1008
160 152 1009
163 143 1010
126 184 1011
45 107 1012
179 103 1013
185 2 1014
143 131 1015
48 44 1016
136 132 1017
90 55 1018
4 17 1019
85 132 1020
91 161 1021
83 36 1022
177 178 1023
105 114 1024
36 152 1025
83 138 1026
144 182 1027
37 10 1028
12 134 1029
111 156 1030
152 131 1031
132 88 1032
75 34 1033
180 151 1034
6 83 1035
6 11 1036
11 49 1037
85 160 1038
81 23 1039
135 147 1040
123 88 1041
190 160 1042
34 159 1043
79 13 1044
93 152 1045
188 197 1046
177 143 1047
91 48 1048
91 59 1049
149 195 1050
140 12 1051
63 83 1052
165 24 1053
184 20 1054
2 52 1055
154 164 1056
96 197 1057
122 178 1058
147 108 1059
167 191 1060
171 109 1061
30 163 1062
171 119 1063
137 158 1064
98 172 1065
23 70 1066
177 141 1067
135 160 1068
96 103 1069
181 109 1070
39 28 1071
133 123 1072
30 32 1073
30 150 1074
189 178 1075
48 68 1076
77 188 1077
140 57 1078
70 146 1079
147 140 1080
17 99 1081
155 139 1082
118 197 1083
183 131 1084
66 112 1085
106 190 1086
155 129 1087
178 92 1088
186 98 1089
68 151 1090
184 124 1091
30 9 1092
122 56 1093
94 32 1094
157 1 1095
157 47 1096
43 93 1097
91 155 1098
74 75 1099
163 25 1100
126 43 1101
3 113 1102
127 195 1103
40 3 1104
154 198 1105
38 90 1106
191 36 1107
173 126 1108
89 62 1109
96 2 1110
37 80 1111
125 134 1112
41 67 1113
183 89 1114
127 149 1115
21 102 1116
183 182 1117
152 38 1118
63 187 1119
195 98 1120
194 123 1121
72 50 1122
39 172 1123
66 90 1124
13 128 1125
55 123 1126
26 186 1127
63 84 1128
108 160 1129
136 15 1130
29 27 1131
52 165 1132
119 166 1133
185 49 1134
64 105 1135
155 136 1136
45 79 1137
56 93 1138
86 87 1139
160 159 1140
200 141 1141
60 120 1142
174 157 1143
151 37 1144
93 173 1145
151 149 1146
162 191 1147
19 26 1148
168 27 1149
9 63 1150
163 176 1151
120 61 1152
110 59 1153
133 187 1154
65 170 1155
150 90 1156
150 130 1157
14 139 1158
110 70 1159
44 176 1160
78 167 1161
16 168 1162
143 35 1163
147 36 1164
136 197 1165
117 111 1166
19 29 1167
37 107 1168
140 167 1169
100 152 1170
136 138 1171
200 18 1172
27 33 1173
69 139 1174
158 5 1175
200 185 1176
51 49 1177
112 170 1178
101 46 1179
72 81 1180
102 81 1181
121 34 1182
9 83 1183
60 179 1184
61 40 1185
96 22 1186
119 60 1187
62 91 1188
109 17 1189
117 90 1190
126 95 1191
64 148 1192
141 165 1193
139 32 1194
76 8 1195
159 103 1196
114 58 1197
131 105 1198
29 17 1199
93 148 1200
115 172 1201
141 126 1202
177 6 1203
48 55 1204
33 187 1205
78 141 1206
71 108 1207
195 167 1208
160 63 1209
187 120 1210
158 30 1211
40 34 1212
200 182 1213
50 38 1214
183 22 1215
181 123 1216
190 55 1217
125 38 1218
187 82 1219
33 5 1220
161 134 1221
4 107 1222
15 192 1223
193 190 1224
12 143 1225
93 17 1226
169 32 1227
7 176 1228
69 110 1229
155 124 1230
100 44 1231
84 17 1232
23 199 1233
68 24 1234
37 156 1235
197 5 1236
39 71 1237
122 17 1238
34 199 1239
58 97 1240
192 9 1241
55 31 1242
77 31 1243
155 45 1244
42 32 1245
76 124 1246
69 4 1247
133 4 1248
2 180 1249
195 18 1250
88 187 1251
104 88 1252
175 145 1253
25 147 1254
173 67 1255
55 43 1256
167 59 1257
198 131 1258
62 197 1259
60 137 1260
23 100 1261
189 185 1262
190 74 1263
15 188 1264
154 100 1265
175 2 1266
101 60 1267
9 123 1268
156 163 1269
80 191 1270
78 35 1271
105 112 1272
50 26 1273
164 107 1274
190 187 1275
31 168 1276
191 141 1277
35 133 1278
184 187 1279
184 87 1280
93 196 1281
174 48 1282
130 3 1283
117 3 1284
79 106 1285
17 140 1286
175 122 1287
197 36 1288
118 159 1289
144 75 1290
142 28 1291
185 26 1292
170 136 1293
88 3 1294
134 188 1295
197 56 1296
91 27 1297
151 109 1298
171 85 1299
192 189 1300
86 7 1301
102 166 1302
95 56 1303
32 145 1304
155 49 1305
128 151 1306
175 46 1307
62 95 1308
44 187 1309
178 116 1310
148 162 1311
138 171 1312
187 166 1313
179 84 1314
150 161 1315
24 170 1316
22 120 1317
18 56 1318
51 155 1319
122 21 1320
191 142 1321
22 173 1322
130 147 1323
113 187 1324
62 107 1325
117 99 1326
166 200 1327
104 71 1328
159 57 1329
102 104 1330
183 154 1331
1 179 1332
48 14 1333
95 140 1334
46 105 1335
175 27 1336
194 110 1337
86 30 1338
129 63 1339
63 126 1340
29 52 1341
127 194 1342
70 51 1343
83 188 1344
200 129 1345
124 70 1346
14 69 1347
188 57 1348
121 137 1349
23 59 1350
27 62 1351
131 23 1352
105 8 1353
29 175 1354
84 88 1355
152 127 1356
152 184 1357
168 53 1358
59 155 1359
121 164 1360
104 40 1361
23 29 1362
128 92 1363
108 159 1364
94 150 1365
8 173 1366
21 10 1367
164 83 1368
161 29 1369
143 39 1370
1 163 1371
191 26 1372
67 38 1373
105 14 1374
168 135 1375
28 105 1376
169 99 1377
184 151 1378
120 97 1379
196 91 1380
117 87 1381
171 139 1382
94 18 1383
48 49 1384
37 16 1385
12 70 1386
145 188 1387
15 114 1388
41 16 1389
61 164 1390
34 43 1391
170 129 1392
120 81 1393
165 15 1394
150 121 1395
123 6 1396
58 70 1397
116 171 1398
127 42 1399
18 135 1400
174 158 1401
155 174 1402
129 89 1403
160 103 1404
27 194 1405
125 7 1406
60 128 1407
60 64 1408
194 35 1409
166 66 1410
79 165 1411
60 27 1412
161 172 1413
100 87 1414
149 54 1415
74 82 1416
135 170 1417
97 41 1418
150 156 1419
164 11 1420
132 18 1421
80 21 1422
181 144 1423
50 155 1424
124 185 1425
157 64 1426
11 95 1427
84 73 1428
200 153 1429
174 178 1430
154 144 1431
85 46 1432
178 112 1433
191 64 1434
176 147 1435
167 130 1436
27 198 1437
24 162 1438
81 125 1439
151 132 1440
94 38 1441
41 169 1442
82 131 1443
182 30 1444
69 104 1445
104 38 1446
66 33 1447
153 134 1448
170 37 1449
106 126 1450
121 25 1451
81 167 1452
80 32 1453
118 93 1454
90 45 1455
188 40 1456
90 194 1457
114 29 1458
99 6 1459
105 6 1460
22 67 1461
174 44 1462
42 176 1463
149 22 1464
112 96 1465
71 197 1466
147 165 1467
93 126 1468
36 194 1469
174 115 1470
95 125 1471
125 130 1472
70 82 1473
42 49 1474
20 137 1475
48 7 1476
137 128 1477
47 52 1478
98 103 1479
159 2 1480
64 15 1481
186 176 1482
139 124 1483
37 61 1484
122 74 1485
195 52 1486
65 89 1487
45 27 1488
182 40 1489
199 61 1490
84 184 1491
33 135 1492
94 156 1493
145 195 1494
72 130 1495
89 120 1496
5 123 1497
111 103 1498
191 96 1499
19 71 1500
36 108 1501
93 192 1502
35 48 1503
129 130 1504
166 148 1505
151 121 1506
19 173 1507
76 165 1508
185 43 1509
162 96 1510
141 27 1511
174 49 1512
160 37 1513
57 138 1514
190 75 1515
45 24 1516
45 3 1517
79 123 1518
18 8 1519
25 89 1520
185 22 1521
100 171 1522
85 128 1523
108 144 1524
141 12 1525
60 123 1526
194 101 1527
113 160 1528
9 130 1529
52 173 1530
141 122 1531
141 150 1532
113 91 1533
6 22 1534
151 150 1535
38 64 1536
142 176 1537
198 149 1538
18 37 1539
52 186 1540
150 191 1541
134 95 1542
78 101 1543
45 159 1544
30 174 1545
63 171 1546
38 54 1547
117 104 1548
106 147 1549
162 113 1550
183 45 1551
129 140 1552
33 108 1553
196 23 1554
100 105 1555
161 147 1556
173 1 1557
87 116 1558
177 138 1559
122 158 1560
15 122 1561
197 135 1562
78 22 1563
110 51 1564
189 162 1565
148 73 1566
41 181 1567
145 141 1568
108 93 1569
145 57 1570
190 68 1571
26 137 1572
18 115 1573
97 135 1574
88 1 1575
132 3 1576
124 91 1577
88 16 1578
93 103 1579
106 180 1580
41 38 1581
22 168 1582
97 22 1583
103 66 1584
39 51 1585
46 157 1586
30 164 1587
169 96 1588
147 169 1589
74 163 1590
121 98 1591
82 120 1592
100 197 1593
195 169 1594
93 10 1595
99 26 1596
183 83 1597
144 145 1598
7 41 1599
7 164 1600
9 168 1601
103 161 1602
99 114 1603
58 33 1604
139 159 1605
178 106 1606
100 112 1607
71 184 1608
18 12 1609
80 164 1610
11 81 1611
97 152 1612
44 151 1613
65 7 1614
57 111 1615
146 126 1616
153 33 1617
25 7 1618
35 165 1619
74 7 1620
49 159 1621
183 146 1622
154 27 1623
125 115 1624
83 12 1625
106 5 1626
129 7 1627
35 86 1628
69 157 1629
58 28 1630
3 107 1631
14 192 1632
173 156 1633
34 86 1634
121 175 1635
180 19 1636
188 183 1637
55 74 1638
4 62 1639
6 139 1640
109 194 1641
159 69 1642
80 14 1643
33 77 1644
115 62 1645
144 38 1646
14 159 1647
116 41 1648
170 98 1649
135 34 1650
5 34 1651
58 1 1652
30 191 1653
147 55 1654
30 170 1655
76 80 1656
38 145 1657
93 75 1658
60 151 1659
73 48 1660
32 108 1661
181 194 1662
147 91 1663
19 58 1664
141 152 1665
149 106 1666
199 157 1667
193 19 1668
73 131 1669
150 22 1670
157 153 1671
131 22 1672
97 20 1673
116 135 1674
14 127 1675
106 29 1676
100 106 1677
82 143 1678
58 137 1679
97 187 1680
10 174 1681
23 86 1682
162 77 1683
167 150 1684
119 17 1685
95 31 1686
27 101 1687
116 130 1688
58 116 1689
127 106 1690
172 177 1691
176 183 1692
147 29 1693
31 155 1694
90 84 1695
164 127 1696
147 171 1697
98 76 1698
35 41 1699
103 147 1700
60 192 1701
125 96 1702
17 47 1703
127 4 1704
157 48 1705
68 177 1706
138 35 1707
75 179 1708
24 171 1709
40 20 1710
54 93 1711
6 135 1712
195 155 1713
111 128 1714
190 141 1715
124 125 1716
66 115 1717
97 95 1718
53 21 1719
185 183 1720
43 159 1721
174 132 1722
163 173 1723
125 29 1724
39 43 1725
169 17 1726
33 152 1727
85 156 1728
134 151 1729
110 140 1730
106 91 1731
199 125 1732
15 168 1733
52 125 1734
56 148 1735
82 110 1736
14 84 1737
197 83 1738
190 175 1739
180 84 1740
13 139 1741
70 140 1742
135 4 1743
72 156 1744
171 129 1745
174 31 1746
153 18 1747
121 91 1748
98 117 1749
57 102 1750
159 126 1751
140 65 1752
1 37 1753
128 53 1754
159 18 1755
55 140 1756
18 65 1757
21 47 1758
82 21 1759
152 161 1760
177 5 1761
4 19 1762
137 106 1763
179 48 1764
79 198 1765
106 140 1766
3 27 1767
46 144 1768
195 100 1769
96 141 1770
39 17 1771
27 187 1772
163 28 1773
187 171 1774
2 77 1775
127 117 1776
140 105 1777
95 50 1778
133 30 1779
87 126 1780
117 21 1781
194 57 1782
6 2 1783
105 34 1784
164 56 1785
94 60 1786
4 52 1787
157 111 1788
114 155 1789
5 172 1790
137 108 1791
107 84 1792
14 158 1793
49 73 1794
181 42 1795
136 3 1796
19 44 1797
16 171 1798
86 119 1799
88 13 1800
