200 5000 5000
101 46 1
17 135 2
94 153 3
5 15 4
73 149 5
139 110 6
14 17 7
36 76 8
28 136 9
117 153 10
133 67 11
157 103 12
118 113 13
136 138 14
186 125 15
30 8 16
181 25 17
142 178 18
69 78 19
17 126 20
5 123 21
51 180 22
157 56 23
80 96 24
153 64 25
31 52 26
1 158 27
174 49 28
171 129 29
105 63 30
107 114 31
57 74 32
178 176 33
177 151 34
35 101 35
35 70 36
191 54 37
67 29 38
102 125 39
58 161 40
157 193 41
23 183 42
26 181 43
126 67 44
143 67 45
17 111 46
46 112 47
155 109 48
141 27 49
71 89 50
157 38 51
32 181 52
160 174 53
139 15 54
194 64 55
138 159 56
9 70 57
126 22 58
82 141 59
93 17 60
149 173 61
78 180 62
15 122 63
95 198 64
104 20 65
56 131 66
90 140 67
42 39 68
75 16 69
25 55 70
102 100 71
6 135 72
37 95 73
92 48 74
152 16 75
33 103 76
199 5 77
88 144 78
54 95 79
117 90 80
34 185 81
63 168 82
31 7 83
19 26 84
186 134 85
127 184 86
169 173 87
140 105 88
17 95 89
200 90 90
111 95 91
43 35 92
181 79 93
143 17 94
187 199 95
28 159 96
140 134 97
135 99 98
22 138 99
26 186 100
42 32 101
171 26 102
85 47 103
106 26 104
147 44 105
22 43 106
49 36 107
50 10 108
148 58 109
56 62 110
84 186 111
50 25 112
135 156 113
9 133 114
19 22 115
122 158 116
89 115 117
117 185 118
91 169 119
54 108 120
26 16 121
26 66 122
88 41 123
65 194 124
119 163 125
120 27 126
154 151 127
196 200 128
191 71 129
11 81 130
98 2 131
200 182 132
160 137 133
99 7 134
2 93 135
27 158 136
41 158 137
85 65 138
183 93 139
92 90 140
191 157 141
27 142 142
88 103 143
138 131 144
107 13 145
21 148 146
128 51 147
4 60 148
127 124 149
20 137 150
48 49 151
37 107 152
195 46 153
77 119 154
63 13 155
183 87 156
29 101 157
24 87 158
195 98 159
6 29 160
97 31 161
75 178 162
154 36 163
40 64 164
12 101 165
135 35 166
24 44 167
102 104 168
52 19 169
187 87 170
32 140 171
191 24 172
137 108 173
189 69 174
7 139 175
98 11 176
68 149 177
33 183 178
24 159 179
42 4 180
23 29 181
54 76 182
155 127 183
99 6 184
118 139 185
20 72 186
36 123 187
199 30 188
81 2 189
197 117 190
33 139 191
167 18 192
120 81 193
110 17 194
27 2 195
73 54 196
178 29 197
189 118 198
35 109 199
112 115 200
180 85 201
80 181 202
28 98 203
99 45 204
54 200 205
37 123 206
27 198 207
22 193 208
146 126 209
138 29 210
168 13 211
10 187 212
161 60 213
41 168 214
98 119 215
159 99 216
114 145 217
68 95 218
22 133 219
5 28 220
10 192 221
91 165 222
182 82 223
86 7 224
133 30 225
76 30 226
25 93 227
167 191 228
174 146 229
159 40 230
1 96 231
6 79 232
192 61 233
127 101 234
55 167 235
72 153 236
61 41 237
33 144 238
87 95 239
152 161 240
11 50 241
84 163 242
52 81 243
128 52 244
129 135 245
169 194 246
94 200 247
38 145 248
154 124 249
192 7 250
88 9 251
71 185 252
175 93 253
111 5 254
174 2 255
178 8 256
124 130 257
198 114 258
50 152 259
105 158 260
163 145 261
118 181 262
42 164 263
44 90 264
1 16 265
171 153 266
146 152 267
66 65 268
13 145 269
88 135 270
33 22 271
36 53 272
141 198 273
168 111 274
168 93 275
108 160 276
154 181 277
46 102 278
81 41 279
139 152 280
80 183 281
6 136 282
81 147 283
165 145 284
50 52 285
159 135 286
103 68 287
26 114 288
17 24 289
87 138 290
29 28 291
132 105 292
30 28 293
150 121 294
96 147 295
195 157 296
101 169 297
12 173 298
99 185 299
62 21 300
143 93 301
146 185 302
116 88 303
46 85 304
5 126 305
197 99 306
161 192 307
22 2 308
95 194 309
86 131 310
160 66 311
99 26 312
40 7 313
105 83 314
15 176 315
172 99 316
61 47 317
95 20 318
77 179 319
171 19 320
123 126 321
159 2 322
9 23 323
121 66 324
180 122 325
194 120 326
4 17 327
57 102 328
193 46 329
196 40 330
29 58 331
180 151 332
98 122 333
68 57 334
36 194 335
81 123 336
195 147 337
33 41 338
129 177 339
149 61 340
173 60 341
60 138 342
158 115 343
191 55 344
64 99 345
148 86 346
83 51 347
58 33 348
156 159 349
185 188 350
77 128 351
196 88 352
48 171 353
165 14 354
33 130 355
195 188 356
91 128 357
108 52 358
55 156 359
158 198 360
199 68 361
48 102 362
193 51 363
79 198 364
100 105 365
45 61 366
62 166 367
126 144 368
12 130 369
164 149 370
150 161 371
86 99 372
108 99 373
150 191 374
165 166 375
124 101 376
172 46 377
110 59 378
160 34 379
178 79 380
36 39 381
41 77 382
143 85 383
30 174 384
41 147 385
139 12 386
5 10 387
199 125 388
187 169 389
11 170 390
121 50 391
62 175 392
20 126 393
113 128 394
134 175 395
91 151 396
116 79 397
34 52 398
21 114 399
107 130 400
70 31 401
7 165 402
40 3 403
184 118 404
95 121 405
20 43 406
184 51 407
193 25 408
58 37 409
163 28 410
181 105 411
139 194 412
3 71 413
109 17 414
183 52 415
106 134 416
84 134 417
7 190 418
103 44 419
188 40 420
4 104 421
178 37 422
44 195 423
7 112 424
164 142 425
8 47 426
125 105 427
136 29 428
28 77 429
67 195 430
98 4 431
18 109 432
164 50 433
120 172 434
80 199 435
123 6 436
129 58 437
147 20 438
147 92 439
120 189 440
99 38 441
55 74 442
171 158 443
58 73 444
97 152 445
85 120 446
187 110 447
33 152 448
70 162 449
92 137 450
168 78 451
73 131 452
167 85 453
127 194 454
89 11 455
80 169 456
187 73 457
64 61 458
191 175 459
17 144 460
100 58 461
184 63 462
37 139 463
112 38 464
112 83 465
57 124 466
175 92 467
144 135 468
26 189 469
76 56 470
62 87 471
99 113 472
116 28 473
164 114 474
85 94 475
102 70 476
165 24 477
171 51 478
50 22 479
73 134 480
43 31 481
103 57 482
135 179 483
185 35 484
35 48 485
15 52 486
16 126 487
34 64 488
174 36 489
27 103 490
52 58 491
77 31 492
100 112 493
22 87 494
40 155 495
183 182 496
131 150 497
109 41 498
7 163 499
66 115 500
176 51 501
125 176 502
43 111 503
112 147 504
81 44 505
119 166 506
195 72 507
163 139 508
194 57 509
84 16 510
92 93 511
186 98 512
178 76 513
82 199 514
86 188 515
180 193 516
165 124 517
140 13 518
3 180 519
195 91 520
121 81 521
174 48 522
163 14 523
104 66 524
97 129 525
4 99 526
188 105 527
144 75 528
14 69 529
154 72 530
5 142 531
24 188 532
11 1 533
102 198 534
177 97 535
103 200 536
52 55 537
82 120 538
165 54 539
18 85 540
98 190 541
24 112 542
8 92 543
30 98 544
194 35 545
59 163 546
97 135 547
48 96 548
22 56 549
50 108 550
55 157 551
49 192 552
164 141 553
80 164 554
113 140 555
131 40 556
144 69 557
125 70 558
130 104 559
60 115 560
152 49 561
65 98 562
113 122 563
52 165 564
25 88 565
23 195 566
63 171 567
144 6 568
144 93 569
44 10 570
24 132 571
22 120 572
109 100 573
39 2 574
168 53 575
95 85 576
3 113 577
22 100 578
61 62 579
140 21 580
123 142 581
98 103 582
86 163 583
184 144 584
32 83 585
29 158 586
78 94 587
52 134 588
178 57 589
171 168 590
140 33 591
163 170 592
35 133 593
80 14 594
168 157 595
177 5 596
76 140 597
61 166 598
148 36 599
83 161 600
114 146 601
33 77 602
85 128 603
120 109 604
139 23 605
161 55 606
59 131 607
124 54 608
21 66 609
58 42 610
66 147 611
56 82 612
97 179 613
140 83 614
135 195 615
69 66 616
131 9 617
96 11 618
103 102 619
6 51 620
79 109 621
104 103 622
61 135 623
91 27 624
43 77 625
189 33 626
104 97 627
13 128 628
190 150 629
114 175 630
113 6 631
73 192 632
193 27 633
34 86 634
78 22 635
96 2 636
146 16 637
15 156 638
134 127 639
142 124 640
51 54 641
183 63 642
87 148 643
125 29 644
45 142 645
170 111 646
52 32 647
154 135 648
98 83 649
72 77 650
73 167 651
104 183 652
117 169 653
23 78 654
45 111 655
145 65 656
172 177 657
15 114 658
167 177 659
96 75 660
47 1 661
86 130 662
159 141 663
83 188 664
50 64 665
164 168 666
46 182 667
118 54 668
198 84 669
79 125 670
32 86 671
162 37 672
41 169 673
59 64 674
183 86 675
108 53 676
23 106 677
58 46 678
110 179 679
138 141 680
30 72 681
198 61 682
49 188 683
147 131 684
188 109 685
100 121 686
62 53 687
5 162 688
48 101 689
35 119 690
175 118 691
164 157 692
188 134 693
20 139 694
121 25 695
12 20 696
126 98 697
62 168 698
36 125 699
47 31 700
133 41 701
63 43 702
171 175 703
144 43 704
3 107 705
174 157 706
22 17 707
110 130 708
96 134 709
77 39 710
136 31 711
160 120 712
116 146 713
91 84 714
144 160 715
73 98 716
119 11 717
114 158 718
3 178 719
76 135 720
50 15 721
172 197 722
119 12 723
50 132 724
122 105 725
75 179 726
190 14 727
7 28 728
185 10 729
144 145 730
54 120 731
53 181 732
87 54 733
3 105 734
45 5 735
197 74 736
51 197 737
70 39 738
42 173 739
128 130 740
59 111 741
183 40 742
40 163 743
26 34 744
196 41 745
65 87 746
21 190 747
54 137 748
186 193 749
10 182 750
145 200 751
89 116 752
27 100 753
153 78 754
32 127 755
13 51 756
185 36 757
14 84 758
191 89 759
184 161 760
83 36 761
88 46 762
153 13 763
24 139 764
200 130 765
143 21 766
106 91 767
82 34 768
94 175 769
30 38 770
105 199 771
167 157 772
82 129 773
132 88 774
77 164 775
117 86 776
72 167 777
195 89 778
34 152 779
76 38 780
86 186 781
24 13 782
42 24 783
13 123 784
58 28 785
129 182 786
106 5 787
73 150 788
40 102 789
21 138 790
94 193 791
96 41 792
83 14 793
38 163 794
45 44 795
150 114 796
110 78 797
64 119 798
138 35 799
104 179 800
24 171 801
38 72 802
132 70 803
86 120 804
4 58 805
29 74 806
52 177 807
27 68 808
90 84 809
70 59 810
134 50 811
26 43 812
117 145 813
91 80 814
42 21 815
199 124 816
112 67 817
198 55 818
89 160 819
23 5 820
107 16 821
38 134 822
120 121 823
119 10 824
162 140 825
183 146 826
147 137 827
122 79 828
195 100 829
143 35 830
175 117 831
44 137 832
93 20 833
112 81 834
23 35 835
1 56 836
183 154 837
54 15 838
66 28 839
128 3 840
191 26 841
112 89 842
8 73 843
85 176 844
47 192 845
170 124 846
184 56 847
87 128 848
51 165 849
106 31 850
32 31 851
41 72 852
130 97 853
167 199 854
54 61 855
142 47 856
26 140 857
118 55 858
119 139 859
62 142 860
84 168 861
173 177 862
158 18 863
128 141 864
167 159 865
87 195 866
78 77 867
172 178 868
78 84 869
71 59 870
157 16 871
175 181 872
196 175 873
185 8 874
165 90 875
123 152 876
70 140 877
130 62 878
164 34 879
117 21 880
99 57 881
79 97 882
139 32 883
56 40 884
19 198 885
143 90 886
10 110 887
41 87 888
178 26 889
138 123 890
46 153 891
198 4 892
98 117 893
88 44 894
127 121 895
60 192 896
45 58 897
19 71 898
144 83 899
126 189 900
29 52 901
62 15 902
22 104 903
64 16 904
19 173 905
189 36 906
160 159 907
177 6 908
140 152 909
40 4 910
110 117 911
51 155 912
71 169 913
117 127 914
185 121 915
32 71 916
82 48 917
85 109 918
178 56 919
41 170 920
109 187 921
35 165 922
58 174 923
53 68 924
142 79 925
44 92 926
193 116 927
177 200 928
157 153 929
186 158 930
195 37 931
90 39 932
170 33 933
200 71 934
163 25 935
170 37 936
124 111 937
73 55 938
118 87 939
165 29 940
62 129 941
63 124 942
163 104 943
195 63 944
124 70 945
79 86 946
94 38 947
40 162 948
85 141 949
93 126 950
129 190 951
181 98 952
73 123 953
140 58 954
43 98 955
30 13 956
197 45 957
199 98 958
44 135 959
67 137 960
83 191 961
180 170 962
187 171 963
94 105 964
16 120 965
69 143 966
165 139 967
68 177 968
132 199 969
109 87 970
169 95 971
142 170 972
36 192 973
68 41 974
78 112 975
52 33 976
101 120 977
14 147 978
53 183 979
51 49 980
9 130 981
21 47 982
48 130 983
3 47 984
154 164 985
51 117 986
79 123 987
126 143 988
169 6 989
22 18 990
37 189 991
127 67 992
65 11 993
174 44 994
50 191 995
174 196 996
59 196 997
61 143 998
188 60 999
69 160 1000
109 30 1001
145 55 1002
115 187 1003
196 37 1004
99 161 1005
173 156 1006
57 191 1007
32 91 1008
79 152 1009
93 99 1010
93 114 1011
192 169 1012
159 129 1013
59 18 1014
83 128 1015
166 114 1016
191 70 1017
124 61 1018
20 48 1019
174 4 1020
142 94 1021
178 92 1022
78 167 1023
141 125 1024
120 97 1025
194 136 1026
89 193 1027
136 39 1028
96 36 1029
7 130 1030
154 27 1031
119 61 1032
170 171 1033
170 160 1034
8 38 1035
106 126 1036
31 92 1037
143 182 1038
160 133 1039
93 152 1040
58 98 1041
80 108 1042
37 91 1043
192 122 1044
28 52 1045
75 90 1046
23 70 1047
126 119 1048
137 166 1049
33 10 1050
84 125 1051
21 78 1052
101 123 1053
26 174 1054
100 126 1055
92 152 1056
43 5 1057
168 57 1058
55 2 1059
135 137 1060
126 158 1061
14 55 1062
194 149 1063
167 17 1064
66 90 1065
195 167 1066
160 21 1067
27 81 1068
102 199 1069
179 106 1070
87 164 1071
102 63 1072
186 177 1073
58 32 1074
31 73 1075
142 165 1076
158 59 1077
91 67 1078
65 89 1079
23 40 1080
100 152 1081
82 114 1082
197 52 1083
3 38 1084
64 161 1085
184 20 1086
8 155 1087
159 69 1088
191 142 1089
44 151 1090
156 73 1091
57 48 1092
4 131 1093
176 34 1094
45 161 1095
105 114 1096
105 35 1097
165 16 1098
167 116 1099
96 143 1100
184 40 1101
200 123 1102
182 184 1103
56 8 1104
113 174 1105
154 197 1106
126 52 1107
30 65 1108
86 25 1109
73 3 1110
148 137 1111
109 161 1112
39 7 1113
144 36 1114
40 34 1115
127 75 1116
32 12 1117
166 174 1118
145 176 1119
192 55 1120
81 125 1121
54 100 1122
119 17 1123
32 154 1124
35 171 1125
140 136 1126
76 12 1127
163 173 1128
137 73 1129
164 107 1130
157 77 1131
9 198 1132
174 129 1133
64 80 1134
30 91 1135
181 72 1136
142 121 1137
2 171 1138
193 142 1139
106 131 1140
144 79 1141
6 124 1142
116 171 1143
14 58 1144
161 148 1145
97 161 1146
169 154 1147
66 178 1148
143 188 1149
23 7 1150
35 86 1151
18 14 1152
68 138 1153
92 181 1154
166 68 1155
188 182 1156
178 191 1157
181 86 1158
200 93 1159
9 129 1160
29 177 1161
3 193 1162
35 30 1163
32 24 1164
8 140 1165
151 27 1166
180 93 1167
26 129 1168
133 16 1169
196 27 1170
85 132 1171
162 36 1172
174 31 1173
121 41 1174
115 77 1175
181 148 1176
60 105 1177
186 176 1178
184 124 1179
52 23 1180
75 116 1181
105 180 1182
3 188 1183
47 140 1184
137 32 1185
1 94 1186
44 154 1187
134 27 1188
6 60 1189
144 173 1190
56 148 1191
191 148 1192
24 146 1193
170 18 1194
48 54 1195
131 162 1196
161 162 1197
141 122 1198
185 86 1199
46 184 1200
2 8 1201
54 134 1202
147 118 1203
85 73 1204
134 169 1205
155 122 1206
65 58 1207
148 141 1208
98 142 1209
26 187 1210
165 113 1211
142 149 1212
86 149 1213
184 142 1214
70 75 1215
50 4 1216
41 38 1217
135 37 1218
109 111 1219
21 175 1220
88 128 1221
67 172 1222
43 69 1223
119 136 1224
65 165 1225
21 10 1226
92 55 1227
139 96 1228
172 164 1229
33 111 1230
182 40 1231
112 170 1232
62 95 1233
103 167 1234
13 43 1235
45 112 1236
190 88 1237
11 95 1238
6 71 1239
124 36 1240
148 29 1241
119 16 1242
88 19 1243
15 188 1244
11 49 1245
12 46 1246
26 9 1247
165 187 1248
161 89 1249
94 70 1250
78 157 1251
55 31 1252
160 156 1253
105 36 1254
100 42 1255
99 116 1256
124 5 1257
10 152 1258
21 11 1259
19 58 1260
180 89 1261
98 39 1262
12 72 1263
25 104 1264
141 146 1265
88 3 1266
183 131 1267
191 152 1268
57 32 1269
177 20 1270
198 121 1271
109 200 1272
193 163 1273
77 118 1274
123 38 1275
53 186 1276
101 115 1277
184 151 1278
152 66 1279
100 106 1280
90 37 1281
7 67 1282
173 67 1283
185 183 1284
64 182 1285
156 62 1286
72 112 1287
88 181 1288
16 13 1289
51 150 1290
71 48 1291
94 192 1292
196 91 1293
65 53 1294
13 109 1295
134 62 1296
37 180 1297
166 36 1298
70 77 1299
165 174 1300
25 7 1301
143 184 1302
78 141 1303
187 71 1304
22 77 1305
24 181 1306
191 103 1307
82 181 1308
93 192 1309
157 65 1310
121 69 1311
103 66 1312
159 39 1313
193 131 1314
93 176 1315
19 29 1316
54 86 1317
87 77 1318
49 159 1319
61 100 1320
112 103 1321
110 70 1322
171 150 1323
63 69 1324
19 113 1325
108 196 1326
184 22 1327
94 140 1328
138 171 1329
98 172 1330
42 72 1331
144 164 1332
24 138 1333
116 15 1334
179 82 1335
87 3 1336
174 102 1337
169 89 1338
38 31 1339
12 171 1340
131 143 1341
150 138 1342
100 76 1343
174 120 1344
129 50 1345
168 30 1346
74 106 1347
137 131 1348
148 24 1349
98 105 1350
139 60 1351
140 73 1352
164 176 1353
165 183 1354
24 167 1355
108 159 1356
30 170 1357
165 67 1358
98 62 1359
187 159 1360
155 107 1361
56 28 1362
21 110 1363
106 108 1364
51 156 1365
33 5 1366
105 183 1367
185 81 1368
92 173 1369
181 164 1370
5 34 1371
138 15 1372
80 66 1373
2 77 1374
3 56 1375
53 169 1376
63 126 1377
120 129 1378
144 127 1379
180 84 1380
175 120 1381
144 12 1382
91 85 1383
178 70 1384
3 35 1385
194 101 1386
92 60 1387
139 197 1388
98 68 1389
186 93 1390
10 25 1391
30 3 1392
98 187 1393
127 149 1394
115 56 1395
79 13 1396
131 87 1397
169 191 1398
147 171 1399
132 30 1400
1 79 1401
176 26 1402
47 58 1403
184 89 1404
34 31 1405
13 110 1406
192 4 1407
174 132 1408
150 1 1409
29 32 1410
1 121 1411
16 194 1412
48 61 1413
36 152 1414
134 109 1415
193 135 1416
102 176 1417
137 36 1418
150 38 1419
34 68 1420
3 176 1421
99 62 1422
180 52 1423
21 69 1424
71 42 1425
17 7 1426
161 112 1427
96 196 1428
88 66 1429
197 58 1430
84 73 1431
19 46 1432
171 39 1433
166 133 1434
26 90 1435
57 56 1436
99 84 1437
173 129 1438
162 168 1439
89 26 1440
172 176 1441
36 43 1442
21 124 1443
72 31 1444
149 138 1445
113 63 1446
57 114 1447
175 113 1448
168 98 1449
195 104 1450
187 154 1451
165 6 1452
197 196 1453
179 130 1454
151 31 1455
161 82 1456
185 43 1457
5 73 1458
15 168 1459
116 14 1460
72 3 1461
48 68 1462
51 159 1463
160 20 1464
22 63 1465
164 195 1466
6 65 1467
106 107 1468
122 71 1469
141 137 1470
68 51 1471
169 96 1472
93 153 1473
31 198 1474
178 73 1475
140 193 1476
197 60 1477
27 147 1478
9 83 1479
48 108 1480
182 8 1481
179 65 1482
125 155 1483
4 19 1484
78 101 1485
133 169 1486
52 164 1487
198 89 1488
4 159 1489
74 65 1490
22 197 1491
46 31 1492
146 10 1493
147 140 1494
16 155 1495
84 173 1496
168 151 1497
192 189 1498
188 87 1499
126 65 1500
85 70 1501
177 178 1502
127 190 1503
105 30 1504
8 152 1505
195 15 1506
171 157 1507
21 16 1508
29 154 1509
181 182 1510
43 25 1511
171 139 1512
32 195 1513
120 99 1514
108 183 1515
169 99 1516
144 21 1517
27 104 1518
175 200 1519
45 123 1520
141 150 1521
11 99 1522
37 10 1523
119 200 1524
155 44 1525
200 195 1526
114 29 1527
155 187 1528
79 85 1529
58 132 1530
95 182 1531
190 53 1532
132 161 1533
189 195 1534
67 123 1535
184 4 1536
106 29 1537
175 192 1538
94 135 1539
113 187 1540
180 148 1541
56 6 1542
101 121 1543
51 95 1544
1 10 1545
147 84 1546
182 88 1547
129 151 1548
178 101 1549
20 77 1550
35 41 1551
12 89 1552
97 2 1553
145 35 1554
125 26 1555
101 82 1556
130 147 1557
57 18 1558
160 179 1559
37 156 1560
117 12 1561
150 143 1562
123 64 1563
134 144 1564
147 103 1565
25 118 1566
42 18 1567
49 57 1568
147 120 1569
181 178 1570
24 30 1571
165 80 1572
26 170 1573
118 159 1574
30 20 1575
47 102 1576
199 53 1577
54 166 1578
9 125 1579
133 61 1580
6 15 1581
161 121 1582
28 17 1583
49 66 1584
143 139 1585
58 103 1586
24 183 1587
53 51 1588
123 99 1589
91 71 1590
33 14 1591
172 79 1592
62 43 1593
91 100 1594
191 115 1595
190 12 1596
192 190 1597
58 167 1598
107 99 1599
141 68 1600
197 8 1601
148 194 1602
186 68 1603
194 26 1604
11 109 1605
181 194 1606
65 191 1607
82 109 1608
42 122 1609
58 15 1610
61 157 1611
35 26 1612
97 136 1613
24 160 1614
187 139 1615
51 27 1616
124 187 1617
165 197 1618
10 131 1619
45 25 1620
106 197 1621
15 179 1622
30 115 1623
43 198 1624
165 108 1625
79 177 1626
118 9 1627
150 74 1628
107 190 1629
68 135 1630
154 172 1631
148 23 1632
113 1 1633
132 137 1634
82 31 1635
141 118 1636
80 191 1637
198 1 1638
12 143 1639
100 101 1640
39 174 1641
158 36 1642
82 86 1643
156 195 1644
95 103 1645
82 117 1646
9 171 1647
161 176 1648
198 174 1649
39 128 1650
26 55 1651
18 141 1652
62 131 1653
92 7 1654
1 46 1655
101 89 1656
35 166 1657
91 161 1658
180 190 1659
154 31 1660
115 122 1661
193 19 1662
117 138 1663
150 90 1664
187 173 1665
180 178 1666
168 113 1667
59 31 1668
73 48 1669
80 129 1670
59 121 1671
120 61 1672
185 96 1673
125 61 1674
93 22 1675
148 104 1676
20 121 1677
7 58 1678
26 141 1679
87 14 1680
124 68 1681
114 32 1682
78 148 1683
125 38 1684
195 25 1685
61 72 1686
22 61 1687
28 133 1688
191 36 1689
73 16 1690
35 149 1691
39 59 1692
48 53 1693
40 135 1694
28 141 1695
90 11 1696
79 111 1697
179 103 1698
129 123 1699
48 175 1700
86 92 1701
131 97 1702
160 62 1703
129 28 1704
119 56 1705
99 146 1706
190 37 1707
124 91 1708
125 10 1709
136 37 1710
38 162 1711
85 12 1712
102 38 1713
121 67 1714
61 122 1715
29 198 1716
75 12 1717
91 77 1718
101 136 1719
158 130 1720
198 152 1721
168 7 1722
8 170 1723
86 69 1724
48 193 1725
135 110 1726
181 137 1727
179 48 1728
145 174 1729
143 39 1730
25 133 1731
86 196 1732
190 13 1733
167 25 1734
46 57 1735
50 133 1736
108 148 1737
145 140 1738
121 27 1739
5 108 1740
41 163 1741
112 11 1742
70 8 1743
87 37 1744
163 63 1745
18 122 1746
27 17 1747
66 81 1748
56 10 1749
56 146 1750
16 6 1751
132 3 1752
113 92 1753
95 138 1754
160 87 1755
128 43 1756
198 108 1757
189 159 1758
71 90 1759
190 187 1760
1 151 1761
30 40 1762
28 6 1763
70 139 1764
57 111 1765
13 80 1766
32 74 1767
125 110 1768
41 194 1769
24 130 1770
36 198 1771
43 42 1772
44 7 1773
125 170 1774
171 99 1775
36 59 1776
139 130 1777
101 87 1778
66 120 1779
119 197 1780
7 193 1781
70 67 1782
82 118 1783
2 5 1784
146 197 1785
84 94 1786
96 142 1787
137 161 1788
10 174 1789
82 108 1790
132 107 1791
73 129 1792
55 158 1793
146 125 1794
79 154 1795
94 129 1796
190 183 1797
187 138 1798
13 180 1799
38 28 1800
189 185 1801
65 180 1802
180 19 1803
176 78 1804
83 92 1805
124 190 1806
107 69 1807
24 200 1808
140 75 1809
120 107 1810
44 179 1811
82 36 1812
124 9 1813
94 32 1814
59 152 1815
65 198 1816
166 66 1817
167 130 1818
52 102 1819
35 142 1820
134 118 1821
183 46 1822
84 188 1823
10 144 1824
88 1 1825
7 104 1826
148 165 1827
127 60 1828
125 130 1829
47 105 1830
158 146 1831
69 72 1832
119 44 1833
69 188 1834
177 96 1835
24 162 1836
190 44 1837
150 173 1838
72 67 1839
113 199 1840
163 91 1841
189 178 1842
158 89 1843
24 60 1844
125 140 1845
109 116 1846
146 131 1847
55 63 1848
180 164 1849
61 164 1850
177 128 1851
128 172 1852
124 195 1853
29 175 1854
87 165 1855
164 98 1856
88 152 1857
113 166 1858
100 81 1859
116 54 1860
33 155 1861
50 115 1862
117 128 1863
29 199 1864
188 142 1865
4 143 1866
194 103 1867
16 76 1868
15 174 1869
148 8 1870
163 176 1871
185 59 1872
24 91 1873
196 163 1874
112 36 1875
20 34 1876
122 156 1877
136 99 1878
185 138 1879
55 172 1880
160 154 1881
163 8 1882
28 37 1883
129 198 1884
140 200 1885
77 46 1886
118 81 1887
17 154 1888
124 125 1889
49 164 1890
76 154 1891
42 200 1892
16 48 1893
173 137 1894
110 155 1895
41 85 1896
94 145 1897
37 43 1898
145 43 1899
33 92 1900
47 165 1901
103 26 1902
160 67 1903
156 163 1904
40 76 1905
114 85 1906
91 17 1907
97 19 1908
167 150 1909
1 180 1910
42 151 1911
159 26 1912
134 95 1913
29 4 1914
77 76 1915
182 190 1916
11 118 1917
139 4 1918
136 197 1919
152 142 1920
165 44 1921
131 27 1922
140 78 1923
54 195 1924
62 123 1925
14 173 1926
95 31 1927
90 194 1928
23 179 1929
146 14 1930
153 134 1931
145 155 1932
38 138 1933
120 161 1934
116 142 1935
150 22 1936
66 33 1937
170 118 1938
19 91 1939
131 154 1940
5 61 1941
18 156 1942
150 58 1943
13 193 1944
155 182 1945
69 67 1946
162 155 1947
199 157 1948
173 28 1949
156 148 1950
6 161 1951
75 136 1952
74 36 1953
91 41 1954
92 172 1955
150 130 1956
136 71 1957
56 47 1958
83 79 1959
20 183 1960
83 117 1961
139 167 1962
41 138 1963
42 112 1964
56 9 1965
150 163 1966
64 1 1967
152 127 1968
44 180 1969
188 155 1970
6 62 1971
41 185 1972
29 124 1973
36 85 1974
174 178 1975
121 98 1976
192 46 1977
182 76 1978
146 35 1979
116 94 1980
87 178 1981
129 6 1982
111 156 1983
34 199 1984
181 109 1985
54 180 1986
59 171 1987
176 129 1988
158 194 1989
88 13 1990
49 173 1991
142 11 1992
67 38 1993
176 180 1994
189 59 1995
121 102 1996
40 166 1997
159 151 1998
30 68 1999
145 195 2000
80 21 2001
147 50 2002
90 119 2003
193 124 2004
177 93 2005
162 60 2006
138 129 2007
153 181 2008
12 66 2009
60 10 2010
157 51 2011
42 189 2012
174 91 2013
107 61 2014
151 90 2015
91 183 2016
181 132 2017
16 72 2018
2 52 2019
192 140 2020
3 4 2021
182 62 2022
48 110 2023
171 119 2024
80 19 2025
181 42 2026
165 58 2027
68 83 2028
38 90 2029
132 37 2030
194 137 2031
21 102 2032
198 155 2033
23 59 2034
18 195 2035
112 93 2036
126 194 2037
51 149 2038
27 105 2039
44 113 2040
6 128 2041
135 131 2042
43 184 2043
37 8 2044
74 115 2045
147 52 2046
137 128 2047
1 129 2048
135 182 2049
200 142 2050
161 81 2051
185 83 2052
152 115 2053
42 30 2054
117 133 2055
101 72 2056
28 166 2057
129 192 2058
100 28 2059
55 3 2060
104 178 2061
1 183 2062
23 34 2063
179 200 2064
18 1 2065
91 198 2066
3 163 2067
90 41 2068
56 12 2069
155 49 2070
147 2 2071
6 105 2072
47 52 2073
118 197 2074
39 186 2075
109 193 2076
191 95 2077
149 22 2078
163 72 2079
150 37 2080
88 117 2081
64 148 2082
105 76 2083
52 150 2084
100 171 2085
77 60 2086
139 72 2087
27 101 2088
191 129 2089
112 95 2090
192 64 2091
185 111 2092
155 52 2093
110 166 2094
122 56 2095
108 119 2096
150 45 2097
164 37 2098
32 81 2099
15 158 2100
29 18 2101
168 159 2102
86 65 2103
187 186 2104
122 2 2105
100 19 2106
160 103 2107
157 60 2108
56 93 2109
24 143 2110
14 158 2111
81 5 2112
126 64 2113
45 27 2114
163 129 2115
143 65 2116
174 158 2117
95 131 2118
60 120 2119
65 14 2120
113 139 2121
58 191 2122
116 52 2123
184 68 2124
93 148 2125
47 13 2126
9 134 2127
136 104 2128
97 63 2129
92 111 2130
39 69 2131
117 87 2132
122 172 2133
180 83 2134
100 50 2135
194 56 2136
145 126 2137
120 143 2138
76 185 2139
162 160 2140
124 186 2141
183 67 2142
112 15 2143
62 42 2144
126 184 2145
118 116 2146
48 190 2147
24 161 2148
196 43 2149
150 98 2150
149 84 2151
186 23 2152
176 117 2153
16 171 2154
116 69 2155
192 52 2156
80 192 2157
190 138 2158
194 110 2159
171 102 2160
187 53 2161
198 44 2162
15 143 2163
24 99 2164
35 99 2165
72 155 2166
45 24 2167
74 1 2168
113 156 2169
159 154 2170
50 57 2171
143 123 2172
120 128 2173
138 111 2174
32 198 2175
151 137 2176
118 121 2177
172 133 2178
6 190 2179
61 105 2180
155 178 2181
187 75 2182
94 159 2183
67 181 2184
12 43 2185
123 150 2186
65 72 2187
73 51 2188
34 173 2189
25 114 2190
34 159 2191
183 45 2192
145 104 2193
99 193 2194
50 30 2195
50 26 2196
18 55 2197
146 173 2198
153 77 2199
144 117 2200
95 140 2201
10 82 2202
106 97 2203
85 154 2204
132 150 2205
64 105 2206
190 143 2207
151 125 2208
76 188 2209
30 101 2210
33 91 2211
117 115 2212
107 116 2213
55 68 2214
83 171 2215
130 11 2216
124 4 2217
15 63 2218
126 47 2219
136 82 2220
144 95 2221
2 28 2222
26 104 2223
156 120 2224
17 25 2225
42 67 2226
60 137 2227
175 10 2228
23 12 2229
180 128 2230
96 56 2231
33 108 2232
181 68 2233
40 29 2234
143 129 2235
197 109 2236
63 62 2237
197 53 2238
132 64 2239
94 83 2240
88 73 2241
199 114 2242
83 12 2243
114 69 2244
25 147 2245
1 37 2246
11 165 2247
161 61 2248
18 163 2249
43 101 2250
85 140 2251
149 166 2252
135 2 2253
180 77 2254
12 166 2255
122 17 2256
24 29 2257
126 41 2258
108 176 2259
1 179 2260
27 92 2261
63 47 2262
66 60 2263
11 48 2264
98 76 2265
81 99 2266
190 33 2267
93 82 2268
123 53 2269
41 130 2270
179 174 2271
154 178 2272
29 25 2273
79 184 2274
116 190 2275
148 152 2276
176 70 2277
165 73 2278
124 92 2279
119 59 2280
13 58 2281
44 187 2282
192 33 2283
95 146 2284
194 85 2285
129 130 2286
79 165 2287
49 149 2288
84 140 2289
142 154 2290
136 32 2291
113 160 2292
190 152 2293
114 200 2294
189 173 2295
68 94 2296
163 116 2297
166 45 2298
125 86 2299
142 197 2300
135 63 2301
156 194 2302
191 106 2303
79 193 2304
107 147 2305
187 16 2306
80 111 2307
27 35 2308
76 132 2309
150 13 2310
104 134 2311
122 167 2312
182 35 2313
28 105 2314
140 163 2315
81 198 2316
29 150 2317
175 96 2318
113 91 2319
168 45 2320
111 188 2321
39 181 2322
19 106 2323
127 100 2324
86 174 2325
115 13 2326
102 157 2327
105 40 2328
39 97 2329
187 28 2330
87 171 2331
39 49 2332
28 174 2333
122 185 2334
76 37 2335
161 118 2336
181 22 2337
97 95 2338
199 33 2339
100 70 2340
200 41 2341
150 79 2342
75 63 2343
194 191 2344
80 142 2345
197 161 2346
186 82 2347
142 54 2348
17 173 2349
117 70 2350
10 149 2351
127 14 2352
70 38 2353
50 119 2354
123 76 2355
190 160 2356
42 136 2357
196 23 2358
140 130 2359
162 175 2360
142 168 2361
200 106 2362
200 95 2363
118 142 2364
58 107 2365
185 110 2366
62 197 2367
9 36 2368
6 20 2369
3 41 2370
181 99 2371
122 99 2372
86 93 2373
9 143 2374
161 84 2375
141 23 2376
50 158 2377
86 194 2378
97 4 2379
2 72 2380
119 107 2381
99 126 2382
140 177 2383
110 55 2384
183 96 2385
156 114 2386
134 30 2387
20 25 2388
116 7 2389
60 151 2390
159 54 2391
138 144 2392
49 87 2393
24 186 2394
15 74 2395
14 49 2396
15 100 2397
126 3 2398
145 11 2399
167 154 2400
16 159 2401
195 169 2402
141 55 2403
89 82 2404
147 108 2405
106 105 2406
139 135 2407
174 52 2408
104 113 2409
115 128 2410
132 165 2411
110 128 2412
27 95 2413
136 74 2414
76 137 2415
116 97 2416
141 194 2417
103 52 2418
89 120 2419
54 7 2420
8 11 2421
147 191 2422
13 197 2423
34 148 2424
149 176 2425
177 189 2426
176 183 2427
199 85 2428
196 81 2429
74 141 2430
101 98 2431
6 104 2432
102 112 2433
193 130 2434
176 189 2435
19 5 2436
12 97 2437
121 123 2438
198 169 2439
172 159 2440
60 64 2441
136 109 2442
44 43 2443
182 125 2444
96 95 2445
172 139 2446
194 178 2447
5 179 2448
115 70 2449
153 10 2450
91 155 2451
148 73 2452
94 34 2453
152 160 2454
37 80 2455
167 68 2456
26 107 2457
44 146 2458
80 35 2459
117 37 2460
18 56 2461
145 57 2462
138 30 2463
57 139 2464
27 62 2465
161 53 2466
116 121 2467
21 85 2468
153 18 2469
192 9 2470
126 132 2471
151 107 2472
198 118 2473
191 184 2474
152 60 2475
138 11 2476
151 145 2477
29 142 2478
18 97 2479
100 144 2480
16 69 2481
5 12 2482
162 129 2483
93 149 2484
169 32 2485
74 6 2486
68 2 2487
177 143 2488
143 110 2489
47 14 2490
11 141 2491
182 150 2492
33 15 2493
185 97 2494
129 200 2495
53 57 2496
9 1 2497
3 182 2498
54 135 2499
32 17 2500
138 126 2501
87 75 2502
86 109 2503
134 198 2504
19 129 2505
137 179 2506
106 7 2507
54 93 2508
150 116 2509
39 18 2510
140 77 2511
94 5 2512
58 97 2513
61 147 2514
124 38 2515
119 149 2516
144 172 2517
150 155 2518
29 172 2519
90 185 2520
175 38 2521
95 18 2522
129 72 2523
21 162 2524
193 103 2525
106 147 2526
48 154 2527
126 95 2528
189 194 2529
30 81 2530
40 33 2531
159 150 2532
111 50 2533
137 106 2534
119 60 2535
155 136 2536
25 89 2537
126 193 2538
180 33 2539
65 88 2540
120 65 2541
113 70 2542
77 40 2543
153 133 2544
28 44 2545
199 103 2546
178 27 2547
157 92 2548
92 166 2549
74 172 2550
5 50 2551
175 8 2552
70 82 2553
82 64 2554
185 4 2555
34 60 2556
59 184 2557
144 77 2558
127 102 2559
9 48 2560
18 135 2561
104 88 2562
110 195 2563
127 195 2564
112 198 2565
92 75 2566
39 1 2567
91 180 2568
87 43 2569
146 175 2570
105 127 2571
167 70 2572
51 143 2573
182 54 2574
79 38 2575
128 146 2576
2 180 2577
73 22 2578
159 5 2579
22 58 2580
97 21 2581
46 105 2582
96 31 2583
81 167 2584
106 185 2585
174 34 2586
195 21 2587
114 119 2588
69 157 2589
77 89 2590
133 168 2591
73 179 2592
95 94 2593
199 151 2594
139 42 2595
71 29 2596
106 190 2597
188 139 2598
179 180 2599
143 174 2600
172 19 2601
59 13 2602
139 29 2603
183 173 2604
33 100 2605
66 19 2606
21 27 2607
190 68 2608
10 107 2609
53 8 2610
190 184 2611
163 194 2612
135 34 2613
72 47 2614
4 78 2615
153 16 2616
11 43 2617
60 27 2618
45 116 2619
70 120 2620
189 89 2621
141 126 2622
162 93 2623
74 102 2624
26 137 2625
35 19 2626
47 97 2627
6 139 2628
52 173 2629
86 5 2630
88 29 2631
137 158 2632
125 12 2633
84 3 2634
199 126 2635
130 52 2636
112 26 2637
154 117 2638
102 191 2639
49 55 2640
93 196 2641
177 4 2642
186 61 2643
189 197 2644
165 78 2645
31 178 2646
9 123 2647
1 138 2648
50 59 2649
59 89 2650
93 103 2651
18 37 2652
156 13 2653
11 140 2654
160 185 2655
55 69 2656
166 169 2657
118 195 2658
181 116 2659
162 103 2660
39 132 2661
132 18 2662
28 12 2663
22 180 2664
79 7 2665
44 116 2666
92 36 2667
115 172 2668
125 133 2669
177 116 2670
33 153 2671
97 9 2672
48 168 2673
171 45 2674
185 103 2675
194 119 2676
166 132 2677
90 187 2678
153 43 2679
138 92 2680
111 19 2681
127 9 2682
77 176 2683
107 84 2684
6 2 2685
169 177 2686
117 194 2687
94 156 2688
161 27 2689
82 110 2690
73 61 2691
53 21 2692
16 154 2693
129 93 2694
86 67 2695
34 194 2696
190 67 2697
128 151 2698
181 18 2699
166 148 2700
56 134 2701
45 20 2702
41 100 2703
46 37 2704
86 37 2705
69 169 2706
23 86 2707
14 139 2708
27 42 2709
166 131 2710
172 16 2711
121 52 2712
196 111 2713
105 80 2714
40 20 2715
151 99 2716
9 188 2717
32 22 2718
21 76 2719
140 93 2720
158 63 2721
157 80 2722
83 50 2723
136 105 2724
45 125 2725
168 124 2726
140 65 2727
127 181 2728
65 169 2729
105 157 2730
95 83 2731
59 53 2732
181 140 2733
71 12 2734
53 10 2735
143 57 2736
159 60 2737
54 8 2738
195 155 2739
53 119 2740
192 102 2741
172 118 2742
192 111 2743
184 187 2744
63 197 2745
107 86 2746
36 159 2747
141 29 2748
124 188 2749
25 14 2750
161 151 2751
60 189 2752
133 88 2753
21 60 2754
164 160 2755
34 91 2756
72 156 2757
21 9 2758
79 141 2759
167 98 2760
128 27 2761
163 27 2762
45 191 2763
159 18 2764
3 65 2765
90 108 2766
1 126 2767
23 56 2768
2 36 2769
76 165 2770
193 159 2771
161 72 2772
112 190 2773
176 118 2774
27 156 2775
190 38 2776
26 142 2777
104 62 2778
47 36 2779
193 175 2780
141 199 2781
163 143 2782
97 93 2783
172 85 2784
139 116 2785
191 189 2786
72 168 2787
142 39 2788
53 165 2789
172 129 2790
175 59 2791
114 155 2792
60 110 2793
12 35 2794
145 141 2795
63 25 2796
59 1 2797
127 87 2798
81 174 2799
186 31 2800
22 86 2801
164 72 2802
200 35 2803
53 1 2804
88 185 2805
77 177 2806
42 103 2807
139 21 2808
87 42 2809
157 18 2810
109 46 2811
123 139 2812
47 181 2813
163 192 2814
31 175 2815
186 182 2816
178 111 2817
164 137 2818
174 115 2819
116 137 2820
140 81 2821
17 80 2822
18 7 2823
145 54 2824
75 119 2825
50 161 2826
120 62 2827
25 108 2828
136 199 2829
86 190 2830
186 181 2831
186 38 2832
66 29 2833
104 110 2834
106 140 2835
44 96 2836
71 46 2837
172 8 2838
82 121 2839
46 5 2840
198 26 2841
194 123 2842
181 138 2843
140 166 2844
182 85 2845
177 62 2846
177 85 2847
44 127 2848
80 174 2849
31 85 2850
59 172 2851
140 7 2852
22 75 2853
77 6 2854
109 182 2855
8 19 2856
25 94 2857
30 136 2858
161 94 2859
103 1 2860
61 195 2861
39 45 2862
63 83 2863
111 74 2864
108 31 2865
193 181 2866
19 153 2867
32 167 2868
97 162 2869
58 116 2870
146 111 2871
56 200 2872
186 165 2873
33 135 2874
148 32 2875
87 67 2876
108 130 2877
198 3 2878
71 81 2879
80 32 2880
37 188 2881
1 72 2882
82 178 2883
50 38 2884
81 158 2885
138 175 2886
51 56 2887
146 1 2888
176 81 2889
151 84 2890
135 170 2891
132 45 2892
39 13 2893
157 68 2894
48 14 2895
178 116 2896
124 131 2897
9 92 2898
48 172 2899
14 159 2900
74 56 2901
164 83 2902
34 92 2903
68 151 2904
177 185 2905
36 8 2906
79 129 2907
17 155 2908
164 11 2909
16 50 2910
105 34 2911
127 61 2912
165 109 2913
146 156 2914
117 162 2915
95 50 2916
180 199 2917
143 46 2918
39 28 2919
6 83 2920
193 190 2921
105 193 2922
86 168 2923
111 129 2924
95 174 2925
91 187 2926
13 77 2927
42 76 2928
164 101 2929
101 138 2930
199 2 2931
74 88 2932
6 138 2933
142 33 2934
12 160 2935
135 4 2936
18 48 2937
61 40 2938
34 45 2939
155 70 2940
73 17 2941
109 198 2942
58 63 2943
84 104 2944
162 17 2945
15 117 2946
54 39 2947
165 115 2948
45 113 2949
181 30 2950
153 197 2951
164 159 2952
123 25 2953
120 180 2954
106 180 2955
74 130 2956
16 93 2957
77 192 2958
100 197 2959
173 126 2960
74 80 2961
54 13 2962
15 192 2963
62 107 2964
87 100 2965
93 101 2966
175 147 2967
101 109 2968
50 165 2969
188 98 2970
146 21 2971
191 141 2972
200 174 2973
136 150 2974
179 113 2975
49 73 2976
192 145 2977
146 143 2978
164 67 2979
33 132 2980
109 57 2981
8 173 2982
45 182 2983
105 20 2984
108 72 2985
147 177 2986
101 107 2987
60 55 2988
198 90 2989
148 50 2990
19 67 2991
19 167 2992
189 162 2993
173 90 2994
87 29 2995
56 162 2996
181 129 2997
60 59 2998
19 117 2999
1 163 3000
51 160 3001
75 173 3002
136 132 3003
176 11 3004
139 158 3005
83 28 3006
3 90 3007
85 101 3008
44 41 3009
167 175 3010
194 6 3011
168 173 3012
182 178 3013
6 69 3014
135 147 3015
171 160 3016
83 133 3017
93 50 3018
187 108 3019
61 145 3020
46 27 3021
107 11 3022
136 47 3023
18 106 3024
99 156 3025
27 182 3026
147 6 3027
82 131 3028
20 107 3029
33 80 3030
85 130 3031
105 19 3032
123 125 3033
70 83 3034
88 6 3035
7 176 3036
183 47 3037
131 186 3038
10 158 3039
185 22 3040
63 14 3041
65 155 3042
141 42 3043
5 24 3044
144 92 3045
194 144 3046
15 115 3047
3 9 3048
21 2 3049
89 62 3050
151 174 3051
20 162 3052
73 66 3053
27 94 3054
18 115 3055
161 23 3056
153 132 3057
172 65 3058
49 133 3059
118 155 3060
58 39 3061
31 168 3062
116 36 3063
87 177 3064
83 60 3065
95 44 3066
138 84 3067
164 78 3068
167 34 3069
32 63 3070
94 143 3071
72 10 3072
67 6 3073
122 110 3074
24 153 3075
90 45 3076
26 25 3077
82 44 3078
20 200 3079
24 95 3080
128 191 3081
2 65 3082
156 5 3083
150 125 3084
114 133 3085
91 170 3086
8 111 3087
118 31 3088
97 26 3089
93 8 3090
18 8 3091
77 124 3092
117 36 3093
74 18 3094
33 137 3095
65 136 3096
126 91 3097
20 23 3098
136 23 3099
93 173 3100
196 142 3101
1 136 3102
7 63 3103
185 195 3104
16 80 3105
70 51 3106
78 35 3107
183 59 3108
128 8 3109
153 30 3110
181 103 3111
192 28 3112
145 3 3113
185 67 3114
29 83 3115
133 120 3116
58 145 3117
16 74 3118
178 106 3119
186 63 3120
180 49 3121
69 104 3122
95 23 3123
58 109 3124
56 24 3125
181 84 3126
40 193 3127
168 37 3128
131 21 3129
175 78 3130
23 100 3131
44 84 3132
109 129 3133
110 188 3134
113 144 3135
187 31 3136
107 200 3137
127 79 3138
86 30 3139
103 127 3140
111 14 3141
79 106 3142
110 140 3143
105 118 3144
83 59 3145
22 15 3146
5 27 3147
190 109 3148
56 86 3149
184 179 3150
159 76 3151
56 92 3152
139 98 3153
101 91 3154
104 175 3155
67 142 3156
37 7 3157
82 43 3158
65 170 3159
123 47 3160
68 164 3161
153 113 3162
167 59 3163
37 6 3164
101 56 3165
189 24 3166
125 134 3167
173 61 3168
65 156 3169
193 70 3170
177 84 3171
129 40 3172
152 25 3173
193 30 3174
1 73 3175
130 175 3176
133 87 3177
121 34 3178
68 195 3179
121 65 3180
15 43 3181
48 24 3182
74 145 3183
33 120 3184
128 194 3185
11 122 3186
152 84 3187
78 111 3188
14 157 3189
124 137 3190
17 140 3191
161 193 3192
43 110 3193
104 188 3194
72 54 3195
115 62 3196
168 46 3197
110 54 3198
83 8 3199
85 45 3200
142 186 3201
171 149 3202
94 26 3203
5 171 3204
29 113 3205
17 99 3206
62 79 3207
101 147 3208
166 95 3209
39 125 3210
175 176 3211
8 58 3212
75 10 3213
80 102 3214
119 150 3215
164 18 3216
125 87 3217
133 182 3218
144 51 3219
136 185 3220
178 112 3221
6 158 3222
181 123 3223
148 197 3224
15 65 3225
85 57 3226
94 150 3227
161 147 3228
74 160 3229
104 200 3230
37 134 3231
185 2 3232
134 141 3233
76 167 3234
77 74 3235
113 177 3236
120 193 3237
92 51 3238
55 144 3239
124 48 3240
158 82 3241
9 142 3242
86 74 3243
169 82 3244
123 49 3245
10 85 3246
200 141 3247
41 99 3248
105 15 3249
133 69 3250
13 84 3251
45 138 3252
168 147 3253
119 162 3254
33 128 3255
130 68 3256
23 72 3257
29 91 3258
158 88 3259
81 23 3260
17 121 3261
39 50 3262
194 186 3263
99 52 3264
134 71 3265
70 11 3266
147 70 3267
183 83 3268
143 81 3269
101 162 3270
17 177 3271
35 47 3272
73 166 3273
172 57 3274
129 188 3275
145 22 3276
113 93 3277
70 168 3278
117 111 3279
52 89 3280
170 139 3281
25 197 3282
106 6 3283
106 181 3284
159 106 3285
128 5 3286
99 87 3287
54 177 3288
177 123 3289
85 35 3290
48 44 3291
12 14 3292
176 96 3293
87 60 3294
187 70 3295
95 125 3296
160 37 3297
129 89 3298
4 52 3299
172 93 3300
61 51 3301
96 58 3302
198 76 3303
200 153 3304
108 136 3305
141 169 3306
85 156 3307
111 38 3308
157 47 3309
167 196 3310
117 48 3311
54 31 3312
95 79 3313
111 21 3314
88 32 3315
153 32 3316
148 128 3317
14 192 3318
34 100 3319
170 46 3320
34 69 3321
110 31 3322
3 42 3323
22 30 3324
149 16 3325
70 76 3326
133 39 3327
72 55 3328
120 167 3329
101 60 3330
76 181 3331
64 30 3332
46 147 3333
191 86 3334
132 84 3335
93 32 3336
97 74 3337
185 70 3338
63 61 3339
102 166 3340
153 173 3341
55 140 3342
149 106 3343
21 177 3344
111 16 3345
119 14 3346
171 152 3347
53 142 3348
166 193 3349
104 13 3350
31 33 3351
41 181 3352
78 162 3353
85 90 3354
3 112 3355
24 20 3356
30 200 3357
150 6 3358
105 4 3359
177 138 3360
114 58 3361
59 129 3362
16 92 3363
28 188 3364
91 59 3365
184 87 3366
30 9 3367
44 164 3368
65 119 3369
31 155 3370
115 146 3371
131 169 3372
182 116 3373
147 91 3374
92 21 3375
128 28 3376
148 71 3377
138 192 3378
32 194 3379
175 2 3380
123 88 3381
200 18 3382
192 195 3383
120 1 3384
95 150 3385
69 164 3386
119 101 3387
145 150 3388
159 126 3389
175 19 3390
53 129 3391
181 144 3392
117 77 3393
130 170 3394
155 181 3395
75 152 3396
131 22 3397
79 56 3398
127 197 3399
127 47 3400
55 122 3401
139 104 3402
162 179 3403
80 153 3404
46 111 3405
137 105 3406
123 141 3407
190 75 3408
152 113 3409
43 7 3410
11 40 3411
164 127 3412
58 70 3413
171 97 3414
54 156 3415
79 163 3416
81 107 3417
166 125 3418
120 118 3419
60 171 3420
178 61 3421
86 26 3422
81 4 3423
170 175 3424
142 173 3425
74 155 3426
74 38 3427
58 82 3428
37 61 3429
98 178 3430
17 67 3431
126 43 3432
28 124 3433
37 194 3434
183 89 3435
9 110 3436
70 141 3437
178 100 3438
70 112 3439
66 112 3440
124 107 3441
48 17 3442
88 67 3443
186 79 3444
51 74 3445
124 118 3446
178 144 3447
76 124 3448
61 24 3449
180 158 3450
81 76 3451
197 83 3452
66 85 3453
59 113 3454
14 193 3455
70 150 3456
42 49 3457
192 180 3458
196 77 3459
42 183 3460
53 18 3461
57 158 3462
108 173 3463
67 12 3464
141 168 3465
133 89 3466
102 34 3467
180 103 3468
46 144 3469
124 180 3470
198 149 3471
187 92 3472
149 43 3473
194 29 3474
45 63 3475
6 11 3476
108 93 3477
59 15 3478
183 60 3479
158 108 3480
191 96 3481
54 30 3482
116 101 3483
60 134 3484
40 74 3485
55 127 3486
155 129 3487
107 169 3488
17 170 3489
200 185 3490
56 7 3491
129 63 3492
191 64 3493
96 100 3494
53 162 3495
25 155 3496
74 151 3497
71 197 3498
103 158 3499
4 132 3500
116 135 3501
90 131 3502
31 158 3503
57 9 3504
147 119 3505
119 48 3506
147 144 3507
110 12 3508
68 136 3509
9 150 3510
151 37 3511
149 96 3512
71 100 3513
170 98 3514
122 64 3515
111 93 3516
159 183 3517
90 197 3518
14 187 3519
41 52 3520
47 184 3521
74 75 3522
177 161 3523
59 100 3524
1 166 3525
136 3 3526
120 142 3527
133 64 3528
89 40 3529
46 157 3530
45 3 3531
68 168 3532
3 28 3533
48 7 3534
90 55 3535
60 62 3536
47 130 3537
102 175 3538
198 186 3539
101 126 3540
12 159 3541
152 74 3542
126 185 3543
135 29 3544
75 122 3545
28 199 3546
199 18 3547
84 17 3548
87 172 3549
153 158 3550
49 169 3551
16 113 3552
43 93 3553
71 180 3554
115 161 3555
98 51 3556
69 18 3557
163 94 3558
157 9 3559
166 200 3560
41 183 3561
169 17 3562
41 79 3563
69 50 3564
124 163 3565
68 13 3566
134 187 3567
9 46 3568
125 7 3569
145 191 3570
83 184 3571
62 110 3572
121 51 3573
151 182 3574
149 15 3575
187 51 3576
142 189 3577
187 142 3578
106 136 3579
71 79 3580
7 155 3581
69 182 3582
97 191 3583
54 106 3584
80 68 3585
20 79 3586
43 97 3587
140 115 3588
140 57 3589
57 29 3590
189 73 3591
155 111 3592
189 184 3593
19 194 3594
77 169 3595
146 184 3596
137 169 3597
197 56 3598
99 110 3599
29 46 3600
8 17 3601
196 143 3602
48 105 3603
19 84 3604
37 9 3605
199 31 3606
171 85 3607
172 96 3608
130 3 3609
75 189 3610
94 162 3611
10 116 3612
89 69 3613
120 44 3614
25 19 3615
197 16 3616
155 11 3617
147 128 3618
184 55 3619
94 103 3620
45 31 3621
15 132 3622
140 12 3623
96 197 3624
169 130 3625
186 174 3626
167 77 3627
61 97 3628
36 60 3629
185 196 3630
116 161 3631
61 90 3632
185 192 3633
152 38 3634
104 38 3635
187 82 3636
13 41 3637
89 42 3638
110 96 3639
115 46 3640
170 99 3641
111 190 3642
8 79 3643
114 117 3644
95 162 3645
32 125 3646
49 45 3647
63 68 3648
12 169 3649
82 21 3650
175 46 3651
36 169 3652
83 15 3653
104 138 3654
134 85 3655
187 132 3656
172 62 3657
123 66 3658
94 49 3659
47 145 3660
19 39 3661
88 80 3662
54 3 3663
14 171 3664
48 125 3665
116 126 3666
73 173 3667
77 80 3668
72 115 3669
66 161 3670
135 91 3671
35 13 3672
167 109 3673
195 66 3674
27 190 3675
179 6 3676
4 63 3677
170 178 3678
128 53 3679
23 144 3680
73 78 3681
58 196 3682
98 166 3683
19 27 3684
8 64 3685
53 14 3686
39 112 3687
133 127 3688
83 71 3689
179 89 3690
19 154 3691
125 96 3692
95 124 3693
147 51 3694
197 131 3695
2 130 3696
12 33 3697
125 183 3698
162 191 3699
184 32 3700
198 127 3701
182 58 3702
46 26 3703
151 140 3704
63 84 3705
27 118 3706
152 71 3707
114 173 3708
6 22 3709
156 155 3710
52 65 3711
128 178 3712
2 153 3713
180 74 3714
48 132 3715
186 148 3716
27 33 3717
149 2 3718
44 39 3719
45 57 3720
139 3 3721
124 176 3722
83 126 3723
135 47 3724
151 132 3725
120 76 3726
117 61 3727
39 21 3728
162 116 3729
159 1 3730
139 181 3731
73 23 3732
180 7 3733
89 32 3734
68 67 3735
71 25 3736
195 5 3737
64 15 3738
82 68 3739
11 61 3740
8 66 3741
112 175 3742
15 57 3743
178 86 3744
154 105 3745
82 157 3746
26 83 3747
135 20 3748
196 76 3749
198 83 3750
156 25 3751
124 185 3752
177 139 3753
71 108 3754
147 165 3755
187 157 3756
85 159 3757
59 30 3758
81 87 3759
29 79 3760
34 103 3761
42 106 3762
145 188 3763
166 181 3764
52 76 3765
86 87 3766
113 87 3767
153 22 3768
58 79 3769
136 131 3770
91 127 3771
59 125 3772
197 152 3773
173 5 3774
190 191 3775
103 47 3776
77 188 3777
63 153 3778
114 36 3779
97 10 3780
73 163 3781
109 194 3782
158 30 3783
26 5 3784
28 114 3785
57 154 3786
161 102 3787
195 78 3788
27 160 3789
29 47 3790
54 68 3791
9 63 3792
124 51 3793
95 84 3794
14 183 3795
129 140 3796
28 127 3797
6 39 3798
66 5 3799
188 57 3800
29 35 3801
91 60 3802
87 19 3803
200 48 3804
118 93 3805
158 75 3806
169 181 3807
83 69 3808
197 5 3809
63 187 3810
89 81 3811
166 51 3812
125 58 3813
148 154 3814
177 41 3815
91 36 3816
145 10 3817
63 27 3818
47 179 3819
147 83 3820
6 118 3821
189 153 3822
70 164 3823
192 150 3824
95 149 3825
99 191 3826
3 124 3827
40 99 3828
117 53 3829
163 21 3830
113 157 3831
1 177 3832
84 1 3833
1 186 3834
51 58 3835
75 125 3836
5 97 3837
47 113 3838
133 123 3839
74 163 3840
180 10 3841
46 169 3842
142 176 3843
175 145 3844
154 100 3845
162 115 3846
60 81 3847
59 157 3848
53 172 3849
131 23 3850
184 92 3851
18 117 3852
23 156 3853
158 5 3854
150 103 3855
184 109 3856
136 111 3857
111 103 3858
51 198 3859
38 29 3860
112 84 3861
133 185 3862
44 91 3863
10 140 3864
57 80 3865
191 88 3866
160 63 3867
45 159 3868
49 153 3869
73 102 3870
133 173 3871
190 19 3872
189 198 3873
96 22 3874
58 55 3875
35 187 3876
139 159 3877
129 7 3878
18 193 3879
9 12 3880
113 82 3881
84 56 3882
57 138 3883
98 95 3884
20 84 3885
123 127 3886
30 66 3887
77 38 3888
28 22 3889
175 54 3890
7 195 3891
77 58 3892
190 186 3893
72 189 3894
162 96 3895
20 161 3896
168 135 3897
81 57 3898
174 12 3899
196 103 3900
193 119 3901
142 28 3902
196 129 3903
90 110 3904
70 146 3905
155 142 3906
188 133 3907
53 28 3908
191 9 3909
122 128 3910
1 109 3911
58 137 3912
180 61 3913
40 88 3914
80 109 3915
156 93 3916
127 1 3917
1 68 3918
199 81 3919
65 113 3920
17 9 3921
131 89 3922
175 168 3923
144 182 3924
193 160 3925
42 194 3926
53 157 3927
155 200 3928
109 115 3929
131 113 3930
16 128 3931
56 102 3932
2 116 3933
60 29 3934
79 138 3935
81 43 3936
196 187 3937
88 187 3938
119 192 3939
36 108 3940
110 146 3941
11 16 3942
174 169 3943
194 175 3944
5 198 3945
197 182 3946
155 174 3947
35 124 3948
7 102 3949
39 105 3950
14 27 3951
92 192 3952
199 150 3953
103 105 3954
187 191 3955
36 87 3956
39 172 3957
1 143 3958
67 13 3959
152 177 3960
70 118 3961
175 100 3962
83 34 3963
80 85 3964
167 16 3965
32 47 3966
99 187 3967
64 89 3968
150 156 3969
19 32 3970
114 63 3971
197 135 3972
85 121 3973
5 175 3974
8 154 3975
7 72 3976
60 123 3977
117 54 3978
22 68 3979
101 155 3980
129 161 3981
162 170 3982
195 19 3983
9 62 3984
189 165 3985
164 75 3986
87 157 3987
164 56 3988
35 76 3989
148 46 3990
128 68 3991
194 1 3992
75 79 3993
49 167 3994
15 78 3995
85 160 3996
52 185 3997
159 127 3998
190 158 3999
22 173 4000
2 89 4001
129 70 4002
64 21 4003
75 58 4004
199 172 4005
188 183 4006
119 96 4007
121 164 4008
97 20 4009
137 176 4010
118 75 4011
194 98 4012
195 101 4013
166 97 4014
61 121 4015
65 56 4016
103 139 4017
69 48 4018
3 86 4019
6 93 4020
176 16 4021
18 65 4022
12 105 4023
32 164 4024
14 199 4025
37 16 4026
75 34 4027
156 42 4028
109 14 4029
55 64 4030
169 142 4031
36 33 4032
10 184 4033
107 113 4034
35 100 4035
150 76 4036
60 13 4037
52 86 4038
190 74 4039
190 61 4040
149 12 4041
147 169 4042
65 48 4043
147 29 4044
162 133 4045
171 110 4046
191 68 4047
43 186 4048
4 11 4049
75 143 4050
16 168 4051
188 32 4052
158 52 4053
190 141 4054
112 98 4055
181 37 4056
114 1 4057
182 127 4058
125 143 4059
71 133 4060
3 57 4061
66 183 4062
157 1 4063
65 174 4064
113 77 4065
178 156 4066
195 198 4067
104 112 4068
125 92 4069
36 28 4070
158 200 4071
152 193 4072
16 116 4073
124 141 4074
108 144 4075
30 164 4076
72 81 4077
6 3 4078
97 14 4079
91 3 4080
67 144 4081
191 181 4082
79 160 4083
49 140 4084
79 130 4085
86 1 4086
131 41 4087
128 107 4088
38 54 4089
15 69 4090
4 167 4091
17 50 4092
175 172 4093
40 90 4094
61 168 4095
190 185 4096
56 111 4097
124 169 4098
71 129 4099
147 153 4100
80 24 4101
182 117 4102
114 196 4103
90 105 4104
172 146 4105
53 24 4106
92 176 4107
81 1 4108
101 183 4109
162 156 4110
33 129 4111
196 34 4112
75 51 4113
108 19 4114
24 137 4115
7 47 4116
175 197 4117
53 120 4118
147 164 4119
18 40 4120
64 140 4121
13 194 4122
140 167 4123
119 191 4124
28 81 4125
127 168 4126
82 194 4127
84 165 4128
109 75 4129
108 142 4130
192 13 4131
92 168 4132
57 12 4133
143 31 4134
166 105 4135
142 58 4136
188 62 4137
176 65 4138
117 50 4139
29 72 4140
94 154 4141
71 98 4142
164 62 4143
28 45 4144
94 18 4145
95 159 4146
39 71 4147
124 104 4148
45 43 4149
168 49 4150
70 190 4151
163 95 4152
102 165 4153
111 133 4154
3 29 4155
127 106 4156
149 62 4157
95 143 4158
162 113 4159
92 17 4160
140 3 4161
76 151 4162
133 74 4163
197 77 4164
128 75 4165
121 137 4166
102 93 4167
41 43 4168
121 175 4169
45 78 4170
82 143 4171
181 57 4172
85 20 4173
126 182 4174
105 112 4175
194 40 4176
62 18 4177
9 159 4178
136 15 4179
194 33 4180
161 67 4181
82 148 4182
82 159 4183
137 16 4184
26 180 4185
35 77 4186
87 111 4187
52 125 4188
187 102 4189
36 45 4190
137 10 4191
73 82 4192
161 104 4193
127 46 4194
163 88 4195
70 90 4196
178 196 4197
91 168 4198
139 178 4199
18 113 4200
24 19 4201
62 72 4202
119 86 4203
192 127 4204
200 190 4205
176 42 4206
73 33 4207
151 32 4208
166 196 4209
135 39 4210
8 160 4211
195 152 4212
13 12 4213
52 8 4214
9 163 4215
13 10 4216
53 104 4217
188 198 4218
143 40 4219
121 91 4220
107 2 4221
182 47 4222
118 171 4223
57 196 4224
4 166 4225
97 153 4226
114 48 4227
21 1 4228
173 44 4229
68 24 4230
109 95 4231
74 59 4232
148 62 4233
19 101 4234
3 110 4235
4 107 4236
168 27 4237
196 28 4238
160 148 4239
192 177 4240
156 185 4241
43 159 4242
77 93 4243
109 53 4244
29 170 4245
150 154 4246
47 67 4247
152 89 4248
126 177 4249
101 199 4250
113 194 4251
157 74 4252
108 35 4253
121 183 4254
122 170 4255
25 132 4256
135 13 4257
19 43 4258
155 28 4259
158 160 4260
95 88 4261
71 192 4262
114 168 4263
96 103 4264
192 56 4265
192 176 4266
167 26 4267
52 10 4268
186 85 4269
84 146 4270
98 198 4271
136 90 4272
4 62 4273
1 107 4274
116 185 4275
12 70 4276
27 187 4277
103 131 4278
52 53 4279
19 11 4280
84 51 4281
188 89 4282
188 80 4283
164 22 4284
133 183 4285
159 166 4286
129 25 4287
50 75 4288
147 36 4289
123 80 4290
178 103 4291
65 131 4292
191 200 4293
42 186 4294
139 190 4295
78 42 4296
31 27 4297
100 4 4298
81 119 4299
176 4 4300
154 144 4301
135 175 4302
58 180 4303
188 38 4304
111 197 4305
14 74 4306
39 139 4307
47 197 4308
126 111 4309
121 193 4310
99 48 4311
21 52 4312
120 116 4313
43 147 4314
109 66 4315
91 115 4316
88 101 4317
71 184 4318
14 23 4319
162 77 4320
156 147 4321
106 53 4322
133 187 4323
187 93 4324
98 114 4325
140 164 4326
39 68 4327
50 155 4328
104 47 4329
87 126 4330
6 59 4331
97 22 4332
21 141 4333
74 158 4334
166 162 4335
101 141 4336
112 34 4337
102 136 4338
168 50 4339
168 189 4340
65 127 4341
188 34 4342
87 167 4343
83 66 4344
152 184 4345
177 37 4346
77 107 4347
126 31 4348
97 119 4349
98 136 4350
189 41 4351
166 32 4352
199 142 4353
82 146 4354
89 105 4355
4 172 4356
155 100 4357
74 7 4358
177 134 4359
149 195 4360
184 149 4361
79 128 4362
4 10 4363
134 146 4364
105 128 4365
16 85 4366
136 135 4367
72 93 4368
128 132 4369
78 62 4370
14 103 4371
170 137 4372
176 130 4373
9 161 4374
193 6 4375
5 172 4376
163 125 4377
122 101 4378
162 120 4379
28 121 4380
192 152 4381
74 11 4382
12 134 4383
81 91 4384
154 198 4385
30 57 4386
99 105 4387
169 145 4388
103 123 4389
132 120 4390
89 162 4391
35 128 4392
94 60 4393
50 29 4394
35 140 4395
70 19 4396
91 119 4397
166 17 4398
134 172 4399
6 171 4400
59 68 4401
19 44 4402
140 109 4403
29 127 4404
88 183 4405
144 136 4406
128 96 4407
78 114 4408
190 149 4409
58 136 4410
23 50 4411
155 23 4412
10 112 4413
192 74 4414
73 24 4415
173 106 4416
189 121 4417
189 131 4418
180 157 4419
2 152 4420
51 154 4421
91 48 4422
97 187 4423
36 41 4424
146 103 4425
126 86 4426
132 156 4427
27 64 4428
76 14 4429
20 181 4430
127 4 4431
194 185 4432
134 200 4433
170 164 4434
155 45 4435
78 124 4436
15 199 4437
58 130 4438
33 178 4439
78 188 4440
20 165 4441
151 120 4442
99 114 4443
75 20 4444
163 13 4445
152 181 4446
69 120 4447
125 142 4448
38 64 4449
91 148 4450
157 138 4451
117 155 4452
73 109 4453
65 19 4454
38 86 4455
32 18 4456
196 164 4457
192 125 4458
48 55 4459
58 78 4460
182 15 4461
28 25 4462
55 21 4463
44 37 4464
127 120 4465
4 21 4466
34 57 4467
53 159 4468
177 136 4469
17 115 4470
19 143 4471
119 156 4472
161 134 4473
70 53 4474
43 27 4475
48 139 4476
80 124 4477
195 150 4478
111 115 4479
122 21 4480
85 82 4481
28 149 4482
22 101 4483
87 116 4484
5 52 4485
173 1 4486
97 66 4487
164 182 4488
1 102 4489
133 156 4490
141 12 4491
87 159 4492
18 102 4493
59 155 4494
27 102 4495
92 24 4496
81 186 4497
125 115 4498
152 131 4499
102 12 4500
26 143 4501
63 11 4502
82 23 4503
49 98 4504
78 123 4505
130 151 4506
176 168 4507
184 84 4508
151 150 4509
75 15 4510
54 14 4511
55 77 4512
7 70 4513
70 78 4514
183 22 4515
16 98 4516
111 135 4517
14 21 4518
6 27 4519
116 194 4520
170 136 4521
4 189 4522
61 132 4523
104 23 4524
133 107 4525
30 150 4526
46 81 4527
155 192 4528
102 33 4529
105 14 4530
44 176 4531
139 26 4532
169 92 4533
4 153 4534
170 116 4535
176 31 4536
70 72 4537
34 141 4538
48 77 4539
162 48 4540
171 37 4541
22 67 4542
185 162 4543
91 177 4544
6 89 4545
176 24 4546
181 162 4547
162 68 4548
130 112 4549
198 21 4550
40 199 4551
87 144 4552
22 94 4553
50 27 4554
128 167 4555
68 38 4556
124 14 4557
94 71 4558
189 104 4559
142 113 4560
59 147 4561
76 8 4562
133 10 4563
116 57 4564
82 76 4565
156 66 4566
179 186 4567
72 130 4568
182 157 4569
47 144 4570
137 178 4571
107 17 4572
158 79 4573
39 83 4574
186 147 4575
63 104 4576
117 3 4577
131 151 4578
29 17 4579
137 11 4580
194 154 4581
58 6 4582
109 112 4583
114 90 4584
130 73 4585
122 108 4586
197 82 4587
51 163 4588
65 24 4589
95 40 4590
93 170 4591
58 24 4592
46 124 4593
15 146 4594
200 49 4595
100 44 4596
44 149 4597
126 92 4598
41 40 4599
52 168 4600
174 185 4601
10 92 4602
149 54 4603
163 76 4604
193 97 4605
119 57 4606
161 51 4607
199 24 4608
88 54 4609
40 198 4610
133 1 4611
129 20 4612
52 151 4613
180 162 4614
175 50 4615
147 55 4616
7 61 4617
69 82 4618
114 11 4619
184 117 4620
32 145 4621
3 27 4622
29 39 4623
46 73 4624
133 4 4625
132 103 4626
122 1 4627
190 101 4628
52 142 4629
39 51 4630
76 29 4631
88 184 4632
157 64 4633
197 10 4634
185 49 4635
141 105 4636
166 151 4637
30 89 4638
28 108 4639
82 4 4640
176 147 4641
197 181 4642
117 140 4643
190 32 4644
22 160 4645
5 188 4646
141 1 4647
198 131 4648
26 33 4649
105 29 4650
133 115 4651
50 66 4652
135 108 4653
9 146 4654
87 80 4655
198 128 4656
131 177 4657
167 3 4658
30 129 4659
106 8 4660
161 29 4661
2 76 4662
163 70 4663
143 20 4664
190 175 4665
109 124 4666
116 122 4667
77 11 4668
77 67 4669
74 165 4670
158 4 4671
186 60 4672
44 56 4673
5 16 4674
1 45 4675
147 149 4676
156 123 4677
108 155 4678
125 144 4679
179 187 4680
21 34 4681
116 65 4682
162 84 4683
155 139 4684
131 50 4685
164 35 4686
119 177 4687
161 107 4688
135 153 4689
64 185 4690
7 41 4691
110 87 4692
177 141 4693
30 104 4694
103 69 4695
13 31 4696
28 169 4697
133 197 4698
83 37 4699
86 31 4700
8 77 4701
30 32 4702
121 126 4703
76 41 4704
137 61 4705
128 72 4706
151 5 4707
134 66 4708
18 119 4709
173 181 4710
94 89 4711
52 92 4712
170 129 4713
125 191 4714
141 52 4715
175 108 4716
158 22 4717
101 143 4718
155 134 4719
13 139 4720
199 191 4721
122 100 4722
186 58 4723
147 158 4724
134 39 4725
40 175 4726
69 155 4727
51 93 4728
83 109 4729
68 35 4730
105 8 4731
185 26 4732
65 111 4733
74 175 4734
127 66 4735
114 149 4736
151 195 4737
52 159 4738
22 31 4739
117 96 4740
129 178 4741
88 97 4742
22 168 4743
147 62 4744
152 105 4745
64 171 4746
23 157 4747
83 156 4748
41 16 4749
65 44 4750
54 167 4751
153 104 4752
146 166 4753
174 175 4754
46 189 4755
119 15 4756
151 109 4757
33 187 4758
184 178 4759
34 43 4760
52 59 4761
158 70 4762
41 190 4763
183 187 4764
187 166 4765
120 34 4766
68 146 4767
32 65 4768
61 9 4769
30 103 4770
14 152 4771
13 1 4772
11 87 4773
111 120 4774
137 107 4775
195 43 4776
35 92 4777
190 55 4778
69 4 4779
5 132 4780
106 125 4781
15 169 4782
93 10 4783
179 88 4784
38 46 4785
141 121 4786
74 82 4787
151 198 4788
74 8 4789
74 177 4790
162 10 4791
82 54 4792
104 34 4793
138 197 4794
39 101 4795
19 23 4796
154 49 4797
106 85 4798
110 109 4799
43 84 4800
33 39 4801
134 75 4802
108 87 4803
125 44 4804
171 73 4805
171 28 4806
151 121 4807
135 160 4808
105 16 4809
63 65 4810
97 41 4811
200 124 4812
169 153 4813
123 185 4814
143 193 4815
166 41 4816
95 35 4817
118 125 4818
88 189 4819
144 38 4820
59 42 4821
190 29 4822
135 141 4823
10 148 4824
193 155 4825
67 82 4826
115 167 4827
112 169 4828
123 149 4829
89 121 4830
197 168 4831
86 155 4832
109 32 4833
192 130 4834
80 103 4835
180 186 4836
26 160 4837
108 166 4838
120 158 4839
113 171 4840
116 18 4841
32 100 4842
91 43 4843
64 92 4844
142 117 4845
197 124 4846
70 73 4847
138 66 4848
147 88 4849
150 109 4850
6 82 4851
61 74 4852
39 76 4853
53 115 4854
36 84 4855
132 54 4856
12 135 4857
158 25 4858
189 8 4859
172 80 4860
150 170 4861
185 21 4862
83 141 4863
88 16 4864
39 43 4865
170 47 4866
184 24 4867
167 165 4868
157 130 4869
29 192 4870
155 9 4871
190 169 4872
35 179 4873
185 87 4874
153 187 4875
154 136 4876
137 30 4877
53 100 4878
134 19 4879
83 121 4880
198 138 4881
22 186 4882
15 196 4883
82 66 4884
37 161 4885
9 94 4886
109 199 4887
123 30 4888
175 122 4889
196 171 4890
24 119 4891
172 100 4892
121 158 4893
79 92 4894
82 61 4895
116 155 4896
29 27 4897
197 79 4898
16 30 4899
98 33 4900
185 95 4901
98 154 4902
138 54 4903
18 139 4904
13 166 4905
96 141 4906
14 151 4907
28 71 4908
7 138 4909
84 45 4910
45 107 4911
186 119 4912
144 119 4913
15 197 4914
35 196 4915
112 96 4916
137 45 4917
66 52 4918
26 93 4919
50 7 4920
9 6 4921
59 38 4922
34 51 4923
16 101 4924
58 133 4925
130 78 4926
8 33 4927
190 66 4928
131 105 4929
3 37 4930
59 8 4931
35 39 4932
60 128 4933
73 126 4934
139 126 4935
199 61 4936
163 98 4937
190 96 4938
13 187 4939
68 78 4940
134 49 4941
60 121 4942
4 190 4943
35 24 4944
32 118 4945
62 91 4946
109 54 4947
181 168 4948
10 166 4949
154 47 4950
30 160 4951
82 138 4952
17 47 4953
14 22 4954
6 159 4955
17 49 4956
10 89 4957
93 75 4958
103 161 4959
90 192 4960
60 103 4961
59 61 4962
198 17 4963
31 147 4964
171 91 4965
40 93 4966
120 21 4967
42 142 4968
30 191 4969
85 164 4970
53 35 4971
136 178 4972
96 91 4973
94 149 4974
139 108 4975
102 81 4976
24 170 4977
86 159 4978
172 192 4979
176 20 4980
101 47 4981
15 153 4982
139 124 4983
91 73 4984
141 166 4985
58 168 4986
82 115 4987
9 168 4988
12 51 4989
128 11 4990
163 92 4991
127 187 4992
96 199 4993
136 100 4994
167 197 4995
8 179 4996
147 198 4997
147 150 4998
104 100 4999
2 85 5000
