200 5400 5400
186 93 1
96 41 2
70 72 3
75 116 4
148 154 5
41 38 6
135 11 7
62 197 8
141 169 9
46 147 10
191 64 11
54 68 12
136 3 13
134 95 14
119 191 15
158 82 16
92 36 17
13 12 18
136 23 19
178 147 20
63 11 21
143 46 22
151 107 23
76 38 24
62 87 25
159 135 26
41 43 27
82 181 28
84 168 29
61 62 30
134 175 31
114 39 32
80 102 33
7 112 34
124 111 35
160 66 36
134 198 37
78 112 38
121 164 39
14 58 40
129 20 41
60 189 42
166 22 43
156 148 44
83 92 45
61 74 46
24 30 47
13 10 48
131 63 49
118 75 50
70 82 51
181 129 52
62 53 53
135 39 54
196 40 55
175 113 56
139 181 57
9 123 58
163 94 59
52 134 60
58 161 61
54 108 62
198 21 63
175 181 64
43 199 65
27 160 66
43 198 67
140 134 68
56 146 69
45 3 70
135 29 71
47 173 72
174 129 73
29 91 74
112 11 75
190 183 76
29 177 77
83 139 78
144 75 79
63 60 80
31 155 81
28 44 82
199 126 83
15 197 84
169 191 85
48 14 86
49 57 87
167 25 88
166 114 89
32 91 90
45 142 91
133 61 92
173 180 93
91 151 94
4 63 95
93 126 96
37 194 97
145 176 98
164 50 99
183 146 100
56 102 101
5 12 102
63 187 103
198 26 104
162 191 105
193 130 106
166 32 107
39 51 108
111 93 109
122 110 110
169 194 111
184 24 112
156 73 113
40 162 114
103 106 115
27 102 116
175 19 117
165 78 118
88 46 119
100 70 120
197 52 121
176 147 122
133 10 123
127 60 124
106 190 125
34 69 126
106 85 127
92 21 128
198 174 129
26 83 130
188 182 131
55 2 132
122 17 133
133 64 134
138 126 135
168 98 136
154 72 137
151 109 138
192 152 139
190 96 140
141 194 141
37 184 142
66 102 143
33 128 144
165 12 145
60 134 146
152 89 147
87 29 148
88 128 149
187 28 150
69 48 151
189 162 152
140 136 153
185 81 154
44 37 155
152 181 156
148 24 157
97 11 158
46 31 159
143 67 160
71 90 161
77 38 162
113 87 163
109 161 164
87 157 165
20 84 166
8 73 167
122 105 168
152 142 169
44 7 170
27 118 171
196 76 172
89 105 173
157 68 174
118 113 175
116 135 176
100 89 177
147 192 178
42 173 179
34 57 180
95 150 181
95 129 182
196 171 183
92 17 184
63 62 185
103 105 186
190 14 187
54 8 188
147 70 189
80 164 190
151 125 191
30 170 192
118 81 193
199 2 194
149 106 195
172 93 196
13 187 197
161 134 198
161 193 199
24 13 200
17 80 201
112 89 202
62 140 203
68 159 204
109 95 205
131 27 206
53 18 207
184 118 208
24 143 209
189 24 210
15 122 211
172 118 212
116 161 213
179 186 214
29 154 215
160 152 216
29 35 217
170 46 218
46 102 219
126 64 220
59 171 221
82 31 222
62 166 223
166 200 224
105 15 225
140 193 226
80 169 227
181 68 228
172 46 229
6 71 230
139 167 231
127 1 232
192 122 233
74 59 234
129 50 235
109 17 236
134 188 237
177 200 238
131 41 239
190 101 240
172 85 241
198 118 242
158 108 243
155 196 244
99 156 245
73 82 246
62 168 247
69 169 248
16 101 249
181 164 250
110 87 251
180 83 252
128 75 253
41 72 254
171 99 255
62 142 256
26 90 257
8 140 258
28 71 259
153 132 260
13 149 261
187 82 262
44 23 263
33 187 264
120 35 265
39 186 266
150 90 267
29 52 268
188 125 269
78 148 270
72 168 271
155 139 272
85 176 273
52 125 274
180 89 275
4 99 276
129 58 277
181 137 278
190 12 279
135 37 280
6 29 281
95 140 282
39 174 283
83 191 284
146 197 285
54 76 286
140 93 287
194 56 288
126 158 289
138 129 290
18 113 291
80 103 292
167 109 293
133 39 294
185 177 295
9 146 296
175 165 297
123 150 298
132 150 299
111 50 300
142 94 301
153 64 302
3 105 303
46 169 304
160 179 305
24 99 306
190 123 307
121 175 308
48 102 309
179 187 310
108 75 311
66 147 312
54 134 313
101 91 314
66 33 315
70 139 316
30 98 317
2 77 318
121 50 319
65 190 320
169 89 321
185 162 322
113 177 323
83 69 324
32 41 325
50 25 326
126 143 327
170 117 328
32 89 329
139 98 330
94 60 331
115 131 332
157 195 333
137 101 334
93 196 335
196 43 336
25 14 337
23 86 338
70 59 339
180 7 340
54 177 341
66 30 342
60 10 343
56 28 344
166 156 345
109 193 346
135 63 347
23 40 348
181 79 349
137 176 350
28 6 351
197 79 352
35 47 353
92 181 354
197 53 355
76 9 356
26 107 357
99 52 358
146 152 359
58 42 360
71 25 361
5 132 362
135 47 363
160 156 364
91 148 365
183 60 366
54 95 367
146 173 368
45 138 369
196 129 370
154 197 371
121 98 372
72 67 373
65 174 374
25 104 375
189 73 376
90 119 377
115 13 378
140 115 379
138 123 380
72 93 381
186 148 382
58 39 383
34 52 384
191 129 385
138 11 386
77 58 387
161 53 388
36 159 389
42 21 390
160 21 391
177 96 392
167 191 393
122 2 394
1 68 395
51 143 396
51 138 397
50 59 398
26 137 399
147 83 400
24 183 401
125 130 402
95 125 403
96 100 404
13 166 405
28 81 406
35 99 407
90 197 408
86 188 409
112 38 410
50 115 411
166 66 412
8 111 413
92 75 414
22 56 415
192 189 416
50 64 417
197 124 418
40 93 419
128 167 420
95 18 421
174 102 422
115 122 423
46 37 424
75 10 425
21 124 426
27 42 427
43 111 428
192 7 429
85 164 430
107 190 431
153 103 432
167 16 433
93 176 434
146 184 435
22 63 436
125 115 437
195 152 438
87 43 439
152 25 440
163 91 441
25 93 442
104 155 443
8 155 444
191 103 445
125 12 446
52 151 447
131 23 448
148 32 449
24 167 450
182 82 451
111 14 452
144 145 453
17 7 454
133 156 455
36 169 456
64 61 457
74 163 458
105 36 459
89 82 460
44 127 461
70 11 462
170 118 463
176 81 464
136 111 465
115 46 466
174 56 467
177 143 468
150 155 469
73 192 470
60 121 471
63 171 472
140 77 473
187 70 474
189 184 475
36 152 476
11 122 477
134 49 478
48 54 479
156 123 480
200 182 481
82 54 482
115 128 483
87 14 484
44 164 485
167 3 486
15 174 487
143 40 488
176 11 489
48 108 490
149 158 491
21 110 492
50 15 493
44 90 494
17 144 495
83 12 496
79 198 497
175 117 498
143 35 499
152 182 500
184 87 501
66 22 502
117 128 503
189 159 504
29 58 505
58 133 506
106 147 507
24 181 508
79 165 509
155 39 510
200 93 511
120 99 512
109 14 513
77 89 514
80 66 515
152 113 516
53 14 517
84 142 518
65 131 519
31 168 520
107 113 521
166 76 522
1 186 523
10 82 524
182 178 525
3 35 526
181 84 527
50 22 528
3 199 529
8 64 530
5 172 531
196 111 532
7 63 533
19 194 534
164 35 535
166 151 536
2 76 537
188 155 538
58 175 539
88 117 540
142 173 541
139 21 542
121 52 543
193 103 544
45 25 545
184 63 546
147 6 547
181 144 548
170 175 549
56 86 550
11 40 551
13 151 552
60 29 553
73 102 554
72 31 555
12 43 556
178 57 557
29 101 558
48 118 559
176 130 560
4 11 561
47 193 562
166 88 563
108 130 564
15 158 565
26 93 566
112 15 567
4 19 568
151 32 569
3 160 570
27 33 571
21 9 572
94 103 573
145 3 574
25 89 575
54 14 576
162 115 577
139 29 578
103 1 579
3 42 580
98 166 581
194 22 582
103 44 583
28 136 584
138 29 585
184 51 586
56 82 587
33 152 588
82 76 589
167 148 590
96 103 591
146 35 592
11 124 593
195 25 594
159 60 595
145 140 596
35 187 597
40 99 598
67 195 599
8 92 600
92 192 601
7 155 602
87 85 603
88 3 604
142 79 605
75 34 606
24 19 607
120 180 608
143 90 609
139 197 610
57 12 611
99 146 612
55 3 613
150 170 614
55 75 615
55 178 616
41 190 617
69 67 618
185 49 619
98 51 620
190 141 621
116 194 622
191 148 623
92 127 624
156 159 625
84 146 626
159 126 627
90 110 628
75 23 629
3 113 630
165 124 631
14 147 632
62 42 633
141 125 634
58 73 635
78 124 636
163 125 637
4 132 638
119 197 639
52 142 640
154 164 641
51 160 642
115 196 643
65 155 644
52 76 645
197 109 646
169 95 647
108 173 648
85 191 649
103 161 650
35 131 651
176 16 652
186 193 653
178 29 654
83 112 655
131 167 656
64 127 657
12 33 658
98 68 659
137 169 660
154 47 661
30 104 662
105 197 663
110 31 664
55 77 665
37 180 666
106 199 667
27 156 668
28 133 669
112 87 670
55 140 671
96 167 672
158 115 673
165 54 674
101 169 675
168 37 676
124 4 677
168 57 678
17 177 679
82 199 680
108 183 681
27 95 682
172 197 683
137 73 684
4 159 685
196 41 686
186 85 687
51 93 688
85 45 689
171 102 690
34 51 691
138 35 692
26 33 693
99 181 694
94 159 695
129 72 696
104 179 697
196 23 698
123 99 699
50 30 700
18 85 701
10 184 702
93 114 703
163 28 704
182 88 705
168 49 706
106 105 707
124 61 708
159 5 709
136 126 710
116 137 711
169 142 712
44 179 713
112 150 714
100 105 715
134 27 716
71 112 717
150 173 718
50 10 719
136 37 720
32 86 721
139 124 722
93 173 723
109 116 724
64 92 725
46 81 726
33 39 727
63 25 728
74 106 729
73 33 730
127 195 731
157 51 732
6 136 733
32 181 734
190 158 735
35 124 736
22 173 737
181 105 738
81 125 739
84 163 740
149 195 741
61 168 742
23 67 743
180 52 744
91 187 745
102 112 746
181 123 747
22 180 748
127 187 749
67 181 750
27 158 751
15 143 752
76 151 753
133 1 754
171 51 755
197 16 756
71 180 757
169 99 758
17 121 759
59 129 760
9 92 761
135 91 762
41 68 763
97 136 764
96 80 765
162 129 766
82 114 767
116 65 768
116 52 769
134 62 770
105 30 771
22 193 772
29 72 773
40 3 774
133 182 775
17 154 776
35 119 777
104 61 778
71 185 779
83 133 780
1 45 781
139 158 782
83 36 783
181 18 784
62 18 785
41 194 786
50 161 787
61 47 788
117 138 789
1 179 790
135 110 791
47 197 792
5 73 793
7 28 794
142 107 795
91 27 796
163 143 797
177 136 798
164 101 799
87 37 800
117 145 801
82 4 802
33 108 803
21 66 804
12 130 805
3 182 806
141 122 807
119 44 808
89 42 809
132 37 810
193 46 811
106 180 812
136 135 813
144 182 814
114 36 815
60 92 816
181 42 817
25 55 818
180 61 819
129 28 820
48 175 821
53 35 822
66 81 823
30 13 824
83 8 825
59 131 826
200 190 827
4 122 828
18 65 829
193 25 830
76 167 831
193 124 832
154 66 833
195 72 834
151 140 835
33 111 836
69 78 837
157 16 838
150 154 839
78 74 840
152 71 841
45 116 842
16 98 843
81 147 844
112 169 845
13 84 846
112 16 847
122 172 848
185 59 849
13 51 850
146 14 851
28 37 852
94 38 853
162 140 854
106 134 855
119 57 856
42 112 857
124 104 858
27 198 859
123 47 860
150 130 861
24 112 862
163 129 863
74 133 864
129 123 865
34 92 866
170 98 867
90 45 868
88 54 869
189 158 870
186 79 871
33 91 872
175 78 873
4 153 874
100 58 875
65 24 876
135 182 877
129 178 878
102 38 879
59 31 880
60 110 881
8 19 882
148 23 883
2 153 884
6 27 885
94 105 886
127 9 887
20 43 888
22 86 889
112 175 890
191 106 891
12 14 892
32 167 893
136 138 894
141 105 895
137 36 896
142 40 897
127 101 898
116 97 899
19 153 900
166 148 901
111 135 902
86 155 903
106 33 904
25 147 905
159 99 906
18 37 907
55 74 908
118 159 909
138 15 910
182 117 911
178 103 912
140 152 913
185 138 914
50 57 915
132 129 916
161 162 917
194 191 918
181 72 919
176 183 920
180 33 921
162 120 922
95 174 923
79 92 924
98 39 925
178 135 926
181 116 927
15 146 928
147 20 929
105 128 930
74 88 931
50 66 932
21 138 933
128 151 934
150 121 935
77 128 936
12 20 937
182 47 938
153 158 939
135 195 940
140 166 941
133 169 942
24 188 943
46 73 944
136 199 945
169 122 946
175 172 947
101 109 948
53 172 949
136 109 950
39 145 951
145 11 952
139 126 953
125 155 954
180 114 955
50 29 956
174 4 957
71 98 958
58 137 959
164 37 960
175 200 961
71 42 962
92 90 963
132 3 964
48 68 965
32 154 966
46 157 967
119 16 968
170 116 969
178 197 970
99 105 971
15 196 972
42 189 973
156 195 974
114 196 975
91 43 976
154 100 977
87 95 978
55 167 979
195 18 980
57 158 981
174 185 982
174 12 983
145 57 984
52 20 985
124 54 986
164 137 987
2 116 988
38 163 989
58 174 990
91 127 991
51 180 992
23 5 993
179 174 994
61 164 995
124 59 996
74 102 997
109 37 998
85 80 999
148 137 1000
177 116 1001
111 5 1002
139 60 1003
186 63 1004
1 158 1005
110 140 1006
19 117 1007
59 121 1008
39 173 1009
35 48 1010
10 182 1011
81 158 1012
42 32 1013
187 169 1014
110 96 1015
4 62 1016
199 68 1017
101 46 1018
31 198 1019
155 111 1020
50 125 1021
136 99 1022
25 19 1023
13 31 1024
2 130 1025
153 16 1026
64 140 1027
98 119 1028
165 24 1029
75 58 1030
18 102 1031
185 97 1032
27 103 1033
128 8 1034
119 17 1035
104 149 1036
152 49 1037
171 153 1038
65 169 1039
155 49 1040
70 41 1041
80 14 1042
153 22 1043
153 32 1044
96 58 1045
9 159 1046
189 194 1047
59 196 1048
40 166 1049
162 113 1050
53 28 1051
34 82 1052
167 35 1053
15 63 1054
163 192 1055
188 32 1056
59 61 1057
157 18 1058
35 86 1059
6 118 1060
198 138 1061
29 39 1062
147 165 1063
120 11 1064
54 167 1065
77 172 1066
12 135 1067
121 25 1068
108 155 1069
155 100 1070
197 60 1071
109 66 1072
20 139 1073
103 110 1074
112 110 1075
156 25 1076
158 5 1077
119 107 1078
62 107 1079
122 64 1080
39 85 1081
157 65 1082
12 51 1083
61 135 1084
200 129 1085
49 45 1086
107 86 1087
75 178 1088
151 145 1089
79 85 1090
173 106 1091
28 174 1092
126 142 1093
123 64 1094
141 121 1095
32 7 1096
51 156 1097
43 27 1098
194 154 1099
27 17 1100
89 69 1101
76 29 1102
71 29 1103
29 158 1104
12 97 1105
90 194 1106
110 188 1107
126 164 1108
117 70 1109
67 172 1110
134 19 1111
3 65 1112
30 200 1113
87 111 1114
136 73 1115
24 132 1116
139 102 1117
17 135 1118
193 155 1119
124 188 1120
85 23 1121
6 89 1122
65 11 1123
8 152 1124
84 94 1125
152 16 1126
82 121 1127
69 152 1128
66 51 1129
15 156 1130
53 157 1131
191 157 1132
103 139 1133
38 29 1134
47 12 1135
137 158 1136
78 114 1137
11 95 1138
47 165 1139
56 29 1140
101 56 1141
23 130 1142
84 73 1143
171 129 1144
117 77 1145
118 9 1146
119 61 1147
162 130 1148
56 12 1149
168 51 1150
75 20 1151
143 182 1152
107 11 1153
85 73 1154
135 160 1155
122 71 1156
142 176 1157
43 31 1158
1 107 1159
147 171 1160
155 143 1161
167 130 1162
106 140 1163
145 22 1164
108 27 1165
73 126 1166
51 58 1167
74 75 1168
8 179 1169
3 27 1170
84 56 1171
13 110 1172
180 190 1173
126 92 1174
81 2 1175
105 35 1176
86 149 1177
53 10 1178
111 21 1179
121 81 1180
63 26 1181
94 140 1182
61 100 1183
102 175 1184
79 111 1185
125 70 1186
47 1 1187
10 166 1188
85 109 1189
158 25 1190
146 175 1191
176 168 1192
176 65 1193
86 99 1194
133 32 1195
57 18 1196
61 90 1197
24 171 1198
129 188 1199
44 137 1200
153 133 1201
176 51 1202
190 138 1203
180 10 1204
32 12 1205
184 142 1206
100 4 1207
150 125 1208
143 93 1209
23 56 1210
155 134 1211
65 136 1212
124 48 1213
22 160 1214
158 59 1215
177 70 1216
71 100 1217
114 90 1218
190 175 1219
185 70 1220
62 110 1221
54 93 1222
40 198 1223
184 84 1224
88 185 1225
143 174 1226
130 3 1227
174 71 1228
88 189 1229
199 61 1230
53 8 1231
7 130 1232
185 144 1233
172 178 1234
181 138 1235
38 64 1236
19 113 1237
52 177 1238
32 17 1239
33 22 1240
82 115 1241
119 96 1242
53 51 1243
2 5 1244
116 15 1245
49 173 1246
52 58 1247
178 116 1248
77 118 1249
83 79 1250
70 146 1251
67 29 1252
125 10 1253
143 31 1254
6 139 1255
179 200 1256
98 136 1257
199 150 1258
15 188 1259
77 76 1260
7 165 1261
13 80 1262
125 144 1263
97 93 1264
22 31 1265
3 38 1266
38 90 1267
167 154 1268
174 175 1269
40 193 1270
37 43 1271
108 31 1272
4 189 1273
198 61 1274
56 92 1275
100 121 1276
147 55 1277
52 92 1278
64 1 1279
104 103 1280
127 61 1281
9 134 1282
118 125 1283
190 150 1284
116 13 1285
164 149 1286
106 142 1287
137 128 1288
39 7 1289
146 182 1290
172 139 1291
82 159 1292
41 183 1293
28 199 1294
165 58 1295
57 9 1296
99 110 1297
20 165 1298
186 177 1299
120 109 1300
103 69 1301
102 34 1302
174 91 1303
187 93 1304
90 131 1305
7 193 1306
24 60 1307
152 131 1308
62 175 1309
69 120 1310
68 2 1311
106 29 1312
131 9 1313
157 103 1314
58 191 1315
23 106 1316
52 164 1317
155 178 1318
72 167 1319
34 103 1320
103 135 1321
131 162 1322
195 66 1323
144 83 1324
182 184 1325
107 114 1326
147 51 1327
128 43 1328
56 7 1329
14 159 1330
94 153 1331
152 184 1332
87 42 1333
20 79 1334
30 28 1335
74 6 1336
199 157 1337
40 7 1338
54 100 1339
75 122 1340
150 98 1341
135 34 1342
1 166 1343
22 43 1344
32 145 1345
32 65 1346
116 146 1347
63 168 1348
10 110 1349
19 32 1350
123 6 1351
96 56 1352
167 177 1353
128 69 1354
160 48 1355
73 164 1356
94 132 1357
137 107 1358
145 35 1359
135 141 1360
64 161 1361
62 91 1362
58 107 1363
195 188 1364
138 86 1365
135 137 1366
148 128 1367
89 193 1368
28 52 1369
179 113 1370
112 198 1371
110 55 1372
73 3 1373
13 180 1374
190 33 1375
25 155 1376
159 39 1377
17 64 1378
1 109 1379
10 25 1380
70 73 1381
54 156 1382
6 161 1383
113 6 1384
129 40 1385
127 87 1386
120 107 1387
190 149 1388
188 183 1389
21 85 1390
186 98 1391
55 122 1392
24 160 1393
53 115 1394
91 128 1395
196 142 1396
171 152 1397
87 19 1398
145 54 1399
51 154 1400
168 53 1401
13 139 1402
178 76 1403
12 171 1404
193 97 1405
125 183 1406
145 150 1407
132 18 1408
99 62 1409
35 166 1410
54 195 1411
51 159 1412
160 63 1413
115 152 1414
190 74 1415
45 63 1416
113 140 1417
150 143 1418
25 197 1419
15 74 1420
16 93 1421
38 28 1422
22 75 1423
45 5 1424
126 91 1425
44 96 1426
173 126 1427
180 103 1428
7 185 1429
150 22 1430
48 154 1431
149 84 1432
32 22 1433
125 192 1434
102 136 1435
83 126 1436
161 60 1437
32 63 1438
117 21 1439
68 29 1440
18 7 1441
146 150 1442
67 59 1443
175 31 1444
184 22 1445
136 178 1446
140 163 1447
124 195 1448
18 40 1449
74 62 1450
143 17 1451
126 52 1452
121 91 1453
5 16 1454
57 74 1455
181 30 1456
37 189 1457
113 63 1458
12 160 1459
70 162 1460
22 55 1461
146 111 1462
14 187 1463
86 30 1464
19 75 1465
200 185 1466
159 143 1467
14 192 1468
9 63 1469
80 68 1470
89 160 1471
142 113 1472
36 192 1473
45 185 1474
17 50 1475
125 142 1476
64 119 1477
98 142 1478
92 173 1479
194 57 1480
43 116 1481
93 152 1482
43 42 1483
47 67 1484
53 162 1485
161 104 1486
109 200 1487
146 166 1488
101 126 1489
125 83 1490
125 191 1491
148 72 1492
172 19 1493
156 5 1494
37 8 1495
86 37 1496
146 187 1497
44 151 1498
178 176 1499
10 116 1500
143 131 1501
139 66 1502
170 18 1503
30 6 1504
177 4 1505
59 184 1506
169 96 1507
93 104 1508
114 200 1509
65 194 1510
51 163 1511
63 69 1512
187 132 1513
74 160 1514
11 87 1515
136 15 1516
190 191 1517
52 89 1518
37 128 1519
48 7 1520
29 18 1521
11 50 1522
8 66 1523
86 168 1524
92 55 1525
188 80 1526
44 92 1527
15 65 1528
36 8 1529
139 104 1530
120 97 1531
37 125 1532
16 74 1533
64 105 1534
13 109 1535
71 59 1536
119 101 1537
68 136 1538
49 164 1539
101 162 1540
99 6 1541
11 64 1542
117 153 1543
1 37 1544
82 178 1545
76 30 1546
6 159 1547
19 26 1548
37 190 1549
95 94 1550
71 197 1551
44 39 1552
168 111 1553
157 111 1554
77 119 1555
187 53 1556
40 110 1557
90 105 1558
104 110 1559
78 151 1560
200 70 1561
120 1 1562
43 184 1563
51 95 1564
193 19 1565
139 190 1566
95 85 1567
11 99 1568
73 143 1569
54 135 1570
182 62 1571
40 20 1572
98 11 1573
75 119 1574
149 138 1575
155 124 1576
19 143 1577
73 115 1578
22 138 1579
79 125 1580
105 158 1581
106 6 1582
142 54 1583
130 62 1584
79 152 1585
20 183 1586
133 173 1587
125 44 1588
24 119 1589
10 92 1590
195 15 1591
27 68 1592
113 191 1593
44 56 1594
31 78 1595
14 55 1596
15 168 1597
24 162 1598
176 96 1599
75 79 1600
155 185 1601
133 107 1602
84 51 1603
191 89 1604
71 192 1605
163 98 1606
23 63 1607
185 87 1608
97 4 1609
126 95 1610
85 137 1611
1 143 1612
32 68 1613
60 115 1614
199 142 1615
39 1 1616
64 89 1617
83 128 1618
67 123 1619
39 128 1620
117 169 1621
108 119 1622
31 33 1623
21 27 1624
45 191 1625
191 36 1626
81 80 1627
72 81 1628
116 28 1629
22 104 1630
46 184 1631
9 62 1632
87 177 1633
156 194 1634
64 99 1635
86 130 1636
108 99 1637
45 57 1638
199 85 1639
74 8 1640
196 187 1641
20 34 1642
18 117 1643
97 19 1644
17 95 1645
78 180 1646
125 143 1647
191 9 1648
94 70 1649
68 37 1650
107 88 1651
71 108 1652
75 90 1653
180 178 1654
171 149 1655
112 36 1656
114 58 1657
63 6 1658
58 79 1659
94 145 1660
192 74 1661
99 57 1662
15 192 1663
41 52 1664
193 30 1665
108 79 1666
133 4 1667
102 167 1668
73 17 1669
125 105 1670
194 123 1671
100 50 1672
177 37 1673
99 106 1674
103 68 1675
23 35 1676
65 56 1677
173 129 1678
9 168 1679
127 190 1680
139 152 1681
7 58 1682
21 69 1683
107 130 1684
162 179 1685
64 80 1686
200 71 1687
137 45 1688
191 141 1689
97 162 1690
184 109 1691
116 69 1692
152 60 1693
88 57 1694
165 145 1695
178 106 1696
67 12 1697
88 183 1698
77 31 1699
9 133 1700
194 103 1701
19 44 1702
155 200 1703
181 168 1704
59 8 1705
74 177 1706
98 83 1707
61 97 1708
135 131 1709
189 92 1710
74 155 1711
96 11 1712
24 20 1713
72 54 1714
158 102 1715
28 45 1716
15 169 1717
79 177 1718
114 155 1719
110 130 1720
106 119 1721
5 10 1722
8 79 1723
91 169 1724
159 154 1725
103 158 1726
47 192 1727
190 143 1728
88 13 1729
136 132 1730
107 169 1731
128 72 1732
53 100 1733
76 48 1734
8 162 1735
145 138 1736
2 65 1737
43 168 1738
198 1 1739
36 194 1740
160 154 1741
121 137 1742
171 91 1743
47 113 1744
116 17 1745
61 122 1746
48 105 1747
48 168 1748
131 21 1749
81 119 1750
66 161 1751
98 62 1752
187 87 1753
79 138 1754
172 80 1755
48 53 1756
83 188 1757
171 78 1758
136 39 1759
1 151 1760
154 18 1761
24 87 1762
139 130 1763
70 19 1764
99 197 1765
132 57 1766
132 54 1767
66 65 1768
176 70 1769
44 43 1770
44 181 1771
170 171 1772
188 62 1773
51 165 1774
198 90 1775
96 199 1776
83 169 1777
20 25 1778
90 192 1779
120 44 1780
166 133 1781
29 170 1782
22 101 1783
34 199 1784
45 159 1785
102 63 1786
163 25 1787
193 6 1788
165 16 1789
154 49 1790
180 122 1791
27 92 1792
105 80 1793
143 129 1794
12 35 1795
175 114 1796
56 200 1797
135 108 1798
139 116 1799
21 76 1800
60 81 1801
141 55 1802
19 11 1803
11 109 1804
59 1 1805
168 45 1806
191 142 1807
185 21 1808
22 30 1809
68 146 1810
81 108 1811
5 108 1812
38 134 1813
200 49 1814
96 91 1815
112 26 1816
124 187 1817
60 54 1818
124 190 1819
4 166 1820
38 181 1821
196 27 1822
9 198 1823
190 109 1824
6 69 1825
87 165 1826
38 57 1827
95 83 1828
28 27 1829
158 200 1830
16 76 1831
126 31 1832
166 102 1833
46 182 1834
32 81 1835
39 97 1836
145 104 1837
49 159 1838
86 31 1839
82 143 1840
86 1 1841
77 192 1842
43 7 1843
96 36 1844
175 46 1845
30 164 1846
16 92 1847
176 129 1848
94 162 1849
153 197 1850
24 200 1851
88 1 1852
189 195 1853
139 96 1854
57 191 1855
138 131 1856
163 78 1857
78 35 1858
43 35 1859
23 32 1860
195 5 1861
83 28 1862
74 38 1863
172 133 1864
81 167 1865
27 190 1866
117 156 1867
133 183 1868
95 103 1869
121 67 1870
190 184 1871
160 185 1872
178 61 1873
6 20 1874
15 186 1875
151 174 1876
2 52 1877
105 34 1878
165 113 1879
49 167 1880
160 20 1881
118 54 1882
194 6 1883
106 197 1884
30 150 1885
3 71 1886
145 141 1887
7 72 1888
167 116 1889
33 92 1890
142 168 1891
183 89 1892
130 78 1893
52 81 1894
30 191 1895
34 60 1896
102 176 1897
149 23 1898
55 64 1899
135 179 1900
88 6 1901
166 159 1902
8 17 1903
174 31 1904
144 12 1905
41 100 1906
113 160 1907
165 80 1908
58 130 1909
138 30 1910
155 28 1911
41 40 1912
64 30 1913
196 143 1914
111 197 1915
147 158 1916
105 190 1917
94 5 1918
123 149 1919
171 157 1920
52 152 1921
20 107 1922
82 23 1923
194 29 1924
162 93 1925
67 35 1926
182 125 1927
50 133 1928
171 168 1929
122 21 1930
11 48 1931
133 187 1932
164 160 1933
164 98 1934
24 137 1935
32 125 1936
127 168 1937
87 100 1938
132 165 1939
47 145 1940
9 163 1941
178 144 1942
6 86 1943
98 175 1944
194 26 1945
7 47 1946
139 4 1947
76 188 1948
85 33 1949
112 93 1950
118 93 1951
6 3 1952
61 132 1953
184 117 1954
144 79 1955
40 102 1956
200 142 1957
79 160 1958
22 61 1959
171 119 1960
163 13 1961
79 123 1962
77 93 1963
180 74 1964
159 127 1965
147 118 1966
54 86 1967
198 155 1968
93 75 1969
57 29 1970
74 56 1971
172 192 1972
28 166 1973
67 144 1974
104 178 1975
31 27 1976
54 41 1977
189 121 1978
159 69 1979
111 129 1980
60 196 1981
194 35 1982
53 191 1983
66 97 1984
161 105 1985
3 9 1986
76 8 1987
89 162 1988
187 138 1989
26 34 1990
165 139 1991
118 116 1992
177 141 1993
142 114 1994
164 195 1995
122 170 1996
91 84 1997
87 171 1998
54 180 1999
28 12 2000
91 48 2001
63 197 2002
67 137 2003
132 156 2004
22 58 2005
89 120 2006
194 130 2007
47 179 2008
93 101 2009
151 120 2010
83 171 2011
200 35 2012
45 112 2013
48 101 2014
156 142 2015
38 31 2016
65 48 2017
195 89 2018
150 138 2019
19 91 2020
114 158 2021
75 136 2022
126 115 2023
76 37 2024
186 200 2025
6 190 2026
183 131 2027
171 28 2028
68 107 2029
92 7 2030
154 151 2031
97 153 2032
162 48 2033
89 116 2034
112 67 2035
1 183 2036
72 3 2037
34 159 2038
42 30 2039
184 149 2040
164 176 2041
108 148 2042
158 63 2043
66 183 2044
39 160 2045
50 4 2046
19 71 2047
154 172 2048
41 79 2049
70 51 2050
27 101 2051
91 80 2052
9 142 2053
52 159 2054
165 29 2055
175 120 2056
77 80 2057
25 118 2058
73 78 2059
96 22 2060
83 156 2061
40 154 2062
33 144 2063
61 195 2064
116 185 2065
37 95 2066
117 194 2067
159 151 2068
128 146 2069
77 169 2070
28 127 2071
56 6 2072
164 114 2073
200 95 2074
145 195 2075
122 99 2076
113 174 2077
111 115 2078
192 52 2079
32 74 2080
80 24 2081
101 28 2082
114 173 2083
83 51 2084
142 178 2085
11 1 2086
49 87 2087
162 36 2088
187 71 2089
19 129 2090
32 49 2091
37 7 2092
15 52 2093
161 82 2094
175 118 2095
59 89 2096
149 96 2097
124 1 2098
161 107 2099
149 62 2100
121 123 2101
69 4 2102
33 137 2103
16 50 2104
144 38 2105
186 157 2106
188 139 2107
106 108 2108
150 74 2109
157 9 2110
121 27 2111
72 112 2112
131 105 2113
57 32 2114
51 74 2115
12 101 2116
96 147 2117
89 40 2118
125 134 2119
26 16 2120
46 85 2121
113 91 2122
136 82 2123
107 2 2124
119 12 2125
99 193 2126
185 36 2127
22 15 2128
29 198 2129
35 13 2130
80 181 2131
171 26 2132
152 161 2133
88 73 2134
17 115 2135
53 21 2136
105 83 2137
128 191 2138
188 142 2139
16 31 2140
81 44 2141
124 176 2142
158 160 2143
139 69 2144
141 23 2145
34 176 2146
67 82 2147
19 106 2148
120 161 2149
95 79 2150
45 27 2151
75 179 2152
125 92 2153
100 110 2154
19 43 2155
166 162 2156
17 155 2157
164 69 2158
143 184 2159
122 56 2160
39 139 2161
94 71 2162
43 185 2163
160 144 2164
74 7 2165
157 64 2166
41 16 2167
169 76 2168
128 178 2169
26 160 2170
2 89 2171
198 83 2172
25 153 2173
78 123 2174
6 124 2175
54 30 2176
159 76 2177
158 88 2178
125 29 2179
134 172 2180
9 48 2181
4 107 2182
52 168 2183
188 38 2184
12 134 2185
93 22 2186
167 98 2187
119 48 2188
200 174 2189
87 77 2190
109 129 2191
83 121 2192
35 142 2193
5 50 2194
39 68 2195
42 183 2196
17 49 2197
119 166 2198
169 92 2199
152 127 2200
146 10 2201
49 78 2202
5 188 2203
194 178 2204
124 131 2205
146 16 2206
109 75 2207
200 90 2208
42 76 2209
172 57 2210
104 20 2211
180 77 2212
143 81 2213
164 67 2214
59 172 2215
174 52 2216
128 172 2217
47 184 2218
177 151 2219
37 153 2220
33 100 2221
121 65 2222
178 112 2223
7 176 2224
68 135 2225
110 195 2226
154 144 2227
146 1 2228
140 7 2229
121 69 2230
198 44 2231
74 11 2232
110 166 2233
5 171 2234
4 78 2235
175 100 2236
145 200 2237
83 184 2238
32 140 2239
30 57 2240
16 171 2241
172 8 2242
126 177 2243
21 10 2244
101 120 2245
24 91 2246
109 198 2247
187 166 2248
74 1 2249
92 24 2250
77 164 2251
126 161 2252
105 112 2253
174 2 2254
165 149 2255
75 189 2256
114 43 2257
74 130 2258
36 198 2259
153 43 2260
133 89 2261
164 72 2262
33 45 2263
153 134 2264
92 176 2265
62 21 2266
26 43 2267
150 156 2268
64 182 2269
185 22 2270
29 192 2271
15 69 2272
150 103 2273
199 191 2274
167 77 2275
25 7 2276
79 193 2277
86 65 2278
68 35 2279
56 24 2280
159 141 2281
189 173 2282
2 8 2283
92 166 2284
128 11 2285
108 72 2286
43 195 2287
86 120 2288
92 172 2289
32 127 2290
47 10 2291
39 69 2292
95 20 2293
77 179 2294
172 177 2295
17 47 2296
137 77 2297
123 127 2298
149 166 2299
121 104 2300
65 156 2301
62 43 2302
123 30 2303
36 45 2304
42 18 2305
135 170 2306
159 1 2307
183 67 2308
105 114 2309
140 58 2310
67 38 2311
59 38 2312
182 8 2313
30 115 2314
102 125 2315
121 126 2316
71 66 2317
51 198 2318
127 124 2319
163 27 2320
95 159 2321
29 199 2322
16 97 2323
185 196 2324
194 136 2325
61 72 2326
37 51 2327
41 138 2328
147 144 2329
87 164 2330
123 141 2331
173 181 2332
80 142 2333
1 163 2334
195 79 2335
140 164 2336
15 199 2337
162 77 2338
116 7 2339
115 183 2340
87 128 2341
6 60 2342
97 191 2343
48 77 2344
147 2 2345
15 115 2346
43 25 2347
31 147 2348
84 45 2349
65 58 2350
6 11 2351
147 120 2352
35 179 2353
71 46 2354
113 70 2355
160 120 2356
30 65 2357
78 131 2358
175 38 2359
34 68 2360
5 28 2361
198 131 2362
104 13 2363
190 187 2364
170 33 2365
4 167 2366
114 168 2367
51 149 2368
83 37 2369
20 121 2370
101 115 2371
87 3 2372
146 52 2373
22 120 2374
187 159 2375
144 127 2376
47 181 2377
192 61 2378
199 33 2379
125 58 2380
36 28 2381
149 173 2382
32 171 2383
154 136 2384
103 200 2385
32 147 2386
104 97 2387
28 114 2388
80 183 2389
98 178 2390
169 82 2391
163 116 2392
116 190 2393
167 150 2394
81 107 2395
122 79 2396
126 182 2397
56 8 2398
53 120 2399
174 49 2400
186 82 2401
29 32 2402
9 150 2403
38 138 2404
196 37 2405
41 170 2406
95 121 2407
61 157 2408
110 146 2409
190 152 2410
183 22 2411
100 112 2412
194 101 2413
33 153 2414
103 131 2415
165 14 2416
25 114 2417
133 30 2418
24 130 2419
11 140 2420
42 67 2421
73 123 2422
42 151 2423
21 34 2424
32 118 2425
91 119 2426
43 159 2427
187 171 2428
37 16 2429
185 78 2430
187 83 2431
58 168 2432
198 152 2433
176 40 2434
181 103 2435
8 58 2436
166 125 2437
179 48 2438
30 174 2439
57 16 2440
61 166 2441
61 40 2442
57 80 2443
184 124 2444
184 40 2445
101 32 2446
30 101 2447
44 154 2448
148 73 2449
136 185 2450
121 108 2451
191 88 2452
176 100 2453
118 171 2454
53 24 2455
190 29 2456
149 22 2457
155 192 2458
41 181 2459
109 41 2460
199 31 2461
114 75 2462
36 76 2463
198 3 2464
32 100 2465
120 158 2466
188 198 2467
61 33 2468
88 181 2469
166 154 2470
36 53 2471
56 134 2472
90 108 2473
104 200 2474
4 60 2475
24 146 2476
144 51 2477
108 144 2478
198 89 2479
196 34 2480
173 28 2481
130 170 2482
136 104 2483
79 154 2484
85 130 2485
68 168 2486
119 60 2487
105 127 2488
199 30 2489
46 189 2490
8 47 2491
11 165 2492
194 110 2493
68 78 2494
50 158 2495
147 111 2496
93 82 2497
86 190 2498
24 121 2499
50 27 2500
150 38 2501
155 182 2502
183 83 2503
186 134 2504
100 171 2505
17 25 2506
181 25 2507
20 41 2508
99 45 2509
129 130 2510
6 128 2511
167 85 2512
27 142 2513
180 193 2514
186 125 2515
70 141 2516
51 49 2517
108 97 2518
23 78 2519
28 159 2520
4 143 2521
199 98 2522
178 37 2523
109 199 2524
38 145 2525
138 111 2526
187 110 2527
2 167 2528
167 17 2529
73 16 2530
127 197 2531
124 180 2532
134 169 2533
72 189 2534
143 188 2535
62 123 2536
48 96 2537
108 93 2538
83 161 2539
6 22 2540
175 92 2541
167 19 2542
193 27 2543
107 200 2544
137 124 2545
197 56 2546
73 129 2547
66 145 2548
124 38 2549
128 132 2550
99 48 2551
115 161 2552
20 72 2553
131 89 2554
175 168 2555
178 156 2556
35 92 2557
200 141 2558
185 110 2559
35 41 2560
35 128 2561
92 111 2562
48 172 2563
2 28 2564
177 97 2565
160 67 2566
67 13 2567
21 177 2568
178 196 2569
172 65 2570
184 56 2571
122 100 2572
187 51 2573
62 15 2574
82 194 2575
9 23 2576
159 54 2577
105 6 2578
199 81 2579
87 169 2580
42 142 2581
124 68 2582
161 23 2583
32 51 2584
172 16 2585
141 27 2586
138 175 2587
20 200 2588
78 167 2589
19 101 2590
114 149 2591
176 117 2592
146 131 2593
74 82 2594
130 112 2595
41 145 2596
77 8 2597
75 143 2598
5 162 2599
6 171 2600
40 29 2601
104 183 2602
192 150 2603
91 183 2604
180 84 2605
157 153 2606
117 87 2607
34 91 2608
160 103 2609
49 66 2610
41 168 2611
46 112 2612
162 84 2613
184 68 2614
58 78 2615
127 4 2616
150 79 2617
26 66 2618
47 105 2619
101 87 2620
15 78 2621
165 44 2622
79 136 2623
85 154 2624
35 171 2625
183 40 2626
47 125 2627
180 162 2628
186 158 2629
165 166 2630
177 5 2631
129 199 2632
182 150 2633
98 198 2634
80 192 2635
185 10 2636
199 53 2637
129 151 2638
99 113 2639
2 180 2640
169 181 2641
133 88 2642
57 114 2643
161 89 2644
56 136 2645
190 45 2646
6 200 2647
150 116 2648
114 32 2649
128 5 2650
94 149 2651
15 179 2652
77 71 2653
23 179 2654
113 77 2655
52 59 2656
39 45 2657
119 150 2658
116 18 2659
55 127 2660
102 93 2661
191 118 2662
77 46 2663
87 67 2664
16 6 2665
199 114 2666
120 27 2667
136 131 2668
116 142 2669
16 120 2670
7 138 2671
109 124 2672
185 2 2673
119 136 2674
127 121 2675
194 149 2676
22 186 2677
157 193 2678
83 24 2679
86 92 2680
54 106 2681
81 1 2682
172 159 2683
101 199 2684
42 49 2685
67 2 2686
126 189 2687
60 103 2688
96 196 2689
149 12 2690
128 96 2691
200 153 2692
119 14 2693
140 105 2694
126 184 2695
151 84 2696
61 24 2697
10 174 2698
42 106 2699
163 104 2700
66 90 2701
177 84 2702
87 116 2703
109 100 2704
95 162 2705
96 134 2706
110 155 2707
141 52 2708
164 56 2709
155 129 2710
124 70 2711
60 59 2712
122 158 2713
105 157 2714
114 145 2715
113 1 2716
27 81 2717
75 15 2718
35 133 2719
190 55 2720
131 154 2721
174 115 2722
124 163 2723
72 153 2724
95 44 2725
71 184 2726
17 146 2727
76 135 2728
194 120 2729
18 48 2730
43 5 2731
58 116 2732
199 103 2733
153 182 2734
59 64 2735
12 66 2736
12 9 2737
173 137 2738
171 150 2739
40 163 2740
10 89 2741
95 182 2742
158 130 2743
162 96 2744
175 147 2745
33 5 2746
91 60 2747
44 84 2748
34 45 2749
192 177 2750
195 91 2751
10 192 2752
178 86 2753
184 161 2754
33 103 2755
63 13 2756
119 192 2757
166 95 2758
41 99 2759
144 119 2760
120 118 2761
147 191 2762
52 19 2763
184 178 2764
117 86 2765
192 46 2766
85 47 2767
98 4 2768
182 54 2769
162 10 2770
129 182 2771
75 6 2772
66 10 2773
40 148 2774
1 177 2775
109 194 2776
61 121 2777
36 108 2778
144 36 2779
37 80 2780
95 198 2781
88 144 2782
14 158 2783
129 198 2784
36 87 2785
137 161 2786
149 176 2787
127 75 2788
181 194 2789
97 95 2790
128 194 2791
159 2 2792
167 26 2793
109 163 2794
191 54 2795
121 66 2796
106 124 2797
171 73 2798
138 192 2799
196 88 2800
39 75 2801
152 64 2802
94 156 2803
51 27 2804
82 118 2805
95 88 2806
189 131 2807
100 42 2808
48 193 2809
27 105 2810
94 192 2811
144 69 2812
114 85 2813
167 18 2814
117 61 2815
92 137 2816
117 127 2817
107 116 2818
148 71 2819
192 33 2820
157 80 2821
48 61 2822
78 177 2823
78 42 2824
170 37 2825
76 124 2826
129 70 2827
154 31 2828
87 148 2829
135 153 2830
174 120 2831
32 164 2832
65 111 2833
125 176 2834
18 115 2835
47 138 2836
140 109 2837
34 185 2838
69 36 2839
158 18 2840
58 132 2841
156 185 2842
12 70 2843
164 18 2844
164 75 2845
33 15 2846
130 104 2847
177 85 2848
22 94 2849
194 144 2850
82 86 2851
196 91 2852
160 147 2853
179 82 2854
152 84 2855
196 163 2856
64 16 2857
2 93 2858
96 197 2859
188 87 2860
72 115 2861
7 70 2862
63 137 2863
189 111 2864
178 79 2865
48 110 2866
184 92 2867
137 131 2868
49 133 2869
81 174 2870
197 152 2871
117 96 2872
101 47 2873
165 114 2874
177 178 2875
129 161 2876
113 139 2877
173 90 2878
46 64 2879
117 133 2880
88 16 2881
171 160 2882
49 188 2883
175 10 2884
86 74 2885
188 52 2886
77 39 2887
2 53 2888
17 111 2889
180 85 2890
163 170 2891
59 100 2892
34 100 2893
174 34 2894
18 8 2895
90 39 2896
110 59 2897
122 128 2898
152 19 2899
162 155 2900
3 47 2901
37 134 2902
108 196 2903
134 146 2904
199 105 2905
55 172 2906
34 141 2907
109 53 2908
82 44 2909
150 37 2910
88 184 2911
65 98 2912
196 164 2913
48 17 2914
58 136 2915
9 6 2916
147 108 2917
94 200 2918
164 157 2919
18 14 2920
199 134 2921
190 169 2922
187 75 2923
161 146 2924
148 50 2925
153 78 2926
141 168 2927
29 77 2928
93 170 2929
25 115 2930
19 50 2931
191 55 2932
113 199 2933
164 62 2934
119 15 2935
70 53 2936
58 167 2937
33 183 2938
33 178 2939
110 70 2940
77 176 2941
176 4 2942
65 87 2943
55 158 2944
127 46 2945
185 188 2946
109 115 2947
24 161 2948
43 69 2949
132 137 2950
1 56 2951
83 141 2952
150 58 2953
67 6 2954
135 147 2955
190 186 2956
52 150 2957
70 112 2958
138 159 2959
84 148 2960
59 163 2961
44 41 2962
28 169 2963
87 178 2964
99 69 2965
38 46 2966
132 88 2967
95 146 2968
199 172 2969
194 186 2970
20 128 2971
38 86 2972
117 15 2973
29 124 2974
94 135 2975
42 39 2976
160 159 2977
73 150 2978
161 151 2979
103 123 2980
108 35 2981
36 60 2982
129 25 2983
120 169 2984
158 4 2985
119 59 2986
48 132 2987
70 150 2988
152 105 2989
24 186 2990
151 74 2991
87 22 2992
68 13 2993
96 158 2994
154 198 2995
99 191 2996
42 200 2997
7 190 2998
184 32 2999
86 131 3000
143 39 3001
161 192 3002
141 12 3003
125 140 3004
82 43 3005
139 108 3006
21 1 3007
82 48 3008
52 23 3009
56 10 3010
90 37 3011
173 67 3012
155 122 3013
53 142 3014
180 157 3015
164 78 3016
167 165 3017
174 157 3018
123 125 3019
103 127 3020
14 69 3021
178 111 3022
28 77 3023
101 63 3024
119 86 3025
197 181 3026
139 194 3027
200 123 3028
25 166 3029
137 16 3030
96 95 3031
73 54 3032
76 165 3033
80 191 3034
64 185 3035
124 118 3036
101 122 3037
76 185 3038
4 131 3039
147 92 3040
114 69 3041
128 161 3042
44 195 3043
186 36 3044
95 21 3045
98 190 3046
171 45 3047
185 195 3048
163 76 3049
66 52 3050
16 80 3051
178 70 3052
155 23 3053
29 47 3054
192 102 3055
94 26 3056
134 82 3057
47 13 3058
2 36 3059
146 126 3060
91 177 3061
30 68 3062
167 42 3063
63 124 3064
184 20 3065
158 22 3066
161 176 3067
133 120 3068
155 142 3069
90 140 3070
24 44 3071
174 48 3072
45 113 3073
43 23 3074
74 115 3075
43 147 3076
140 132 3077
129 63 3078
64 143 3079
36 85 3080
131 40 3081
85 90 3082
121 51 3083
140 130 3084
184 151 3085
134 164 3086
116 101 3087
9 197 3088
50 152 3089
198 169 3090
166 41 3091
183 96 3092
92 51 3093
124 36 3094
195 101 3095
33 130 3096
37 107 3097
26 55 3098
23 70 3099
66 28 3100
158 93 3101
192 64 3102
55 161 3103
168 135 3104
71 12 3105
103 26 3106
140 177 3107
189 197 3108
28 98 3109
199 176 3110
3 178 3111
33 10 3112
167 199 3113
196 175 3114
140 75 3115
26 189 3116
73 173 3117
18 109 3118
48 130 3119
70 38 3120
189 165 3121
23 144 3122
176 20 3123
162 60 3124
41 77 3125
148 104 3126
192 140 3127
186 68 3128
124 117 3129
75 63 3130
148 152 3131
141 198 3132
85 12 3133
20 137 3134
37 156 3135
161 29 3136
101 44 3137
39 28 3138
120 34 3139
57 111 3140
1 10 3141
170 124 3142
104 34 3143
181 132 3144
169 130 3145
147 137 3146
27 187 3147
79 97 3148
87 80 3149
39 43 3150
102 199 3151
14 127 3152
156 147 3153
53 57 3154
7 41 3155
52 10 3156
34 181 3157
86 93 3158
164 127 3159
119 11 3160
69 18 3161
14 199 3162
147 131 3163
89 26 3164
156 163 3165
53 186 3166
94 186 3167
1 16 3168
127 181 3169
190 66 3170
24 139 3171
161 102 3172
97 26 3173
48 171 3174
36 33 3175
62 131 3176
80 35 3177
14 49 3178
189 185 3179
25 133 3180
39 125 3181
104 66 3182
72 10 3183
113 82 3184
176 182 3185
9 70 3186
179 130 3187
33 120 3188
11 16 3189
181 98 3190
141 199 3191
59 155 3192
117 53 3193
101 141 3194
48 125 3195
117 155 3196
188 34 3197
20 23 3198
52 165 3199
168 46 3200
158 30 3201
178 26 3202
5 52 3203
76 41 3204
195 169 3205
85 57 3206
148 8 3207
65 191 3208
45 123 3209
151 37 3210
113 92 3211
189 41 3212
33 156 3213
103 102 3214
18 1 3215
75 125 3216
98 172 3217
52 173 3218
1 72 3219
116 155 3220
18 141 3221
126 47 3222
193 159 3223
110 109 3224
51 54 3225
168 189 3226
200 48 3227
97 135 3228
37 99 3229
107 61 3230
154 117 3231
101 155 3232
163 8 3233
52 65 3234
29 83 3235
95 131 3236
100 126 3237
22 100 3238
80 129 3239
84 3 3240
127 108 3241
85 20 3242
106 31 3243
91 73 3244
10 149 3245
81 43 3246
87 173 3247
50 75 3248
173 177 3249
132 30 3250
103 47 3251
145 43 3252
149 43 3253
8 33 3254
49 140 3255
178 73 3256
84 186 3257
11 118 3258
32 175 3259
187 73 3260
194 185 3261
9 83 3262
91 3 3263
55 69 3264
21 102 3265
89 115 3266
73 50 3267
58 70 3268
160 137 3269
65 89 3270
188 98 3271
172 79 3272
72 155 3273
100 28 3274
21 190 3275
82 117 3276
134 200 3277
144 135 3278
29 17 3279
13 1 3280
16 126 3281
141 166 3282
168 13 3283
127 120 3284
24 170 3285
173 5 3286
139 159 3287
131 186 3288
158 198 3289
187 102 3290
82 66 3291
140 13 3292
54 200 3293
35 84 3294
130 147 3295
107 72 3296
177 128 3297
165 61 3298
97 21 3299
49 55 3300
177 127 3301
118 121 3302
23 183 3303
8 170 3304
198 149 3305
51 117 3306
200 18 3307
32 47 3308
53 130 3309
138 144 3310
141 146 3311
59 147 3312
3 124 3313
34 173 3314
1 129 3315
172 62 3316
124 141 3317
116 126 3318
72 130 3319
39 18 3320
130 52 3321
108 142 3322
132 45 3323
76 181 3324
13 197 3325
4 21 3326
173 44 3327
177 189 3328
5 15 3329
142 149 3330
126 194 3331
91 67 3332
12 166 3333
43 107 3334
136 44 3335
58 28 3336
109 182 3337
41 10 3338
192 176 3339
123 142 3340
142 28 3341
182 40 3342
159 26 3343
25 132 3344
22 67 3345
74 141 3346
104 62 3347
14 152 3348
85 156 3349
142 186 3350
194 137 3351
9 24 3352
108 52 3353
70 67 3354
91 59 3355
30 8 3356
125 26 3357
37 6 3358
11 159 3359
119 139 3360
95 35 3361
144 136 3362
73 109 3363
27 62 3364
45 58 3365
96 143 3366
105 20 3367
105 63 3368
112 147 3369
10 148 3370
112 96 3371
200 106 3372
139 42 3373
178 100 3374
175 96 3375
76 14 3376
29 79 3377
142 11 3378
199 151 3379
86 26 3380
124 24 3381
172 162 3382
107 147 3383
113 65 3384
89 62 3385
72 47 3386
86 151 3387
159 183 3388
57 15 3389
10 131 3390
65 180 3391
153 113 3392
134 109 3393
43 77 3394
178 101 3395
33 132 3396
29 27 3397
86 163 3398
14 27 3399
161 72 3400
106 53 3401
183 14 3402
63 126 3403
29 195 3404
189 36 3405
5 142 3406
147 29 3407
32 71 3408
183 187 3409
194 64 3410
158 36 3411
90 185 3412
32 195 3413
183 87 3414
184 144 3415
120 62 3416
116 54 3417
57 102 3418
187 16 3419
142 189 3420
147 113 3421
36 39 3422
148 172 3423
175 192 3424
61 105 3425
179 66 3426
45 78 3427
85 65 3428
126 65 3429
9 129 3430
34 148 3431
46 57 3432
101 136 3433
171 139 3434
101 95 3435
59 152 3436
132 161 3437
48 24 3438
99 7 3439
18 163 3440
136 100 3441
187 186 3442
81 91 3443
191 4 3444
5 198 3445
199 84 3446
196 125 3447
70 75 3448
165 109 3449
31 92 3450
26 181 3451
33 145 3452
200 130 3453
102 191 3454
197 5 3455
98 134 3456
59 13 3457
102 39 3458
189 8 3459
3 90 3460
106 5 3461
150 45 3462
130 151 3463
197 117 3464
22 197 3465
17 170 3466
35 140 3467
143 110 3468
97 74 3469
46 27 3470
55 157 3471
133 69 3472
150 191 3473
140 57 3474
82 108 3475
100 193 3476
200 124 3477
27 104 3478
185 183 3479
42 11 3480
197 74 3481
5 61 3482
191 70 3483
140 78 3484
197 182 3485
196 200 3486
63 167 3487
158 128 3488
184 179 3489
8 86 3490
198 17 3491
175 50 3492
198 4 3493
90 23 3494
179 180 3495
28 124 3496
148 86 3497
91 41 3498
48 196 3499
24 95 3500
113 128 3501
82 157 3502
166 87 3503
6 83 3504
80 199 3505
21 2 3506
39 132 3507
148 46 3508
118 87 3509
170 178 3510
3 41 3511
20 161 3512
156 124 3513
111 38 3514
54 61 3515
195 98 3516
119 56 3517
115 167 3518
188 60 3519
177 20 3520
26 174 3521
89 11 3522
19 29 3523
198 55 3524
172 181 3525
16 13 3526
88 67 3527
134 75 3528
187 106 3529
106 181 3530
113 122 3531
113 166 3532
104 113 3533
28 25 3534
46 144 3535
194 33 3536
107 155 3537
44 146 3538
29 107 3539
58 37 3540
91 170 3541
33 129 3542
152 74 3543
1 94 3544
117 111 3545
34 194 3546
136 150 3547
158 146 3548
169 17 3549
53 68 3550
42 136 3551
1 96 3552
142 154 3553
83 59 3554
196 9 3555
16 159 3556
16 113 3557
180 186 3558
135 155 3559
169 177 3560
88 66 3561
197 196 3562
68 24 3563
137 11 3564
58 6 3565
94 102 3566
143 123 3567
79 7 3568
50 52 3569
192 169 3570
125 133 3571
197 168 3572
4 10 3573
104 138 3574
193 51 3575
105 156 3576
97 14 3577
149 18 3578
133 16 3579
120 172 3580
168 78 3581
144 117 3582
166 112 3583
100 144 3584
108 19 3585
186 31 3586
140 81 3587
141 68 3588
80 174 3589
199 124 3590
18 106 3591
43 98 3592
49 149 3593
78 22 3594
122 167 3595
132 70 3596
168 151 3597
110 78 3598
128 51 3599
86 186 3600
8 11 3601
181 178 3602
95 143 3603
157 60 3604
78 188 3605
68 163 3606
105 118 3607
125 61 3608
22 2 3609
50 155 3610
180 148 3611
71 89 3612
121 34 3613
29 172 3614
167 159 3615
163 63 3616
21 148 3617
148 29 3618
18 24 3619
93 50 3620
171 37 3621
66 19 3622
90 11 3623
111 133 3624
88 19 3625
58 180 3626
55 144 3627
36 125 3628
175 8 3629
27 2 3630
156 114 3631
46 124 3632
83 71 3633
47 102 3634
79 128 3635
168 113 3636
125 7 3637
16 155 3638
16 168 3639
39 2 3640
131 87 3641
196 77 3642
110 117 3643
147 121 3644
79 130 3645
18 174 3646
31 73 3647
127 194 3648
119 50 3649
8 154 3650
141 126 3651
14 17 3652
101 183 3653
20 126 3654
60 171 3655
198 84 3656
19 171 3657
112 34 3658
3 185 3659
86 5 3660
167 175 3661
4 13 3662
90 55 3663
165 197 3664
124 169 3665
104 112 3666
179 6 3667
72 77 3668
70 164 3669
98 114 3670
95 138 3671
23 50 3672
54 166 3673
58 63 3674
30 136 3675
177 93 3676
58 15 3677
191 24 3678
176 78 3679
73 48 3680
47 58 3681
122 185 3682
123 152 3683
125 38 3684
161 84 3685
34 86 3686
129 190 3687
66 85 3688
152 13 3689
73 131 3690
52 32 3691
51 155 3692
26 129 3693
5 118 3694
141 188 3695
169 6 3696
100 152 3697
120 50 3698
177 6 3699
145 174 3700
41 163 3701
6 39 3702
137 178 3703
43 97 3704
138 141 3705
118 31 3706
85 140 3707
188 173 3708
165 115 3709
147 128 3710
190 38 3711
162 170 3712
53 165 3713
189 118 3714
197 77 3715
192 127 3716
119 163 3717
107 16 3718
9 188 3719
132 84 3720
82 110 3721
103 52 3722
85 121 3723
91 180 3724
61 28 3725
172 146 3726
174 36 3727
176 15 3728
126 185 3729
133 23 3730
97 179 3731
3 56 3732
183 86 3733
141 29 3734
183 59 3735
152 193 3736
29 74 3737
13 123 3738
72 156 3739
53 171 3740
120 116 3741
37 85 3742
36 43 3743
14 193 3744
57 138 3745
62 95 3746
47 140 3747
178 150 3748
117 37 3749
119 149 3750
86 69 3751
85 82 3752
134 36 3753
98 95 3754
161 81 3755
54 120 3756
99 161 3757
102 70 3758
154 135 3759
3 123 3760
87 195 3761
101 76 3762
195 63 3763
19 23 3764
3 57 3765
73 66 3766
66 60 3767
101 123 3768
127 79 3769
70 190 3770
30 81 3771
105 193 3772
65 147 3773
22 68 3774
112 157 3775
30 91 3776
149 16 3777
34 142 3778
106 125 3779
56 9 3780
198 186 3781
133 194 3782
86 174 3783
160 148 3784
123 139 3785
9 143 3786
110 168 3787
18 193 3788
145 55 3789
75 152 3790
136 105 3791
23 7 3792
85 141 3793
30 9 3794
132 103 3795
61 143 3796
99 87 3797
183 173 3798
167 59 3799
60 42 3800
187 142 3801
14 21 3802
122 108 3803
92 168 3804
3 110 3805
148 62 3806
40 135 3807
191 95 3808
132 107 3809
115 62 3810
156 155 3811
161 67 3812
187 50 3813
86 159 3814
61 51 3815
172 176 3816
170 129 3817
77 177 3818
135 4 3819
53 119 3820
14 84 3821
59 125 3822
137 10 3823
116 57 3824
103 120 3825
128 130 3826
108 87 3827
44 116 3828
102 81 3829
150 1 3830
187 92 3831
194 98 3832
63 14 3833
87 60 3834
17 99 3835
68 94 3836
104 188 3837
159 18 3838
47 31 3839
124 125 3840
108 136 3841
42 186 3842
89 135 3843
110 128 3844
63 199 3845
82 148 3846
63 84 3847
166 196 3848
194 1 3849
120 167 3850
110 54 3851
188 57 3852
41 164 3853
58 46 3854
9 171 3855
4 52 3856
70 77 3857
166 68 3858
84 29 3859
44 135 3860
32 3 3861
116 36 3862
42 122 3863
150 6 3864
165 183 3865
181 37 3866
109 54 3867
183 45 3868
129 177 3869
17 24 3870
35 165 3871
76 132 3872
52 33 3873
131 44 3874
120 61 3875
106 194 3876
101 60 3877
104 175 3878
105 16 3879
147 84 3880
172 164 3881
151 24 3882
60 128 3883
60 123 3884
63 65 3885
102 104 3886
100 81 3887
118 181 3888
108 176 3889
158 89 3890
129 192 3891
7 104 3892
76 179 3893
170 53 3894
14 23 3895
58 145 3896
198 127 3897
66 178 3898
142 121 3899
120 193 3900
66 112 3901
142 39 3902
183 154 3903
127 106 3904
90 41 3905
39 50 3906
32 83 3907
88 29 3908
47 144 3909
16 72 3910
94 150 3911
133 127 3912
28 121 3913
103 167 3914
114 117 3915
69 104 3916
3 193 3917
101 138 3918
170 191 3919
181 148 3920
119 177 3921
164 83 3922
134 141 3923
22 179 3924
124 92 3925
98 154 3926
177 134 3927
185 95 3928
148 197 3929
44 113 3930
76 56 3931
151 195 3932
170 111 3933
195 155 3934
26 5 3935
127 149 3936
68 51 3937
104 38 3938
124 51 3939
78 62 3940
158 194 3941
166 105 3942
151 182 3943
49 73 3944
39 83 3945
153 104 3946
37 123 3947
24 173 3948
8 173 3949
175 59 3950
9 161 3951
170 160 3952
101 147 3953
164 34 3954
76 86 3955
46 105 3956
127 67 3957
91 100 3958
177 62 3959
68 95 3960
111 103 3961
161 51 3962
105 180 3963
165 73 3964
187 173 3965
128 52 3966
87 75 3967
152 177 3968
190 185 3969
3 107 3970
12 159 3971
113 171 3972
161 148 3973
85 70 3974
144 77 3975
15 94 3976
113 156 3977
124 91 3978
23 73 3979
91 85 3980
9 36 3981
197 58 3982
181 162 3983
18 56 3984
133 168 3985
134 39 3986
78 77 3987
28 188 3988
70 168 3989
186 174 3990
6 59 3991
82 138 3992
41 158 3993
168 173 3994
121 183 3995
116 122 3996
19 46 3997
41 169 3998
95 194 3999
165 187 4000
24 159 4001
73 134 4002
198 121 4003
119 10 4004
162 68 4005
97 187 4006
77 124 4007
133 197 4008
138 84 4009
71 169 4010
136 74 4011
43 101 4012
138 54 4013
193 183 4014
145 126 4015
86 101 4016
90 121 4017
10 85 4018
95 60 4019
10 158 4020
175 194 4021
5 175 4022
126 111 4023
65 19 4024
53 1 4025
143 20 4026
24 29 4027
113 194 4028
22 168 4029
171 97 4030
45 44 4031
186 181 4032
199 5 4033
42 103 4034
31 52 4035
7 139 4036
179 88 4037
128 107 4038
91 168 4039
192 145 4040
47 14 4041
79 38 4042
93 17 4043
197 135 4044
15 132 4045
151 198 4046
12 46 4047
195 150 4048
18 97 4049
144 6 4050
137 106 4051
174 6 4052
149 54 4053
190 53 4054
84 140 4055
25 88 4056
147 177 4057
149 61 4058
105 8 4059
51 172 4060
127 102 4061
4 17 4062
173 61 4063
45 61 4064
92 48 4065
33 155 4066
134 71 4067
120 21 4068
109 32 4069
78 162 4070
61 9 4071
46 28 4072
62 79 4073
133 41 4074
161 27 4075
29 142 4076
13 128 4077
120 143 4078
114 29 4079
151 5 4080
151 27 4081
145 122 4082
177 161 4083
113 157 4084
115 146 4085
150 163 4086
29 150 4087
189 69 4088
48 51 4089
170 10 4090
198 108 4091
136 29 4092
69 160 4093
196 103 4094
172 99 4095
35 19 4096
132 120 4097
146 143 4098
107 84 4099
41 147 4100
63 68 4101
140 83 4102
189 178 4103
7 163 4104
40 90 4105
119 200 4106
116 124 4107
93 8 4108
39 181 4109
126 132 4110
27 182 4111
42 83 4112
59 18 4113
151 137 4114
189 33 4115
124 185 4116
24 138 4117
66 120 4118
59 68 4119
133 45 4120
83 109 4121
57 196 4122
35 100 4123
97 152 4124
87 138 4125
39 76 4126
182 35 4127
84 188 4128
32 31 4129
78 101 4130
68 57 4131
162 116 4132
84 165 4133
117 90 4134
147 198 4135
139 72 4136
46 26 4137
34 64 4138
70 50 4139
6 135 4140
66 180 4141
131 169 4142
80 19 4143
178 191 4144
183 63 4145
39 172 4146
166 193 4147
5 126 4148
74 36 4149
44 176 4150
118 139 4151
60 120 4152
69 72 4153
68 177 4154
3 4 4155
77 188 4156
198 128 4157
117 140 4158
33 139 4159
95 149 4160
88 103 4161
138 92 4162
37 9 4163
27 147 4164
193 190 4165
139 23 4166
190 68 4167
185 121 4168
166 17 4169
44 187 4170
137 179 4171
115 77 4172
81 57 4173
158 70 4174
111 62 4175
195 167 4176
12 89 4177
93 10 4178
50 132 4179
194 85 4180
71 48 4181
173 60 4182
68 67 4183
152 38 4184
16 85 4185
138 171 4186
139 15 4187
9 130 4188
60 192 4189
79 163 4190
69 66 4191
120 121 4192
45 161 4193
143 85 4194
99 187 4195
115 70 4196
30 72 4197
185 4 4198
180 199 4199
29 28 4200
80 108 4201
22 133 4202
30 129 4203
111 19 4204
127 184 4205
116 94 4206
195 78 4207
170 78 4208
14 103 4209
49 153 4210
174 178 4211
181 109 4212
156 66 4213
81 41 4214
83 117 4215
78 111 4216
94 89 4217
102 157 4218
71 2 4219
153 30 4220
164 107 4221
6 158 4222
120 76 4223
77 67 4224
19 154 4225
65 165 4226
157 56 4227
100 19 4228
149 15 4229
30 103 4230
146 21 4231
2 152 4232
84 17 4233
136 90 4234
193 131 4235
28 149 4236
147 149 4237
137 166 4238
19 173 4239
85 54 4240
180 128 4241
88 9 4242
185 35 4243
48 49 4244
21 11 4245
171 175 4246
103 12 4247
47 52 4248
200 195 4249
93 32 4250
82 146 4251
176 26 4252
191 181 4253
162 133 4254
144 92 4255
146 185 4256
183 93 4257
98 105 4258
145 51 4259
168 124 4260
166 181 4261
98 76 4262
19 198 4263
5 34 4264
74 17 4265
184 89 4266
60 137 4267
106 7 4268
154 124 4269
45 125 4270
187 191 4271
186 23 4272
99 26 4273
140 12 4274
178 92 4275
174 158 4276
69 50 4277
26 25 4278
44 180 4279
176 180 4280
105 19 4281
83 66 4282
54 15 4283
116 14 4284
197 10 4285
135 156 4286
134 85 4287
165 174 4288
197 161 4289
82 141 4290
79 13 4291
188 105 4292
13 91 4293
150 76 4294
70 140 4295
182 190 4296
77 11 4297
38 162 4298
143 139 4299
55 21 4300
26 186 4301
1 138 4302
108 53 4303
101 107 4304
147 119 4305
19 27 4306
80 32 4307
15 100 4308
98 2 4309
65 119 4310
192 111 4311
3 29 4312
44 10 4313
12 4 4314
134 127 4315
103 32 4316
56 162 4317
59 30 4318
116 121 4319
97 31 4320
7 61 4321
17 37 4322
114 151 4323
13 41 4324
102 165 4325
147 169 4326
94 175 4327
173 156 4328
172 100 4329
157 47 4330
45 107 4331
20 77 4332
13 43 4333
91 71 4334
30 38 4335
58 103 4336
26 141 4337
163 139 4338
198 76 4339
99 126 4340
127 3 4341
20 181 4342
83 34 4343
149 2 4344
143 71 4345
125 96 4346
183 77 4347
106 185 4348
80 124 4349
60 55 4350
1 102 4351
105 76 4352
175 122 4353
192 180 4354
199 24 4355
84 16 4356
37 139 4357
95 84 4358
56 148 4359
171 158 4360
172 129 4361
139 178 4362
56 111 4363
93 192 4364
88 32 4365
157 12 4366
87 159 4367
92 93 4368
147 50 4369
66 115 4370
166 169 4371
192 190 4372
58 98 4373
190 32 4374
55 31 4375
168 55 4376
185 86 4377
6 51 4378
183 52 4379
163 194 4380
65 44 4381
69 82 4382
19 84 4383
103 140 4384
115 56 4385
186 147 4386
94 193 4387
190 61 4388
84 104 4389
162 178 4390
26 104 4391
96 31 4392
187 154 4393
156 13 4394
30 160 4395
73 163 4396
90 187 4397
19 58 4398
144 121 4399
113 144 4400
81 186 4401
56 40 4402
191 175 4403
131 150 4404
41 130 4405
125 170 4406
62 105 4407
11 49 4408
68 83 4409
124 157 4410
180 19 4411
124 186 4412
8 38 4413
8 52 4414
195 46 4415
37 10 4416
63 153 4417
195 19 4418
171 110 4419
70 120 4420
190 19 4421
94 83 4422
84 1 4423
114 72 4424
99 114 4425
150 161 4426
155 181 4427
18 156 4428
27 94 4429
102 100 4430
8 160 4431
147 140 4432
71 140 4433
28 105 4434
12 143 4435
35 30 4436
53 159 4437
154 36 4438
164 48 4439
100 101 4440
93 99 4441
40 64 4442
186 38 4443
143 65 4444
106 91 4445
15 43 4446
187 31 4447
169 154 4448
180 158 4449
75 12 4450
29 25 4451
162 160 4452
157 77 4453
88 101 4454
128 141 4455
32 194 4456
162 156 4457
154 181 4458
168 50 4459
170 164 4460
31 158 4461
68 195 4462
155 45 4463
140 65 4464
87 126 4465
21 16 4466
185 67 4467
60 64 4468
159 129 4469
164 159 4470
71 129 4471
114 48 4472
84 173 4473
94 49 4474
138 197 4475
185 111 4476
130 68 4477
29 4 4478
140 3 4479
12 169 4480
132 10 4481
121 193 4482
4 104 4483
52 38 4484
47 97 4485
103 57 4486
95 31 4487
73 51 4488
25 108 4489
37 141 4490
117 36 4491
112 115 4492
65 88 4493
153 18 4494
1 121 4495
88 135 4496
39 49 4497
118 195 4498
183 46 4499
126 193 4500
102 198 4501
29 179 4502
23 72 4503
53 181 4504
112 170 4505
188 133 4506
134 61 4507
139 26 4508
191 184 4509
192 9 4510
114 63 4511
34 152 4512
14 182 4513
39 71 4514
155 44 4515
40 74 4516
185 83 4517
106 131 4518
10 64 4519
14 139 4520
106 97 4521
127 100 4522
146 125 4523
128 53 4524
193 70 4525
7 195 4526
140 21 4527
56 93 4528
37 91 4529
1 46 4530
6 104 4531
180 93 4532
40 76 4533
39 59 4534
192 55 4535
64 148 4536
151 121 4537
142 165 4538
113 146 4539
182 15 4540
91 198 4541
74 172 4542
53 52 4543
147 164 4544
52 86 4545
120 142 4546
156 62 4547
18 119 4548
43 93 4549
197 82 4550
183 149 4551
93 103 4552
131 97 4553
54 31 4554
147 153 4555
33 17 4556
137 61 4557
64 21 4558
170 139 4559
15 153 4560
102 33 4561
167 34 4562
101 89 4563
4 25 4564
161 147 4565
85 160 4566
169 153 4567
197 83 4568
70 76 4569
184 187 4570
51 197 4571
160 133 4572
78 157 4573
67 93 4574
193 163 4575
182 76 4576
17 173 4577
9 46 4578
176 31 4579
23 100 4580
29 46 4581
165 108 4582
162 175 4583
80 21 4584
164 182 4585
188 89 4586
124 107 4587
177 138 4588
181 86 4589
54 3 4590
105 4 4591
191 115 4592
163 14 4593
98 33 4594
135 20 4595
11 81 4596
58 55 4597
39 112 4598
78 141 4599
69 182 4600
192 195 4601
191 14 4602
55 68 4603
39 105 4604
39 13 4605
145 155 4606
124 9 4607
153 173 4608
190 75 4609
133 185 4610
65 198 4611
129 135 4612
123 185 4613
29 113 4614
63 43 4615
145 65 4616
73 98 4617
86 25 4618
14 74 4619
22 77 4620
154 27 4621
175 197 4622
91 36 4623
186 165 4624
44 149 4625
88 80 4626
86 109 4627
82 36 4628
187 199 4629
3 188 4630
19 39 4631
134 30 4632
92 97 4633
125 85 4634
10 112 4635
82 131 4636
56 131 4637
56 47 4638
190 67 4639
112 84 4640
195 37 4641
175 67 4642
155 11 4643
141 1 4644
79 109 4645
122 1 4646
116 171 4647
68 164 4648
48 55 4649
94 18 4650
163 70 4651
110 17 4652
147 62 4653
69 155 4654
94 143 4655
35 70 4656
72 55 4657
5 27 4658
137 105 4659
105 183 4660
126 98 4661
134 118 4662
83 60 4663
82 109 4664
94 34 4665
102 12 4666
130 175 4667
155 187 4668
103 66 4669
3 86 4670
89 121 4671
120 129 4672
67 142 4673
197 40 4674
63 70 4675
108 38 4676
49 98 4677
7 67 4678
164 168 4679
128 3 4680
155 174 4681
35 26 4682
3 176 4683
113 93 4684
41 85 4685
13 77 4686
151 132 4687
16 69 4688
80 153 4689
168 7 4690
194 40 4691
11 61 4692
161 118 4693
126 3 4694
123 126 4695
114 1 4696
175 93 4697
180 151 4698
95 160 4699
182 157 4700
129 89 4701
132 64 4702
120 65 4703
153 198 4704
91 165 4705
183 182 4706
179 65 4707
181 22 4708
68 38 4709
127 160 4710
3 180 4711
109 57 4712
28 22 4713
132 105 4714
88 41 4715
183 166 4716
70 39 4717
117 54 4718
71 5 4719
104 47 4720
191 71 4721
148 36 4722
119 143 4723
139 12 4724
57 154 4725
109 112 4726
141 118 4727
137 32 4728
138 66 4729
48 190 4730
50 7 4731
23 157 4732
98 107 4733
59 42 4734
58 82 4735
21 47 4736
22 18 4737
77 74 4738
144 164 4739
90 84 4740
124 5 4741
197 8 4742
97 161 4743
70 78 4744
163 72 4745
171 39 4746
98 117 4747
13 194 4748
155 94 4749
179 106 4750
57 56 4751
33 41 4752
107 17 4753
185 96 4754
42 24 4755
177 139 4756
183 132 4757
106 107 4758
71 84 4759
52 129 4760
167 198 4761
104 100 4762
56 62 4763
182 85 4764
136 96 4765
40 88 4766
155 9 4767
168 157 4768
101 121 4769
127 66 4770
162 37 4771
160 87 4772
40 199 4773
1 136 4774
88 152 4775
176 24 4776
185 8 4777
156 42 4778
175 2 4779
151 99 4780
35 76 4781
114 119 4782
42 194 4783
6 79 4784
167 196 4785
89 81 4786
139 135 4787
190 88 4788
194 119 4789
174 169 4790
176 189 4791
192 13 4792
66 29 4793
51 56 4794
155 127 4795
163 176 4796
131 151 4797
153 77 4798
112 103 4799
12 105 4800
21 78 4801
155 52 4802
111 95 4803
61 145 4804
74 165 4805
106 126 4806
17 67 4807
191 104 4808
28 141 4809
193 119 4810
139 32 4811
200 41 4812
111 74 4813
42 72 4814
191 152 4815
6 82 4816
147 52 4817
117 162 4818
79 106 4819
23 12 4820
168 147 4821
87 54 4822
135 175 4823
170 47 4824
111 120 4825
50 38 4826
135 5 4827
96 141 4828
14 157 4829
40 4 4830
49 192 4831
86 196 4832
15 114 4833
193 181 4834
50 108 4835
73 167 4836
121 41 4837
27 64 4838
98 187 4839
33 14 4840
79 129 4841
63 83 4842
58 33 4843
93 149 4844
6 62 4845
10 144 4846
82 64 4847
174 196 4848
163 88 4849
124 133 4850
191 86 4851
38 157 4852
165 67 4853
68 149 4854
50 165 4855
122 156 4856
55 63 4857
109 187 4858
64 15 4859
44 91 4860
167 87 4861
33 77 4862
32 37 4863
181 57 4864
23 34 4865
136 197 4866
9 110 4867
73 55 4868
151 150 4869
109 87 4870
23 156 4871
38 54 4872
100 182 4873
59 111 4874
142 197 4875
32 24 4876
192 130 4877
57 127 4878
141 137 4879
2 171 4880
142 170 4881
128 28 4882
18 135 4883
129 140 4884
60 27 4885
80 111 4886
140 167 4887
70 118 4888
177 41 4889
140 73 4890
64 171 4891
162 17 4892
59 157 4893
186 176 4894
84 134 4895
155 120 4896
133 123 4897
1 79 4898
42 164 4899
77 60 4900
73 24 4901
59 15 4902
171 85 4903
54 7 4904
13 193 4905
114 146 4906
109 111 4907
68 151 4908
70 31 4909
98 122 4910
6 65 4911
168 27 4912
27 35 4913
140 33 4914
76 12 4915
121 158 4916
170 137 4917
117 115 4918
117 185 4919
176 118 4920
99 38 4921
135 99 4922
169 32 4923
3 28 4924
97 41 4925
160 174 4926
135 2 4927
96 75 4928
165 90 4929
13 145 4930
101 98 4931
117 91 4932
100 76 4933
39 179 4934
93 153 4935
189 153 4936
84 11 4937
83 14 4938
21 141 4939
119 162 4940
125 110 4941
157 92 4942
61 41 4943
71 133 4944
135 13 4945
160 43 4946
26 142 4947
147 44 4948
186 58 4949
114 133 4950
163 95 4951
87 144 4952
65 72 4953
95 40 4954
118 155 4955
192 56 4956
19 67 4957
150 109 4958
6 2 4959
83 15 4960
26 114 4961
107 99 4962
76 154 4963
53 183 4964
26 47 4965
17 140 4966
189 90 4967
54 39 4968
16 128 4969
105 40 4970
85 101 4971
111 156 4972
174 44 4973
32 113 4974
100 197 4975
82 21 4976
143 57 4977
130 11 4978
127 47 4979
86 19 4980
125 87 4981
153 10 4982
178 8 4983
77 6 4984
147 103 4985
193 142 4986
166 64 4987
82 120 4988
193 160 4989
131 177 4990
197 131 4991
145 188 4992
99 185 4993
181 140 4994
178 27 4995
129 7 4996
87 135 4997
116 79 4998
167 197 4999
192 28 5000
116 56 5001
111 190 5002
152 66 5003
104 134 5004
48 44 5005
160 34 5006
69 143 5007
199 125 5008
134 66 5009
123 53 5010
88 187 5011
153 13 5012
195 100 5013
52 55 5014
142 117 5015
61 147 5016
186 60 5017
33 80 5018
2 72 5019
156 120 5020
151 90 5021
50 154 5022
35 149 5023
191 26 5024
108 159 5025
136 47 5026
16 48 5027
7 102 5028
65 7 5029
1 126 5030
63 104 5031
191 96 5032
9 94 5033
167 157 5034
130 97 5035
98 103 5036
166 83 5037
62 129 5038
94 32 5039
37 61 5040
159 40 5041
183 47 5042
21 175 5043
168 93 5044
77 107 5045
78 43 5046
86 67 5047
94 129 5048
134 50 5049
184 55 5050
54 13 5051
82 61 5052
159 150 5053
130 73 5054
91 77 5055
104 88 5056
46 111 5057
34 43 5058
37 5 5059
123 25 5060
118 197 5061
169 145 5062
104 23 5063
62 72 5064
22 17 5065
151 31 5066
97 20 5067
173 1 5068
26 9 5069
81 123 5070
193 175 5071
94 154 5072
12 173 5073
37 161 5074
41 87 5075
59 53 5076
43 183 5077
196 81 5078
108 166 5079
17 192 5080
124 101 5081
93 20 5082
58 109 5083
41 185 5084
188 40 5085
164 11 5086
10 140 5087
123 76 5088
53 104 5089
28 108 5090
86 87 5091
110 12 5092
79 86 5093
189 104 5094
123 66 5095
97 129 5096
35 4 5097
168 83 5098
142 47 5099
198 114 5100
174 146 5101
88 97 5102
150 13 5103
58 24 5104
79 56 5105
180 164 5106
37 188 5107
131 22 5108
133 67 5109
141 42 5110
79 153 5111
47 36 5112
73 166 5113
94 85 5114
85 132 5115
92 152 5116
163 145 5117
192 4 5118
148 58 5119
126 86 5120
108 160 5121
126 22 5122
114 11 5123
105 14 5124
170 136 5125
85 128 5126
174 73 5127
25 57 5128
97 22 5129
77 40 5130
54 127 5131
136 31 5132
85 159 5133
148 141 5134
135 35 5135
2 85 5136
132 199 5137
136 168 5138
101 143 5139
117 12 5140
129 93 5141
97 119 5142
162 103 5143
150 114 5144
8 126 5145
71 79 5146
26 143 5147
95 66 5148
48 139 5149
25 94 5150
3 112 5151
31 178 5152
124 14 5153
35 196 5154
60 105 5155
190 77 5156
32 198 5157
65 14 5158
31 85 5159
139 3 5160
65 53 5161
91 155 5162
170 105 5163
16 116 5164
36 123 5165
78 94 5166
144 173 5167
73 179 5168
134 144 5169
45 24 5170
21 52 5171
73 61 5172
107 69 5173
26 140 5174
19 22 5175
26 187 5176
23 195 5177
71 81 5178
81 99 5179
113 187 5180
175 145 5181
117 3 5182
140 200 5183
97 2 5184
192 21 5185
170 99 5186
4 190 5187
17 126 5188
60 62 5189
125 94 5190
23 29 5191
90 127 5192
42 4 5193
157 1 5194
168 30 5195
175 176 5196
193 116 5197
38 72 5198
100 44 5199
106 8 5200
17 9 5201
157 69 5202
81 23 5203
147 36 5204
55 156 5205
73 149 5206
14 173 5207
6 138 5208
66 5 5209
91 17 5210
130 18 5211
167 70 5212
80 109 5213
23 59 5214
11 141 5215
39 21 5216
197 45 5217
120 81 5218
179 89 5219
21 162 5220
155 109 5221
1 180 5222
190 160 5223
157 138 5224
81 87 5225
5 97 5226
35 39 5227
97 10 5228
65 170 5229
196 28 5230
32 18 5231
9 1 5232
188 132 5233
30 110 5234
186 170 5235
117 48 5236
4 58 5237
155 21 5238
53 129 5239
147 150 5240
60 151 5241
4 26 5242
46 153 5243
32 58 5244
16 194 5245
144 93 5246
134 187 5247
118 142 5248
139 110 5249
123 80 5250
24 142 5251
185 26 5252
124 130 5253
199 18 5254
93 148 5255
45 192 5256
87 172 5257
169 173 5258
128 68 5259
53 169 5260
74 175 5261
144 21 5262
107 13 5263
54 137 5264
153 187 5265
8 174 5266
57 48 5267
81 4 5268
195 198 5269
46 5 5270
166 36 5271
187 157 5272
57 124 5273
185 103 5274
182 127 5275
4 118 5276
36 59 5277
174 132 5278
156 93 5279
45 31 5280
95 23 5281
164 141 5282
111 16 5283
144 43 5284
99 116 5285
22 10 5286
6 15 5287
40 175 5288
88 44 5289
5 179 5290
163 173 5291
168 159 5292
155 70 5293
181 182 5294
43 29 5295
109 46 5296
96 2 5297
179 103 5298
141 150 5299
36 84 5300
29 127 5301
154 105 5302
126 43 5303
178 56 5304
180 170 5305
60 138 5306
101 72 5307
161 61 5308
121 102 5309
144 172 5310
164 142 5311
137 30 5312
30 32 5313
148 194 5314
59 113 5315
123 88 5316
29 175 5317
40 33 5318
45 182 5319
36 41 5320
70 83 5321
182 58 5322
19 5 5323
188 109 5324
190 13 5325
57 139 5326
123 38 5327
116 88 5328
160 37 5329
78 84 5330
112 95 5331
101 82 5332
115 187 5333
135 33 5334
187 108 5335
142 124 5336
30 89 5337
189 198 5338
45 20 5339
77 109 5340
91 161 5341
143 21 5342
73 22 5343
30 20 5344
14 22 5345
128 27 5346
195 136 5347
186 182 5348
191 200 5349
109 30 5350
147 91 5351
83 50 5352
180 49 5353
99 84 5354
86 7 5355
119 156 5356
166 132 5357
95 50 5358
8 70 5359
70 90 5360
115 172 5361
40 34 5362
191 189 5363
167 68 5364
133 115 5365
165 6 5366
148 165 5367
47 130 5368
75 51 5369
18 55 5370
50 191 5371
63 61 5372
1 73 5373
58 97 5374
157 74 5375
13 58 5376
137 108 5377
111 188 5378
91 115 5379
11 43 5380
86 194 5381
100 106 5382
12 72 5383
187 139 5384
39 101 5385
5 24 5386
9 125 5387
172 96 5388
155 136 5389
163 21 5390
117 50 5391
191 68 5392
11 170 5393
63 47 5394
5 123 5395
52 102 5396
50 26 5397
186 119 5398
81 76 5399
18 122 5400
