200 5100 5100
167 196 1
17 7 2
87 43 3
1 28 4
61 157 5
162 37 6
19 71 7
69 82 8
167 116 9
178 103 10
197 182 11
126 19 12
87 95 13
54 134 14
19 143 15
56 94 16
25 197 17
163 170 18
87 159 19
139 108 20
60 105 21
70 76 22
97 19 23
5 52 24
113 157 25
97 187 26
48 17 27
49 73 28
116 101 29
92 93 30
190 186 31
199 103 32
79 13 33
99 156 34
107 200 35
138 35 36
172 146 37
68 168 38
92 17 39
106 134 40
71 90 41
7 165 42
76 37 43
20 121 44
167 77 45
104 178 46
80 142 47
132 140 48
150 173 49
106 8 50
142 165 51
48 53 52
1 107 53
27 2 54
83 169 55
23 106 56
27 102 57
195 18 58
12 171 59
175 19 60
164 168 61
59 131 62
44 187 63
9 110 64
45 58 65
171 152 66
45 159 67
89 32 68
139 110 69
54 86 70
139 22 71
76 165 72
183 40 73
115 146 74
154 135 75
168 111 76
86 194 77
150 79 78
22 56 79
60 138 80
93 20 81
55 3 82
55 144 83
15 63 84
185 2 85
160 137 86
152 127 87
73 22 88
130 151 89
71 169 90
48 102 91
7 155 92
130 11 93
159 154 94
109 30 95
76 12 96
9 6 97
95 159 98
97 152 99
181 42 100
196 171 101
48 175 102
106 85 103
127 106 104
57 80 105
58 145 106
109 95 107
18 14 108
21 11 109
101 68 110
11 87 111
126 17 112
17 9 113
131 150 114
103 47 115
189 195 116
104 13 117
186 85 118
44 176 119
27 104 120
55 140 121
139 126 122
1 37 123
91 100 124
40 198 125
91 77 126
124 111 127
110 141 128
178 116 129
30 135 130
195 5 131
82 110 132
192 46 133
190 32 134
178 86 135
175 168 136
171 39 137
80 111 138
68 177 139
93 158 140
49 164 141
58 42 142
49 133 143
14 17 144
158 200 145
94 49 146
195 63 147
11 16 148
156 155 149
48 51 150
197 82 151
179 180 152
167 154 153
96 75 154
194 64 155
51 95 156
90 41 157
70 168 158
70 139 159
174 178 160
158 46 161
186 155 162
121 137 163
21 16 164
198 44 165
149 96 166
105 35 167
142 197 168
52 19 169
103 123 170
165 78 171
5 126 172
4 60 173
131 9 174
121 193 175
183 89 176
137 161 177
37 43 178
140 136 179
58 46 180
133 4 181
20 23 182
93 10 183
169 142 184
37 95 185
28 159 186
30 170 187
196 37 188
15 196 189
24 200 190
121 66 191
47 181 192
54 39 193
7 28 194
1 168 195
37 123 196
95 182 197
125 176 198
128 53 199
42 112 200
156 147 201
59 15 202
162 68 203
16 69 204
115 71 205
65 198 206
108 166 207
29 177 208
35 48 209
176 180 210
64 185 211
18 196 212
54 95 213
5 50 214
26 34 215
132 84 216
159 26 217
147 164 218
60 59 219
87 60 220
93 99 221
104 183 222
26 140 223
194 85 224
4 17 225
48 125 226
9 125 227
4 11 228
42 67 229
49 140 230
195 78 231
65 136 232
61 97 233
26 141 234
148 128 235
82 157 236
190 160 237
22 100 238
175 10 239
191 96 240
174 44 241
153 16 242
77 179 243
21 102 244
67 137 245
156 148 246
176 4 247
40 102 248
55 69 249
68 13 250
50 59 251
17 154 252
49 87 253
183 46 254
35 196 255
67 82 256
112 89 257
86 1 258
13 109 259
26 114 260
122 64 261
18 193 262
123 47 263
180 158 264
83 79 265
43 111 266
58 149 267
161 118 268
65 87 269
40 7 270
162 155 271
136 37 272
182 54 273
105 128 274
178 100 275
12 97 276
51 58 277
86 120 278
86 30 279
119 150 280
188 105 281
12 143 282
48 110 283
10 131 284
91 73 285
144 173 286
119 96 287
140 58 288
9 48 289
2 171 290
3 105 291
144 51 292
175 96 293
73 179 294
119 12 295
174 2 296
57 9 297
133 127 298
192 125 299
25 133 300
192 56 301
118 155 302
90 11 303
198 21 304
187 159 305
95 198 306
50 4 307
128 107 308
54 41 309
76 38 310
85 176 311
136 39 312
164 98 313
90 105 314
110 31 315
69 160 316
15 143 317
3 178 318
144 77 319
74 6 320
54 14 321
146 35 322
199 150 323
60 64 324
195 66 325
54 166 326
200 124 327
187 173 328
85 159 329
199 98 330
24 132 331
69 104 332
87 178 333
146 16 334
18 106 335
184 178 336
34 141 337
161 55 338
13 86 339
149 16 340
147 198 341
77 176 342
25 19 343
67 123 344
151 198 345
73 54 346
44 39 347
34 103 348
117 115 349
132 10 350
93 6 351
183 59 352
117 133 353
163 145 354
76 185 355
120 44 356
103 69 357
12 160 358
74 155 359
87 19 360
60 192 361
42 76 362
120 116 363
141 23 364
43 7 365
76 30 366
126 64 367
38 157 368
63 126 369
140 7 370
14 51 371
32 17 372
19 58 373
174 36 374
95 103 375
163 98 376
31 158 377
29 79 378
21 1 379
194 29 380
30 32 381
123 80 382
25 7 383
82 66 384
70 162 385
61 72 386
40 3 387
73 131 388
156 120 389
140 105 390
4 99 391
129 151 392
164 50 393
130 52 394
149 62 395
82 159 396
172 129 397
126 111 398
185 196 399
196 40 400
188 155 401
66 60 402
80 199 403
187 71 404
54 61 405
147 36 406
47 52 407
163 72 408
19 129 409
153 197 410
100 126 411
84 1 412
66 30 413
40 33 414
11 109 415
90 187 416
54 8 417
82 114 418
152 113 419
30 28 420
115 13 421
157 56 422
27 17 423
89 42 424
132 88 425
99 62 426
170 178 427
25 104 428
98 119 429
199 125 430
80 68 431
130 147 432
140 75 433
81 123 434
2 153 435
75 15 436
192 150 437
88 144 438
192 130 439
76 9 440
142 189 441
177 127 442
176 147 443
183 83 444
122 167 445
23 86 446
50 52 447
44 135 448
29 39 449
27 64 450
142 176 451
132 165 452
21 124 453
36 87 454
1 109 455
94 83 456
70 78 457
121 91 458
194 123 459
8 47 460
114 173 461
19 198 462
111 50 463
74 177 464
112 84 465
177 20 466
200 35 467
33 91 468
46 112 469
134 118 470
151 145 471
178 76 472
139 116 473
85 45 474
66 81 475
74 75 476
163 194 477
165 90 478
178 61 479
35 13 480
132 120 481
71 66 482
136 131 483
188 80 484
42 173 485
6 15 486
48 154 487
125 26 488
127 124 489
34 92 490
74 59 491
145 195 492
181 18 493
115 128 494
138 171 495
199 30 496
31 73 497
16 80 498
133 156 499
104 97 500
84 163 501
26 9 502
139 194 503
3 99 504
118 159 505
154 151 506
159 199 507
164 107 508
191 118 509
4 19 510
11 48 511
138 66 512
75 116 513
77 60 514
39 2 515
87 80 516
37 139 517
194 136 518
73 126 519
79 92 520
200 182 521
92 75 522
82 48 523
23 5 524
100 110 525
68 170 526
77 31 527
197 168 528
170 18 529
88 19 530
32 167 531
4 167 532
159 129 533
41 183 534
152 105 535
180 52 536
172 16 537
155 192 538
127 87 539
184 149 540
162 116 541
72 77 542
47 36 543
176 51 544
147 140 545
54 106 546
167 70 547
162 115 548
59 157 549
16 171 550
82 61 551
82 43 552
30 13 553
170 98 554
95 194 555
124 68 556
48 139 557
39 172 558
190 67 559
188 183 560
161 67 561
178 73 562
187 166 563
98 4 564
30 72 565
156 159 566
117 21 567
62 175 568
105 180 569
118 142 570
95 31 571
50 15 572
167 150 573
54 135 574
190 185 575
114 85 576
165 108 577
170 118 578
79 128 579
129 25 580
29 28 581
69 4 582
36 108 583
76 132 584
164 18 585
141 105 586
102 38 587
25 115 588
40 175 589
175 165 590
96 11 591
14 58 592
89 115 593
29 4 594
200 49 595
149 22 596
114 168 597
43 93 598
59 171 599
144 117 600
31 175 601
125 44 602
166 143 603
183 86 604
33 103 605
1 129 606
23 7 607
68 51 608
49 55 609
35 87 610
10 184 611
67 142 612
148 154 613
145 65 614
150 22 615
54 195 616
184 63 617
69 120 618
99 7 619
78 77 620
110 155 621
143 123 622
167 85 623
30 164 624
196 76 625
101 155 626
106 5 627
21 138 628
136 135 629
169 99 630
118 31 631
108 35 632
65 58 633
199 126 634
123 150 635
47 31 636
28 141 637
91 155 638
65 89 639
149 2 640
74 62 641
19 110 642
97 66 643
31 52 644
13 123 645
134 144 646
15 78 647
75 79 648
98 187 649
24 19 650
61 51 651
122 1 652
43 147 653
95 88 654
98 62 655
78 124 656
146 143 657
27 35 658
41 79 659
34 69 660
161 61 661
108 136 662
71 180 663
33 111 664
133 89 665
80 191 666
159 54 667
30 9 668
99 113 669
134 146 670
177 143 671
190 13 672
113 199 673
47 97 674
100 171 675
85 12 676
63 11 677
91 71 678
41 130 679
133 197 680
103 200 681
40 163 682
174 49 683
95 149 684
161 148 685
35 166 686
152 89 687
50 10 688
79 85 689
134 75 690
190 101 691
23 73 692
35 124 693
39 97 694
198 17 695
190 53 696
63 62 697
120 81 698
12 72 699
58 97 700
59 163 701
108 38 702
156 13 703
147 171 704
13 139 705
86 87 706
36 59 707
84 173 708
58 82 709
159 69 710
29 32 711
157 1 712
42 200 713
113 70 714
13 80 715
126 91 716
101 123 717
6 27 718
41 40 719
126 158 720
18 85 721
77 46 722
82 148 723
22 173 724
178 156 725
198 121 726
18 119 727
27 156 728
185 97 729
93 22 730
73 109 731
132 137 732
20 181 733
109 111 734
22 120 735
95 50 736
53 104 737
148 152 738
7 72 739
116 194 740
135 35 741
37 10 742
67 12 743
117 155 744
133 39 745
117 53 746
133 16 747
100 119 748
7 63 749
157 64 750
40 166 751
157 9 752
4 10 753
151 121 754
167 87 755
118 139 756
98 134 757
115 122 758
28 136 759
32 125 760
155 9 761
40 29 762
54 30 763
21 47 764
58 6 765
94 70 766
64 16 767
163 176 768
112 16 769
100 152 770
8 19 771
127 4 772
92 168 773
15 153 774
152 71 775
72 153 776
120 97 777
84 94 778
43 31 779
119 101 780
140 115 781
145 141 782
80 192 783
196 88 784
113 194 785
161 107 786
138 197 787
13 58 788
158 115 789
135 91 790
43 97 791
109 46 792
25 118 793
139 159 794
34 57 795
174 196 796
180 33 797
22 68 798
138 15 799
12 14 800
16 50 801
79 7 802
3 47 803
44 179 804
32 164 805
128 72 806
39 128 807
64 105 808
54 177 809
187 157 810
186 176 811
129 28 812
3 29 813
84 168 814
197 52 815
81 107 816
113 156 817
2 72 818
118 54 819
77 191 820
44 84 821
147 149 822
22 58 823
61 166 824
9 142 825
97 153 826
155 28 827
127 120 828
106 6 829
45 25 830
91 41 831
56 6 832
100 121 833
12 135 834
101 89 835
88 32 836
111 16 837
37 156 838
43 159 839
4 78 840
169 32 841
174 169 842
183 131 843
191 142 844
75 189 845
15 115 846
100 81 847
131 41 848
31 178 849
175 50 850
44 37 851
140 65 852
47 13 853
48 132 854
79 84 855
172 100 856
44 56 857
139 181 858
181 168 859
66 65 860
18 117 861
123 76 862
28 114 863
198 131 864
74 1 865
102 199 866
177 134 867
17 160 868
45 142 869
99 191 870
148 32 871
44 195 872
134 175 873
48 44 874
29 115 875
44 96 876
90 185 877
53 10 878
117 162 879
65 113 880
125 142 881
143 131 882
164 34 883
197 124 884
190 138 885
98 136 886
194 191 887
126 29 888
26 66 889
144 75 890
105 30 891
184 32 892
99 193 893
98 2 894
126 132 895
186 177 896
91 67 897
42 103 898
62 43 899
125 29 900
189 131 901
35 39 902
85 94 903
74 130 904
78 94 905
155 200 906
38 29 907
158 88 908
46 169 909
111 190 910
5 162 911
85 137 912
33 183 913
195 72 914
71 29 915
123 30 916
107 2 917
113 174 918
137 32 919
132 150 920
179 106 921
88 189 922
164 142 923
139 23 924
128 132 925
114 11 926
7 61 927
103 102 928
67 29 929
183 182 930
10 158 931
58 28 932
70 140 933
161 51 934
98 154 935
29 170 936
71 129 937
138 11 938
21 52 939
198 174 940
103 127 941
173 90 942
42 32 943
39 125 944
70 83 945
22 133 946
46 85 947
70 67 948
74 82 949
181 148 950
185 96 951
21 34 952
90 37 953
146 197 954
191 181 955
52 151 956
147 131 957
54 120 958
24 162 959
182 8 960
56 40 961
60 115 962
113 93 963
166 17 964
79 198 965
159 141 966
82 54 967
48 105 968
186 147 969
34 64 970
72 155 971
42 24 972
189 165 973
52 33 974
3 71 975
191 103 976
35 86 977
23 183 978
57 12 979
158 63 980
176 16 981
147 2 982
61 168 983
181 116 984
34 152 985
56 28 986
138 111 987
55 2 988
114 90 989
53 35 990
159 127 991
150 37 992
27 92 993
25 94 994
178 37 995
17 25 996
13 41 997
31 198 998
22 138 999
52 55 1000
142 28 1001
87 177 1002
134 71 1003
172 133 1004
33 135 1005
190 88 1006
125 92 1007
181 138 1008
18 2 1009
141 122 1010
24 60 1011
23 179 1012
126 98 1013
34 194 1014
117 48 1015
44 137 1016
50 27 1017
8 79 1018
118 81 1019
166 58 1020
84 11 1021
59 155 1022
181 37 1023
96 184 1024
192 122 1025
135 160 1026
42 49 1027
191 71 1028
88 135 1029
185 86 1030
26 104 1031
36 84 1032
41 181 1033
6 171 1034
22 186 1035
110 12 1036
60 110 1037
193 103 1038
63 187 1039
170 37 1040
31 188 1041
35 92 1042
62 129 1043
190 29 1044
28 166 1045
104 62 1046
3 52 1047
58 24 1048
142 117 1049
128 172 1050
160 133 1051
147 6 1052
95 143 1053
178 27 1054
147 84 1055
135 153 1056
171 102 1057
71 59 1058
158 59 1059
168 57 1060
139 130 1061
158 146 1062
3 41 1063
13 187 1064
16 6 1065
74 141 1066
120 142 1067
5 179 1068
37 6 1069
58 78 1070
4 104 1071
189 92 1072
37 51 1073
194 154 1074
109 112 1075
32 194 1076
103 105 1077
30 89 1078
30 200 1079
127 9 1080
19 91 1081
3 27 1082
139 15 1083
195 46 1084
179 74 1085
77 177 1086
24 137 1087
113 92 1088
16 168 1089
110 140 1090
183 96 1091
113 177 1092
168 7 1093
68 41 1094
181 137 1095
37 188 1096
199 68 1097
115 56 1098
133 107 1099
30 38 1100
134 127 1101
52 23 1102
87 100 1103
135 175 1104
20 200 1105
9 31 1106
35 142 1107
158 30 1108
160 152 1109
104 188 1110
58 39 1111
34 148 1112
101 60 1113
56 92 1114
143 67 1115
192 33 1116
151 107 1117
178 191 1118
35 100 1119
185 138 1120
199 85 1121
40 193 1122
151 27 1123
93 32 1124
139 124 1125
146 125 1126
125 7 1127
178 57 1128
155 109 1129
155 142 1130
198 128 1131
105 112 1132
200 95 1133
127 184 1134
186 82 1135
19 46 1136
33 144 1137
81 87 1138
83 12 1139
63 197 1140
35 128 1141
119 15 1142
143 85 1143
184 40 1144
65 180 1145
42 151 1146
173 60 1147
39 50 1148
124 176 1149
29 195 1150
66 147 1151
72 93 1152
192 23 1153
167 159 1154
112 96 1155
97 10 1156
132 105 1157
124 4 1158
165 145 1159
168 78 1160
128 52 1161
96 91 1162
44 151 1163
191 106 1164
124 61 1165
10 89 1166
198 138 1167
3 110 1168
163 173 1169
159 183 1170
39 132 1171
62 107 1172
91 168 1173
163 8 1174
101 147 1175
22 30 1176
19 153 1177
83 126 1178
101 56 1179
195 37 1180
119 57 1181
70 82 1182
190 55 1183
67 181 1184
94 105 1185
140 78 1186
27 182 1187
176 130 1188
84 148 1189
78 35 1190
196 200 1191
57 138 1192
200 130 1193
160 34 1194
13 77 1195
18 113 1196
186 63 1197
10 92 1198
120 61 1199
116 122 1200
161 104 1201
148 86 1202
125 170 1203
28 127 1204
142 79 1205
40 88 1206
136 47 1207
29 113 1208
198 1 1209
1 33 1210
44 41 1211
52 92 1212
64 99 1213
89 62 1214
57 139 1215
147 44 1216
174 158 1217
123 127 1218
88 6 1219
19 117 1220
101 199 1221
74 54 1222
183 67 1223
86 190 1224
174 120 1225
134 49 1226
162 175 1227
163 129 1228
117 169 1229
153 18 1230
136 199 1231
62 105 1232
68 95 1233
12 159 1234
116 146 1235
110 188 1236
196 187 1237
25 155 1238
74 8 1239
155 52 1240
173 156 1241
199 5 1242
180 7 1243
127 101 1244
68 195 1245
163 25 1246
91 60 1247
41 147 1248
150 116 1249
162 48 1250
52 86 1251
45 63 1252
62 142 1253
74 175 1254
190 109 1255
32 154 1256
190 158 1257
184 20 1258
4 107 1259
15 192 1260
22 67 1261
147 137 1262
113 139 1263
155 127 1264
152 142 1265
114 133 1266
96 141 1267
70 164 1268
92 172 1269
53 1 1270
46 73 1271
39 18 1272
171 85 1273
80 124 1274
14 84 1275
3 42 1276
126 189 1277
143 35 1278
194 103 1279
129 70 1280
74 106 1281
124 101 1282
16 93 1283
109 32 1284
86 31 1285
114 146 1286
141 29 1287
149 43 1288
192 189 1289
140 163 1290
115 187 1291
141 126 1292
28 174 1293
7 41 1294
188 142 1295
47 102 1296
57 158 1297
87 77 1298
146 14 1299
89 105 1300
114 196 1301
6 65 1302
118 125 1303
79 86 1304
46 111 1305
68 29 1306
121 67 1307
86 74 1308
24 181 1309
56 82 1310
49 192 1311
187 70 1312
4 131 1313
104 113 1314
165 58 1315
199 114 1316
86 168 1317
99 87 1318
171 149 1319
164 182 1320
96 80 1321
76 8 1322
18 55 1323
143 65 1324
2 130 1325
128 28 1326
64 148 1327
52 8 1328
51 124 1329
113 140 1330
152 177 1331
180 38 1332
55 117 1333
194 62 1334
94 175 1335
80 129 1336
111 197 1337
160 185 1338
190 143 1339
177 116 1340
198 155 1341
122 56 1342
22 86 1343
158 108 1344
38 90 1345
103 52 1346
83 51 1347
89 197 1348
194 178 1349
6 104 1350
162 129 1351
1 63 1352
53 183 1353
94 38 1354
59 89 1355
142 168 1356
59 184 1357
65 131 1358
12 43 1359
56 148 1360
147 169 1361
12 130 1362
176 11 1363
166 159 1364
92 111 1365
59 196 1366
176 24 1367
121 164 1368
34 142 1369
94 159 1370
168 49 1371
130 104 1372
83 184 1373
121 27 1374
91 148 1375
102 175 1376
117 3 1377
113 122 1378
174 52 1379
37 189 1380
158 70 1381
106 126 1382
103 183 1383
177 185 1384
18 115 1385
186 193 1386
115 77 1387
84 165 1388
49 67 1389
9 133 1390
14 55 1391
161 84 1392
97 14 1393
192 145 1394
127 67 1395
13 1 1396
190 74 1397
196 41 1398
159 40 1399
26 189 1400
108 99 1401
55 75 1402
106 181 1403
141 137 1404
24 183 1405
117 127 1406
175 2 1407
128 27 1408
36 60 1409
41 100 1410
145 140 1411
183 87 1412
109 100 1413
175 100 1414
155 187 1415
7 195 1416
41 16 1417
5 12 1418
120 172 1419
121 102 1420
108 144 1421
189 178 1422
121 51 1423
164 176 1424
196 43 1425
177 136 1426
6 138 1427
70 75 1428
131 169 1429
48 130 1430
48 55 1431
92 55 1432
7 130 1433
54 100 1434
43 98 1435
31 168 1436
114 155 1437
40 135 1438
63 153 1439
36 159 1440
128 43 1441
170 99 1442
119 61 1443
142 149 1444
62 87 1445
190 141 1446
66 28 1447
137 45 1448
19 5 1449
160 67 1450
157 16 1451
52 177 1452
78 148 1453
190 96 1454
77 58 1455
14 21 1456
20 107 1457
21 190 1458
200 190 1459
72 167 1460
6 190 1461
112 67 1462
50 25 1463
144 43 1464
97 41 1465
41 190 1466
139 178 1467
129 190 1468
98 95 1469
81 174 1470
51 159 1471
81 99 1472
184 92 1473
91 177 1474
181 30 1475
90 119 1476
45 24 1477
8 33 1478
77 128 1479
50 7 1480
30 103 1481
189 121 1482
141 168 1483
80 108 1484
108 176 1485
112 15 1486
36 76 1487
2 89 1488
33 10 1489
29 74 1490
177 62 1491
115 46 1492
174 175 1493
162 36 1494
155 44 1495
77 89 1496
47 192 1497
119 139 1498
145 155 1499
71 185 1500
38 72 1501
65 111 1502
158 111 1503
98 103 1504
164 141 1505
97 74 1506
147 165 1507
173 1 1508
9 23 1509
39 105 1510
170 139 1511
9 46 1512
96 100 1513
99 161 1514
80 183 1515
89 162 1516
73 16 1517
135 29 1518
6 128 1519
170 164 1520
132 156 1521
24 99 1522
181 84 1523
85 156 1524
169 17 1525
191 86 1526
83 59 1527
7 67 1528
184 89 1529
33 153 1530
197 181 1531
90 192 1532
152 49 1533
16 92 1534
85 160 1535
166 132 1536
14 23 1537
166 95 1538
44 7 1539
157 47 1540
63 68 1541
64 1 1542
23 144 1543
56 131 1544
93 148 1545
176 26 1546
93 75 1547
28 108 1548
93 192 1549
21 9 1550
185 188 1551
10 110 1552
4 43 1553
198 116 1554
139 4 1555
111 115 1556
94 103 1557
128 130 1558
86 7 1559
162 17 1560
195 136 1561
149 195 1562
193 6 1563
151 132 1564
8 140 1565
171 160 1566
11 122 1567
41 52 1568
104 100 1569
199 33 1570
132 25 1571
188 89 1572
68 67 1573
81 167 1574
52 159 1575
5 24 1576
12 105 1577
110 55 1578
191 129 1579
49 45 1580
26 33 1581
58 63 1582
9 161 1583
28 25 1584
110 198 1585
80 164 1586
61 41 1587
164 127 1588
137 30 1589
136 138 1590
8 160 1591
11 99 1592
169 154 1593
20 137 1594
101 120 1595
35 76 1596
93 41 1597
116 185 1598
124 137 1599
115 70 1600
173 126 1601
53 28 1602
103 158 1603
13 51 1604
95 138 1605
82 120 1606
52 173 1607
145 43 1608
164 160 1609
101 169 1610
92 51 1611
137 106 1612
119 200 1613
85 82 1614
124 59 1615
42 136 1616
11 1 1617
186 125 1618
75 125 1619
103 44 1620
121 152 1621
185 95 1622
183 45 1623
68 24 1624
89 40 1625
66 120 1626
36 39 1627
165 16 1628
22 197 1629
33 130 1630
94 154 1631
55 77 1632
47 145 1633
70 51 1634
81 147 1635
28 105 1636
93 196 1637
53 142 1638
163 94 1639
90 84 1640
23 72 1641
73 167 1642
175 200 1643
4 62 1644
11 124 1645
97 2 1646
169 130 1647
88 183 1648
24 87 1649
52 59 1650
76 124 1651
56 144 1652
155 196 1653
107 16 1654
169 65 1655
74 56 1656
190 14 1657
136 109 1658
101 91 1659
193 160 1660
48 171 1661
168 37 1662
168 93 1663
119 10 1664
180 89 1665
91 128 1666
133 69 1667
189 153 1668
77 107 1669
101 107 1670
52 89 1671
187 75 1672
153 13 1673
64 15 1674
162 93 1675
50 29 1676
80 21 1677
59 64 1678
140 109 1679
122 101 1680
32 31 1681
1 57 1682
150 109 1683
192 180 1684
93 173 1685
179 174 1686
138 92 1687
125 143 1688
185 59 1689
173 28 1690
3 9 1691
33 186 1692
2 85 1693
198 114 1694
141 146 1695
188 87 1696
124 9 1697
39 186 1698
51 154 1699
178 150 1700
129 89 1701
86 25 1702
127 108 1703
9 83 1704
152 193 1705
181 178 1706
144 79 1707
33 120 1708
197 77 1709
165 187 1710
59 125 1711
63 124 1712
18 56 1713
89 72 1714
94 149 1715
14 22 1716
193 19 1717
114 117 1718
197 79 1719
142 173 1720
172 85 1721
88 16 1722
174 129 1723
95 146 1724
6 125 1725
6 20 1726
88 97 1727
111 133 1728
124 125 1729
125 94 1730
85 140 1731
189 8 1732
54 15 1733
13 180 1734
80 35 1735
90 45 1736
83 71 1737
165 24 1738
163 14 1739
105 183 1740
29 72 1741
163 13 1742
155 136 1743
32 83 1744
121 41 1745
183 146 1746
16 76 1747
112 110 1748
88 103 1749
166 148 1750
197 10 1751
12 147 1752
200 153 1753
85 20 1754
82 4 1755
38 79 1756
177 6 1757
62 197 1758
180 164 1759
6 124 1760
195 101 1761
94 34 1762
80 109 1763
160 156 1764
12 34 1765
35 140 1766
37 9 1767
144 6 1768
34 159 1769
38 31 1770
73 55 1771
136 104 1772
198 26 1773
146 184 1774
124 38 1775
50 158 1776
136 111 1777
73 129 1778
154 124 1779
125 87 1780
30 136 1781
131 27 1782
126 47 1783
47 113 1784
8 17 1785
64 61 1786
80 24 1787
58 133 1788
133 61 1789
80 103 1790
95 44 1791
65 56 1792
46 10 1793
106 91 1794
6 136 1795
75 51 1796
26 5 1797
128 146 1798
15 169 1799
115 161 1800
22 77 1801
181 72 1802
30 68 1803
41 138 1804
22 168 1805
190 12 1806
63 69 1807
109 182 1808
146 175 1809
172 177 1810
125 58 1811
45 27 1812
73 123 1813
108 183 1814
172 57 1815
6 83 1816
92 173 1817
24 138 1818
83 109 1819
197 16 1820
152 84 1821
86 93 1822
113 77 1823
16 48 1824
104 34 1825
179 113 1826
143 90 1827
30 129 1828
100 58 1829
16 120 1830
109 66 1831
59 1 1832
14 103 1833
23 35 1834
82 64 1835
143 46 1836
45 123 1837
124 54 1838
46 31 1839
10 64 1840
29 58 1841
168 173 1842
172 118 1843
68 94 1844
13 84 1845
151 30 1846
95 83 1847
62 166 1848
1 102 1849
99 48 1850
120 161 1851
110 146 1852
188 182 1853
14 139 1854
172 192 1855
77 40 1856
124 141 1857
17 67 1858
151 174 1859
106 53 1860
69 143 1861
80 26 1862
190 175 1863
133 185 1864
127 194 1865
118 75 1866
19 106 1867
30 98 1868
139 29 1869
163 143 1870
182 85 1871
54 108 1872
99 146 1873
153 158 1874
142 113 1875
167 157 1876
63 47 1877
144 182 1878
18 163 1879
189 41 1880
128 5 1881
119 136 1882
151 182 1883
153 32 1884
159 60 1885
75 12 1886
136 100 1887
125 133 1888
47 179 1889
12 173 1890
84 73 1891
67 6 1892
60 62 1893
27 198 1894
200 71 1895
117 140 1896
160 148 1897
114 119 1898
126 3 1899
88 101 1900
170 124 1901
138 126 1902
127 102 1903
76 14 1904
38 134 1905
70 31 1906
178 144 1907
21 76 1908
185 195 1909
136 23 1910
139 32 1911
182 178 1912
94 32 1913
172 80 1914
169 6 1915
107 169 1916
26 16 1917
57 130 1918
194 57 1919
135 147 1920
42 122 1921
78 188 1922
58 32 1923
140 57 1924
69 50 1925
143 174 1926
92 48 1927
163 88 1928
6 139 1929
167 16 1930
84 188 1931
26 43 1932
13 110 1933
72 81 1934
169 92 1935
112 60 1936
156 62 1937
171 110 1938
101 47 1939
7 190 1940
102 191 1941
171 129 1942
193 97 1943
143 139 1944
88 29 1945
141 68 1946
19 43 1947
85 80 1948
75 10 1949
88 44 1950
55 127 1951
171 19 1952
156 25 1953
63 83 1954
127 121 1955
139 26 1956
180 77 1957
32 74 1958
100 50 1959
122 108 1960
9 168 1961
194 56 1962
9 188 1963
124 190 1964
45 78 1965
75 143 1966
48 49 1967
148 46 1968
46 102 1969
128 68 1970
56 146 1971
87 144 1972
19 29 1973
168 113 1974
159 151 1975
165 183 1976
153 64 1977
70 120 1978
119 149 1979
148 50 1980
162 170 1981
94 145 1982
107 13 1983
18 40 1984
32 91 1985
178 197 1986
194 35 1987
187 31 1988
80 14 1989
167 175 1990
20 77 1991
87 111 1992
105 14 1993
42 164 1994
45 138 1995
198 90 1996
135 34 1997
92 192 1998
88 181 1999
112 115 2000
97 95 2001
198 76 2002
14 69 2003
68 146 2004
193 116 2005
193 175 2006
33 100 2007
97 20 2008
187 139 2009
23 12 2010
41 168 2011
133 168 2012
70 146 2013
113 87 2014
96 199 2015
3 28 2016
175 176 2017
114 158 2018
57 74 2019
104 103 2020
140 130 2021
181 68 2022
98 172 2023
155 70 2024
128 8 2025
124 70 2026
94 156 2027
36 41 2028
185 110 2029
175 181 2030
71 25 2031
22 63 2032
3 188 2033
86 149 2034
126 31 2035
116 79 2036
45 107 2037
4 58 2038
36 8 2039
3 124 2040
119 11 2041
189 194 2042
76 135 2043
192 195 2044
6 11 2045
167 3 2046
20 165 2047
116 126 2048
190 19 2049
175 118 2050
181 132 2051
114 96 2052
200 185 2053
171 37 2054
50 133 2055
39 68 2056
129 178 2057
190 150 2058
195 167 2059
111 19 2060
185 162 2061
169 153 2062
93 152 2063
165 80 2064
46 153 2065
196 103 2066
188 132 2067
197 45 2068
58 180 2069
158 82 2070
40 199 2071
6 62 2072
167 34 2073
30 20 2074
101 115 2075
20 72 2076
23 70 2077
185 87 2078
59 18 2079
34 68 2080
133 88 2081
170 175 2082
63 84 2083
198 127 2084
163 21 2085
128 75 2086
178 106 2087
120 158 2088
108 160 2089
74 14 2090
155 134 2091
63 199 2092
39 59 2093
188 40 2094
109 193 2095
74 7 2096
81 125 2097
122 156 2098
20 139 2099
73 173 2100
36 152 2101
1 94 2102
154 31 2103
156 123 2104
87 164 2105
119 48 2106
147 120 2107
108 196 2108
110 17 2109
87 116 2110
191 89 2111
129 192 2112
63 142 2113
119 192 2114
57 154 2115
66 183 2116
42 106 2117
115 167 2118
180 84 2119
36 43 2120
184 118 2121
135 63 2122
171 157 2123
178 92 2124
144 21 2125
93 8 2126
80 19 2127
128 194 2128
6 158 2129
70 19 2130
92 137 2131
138 144 2132
163 28 2133
78 42 2134
17 121 2135
32 65 2136
3 113 2137
126 185 2138
50 155 2139
84 3 2140
35 187 2141
13 145 2142
6 29 2143
11 165 2144
47 140 2145
8 111 2146
57 118 2147
79 109 2148
28 71 2149
116 57 2150
83 60 2151
26 83 2152
174 31 2153
40 154 2154
120 1 2155
101 138 2156
135 182 2157
57 18 2158
126 76 2159
74 133 2160
87 195 2161
123 149 2162
27 81 2163
198 169 2164
64 182 2165
176 183 2166
50 132 2167
152 131 2168
6 82 2169
114 175 2170
92 166 2171
116 92 2172
3 180 2173
88 73 2174
32 71 2175
51 200 2176
185 10 2177
141 52 2178
148 62 2179
163 116 2180
32 22 2181
71 48 2182
59 8 2183
168 98 2184
121 50 2185
17 109 2186
56 102 2187
29 175 2188
69 157 2189
79 97 2190
139 3 2191
21 69 2192
136 185 2193
2 65 2194
94 192 2195
30 150 2196
29 154 2197
170 47 2198
115 62 2199
101 136 2200
116 155 2201
34 100 2202
38 145 2203
182 117 2204
30 160 2205
170 137 2206
185 111 2207
12 20 2208
177 161 2209
1 79 2210
8 66 2211
179 187 2212
179 6 2213
63 14 2214
8 155 2215
24 106 2216
163 104 2217
15 156 2218
14 158 2219
96 143 2220
137 176 2221
104 134 2222
33 108 2223
65 24 2224
43 27 2225
185 43 2226
10 192 2227
194 6 2228
191 54 2229
121 34 2230
10 85 2231
165 14 2232
123 142 2233
107 17 2234
95 20 2235
174 132 2236
46 27 2237
140 3 2238
57 111 2239
161 89 2240
164 69 2241
33 139 2242
86 70 2243
160 63 2244
1 56 2245
93 126 2246
98 39 2247
177 128 2248
155 139 2249
44 116 2250
75 152 2251
58 167 2252
89 120 2253
5 61 2254
35 88 2255
151 90 2256
162 103 2257
157 92 2258
160 154 2259
185 22 2260
138 129 2261
58 37 2262
117 128 2263
55 63 2264
118 87 2265
131 177 2266
1 121 2267
126 143 2268
63 168 2269
48 190 2270
83 112 2271
7 100 2272
46 81 2273
137 61 2274
194 137 2275
192 74 2276
186 93 2277
66 19 2278
187 53 2279
168 147 2280
98 11 2281
119 17 2282
83 8 2283
5 28 2284
50 75 2285
190 149 2286
105 63 2287
200 48 2288
61 9 2289
156 195 2290
60 29 2291
94 102 2292
177 178 2293
175 120 2294
14 187 2295
9 62 2296
21 78 2297
68 38 2298
136 3 2299
2 93 2300
63 161 2301
178 26 2302
147 119 2303
29 91 2304
113 48 2305
51 165 2306
195 89 2307
127 149 2308
126 193 2309
47 130 2310
187 186 2311
96 31 2312
176 189 2313
171 28 2314
28 45 2315
100 101 2316
191 184 2317
141 150 2318
78 180 2319
8 77 2320
90 197 2321
112 38 2322
100 105 2323
162 140 2324
105 83 2325
165 109 2326
58 73 2327
21 85 2328
131 186 2329
118 195 2330
164 159 2331
18 37 2332
187 16 2333
46 64 2334
36 45 2335
190 184 2336
188 62 2337
52 152 2338
95 23 2339
109 49 2340
164 101 2341
102 70 2342
164 195 2343
82 76 2344
72 168 2345
82 138 2346
122 170 2347
174 4 2348
48 14 2349
83 141 2350
106 125 2351
173 44 2352
128 151 2353
74 151 2354
147 83 2355
166 162 2356
154 144 2357
33 41 2358
140 73 2359
103 66 2360
125 191 2361
126 194 2362
78 101 2363
186 79 2364
51 156 2365
96 134 2366
69 72 2367
88 184 2368
164 157 2369
21 141 2370
77 11 2371
196 111 2372
82 194 2373
106 190 2374
98 190 2375
154 36 2376
22 2 2377
112 95 2378
91 3 2379
58 79 2380
167 26 2381
178 176 2382
53 119 2383
147 191 2384
181 162 2385
131 151 2386
193 46 2387
199 18 2388
55 167 2389
95 94 2390
171 51 2391
40 64 2392
102 100 2393
20 84 2394
24 160 2395
195 198 2396
165 192 2397
126 92 2398
184 68 2399
30 115 2400
70 59 2401
118 9 2402
62 95 2403
183 22 2404
121 126 2405
166 114 2406
179 75 2407
6 135 2408
29 198 2409
195 176 2410
65 155 2411
197 99 2412
79 130 2413
55 31 2414
98 114 2415
32 171 2416
139 152 2417
55 21 2418
20 161 2419
46 189 2420
17 144 2421
94 193 2422
105 6 2423
39 101 2424
40 99 2425
51 56 2426
27 142 2427
97 162 2428
198 4 2429
104 179 2430
170 33 2431
44 133 2432
86 131 2433
191 175 2434
134 85 2435
1 151 2436
51 180 2437
60 190 2438
194 119 2439
147 153 2440
197 117 2441
161 29 2442
64 119 2443
196 164 2444
40 4 2445
168 27 2446
111 129 2447
48 168 2448
105 127 2449
117 111 2450
172 8 2451
54 93 2452
15 146 2453
102 112 2454
16 126 2455
35 119 2456
86 67 2457
147 52 2458
104 110 2459
144 119 2460
162 96 2461
5 34 2462
125 105 2463
170 111 2464
166 68 2465
165 44 2466
88 3 2467
51 93 2468
184 117 2469
109 129 2470
146 152 2471
191 148 2472
149 176 2473
131 22 2474
164 62 2475
36 125 2476
182 76 2477
170 10 2478
51 198 2479
125 110 2480
79 177 2481
154 136 2482
78 22 2483
87 42 2484
92 36 2485
29 127 2486
76 181 2487
14 152 2488
72 130 2489
103 131 2490
149 15 2491
181 123 2492
21 10 2493
153 22 2494
129 58 2495
177 138 2496
91 198 2497
67 195 2498
120 21 2499
107 190 2500
194 26 2501
15 100 2502
52 10 2503
69 18 2504
50 154 2505
145 126 2506
194 186 2507
72 189 2508
75 34 2509
26 90 2510
41 169 2511
122 89 2512
156 163 2513
37 85 2514
17 170 2515
55 172 2516
102 176 2517
138 54 2518
35 4 2519
116 88 2520
43 25 2521
119 162 2522
120 193 2523
94 89 2524
83 34 2525
29 101 2526
154 100 2527
159 150 2528
190 61 2529
43 69 2530
180 190 2531
5 73 2532
23 29 2533
21 175 2534
124 186 2535
142 39 2536
152 19 2537
139 135 2538
100 44 2539
185 36 2540
59 68 2541
3 65 2542
106 105 2543
199 95 2544
50 191 2545
65 88 2546
75 136 2547
131 89 2548
55 68 2549
200 129 2550
95 162 2551
39 112 2552
119 197 2553
100 112 2554
200 93 2555
61 145 2556
105 157 2557
1 138 2558
97 135 2559
184 187 2560
65 19 2561
29 142 2562
66 112 2563
93 103 2564
70 39 2565
42 194 2566
81 23 2567
148 194 2568
32 12 2569
131 105 2570
117 86 2571
11 61 2572
179 186 2573
188 32 2574
156 42 2575
13 12 2576
167 130 2577
50 64 2578
57 196 2579
24 20 2580
180 170 2581
3 193 2582
180 178 2583
46 157 2584
133 123 2585
60 134 2586
32 145 2587
72 115 2588
181 164 2589
40 20 2590
180 148 2591
117 12 2592
60 137 2593
192 111 2594
9 130 2595
144 135 2596
195 19 2597
176 70 2598
179 103 2599
59 113 2600
61 90 2601
162 81 2602
96 178 2603
195 150 2604
68 57 2605
120 129 2606
28 44 2607
166 125 2608
17 135 2609
123 185 2610
63 65 2611
46 182 2612
76 56 2613
94 140 2614
19 154 2615
18 122 2616
189 69 2617
198 152 2618
199 157 2619
112 103 2620
70 72 2621
75 178 2622
1 158 2623
182 40 2624
110 130 2625
3 107 2626
82 118 2627
159 76 2628
155 45 2629
175 122 2630
47 10 2631
26 55 2632
37 91 2633
45 113 2634
180 162 2635
5 27 2636
30 101 2637
151 125 2638
82 141 2639
27 105 2640
66 115 2641
28 77 2642
19 22 2643
117 50 2644
187 92 2645
54 3 2646
119 107 2647
136 74 2648
133 30 2649
143 81 2650
155 111 2651
113 128 2652
144 172 2653
59 121 2654
36 53 2655
123 53 2656
187 93 2657
25 114 2658
8 154 2659
81 57 2660
181 86 2661
192 169 2662
179 89 2663
6 161 2664
17 111 2665
29 18 2666
113 91 2667
82 117 2668
167 165 2669
160 159 2670
23 50 2671
187 132 2672
97 26 2673
46 144 2674
53 186 2675
36 123 2676
192 7 2677
118 121 2678
53 120 2679
44 127 2680
151 120 2681
134 188 2682
194 1 2683
102 93 2684
29 199 2685
115 131 2686
105 40 2687
75 20 2688
137 158 2689
35 179 2690
190 68 2691
46 184 2692
194 22 2693
181 57 2694
29 66 2695
30 174 2696
23 78 2697
88 117 2698
135 99 2699
187 73 2700
18 141 2701
4 153 2702
87 148 2703
60 151 2704
193 27 2705
171 26 2706
12 134 2707
81 1 2708
195 155 2709
5 172 2710
200 141 2711
13 10 2712
114 18 2713
1 96 2714
133 169 2715
158 194 2716
110 195 2717
108 130 2718
17 50 2719
154 181 2720
61 164 2721
110 96 2722
179 93 2723
117 61 2724
179 82 2725
42 72 2726
58 33 2727
151 13 2728
48 61 2729
35 30 2730
148 71 2731
151 109 2732
22 18 2733
161 27 2734
73 150 2735
151 137 2736
175 101 2737
107 69 2738
94 5 2739
98 178 2740
187 28 2741
28 6 2742
130 3 2743
148 197 2744
86 92 2745
73 61 2746
52 134 2747
15 114 2748
56 200 2749
180 19 2750
91 36 2751
140 93 2752
184 56 2753
198 83 2754
163 91 2755
156 185 2756
53 52 2757
109 116 2758
104 61 2759
145 176 2760
187 169 2761
5 198 2762
162 77 2763
174 48 2764
27 62 2765
199 151 2766
74 165 2767
99 45 2768
91 183 2769
96 147 2770
123 64 2771
90 140 2772
98 33 2773
136 197 2774
147 118 2775
153 133 2776
127 61 2777
6 22 2778
49 66 2779
157 80 2780
125 61 2781
84 104 2782
186 158 2783
70 112 2784
96 2 2785
4 189 2786
114 63 2787
111 103 2788
189 104 2789
19 194 2790
186 157 2791
20 183 2792
116 52 2793
25 108 2794
184 124 2795
47 1 2796
7 193 2797
4 143 2798
69 48 2799
58 107 2800
133 183 2801
166 41 2802
115 152 2803
176 20 2804
84 16 2805
73 33 2806
15 188 2807
93 50 2808
39 13 2809
91 161 2810
79 154 2811
118 197 2812
180 93 2813
135 2 2814
18 135 2815
119 60 2816
87 75 2817
145 55 2818
43 184 2819
59 38 2820
4 159 2821
115 172 2822
106 131 2823
147 29 2824
4 190 2825
15 69 2826
136 105 2827
97 161 2828
87 54 2829
21 177 2830
181 182 2831
162 191 2832
165 124 2833
137 179 2834
153 77 2835
141 199 2836
19 44 2837
101 87 2838
73 98 2839
32 118 2840
173 67 2841
124 131 2842
108 148 2843
146 1 2844
152 181 2845
76 151 2846
180 49 2847
121 65 2848
157 18 2849
144 69 2850
45 98 2851
12 33 2852
48 172 2853
90 174 2854
18 7 2855
52 102 2856
82 21 2857
10 140 2858
144 36 2859
54 13 2860
175 194 2861
48 24 2862
27 95 2863
195 100 2864
84 56 2865
168 135 2866
124 163 2867
140 166 2868
78 84 2869
150 125 2870
137 178 2871
199 53 2872
70 53 2873
64 161 2874
72 47 2875
45 3 2876
163 125 2877
150 114 2878
197 58 2879
79 138 2880
86 65 2881
182 127 2882
10 116 2883
199 191 2884
169 145 2885
183 63 2886
59 111 2887
9 94 2888
192 152 2889
139 60 2890
197 56 2891
3 57 2892
86 196 2893
131 154 2894
26 181 2895
40 162 2896
91 27 2897
53 115 2898
83 36 2899
165 73 2900
66 161 2901
39 49 2902
140 200 2903
24 143 2904
172 139 2905
146 173 2906
54 68 2907
7 102 2908
65 174 2909
61 132 2910
120 169 2911
43 198 2912
26 25 2913
26 137 2914
41 158 2915
157 77 2916
194 101 2917
199 81 2918
59 147 2919
49 153 2920
33 137 2921
11 170 2922
105 4 2923
182 88 2924
165 54 2925
171 139 2926
3 90 2927
50 66 2928
198 108 2929
57 32 2930
175 46 2931
82 143 2932
95 85 2933
6 159 2934
17 155 2935
112 34 2936
159 2 2937
27 187 2938
179 166 2939
154 198 2940
200 41 2941
129 177 2942
159 5 2943
32 24 2944
185 35 2945
88 41 2946
106 197 2947
123 126 2948
69 169 2949
122 2 2950
175 78 2951
3 56 2952
158 160 2953
160 179 2954
150 45 2955
168 30 2956
90 55 2957
182 150 2958
78 157 2959
190 75 2960
167 68 2961
1 114 2962
34 185 2963
167 25 2964
116 28 2965
91 169 2966
119 177 2967
175 113 2968
53 57 2969
140 164 2970
125 115 2971
134 30 2972
103 139 2973
140 177 2974
45 161 2975
46 37 2976
186 134 2977
129 40 2978
86 37 2979
37 180 2980
112 26 2981
130 175 2982
155 11 2983
26 187 2984
145 11 2985
39 69 2986
25 88 2987
157 103 2988
83 191 2989
192 55 2990
106 180 2991
100 144 2992
120 180 2993
88 152 2994
135 37 2995
99 57 2996
54 173 2997
64 21 2998
111 95 2999
156 194 3000
14 49 3001
192 52 3002
193 124 3003
177 141 3004
27 68 3005
169 173 3006
164 83 3007
93 176 3008
20 126 3009
4 12 3010
196 23 3011
150 90 3012
18 102 3013
76 29 3014
109 75 3015
119 86 3016
57 48 3017
77 80 3018
25 89 3019
171 175 3020
82 115 3021
47 165 3022
85 65 3023
127 181 3024
32 198 3025
139 21 3026
9 36 3027
158 130 3028
56 93 3029
4 52 3030
36 85 3031
153 187 3032
182 157 3033
102 165 3034
6 79 3035
134 109 3036
49 167 3037
26 82 3038
180 122 3039
110 78 3040
141 12 3041
29 46 3042
183 60 3043
9 171 3044
32 47 3045
79 111 3046
150 1 3047
83 188 3048
57 191 3049
9 63 3050
24 91 3051
37 80 3052
194 144 3053
195 91 3054
165 53 3055
63 13 3056
56 16 3057
178 101 3058
198 149 3059
186 38 3060
122 21 3061
176 31 3062
172 46 3063
121 123 3064
82 131 3065
2 77 3066
26 174 3067
29 35 3068
180 61 3069
104 175 3070
155 129 3071
142 11 3072
96 58 3073
154 172 3074
89 82 3075
134 198 3076
111 135 3077
3 182 3078
163 76 3079
187 142 3080
150 98 3081
192 28 3082
116 121 3083
34 51 3084
200 142 3085
1 126 3086
159 18 3087
71 133 3088
142 178 3089
10 108 3090
85 57 3091
65 14 3092
120 99 3093
70 11 3094
91 85 3095
100 19 3096
127 46 3097
184 142 3098
72 3 3099
106 29 3100
169 194 3101
187 102 3102
110 54 3103
26 143 3104
16 72 3105
15 43 3106
91 115 3107
86 159 3108
117 77 3109
76 167 3110
26 186 3111
171 8 3112
143 194 3113
143 184 3114
19 27 3115
149 173 3116
121 45 3117
1 73 3118
161 147 3119
32 81 3120
71 46 3121
54 180 3122
8 92 3123
137 11 3124
73 134 3125
153 10 3126
171 99 3127
77 74 3128
181 22 3129
170 129 3130
146 10 3131
72 54 3132
127 79 3133
116 161 3134
46 5 3135
189 198 3136
171 119 3137
23 56 3138
185 67 3139
177 151 3140
137 36 3141
103 57 3142
52 142 3143
56 62 3144
156 114 3145
195 129 3146
177 41 3147
168 189 3148
124 195 3149
61 62 3150
54 200 3151
117 153 3152
95 35 3153
29 25 3154
65 44 3155
178 196 3156
86 69 3157
131 87 3158
17 99 3159
54 31 3160
186 60 3161
58 15 3162
85 121 3163
41 170 3164
101 98 3165
116 135 3166
192 140 3167
192 190 3168
138 84 3169
33 128 3170
88 80 3171
166 1 3172
54 7 3173
42 142 3174
77 76 3175
167 109 3176
6 77 3177
167 98 3178
96 103 3179
2 5 3180
120 62 3181
132 107 3182
177 84 3183
112 175 3184
100 76 3185
199 61 3186
149 61 3187
108 173 3188
10 148 3189
67 13 3190
78 151 3191
192 21 3192
135 156 3193
56 86 3194
68 149 3195
191 24 3196
13 197 3197
41 85 3198
193 181 3199
187 138 3200
54 167 3201
30 81 3202
16 13 3203
86 130 3204
21 162 3205
184 151 3206
103 26 3207
91 187 3208
132 45 3209
100 197 3210
176 96 3211
109 14 3212
77 136 3213
196 77 3214
74 102 3215
42 4 3216
192 61 3217
58 116 3218
176 78 3219
163 70 3220
26 107 3221
95 79 3222
10 82 3223
122 17 3224
135 195 3225
85 154 3226
113 160 3227
107 116 3228
185 21 3229
103 1 3230
104 23 3231
87 165 3232
124 187 3233
18 8 3234
9 134 3235
104 38 3236
189 24 3237
122 128 3238
168 159 3239
185 70 3240
130 78 3241
166 193 3242
182 15 3243
39 145 3244
125 70 3245
175 92 3246
149 166 3247
119 191 3248
150 58 3249
137 10 3250
155 181 3251
133 90 3252
196 175 3253
23 59 3254
19 11 3255
58 191 3256
95 40 3257
30 91 3258
185 81 3259
183 154 3260
190 169 3261
59 53 3262
194 33 3263
17 24 3264
50 38 3265
29 150 3266
176 118 3267
153 104 3268
128 96 3269
64 92 3270
101 126 3271
140 83 3272
155 100 3273
198 84 3274
60 27 3275
200 18 3276
82 181 3277
199 124 3278
50 165 3279
164 48 3280
26 129 3281
102 33 3282
112 121 3283
177 37 3284
9 70 3285
12 169 3286
20 79 3287
103 167 3288
195 188 3289
171 97 3290
140 167 3291
4 21 3292
68 151 3293
176 65 3294
31 155 3295
182 58 3296
77 93 3297
131 40 3298
111 21 3299
10 182 3300
33 5 3301
9 163 3302
81 44 3303
39 181 3304
68 83 3305
166 36 3306
8 11 3307
94 26 3308
114 32 3309
86 26 3310
164 35 3311
1 143 3312
82 121 3313
71 79 3314
151 5 3315
46 26 3316
72 112 3317
119 163 3318
52 65 3319
134 19 3320
131 21 3321
117 138 3322
113 166 3323
132 70 3324
152 184 3325
175 147 3326
164 56 3327
135 141 3328
128 161 3329
117 87 3330
190 187 3331
108 87 3332
109 200 3333
37 134 3334
49 188 3335
89 160 3336
138 123 3337
60 128 3338
81 36 3339
182 82 3340
32 195 3341
16 85 3342
110 128 3343
87 67 3344
15 158 3345
65 119 3346
68 135 3347
88 187 3348
73 3 3349
49 98 3350
62 168 3351
1 179 3352
12 101 3353
91 127 3354
106 147 3355
6 118 3356
50 152 3357
6 2 3358
43 35 3359
24 186 3360
18 97 3361
7 58 3362
190 38 3363
92 127 3364
33 178 3365
6 39 3366
109 53 3367
5 97 3368
158 198 3369
74 127 3370
9 129 3371
29 172 3372
78 123 3373
158 5 3374
114 29 3375
85 128 3376
60 81 3377
31 33 3378
22 43 3379
154 72 3380
15 122 3381
83 66 3382
126 182 3383
105 20 3384
58 161 3385
172 197 3386
128 191 3387
27 33 3388
2 116 3389
147 108 3390
30 104 3391
71 184 3392
14 27 3393
77 67 3394
22 31 3395
126 22 3396
192 4 3397
66 80 3398
131 97 3399
60 55 3400
136 82 3401
143 182 3402
66 5 3403
26 93 3404
197 60 3405
5 132 3406
160 21 3407
2 180 3408
88 128 3409
148 8 3410
80 181 3411
9 146 3412
45 125 3413
165 6 3414
139 98 3415
15 132 3416
73 82 3417
191 9 3418
104 138 3419
14 157 3420
180 186 3421
140 193 3422
3 35 3423
192 127 3424
186 68 3425
28 121 3426
5 142 3427
34 52 3428
102 157 3429
77 38 3430
88 4 3431
111 38 3432
71 112 3433
4 63 3434
58 55 3435
41 194 3436
113 171 3437
72 10 3438
150 76 3439
95 125 3440
91 180 3441
192 64 3442
92 90 3443
155 107 3444
15 168 3445
127 60 3446
44 180 3447
180 102 3448
166 66 3449
194 185 3450
52 150 3451
27 160 3452
164 149 3453
97 129 3454
162 160 3455
25 14 3456
81 158 3457
106 7 3458
193 119 3459
187 82 3460
145 150 3461
136 132 3462
195 25 3463
124 188 3464
71 98 3465
34 176 3466
189 173 3467
167 197 3468
73 66 3469
160 120 3470
58 168 3471
2 76 3472
116 7 3473
42 30 3474
32 181 3475
49 159 3476
144 92 3477
24 44 3478
188 34 3479
120 65 3480
67 38 3481
164 78 3482
147 20 3483
94 162 3484
4 132 3485
109 41 3486
163 192 3487
19 173 3488
75 122 3489
192 177 3490
92 181 3491
141 55 3492
38 138 3493
110 59 3494
144 38 3495
56 24 3496
44 92 3497
77 39 3498
93 114 3499
189 162 3500
21 66 3501
18 65 3502
29 192 3503
144 127 3504
19 23 3505
13 91 3506
113 6 3507
80 169 3508
61 24 3509
136 15 3510
52 168 3511
11 118 3512
18 1 3513
127 3 3514
112 147 3515
40 34 3516
168 157 3517
19 101 3518
104 112 3519
122 105 3520
145 57 3521
9 143 3522
118 171 3523
182 35 3524
175 145 3525
166 169 3526
29 47 3527
88 13 3528
181 98 3529
130 62 3530
73 78 3531
88 67 3532
191 141 3533
155 122 3534
84 134 3535
10 25 3536
180 10 3537
73 163 3538
150 13 3539
125 140 3540
106 140 3541
132 64 3542
79 193 3543
133 1 3544
117 90 3545
130 73 3546
79 106 3547
128 167 3548
173 5 3549
162 120 3550
200 106 3551
55 158 3552
98 105 3553
38 64 3554
111 14 3555
120 109 3556
129 140 3557
155 178 3558
118 116 3559
186 153 3560
168 50 3561
145 3 3562
141 121 3563
163 63 3564
101 143 3565
186 165 3566
65 156 3567
108 52 3568
1 45 3569
1 72 3570
116 190 3571
131 193 3572
59 100 3573
125 134 3574
33 152 3575
53 130 3576
71 12 3577
24 167 3578
58 132 3579
98 122 3580
184 24 3581
99 187 3582
20 41 3583
14 147 3584
177 4 3585
164 11 3586
112 169 3587
180 128 3588
74 36 3589
153 43 3590
186 182 3591
125 183 3592
122 158 3593
96 95 3594
125 130 3595
139 167 3596
124 107 3597
162 84 3598
94 150 3599
81 91 3600
61 100 3601
147 158 3602
133 182 3603
108 155 3604
34 91 3605
129 123 3606
134 27 3607
189 185 3608
118 93 3609
200 174 3610
163 24 3611
193 30 3612
165 29 3613
106 107 3614
154 117 3615
148 165 3616
150 38 3617
93 170 3618
170 171 3619
62 79 3620
120 118 3621
156 66 3622
178 70 3623
51 143 3624
174 34 3625
146 139 3626
16 159 3627
194 98 3628
51 155 3629
11 81 3630
105 193 3631
100 28 3632
48 96 3633
114 200 3634
35 171 3635
60 189 3636
22 17 3637
97 191 3638
163 139 3639
116 54 3640
10 112 3641
40 93 3642
24 30 3643
92 176 3644
24 13 3645
99 114 3646
167 199 3647
39 76 3648
21 27 3649
104 47 3650
95 131 3651
34 173 3652
193 70 3653
93 82 3654
107 86 3655
88 66 3656
71 108 3657
140 21 3658
161 102 3659
123 88 3660
59 42 3661
78 112 3662
124 48 3663
56 7 3664
117 70 3665
7 47 3666
154 164 3667
82 178 3668
180 74 3669
32 63 3670
170 160 3671
52 58 3672
140 134 3673
18 109 3674
155 49 3675
87 29 3676
94 71 3677
1 180 3678
24 139 3679
102 136 3680
129 199 3681
68 78 3682
116 97 3683
184 161 3684
121 98 3685
32 86 3686
83 117 3687
140 77 3688
63 104 3689
95 140 3690
75 58 3691
151 31 3692
40 90 3693
48 193 3694
60 123 3695
47 184 3696
187 199 3697
143 57 3698
10 174 3699
53 159 3700
41 163 3701
105 16 3702
36 192 3703
141 169 3704
143 188 3705
161 23 3706
65 53 3707
146 21 3708
5 10 3709
116 137 3710
189 197 3711
90 108 3712
157 68 3713
47 197 3714
105 118 3715
187 108 3716
35 149 3717
120 50 3718
5 188 3719
14 127 3720
44 90 3721
111 120 3722
75 90 3723
48 77 3724
102 81 3725
129 93 3726
124 14 3727
27 101 3728
98 142 3729
155 124 3730
125 144 3731
60 103 3732
86 188 3733
37 107 3734
32 140 3735
63 61 3736
87 172 3737
82 109 3738
127 75 3739
81 186 3740
13 193 3741
61 33 3742
147 50 3743
161 82 3744
13 128 3745
129 7 3746
29 27 3747
190 33 3748
88 46 3749
113 144 3750
158 7 3751
199 172 3752
109 194 3753
178 112 3754
11 50 3755
6 3 3756
2 36 3757
50 161 3758
47 58 3759
156 5 3760
81 4 3761
38 28 3762
49 173 3763
112 170 3764
124 104 3765
138 192 3766
191 68 3767
193 130 3768
134 66 3769
1 16 3770
60 120 3771
7 176 3772
169 191 3773
120 121 3774
141 118 3775
59 30 3776
166 151 3777
166 133 3778
184 109 3779
10 166 3780
175 197 3781
141 27 3782
51 54 3783
47 144 3784
140 33 3785
120 34 3786
74 172 3787
24 119 3788
172 93 3789
183 187 3790
10 149 3791
151 150 3792
196 27 3793
116 14 3794
44 146 3795
65 98 3796
148 141 3797
188 173 3798
168 53 3799
54 76 3800
53 100 3801
126 95 3802
200 195 3803
61 40 3804
62 64 3805
121 81 3806
133 115 3807
104 88 3808
16 155 3809
152 74 3810
24 170 3811
46 105 3812
195 152 3813
58 130 3814
17 80 3815
92 60 3816
138 131 3817
96 36 3818
85 47 3819
174 12 3820
41 43 3821
62 123 3822
184 22 3823
11 49 3824
164 67 3825
196 28 3826
141 125 3827
190 152 3828
129 130 3829
85 132 3830
99 6 3831
56 10 3832
117 37 3833
57 56 3834
146 166 3835
85 70 3836
11 95 3837
37 16 3838
4 166 3839
74 148 3840
157 193 3841
27 158 3842
152 66 3843
112 11 3844
150 170 3845
148 137 3846
169 89 3847
73 48 3848
152 60 3849
165 166 3850
199 132 3851
127 190 3852
187 87 3853
31 27 3854
35 133 3855
169 177 3856
25 166 3857
41 77 3858
15 197 3859
109 87 3860
81 119 3861
127 168 3862
93 149 3863
163 27 3864
2 52 3865
53 21 3866
35 47 3867
146 126 3868
116 18 3869
51 149 3870
188 133 3871
179 65 3872
181 25 3873
55 157 3874
105 8 3875
65 191 3876
134 141 3877
116 65 3878
101 32 3879
94 18 3880
17 167 3881
70 77 3882
45 112 3883
181 129 3884
22 15 3885
171 45 3886
82 146 3887
19 113 3888
102 198 3889
132 54 3890
87 171 3891
39 139 3892
59 129 3893
135 131 3894
140 152 3895
166 32 3896
153 173 3897
165 139 3898
75 119 3899
170 136 3900
106 97 3901
21 2 3902
83 161 3903
150 6 3904
112 93 3905
165 174 3906
184 51 3907
58 98 3908
176 117 3909
133 41 3910
35 19 3911
72 156 3912
117 36 3913
12 35 3914
8 64 3915
88 1 3916
69 182 3917
179 159 3918
86 186 3919
145 188 3920
175 59 3921
65 72 3922
98 117 3923
42 189 3924
28 52 3925
17 47 3926
146 104 3927
179 200 3928
137 105 3929
92 7 3930
74 163 3931
191 115 3932
12 66 3933
179 88 3934
80 32 3935
118 181 3936
16 128 3937
32 100 3938
111 74 3939
102 104 3940
197 152 3941
64 89 3942
56 9 3943
95 121 3944
177 200 3945
19 32 3946
53 68 3947
133 173 3948
77 169 3949
145 104 3950
171 150 3951
52 125 3952
28 22 3953
82 199 3954
71 81 3955
23 156 3956
116 15 3957
11 40 3958
99 185 3959
180 103 3960
147 55 3961
149 84 3962
161 162 3963
77 124 3964
191 189 3965
33 187 3966
105 80 3967
39 51 3968
62 72 3969
162 156 3970
105 19 3971
27 42 3972
128 3 3973
157 153 3974
71 89 3975
191 64 3976
61 147 3977
159 135 3978
83 37 3979
91 17 3980
89 121 3981
32 127 3982
43 42 3983
113 85 3984
93 17 3985
5 175 3986
21 148 3987
157 65 3988
115 105 3989
82 31 3990
178 56 3991
124 36 3992
130 170 3993
18 156 3994
17 140 3995
137 107 3996
124 92 3997
100 70 3998
190 37 3999
65 48 4000
39 174 4001
182 62 4002
124 185 4003
140 81 4004
48 7 4005
177 139 4006
39 1 4007
36 169 4008
184 144 4009
137 131 4010
89 81 4011
105 199 4012
77 188 4013
138 107 4014
63 171 4015
22 75 4016
94 153 4017
97 136 4018
191 88 4019
132 37 4020
161 176 4021
59 31 4022
36 198 4023
139 42 4024
99 38 4025
91 59 4026
33 129 4027
24 188 4028
121 69 4029
73 24 4030
126 177 4031
81 41 4032
131 23 4033
114 58 4034
153 113 4035
195 98 4036
155 23 4037
135 20 4038
161 192 4039
105 34 4040
101 46 4041
145 200 4042
79 165 4043
79 129 4044
129 161 4045
56 171 4046
42 183 4047
135 179 4048
38 163 4049
151 195 4050
35 26 4051
193 159 4052
17 115 4053
191 95 4054
91 84 4055
31 85 4056
90 39 4057
158 18 4058
185 26 4059
151 37 4060
87 14 4061
148 24 4062
188 198 4063
145 54 4064
63 43 4065
24 112 4066
22 160 4067
151 99 4068
195 15 4069
135 137 4070
147 128 4071
71 100 4072
185 103 4073
83 92 4074
62 42 4075
134 187 4076
61 135 4077
107 84 4078
58 174 4079
19 67 4080
186 98 4081
143 21 4082
172 62 4083
148 23 4084
74 160 4085
1 46 4086
8 170 4087
186 148 4088
82 36 4089
152 16 4090
181 103 4091
137 73 4092
19 172 4093
33 77 4094
151 84 4095
174 91 4096
116 94 4097
90 131 4098
191 36 4099
148 104 4100
99 91 4101
79 160 4102
117 54 4103
127 100 4104
47 125 4105
39 28 4106
2 152 4107
33 14 4108
189 36 4109
151 32 4110
29 158 4111
197 83 4112
14 159 4113
169 181 4114
198 55 4115
29 52 4116
65 11 4117
197 74 4118
143 20 4119
85 164 4120
130 61 4121
8 73 4122
70 90 4123
60 171 4124
22 61 4125
168 45 4126
73 149 4127
123 38 4128
113 82 4129
136 29 4130
116 171 4131
43 101 4132
53 172 4133
97 31 4134
178 8 4135
5 15 4136
158 4 4137
57 114 4138
188 38 4139
33 39 4140
40 74 4141
37 8 4142
99 116 4143
11 141 4144
168 46 4145
197 53 4146
7 104 4147
150 143 4148
189 118 4149
84 186 4150
58 70 4151
5 108 4152
199 24 4153
62 53 4154
112 36 4155
108 31 4156
65 170 4157
45 44 4158
17 177 4159
186 174 4160
180 114 4161
125 38 4162
104 66 4163
83 113 4164
62 18 4165
6 69 4166
196 34 4167
182 47 4168
175 8 4169
71 192 4170
120 143 4171
24 159 4172
193 51 4173
159 1 4174
107 130 4175
57 102 4176
16 113 4177
87 126 4178
144 164 4179
180 151 4180
158 22 4181
114 149 4182
78 111 4183
199 31 4184
38 162 4185
134 169 4186
194 40 4187
186 181 4188
175 93 4189
69 66 4190
161 53 4191
53 8 4192
155 174 4193
14 199 4194
51 49 4195
183 47 4196
170 116 4197
96 22 4198
150 191 4199
177 97 4200
56 20 4201
101 109 4202
28 199 4203
77 164 4204
154 49 4205
199 2 4206
26 160 4207
163 95 4208
61 195 4209
193 190 4210
172 164 4211
149 12 4212
169 82 4213
147 144 4214
88 9 4215
9 150 4216
121 52 4217
51 160 4218
20 25 4219
101 141 4220
37 7 4221
3 38 4222
126 43 4223
122 79 4224
91 48 4225
35 165 4226
8 179 4227
85 191 4228
189 158 4229
9 198 4230
7 112 4231
167 177 4232
184 55 4233
110 87 4234
133 67 4235
33 155 4236
197 161 4237
95 174 4238
28 12 4239
77 192 4240
138 141 4241
70 118 4242
172 96 4243
195 43 4244
99 52 4245
52 81 4246
136 164 4247
148 73 4248
110 109 4249
58 137 4250
109 161 4251
52 32 4252
139 104 4253
30 57 4254
107 61 4255
122 99 4256
24 171 4257
53 14 4258
199 142 4259
46 57 4260
38 46 4261
160 66 4262
83 69 4263
170 117 4264
197 131 4265
105 36 4266
181 177 4267
33 131 4268
33 92 4269
150 155 4270
200 123 4271
72 55 4272
119 59 4273
198 61 4274
170 46 4275
192 9 4276
97 179 4277
6 60 4278
89 146 4279
87 37 4280
98 166 4281
159 39 4282
24 130 4283
123 66 4284
176 129 4285
107 11 4286
192 176 4287
62 110 4288
73 102 4289
188 60 4290
121 158 4291
138 30 4292
171 158 4293
111 156 4294
87 128 4295
142 186 4296
146 185 4297
147 62 4298
171 50 4299
102 63 4300
171 73 4301
61 74 4302
198 186 4303
11 140 4304
43 5 4305
68 164 4306
174 185 4307
111 5 4308
141 42 4309
136 189 4310
35 70 4311
183 173 4312
105 158 4313
62 131 4314
109 54 4315
39 45 4316
28 98 4317
129 198 4318
107 99 4319
57 15 4320
119 56 4321
67 144 4322
167 191 4323
104 200 4324
70 38 4325
148 36 4326
97 21 4327
41 72 4328
125 96 4329
80 153 4330
132 103 4331
153 132 4332
178 147 4333
11 43 4334
166 105 4335
160 37 4336
84 146 4337
102 34 4338
87 157 4339
159 126 4340
144 160 4341
101 183 4342
133 120 4343
145 22 4344
139 72 4345
175 192 4346
61 122 4347
28 124 4348
164 75 4349
143 93 4350
168 124 4351
44 91 4352
100 42 4353
53 169 4354
82 86 4355
138 159 4356
193 163 4357
41 99 4358
172 99 4359
154 197 4360
176 168 4361
188 57 4362
45 57 4363
87 138 4364
129 63 4365
9 123 4366
24 95 4367
171 153 4368
120 76 4369
178 111 4370
162 113 4371
54 137 4372
185 8 4373
135 110 4374
7 163 4375
105 15 4376
195 169 4377
49 149 4378
82 44 4379
172 79 4380
56 162 4381
83 121 4382
57 29 4383
129 135 4384
16 116 4385
192 123 4386
12 46 4387
137 166 4388
74 115 4389
127 197 4390
104 20 4391
109 115 4392
108 53 4393
65 165 4394
83 128 4395
33 15 4396
111 93 4397
127 187 4398
77 119 4399
89 193 4400
183 52 4401
198 118 4402
106 31 4403
144 83 4404
150 161 4405
44 154 4406
136 178 4407
51 27 4408
143 31 4409
34 45 4410
168 13 4411
85 101 4412
91 43 4413
45 61 4414
70 190 4415
156 73 4416
172 65 4417
70 150 4418
88 185 4419
49 57 4420
149 106 4421
32 18 4422
173 177 4423
102 125 4424
59 13 4425
56 111 4426
79 56 4427
22 101 4428
134 39 4429
152 161 4430
66 33 4431
171 168 4432
173 61 4433
47 14 4434
132 30 4435
33 80 4436
128 178 4437
40 76 4438
37 61 4439
48 108 4440
62 21 4441
161 81 4442
130 68 4443
83 50 4444
193 155 4445
66 22 4446
37 161 4447
19 167 4448
44 164 4449
146 111 4450
123 139 4451
190 183 4452
59 152 4453
98 51 4454
114 36 4455
3 112 4456
180 85 4457
71 197 4458
142 54 4459
38 86 4460
161 193 4461
150 138 4462
133 64 4463
50 115 4464
107 147 4465
91 151 4466
166 126 4467
50 57 4468
73 51 4469
87 3 4470
79 163 4471
136 31 4472
45 116 4473
196 91 4474
181 109 4475
157 51 4476
69 78 4477
168 151 4478
47 105 4479
119 44 4480
8 58 4481
144 12 4482
44 113 4483
124 130 4484
90 194 4485
164 72 4486
50 30 4487
30 65 4488
198 3 4489
9 1 4490
93 101 4491
78 114 4492
128 141 4493
28 37 4494
173 106 4495
12 51 4496
185 183 4497
19 26 4498
22 193 4499
22 94 4500
29 124 4501
158 25 4502
187 154 4503
83 15 4504
23 100 4505
17 95 4506
121 175 4507
46 147 4508
157 74 4509
51 74 4510
56 47 4511
1 136 4512
73 17 4513
84 45 4514
198 89 4515
194 110 4516
100 106 4517
192 13 4518
134 95 4519
125 155 4520
186 23 4521
166 200 4522
180 145 4523
96 197 4524
70 73 4525
158 36 4526
45 31 4527
200 90 4528
86 99 4529
28 188 4530
119 156 4531
188 109 4532
136 99 4533
64 140 4534
97 119 4535
150 121 4536
122 100 4537
186 58 4538
63 25 4539
89 11 4540
6 59 4541
125 10 4542
7 138 4543
66 178 4544
7 139 4545
45 191 4546
120 27 4547
122 110 4548
2 28 4549
144 93 4550
80 174 4551
10 144 4552
117 96 4553
88 54 4554
54 156 4555
99 105 4556
65 194 4557
1 177 4558
3 176 4559
69 175 4560
133 10 4561
154 27 4562
61 143 4563
185 83 4564
132 18 4565
165 197 4566
82 34 4567
29 83 4568
196 142 4569
29 17 4570
137 16 4571
74 11 4572
147 103 4573
22 87 4574
181 144 4575
53 162 4576
7 70 4577
27 118 4578
102 166 4579
169 96 4580
42 39 4581
141 1 4582
25 55 4583
131 162 4584
147 70 4585
21 110 4586
69 67 4587
97 4 4588
180 199 4589
174 157 4590
130 112 4591
18 48 4592
38 54 4593
48 68 4594
5 171 4595
108 142 4596
35 41 4597
73 192 4598
16 98 4599
191 152 4600
93 153 4601
125 12 4602
134 172 4603
135 108 4604
85 141 4605
13 194 4606
78 162 4607
188 98 4608
8 38 4609
66 85 4610
138 175 4611
56 12 4612
179 69 4613
98 68 4614
135 39 4615
99 84 4616
8 173 4617
106 108 4618
109 57 4619
15 174 4620
144 145 4621
39 83 4622
96 41 4623
113 1 4624
22 104 4625
132 161 4626
16 74 4627
154 47 4628
147 150 4629
27 190 4630
129 20 4631
53 51 4632
124 118 4633
166 181 4634
137 169 4635
120 107 4636
181 194 4637
173 181 4638
24 161 4639
47 120 4640
27 94 4641
172 176 4642
165 113 4643
191 157 4644
39 71 4645
191 70 4646
9 159 4647
53 18 4648
175 172 4649
157 138 4650
81 2 4651
34 60 4652
66 90 4653
113 63 4654
62 15 4655
109 198 4656
44 43 4657
135 47 4658
41 87 4659
187 110 4660
6 89 4661
117 145 4662
127 195 4663
25 147 4664
185 5 4665
186 119 4666
160 174 4667
114 145 4668
187 191 4669
79 152 4670
74 88 4671
68 35 4672
101 82 4673
83 133 4674
17 49 4675
177 5 4676
1 10 4677
127 1 4678
187 50 4679
86 109 4680
50 119 4681
120 167 4682
142 154 4683
171 91 4684
143 40 4685
13 166 4686
179 48 4687
126 52 4688
155 182 4689
33 132 4690
122 71 4691
126 65 4692
110 70 4693
141 188 4694
3 4 4695
78 62 4696
177 96 4697
112 198 4698
134 50 4699
13 31 4700
1 186 4701
124 91 4702
44 10 4703
190 191 4704
72 31 4705
79 125 4706
60 42 4707
61 121 4708
91 80 4709
2 8 4710
107 114 4711
162 179 4712
34 43 4713
160 103 4714
191 26 4715
98 76 4716
101 162 4717
85 90 4718
150 103 4719
139 197 4720
117 185 4721
22 180 4722
198 11 4723
119 16 4724
114 69 4725
27 103 4726
55 122 4727
78 141 4728
31 92 4729
79 123 4730
193 142 4731
184 179 4732
60 121 4733
197 109 4734
3 86 4735
137 128 4736
116 36 4737
148 58 4738
164 137 4739
124 5 4740
129 188 4741
181 105 4742
164 37 4743
147 177 4744
134 62 4745
85 109 4746
51 197 4747
90 110 4748
132 3 4749
119 14 4750
99 126 4751
95 18 4752
109 199 4753
172 159 4754
41 38 4755
45 20 4756
184 84 4757
83 171 4758
167 18 4759
55 156 4760
137 108 4761
52 76 4762
175 117 4763
147 91 4764
9 92 4765
199 134 4766
142 94 4767
141 198 4768
94 143 4769
78 74 4770
20 43 4771
149 138 4772
99 181 4773
1 68 4774
95 84 4775
83 14 4776
44 149 4777
5 16 4778
12 166 4779
20 34 4780
25 93 4781
91 170 4782
194 149 4783
185 49 4784
176 81 4785
70 141 4786
57 124 4787
81 43 4788
185 4 4789
50 108 4790
188 139 4791
92 21 4792
129 72 4793
174 146 4794
56 134 4795
98 198 4796
23 157 4797
179 83 4798
52 165 4799
50 26 4800
159 99 4801
140 13 4802
24 146 4803
72 67 4804
161 134 4805
3 122 4806
153 30 4807
126 103 4808
1 163 4809
43 77 4810
91 165 4811
89 69 4812
160 32 4813
28 149 4814
142 47 4815
113 187 4816
164 114 4817
41 185 4818
114 48 4819
99 110 4820
161 72 4821
68 2 4822
147 92 4823
28 133 4824
13 43 4825
15 65 4826
142 121 4827
179 15 4828
123 141 4829
149 54 4830
197 135 4831
169 95 4832
69 155 4833
103 161 4834
67 172 4835
180 193 4836
150 156 4837
108 119 4838
181 79 4839
193 25 4840
108 159 4841
191 200 4842
139 12 4843
135 4 4844
44 134 4845
83 28 4846
82 108 4847
96 196 4848
76 188 4849
83 156 4850
129 182 4851
51 163 4852
150 154 4853
173 137 4854
123 25 4855
109 124 4856
181 187 4857
39 7 4858
60 10 4859
196 81 4860
89 26 4861
86 174 4862
135 13 4863
16 101 4864
108 93 4865
86 163 4866
153 134 4867
162 60 4868
55 64 4869
81 76 4870
66 151 4871
161 151 4872
102 12 4873
141 194 4874
101 72 4875
181 140 4876
64 171 4877
139 96 4878
95 150 4879
53 24 4880
36 28 4881
125 182 4882
34 86 4883
56 8 4884
76 154 4885
186 31 4886
119 166 4887
116 142 4888
61 47 4889
108 72 4890
58 109 4891
15 74 4892
76 41 4893
48 54 4894
136 150 4895
143 129 4896
156 93 4897
50 22 4898
14 173 4899
99 26 4900
97 22 4901
46 124 4902
33 22 4903
61 105 4904
133 187 4905
197 8 4906
31 147 4907
117 194 4908
162 10 4909
178 29 4910
24 29 4911
158 89 4912
17 173 4913
124 169 4914
64 30 4915
130 97 4916
152 38 4917
64 80 4918
194 120 4919
36 33 4920
178 79 4921
42 18 4922
16 194 4923
184 87 4924
78 167 4925
157 60 4926
105 154 4927
86 155 4928
150 130 4929
126 86 4930
82 23 4931
150 74 4932
128 51 4933
85 130 4934
190 66 4935
92 24 4936
135 170 4937
84 51 4938
172 178 4939
180 83 4940
146 131 4941
28 81 4942
144 136 4943
12 70 4944
42 21 4945
53 181 4946
147 51 4947
108 19 4948
23 34 4949
55 74 4950
116 69 4951
105 76 4952
101 76 4953
70 8 4954
140 12 4955
42 186 4956
183 93 4957
196 163 4958
167 59 4959
84 140 4960
179 130 4961
166 196 4962
94 60 4963
12 89 4964
173 129 4965
177 189 4966
165 67 4967
143 39 4968
127 66 4969
52 164 4970
36 194 4971
182 190 4972
175 38 4973
23 195 4974
139 190 4975
15 52 4976
174 115 4977
143 110 4978
148 29 4979
47 67 4980
96 56 4981
111 188 4982
58 136 4983
84 17 4984
28 169 4985
197 196 4986
142 124 4987
8 152 4988
145 174 4989
160 20 4990
6 71 4991
187 51 4992
123 99 4993
121 25 4994
110 166 4995
152 25 4996
31 78 4997
94 200 4998
143 17 4999
5 123 5000
192 102 5001
103 140 5002
39 43 5003
106 185 5004
129 50 5005
123 125 5006
176 15 5007
73 166 5008
9 156 5009
59 61 5010
14 193 5011
153 78 5012
94 129 5013
179 112 5014
53 157 5015
121 183 5016
138 29 5017
110 117 5018
30 8 5019
101 121 5020
109 187 5021
97 93 5022
39 21 5023
123 6 5024
62 91 5025
23 40 5026
142 170 5027
139 158 5028
122 185 5029
126 184 5030
177 85 5031
185 121 5032
177 93 5033
196 143 5034
182 184 5035
127 47 5036
45 5 5037
123 152 5038
160 87 5039
197 5 5040
189 73 5041
98 83 5042
74 38 5043
59 172 5044
53 129 5045
48 101 5046
165 115 5047
150 163 5048
134 200 5049
37 194 5050
75 63 5051
71 42 5052
162 133 5053
26 142 5054
151 140 5055
189 184 5056
145 35 5057
68 136 5058
14 192 5059
19 39 5060
35 99 5061
105 114 5062
118 113 5063
89 116 5064
161 60 5065
141 166 5066
80 102 5067
34 199 5068
189 159 5069
158 102 5070
15 199 5071
192 162 5072
196 129 5073
51 117 5074
66 52 5075
107 113 5076
85 73 5077
189 33 5078
58 103 5079
19 84 5080
27 147 5081
122 172 5082
94 135 5083
155 143 5084
184 97 5085
92 152 5086
103 68 5087
187 171 5088
86 5 5089
180 157 5090
124 180 5091
67 59 5092
91 119 5093
174 102 5094
1 183 5095
191 55 5096
6 51 5097
128 11 5098
30 191 5099
100 4 5100
