200 6800 6800
22 55 1
190 184 2
52 102 3
51 156 4
67 29 5
58 60 6
19 194 7
182 58 8
73 102 9
124 176 10
147 20 11
38 134 12
176 11 13
56 40 14
189 92 15
109 124 16
196 175 17
64 140 18
28 6 19
130 104 20
170 117 21
194 22 22
155 45 23
197 31 24
114 48 25
145 140 26
2 15 27
160 159 28
165 197 29
197 135 30
6 138 31
121 57 32
121 50 33
173 135 34
100 89 35
125 115 36
137 73 37
139 159 38
5 27 39
164 67 40
88 7 41
37 51 42
65 167 43
157 48 44
14 127 45
129 93 46
191 36 47
44 142 48
38 157 49
74 115 50
142 186 51
101 109 52
88 32 53
187 53 54
199 5 55
111 154 56
197 181 57
19 153 58
129 70 59
120 21 60
83 120 61
134 66 62
109 182 63
109 171 64
171 149 65
28 149 66
30 115 67
185 43 68
104 92 69
105 6 70
170 114 71
139 178 72
72 130 73
149 177 74
192 52 75
51 155 76
118 121 77
4 17 78
179 65 79
28 37 80
100 19 81
176 60 82
79 193 83
19 71 84
172 177 85
90 110 86
68 135 87
170 119 88
59 147 89
83 28 90
176 70 91
18 156 92
96 197 93
137 32 94
47 168 95
39 49 96
55 69 97
71 98 98
61 74 99
46 36 100
180 7 101
139 60 102
89 43 103
135 170 104
33 144 105
28 199 106
63 90 107
188 198 108
40 126 109
141 29 110
29 8 111
121 41 112
42 197 113
177 96 114
53 28 115
86 30 116
43 80 117
150 76 118
111 197 119
199 124 120
76 14 121
101 80 122
118 155 123
60 90 124
188 148 125
112 175 126
8 33 127
191 129 128
108 184 129
119 192 130
183 13 131
14 55 132
198 44 133
87 157 134
161 162 135
170 139 136
109 163 137
64 148 138
34 55 139
19 50 140
139 66 141
173 137 142
53 96 143
52 185 144
142 107 145
97 11 146
83 50 147
133 168 148
42 94 149
171 45 150
112 16 151
200 141 152
192 4 153
86 5 154
18 163 155
194 134 156
152 84 157
59 1 158
143 123 159
82 131 160
43 7 161
91 67 162
58 136 163
62 21 164
46 26 165
189 69 166
142 176 167
178 57 168
85 191 169
150 90 170
135 182 171
54 106 172
115 146 173
91 168 174
132 161 175
125 155 176
129 161 177
29 30 178
181 138 179
93 20 180
181 79 181
103 21 182
198 90 183
28 136 184
85 5 185
143 20 186
77 92 187
94 145 188
30 170 189
34 80 190
88 181 191
66 18 192
44 39 193
125 87 194
130 78 195
95 160 196
146 127 197
111 50 198
108 144 199
18 7 200
35 30 201
36 59 202
100 105 203
171 158 204
97 22 205
23 144 206
14 147 207
72 103 208
12 166 209
42 87 210
72 112 211
122 156 212
190 142 213
157 47 214
164 72 215
81 167 216
150 173 217
190 66 218
94 89 219
50 191 220
122 185 221
154 49 222
105 124 223
56 86 224
180 77 225
190 185 226
72 168 227
6 79 228
166 89 229
186 58 230
136 74 231
43 27 232
113 156 233
90 32 234
196 163 235
57 138 236
177 200 237
194 198 238
29 46 239
113 177 240
103 102 241
101 5 242
103 161 243
64 16 244
82 43 245
1 121 246
72 180 247
134 82 248
50 115 249
78 112 250
160 115 251
1 177 252
42 122 253
186 177 254
25 147 255
134 62 256
33 77 257
122 99 258
43 138 259
142 133 260
59 171 261
9 1 262
61 97 263
47 192 264
108 93 265
26 43 266
85 54 267
152 112 268
78 57 269
64 21 270
52 55 271
58 132 272
104 97 273
136 135 274
32 100 275
194 137 276
51 163 277
152 156 278
129 25 279
82 194 280
74 44 281
192 176 282
20 161 283
6 104 284
128 96 285
157 64 286
130 135 287
28 159 288
42 83 289
136 99 290
54 35 291
193 163 292
158 146 293
18 97 294
173 67 295
16 98 296
150 156 297
116 15 298
41 185 299
144 93 300
198 174 301
77 176 302
155 122 303
119 14 304
162 10 305
185 22 306
157 9 307
133 69 308
124 111 309
101 44 310
115 196 311
81 156 312
63 167 313
66 30 314
113 187 315
19 32 316
18 16 317
12 24 318
77 128 319
9 168 320
126 187 321
4 20 322
148 62 323
94 149 324
162 197 325
74 151 326
23 67 327
60 103 328
151 37 329
190 123 330
140 134 331
151 31 332
150 116 333
28 22 334
193 103 335
83 188 336
197 74 337
117 36 338
66 102 339
41 10 340
193 46 341
143 131 342
146 150 343
11 149 344
13 52 345
4 63 346
122 158 347
27 142 348
106 107 349
65 127 350
50 7 351
138 100 352
58 82 353
117 53 354
94 18 355
158 160 356
31 155 357
65 146 358
168 160 359
11 140 360
117 156 361
103 100 362
124 125 363
186 9 364
117 90 365
99 20 366
47 144 367
122 2 368
128 108 369
129 63 370
70 67 371
182 35 372
120 158 373
22 133 374
111 16 375
92 168 376
183 52 377
89 160 378
118 197 379
18 55 380
168 157 381
142 154 382
141 95 383
182 141 384
101 82 385
199 188 386
76 188 387
35 196 388
157 193 389
94 32 390
176 49 391
116 121 392
140 29 393
40 98 394
177 161 395
8 17 396
17 25 397
6 89 398
106 180 399
88 117 400
185 10 401
80 68 402
144 92 403
153 175 404
161 107 405
7 118 406
153 13 407
137 61 408
24 173 409
92 152 410
43 84 411
145 174 412
75 97 413
36 83 414
48 14 415
128 23 416
185 121 417
172 151 418
32 71 419
18 40 420
24 186 421
79 114 422
11 99 423
114 33 424
50 24 425
178 86 426
12 14 427
142 19 428
180 19 429
195 36 430
53 172 431
124 129 432
192 190 433
118 81 434
89 121 435
77 11 436
141 198 437
48 175 438
196 67 439
6 65 440
71 112 441
74 155 442
167 177 443
105 128 444
166 95 445
21 159 446
118 98 447
45 142 448
151 45 449
17 102 450
182 8 451
125 92 452
117 96 453
152 127 454
130 30 455
75 63 456
79 13 457
69 160 458
112 115 459
98 178 460
174 178 461
143 139 462
95 194 463
158 141 464
150 130 465
10 112 466
68 95 467
156 142 468
196 76 469
77 80 470
194 56 471
144 79 472
109 17 473
103 131 474
3 193 475
109 37 476
134 95 477
135 141 478
90 17 479
31 56 480
74 6 481
68 64 482
12 89 483
22 43 484
123 47 485
198 12 486
180 132 487
200 124 488
86 97 489
121 123 490
30 72 491
24 146 492
118 159 493
49 153 494
118 87 495
161 140 496
188 87 497
146 143 498
98 2 499
85 12 500
80 142 501
75 23 502
169 104 503
137 30 504
31 147 505
2 188 506
86 68 507
152 38 508
97 179 509
88 12 510
24 135 511
90 197 512
10 40 513
30 55 514
60 55 515
137 107 516
62 79 517
45 27 518
47 197 519
188 57 520
192 111 521
36 28 522
127 171 523
197 77 524
52 86 525
72 31 526
69 143 527
189 173 528
33 17 529
20 169 530
200 142 531
197 85 532
144 121 533
74 75 534
172 133 535
169 71 536
106 91 537
198 21 538
187 71 539
194 3 540
44 7 541
63 47 542
181 132 543
180 122 544
101 56 545
100 76 546
143 141 547
157 3 548
169 145 549
119 48 550
127 79 551
14 159 552
185 23 553
30 57 554
142 91 555
136 150 556
87 14 557
42 186 558
75 51 559
53 1 560
47 14 561
84 29 562
12 49 563
77 38 564
177 97 565
143 197 566
63 65 567
152 64 568
102 166 569
136 38 570
62 124 571
93 17 572
69 72 573
196 139 574
127 4 575
166 6 576
161 27 577
17 126 578
34 64 579
187 111 580
156 52 581
29 28 582
135 39 583
170 160 584
100 126 585
98 117 586
199 85 587
79 123 588
8 58 589
129 100 590
140 3 591
72 189 592
36 44 593
23 72 594
70 72 595
166 151 596
186 147 597
179 186 598
113 70 599
134 178 600
190 96 601
41 46 602
52 152 603
176 189 604
17 192 605
107 84 606
78 16 607
198 171 608
75 90 609
169 95 610
65 131 611
3 29 612
141 57 613
151 51 614
142 43 615
178 61 616
69 182 617
172 126 618
24 160 619
57 191 620
118 75 621
42 187 622
7 112 623
29 129 624
74 45 625
184 20 626
29 91 627
8 66 628
190 141 629
87 77 630
22 2 631
170 18 632
110 78 633
117 145 634
168 161 635
41 147 636
110 17 637
184 28 638
182 125 639
1 161 640
128 81 641
112 198 642
153 198 643
86 65 644
135 2 645
125 10 646
71 184 647
55 31 648
135 147 649
87 59 650
9 142 651
123 6 652
107 69 653
147 120 654
122 110 655
197 168 656
41 14 657
167 26 658
196 43 659
9 150 660
19 167 661
121 149 662
48 49 663
37 16 664
185 199 665
72 120 666
32 157 667
53 171 668
124 186 669
176 134 670
185 8 671
36 108 672
121 159 673
95 83 674
192 56 675
174 169 676
13 123 677
72 167 678
139 153 679
197 183 680
52 168 681
122 101 682
61 195 683
142 93 684
19 121 685
137 131 686
171 97 687
155 178 688
159 40 689
87 29 690
11 124 691
181 18 692
23 105 693
190 46 694
199 61 695
79 129 696
129 177 697
49 140 698
138 66 699
179 55 700
44 135 701
39 181 702
143 71 703
97 117 704
21 110 705
116 135 706
113 144 707
100 161 708
18 56 709
185 63 710
132 18 711
85 28 712
199 2 713
83 17 714
78 77 715
149 27 716
161 125 717
119 57 718
122 94 719
52 76 720
25 38 721
62 197 722
58 103 723
24 99 724
56 93 725
3 47 726
70 107 727
84 163 728
40 3 729
8 173 730
141 68 731
77 40 732
149 195 733
132 103 734
46 112 735
194 120 736
147 192 737
197 16 738
138 137 739
42 151 740
149 126 741
152 181 742
108 67 743
17 160 744
179 88 745
32 12 746
53 18 747
1 183 748
135 99 749
166 17 750
68 13 751
1 94 752
149 22 753
141 188 754
95 182 755
15 94 756
120 104 757
39 45 758
145 54 759
93 101 760
44 23 761
38 151 762
29 177 763
129 178 764
53 186 765
142 54 766
125 133 767
36 56 768
115 152 769
12 66 770
45 25 771
39 1 772
148 50 773
61 143 774
124 131 775
13 110 776
98 154 777
76 50 778
41 16 779
144 146 780
89 135 781
145 55 782
181 35 783
195 40 784
124 195 785
147 84 786
119 139 787
36 1 788
97 20 789
29 18 790
33 165 791
84 11 792
113 6 793
63 14 794
66 135 795
56 148 796
20 200 797
85 73 798
39 83 799
134 187 800
107 117 801
29 36 802
125 85 803
33 187 804
36 198 805
138 13 806
82 199 807
15 158 808
106 7 809
52 165 810
81 99 811
94 60 812
165 108 813
34 60 814
77 169 815
124 118 816
55 167 817
143 28 818
105 29 819
64 30 820
45 161 821
44 91 822
43 97 823
97 2 824
6 190 825
26 66 826
77 179 827
127 160 828
192 177 829
200 49 830
127 9 831
192 152 832
109 194 833
78 74 834
93 196 835
179 180 836
169 153 837
77 188 838
168 45 839
36 172 840
23 73 841
80 191 842
47 140 843
162 116 844
99 191 845
199 142 846
66 81 847
167 129 848
191 184 849
18 48 850
143 149 851
121 66 852
66 112 853
37 180 854
163 170 855
82 110 856
121 193 857
73 55 858
191 55 859
135 47 860
145 150 861
149 43 862
47 173 863
194 191 864
48 177 865
176 15 866
99 45 867
19 39 868
108 40 869
39 94 870
43 5 871
169 51 872
169 173 873
37 23 874
78 101 875
29 142 876
85 97 877
64 171 878
164 89 879
24 139 880
27 92 881
53 45 882
1 58 883
8 64 884
192 145 885
68 146 886
142 149 887
189 121 888
128 107 889
80 32 890
156 172 891
116 94 892
39 2 893
2 89 894
119 162 895
188 197 896
174 97 897
184 151 898
185 26 899
184 107 900
165 14 901
88 13 902
106 165 903
147 164 904
91 27 905
184 142 906
76 194 907
189 33 908
180 186 909
36 123 910
164 182 911
199 145 912
127 184 913
168 13 914
33 41 915
30 13 916
53 130 917
109 161 918
64 96 919
121 158 920
105 16 921
193 183 922
183 89 923
88 44 924
109 57 925
136 4 926
176 4 927
27 35 928
200 18 929
82 157 930
3 178 931
168 82 932
23 156 933
191 4 934
147 103 935
73 104 936
181 129 937
187 92 938
97 31 939
141 52 940
184 118 941
155 23 942
153 182 943
105 4 944
173 44 945
198 4 946
41 87 947
101 146 948
31 175 949
130 73 950
190 187 951
85 156 952
68 101 953
4 9 954
37 5 955
86 99 956
39 81 957
27 68 958
91 59 959
184 195 960
124 117 961
155 124 962
149 141 963
13 145 964
116 101 965
142 20 966
159 135 967
136 185 968
39 125 969
167 130 970
88 15 971
161 172 972
101 138 973
99 69 974
155 181 975
156 42 976
19 101 977
147 144 978
160 43 979
19 91 980
172 1 981
151 141 982
68 159 983
170 175 984
138 129 985
85 62 986
115 195 987
39 76 988
15 52 989
192 61 990
143 39 991
3 38 992
104 23 993
192 140 994
170 129 995
109 54 996
84 173 997
65 170 998
139 190 999
2 8 1000
181 68 1001
159 150 1002
89 81 1003
3 46 1004
149 83 1005
7 61 1006
51 181 1007
72 3 1008
160 147 1009
78 94 1010
169 45 1011
35 150 1012
184 179 1013
71 185 1014
135 20 1015
106 125 1016
123 150 1017
156 155 1018
33 156 1019
20 27 1020
124 48 1021
32 127 1022
132 84 1023
146 21 1024
95 198 1025
131 73 1026
155 142 1027
198 169 1028
33 183 1029
50 30 1030
108 160 1031
85 70 1032
93 10 1033
19 23 1034
181 144 1035
46 164 1036
13 51 1037
166 22 1038
114 173 1039
199 41 1040
106 53 1041
137 179 1042
93 126 1043
107 88 1044
102 26 1045
178 100 1046
62 166 1047
120 142 1048
81 76 1049
49 87 1050
147 50 1051
95 162 1052
196 81 1053
156 25 1054
110 5 1055
137 10 1056
84 17 1057
157 77 1058
11 118 1059
158 200 1060
10 115 1061
131 151 1062
21 157 1063
16 93 1064
46 64 1065
83 14 1066
10 192 1067
144 119 1068
51 138 1069
127 45 1070
195 25 1071
98 39 1072
119 17 1073
181 157 1074
190 186 1075
112 93 1076
189 76 1077
58 42 1078
137 169 1079
66 19 1080
142 185 1081
53 24 1082
74 8 1083
116 143 1084
101 63 1085
166 31 1086
26 93 1087
124 9 1088
58 15 1089
198 61 1090
13 170 1091
137 128 1092
180 164 1093
139 181 1094
12 171 1095
46 17 1096
121 183 1097
133 183 1098
31 64 1099
106 199 1100
186 119 1101
17 64 1102
28 127 1103
35 119 1104
79 85 1105
161 170 1106
7 130 1107
110 116 1108
1 45 1109
69 120 1110
1 129 1111
64 117 1112
74 50 1113
90 140 1114
28 45 1115
189 185 1116
74 165 1117
60 81 1118
164 50 1119
145 126 1120
81 87 1121
171 78 1122
162 84 1123
104 175 1124
129 40 1125
1 143 1126
166 173 1127
190 67 1128
10 92 1129
150 37 1130
51 91 1131
97 95 1132
4 96 1133
54 30 1134
109 116 1135
142 22 1136
129 130 1137
29 124 1138
52 59 1139
2 108 1140
47 122 1141
141 1 1142
64 127 1143
160 46 1144
10 149 1145
25 155 1146
153 32 1147
71 2 1148
116 175 1149
41 183 1150
105 35 1151
92 137 1152
135 156 1153
24 171 1154
58 63 1155
51 165 1156
199 128 1157
33 14 1158
174 44 1159
14 60 1160
122 21 1161
146 168 1162
190 31 1163
189 131 1164
22 197 1165
70 82 1166
88 6 1167
176 51 1168
137 106 1169
197 124 1170
80 30 1171
177 178 1172
125 144 1173
155 92 1174
198 26 1175
91 57 1176
9 14 1177
160 152 1178
64 15 1179
63 197 1180
166 74 1181
145 11 1182
187 154 1183
185 78 1184
171 157 1185
166 162 1186
164 34 1187
88 52 1188
148 46 1189
150 154 1190
97 14 1191
62 23 1192
52 182 1193
85 149 1194
30 129 1195
101 136 1196
98 83 1197
83 133 1198
37 189 1199
175 168 1200
89 55 1201
62 192 1202
163 125 1203
29 25 1204
188 133 1205
35 158 1206
177 6 1207
112 28 1208
13 181 1209
167 25 1210
34 92 1211
158 198 1212
132 105 1213
3 26 1214
61 132 1215
101 112 1216
197 117 1217
165 29 1218
185 95 1219
58 116 1220
48 61 1221
30 38 1222
2 152 1223
63 124 1224
17 60 1225
130 175 1226
72 67 1227
143 85 1228
7 176 1229
83 15 1230
31 33 1231
149 166 1232
64 97 1233
65 180 1234
161 154 1235
13 31 1236
166 105 1237
111 156 1238
167 116 1239
2 5 1240
5 188 1241
93 121 1242
17 135 1243
88 29 1244
165 145 1245
180 89 1246
29 195 1247
70 41 1248
142 79 1249
17 50 1250
62 168 1251
112 96 1252
58 130 1253
184 175 1254
155 46 1255
198 114 1256
58 37 1257
48 144 1258
4 70 1259
48 51 1260
83 171 1261
126 66 1262
85 23 1263
11 87 1264
150 109 1265
140 52 1266
55 151 1267
152 23 1268
154 18 1269
69 50 1270
68 51 1271
23 179 1272
86 190 1273
82 141 1274
39 13 1275
96 115 1276
124 68 1277
60 128 1278
35 13 1279
145 57 1280
119 143 1281
104 38 1282
92 111 1283
152 105 1284
61 84 1285
88 46 1286
47 105 1287
52 10 1288
7 98 1289
1 166 1290
101 60 1291
38 118 1292
131 35 1293
192 33 1294
36 41 1295
107 72 1296
81 48 1297
153 64 1298
124 133 1299
5 41 1300
81 1 1301
189 165 1302
60 64 1303
185 70 1304
85 67 1305
27 65 1306
30 98 1307
162 49 1308
46 31 1309
5 192 1310
193 5 1311
198 68 1312
132 120 1313
192 64 1314
178 191 1315
139 158 1316
176 183 1317
102 97 1318
55 68 1319
166 132 1320
160 120 1321
190 104 1322
21 66 1323
182 184 1324
32 122 1325
52 177 1326
170 105 1327
28 77 1328
88 41 1329
149 138 1330
133 127 1331
164 127 1332
140 167 1333
15 63 1334
147 62 1335
168 37 1336
115 171 1337
73 107 1338
50 130 1339
169 24 1340
147 36 1341
100 81 1342
197 150 1343
49 66 1344
123 38 1345
155 100 1346
9 75 1347
198 118 1348
68 24 1349
11 16 1350
20 181 1351
56 47 1352
170 128 1353
41 100 1354
111 178 1355
63 69 1356
93 103 1357
4 99 1358
23 56 1359
77 177 1360
133 123 1361
163 104 1362
23 100 1363
119 61 1364
98 190 1365
140 136 1366
35 47 1367
99 105 1368
142 117 1369
174 34 1370
129 99 1371
19 110 1372
42 194 1373
28 108 1374
102 198 1375
187 186 1376
190 138 1377
190 152 1378
131 21 1379
85 65 1380
136 15 1381
148 58 1382
21 153 1383
42 136 1384
147 198 1385
86 92 1386
104 134 1387
196 34 1388
143 90 1389
100 121 1390
150 143 1391
155 187 1392
116 97 1393
48 192 1394
139 26 1395
194 64 1396
177 141 1397
59 42 1398
82 44 1399
74 17 1400
198 84 1401
105 114 1402
126 142 1403
164 51 1404
183 146 1405
113 146 1406
127 121 1407
43 150 1408
178 196 1409
31 10 1410
163 129 1411
160 63 1412
94 192 1413
39 18 1414
119 15 1415
131 41 1416
92 36 1417
140 33 1418
53 162 1419
65 19 1420
140 7 1421
73 78 1422
42 106 1423
1 54 1424
197 40 1425
190 149 1426
190 22 1427
121 102 1428
105 20 1429
133 161 1430
184 40 1431
91 128 1432
88 54 1433
93 104 1434
108 104 1435
105 197 1436
65 40 1437
192 150 1438
18 135 1439
61 148 1440
182 82 1441
78 155 1442
4 19 1443
29 150 1444
114 75 1445
5 15 1446
177 143 1447
187 108 1448
174 102 1449
83 71 1450
86 109 1451
71 90 1452
34 57 1453
150 108 1454
200 90 1455
174 40 1456
149 84 1457
131 105 1458
186 148 1459
3 41 1460
164 101 1461
47 36 1462
104 112 1463
134 36 1464
41 40 1465
73 14 1466
5 166 1467
189 184 1468
120 44 1469
92 24 1470
107 183 1471
184 153 1472
152 19 1473
70 183 1474
165 60 1475
22 94 1476
188 80 1477
47 97 1478
182 117 1479
192 46 1480
54 13 1481
24 20 1482
65 156 1483
31 168 1484
167 150 1485
13 43 1486
11 43 1487
133 197 1488
116 128 1489
124 185 1490
8 152 1491
197 79 1492
68 57 1493
63 80 1494
139 126 1495
152 13 1496
4 159 1497
55 183 1498
27 54 1499
18 112 1500
5 132 1501
189 197 1502
56 146 1503
82 185 1504
114 175 1505
165 58 1506
51 74 1507
94 38 1508
24 188 1509
86 37 1510
95 171 1511
60 121 1512
184 63 1513
167 17 1514
33 39 1515
134 27 1516
121 43 1517
135 160 1518
154 197 1519
78 131 1520
40 198 1521
111 129 1522
30 160 1523
59 75 1524
190 53 1525
157 12 1526
103 200 1527
126 31 1528
200 45 1529
173 181 1530
107 20 1531
64 99 1532
92 192 1533
107 13 1534
37 43 1535
171 106 1536
124 78 1537
195 72 1538
87 54 1539
54 120 1540
41 146 1541
141 55 1542
190 160 1543
145 176 1544
17 7 1545
22 75 1546
31 158 1547
159 69 1548
91 198 1549
183 4 1550
44 180 1551
163 120 1552
134 23 1553
138 42 1554
186 165 1555
171 91 1556
172 100 1557
50 25 1558
120 50 1559
10 89 1560
56 92 1561
172 80 1562
62 171 1563
47 78 1564
119 177 1565
46 111 1566
109 111 1567
53 119 1568
200 129 1569
38 29 1570
81 4 1571
52 19 1572
82 66 1573
8 11 1574
99 162 1575
102 94 1576
81 23 1577
58 145 1578
85 90 1579
22 120 1580
130 3 1581
91 3 1582
194 57 1583
140 100 1584
147 191 1585
169 161 1586
139 42 1587
46 153 1588
152 142 1589
40 90 1590
58 55 1591
139 32 1592
6 197 1593
82 21 1594
183 14 1595
89 116 1596
190 68 1597
16 159 1598
174 184 1599
87 85 1600
1 16 1601
72 191 1602
50 133 1603
102 176 1604
123 141 1605
33 135 1606
133 156 1607
1 73 1608
168 50 1609
129 28 1610
113 133 1611
148 29 1612
178 116 1613
25 55 1614
72 153 1615
71 180 1616
94 180 1617
108 119 1618
51 160 1619
65 194 1620
110 12 1621
134 122 1622
126 143 1623
167 159 1624
93 105 1625
9 129 1626
59 18 1627
175 96 1628
86 128 1629
129 24 1630
162 178 1631
194 130 1632
106 6 1633
7 67 1634
72 93 1635
3 56 1636
165 149 1637
196 200 1638
117 193 1639
195 15 1640
191 95 1641
107 169 1642
193 159 1643
167 69 1644
181 182 1645
8 154 1646
28 98 1647
57 196 1648
85 132 1649
25 133 1650
73 24 1651
162 48 1652
186 134 1653
79 154 1654
194 178 1655
65 113 1656
73 166 1657
175 38 1658
74 85 1659
71 5 1660
84 93 1661
154 124 1662
123 30 1663
54 137 1664
178 197 1665
33 10 1666
176 65 1667
110 155 1668
188 183 1669
193 90 1670
149 178 1671
77 107 1672
62 29 1673
73 163 1674
116 88 1675
115 161 1676
126 189 1677
175 165 1678
139 124 1679
16 76 1680
147 149 1681
198 155 1682
49 73 1683
91 48 1684
26 187 1685
141 150 1686
157 100 1687
60 189 1688
194 136 1689
41 138 1690
192 189 1691
48 77 1692
152 66 1693
122 108 1694
8 160 1695
131 85 1696
69 78 1697
184 109 1698
59 53 1699
88 101 1700
184 77 1701
6 60 1702
182 127 1703
19 106 1704
119 200 1705
28 166 1706
59 31 1707
184 187 1708
100 44 1709
138 131 1710
157 68 1711
51 93 1712
27 8 1713
147 83 1714
54 61 1715
27 157 1716
168 173 1717
130 128 1718
117 115 1719
131 177 1720
181 194 1721
127 61 1722
48 96 1723
162 26 1724
15 196 1725
8 165 1726
47 130 1727
125 7 1728
61 168 1729
183 96 1730
71 29 1731
89 84 1732
147 108 1733
47 10 1734
126 164 1735
15 78 1736
7 21 1737
137 176 1738
78 96 1739
126 177 1740
35 133 1741
5 58 1742
149 54 1743
94 105 1744
157 138 1745
159 183 1746
127 47 1747
23 108 1748
62 15 1749
177 134 1750
200 190 1751
77 191 1752
96 22 1753
166 41 1754
103 123 1755
77 74 1756
76 165 1757
26 84 1758
126 115 1759
196 37 1760
196 129 1761
16 42 1762
117 77 1763
119 191 1764
3 27 1765
40 93 1766
138 126 1767
125 176 1768
103 140 1769
110 140 1770
156 114 1771
67 172 1772
94 70 1773
45 143 1774
87 138 1775
39 21 1776
84 16 1777
183 149 1778
184 84 1779
55 140 1780
85 135 1781
153 132 1782
198 149 1783
67 13 1784
69 18 1785
117 162 1786
32 86 1787
57 111 1788
19 58 1789
45 107 1790
71 197 1791
33 99 1792
57 158 1793
196 77 1794
136 197 1795
70 19 1796
182 76 1797
156 159 1798
20 177 1799
96 199 1800
154 164 1801
4 78 1802
111 21 1803
15 43 1804
109 87 1805
187 132 1806
169 92 1807
28 114 1808
93 50 1809
147 137 1810
120 34 1811
130 166 1812
25 118 1813
72 13 1814
189 24 1815
130 97 1816
99 110 1817
190 191 1818
141 42 1819
36 77 1820
179 46 1821
156 102 1822
30 191 1823
160 148 1824
100 185 1825
103 1 1826
133 61 1827
125 134 1828
77 46 1829
97 74 1830
170 118 1831
44 149 1832
86 130 1833
130 11 1834
158 25 1835
190 29 1836
119 10 1837
189 87 1838
136 47 1839
39 75 1840
161 88 1841
7 52 1842
184 194 1843
21 2 1844
141 194 1845
79 128 1846
146 4 1847
136 44 1848
191 106 1849
67 142 1850
16 92 1851
180 85 1852
187 171 1853
81 173 1854
198 1 1855
167 132 1856
125 191 1857
83 121 1858
124 33 1859
171 51 1860
47 67 1861
18 147 1862
34 143 1863
190 175 1864
143 46 1865
7 138 1866
152 117 1867
195 66 1868
84 188 1869
19 84 1870
6 3 1871
183 87 1872
176 78 1873
145 9 1874
58 70 1875
36 159 1876
128 167 1877
117 168 1878
60 120 1879
186 36 1880
70 149 1881
61 43 1882
67 41 1883
13 139 1884
9 163 1885
165 12 1886
162 17 1887
194 110 1888
127 26 1889
107 180 1890
16 168 1891
150 25 1892
122 79 1893
182 190 1894
168 124 1895
83 141 1896
101 183 1897
116 52 1898
161 151 1899
21 88 1900
141 12 1901
192 130 1902
117 15 1903
146 10 1904
90 194 1905
138 153 1906
32 154 1907
192 170 1908
2 128 1909
101 46 1910
177 84 1911
47 90 1912
152 193 1913
180 157 1914
69 104 1915
171 142 1916
19 117 1917
176 130 1918
175 120 1919
163 72 1920
117 86 1921
120 185 1922
4 132 1923
164 114 1924
108 148 1925
30 101 1926
139 21 1927
155 174 1928
88 67 1929
27 154 1930
163 88 1931
144 133 1932
195 97 1933
41 43 1934
24 172 1935
130 133 1936
81 43 1937
124 7 1938
93 192 1939
153 20 1940
27 2 1941
61 33 1942
1 109 1943
148 152 1944
178 8 1945
119 12 1946
48 24 1947
194 149 1948
48 68 1949
183 60 1950
87 37 1951
119 156 1952
110 31 1953
153 18 1954
33 129 1955
64 161 1956
190 14 1957
174 6 1958
141 40 1959
91 161 1960
101 147 1961
67 59 1962
114 119 1963
136 138 1964
160 40 1965
154 15 1966
165 113 1967
124 70 1968
25 23 1969
58 28 1970
145 86 1971
19 43 1972
191 157 1973
143 65 1974
161 192 1975
59 196 1976
47 145 1977
105 15 1978
15 141 1979
79 126 1980
195 136 1981
152 161 1982
53 104 1983
14 157 1984
38 64 1985
2 53 1986
160 20 1987
127 101 1988
196 28 1989
91 84 1990
69 13 1991
10 123 1992
129 108 1993
154 198 1994
8 92 1995
22 87 1996
110 109 1997
11 165 1998
146 152 1999
110 22 2000
93 170 2001
172 103 2002
63 117 2003
182 62 2004
100 182 2005
67 82 2006
21 11 2007
161 82 2008
56 111 2009
13 128 2010
133 4 2011
12 97 2012
186 181 2013
8 111 2014
130 52 2015
117 194 2016
68 177 2017
87 172 2018
5 118 2019
91 169 2020
166 23 2021
68 136 2022
108 99 2023
80 109 2024
123 99 2025
29 72 2026
8 79 2027
60 62 2028
38 176 2029
13 187 2030
83 191 2031
188 173 2032
62 95 2033
145 138 2034
55 77 2035
161 81 2036
49 173 2037
156 5 2038
97 4 2039
26 181 2040
99 48 2041
178 156 2042
120 109 2043
174 158 2044
10 183 2045
144 106 2046
69 157 2047
155 109 2048
87 148 2049
162 36 2050
101 76 2051
59 111 2052
12 169 2053
126 47 2054
44 181 2055
177 88 2056
70 76 2057
86 31 2058
54 8 2059
135 137 2060
117 58 2061
91 183 2062
197 8 2063
52 8 2064
108 87 2065
34 199 2066
45 123 2067
174 185 2068
55 63 2069
83 161 2070
109 100 2071
143 182 2072
144 164 2073
163 192 2074
41 181 2075
60 16 2076
7 24 2077
24 87 2078
26 129 2079
190 12 2080
159 60 2081
185 110 2082
18 193 2083
162 60 2084
52 134 2085
195 79 2086
123 142 2087
99 116 2088
140 75 2089
162 191 2090
135 34 2091
91 9 2092
175 15 2093
73 54 2094
93 176 2095
42 103 2096
27 118 2097
138 54 2098
49 57 2099
91 41 2100
26 83 2101
144 36 2102
34 185 2103
95 21 2104
155 127 2105
16 97 2106
23 5 2107
140 115 2108
5 172 2109
176 100 2110
95 20 2111
27 103 2112
71 42 2113
99 34 2114
46 57 2115
36 87 2116
192 55 2117
118 178 2118
23 175 2119
128 51 2120
196 23 2121
37 125 2122
11 170 2123
23 50 2124
89 40 2125
102 175 2126
56 24 2127
40 121 2128
48 132 2129
177 41 2130
16 171 2131
79 66 2132
175 199 2133
81 158 2134
105 19 2135
112 84 2136
2 77 2137
110 59 2138
177 32 2139
144 12 2140
190 33 2141
81 57 2142
49 93 2143
76 45 2144
101 28 2145
57 124 2146
39 174 2147
139 69 2148
130 112 2149
137 133 2150
199 30 2151
1 179 2152
49 55 2153
50 104 2154
113 121 2155
29 93 2156
48 193 2157
53 165 2158
158 194 2159
73 164 2160
88 103 2161
80 166 2162
37 8 2163
108 196 2164
116 124 2165
124 102 2166
113 138 2167
169 176 2168
110 143 2169
6 111 2170
86 19 2171
146 173 2172
191 9 2173
184 117 2174
95 84 2175
70 77 2176
184 22 2177
39 24 2178
2 116 2179
66 120 2180
110 54 2181
194 119 2182
54 200 2183
60 132 2184
184 92 2185
128 75 2186
68 168 2187
121 34 2188
165 111 2189
28 27 2190
159 141 2191
41 170 2192
154 100 2193
4 131 2194
42 11 2195
175 78 2196
128 194 2197
21 27 2198
189 90 2199
64 89 2200
32 113 2201
195 101 2202
191 68 2203
102 104 2204
40 175 2205
164 142 2206
25 19 2207
163 142 2208
149 176 2209
163 63 2210
35 99 2211
84 104 2212
115 190 2213
100 58 2214
131 179 2215
22 10 2216
58 78 2217
63 120 2218
46 169 2219
39 186 2220
104 110 2221
14 49 2222
132 59 2223
110 70 2224
168 46 2225
171 28 2226
112 34 2227
30 104 2228
109 193 2229
39 93 2230
26 149 2231
51 142 2232
86 93 2233
23 106 2234
106 111 2235
46 73 2236
155 185 2237
27 94 2238
128 11 2239
34 154 2240
60 110 2241
94 175 2242
159 2 2243
68 35 2244
1 31 2245
176 147 2246
94 103 2247
87 111 2248
185 188 2249
12 143 2250
85 94 2251
41 163 2252
156 93 2253
102 9 2254
116 77 2255
106 134 2256
190 77 2257
98 172 2258
131 27 2259
4 13 2260
176 40 2261
160 66 2262
194 186 2263
14 193 2264
52 67 2265
188 155 2266
128 52 2267
5 142 2268
186 98 2269
86 163 2270
92 136 2271
27 33 2272
140 13 2273
152 89 2274
75 34 2275
185 97 2276
67 195 2277
136 105 2278
69 4 2279
142 28 2280
29 127 2281
178 176 2282
186 60 2283
151 195 2284
95 50 2285
17 170 2286
106 194 2287
131 169 2288
99 57 2289
56 7 2290
47 34 2291
20 77 2292
87 21 2293
18 141 2294
71 13 2295
122 1 2296
135 166 2297
101 121 2298
46 189 2299
21 78 2300
166 133 2301
8 179 2302
181 162 2303
12 20 2304
55 75 2305
57 32 2306
79 160 2307
74 133 2308
25 153 2309
90 121 2310
85 121 2311
106 162 2312
132 68 2313
29 154 2314
190 154 2315
64 80 2316
151 39 2317
169 96 2318
25 197 2319
89 26 2320
78 157 2321
78 35 2322
181 148 2323
155 63 2324
74 102 2325
102 38 2326
200 153 2327
66 28 2328
16 6 2329
70 11 2330
87 19 2331
35 176 2332
104 88 2333
160 133 2334
42 183 2335
128 72 2336
66 65 2337
29 137 2338
193 124 2339
126 194 2340
44 127 2341
191 91 2342
102 33 2343
194 103 2344
158 59 2345
101 162 2346
15 100 2347
189 194 2348
177 180 2349
149 2 2350
1 34 2351
113 92 2352
59 184 2353
18 77 2354
86 69 2355
16 155 2356
130 118 2357
65 11 2358
156 73 2359
148 141 2360
24 91 2361
26 115 2362
115 187 2363
180 148 2364
130 170 2365
153 173 2366
18 85 2367
185 83 2368
4 11 2369
11 181 2370
151 90 2371
99 26 2372
59 30 2373
42 18 2374
82 181 2375
123 185 2376
165 114 2377
25 57 2378
88 183 2379
59 157 2380
101 187 2381
156 123 2382
107 61 2383
9 133 2384
116 142 2385
18 86 2386
110 128 2387
82 118 2388
162 113 2389
190 79 2390
144 75 2391
160 156 2392
31 4 2393
194 85 2394
95 159 2395
139 29 2396
98 175 2397
164 137 2398
22 179 2399
117 153 2400
200 195 2401
170 154 2402
54 167 2403
158 63 2404
22 86 2405
155 6 2406
112 36 2407
167 154 2408
197 5 2409
153 155 2410
182 171 2411
159 143 2412
141 16 2413
158 5 2414
5 175 2415
150 6 2416
104 183 2417
59 89 2418
25 90 2419
42 112 2420
165 24 2421
71 100 2422
53 141 2423
75 84 2424
139 130 2425
94 129 2426
105 180 2427
23 7 2428
198 108 2429
50 178 2430
114 29 2431
83 66 2432
27 42 2433
37 53 2434
41 158 2435
152 60 2436
17 24 2437
90 23 2438
51 106 2439
118 181 2440
105 118 2441
181 103 2442
10 166 2443
57 102 2444
127 168 2445
162 103 2446
137 109 2447
60 40 2448
33 178 2449
103 26 2450
104 62 2451
22 191 2452
196 127 2453
84 165 2454
127 194 2455
169 194 2456
150 74 2457
128 98 2458
103 84 2459
107 2 2460
126 184 2461
36 37 2462
119 197 2463
36 55 2464
41 45 2465
72 54 2466
133 45 2467
140 24 2468
100 194 2469
193 130 2470
108 124 2471
74 18 2472
99 62 2473
105 195 2474
72 156 2475
159 17 2476
65 72 2477
163 28 2478
103 44 2479
50 132 2480
123 25 2481
25 114 2482
27 81 2483
25 166 2484
178 173 2485
45 159 2486
31 137 2487
108 31 2488
187 199 2489
8 144 2490
64 1 2491
176 14 2492
76 30 2493
35 128 2494
20 113 2495
100 50 2496
132 10 2497
155 200 2498
133 107 2499
183 182 2500
138 175 2501
22 15 2502
97 41 2503
11 134 2504
44 31 2505
143 21 2506
30 91 2507
121 164 2508
5 97 2509
155 44 2510
7 66 2511
87 102 2512
80 19 2513
108 181 2514
2 65 2515
25 14 2516
29 107 2517
26 163 2518
93 173 2519
193 192 2520
195 198 2521
86 36 2522
28 107 2523
24 200 2524
163 186 2525
37 194 2526
29 73 2527
39 112 2528
100 118 2529
25 108 2530
54 156 2531
140 193 2532
197 82 2533
121 91 2534
15 146 2535
66 99 2536
61 157 2537
82 155 2538
157 184 2539
13 84 2540
62 43 2541
172 99 2542
95 178 2543
171 110 2544
17 173 2545
43 77 2546
136 3 2547
70 118 2548
156 124 2549
20 33 2550
60 171 2551
125 61 2552
12 173 2553
133 88 2554
77 58 2555
106 31 2556
20 79 2557
29 198 2558
136 109 2559
173 1 2560
16 115 2561
183 67 2562
185 96 2563
195 169 2564
98 62 2565
95 129 2566
167 180 2567
167 35 2568
115 128 2569
96 11 2570
135 167 2571
191 64 2572
17 140 2573
178 79 2574
78 111 2575
22 101 2576
148 197 2577
124 14 2578
196 18 2579
184 161 2580
195 98 2581
146 166 2582
24 143 2583
95 3 2584
31 184 2585
174 175 2586
199 103 2587
166 196 2588
182 88 2589
92 68 2590
199 98 2591
66 57 2592
162 96 2593
69 8 2594
45 57 2595
72 47 2596
15 132 2597
72 10 2598
104 176 2599
156 40 2600
60 134 2601
47 2 2602
30 6 2603
93 152 2604
62 42 2605
11 64 2606
39 188 2607
197 52 2608
44 96 2609
2 29 2610
20 41 2611
98 103 2612
33 49 2613
122 71 2614
25 88 2615
99 161 2616
35 4 2617
95 103 2618
53 159 2619
71 79 2620
99 106 2621
103 185 2622
150 114 2623
165 174 2624
11 122 2625
62 87 2626
177 136 2627
91 130 2628
13 61 2629
24 162 2630
119 149 2631
147 58 2632
120 123 2633
80 174 2634
24 167 2635
181 98 2636
117 127 2637
96 147 2638
173 61 2639
26 63 2640
48 139 2641
9 159 2642
161 55 2643
106 124 2644
155 129 2645
113 1 2646
95 18 2647
64 108 2648
97 191 2649
121 69 2650
64 189 2651
186 68 2652
113 194 2653
136 100 2654
36 45 2655
22 100 2656
131 40 2657
28 141 2658
191 86 2659
76 151 2660
5 16 2661
104 149 2662
42 76 2663
93 153 2664
109 157 2665
8 174 2666
135 4 2667
175 67 2668
113 25 2669
129 182 2670
38 185 2671
137 108 2672
136 73 2673
63 62 2674
49 31 2675
121 137 2676
75 122 2677
24 142 2678
126 43 2679
107 16 2680
114 90 2681
137 125 2682
4 10 2683
95 44 2684
13 109 2685
197 10 2686
63 84 2687
121 108 2688
34 91 2689
147 132 2690
70 53 2691
175 2 2692
148 194 2693
133 67 2694
190 101 2695
117 111 2696
175 200 2697
13 1 2698
175 100 2699
170 10 2700
10 158 2701
92 51 2702
178 56 2703
26 117 2704
193 27 2705
168 78 2706
123 139 2707
71 66 2708
88 128 2709
180 52 2710
122 56 2711
80 102 2712
91 70 2713
4 52 2714
92 173 2715
89 177 2716
167 18 2717
164 11 2718
10 173 2719
2 114 2720
149 62 2721
102 81 2722
95 28 2723
112 15 2724
77 118 2725
142 114 2726
181 123 2727
87 75 2728
158 128 2729
10 188 2730
126 98 2731
21 190 2732
39 85 2733
148 36 2734
168 135 2735
14 173 2736
40 20 2737
32 17 2738
2 52 2739
88 1 2740
146 126 2741
3 42 2742
139 23 2743
185 81 2744
167 68 2745
135 35 2746
165 109 2747
70 140 2748
8 47 2749
153 133 2750
58 64 2751
115 191 2752
161 176 2753
104 95 2754
141 105 2755
97 136 2756
48 105 2757
167 176 2758
117 61 2759
58 137 2760
148 137 2761
157 60 2762
82 178 2763
137 16 2764
73 103 2765
4 26 2766
68 83 2767
26 189 2768
36 125 2769
175 180 2770
40 111 2771
32 74 2772
164 174 2773
38 12 2774
176 168 2775
156 128 2776
58 191 2777
51 180 2778
162 155 2779
44 195 2780
45 188 2781
53 120 2782
16 50 2783
153 158 2784
129 58 2785
157 35 2786
120 152 2787
120 172 2788
128 32 2789
194 33 2790
145 35 2791
138 83 2792
153 104 2793
27 160 2794
15 156 2795
107 130 2796
164 176 2797
141 86 2798
18 123 2799
136 168 2800
146 125 2801
22 186 2802
167 61 2803
45 3 2804
190 38 2805
197 45 2806
86 7 2807
73 167 2808
27 155 2809
159 151 2810
31 178 2811
84 186 2812
17 99 2813
63 104 2814
41 82 2815
72 155 2816
84 140 2817
90 155 2818
139 96 2819
5 24 2820
135 11 2821
181 42 2822
190 189 2823
177 128 2824
10 85 2825
163 21 2826
57 139 2827
8 23 2828
96 58 2829
120 41 2830
62 175 2831
61 28 2832
69 11 2833
40 88 2834
96 95 2835
156 66 2836
51 11 2837
113 63 2838
53 57 2839
74 80 2840
186 157 2841
141 23 2842
22 31 2843
64 105 2844
178 72 2845
42 81 2846
190 75 2847
188 122 2848
33 132 2849
41 194 2850
9 110 2851
135 175 2852
98 11 2853
62 53 2854
155 111 2855
174 129 2856
75 143 2857
161 77 2858
190 13 2859
120 27 2860
18 20 2861
97 19 2862
33 103 2863
73 143 2864
48 54 2865
45 182 2866
111 135 2867
5 50 2868
165 124 2869
149 23 2870
169 32 2871
6 51 2872
109 115 2873
100 28 2874
3 57 2875
91 148 2876
132 45 2877
75 152 2878
159 26 2879
98 76 2880
76 56 2881
189 195 2882
127 75 2883
39 28 2884
151 27 2885
187 75 2886
164 18 2887
12 196 2888
120 129 2889
71 192 2890
50 57 2891
7 47 2892
28 46 2893
42 173 2894
130 151 2895
165 80 2896
185 196 2897
95 35 2898
103 47 2899
169 142 2900
71 59 2901
200 71 2902
4 58 2903
173 60 2904
64 181 2905
194 154 2906
187 102 2907
33 128 2908
54 177 2909
70 164 2910
48 146 2911
23 36 2912
82 148 2913
37 108 2914
144 51 2915
1 96 2916
34 45 2917
61 135 2918
140 21 2919
145 43 2920
130 46 2921
102 70 2922
106 131 2923
82 175 2924
21 135 2925
199 126 2926
92 62 2927
102 167 2928
30 156 2929
39 48 2930
148 71 2931
49 159 2932
110 52 2933
88 19 2934
71 46 2935
23 59 2936
12 51 2937
141 126 2938
183 93 2939
22 61 2940
75 102 2941
50 59 2942
138 11 2943
24 137 2944
82 86 2945
124 24 2946
5 171 2947
179 87 2948
181 178 2949
143 17 2950
10 51 2951
155 39 2952
170 116 2953
35 187 2954
177 138 2955
186 171 2956
37 95 2957
95 79 2958
73 33 2959
77 119 2960
7 41 2961
43 184 2962
172 8 2963
44 144 2964
9 130 2965
109 199 2966
133 185 2967
26 104 2968
192 87 2969
34 14 2970
94 179 2971
87 135 2972
50 161 2973
61 121 2974
190 169 2975
61 72 2976
72 22 2977
92 161 2978
133 143 2979
18 37 2980
171 85 2981
38 145 2982
80 153 2983
37 29 2984
190 25 2985
123 125 2986
45 185 2987
92 12 2988
17 49 2989
143 91 2990
177 139 2991
88 119 2992
22 30 2993
184 87 2994
24 19 2995
192 74 2996
10 184 2997
29 58 2998
49 164 2999
9 94 3000
150 125 3001
30 150 3002
82 188 3003
66 29 3004
198 93 3005
195 125 3006
109 129 3007
17 37 3008
9 15 3009
52 23 3010
97 66 3011
112 87 3012
120 107 3013
197 58 3014
78 43 3015
43 98 3016
163 145 3017
200 48 3018
38 149 3019
42 32 3020
134 127 3021
148 24 3022
184 68 3023
28 153 3024
64 86 3025
62 140 3026
188 98 3027
112 67 3028
115 167 3029
86 174 3030
173 129 3031
143 184 3032
16 48 3033
19 5 3034
141 169 3035
30 164 3036
16 101 3037
179 130 3038
83 112 3039
149 18 3040
163 54 3041
91 71 3042
84 1 3043
12 135 3044
143 179 3045
155 21 3046
63 103 3047
34 2 3048
141 171 3049
155 196 3050
198 152 3051
147 52 3052
73 22 3053
60 10 3054
22 17 3055
188 142 3056
6 29 3057
113 199 3058
152 176 3059
169 181 3060
81 125 3061
56 200 3062
176 81 3063
191 152 3064
4 60 3065
180 10 3066
28 44 3067
190 61 3068
46 81 3069
94 154 3070
73 134 3071
112 26 3072
12 37 3073
31 132 3074
98 142 3075
111 19 3076
42 39 3077
102 12 3078
189 118 3079
8 73 3080
196 134 3081
58 180 3082
122 62 3083
83 8 3084
86 134 3085
70 112 3086
37 10 3087
62 58 3088
184 55 3089
119 166 3090
169 6 3091
200 95 3092
5 73 3093
36 8 3094
187 83 3095
42 67 3096
91 107 3097
182 63 3098
121 51 3099
150 191 3100
47 138 3101
52 163 3102
196 88 3103
46 102 3104
184 149 3105
195 150 3106
164 160 3107
38 90 3108
47 165 3109
132 156 3110
141 166 3111
17 111 3112
108 75 3113
117 70 3114
7 70 3115
95 146 3116
154 136 3117
34 176 3118
127 1 3119
158 116 3120
81 147 3121
163 8 3122
174 190 3123
56 131 3124
108 38 3125
159 129 3126
138 84 3127
40 162 3128
119 124 3129
27 105 3130
51 45 3131
156 10 3132
91 73 3133
48 171 3134
41 99 3135
198 127 3136
199 157 3137
178 150 3138
100 193 3139
40 74 3140
57 74 3141
108 142 3142
133 169 3143
10 45 3144
129 135 3145
180 128 3146
112 147 3147
45 20 3148
21 138 3149
114 155 3150
41 85 3151
167 109 3152
107 159 3153
172 185 3154
74 62 3155
164 62 3156
46 171 3157
78 62 3158
104 179 3159
77 35 3160
34 194 3161
56 79 3162
52 159 3163
172 57 3164
116 69 3165
197 95 3166
194 31 3167
80 21 3168
155 136 3169
194 6 3170
187 110 3171
134 1 3172
55 123 3173
92 134 3174
117 169 3175
20 43 3176
75 15 3177
19 26 3178
78 151 3179
83 156 3180
143 188 3181
98 68 3182
76 110 3183
120 193 3184
37 139 3185
17 67 3186
95 74 3187
54 134 3188
142 94 3189
63 187 3190
22 173 3191
162 37 3192
26 56 3193
70 148 3194
33 152 3195
26 140 3196
177 5 3197
6 159 3198
129 34 3199
154 140 3200
170 47 3201
131 22 3202
49 167 3203
196 177 3204
58 73 3205
163 157 3206
117 140 3207
200 185 3208
40 16 3209
151 24 3210
70 168 3211
138 86 3212
165 54 3213
17 80 3214
13 60 3215
149 16 3216
139 104 3217
78 180 3218
76 132 3219
146 52 3220
56 162 3221
38 129 3222
102 157 3223
133 16 3224
68 115 3225
99 73 3226
142 47 3227
85 109 3228
47 12 3229
67 181 3230
153 48 3231
117 37 3232
116 190 3233
157 195 3234
134 164 3235
126 158 3236
129 20 3237
19 143 3238
24 138 3239
65 58 3240
99 38 3241
96 56 3242
128 27 3243
22 89 3244
155 52 3245
178 101 3246
104 44 3247
75 116 3248
109 53 3249
170 99 3250
29 172 3251
6 171 3252
28 121 3253
184 56 3254
103 177 3255
79 60 3256
133 64 3257
36 39 3258
73 149 3259
190 143 3260
98 124 3261
151 145 3262
109 75 3263
24 119 3264
30 20 3265
31 198 3266
19 11 3267
165 39 3268
135 79 3269
42 164 3270
88 82 3271
195 22 3272
183 40 3273
38 178 3274
91 177 3275
106 85 3276
26 55 3277
120 167 3278
108 159 3279
52 33 3280
26 9 3281
101 177 3282
133 173 3283
66 51 3284
178 73 3285
68 33 3286
35 92 3287
85 130 3288
101 130 3289
46 5 3290
103 66 3291
141 27 3292
125 140 3293
41 75 3294
170 111 3295
189 178 3296
158 36 3297
163 70 3298
5 78 3299
43 69 3300
74 87 3301
9 197 3302
46 27 3303
85 140 3304
120 121 3305
120 62 3306
26 143 3307
30 144 3308
86 120 3309
199 18 3310
143 31 3311
88 57 3312
83 159 3313
111 14 3314
55 170 3315
23 195 3316
175 93 3317
172 93 3318
138 15 3319
96 111 3320
171 175 3321
145 3 3322
109 47 3323
147 6 3324
197 60 3325
170 164 3326
65 119 3327
81 186 3328
150 98 3329
33 91 3330
138 197 3331
88 80 3332
106 140 3333
7 87 3334
53 22 3335
33 29 3336
55 172 3337
44 151 3338
196 103 3339
85 47 3340
3 188 3341
133 55 3342
175 85 3343
41 145 3344
140 12 3345
84 56 3346
36 130 3347
106 126 3348
96 75 3349
160 185 3350
35 100 3351
1 151 3352
39 71 3353
38 121 3354
57 7 3355
82 146 3356
86 151 3357
21 124 3358
76 8 3359
159 18 3360
162 93 3361
103 69 3362
46 37 3363
37 161 3364
128 8 3365
174 52 3366
113 93 3367
15 74 3368
146 175 3369
91 115 3370
99 84 3371
59 15 3372
86 159 3373
40 110 3374
191 141 3375
56 62 3376
116 137 3377
182 15 3378
85 160 3379
101 32 3380
146 35 3381
150 38 3382
143 129 3383
152 74 3384
168 187 3385
115 70 3386
123 76 3387
192 20 3388
123 66 3389
74 163 3390
80 108 3391
44 179 3392
62 161 3393
154 105 3394
68 108 3395
191 71 3396
47 102 3397
113 82 3398
51 150 3399
161 89 3400
122 170 3401
3 112 3402
149 151 3403
73 98 3404
93 75 3405
158 70 3406
115 62 3407
85 107 3408
132 150 3409
88 9 3410
26 142 3411
106 97 3412
10 110 3413
73 79 3414
38 86 3415
163 94 3416
147 169 3417
26 90 3418
55 157 3419
54 31 3420
22 122 3421
6 59 3422
168 151 3423
10 182 3424
78 141 3425
61 62 3426
1 72 3427
62 191 3428
14 92 3429
15 115 3430
164 159 3431
114 6 3432
158 30 3433
60 138 3434
8 22 3435
154 31 3436
88 3 3437
61 47 3438
166 125 3439
147 153 3440
140 34 3441
87 100 3442
13 193 3443
4 153 3444
180 162 3445
119 56 3446
41 28 3447
191 104 3448
117 141 3449
35 86 3450
173 90 3451
106 33 3452
118 54 3453
116 57 3454
76 154 3455
15 122 3456
123 109 3457
116 66 3458
54 10 3459
82 115 3460
40 148 3461
76 41 3462
36 53 3463
110 30 3464
150 13 3465
43 35 3466
181 22 3467
2 178 3468
21 10 3469
134 30 3470
172 19 3471
174 181 3472
69 155 3473
120 116 3474
179 103 3475
138 30 3476
147 111 3477
22 68 3478
14 152 3479
200 174 3480
188 55 3481
27 17 3482
189 158 3483
56 61 3484
182 40 3485
127 100 3486
36 85 3487
167 87 3488
58 24 3489
76 9 3490
157 111 3491
63 11 3492
98 51 3493
73 123 3494
179 187 3495
179 48 3496
8 86 3497
150 111 3498
65 198 3499
103 158 3500
160 137 3501
114 89 3502
54 195 3503
168 159 3504
138 29 3505
95 150 3506
116 22 3507
175 46 3508
183 191 3509
124 104 3510
184 32 3511
112 150 3512
120 35 3513
91 152 3514
24 161 3515
70 17 3516
107 10 3517
73 3 3518
153 134 3519
128 132 3520
180 49 3521
50 52 3522
35 140 3523
186 94 3524
192 21 3525
114 63 3526
14 17 3527
145 122 3528
16 74 3529
115 183 3530
119 150 3531
179 122 3532
87 16 3533
56 28 3534
103 52 3535
4 167 3536
37 7 3537
90 45 3538
155 28 3539
92 7 3540
59 38 3541
161 84 3542
184 24 3543
188 102 3544
81 41 3545
5 123 3546
108 155 3547
141 67 3548
21 76 3549
123 53 3550
70 150 3551
193 30 3552
122 176 3553
92 93 3554
27 186 3555
77 89 3556
115 46 3557
42 4 3558
118 93 3559
145 65 3560
96 41 3561
86 186 3562
136 82 3563
83 69 3564
9 92 3565
23 29 3566
162 156 3567
165 128 3568
90 11 3569
100 187 3570
55 21 3571
83 59 3572
114 196 3573
5 34 3574
70 141 3575
3 86 3576
3 110 3577
160 103 3578
116 155 3579
121 47 3580
52 125 3581
98 91 3582
56 12 3583
39 97 3584
169 9 3585
198 14 3586
46 165 3587
44 37 3588
157 159 3589
141 168 3590
188 125 3591
73 109 3592
127 195 3593
99 173 3594
60 29 3595
163 36 3596
126 67 3597
72 115 3598
33 22 3599
9 36 3600
77 164 3601
15 65 3602
16 128 3603
131 97 3604
60 27 3605
40 99 3606
32 47 3607
176 31 3608
125 12 3609
168 93 3610
59 125 3611
196 30 3612
78 114 3613
190 19 3614
187 31 3615
147 29 3616
48 141 3617
90 105 3618
76 139 3619
187 73 3620
198 83 3621
151 183 3622
85 71 3623
91 117 3624
167 16 3625
153 187 3626
151 84 3627
100 4 3628
59 64 3629
30 174 3630
125 94 3631
6 82 3632
6 15 3633
198 3 3634
125 143 3635
186 48 3636
78 162 3637
147 51 3638
109 187 3639
188 32 3640
121 79 3641
39 164 3642
14 180 3643
73 173 3644
43 168 3645
177 70 3646
63 18 3647
195 53 3648
162 33 3649
31 92 3650
82 57 3651
24 170 3652
128 146 3653
144 182 3654
188 139 3655
62 91 3656
90 55 3657
194 157 3658
23 199 3659
101 120 3660
82 121 3661
197 73 3662
13 78 3663
150 47 3664
31 124 3665
64 70 3666
101 141 3667
65 14 3668
165 166 3669
86 74 3670
73 61 3671
11 61 3672
108 35 3673
10 67 3674
14 69 3675
40 7 3676
28 124 3677
167 175 3678
21 69 3679
179 189 3680
65 190 3681
168 113 3682
17 47 3683
63 25 3684
94 162 3685
105 76 3686
40 76 3687
85 33 3688
105 199 3689
83 79 3690
45 148 3691
92 21 3692
38 57 3693
95 88 3694
65 111 3695
160 71 3696
37 91 3697
192 127 3698
31 73 3699
90 37 3700
5 126 3701
147 44 3702
32 83 3703
151 126 3704
144 136 3705
135 108 3706
97 152 3707
172 129 3708
114 76 3709
184 144 3710
116 171 3711
24 13 3712
75 78 3713
101 47 3714
104 100 3715
171 39 3716
184 165 3717
99 52 3718
117 150 3719
13 180 3720
56 29 3721
82 114 3722
75 178 3723
188 52 3724
50 165 3725
19 154 3726
184 192 3727
77 174 3728
70 38 3729
102 136 3730
77 76 3731
114 85 3732
56 102 3733
72 81 3734
119 163 3735
89 69 3736
182 64 3737
5 108 3738
114 146 3739
26 33 3740
53 10 3741
1 37 3742
32 197 3743
19 46 3744
32 51 3745
111 62 3746
105 112 3747
87 126 3748
162 115 3749
80 35 3750
133 115 3751
83 132 3752
111 143 3753
21 16 3754
82 23 3755
89 11 3756
198 55 3757
144 173 3758
100 197 3759
152 71 3760
116 173 3761
133 30 3762
11 10 3763
110 117 3764
78 177 3765
39 154 3766
8 158 3767
79 38 3768
164 141 3769
102 100 3770
100 101 3771
42 1 3772
35 142 3773
83 60 3774
85 176 3775
44 92 3776
80 3 3777
83 37 3778
131 89 3779
66 183 3780
104 66 3781
142 124 3782
131 44 3783
35 171 3784
27 98 3785
48 190 3786
34 107 3787
143 35 3788
160 174 3789
37 85 3790
116 28 3791
93 82 3792
41 123 3793
183 45 3794
105 14 3795
143 38 3796
152 182 3797
80 124 3798
199 95 3799
185 67 3800
43 198 3801
140 46 3802
38 181 3803
9 63 3804
124 38 3805
120 1 3806
116 126 3807
152 184 3808
88 187 3809
130 106 3810
131 162 3811
93 80 3812
89 105 3813
102 63 3814
41 169 3815
46 157 3816
180 61 3817
88 185 3818
20 139 3819
25 132 3820
187 139 3821
199 134 3822
129 50 3823
6 39 3824
147 70 3825
39 74 3826
129 198 3827
161 85 3828
163 116 3829
52 92 3830
47 52 3831
195 78 3832
132 64 3833
126 64 3834
187 191 3835
145 51 3836
136 199 3837
195 43 3838
65 53 3839
92 196 3840
131 186 3841
1 102 3842
27 198 3843
140 81 3844
146 184 3845
186 174 3846
65 56 3847
157 153 3848
157 1 3849
127 108 3850
97 93 3851
194 40 3852
180 83 3853
29 47 3854
80 199 3855
148 128 3856
8 77 3857
2 32 3858
181 105 3859
191 189 3860
156 163 3861
47 184 3862
9 171 3863
11 39 3864
186 63 3865
133 187 3866
9 198 3867
152 25 3868
98 95 3869
149 60 3870
100 70 3871
195 155 3872
182 150 3873
90 187 3874
119 101 3875
166 181 3876
147 150 3877
133 100 3878
186 85 3879
39 128 3880
7 28 3881
41 56 3882
185 138 3883
100 125 3884
16 22 3885
38 132 3886
122 17 3887
92 98 3888
179 200 3889
40 199 3890
81 91 3891
15 179 3892
25 7 3893
68 151 3894
102 135 3895
160 67 3896
82 34 3897
120 161 3898
19 173 3899
32 91 3900
188 81 3901
92 48 3902
78 99 3903
186 93 3904
175 181 3905
86 168 3906
186 73 3907
52 115 3908
140 177 3909
183 131 3910
93 99 3911
50 47 3912
199 139 3913
128 161 3914
13 144 3915
63 172 3916
73 66 3917
19 186 3918
157 92 3919
185 111 3920
102 191 3921
50 26 3922
38 54 3923
85 45 3924
165 90 3925
108 72 3926
148 146 3927
77 192 3928
24 102 3929
88 160 3930
71 12 3931
58 33 3932
174 132 3933
54 3 3934
13 58 3935
89 162 3936
111 103 3937
123 127 3938
134 118 3939
21 85 3940
40 135 3941
98 105 3942
24 90 3943
110 188 3944
1 138 3945
12 46 3946
34 51 3947
105 36 3948
80 169 3949
199 104 3950
75 58 3951
198 186 3952
74 7 3953
86 194 3954
41 168 3955
95 138 3956
190 88 3957
129 89 3958
26 34 3959
151 5 3960
133 191 3961
147 171 3962
29 35 3963
7 185 3964
123 126 3965
171 73 3966
126 3 3967
191 24 3968
84 69 3969
10 42 3970
196 44 3971
154 173 3972
168 49 3973
199 191 3974
132 129 3975
104 103 3976
111 120 3977
166 68 3978
27 148 3979
36 33 3980
40 64 3981
5 127 3982
70 50 3983
6 20 3984
60 42 3985
110 195 3986
72 77 3987
49 78 3988
112 50 3989
14 103 3990
146 149 3991
56 10 3992
178 112 3993
43 9 3994
27 150 3995
1 56 3996
33 138 3997
55 3 3998
194 185 3999
77 6 4000
13 80 4001
57 9 4002
58 109 4003
1 163 4004
39 116 4005
71 48 4006
197 78 4007
57 16 4008
40 29 4009
105 40 4010
55 122 4011
34 148 4012
145 195 4013
154 144 4014
125 29 4015
119 178 4016
104 200 4017
42 49 4018
30 65 4019
83 51 4020
85 101 4021
83 92 4022
139 179 4023
132 30 4024
169 17 4025
136 31 4026
138 159 4027
116 146 4028
186 38 4029
56 123 4030
51 27 4031
81 127 4032
110 168 4033
32 140 4034
114 36 4035
110 96 4036
163 91 4037
125 44 4038
54 93 4039
163 76 4040
138 144 4041
191 70 4042
94 191 4043
92 172 4044
93 22 4045
152 131 4046
90 131 4047
51 58 4048
199 114 4049
97 21 4050
95 174 4051
176 184 4052
108 176 4053
67 144 4054
121 63 4055
62 32 4056
144 65 4057
3 71 4058
174 2 4059
73 129 4060
161 156 4061
185 69 4062
163 190 4063
174 150 4064
129 140 4065
36 110 4066
23 157 4067
176 20 4068
13 41 4069
34 69 4070
97 10 4071
125 83 4072
76 12 4073
93 148 4074
62 26 4075
166 148 4076
115 131 4077
2 153 4078
159 127 4079
160 154 4080
45 31 4081
45 5 4082
3 90 4083
62 131 4084
195 188 4085
132 88 4086
34 157 4087
4 21 4088
73 50 4089
106 197 4090
34 68 4091
147 177 4092
17 115 4093
148 8 4094
165 139 4095
153 22 4096
121 67 4097
10 82 4098
31 27 4099
196 171 4100
146 12 4101
34 43 4102
106 116 4103
57 80 4104
70 24 4105
158 18 4106
30 79 4107
61 100 4108
73 68 4109
28 81 4110
51 54 4111
58 30 4112
86 25 4113
127 197 4114
146 5 4115
144 6 4116
82 190 4117
39 59 4118
20 23 4119
58 39 4120
99 87 4121
153 43 4122
196 143 4123
171 152 4124
24 95 4125
106 36 4126
138 111 4127
158 95 4128
6 22 4129
83 102 4130
54 95 4131
175 117 4132
98 198 4133
34 141 4134
4 190 4135
153 197 4136
96 103 4137
66 40 4138
179 11 4139
48 154 4140
168 57 4141
175 59 4142
59 129 4143
131 71 4144
150 79 4145
101 169 4146
140 65 4147
48 102 4148
152 157 4149
62 20 4150
178 147 4151
50 154 4152
22 56 4153
167 157 4154
115 180 4155
128 31 4156
170 25 4157
99 7 4158
66 68 4159
82 36 4160
145 188 4161
12 70 4162
112 89 4163
75 119 4164
200 35 4165
124 4 4166
106 154 4167
191 142 4168
158 154 4169
116 61 4170
35 39 4171
111 190 4172
200 128 4173
77 93 4174
25 89 4175
86 67 4176
4 189 4177
23 49 4178
146 182 4179
199 150 4180
143 57 4181
118 168 4182
3 124 4183
8 170 4184
129 188 4185
61 164 4186
119 86 4187
3 35 4188
31 87 4189
131 19 4190
69 67 4191
92 176 4192
90 127 4193
98 136 4194
17 121 4195
29 192 4196
176 118 4197
4 122 4198
94 49 4199
175 194 4200
111 133 4201
40 33 4202
109 41 4203
74 172 4204
128 106 4205
161 193 4206
47 125 4207
125 110 4208
56 144 4209
65 136 4210
54 108 4211
113 171 4212
100 95 4213
187 51 4214
111 74 4215
124 163 4216
134 75 4217
193 131 4218
37 6 4219
112 29 4220
96 143 4221
166 159 4222
182 151 4223
156 195 4224
139 127 4225
128 191 4226
47 156 4227
138 35 4228
64 119 4229
193 25 4230
35 19 4231
166 36 4232
62 125 4233
53 68 4234
133 95 4235
121 27 4236
91 165 4237
168 53 4238
196 27 4239
7 163 4240
139 125 4241
39 177 4242
151 132 4243
86 161 4244
142 11 4245
23 86 4246
145 107 4247
19 129 4248
1 10 4249
26 186 4250
133 87 4251
34 181 4252
73 16 4253
74 130 4254
144 69 4255
158 26 4256
161 29 4257
75 125 4258
139 135 4259
22 64 4260
51 154 4261
171 41 4262
27 187 4263
13 196 4264
1 107 4265
73 51 4266
46 137 4267
104 113 4268
197 99 4269
171 119 4270
74 177 4271
108 173 4272
20 25 4273
54 86 4274
104 61 4275
97 142 4276
108 136 4277
121 25 4278
78 84 4279
155 76 4280
142 39 4281
75 20 4282
82 48 4283
75 44 4284
183 173 4285
52 173 4286
165 115 4287
115 56 4288
143 40 4289
20 165 4290
38 163 4291
102 93 4292
125 170 4293
114 200 4294
2 85 4295
71 55 4296
129 151 4297
117 56 4298
95 143 4299
56 8 4300
125 142 4301
146 197 4302
102 112 4303
119 96 4304
92 47 4305
78 188 4306
62 159 4307
54 100 4308
70 90 4309
177 4 4310
64 185 4311
14 37 4312
50 27 4313
61 105 4314
54 90 4315
98 122 4316
170 171 4317
31 85 4318
5 68 4319
39 7 4320
144 160 4321
198 135 4322
107 99 4323
58 133 4324
6 128 4325
136 37 4326
70 139 4327
21 34 4328
68 8 4329
181 37 4330
170 124 4331
66 85 4332
94 26 4333
113 166 4334
35 179 4335
14 102 4336
159 39 4337
83 12 4338
172 96 4339
98 134 4340
47 31 4341
79 153 4342
68 41 4343
54 127 4344
2 171 4345
117 155 4346
32 24 4347
119 16 4348
109 173 4349
198 121 4350
87 195 4351
187 142 4352
198 101 4353
15 114 4354
154 66 4355
46 105 4356
185 35 4357
111 115 4358
187 159 4359
88 194 4360
174 196 4361
117 21 4362
51 159 4363
27 104 4364
144 39 4365
88 16 4366
186 31 4367
151 29 4368
180 80 4369
45 78 4370
23 40 4371
90 119 4372
137 149 4373
58 174 4374
155 11 4375
102 193 4376
35 76 4377
188 89 4378
39 145 4379
14 187 4380
13 137 4381
18 152 4382
140 200 4383
13 10 4384
5 179 4385
151 150 4386
101 105 4387
37 9 4388
41 161 4389
42 189 4390
179 113 4391
163 176 4392
14 23 4393
100 42 4394
35 26 4395
32 125 4396
175 176 4397
16 113 4398
51 56 4399
25 115 4400
88 152 4401
62 18 4402
42 200 4403
151 198 4404
114 185 4405
70 31 4406
74 59 4407
9 70 4408
18 102 4409
9 189 4410
26 192 4411
15 168 4412
28 188 4413
43 111 4414
85 22 4415
22 193 4416
183 83 4417
6 27 4418
2 72 4419
1 46 4420
58 97 4421
106 100 4422
126 52 4423
57 56 4424
197 131 4425
79 109 4426
118 125 4427
53 8 4428
152 35 4429
9 188 4430
87 159 4431
52 56 4432
30 200 4433
88 184 4434
179 16 4435
24 121 4436
3 182 4437
83 45 4438
76 167 4439
76 135 4440
35 11 4441
79 165 4442
68 195 4443
109 172 4444
105 63 4445
65 174 4446
84 146 4447
60 105 4448
45 112 4449
37 42 4450
114 32 4451
39 105 4452
194 58 4453
91 180 4454
192 122 4455
109 95 4456
196 102 4457
186 140 4458
164 168 4459
177 116 4460
65 87 4461
149 12 4462
104 155 4463
52 32 4464
80 39 4465
48 196 4466
138 69 4467
70 60 4468
59 152 4469
189 36 4470
165 6 4471
69 147 4472
147 92 4473
54 39 4474
182 30 4475
114 71 4476
2 28 4477
24 181 4478
52 142 4479
105 153 4480
179 6 4481
8 155 4482
193 116 4483
164 48 4484
150 170 4485
91 80 4486
18 1 4487
148 23 4488
13 151 4489
53 21 4490
191 90 4491
164 195 4492
91 155 4493
124 107 4494
65 169 4495
18 65 4496
40 149 4497
40 4 4498
166 76 4499
66 115 4500
124 20 4501
40 120 4502
42 167 4503
16 116 4504
86 87 4505
16 13 4506
31 52 4507
124 141 4508
29 17 4509
159 126 4510
46 184 4511
4 104 4512
151 46 4513
97 26 4514
177 85 4515
199 53 4516
18 14 4517
4 143 4518
65 191 4519
86 155 4520
65 88 4521
197 152 4522
85 82 4523
121 112 4524
55 100 4525
134 50 4526
45 191 4527
63 199 4528
53 9 4529
147 2 4530
86 2 4531
37 80 4532
91 100 4533
65 133 4534
191 89 4535
9 52 4536
3 113 4537
52 81 4538
129 152 4539
66 22 4540
135 131 4541
197 83 4542
191 12 4543
52 171 4544
75 6 4545
57 154 4546
177 151 4547
195 5 4548
48 110 4549
106 181 4550
137 166 4551
163 14 4552
95 140 4553
141 125 4554
48 67 4555
143 194 4556
50 29 4557
175 122 4558
151 120 4559
128 172 4560
124 91 4561
172 159 4562
126 193 4563
185 87 4564
71 129 4565
52 164 4566
44 176 4567
13 149 4568
81 2 4569
45 113 4570
117 87 4571
71 120 4572
96 141 4573
32 81 4574
123 152 4575
196 142 4576
2 184 4577
113 172 4578
116 14 4579
117 68 4580
172 79 4581
150 54 4582
200 41 4583
97 103 4584
125 164 4585
105 10 4586
50 119 4587
152 16 4588
30 89 4589
156 74 4590
155 49 4591
197 7 4592
69 169 4593
67 123 4594
129 199 4595
59 155 4596
37 61 4597
23 34 4598
124 54 4599
89 62 4600
94 34 4601
82 76 4602
178 27 4603
133 32 4604
63 70 4605
93 174 4606
81 115 4607
133 41 4608
139 12 4609
39 69 4610
23 12 4611
83 109 4612
65 89 4613
15 169 4614
154 86 4615
83 117 4616
30 9 4617
114 145 4618
171 75 4619
53 51 4620
144 135 4621
154 72 4622
71 173 4623
147 71 4624
48 125 4625
178 92 4626
129 190 4627
11 37 4628
120 61 4629
38 46 4630
48 108 4631
61 9 4632
9 134 4633
74 104 4634
175 19 4635
168 30 4636
89 42 4637
66 147 4638
161 135 4639
128 197 4640
29 158 4641
59 99 4642
40 163 4643
50 38 4644
181 140 4645
171 139 4646
110 87 4647
20 34 4648
131 46 4649
160 107 4650
53 129 4651
158 108 4652
19 48 4653
51 59 4654
117 54 4655
166 64 4656
149 56 4657
119 44 4658
123 80 4659
183 154 4660
143 67 4661
127 187 4662
99 126 4663
136 111 4664
114 11 4665
188 121 4666
184 89 4667
7 102 4668
125 130 4669
188 109 4670
27 182 4671
194 101 4672
111 188 4673
182 177 4674
104 156 4675
120 65 4676
134 172 4677
187 16 4678
147 165 4679
182 178 4680
84 3 4681
41 152 4682
111 3 4683
67 12 4684
16 69 4685
158 83 4686
123 88 4687
199 81 4688
19 67 4689
105 156 4690
31 145 4691
115 172 4692
14 22 4693
86 24 4694
170 33 4695
154 151 4696
91 170 4697
181 164 4698
96 134 4699
77 124 4700
27 147 4701
195 152 4702
25 104 4703
24 60 4704
105 30 4705
37 188 4706
16 72 4707
122 105 4708
143 23 4709
68 78 4710
33 173 4711
187 166 4712
6 135 4713
9 95 4714
101 107 4715
7 193 4716
132 137 4717
116 7 4718
57 8 4719
53 191 4720
169 99 4721
121 122 4722
85 128 4723
14 21 4724
33 45 4725
102 125 4726
53 115 4727
25 94 4728
176 96 4729
192 69 4730
193 160 4731
57 15 4732
93 33 4733
52 151 4734
126 182 4735
132 93 4736
16 31 4737
83 169 4738
29 170 4739
193 171 4740
97 129 4741
61 186 4742
57 127 4743
11 48 4744
112 95 4745
36 76 4746
14 84 4747
65 155 4748
103 139 4749
84 158 4750
62 142 4751
32 37 4752
114 39 4753
121 52 4754
110 147 4755
61 122 4756
181 116 4757
103 110 4758
4 62 4759
75 57 4760
15 174 4761
63 109 4762
154 135 4763
73 93 4764
161 51 4765
127 46 4766
1 180 4767
58 172 4768
142 165 4769
12 105 4770
50 152 4771
24 159 4772
73 115 4773
68 2 4774
142 72 4775
151 174 4776
193 119 4777
5 93 4778
117 67 4779
143 93 4780
53 181 4781
67 38 4782
93 68 4783
169 154 4784
148 154 4785
87 116 4786
29 83 4787
23 35 4788
124 1 4789
20 84 4790
113 128 4791
142 71 4792
133 182 4793
57 177 4794
21 162 4795
61 147 4796
199 24 4797
163 139 4798
77 31 4799
132 107 4800
17 164 4801
174 173 4802
31 57 4803
131 95 4804
174 71 4805
4 182 4806
161 130 4807
117 3 4808
71 163 4809
180 93 4810
125 58 4811
49 188 4812
21 47 4813
157 16 4814
172 85 4815
133 186 4816
34 132 4817
195 100 4818
192 169 4819
21 148 4820
18 24 4821
20 112 4822
50 155 4823
75 100 4824
62 72 4825
17 118 4826
175 8 4827
100 110 4828
70 8 4829
32 167 4830
131 63 4831
28 25 4832
120 97 4833
97 119 4834
89 137 4835
157 18 4836
122 167 4837
174 157 4838
80 134 4839
19 44 4840
99 114 4841
3 160 4842
64 113 4843
137 56 4844
177 185 4845
185 44 4846
156 147 4847
13 147 4848
52 58 4849
87 171 4850
179 89 4851
160 34 4852
101 91 4853
36 63 4854
134 175 4855
79 97 4856
138 141 4857
21 106 4858
27 156 4859
109 198 4860
152 177 4861
101 155 4862
75 21 4863
37 82 4864
84 134 4865
42 24 4866
175 118 4867
196 111 4868
174 120 4869
61 90 4870
29 79 4871
79 86 4872
197 182 4873
48 168 4874
191 88 4875
105 158 4876
88 97 4877
180 151 4878
58 6 4879
45 125 4880
165 73 4881
48 53 4882
182 86 4883
185 49 4884
188 106 4885
39 173 4886
7 65 4887
147 90 4888
18 106 4889
39 50 4890
178 144 4891
134 144 4892
182 74 4893
200 123 4894
186 182 4895
140 130 4896
183 59 4897
44 56 4898
178 136 4899
72 63 4900
125 27 4901
12 33 4902
124 51 4903
12 60 4904
89 193 4905
29 39 4906
13 197 4907
152 76 4908
6 124 4909
25 191 4910
135 13 4911
48 101 4912
135 63 4913
26 193 4914
79 111 4915
171 155 4916
45 192 4917
40 34 4918
60 59 4919
140 57 4920
139 102 4921
84 73 4922
109 3 4923
199 84 4924
195 63 4925
167 98 4926
133 39 4927
48 55 4928
159 76 4929
196 164 4930
86 131 4931
76 86 4932
199 172 4933
169 122 4934
13 166 4935
192 7 4936
45 4 4937
179 82 4938
72 55 4939
182 85 4940
62 123 4941
85 159 4942
200 182 4943
177 127 4944
104 34 4945
88 73 4946
38 138 4947
3 176 4948
17 155 4949
187 106 4950
5 186 4951
172 178 4952
14 188 4953
78 191 4954
198 76 4955
14 74 4956
9 6 4957
112 157 4958
75 10 4959
140 58 4960
90 39 4961
45 44 4962
44 116 4963
178 26 4964
165 187 4965
85 133 4966
28 174 4967
51 49 4968
148 104 4969
177 148 4970
130 68 4971
137 178 4972
65 165 4973
58 175 4974
131 154 4975
131 23 4976
87 43 4977
161 102 4978
21 177 4979
199 125 4980
192 180 4981
133 23 4982
159 1 4983
71 133 4984
79 136 4985
48 130 4986
151 137 4987
111 93 4988
175 10 4989
39 138 4990
191 200 4991
50 64 4992
127 3 4993
5 162 4994
22 63 4995
40 166 4996
63 154 4997
49 149 4998
81 174 4999
6 62 5000
176 16 5001
75 136 5002
190 150 5003
168 27 5004
45 138 5005
90 192 5006
138 194 5007
194 144 5008
165 61 5009
124 157 5010
172 176 5011
85 57 5012
96 91 5013
193 142 5014
121 81 5015
62 103 5016
29 27 5017
6 139 5018
122 132 5019
93 114 5020
111 38 5021
45 116 5022
27 62 5023
185 2 5024
100 112 5025
82 159 5026
111 95 5027
105 157 5028
133 1 5029
10 174 5030
82 61 5031
71 108 5032
78 167 5033
170 185 5034
91 151 5035
134 198 5036
66 5 5037
5 12 5038
67 35 5039
139 150 5040
44 90 5041
149 96 5042
134 19 5043
106 108 5044
6 11 5045
181 54 5046
30 32 5047
196 187 5048
37 134 5049
121 175 5050
54 24 5051
35 56 5052
52 150 5053
63 43 5054
20 51 5055
44 146 5056
121 56 5057
118 116 5058
107 200 5059
76 124 5060
33 176 5061
126 132 5062
36 43 5063
51 50 5064
150 155 5065
153 78 5066
12 176 5067
140 166 5068
197 151 5069
88 135 5070
182 54 5071
107 147 5072
128 43 5073
41 19 5074
174 19 5075
62 129 5076
157 65 5077
41 130 5078
145 110 5079
54 166 5080
84 148 5081
21 195 5082
92 17 5083
114 72 5084
20 137 5085
168 189 5086
116 194 5087
123 64 5088
157 80 5089
127 183 5090
87 177 5091
71 81 5092
32 198 5093
193 71 5094
100 17 5095
126 92 5096
43 56 5097
59 113 5098
109 66 5099
94 200 5100
21 91 5101
167 165 5102
129 139 5103
119 104 5104
61 24 5105
130 62 5106
87 80 5107
195 37 5108
62 194 5109
99 6 5110
178 135 5111
151 109 5112
146 14 5113
136 126 5114
158 4 5115
109 46 5116
92 166 5117
73 150 5118
90 185 5119
158 22 5120
155 120 5121
47 181 5122
44 154 5123
54 41 5124
59 13 5125
44 41 5126
87 67 5127
95 66 5128
44 43 5129
198 17 5130
198 138 5131
175 145 5132
99 185 5133
194 29 5134
115 122 5135
191 26 5136
167 34 5137
133 145 5138
75 137 5139
14 36 5140
104 13 5141
196 9 5142
127 60 5143
1 79 5144
74 36 5145
95 71 5146
118 142 5147
33 34 5148
166 34 5149
116 161 5150
28 105 5151
88 198 5152
96 2 5153
21 141 5154
3 100 5155
36 60 5156
140 163 5157
101 143 5158
150 45 5159
15 99 5160
6 158 5161
142 170 5162
125 38 5163
143 81 5164
153 113 5165
138 61 5166
106 8 5167
15 188 5168
127 149 5169
46 85 5170
135 155 5171
164 78 5172
64 92 5173
132 148 5174
90 84 5175
26 16 5176
70 39 5177
139 15 5178
47 13 5179
118 97 5180
7 139 5181
154 117 5182
164 98 5183
16 54 5184
5 198 5185
113 77 5186
66 13 5187
50 66 5188
3 9 5189
156 62 5190
110 196 5191
98 33 5192
59 131 5193
177 93 5194
39 132 5195
139 4 5196
49 45 5197
164 37 5198
60 145 5199
94 135 5200
115 164 5201
106 74 5202
32 195 5203
112 169 5204
63 136 5205
106 38 5206
174 32 5207
106 105 5208
66 172 5209
18 8 5210
87 165 5211
176 24 5212
59 100 5213
57 151 5214
21 9 5215
40 32 5216
189 198 5217
59 163 5218
157 74 5219
126 32 5220
188 162 5221
99 61 5222
117 133 5223
24 44 5224
62 110 5225
21 175 5226
48 7 5227
17 154 5228
117 48 5229
132 54 5230
61 112 5231
166 32 5232
95 149 5233
165 183 5234
28 104 5235
94 156 5236
5 4 5237
33 120 5238
16 186 5239
117 185 5240
2 130 5241
166 93 5242
83 184 5243
96 80 5244
200 93 5245
7 155 5246
87 173 5247
86 196 5248
143 174 5249
158 89 5250
74 11 5251
96 100 5252
80 14 5253
156 194 5254
197 53 5255
128 68 5256
11 49 5257
104 129 5258
22 77 5259
80 66 5260
128 141 5261
193 51 5262
110 130 5263
104 72 5264
199 151 5265
155 199 5266
141 137 5267
166 200 5268
41 38 5269
19 22 5270
127 120 5271
180 190 5272
54 76 5273
114 58 5274
58 79 5275
173 180 5276
40 154 5277
12 130 5278
99 156 5279
6 161 5280
171 99 5281
18 119 5282
122 128 5283
185 144 5284
114 1 5285
98 4 5286
169 89 5287
140 14 5288
60 151 5289
137 161 5290
92 55 5291
74 1 5292
39 68 5293
22 58 5294
183 76 5295
161 23 5296
150 103 5297
96 158 5298
84 45 5299
33 15 5300
46 182 5301
120 177 5302
71 89 5303
150 22 5304
186 146 5305
124 169 5306
124 5 5307
5 28 5308
78 17 5309
172 146 5310
171 13 5311
114 69 5312
96 31 5313
42 72 5314
28 133 5315
3 199 5316
10 186 5317
84 51 5318
132 70 5319
108 130 5320
150 1 5321
122 12 5322
136 132 5323
95 7 5324
21 102 5325
187 173 5326
175 113 5327
165 44 5328
183 46 5329
144 77 5330
33 155 5331
15 153 5332
172 139 5333
11 50 5334
114 158 5335
47 193 5336
120 76 5337
40 153 5338
181 196 5339
33 125 5340
107 190 5341
102 105 5342
149 158 5343
32 152 5344
32 18 5345
120 143 5346
122 64 5347
147 131 5348
197 56 5349
140 105 5350
191 148 5351
26 141 5352
151 99 5353
50 75 5354
34 103 5355
38 162 5356
183 22 5357
136 104 5358
176 37 5359
29 179 5360
80 181 5361
98 187 5362
127 67 5363
1 126 5364
136 70 5365
130 147 5366
153 16 5367
125 197 5368
89 200 5369
194 1 5370
76 94 5371
155 192 5372
180 33 5373
55 2 5374
163 173 5375
1 158 5376
23 183 5377
133 10 5378
118 171 5379
85 164 5380
29 101 5381
22 104 5382
86 40 5383
91 119 5384
17 200 5385
44 190 5386
16 85 5387
165 78 5388
77 39 5389
151 140 5390
11 109 5391
15 186 5392
108 53 5393
191 54 5394
44 164 5395
104 138 5396
52 90 5397
174 12 5398
26 107 5399
44 137 5400
63 68 5401
186 185 5402
170 178 5403
155 134 5404
164 107 5405
14 27 5406
24 128 5407
79 106 5408
142 36 5409
137 36 5410
53 183 5411
161 134 5412
20 115 5413
125 105 5414
169 144 5415
75 106 5416
148 32 5417
165 131 5418
38 72 5419
78 37 5420
60 123 5421
49 170 5422
55 64 5423
149 61 5424
32 63 5425
145 104 5426
177 37 5427
163 43 5428
112 38 5429
3 4 5430
176 26 5431
153 83 5432
125 30 5433
106 5 5434
164 157 5435
179 174 5436
82 31 5437
159 5 5438
144 83 5439
192 28 5440
139 152 5441
89 120 5442
98 107 5443
113 91 5444
17 144 5445
161 61 5446
12 159 5447
171 102 5448
70 28 5449
93 149 5450
138 123 5451
127 124 5452
109 200 5453
34 52 5454
43 46 5455
147 119 5456
134 39 5457
163 95 5458
118 9 5459
65 98 5460
1 136 5461
186 23 5462
145 155 5463
105 190 5464
79 198 5465
32 145 5466
66 143 5467
55 119 5468
71 25 5469
172 46 5470
38 161 5471
82 143 5472
138 58 5473
129 123 5474
47 179 5475
53 169 5476
51 197 5477
63 168 5478
46 144 5479
160 179 5480
26 5 5481
166 2 5482
141 121 5483
14 43 5484
164 75 5485
1 186 5486
76 176 5487
12 160 5488
7 63 5489
43 25 5490
51 117 5491
187 169 5492
87 164 5493
184 51 5494
61 150 5495
134 71 5496
107 113 5497
62 105 5498
31 78 5499
144 38 5500
101 126 5501
184 90 5502
116 198 5503
24 132 5504
175 92 5505
154 172 5506
157 96 5507
11 81 5508
47 99 5509
150 163 5510
19 140 5511
167 3 5512
193 155 5513
126 157 5514
143 113 5515
157 56 5516
22 160 5517
10 148 5518
160 87 5519
184 138 5520
139 3 5521
91 60 5522
103 167 5523
195 106 5524
164 69 5525
166 193 5526
22 168 5527
157 133 5528
55 102 5529
36 84 5530
55 106 5531
66 178 5532
90 125 5533
12 72 5534
35 32 5535
199 33 5536
105 8 5537
75 79 5538
57 29 5539
102 28 5540
17 38 5541
105 193 5542
28 181 5543
112 110 5544
53 14 5545
60 137 5546
144 127 5547
140 164 5548
104 68 5549
151 32 5550
17 146 5551
162 160 5552
94 193 5553
147 91 5554
11 40 5555
2 93 5556
144 43 5557
84 94 5558
100 43 5559
189 104 5560
14 189 5561
172 197 5562
161 18 5563
58 167 5564
184 178 5565
13 74 5566
153 151 5567
162 129 5568
70 181 5569
124 180 5570
128 69 5571
181 137 5572
82 120 5573
15 197 5574
172 16 5575
186 82 5576
113 160 5577
124 61 5578
180 188 5579
59 79 5580
200 74 5581
26 72 5582
53 100 5583
116 23 5584
32 164 5585
3 105 5586
22 18 5587
16 80 5588
144 150 5589
65 24 5590
167 199 5591
183 63 5592
128 178 5593
15 199 5594
28 52 5595
70 78 5596
127 162 5597
89 115 5598
74 142 5599
9 125 5600
91 43 5601
94 4 5602
172 138 5603
186 193 5604
175 147 5605
69 66 5606
14 197 5607
172 162 5608
156 13 5609
97 187 5610
141 146 5611
76 170 5612
200 106 5613
87 128 5614
118 113 5615
79 130 5616
199 68 5617
162 133 5618
169 62 5619
33 119 5620
153 30 5621
4 166 5622
39 139 5623
154 101 5624
30 103 5625
73 179 5626
59 136 5627
79 7 5628
121 98 5629
151 122 5630
169 199 5631
39 172 5632
8 38 5633
50 158 5634
122 23 5635
167 85 5636
33 92 5637
51 172 5638
50 10 5639
64 67 5640
110 55 5641
87 60 5642
41 79 5643
172 157 5644
139 90 5645
106 185 5646
199 6 5647
146 1 5648
121 65 5649
158 88 5650
107 86 5651
189 41 5652
200 183 5653
7 72 5654
4 142 5655
145 141 5656
181 57 5657
17 43 5658
43 147 5659
78 123 5660
12 35 5661
8 140 5662
135 91 5663
4 107 5664
114 133 5665
156 185 5666
55 156 5667
95 31 5668
42 142 5669
189 73 5670
33 100 5671
113 87 5672
194 26 5673
100 152 5674
17 9 5675
160 118 5676
104 83 5677
188 34 5678
194 98 5679
103 32 5680
74 56 5681
131 150 5682
65 44 5683
191 181 5684
180 103 5685
115 77 5686
12 17 5687
134 188 5688
131 77 5689
185 134 5690
85 76 5691
181 146 5692
20 76 5693
113 122 5694
79 138 5695
82 117 5696
136 131 5697
6 83 5698
80 192 5699
146 16 5700
7 104 5701
187 70 5702
20 126 5703
32 194 5704
110 146 5705
196 40 5706
128 151 5707
98 114 5708
101 87 5709
16 194 5710
54 58 5711
21 52 5712
94 132 5713
175 192 5714
147 158 5715
102 34 5716
74 141 5717
132 199 5718
94 150 5719
9 161 5720
52 1 5721
190 158 5722
189 159 5723
26 137 5724
63 13 5725
9 143 5726
162 68 5727
180 193 5728
108 97 5729
53 52 5730
185 183 5731
134 141 5732
183 86 5733
144 145 5734
70 172 5735
34 152 5736
28 71 5737
24 30 5738
152 49 5739
171 129 5740
1 68 5741
124 101 5742
24 183 5743
173 156 5744
91 17 5745
51 143 5746
149 173 5747
97 99 5748
29 199 5749
27 158 5750
31 29 5751
172 164 5752
66 10 5753
95 128 5754
162 52 5755
75 179 5756
58 107 5757
108 52 5758
124 190 5759
75 98 5760
190 37 5761
43 93 5762
91 50 5763
54 14 5764
40 102 5765
13 12 5766
93 32 5767
67 6 5768
198 128 5769
168 98 5770
102 199 5771
185 36 5772
173 28 5773
169 94 5774
177 76 5775
45 61 5776
175 172 5777
144 117 5778
116 185 5779
167 59 5780
103 175 5781
140 83 5782
75 189 5783
85 154 5784
87 144 5785
193 181 5786
139 167 5787
163 25 5788
94 153 5789
124 100 5790
121 30 5791
149 106 5792
188 182 5793
35 165 5794
195 18 5795
162 77 5796
133 89 5797
109 32 5798
60 192 5799
118 31 5800
177 62 5801
108 19 5802
196 125 5803
59 68 5804
181 84 5805
189 8 5806
6 136 5807
32 65 5808
9 146 5809
139 72 5810
98 166 5811
172 192 5812
20 110 5813
15 143 5814
181 109 5815
124 36 5816
161 118 5817
193 97 5818
34 100 5819
148 88 5820
140 109 5821
25 93 5822
197 109 5823
5 10 5824
94 112 5825
175 197 5826
97 135 5827
107 114 5828
92 181 5829
186 125 5830
68 29 5831
47 39 5832
193 19 5833
146 131 5834
98 119 5835
37 123 5836
120 179 5837
185 195 5838
124 138 5839
198 131 5840
166 169 5841
137 158 5842
127 87 5843
44 10 5844
25 100 5845
63 153 5846
192 106 5847
73 192 5848
158 99 5849
20 132 5850
19 29 5851
102 2 5852
3 179 5853
60 115 5854
110 166 5855
181 25 5856
187 87 5857
12 43 5858
32 73 5859
149 15 5860
167 67 5861
131 9 5862
13 194 5863
125 26 5864
170 136 5865
155 139 5866
107 105 5867
48 75 5868
153 103 5869
105 80 5870
166 97 5871
34 159 5872
127 190 5873
120 81 5874
116 27 5875
101 115 5876
117 12 5877
53 142 5878
130 8 5879
86 26 5880
187 157 5881
101 171 5882
151 107 5883
182 157 5884
137 45 5885
80 97 5886
168 7 5887
138 28 5888
85 137 5889
73 17 5890
117 14 5891
126 22 5892
131 87 5893
128 53 5894
90 163 5895
170 137 5896
190 74 5897
9 62 5898
188 38 5899
12 134 5900
50 4 5901
174 91 5902
67 137 5903
13 91 5904
80 164 5905
104 188 5906
142 178 5907
124 188 5908
134 117 5909
30 68 5910
199 31 5911
94 71 5912
33 80 5913
47 113 5914
7 199 5915
11 34 5916
126 95 5917
112 11 5918
35 124 5919
161 147 5920
13 77 5921
175 49 5922
177 114 5923
97 62 5924
36 192 5925
117 138 5926
191 18 5927
107 179 5928
191 118 5929
17 120 5930
26 18 5931
5 61 5932
148 147 5933
84 142 5934
85 80 5935
52 65 5936
140 152 5937
70 51 5938
74 160 5939
167 77 5940
135 153 5941
37 155 5942
20 197 5943
38 31 5944
193 6 5945
105 127 5946
22 138 5947
192 102 5948
111 5 5949
172 144 5950
188 105 5951
180 178 5952
153 10 5953
114 117 5954
41 1 5955
117 42 5956
77 60 5957
97 162 5958
180 84 5959
22 107 5960
30 51 5961
173 5 5962
129 192 5963
78 42 5964
78 148 5965
168 128 5966
63 61 5967
113 158 5968
55 127 5969
63 52 5970
132 37 5971
7 165 5972
62 107 5973
170 37 5974
121 104 5975
101 123 5976
83 128 5977
87 50 5978
43 101 5979
116 122 5980
119 136 5981
54 15 5982
95 161 5983
113 139 5984
188 153 5985
163 143 5986
174 48 5987
76 29 5988
148 86 5989
198 89 5990
19 179 5991
121 126 5992
23 70 5993
88 66 5994
80 24 5995
149 144 5996
91 187 5997
1 164 5998
68 94 5999
54 92 6000
92 75 6001
192 88 6002
29 113 6003
33 163 6004
147 55 6005
183 124 6006
171 19 6007
114 88 6008
146 137 6009
180 199 6010
20 103 6011
169 130 6012
179 175 6013
159 54 6014
167 196 6015
141 122 6016
59 172 6017
43 31 6018
87 178 6019
42 21 6020
118 139 6021
20 121 6022
181 72 6023
99 113 6024
95 23 6025
122 100 6026
106 65 6027
65 97 6028
135 110 6029
99 49 6030
8 35 6031
68 67 6032
46 161 6033
173 77 6034
2 180 6035
62 65 6036
122 177 6037
86 149 6038
81 170 6039
30 84 6040
178 106 6041
141 199 6042
112 170 6043
155 182 6044
33 130 6045
9 46 6046
151 125 6047
29 74 6048
35 48 6049
178 103 6050
39 51 6051
129 72 6052
33 195 6053
176 182 6054
181 30 6055
117 146 6056
155 143 6057
103 105 6058
13 62 6059
186 128 6060
78 65 6061
191 96 6062
43 67 6063
44 130 6064
147 166 6065
197 196 6066
123 112 6067
190 32 6068
24 113 6069
66 142 6070
115 124 6071
80 111 6072
189 162 6073
40 193 6074
45 81 6075
146 121 6076
128 3 6077
41 52 6078
171 168 6079
162 140 6080
118 67 6081
94 50 6082
160 48 6083
74 175 6084
29 52 6085
78 81 6086
196 91 6087
139 194 6088
47 1 6089
85 141 6090
186 200 6091
7 58 6092
127 106 6093
46 124 6094
66 192 6095
161 53 6096
178 76 6097
45 63 6098
150 161 6099
119 60 6100
85 20 6101
134 49 6102
122 172 6103
62 127 6104
91 36 6105
18 9 6106
82 47 6107
161 148 6108
70 83 6109
44 84 6110
6 5 6111
94 196 6112
41 77 6113
81 107 6114
132 92 6115
140 77 6116
167 191 6117
158 115 6118
34 142 6119
54 45 6120
135 114 6121
84 106 6122
54 135 6123
188 62 6124
185 162 6125
82 138 6126
33 137 6127
132 3 6128
76 179 6129
132 51 6130
79 163 6131
194 174 6132
73 82 6133
49 192 6134
171 160 6135
9 123 6136
161 67 6137
128 70 6138
147 128 6139
26 25 6140
10 140 6141
180 114 6142
159 154 6143
88 144 6144
135 29 6145
183 79 6146
162 120 6147
150 138 6148
10 25 6149
181 86 6150
195 95 6151
119 11 6152
171 15 6153
168 147 6154
90 170 6155
193 190 6156
58 46 6157
76 181 6158
76 38 6159
11 59 6160
38 28 6161
137 101 6162
68 38 6163
168 111 6164
120 166 6165
66 90 6166
116 149 6167
108 183 6168
92 127 6169
192 13 6170
30 8 6171
24 130 6172
188 60 6173
50 42 6174
178 37 6175
163 13 6176
99 146 6177
136 39 6178
123 162 6179
58 98 6180
101 98 6181
65 118 6182
33 11 6183
49 25 6184
67 63 6185
163 194 6186
91 127 6187
193 98 6188
54 68 6189
165 67 6190
66 52 6191
140 93 6192
4 71 6193
150 121 6194
136 23 6195
89 39 6196
168 51 6197
19 113 6198
164 83 6199
81 119 6200
57 163 6201
37 128 6202
13 70 6203
190 122 6204
174 49 6205
126 86 6206
121 58 6207
193 175 6208
11 141 6209
148 153 6210
9 24 6211
34 173 6212
198 23 6213
126 111 6214
10 131 6215
27 64 6216
18 117 6217
37 156 6218
125 183 6219
10 116 6220
194 35 6221
120 180 6222
144 21 6223
48 44 6224
114 43 6225
72 171 6226
9 83 6227
191 145 6228
16 120 6229
24 110 6230
74 38 6231
22 130 6232
131 167 6233
140 73 6234
195 46 6235
170 78 6236
162 170 6237
158 60 6238
196 41 6239
173 106 6240
79 67 6241
99 56 6242
19 27 6243
51 198 6244
101 199 6245
95 60 6246
146 185 6247
32 171 6248
126 91 6249
12 101 6250
18 113 6251
107 116 6252
53 176 6253
139 98 6254
86 1 6255
158 82 6256
136 29 6257
193 42 6258
61 40 6259
35 70 6260
166 114 6261
192 53 6262
128 61 6263
92 90 6264
171 26 6265
59 61 6266
189 153 6267
14 199 6268
143 99 6269
33 5 6270
50 15 6271
162 179 6272
125 70 6273
187 93 6274
131 1 6275
139 197 6276
165 16 6277
179 106 6278
86 188 6279
103 68 6280
137 77 6281
133 120 6282
100 115 6283
145 22 6284
182 47 6285
187 82 6286
36 169 6287
19 144 6288
15 69 6289
6 2 6290
24 112 6291
80 129 6292
107 11 6293
83 139 6294
36 194 6295
7 190 6296
51 86 6297
171 153 6298
145 200 6299
91 77 6300
135 179 6301
170 98 6302
6 71 6303
132 165 6304
75 12 6305
113 157 6306
137 105 6307
51 192 6308
162 149 6309
142 189 6310
10 167 6311
125 96 6312
159 165 6313
70 59 6314
61 166 6315
26 160 6316
54 7 6317
101 89 6318
82 109 6319
107 96 6320
2 76 6321
178 29 6322
61 51 6323
6 69 6324
41 72 6325
76 37 6326
22 67 6327
10 94 6328
134 77 6329
103 57 6330
2 57 6331
28 12 6332
170 191 6333
187 112 6334
20 72 6335
35 149 6336
126 65 6337
115 99 6338
188 132 6339
6 118 6340
95 125 6341
108 166 6342
99 50 6343
172 118 6344
53 154 6345
107 17 6346
39 43 6347
45 24 6348
99 152 6349
66 33 6350
5 52 6351
125 14 6352
192 2 6353
73 77 6354
100 144 6355
110 23 6356
33 108 6357
128 28 6358
188 40 6359
69 156 6360
161 101 6361
68 194 6362
167 70 6363
116 36 6364
113 8 6365
3 185 6366
161 60 6367
178 70 6368
127 66 6369
159 99 6370
139 116 6371
114 168 6372
138 171 6373
120 118 6374
174 56 6375
147 140 6376
14 192 6377
134 81 6378
80 190 6379
154 162 6380
103 127 6381
119 59 6382
173 126 6383
36 152 6384
142 168 6385
137 11 6386
185 59 6387
27 190 6388
172 62 6389
177 189 6390
59 121 6391
11 1 6392
100 171 6393
22 180 6394
191 17 6395
79 92 6396
64 98 6397
102 165 6398
35 41 6399
163 27 6400
35 10 6401
18 122 6402
115 13 6403
149 131 6404
173 177 6405
81 44 6406
69 48 6407
157 81 6408
172 65 6409
117 128 6410
83 34 6411
89 82 6412
53 157 6413
183 47 6414
65 48 6415
70 73 6416
155 70 6417
18 115 6418
104 178 6419
33 25 6420
200 70 6421
27 102 6422
29 32 6423
71 84 6424
116 18 6425
69 112 6426
191 143 6427
192 125 6428
169 177 6429
57 114 6430
79 152 6431
167 197 6432
73 7 6433
147 118 6434
95 85 6435
85 17 6436
39 101 6437
171 37 6438
3 107 6439
154 47 6440
54 180 6441
51 95 6442
169 191 6443
99 181 6444
180 158 6445
158 130 6446
84 117 6447
76 185 6448
23 78 6449
42 30 6450
96 36 6451
70 162 6452
78 22 6453
159 22 6454
180 74 6455
83 126 6456
198 161 6457
140 39 6458
61 41 6459
174 36 6460
84 168 6461
33 72 6462
114 149 6463
96 167 6464
102 58 6465
14 139 6466
9 170 6467
34 54 6468
19 198 6469
158 102 6470
109 55 6471
195 19 6472
63 126 6473
184 124 6474
44 187 6475
197 161 6476
134 109 6477
80 103 6478
69 60 6479
173 132 6480
153 77 6481
70 190 6482
52 11 6483
97 153 6484
12 30 6485
119 107 6486
17 95 6487
175 50 6488
142 121 6489
174 115 6490
117 119 6491
99 187 6492
195 91 6493
24 29 6494
82 54 6495
29 4 6496
32 118 6497
79 125 6498
87 3 6499
161 104 6500
99 23 6501
48 17 6502
168 83 6503
161 105 6504
92 97 6505
138 92 6506
9 23 6507
55 144 6508
94 83 6509
140 92 6510
190 55 6511
140 28 6512
14 158 6513
195 89 6514
144 28 6515
118 195 6516
27 129 6517
181 168 6518
196 55 6519
190 109 6520
108 169 6521
26 174 6522
106 29 6523
200 130 6524
3 28 6525
45 58 6526
49 98 6527
36 179 6528
176 117 6529
56 190 6530
127 102 6531
79 177 6532
29 77 6533
124 92 6534
74 82 6535
93 8 6536
106 190 6537
191 13 6538
166 66 6539
56 134 6540
32 68 6541
153 95 6542
90 41 6543
191 103 6544
164 56 6545
134 121 6546
94 143 6547
164 35 6548
41 190 6549
186 176 6550
170 46 6551
50 22 6552
70 146 6553
32 7 6554
135 37 6555
51 149 6556
88 189 6557
148 73 6558
94 140 6559
79 15 6560
185 21 6561
82 4 6562
169 82 6563
154 181 6564
123 179 6565
191 175 6566
15 192 6567
158 93 6568
162 175 6569
68 149 6570
81 123 6571
66 161 6572
27 95 6573
87 95 6574
57 12 6575
30 28 6576
82 108 6577
73 48 6578
16 126 6579
58 183 6580
113 140 6581
162 130 6582
96 122 6583
26 114 6584
174 146 6585
48 172 6586
7 195 6587
140 101 6588
148 165 6589
94 5 6590
3 180 6591
107 5 6592
48 185 6593
127 181 6594
194 123 6595
35 166 6596
47 58 6597
43 159 6598
36 48 6599
89 32 6600
95 94 6601
34 86 6602
77 67 6603
32 181 6604
10 144 6605
140 78 6606
72 118 6607
105 183 6608
157 130 6609
10 155 6610
187 28 6611
58 32 6612
37 107 6613
58 168 6614
55 158 6615
142 197 6616
189 125 6617
124 137 6618
43 42 6619
96 196 6620
157 103 6621
52 89 6622
77 142 6623
147 3 6624
8 19 6625
33 153 6626
105 83 6627
120 99 6628
72 150 6629
142 173 6630
28 169 6631
4 112 6632
58 161 6633
51 123 6634
139 108 6635
68 164 6636
53 35 6637
193 70 6638
195 167 6639
147 35 6640
146 187 6641
55 74 6642
63 83 6643
101 72 6644
68 107 6645
160 21 6646
109 30 6647
142 113 6648
130 18 6649
164 149 6650
183 132 6651
50 108 6652
73 126 6653
99 193 6654
152 113 6655
192 195 6656
174 31 6657
33 97 6658
63 171 6659
33 139 6660
56 6 6661
176 180 6662
93 184 6663
104 47 6664
57 18 6665
75 61 6666
105 34 6667
71 168 6668
123 149 6669
134 169 6670
148 172 6671
124 187 6672
97 161 6673
46 128 6674
90 74 6675
74 168 6676
21 1 6677
106 147 6678
124 130 6679
21 181 6680
66 60 6681
151 121 6682
74 88 6683
129 7 6684
146 111 6685
134 146 6686
104 20 6687
17 177 6688
156 38 6689
56 82 6690
28 63 6691
185 4 6692
134 85 6693
65 147 6694
116 79 6695
49 133 6696
109 112 6697
180 62 6698
64 61 6699
90 108 6700
98 79 6701
30 136 6702
59 8 6703
93 100 6704
117 50 6705
133 155 6706
156 120 6707
67 92 6708
103 169 6709
120 169 6710
180 170 6711
14 58 6712
157 40 6713
96 65 6714
46 147 6715
57 48 6716
61 188 6717
163 77 6718
56 9 6719
53 118 6720
157 51 6721
150 58 6722
174 4 6723
154 36 6724
139 110 6725
18 109 6726
111 172 6727
140 124 6728
30 81 6729
9 192 6730
138 192 6731
126 161 6732
32 31 6733
116 65 6734
48 118 6735
72 169 6736
32 22 6737
134 200 6738
128 118 6739
9 48 6740
33 111 6741
186 79 6742
94 159 6743
161 72 6744
141 118 6745
178 18 6746
183 187 6747
69 82 6748
95 121 6749
157 107 6750
135 195 6751
91 85 6752
134 63 6753
171 150 6754
134 69 6755
10 64 6756
155 107 6757
82 64 6758
186 158 6759
185 86 6760
187 50 6761
190 183 6762
2 36 6763
100 7 6764
155 9 6765
20 128 6766
27 61 6767
163 98 6768
99 200 6769
176 129 6770
95 40 6771
113 174 6772
70 120 6773
20 180 6774
33 23 6775
116 54 6776
156 148 6777
61 145 6778
55 178 6779
3 65 6780
26 82 6781
80 183 6782
20 183 6783
27 101 6784
128 5 6785
126 185 6786
29 175 6787
70 75 6788
187 138 6789
144 63 6790
92 60 6791
49 46 6792
11 95 6793
33 145 6794
160 37 6795
109 14 6796
78 172 6797
79 194 6798
112 103 6799
44 113 6800
