200 1200 1200
181 144 1
70 83 2
53 90 3
134 200 4
28 166 5
197 168 6
61 105 7
150 156 8
83 59 9
180 178 10
110 188 11
163 173 12
83 36 13
169 99 14
165 124 15
84 165 16
194 30 17
159 126 18
70 19 19
128 11 20
66 90 21
169 3 22
134 95 23
91 155 24
170 98 25
52 24 26
95 31 27
15 174 28
56 192 29
187 87 30
138 171 31
17 140 32
50 155 33
37 16 34
92 109 35
8 79 36
6 11 37
10 174 38
109 15 39
86 149 40
132 98 41
136 132 42
72 34 43
49 111 44
11 16 45
139 190 46
170 160 47
127 60 48
56 148 49
12 143 50
66 175 51
62 95 52
112 84 53
58 109 54
75 136 55
16 99 56
183 121 57
181 194 58
141 126 59
136 135 60
63 187 61
132 5 62
23 29 63
13 80 64
115 172 65
129 72 66
67 12 67
159 99 68
92 176 69
198 149 70
43 25 71
49 169 72
8 52 73
10 114 74
128 162 75
54 93 76
96 75 77
163 176 78
190 68 79
37 9 80
110 186 81
73 192 82
102 104 83
139 181 84
133 183 85
98 134 86
43 159 87
93 149 88
98 53 89
137 128 90
129 28 91
195 155 92
123 88 93
11 37 94
121 27 95
19 22 96
125 155 97
173 193 98
58 133 99
165 90 100
170 136 101
14 139 102
126 92 103
47 130 104
44 151 105
96 199 106
6 51 107
118 113 108
68 17 109
149 12 110
106 140 111
30 170 112
161 145 113
9 130 114
125 96 115
133 11 116
138 66 117
61 143 118
95 182 119
180 122 120
194 191 121
23 70 122
173 23 123
98 148 124
54 61 125
182 76 126
175 46 127
190 74 128
196 171 129
34 103 130
199 36 131
12 101 132
104 20 133
150 191 134
172 62 135
101 98 136
114 32 137
85 144 138
32 22 139
155 178 140
78 141 141
97 26 142
111 129 143
78 35 144
44 39 145
34 86 146
94 32 147
148 73 148
134 188 149
160 159 150
116 36 151
35 86 152
156 143 153
135 160 154
177 143 155
112 11 156
126 91 157
122 156 158
132 46 159
30 150 160
108 99 161
143 31 162
6 161 163
71 22 164
155 129 165
173 128 166
25 89 167
7 61 168
104 34 169
42 136 170
175 145 171
98 103 172
101 60 173
169 82 174
125 183 175
190 141 176
136 3 177
104 105 178
19 106 179
186 98 180
77 179 181
172 159 182
198 21 183
190 160 184
155 83 185
97 135 186
160 174 187
142 94 188
112 36 189
35 41 190
184 20 191
79 7 192
140 12 193
118 159 194
148 152 195
14 192 196
101 107 197
195 100 198
37 61 199
164 50 200
137 161 201
62 107 202
191 184 203
30 1 204
162 84 205
26 189 206
75 179 207
127 195 208
142 154 209
1 179 210
143 131 211
42 149 212
62 131 213
47 70 214
129 7 215
91 151 216
98 33 217
30 164 218
36 147 219
46 73 220
143 188 221
97 41 222
144 75 223
37 91 224
96 84 225
19 154 226
173 28 227
122 105 228
8 11 229
35 70 230
73 51 231
183 22 232
125 38 233
92 181 234
58 37 235
126 26 236
124 91 237
103 161 238
160 63 239
20 25 240
13 10 241
188 57 242
154 198 243
108 142 244
165 24 245
124 4 246
64 32 247
197 124 248
184 87 249
22 120 250
187 166 251
51 197 252
197 82 253
68 2 254
38 29 255
127 75 256
48 14 257
126 41 258
155 139 259
155 45 260
141 122 261
120 143 262
78 101 263
143 93 264
185 2 265
171 153 266
150 130 267
170 111 268
189 185 269
147 108 270
199 76 271
187 82 272
182 15 273
191 103 274
42 79 275
24 188 276
101 155 277
152 74 278
45 27 279
100 45 280
22 168 281
176 183 282
171 168 283
135 4 284
5 172 285
15 95 286
164 98 287
75 122 288
91 48 289
10 182 290
87 42 291
173 126 292
123 66 293
182 40 294
14 159 295
118 65 296
179 178 297
170 129 298
171 85 299
52 81 300
144 38 301
33 152 302
30 38 303
138 129 304
65 136 305
109 17 306
169 181 307
138 50 308
142 170 309
6 128 310
173 196 311
158 82 312
4 17 313
168 153 314
153 10 315
73 109 316
162 191 317
60 64 318
85 128 319
37 161 320
37 107 321
188 89 322
185 97 323
87 43 324
196 40 325
36 51 326
144 92 327
131 105 328
42 103 329
133 39 330
150 197 331
60 61 332
11 170 333
168 147 334
82 131 335
112 170 336
26 186 337
198 121 338
199 31 339
41 130 340
139 167 341
134 198 342
181 72 343
106 180 344
158 5 345
146 185 346
170 33 347
177 6 348
183 45 349
43 71 350
156 148 351
49 139 352
58 33 353
92 173 354
129 140 355
157 74 356
22 67 357
93 196 358
184 151 359
9 123 360
33 25 361
156 194 362
117 153 363
168 48 364
185 22 365
22 58 366
151 32 367
170 171 368
144 173 369
189 121 370
156 5 371
198 84 372
92 90 373
196 23 374
48 171 375
106 5 376
143 176 377
119 17 378
99 114 379
172 177 380
99 191 381
87 126 382
187 93 383
29 177 384
199 191 385
46 157 386
63 171 387
116 142 388
140 81 389
39 68 390
18 8 391
31 52 392
65 131 393
101 147 394
137 11 395
42 122 396
117 115 397
137 36 398
139 72 399
70 51 400
116 171 401
140 65 402
194 136 403
174 129 404
24 130 405
155 174 406
195 98 407
96 100 408
51 123 409
49 73 410
171 157 411
129 190 412
50 165 413
155 74 414
117 87 415
133 30 416
72 130 417
133 156 418
145 141 419
27 130 420
143 65 421
100 152 422
108 144 423
91 127 424
127 184 425
109 116 426
27 187 427
140 164 428
121 98 429
179 130 430
132 54 431
193 130 432
106 29 433
20 137 434
33 155 435
1 151 436
62 91 437
74 38 438
30 174 439
70 39 440
100 106 441
133 61 442
125 144 443
28 127 444
108 93 445
136 105 446
128 108 447
194 178 448
18 40 449
44 142 450
63 124 451
177 84 452
91 27 453
106 126 454
92 190 455
140 13 456
70 162 457
66 115 458
31 57 459
11 88 460
124 169 461
66 161 462
109 54 463
117 90 464
178 116 465
55 167 466
58 145 467
127 87 468
200 48 469
139 158 470
121 164 471
18 85 472
52 96 473
164 34 474
58 116 475
103 141 476
9 168 477
104 2 478
154 144 479
58 98 480
165 29 481
153 197 482
97 19 483
154 164 484
29 198 485
59 157 486
19 71 487
177 138 488
100 144 489
67 13 490
32 140 491
86 131 492
93 173 493
105 8 494
126 200 495
143 40 496
53 183 497
49 188 498
60 137 499
38 138 500
93 126 501
78 124 502
143 100 503
29 17 504
1 143 505
138 92 506
96 11 507
36 194 508
178 100 509
121 81 510
5 34 511
100 171 512
171 94 513
194 119 514
29 83 515
26 143 516
131 23 517
140 105 518
116 88 519
188 62 520
99 161 521
23 183 522
60 120 523
194 101 524
177 141 525
27 68 526
191 26 527
35 113 528
4 62 529
142 117 530
120 158 531
188 32 532
40 135 533
110 166 534
70 118 535
144 12 536
83 191 537
81 87 538
42 160 539
168 27 540
15 168 541
26 137 542
19 39 543
67 80 544
15 169 545
174 48 546
121 137 547
80 21 548
113 91 549
175 2 550
197 5 551
197 131 552
62 9 553
174 2 554
152 19 555
115 77 556
191 142 557
48 139 558
45 20 559
174 115 560
47 52 561
151 132 562
51 56 563
126 185 564
132 88 565
191 96 566
16 128 567
175 8 568
93 148 569
1 21 570
148 14 571
156 73 572
150 116 573
88 73 574
126 184 575
12 169 576
63 126 577
45 191 578
79 13 579
168 113 580
101 47 581
51 180 582
47 195 583
40 151 584
53 172 585
146 110 586
80 142 587
133 4 588
19 46 589
147 91 590
132 8 591
12 43 592
135 20 593
144 182 594
189 198 595
157 103 596
132 155 597
68 95 598
190 55 599
113 157 600
71 185 601
123 6 602
6 83 603
70 146 604
194 33 605
51 28 606
160 152 607
150 121 608
30 72 609
61 164 610
34 64 611
139 174 612
88 54 613
62 127 614
156 135 615
93 152 616
122 56 617
188 171 618
149 195 619
108 160 620
71 100 621
100 112 622
105 112 623
149 173 624
149 96 625
105 30 626
116 161 627
179 48 628
86 87 629
67 29 630
128 167 631
33 77 632
72 81 633
84 17 634
104 134 635
21 34 636
186 193 637
163 143 638
141 12 639
54 134 640
46 182 641
94 159 642
125 191 643
29 28 644
7 82 645
69 104 646
83 12 647
33 5 648
110 140 649
183 182 650
66 178 651
161 118 652
192 194 653
184 40 654
151 37 655
61 69 656
127 66 657
135 99 658
33 135 659
164 78 660
66 112 661
139 163 662
96 141 663
44 180 664
164 67 665
63 104 666
127 194 667
18 119 668
154 27 669
80 192 670
88 3 671
14 69 672
91 85 673
175 59 674
7 176 675
39 172 676
14 127 677
41 79 678
152 181 679
183 131 680
26 83 681
133 123 682
32 74 683
1 126 684
137 105 685
68 24 686
91 177 687
135 147 688
137 183 689
173 137 690
188 40 691
180 170 692
174 158 693
88 184 694
1 37 695
193 59 696
82 143 697
45 161 698
168 98 699
98 172 700
19 29 701
135 34 702
107 200 703
51 149 704
90 110 705
50 38 706
60 10 707
1 121 708
193 60 709
19 153 710
55 74 711
27 101 712
24 162 713
196 200 714
199 61 715
169 177 716
47 173 717
101 109 718
183 83 719
110 128 720
197 182 721
152 113 722
198 108 723
21 10 724
119 68 725
88 9 726
36 86 727
22 173 728
5 123 729
140 93 730
101 82 731
38 54 732
111 19 733
139 125 734
163 25 735
41 43 736
35 179 737
14 55 738
45 112 739
17 25 740
47 44 741
168 189 742
15 136 743
78 167 744
15 29 745
90 11 746
200 198 747
191 55 748
132 20 749
50 191 750
155 136 751
52 165 752
89 120 753
33 156 754
102 166 755
9 63 756
161 134 757
119 27 758
103 92 759
1 163 760
3 182 761
134 85 762
148 8 763
4 52 764
128 151 765
128 64 766
151 31 767
14 84 768
15 115 769
137 106 770
122 158 771
91 59 772
102 112 773
6 2 774
13 180 775
158 115 776
12 35 777
180 85 778
76 124 779
82 117 780
102 81 781
162 155 782
105 177 783
180 19 784
42 151 785
132 112 786
79 198 787
82 21 788
113 187 789
164 127 790
88 13 791
119 187 792
196 164 793
18 65 794
126 95 795
109 194 796
179 91 797
56 39 798
185 196 799
79 129 800
98 67 801
58 82 802
68 136 803
87 54 804
118 93 805
122 21 806
178 101 807
190 169 808
197 45 809
141 152 810
116 189 811
194 57 812
32 63 813
54 167 814
81 167 815
114 58 816
36 152 817
8 199 818
143 67 819
103 26 820
113 160 821
105 76 822
89 11 823
147 84 824
85 141 825
194 6 826
119 166 827
170 139 828
63 25 829
56 137 830
21 97 831
3 107 832
145 3 833
6 15 834
50 22 835
190 187 836
162 129 837
22 68 838
88 16 839
20 200 840
172 19 841
94 135 842
86 7 843
70 168 844
30 191 845
140 3 846
185 138 847
8 150 848
192 182 849
170 118 850
86 30 851
161 27 852
50 52 853
74 7 854
15 156 855
27 33 856
141 169 857
188 80 858
53 157 859
144 136 860
99 26 861
183 93 862
29 4 863
104 88 864
104 49 865
55 31 866
65 170 867
53 100 868
183 146 869
156 42 870
115 70 871
107 84 872
134 49 873
95 20 874
191 141 875
124 70 876
169 32 877
85 156 878
38 64 879
161 89 880
98 117 881
133 146 882
150 90 883
129 58 884
124 51 885
94 38 886
158 130 887
51 138 888
82 76 889
73 123 890
150 118 891
131 41 892
53 51 893
22 160 894
35 48 895
6 159 896
11 159 897
80 35 898
94 78 899
48 125 900
197 135 901
95 140 902
181 109 903
185 59 904
146 184 905
197 16 906
158 89 907
141 23 908
14 187 909
153 22 910
186 176 911
138 141 912
85 165 913
109 95 914
27 35 915
64 1 916
125 140 917
99 116 918
145 85 919
195 5 920
176 189 921
185 4 922
76 165 923
74 59 924
30 160 925
200 182 926
175 92 927
71 169 928
11 61 929
12 66 930
194 40 931
188 43 932
7 102 933
83 141 934
16 171 935
22 86 936
82 110 937
46 107 938
162 77 939
154 49 940
118 31 941
101 46 942
120 61 943
188 126 944
194 172 945
158 30 946
161 147 947
126 43 948
134 75 949
154 100 950
111 93 951
90 45 952
97 187 953
170 37 954
142 179 955
60 29 956
148 24 957
162 140 958
39 71 959
144 145 960
174 132 961
164 58 962
78 114 963
32 194 964
139 26 965
169 130 966
71 184 967
154 36 968
93 22 969
127 67 970
174 31 971
114 173 972
157 9 973
57 18 974
147 120 975
117 162 976
155 187 977
111 133 978
24 87 979
136 109 980
58 28 981
111 21 982
44 56 983
14 58 984
113 87 985
121 34 986
123 81 987
87 116 988
99 87 989
137 108 990
171 119 991
141 118 992
40 199 993
93 10 994
168 57 995
127 122 996
119 167 997
63 184 998
64 18 999
132 47 1000
33 120 1001
83 188 1002
95 94 1003
174 44 1004
190 75 1005
130 3 1006
108 55 1007
199 125 1008
73 179 1009
164 185 1010
8 160 1011
196 102 1012
53 93 1013
44 164 1014
50 15 1015
192 177 1016
163 28 1017
105 14 1018
1 68 1019
167 116 1020
92 106 1021
102 191 1022
95 18 1023
180 89 1024
38 163 1025
191 64 1026
152 177 1027
23 195 1028
89 26 1029
166 148 1030
105 157 1031
193 119 1032
61 40 1033
6 60 1034
111 156 1035
69 72 1036
192 64 1037
195 169 1038
140 167 1039
95 50 1040
155 56 1041
27 198 1042
125 134 1043
113 70 1044
53 21 1045
37 156 1046
35 165 1047
141 27 1048
56 116 1049
196 77 1050
178 86 1051
62 197 1052
128 35 1053
3 9 1054
11 81 1055
27 180 1056
147 169 1057
28 199 1058
100 197 1059
51 93 1060
183 89 1061
132 18 1062
7 41 1063
100 44 1064
141 68 1065
149 22 1066
139 152 1067
103 69 1068
135 182 1069
68 157 1070
32 118 1071
150 6 1072
34 199 1073
163 98 1074
120 81 1075
109 124 1076
169 96 1077
132 3 1078
98 154 1079
75 34 1080
40 3 1081
85 132 1082
63 84 1083
131 27 1084
134 144 1085
101 89 1086
159 18 1087
18 37 1088
164 56 1089
107 16 1090
129 130 1091
80 191 1092
200 153 1093
30 168 1094
60 164 1095
33 187 1096
6 135 1097
94 175 1098
44 104 1099
34 91 1100
129 89 1101
169 54 1102
66 52 1103
106 91 1104
142 47 1105
129 40 1106
59 40 1107
155 44 1108
59 196 1109
170 164 1110
13 128 1111
93 17 1112
105 19 1113
62 43 1114
167 177 1115
126 158 1116
60 123 1117
149 62 1118
157 153 1119
156 117 1120
117 3 1121
31 85 1122
177 5 1123
125 58 1124
196 34 1125
5 52 1126
152 131 1127
199 63 1128
23 100 1129
150 114 1130
117 21 1131
82 115 1132
77 169 1133
15 114 1134
21 170 1135
13 139 1136
106 31 1137
153 13 1138
43 69 1139
196 42 1140
42 49 1141
76 8 1142
147 73 1143
99 126 1144
198 17 1145
23 59 1146
110 54 1147
125 115 1148
84 73 1149
155 134 1150
52 150 1151
172 96 1152
14 158 1153
141 150 1154
74 177 1155
125 29 1156
2 77 1157
124 38 1158
85 109 1159
184 178 1160
91 100 1161
189 195 1162
133 197 1163
47 140 1164
84 1 1165
104 10 1166
15 122 1167
143 81 1168
22 61 1169
56 133 1170
69 157 1171
90 84 1172
118 197 1173
121 25 1174
19 44 1175
45 3 1176
153 18 1177
136 23 1178
186 158 1179
91 60 1180
70 72 1181
93 192 1182
64 99 1183
94 34 1184
168 13 1185
64 148 1186
58 167 1187
107 11 1188
63 83 1189
155 200 1190
35 133 1191
82 4 1192
180 151 1193
135 170 1194
79 106 1195
124 125 1196
71 197 1197
200 18 1198
162 120 1199
161 101 1200
