200 600 600
154 49 1
16 130 2
73 49 3
38 111 4
60 123 5
174 132 6
162 155 7
161 157 8
185 138 9
102 81 10
48 139 11
144 92 12
134 49 13
111 19 14
113 87 15
62 110 16
166 101 17
33 5 18
53 3 19
51 149 20
140 12 21
143 188 22
56 54 23
137 72 24
7 61 25
26 186 26
141 68 27
170 164 28
158 122 29
29 34 30
156 180 31
119 115 32
164 98 33
37 61 34
20 137 35
87 42 36
155 200 37
127 60 38
69 104 39
133 197 40
129 130 41
91 155 42
112 11 43
176 189 44
12 143 45
156 42 46
63 84 47
133 156 48
94 159 49
187 166 50
104 134 51
147 169 52
23 183 53
138 92 54
157 74 55
125 191 56
168 147 57
200 182 58
122 56 59
177 143 60
16 4 61
126 92 62
32 140 63
187 46 64
66 70 65
77 64 66
31 85 67
63 171 68
178 101 69
153 197 70
51 56 71
92 181 72
89 77 73
115 95 74
118 197 75
123 66 76
91 100 77
157 103 78
60 10 79
89 99 80
12 147 81
23 100 82
48 165 83
167 103 84
77 179 85
127 194 86
48 125 87
136 29 88
85 141 89
141 22 90
100 112 91
179 130 92
144 75 93
168 27 94
55 163 95
147 37 96
130 3 97
124 155 98
131 105 99
117 153 100
88 13 101
57 18 102
89 8 103
187 93 104
52 57 105
62 80 106
147 7 107
34 86 108
113 187 109
144 145 110
104 34 111
45 20 112
53 177 113
122 156 114
197 168 115
89 116 116
32 198 117
105 30 118
89 56 119
173 137 120
100 197 121
38 29 122
22 135 123
45 27 124
143 65 125
89 28 126
20 200 127
132 183 128
180 90 129
165 102 130
173 28 131
189 198 132
140 93 133
74 59 134
70 168 135
6 83 136
6 60 137
134 95 138
194 101 139
13 50 140
92 176 141
104 17 142
132 47 143
28 53 144
73 123 145
69 72 146
183 131 147
99 59 148
53 121 149
194 119 150
114 58 151
66 161 152
121 137 153
127 195 154
168 30 155
190 75 156
146 66 157
138 141 158
172 98 159
54 93 160
42 49 161
163 28 162
44 151 163
188 30 164
163 176 165
196 40 166
53 157 167
118 96 168
77 169 169
57 40 170
137 11 171
60 79 172
27 97 173
38 82 174
64 181 175
183 189 176
118 31 177
24 162 178
136 16 179
146 188 180
6 159 181
164 127 182
8 168 183
166 148 184
150 121 185
191 26 186
50 165 187
28 100 188
122 105 189
89 67 190
92 199 191
150 90 192
146 200 193
36 194 194
50 38 195
55 31 196
103 194 197
84 73 198
5 52 199
53 100 200
129 139 201
83 36 202
41 79 203
119 136 204
22 58 205
184 160 206
160 174 207
156 5 208
95 150 209
109 116 210
101 60 211
32 173 212
172 186 213
94 175 214
15 114 215
75 34 216
130 41 217
144 12 218
6 2 219
24 175 220
124 125 221
194 136 222
91 59 223
195 5 224
137 105 225
98 103 226
30 174 227
132 71 228
116 123 229
29 4 230
104 184 231
139 167 232
47 9 233
141 27 234
188 57 235
8 142 236
19 106 237
72 130 238
125 96 239
79 106 240
61 164 241
18 119 242
8 79 243
154 144 244
129 89 245
59 196 246
26 189 247
35 179 248
6 114 249
50 191 250
113 91 251
95 140 252
164 56 253
35 165 254
53 76 255
177 84 256
76 8 257
180 151 258
99 13 259
154 153 260
174 48 261
100 129 262
114 173 263
11 170 264
137 106 265
29 28 266
110 2 267
108 160 268
125 115 269
74 38 270
197 82 271
105 14 272
47 130 273
136 42 274
137 108 275
174 129 276
89 20 277
143 109 278
93 173 279
17 75 280
170 118 281
185 117 282
22 120 283
11 93 284
197 124 285
104 167 286
178 116 287
22 152 288
21 34 289
146 92 290
158 115 291
18 37 292
190 74 293
32 194 294
117 44 295
141 23 296
143 195 297
133 61 298
91 27 299
195 98 300
78 138 301
170 191 302
19 23 303
10 51 304
16 128 305
146 12 306
6 51 307
54 134 308
23 195 309
64 148 310
36 143 311
88 9 312
110 128 313
118 93 314
74 177 315
101 82 316
71 184 317
15 122 318
167 182 319
171 119 320
106 29 321
66 90 322
27 6 323
104 20 324
137 83 325
43 124 326
44 164 327
164 50 328
46 157 329
48 171 330
20 25 331
19 46 332
121 25 333
1 162 334
60 137 335
44 170 336
138 69 337
68 2 338
99 114 339
14 139 340
47 52 341
198 108 342
43 69 343
197 182 344
12 33 345
8 172 346
62 131 347
119 106 348
180 85 349
184 87 350
67 149 351
127 67 352
161 118 353
6 135 354
194 57 355
137 148 356
33 152 357
8 160 358
168 189 359
14 127 360
158 192 361
149 12 362
184 131 363
63 25 364
99 78 365
90 84 366
91 85 367
167 11 368
23 29 369
22 168 370
115 48 371
45 191 372
142 170 373
106 32 374
28 166 375
82 117 376
107 84 377
89 86 378
19 22 379
144 1 380
82 131 381
78 35 382
15 168 383
172 177 384
140 13 385
41 43 386
37 156 387
81 174 388
136 36 389
181 60 390
147 91 391
89 120 392
16 146 393
125 38 394
105 19 395
128 151 396
12 81 397
186 190 398
132 45 399
27 33 400
27 21 401
172 119 402
186 18 403
172 62 404
70 19 405
27 187 406
1 37 407
173 126 408
61 143 409
108 26 410
71 169 411
187 145 412
185 22 413
87 126 414
186 154 415
32 63 416
158 82 417
102 104 418
99 191 419
10 38 420
199 31 421
52 120 422
61 105 423
127 58 424
172 164 425
143 74 426
99 126 427
14 118 428
161 108 429
21 127 430
172 166 431
58 116 432
109 17 433
14 69 434
106 197 435
98 154 436
45 112 437
106 104 438
144 141 439
147 36 440
15 134 441
9 113 442
30 38 443
129 62 444
91 60 445
101 147 446
106 126 447
165 29 448
151 24 449
136 178 450
28 10 451
190 169 452
10 182 453
100 144 454
71 185 455
197 5 456
30 191 457
125 58 458
86 68 459
54 126 460
188 89 461
140 39 462
125 144 463
51 84 464
97 73 465
123 55 466
86 30 467
186 151 468
39 172 469
136 193 470
180 19 471
83 191 472
19 39 473
32 22 474
141 150 475
199 125 476
89 161 477
160 63 478
16 19 479
156 31 480
139 181 481
13 180 482
151 31 483
42 151 484
28 158 485
93 61 486
112 171 487
50 22 488
7 102 489
13 80 490
23 59 491
4 52 492
83 59 493
70 83 494
3 107 495
23 70 496
155 136 497
82 27 498
146 184 499
144 136 500
129 72 501
130 137 502
97 179 503
196 171 504
75 35 505
159 99 506
101 47 507
106 128 508
111 133 509
87 54 510
116 171 511
180 89 512
6 87 513
117 3 514
100 44 515
149 169 516
35 41 517
7 63 518
19 29 519
114 91 520
180 170 521
149 173 522
145 3 523
190 185 524
169 130 525
68 136 526
58 28 527
82 110 528
37 161 529
78 105 530
93 192 531
12 43 532
15 169 533
34 196 534
73 109 535
18 40 536
26 112 537
40 3 538
71 100 539
12 169 540
83 141 541
47 107 542
58 145 543
129 52 544
158 130 545
93 196 546
155 187 547
73 51 548
144 88 549
129 190 550
167 25 551
17 159 552
37 9 553
7 41 554
155 44 555
63 124 556
194 6 557
110 94 558
97 133 559
191 96 560
180 122 561
148 152 562
189 185 563
175 92 564
15 156 565
171 85 566
160 152 567
95 132 568
164 78 569
85 128 570
32 118 571
185 59 572
52 81 573
168 57 574
183 146 575
177 5 576
106 140 577
95 18 578
153 176 579
190 85 580
142 187 581
75 122 582
82 76 583
119 43 584
136 135 585
89 144 586
133 30 587
86 7 588
89 14 589
178 86 590
14 125 591
198 15 592
180 178 593
123 65 594
62 43 595
121 140 596
99 87 597
174 115 598
186 156 599
97 5 600
