200 3600 3600
89 115 1
19 39 2
192 195 3
62 18 4
129 58 5
130 62 6
22 138 7
169 95 8
99 57 9
105 8 10
4 21 11
40 4 12
73 82 13
52 125 14
40 88 15
6 27 16
76 195 17
179 113 18
50 7 19
91 17 20
8 154 21
7 138 22
116 79 23
52 10 24
54 166 25
87 111 26
31 11 27
196 28 28
192 74 29
24 146 30
154 117 31
154 172 32
114 29 33
177 86 34
146 53 35
26 189 36
122 128 37
36 28 38
165 115 39
100 55 40
87 172 41
125 110 42
141 129 43
144 38 44
54 61 45
59 42 46
99 67 47
145 126 48
77 46 49
111 93 50
84 165 51
45 112 52
104 110 53
39 43 54
93 20 55
22 67 56
185 62 57
145 3 58
71 48 59
199 172 60
155 181 61
116 88 62
75 179 63
59 1 64
71 46 65
162 48 66
48 193 67
2 85 68
27 156 69
64 21 70
176 180 71
35 171 72
71 42 73
74 163 74
96 197 75
125 38 76
106 31 77
28 52 78
127 9 79
157 64 80
152 161 81
196 40 82
21 2 83
187 199 84
173 156 85
94 200 86
194 1 87
9 198 88
65 155 89
30 98 90
109 96 91
164 141 92
180 151 93
165 29 94
43 101 95
167 68 96
198 131 97
44 149 98
34 69 99
195 169 100
17 25 101
17 170 102
27 103 103
61 90 104
49 73 105
35 187 106
128 146 107
139 32 108
193 25 109
50 75 110
85 159 111
136 135 112
159 126 113
143 131 114
134 169 115
76 29 116
119 123 117
194 186 118
160 34 119
23 29 120
104 103 121
83 79 122
85 94 123
2 130 124
78 101 125
8 155 126
180 84 127
127 47 128
73 66 129
109 124 130
45 159 131
27 198 132
182 35 133
189 197 134
138 92 135
103 66 136
101 56 137
185 97 138
161 176 139
8 152 140
178 86 141
44 180 142
101 60 143
125 191 144
94 193 145
147 118 146
18 22 147
109 41 148
196 81 149
61 29 150
133 156 151
143 81 152
105 16 153
41 99 154
21 11 155
138 54 156
104 113 157
46 111 158
91 181 159
81 87 160
98 122 161
162 179 162
168 147 163
129 28 164
56 7 165
124 91 166
132 45 167
33 14 168
68 195 169
43 198 170
162 155 171
153 134 172
3 86 173
190 68 174
155 122 175
180 93 176
128 72 177
83 128 178
154 49 179
142 94 180
146 175 181
185 81 182
157 153 183
190 141 184
165 174 185
88 187 186
191 86 187
30 89 188
59 184 189
137 176 190
183 67 191
187 168 192
129 192 193
114 168 194
4 104 195
181 72 196
12 101 197
118 139 198
63 62 199
28 133 200
36 125 201
42 76 202
160 103 203
65 72 204
170 111 205
80 124 206
96 11 207
88 97 208
190 96 209
23 100 210
41 190 211
32 83 212
37 156 213
117 48 214
41 87 215
102 34 216
157 77 217
93 75 218
28 71 219
75 10 220
145 174 221
111 74 222
193 30 223
141 199 224
160 154 225
117 138 226
23 78 227
55 69 228
113 6 229
178 112 230
175 78 231
161 162 232
87 144 233
116 57 234
109 30 235
65 119 236
116 36 237
142 11 238
59 163 239
15 43 240
128 28 241
174 178 242
5 132 243
139 29 244
69 120 245
41 183 246
124 36 247
93 101 248
15 179 249
114 58 250
74 88 251
51 163 252
116 194 253
155 45 254
194 6 255
116 18 256
153 193 257
199 18 258
93 103 259
156 93 260
17 9 261
148 29 262
103 167 263
30 28 264
16 116 265
51 93 266
81 23 267
95 83 268
87 195 269
68 136 270
13 120 271
72 81 272
198 1 273
133 89 274
47 165 275
84 1 276
114 36 277
187 186 278
117 86 279
110 130 280
47 130 281
9 171 282
62 72 283
165 139 284
174 146 285
9 23 286
23 144 287
110 55 288
163 145 289
141 23 290
136 138 291
103 200 292
43 35 293
175 46 294
88 135 295
87 43 296
178 37 297
88 6 298
160 174 299
15 122 300
61 166 301
50 38 302
60 137 303
151 32 304
48 7 305
1 151 306
124 176 307
119 11 308
18 48 309
2 111 310
185 195 311
83 121 312
137 10 313
200 49 314
195 100 315
163 141 316
190 61 317
198 90 318
6 69 319
45 113 320
66 90 321
158 59 322
141 166 323
18 163 324
148 137 325
90 197 326
128 53 327
74 82 328
84 163 329
26 55 330
76 132 331
1 177 332
161 104 333
73 98 334
187 28 335
190 38 336
197 168 337
27 187 338
180 162 339
60 119 340
70 39 341
111 135 342
159 127 343
194 149 344
87 95 345
170 18 346
33 132 347
111 19 348
44 127 349
58 65 350
152 142 351
100 112 352
82 131 353
13 109 354
180 199 355
184 32 356
150 37 357
150 1 358
80 35 359
171 73 360
105 34 361
137 166 362
173 67 363
3 47 364
47 181 365
66 65 366
150 161 367
164 195 368
189 41 369
30 164 370
18 106 371
100 171 372
34 176 373
98 155 374
77 60 375
97 66 376
137 106 377
25 155 378
83 141 379
3 56 380
155 100 381
11 141 382
156 159 383
80 24 384
47 31 385
108 173 386
16 93 387
41 169 388
60 81 389
74 1 390
41 50 391
30 9 392
5 198 393
153 197 394
23 183 395
61 47 396
73 4 397
33 5 398
5 15 399
24 167 400
70 168 401
148 165 402
40 193 403
111 21 404
174 33 405
59 121 406
3 28 407
15 168 408
65 114 409
77 40 410
168 151 411
64 148 412
35 165 413
74 102 414
58 191 415
149 96 416
191 184 417
69 143 418
32 31 419
108 136 420
59 171 421
125 29 422
23 35 423
10 174 424
184 20 425
182 47 426
185 4 427
187 157 428
160 152 429
4 131 430
36 39 431
195 98 432
17 140 433
148 24 434
167 130 435
147 191 436
63 41 437
145 141 438
124 125 439
198 3 440
196 91 441
75 122 442
199 103 443
60 120 444
136 178 445
188 46 446
33 15 447
68 67 448
152 127 449
127 87 450
190 74 451
180 61 452
74 133 453
37 161 454
168 98 455
40 135 456
122 2 457
31 178 458
141 27 459
64 16 460
83 117 461
125 183 462
94 149 463
105 40 464
70 77 465
124 70 466
128 151 467
71 185 468
85 121 469
133 16 470
191 96 471
120 81 472
108 72 473
83 54 474
45 57 475
135 47 476
90 140 477
121 34 478
129 25 479
192 152 480
146 197 481
1 56 482
193 51 483
120 27 484
28 169 485
127 120 486
50 133 487
29 124 488
187 31 489
171 102 490
110 96 491
151 121 492
69 48 493
7 102 494
55 172 495
200 106 496
104 97 497
197 152 498
24 60 499
186 68 500
139 60 501
23 200 502
164 67 503
131 169 504
19 43 505
34 194 506
30 103 507
8 38 508
125 143 509
179 130 510
48 54 511
178 186 512
80 192 513
19 154 514
120 44 515
132 70 516
34 199 517
45 31 518
155 139 519
200 153 520
145 188 521
93 17 522
62 107 523
80 142 524
70 141 525
174 49 526
174 169 527
103 52 528
58 145 529
150 121 530
68 35 531
129 50 532
153 128 533
22 68 534
31 33 535
58 137 536
20 181 537
118 165 538
14 21 539
93 173 540
98 154 541
161 61 542
82 76 543
158 82 544
155 200 545
30 65 546
63 65 547
24 188 548
83 100 549
119 86 550
48 139 551
33 137 552
91 115 553
94 34 554
65 14 555
169 17 556
150 109 557
37 194 558
138 29 559
106 6 560
161 118 561
117 153 562
156 62 563
196 200 564
98 95 565
26 160 566
181 84 567
91 67 568
5 126 569
197 79 570
35 133 571
83 161 572
141 68 573
100 50 574
177 5 575
29 52 576
85 70 577
48 53 578
32 140 579
92 90 580
105 158 581
116 161 582
56 200 583
59 196 584
113 128 585
159 99 586
38 157 587
104 188 588
102 99 589
80 102 590
41 147 591
160 148 592
153 133 593
104 38 594
74 36 595
148 127 596
191 115 597
147 149 598
45 5 599
147 2 600
30 200 601
137 45 602
100 106 603
68 149 604
17 99 605
90 119 606
82 159 607
30 115 608
123 64 609
124 51 610
123 99 611
95 40 612
155 192 613
197 135 614
113 194 615
99 193 616
94 60 617
124 54 618
125 144 619
66 178 620
102 93 621
195 72 622
19 101 623
192 64 624
121 126 625
14 49 626
54 31 627
197 124 628
27 157 629
76 124 630
35 166 631
119 107 632
111 133 633
182 157 634
34 64 635
162 191 636
33 178 637
138 35 638
76 188 639
184 87 640
3 105 641
76 12 642
81 41 643
124 5 644
158 89 645
175 50 646
42 30 647
58 61 648
12 35 649
128 108 650
13 77 651
74 115 652
35 128 653
185 95 654
86 69 655
165 54 656
199 124 657
176 96 658
17 177 659
160 133 660
82 143 661
95 143 662
48 101 663
197 99 664
45 138 665
67 142 666
31 85 667
13 80 668
175 122 669
15 146 670
161 81 671
80 174 672
88 184 673
28 124 674
22 2 675
122 185 676
93 50 677
198 138 678
39 49 679
9 130 680
64 185 681
177 143 682
114 133 683
191 200 684
167 197 685
79 160 686
16 69 687
132 137 688
51 160 689
199 78 690
197 74 691
29 177 692
180 49 693
33 144 694
124 118 695
186 93 696
117 54 697
102 12 698
61 105 699
22 160 700
60 151 701
78 106 702
55 21 703
191 88 704
95 79 705
10 192 706
191 54 707
14 187 708
175 93 709
121 175 710
46 105 711
80 14 712
168 135 713
167 150 714
83 59 715
190 55 716
190 187 717
109 116 718
164 11 719
168 46 720
109 95 721
159 59 722
167 191 723
196 103 724
34 159 725
166 148 726
61 145 727
112 84 728
24 162 729
191 24 730
106 147 731
14 192 732
30 104 733
13 12 734
102 166 735
32 47 736
135 91 737
147 165 738
115 62 739
148 152 740
121 98 741
198 84 742
124 169 743
169 82 744
187 71 745
32 194 746
5 123 747
4 62 748
200 18 749
162 36 750
91 71 751
127 75 752
127 195 753
30 136 754
7 30 755
123 88 756
40 93 757
59 157 758
51 149 759
158 194 760
110 78 761
55 68 762
62 131 763
194 101 764
142 54 765
164 98 766
20 200 767
95 103 768
121 27 769
101 138 770
117 53 771
168 27 772
75 119 773
91 59 774
193 43 775
129 40 776
147 140 777
52 33 778
127 100 779
148 154 780
175 168 781
81 125 782
8 140 783
83 92 784
99 126 785
91 151 786
100 197 787
165 58 788
80 129 789
127 187 790
79 56 791
168 57 792
122 170 793
45 20 794
72 167 795
67 12 796
149 138 797
119 57 798
79 165 799
33 187 800
166 85 801
151 109 802
99 161 803
109 194 804
85 128 805
82 141 806
125 58 807
8 58 808
7 72 809
63 13 810
167 165 811
178 176 812
46 144 813
46 85 814
85 130 815
143 39 816
28 174 817
6 118 818
80 21 819
157 9 820
90 41 821
93 196 822
162 84 823
45 3 824
181 148 825
139 135 826
7 61 827
47 36 828
6 135 829
151 145 830
78 167 831
141 198 832
43 7 833
78 35 834
150 156 835
139 152 836
143 35 837
140 83 838
2 72 839
105 193 840
1 73 841
168 45 842
175 117 843
81 2 844
5 172 845
124 137 846
86 188 847
195 167 848
52 165 849
112 115 850
192 177 851
171 119 852
123 150 853
47 102 854
27 81 855
188 32 856
101 46 857
147 150 858
63 35 859
162 120 860
183 131 861
173 44 862
17 126 863
166 162 864
192 33 865
20 25 866
178 196 867
79 106 868
132 88 869
63 84 870
70 90 871
79 123 872
136 39 873
73 179 874
84 146 875
152 181 876
172 99 877
140 177 878
130 78 879
24 186 880
53 35 881
70 72 882
182 76 883
185 110 884
117 50 885
127 60 886
93 143 887
146 185 888
109 161 889
116 65 890
137 11 891
24 181 892
113 91 893
20 126 894
76 17 895
119 156 896
117 115 897
18 156 898
109 57 899
89 40 900
118 75 901
68 177 902
58 24 903
42 32 904
167 199 905
101 47 906
1 166 907
33 72 908
32 145 909
19 58 910
23 179 911
24 143 912
179 82 913
19 46 914
29 17 915
146 131 916
122 21 917
26 181 918
150 191 919
134 141 920
173 61 921
65 191 922
7 3 923
199 61 924
126 107 925
31 52 926
93 177 927
194 40 928
86 65 929
25 132 930
112 96 931
95 23 932
133 173 933
35 100 934
181 164 935
69 66 936
77 132 937
171 129 938
133 183 939
61 135 940
17 67 941
143 85 942
187 110 943
178 29 944
138 126 945
117 87 946
142 117 947
104 134 948
132 30 949
92 21 950
115 146 951
94 26 952
85 20 953
197 18 954
33 130 955
82 194 956
44 113 957
188 98 958
97 152 959
154 164 960
29 39 961
143 174 962
170 98 963
70 78 964
45 142 965
7 93 966
117 61 967
177 85 968
181 42 969
161 60 970
194 64 971
184 118 972
113 160 973
186 82 974
23 12 975
56 111 976
200 75 977
105 127 978
197 53 979
134 146 980
63 197 981
39 172 982
73 187 983
180 122 984
55 77 985
49 192 986
99 52 987
88 41 988
178 106 989
70 146 990
58 97 991
46 57 992
74 56 993
184 55 994
4 143 995
187 159 996
18 193 997
133 197 998
47 197 999
161 55 1000
183 22 1001
174 91 1002
167 154 1003
15 114 1004
111 38 1005
125 105 1006
178 79 1007
181 79 1008
96 58 1009
174 132 1010
134 118 1011
73 173 1012
115 128 1013
72 153 1014
126 177 1015
150 79 1016
112 147 1017
149 62 1018
23 71 1019
102 70 1020
34 86 1021
110 140 1022
189 159 1023
187 51 1024
26 186 1025
75 116 1026
142 47 1027
156 163 1028
2 180 1029
26 43 1030
85 101 1031
9 163 1032
24 200 1033
138 66 1034
187 154 1035
119 17 1036
33 77 1037
24 139 1038
109 17 1039
94 18 1040
65 44 1041
124 92 1042
102 199 1043
108 93 1044
152 74 1045
148 5 1046
108 35 1047
45 107 1048
115 56 1049
24 170 1050
113 82 1051
91 187 1052
192 189 1053
44 56 1054
151 174 1055
53 157 1056
163 95 1057
57 139 1058
192 55 1059
32 91 1060
188 89 1061
94 143 1062
140 163 1063
161 134 1064
92 152 1065
106 108 1066
63 83 1067
160 67 1068
83 50 1069
103 161 1070
172 177 1071
155 178 1072
125 134 1073
91 41 1074
147 169 1075
13 180 1076
56 12 1077
57 15 1078
8 79 1079
58 133 1080
172 176 1081
42 39 1082
78 188 1083
142 39 1084
139 116 1085
119 200 1086
60 29 1087
181 137 1088
63 126 1089
95 31 1090
188 80 1091
25 115 1092
182 117 1093
191 55 1094
83 126 1095
148 71 1096
73 163 1097
8 173 1098
61 143 1099
121 95 1100
111 190 1101
99 38 1102
163 27 1103
1 136 1104
134 49 1105
94 159 1106
92 173 1107
150 13 1108
189 121 1109
95 18 1110
8 179 1111
130 147 1112
81 174 1113
184 140 1114
95 150 1115
176 15 1116
166 66 1117
4 19 1118
74 177 1119
51 154 1120
180 33 1121
185 103 1122
163 70 1123
53 24 1124
76 8 1125
23 70 1126
154 47 1127
88 144 1128
9 150 1129
45 61 1130
19 129 1131
135 108 1132
30 173 1133
128 141 1134
15 169 1135
168 113 1136
52 32 1137
66 60 1138
99 181 1139
119 61 1140
177 138 1141
98 33 1142
191 26 1143
173 106 1144
2 52 1145
29 172 1146
40 198 1147
98 187 1148
59 129 1149
21 190 1150
126 3 1151
64 99 1152
122 64 1153
77 179 1154
50 29 1155
195 46 1156
87 77 1157
104 178 1158
84 140 1159
198 26 1160
50 108 1161
126 132 1162
164 78 1163
85 176 1164
161 148 1165
42 194 1166
81 1 1167
18 65 1168
138 175 1169
94 192 1170
171 158 1171
58 82 1172
183 146 1173
40 20 1174
33 155 1175
62 43 1176
29 175 1177
4 167 1178
140 12 1179
197 45 1180
164 18 1181
127 4 1182
120 167 1183
15 143 1184
30 79 1185
172 80 1186
58 109 1187
90 11 1188
139 190 1189
148 131 1190
168 13 1191
96 36 1192
48 14 1193
18 85 1194
42 200 1195
64 89 1196
52 81 1197
163 192 1198
171 26 1199
86 168 1200
115 167 1201
107 11 1202
187 102 1203
169 96 1204
169 153 1205
171 85 1206
11 49 1207
149 173 1208
107 158 1209
62 142 1210
17 154 1211
169 99 1212
145 150 1213
103 131 1214
126 86 1215
162 156 1216
143 182 1217
160 37 1218
172 16 1219
6 161 1220
194 137 1221
200 174 1222
113 77 1223
171 20 1224
177 62 1225
63 124 1226
127 102 1227
32 81 1228
163 88 1229
4 78 1230
176 16 1231
82 120 1232
56 148 1233
143 110 1234
1 126 1235
99 45 1236
117 162 1237
52 102 1238
188 40 1239
164 37 1240
143 57 1241
170 99 1242
103 127 1243
30 20 1244
43 147 1245
38 171 1246
65 170 1247
125 155 1248
89 11 1249
45 24 1250
97 119 1251
46 147 1252
35 86 1253
26 142 1254
127 79 1255
59 113 1256
93 22 1257
172 118 1258
147 108 1259
60 62 1260
195 18 1261
133 39 1262
70 38 1263
119 177 1264
132 54 1265
182 54 1266
32 65 1267
196 41 1268
164 50 1269
148 104 1270
170 116 1271
180 158 1272
136 23 1273
68 78 1274
53 183 1275
69 78 1276
146 126 1277
5 171 1278
65 194 1279
77 58 1280
197 5 1281
38 145 1282
84 17 1283
180 186 1284
152 184 1285
30 191 1286
120 97 1287
145 155 1288
46 112 1289
3 4 1290
200 185 1291
58 103 1292
117 70 1293
187 142 1294
6 22 1295
89 105 1296
188 182 1297
133 61 1298
51 198 1299
115 70 1300
83 188 1301
48 105 1302
48 125 1303
145 11 1304
116 142 1305
61 51 1306
145 195 1307
152 16 1308
109 187 1309
66 112 1310
186 125 1311
85 57 1312
30 160 1313
108 148 1314
146 184 1315
108 183 1316
120 76 1317
70 118 1318
46 26 1319
111 95 1320
163 8 1321
196 23 1322
129 130 1323
154 198 1324
6 89 1325
10 144 1326
12 20 1327
149 195 1328
129 198 1329
192 61 1330
118 195 1331
109 53 1332
200 93 1333
193 6 1334
47 52 1335
107 84 1336
164 159 1337
177 84 1338
82 54 1339
63 25 1340
99 87 1341
141 52 1342
187 166 1343
79 130 1344
193 130 1345
42 164 1346
159 5 1347
101 155 1348
20 84 1349
86 74 1350
49 45 1351
5 188 1352
155 49 1353
67 38 1354
45 116 1355
122 56 1356
129 63 1357
146 1 1358
45 27 1359
29 25 1360
184 142 1361
64 30 1362
109 193 1363
12 70 1364
21 27 1365
58 42 1366
165 124 1367
125 133 1368
137 108 1369
15 196 1370
160 21 1371
64 182 1372
108 144 1373
170 160 1374
99 114 1375
55 74 1376
134 62 1377
157 92 1378
13 91 1379
14 159 1380
122 17 1381
113 122 1382
43 5 1383
25 108 1384
11 87 1385
150 6 1386
198 21 1387
15 65 1388
122 158 1389
58 116 1390
14 173 1391
125 61 1392
150 90 1393
22 61 1394
39 1 1395
104 62 1396
25 19 1397
156 73 1398
26 114 1399
83 66 1400
198 155 1401
126 91 1402
173 60 1403
65 131 1404
27 118 1405
51 180 1406
149 22 1407
49 66 1408
10 149 1409
170 47 1410
120 121 1411
19 32 1412
33 135 1413
162 129 1414
73 134 1415
26 143 1416
155 44 1417
57 74 1418
118 87 1419
39 186 1420
106 97 1421
13 31 1422
174 115 1423
182 150 1424
172 96 1425
194 56 1426
141 137 1427
71 129 1428
80 32 1429
193 163 1430
4 11 1431
22 43 1432
59 155 1433
182 184 1434
21 34 1435
126 158 1436
198 152 1437
192 130 1438
124 101 1439
55 158 1440
84 94 1441
87 128 1442
170 37 1443
79 109 1444
158 130 1445
19 29 1446
91 168 1447
41 185 1448
189 131 1449
75 189 1450
18 37 1451
181 194 1452
75 58 1453
196 129 1454
163 98 1455
39 68 1456
187 173 1457
165 24 1458
39 69 1459
28 159 1460
162 93 1461
6 159 1462
166 151 1463
141 169 1464
58 28 1465
18 14 1466
110 155 1467
198 17 1468
39 105 1469
33 39 1470
141 122 1471
44 176 1472
44 39 1473
12 169 1474
79 198 1475
152 105 1476
178 57 1477
190 150 1478
81 147 1479
13 128 1480
155 129 1481
5 190 1482
119 191 1483
129 7 1484
89 62 1485
29 47 1486
41 158 1487
27 147 1488
141 12 1489
42 136 1490
28 37 1491
178 111 1492
184 144 1493
170 33 1494
97 175 1495
59 15 1496
84 45 1497
102 81 1498
200 130 1499
171 152 1500
30 81 1501
62 129 1502
23 50 1503
63 153 1504
91 27 1505
73 123 1506
50 59 1507
117 133 1508
159 183 1509
182 116 1510
27 2 1511
147 137 1512
164 107 1513
158 146 1514
115 172 1515
129 135 1516
172 129 1517
3 110 1518
115 102 1519
11 43 1520
104 47 1521
168 173 1522
175 181 1523
114 63 1524
173 177 1525
193 190 1526
158 5 1527
35 48 1528
36 159 1529
140 167 1530
199 142 1531
184 24 1532
70 8 1533
152 89 1534
103 47 1535
171 39 1536
111 98 1537
106 190 1538
174 2 1539
99 48 1540
128 68 1541
81 186 1542
128 75 1543
189 162 1544
84 186 1545
121 164 1546
5 16 1547
145 54 1548
191 89 1549
28 12 1550
128 27 1551
66 125 1552
173 1 1553
147 92 1554
172 46 1555
137 61 1556
127 197 1557
118 171 1558
31 155 1559
134 66 1560
190 192 1561
146 166 1562
200 190 1563
186 31 1564
21 1 1565
67 181 1566
94 5 1567
164 182 1568
65 111 1569
124 130 1570
151 150 1571
183 47 1572
35 179 1573
160 74 1574
69 162 1575
62 95 1576
179 103 1577
130 3 1578
184 151 1579
95 162 1580
108 159 1581
114 90 1582
16 171 1583
135 160 1584
132 161 1585
119 101 1586
155 187 1587
86 5 1588
79 193 1589
61 195 1590
123 6 1591
15 188 1592
24 160 1593
180 128 1594
147 91 1595
29 198 1596
146 152 1597
53 186 1598
200 48 1599
79 129 1600
195 89 1601
180 77 1602
193 131 1603
91 60 1604
183 83 1605
119 8 1606
194 35 1607
177 159 1608
39 28 1609
135 20 1610
73 192 1611
44 195 1612
118 125 1613
13 166 1614
190 14 1615
97 191 1616
197 131 1617
126 52 1618
166 196 1619
80 169 1620
18 97 1621
104 66 1622
4 166 1623
184 51 1624
27 95 1625
63 69 1626
50 191 1627
191 129 1628
141 150 1629
187 75 1630
98 166 1631
65 180 1632
188 183 1633
44 187 1634
19 27 1635
120 61 1636
18 56 1637
130 73 1638
186 148 1639
124 4 1640
160 159 1641
151 132 1642
104 183 1643
56 86 1644
97 6 1645
178 144 1646
159 129 1647
117 155 1648
10 158 1649
130 52 1650
139 194 1651
192 145 1652
60 115 1653
131 27 1654
50 132 1655
57 138 1656
168 78 1657
134 187 1658
185 49 1659
46 153 1660
16 128 1661
5 34 1662
37 80 1663
7 70 1664
58 32 1665
14 55 1666
179 6 1667
149 43 1668
115 122 1669
73 131 1670
29 27 1671
194 191 1672
100 144 1673
65 89 1674
189 36 1675
95 94 1676
181 182 1677
125 87 1678
44 10 1679
51 73 1680
144 77 1681
126 164 1682
43 93 1683
45 78 1684
56 92 1685
166 200 1686
9 83 1687
192 127 1688
159 2 1689
164 137 1690
82 181 1691
159 54 1692
111 50 1693
33 92 1694
14 17 1695
26 34 1696
24 20 1697
194 110 1698
167 87 1699
88 185 1700
108 176 1701
130 170 1702
106 140 1703
43 69 1704
25 136 1705
51 197 1706
7 47 1707
178 101 1708
85 156 1709
93 32 1710
54 93 1711
72 47 1712
1 179 1713
58 73 1714
71 98 1715
37 16 1716
101 115 1717
156 5 1718
132 199 1719
185 59 1720
113 137 1721
181 132 1722
25 104 1723
170 137 1724
61 62 1725
91 198 1726
122 100 1727
190 75 1728
148 141 1729
194 26 1730
61 72 1731
88 3 1732
147 144 1733
139 108 1734
120 1 1735
147 171 1736
144 182 1737
38 46 1738
188 105 1739
170 118 1740
151 120 1741
192 169 1742
55 31 1743
74 75 1744
35 142 1745
48 44 1746
196 164 1747
83 12 1748
174 4 1749
106 126 1750
47 145 1751
160 137 1752
110 70 1753
64 1 1754
146 10 1755
127 67 1756
157 103 1757
162 133 1758
142 149 1759
37 107 1760
118 31 1761
147 128 1762
88 67 1763
163 116 1764
137 36 1765
15 64 1766
56 102 1767
136 109 1768
167 116 1769
143 188 1770
171 139 1771
83 14 1772
151 84 1773
164 83 1774
115 13 1775
15 1 1776
97 14 1777
51 27 1778
96 41 1779
32 86 1780
96 199 1781
96 75 1782
165 166 1783
77 164 1784
3 35 1785
114 155 1786
172 48 1787
129 72 1788
86 190 1789
193 97 1790
78 77 1791
72 55 1792
167 175 1793
23 56 1794
16 126 1795
31 198 1796
114 145 1797
90 55 1798
72 130 1799
138 84 1800
87 177 1801
181 178 1802
3 29 1803
109 87 1804
126 95 1805
94 140 1806
28 121 1807
82 34 1808
113 70 1809
77 169 1810
180 178 1811
3 182 1812
5 97 1813
62 87 1814
196 37 1815
134 39 1816
68 13 1817
177 4 1818
73 3 1819
130 97 1820
167 177 1821
170 129 1822
153 158 1823
51 156 1824
94 153 1825
1 158 1826
36 53 1827
181 116 1828
128 5 1829
121 137 1830
60 64 1831
32 118 1832
91 170 1833
119 166 1834
199 157 1835
63 11 1836
194 178 1837
117 194 1838
158 115 1839
170 139 1840
174 129 1841
12 134 1842
110 17 1843
154 197 1844
1 37 1845
112 169 1846
19 91 1847
147 44 1848
18 135 1849
111 57 1850
66 52 1851
162 96 1852
21 138 1853
15 197 1854
174 109 1855
14 23 1856
193 142 1857
78 141 1858
127 194 1859
34 43 1860
120 142 1861
70 82 1862
100 44 1863
141 42 1864
86 92 1865
72 155 1866
116 135 1867
71 197 1868
8 160 1869
140 81 1870
167 59 1871
58 174 1872
129 182 1873
110 166 1874
4 159 1875
173 137 1876
24 30 1877
90 194 1878
123 53 1879
140 75 1880
138 131 1881
39 13 1882
70 112 1883
104 112 1884
77 67 1885
149 106 1886
64 140 1887
186 177 1888
168 30 1889
122 105 1890
189 185 1891
57 18 1892
86 31 1893
97 10 1894
60 105 1895
57 29 1896
161 151 1897
35 13 1898
88 46 1899
110 59 1900
28 44 1901
46 170 1902
103 105 1903
192 4 1904
156 120 1905
61 164 1906
95 85 1907
33 152 1908
176 130 1909
134 139 1910
86 131 1911
27 182 1912
3 41 1913
154 31 1914
26 5 1915
80 164 1916
116 94 1917
80 191 1918
1 143 1919
22 133 1920
144 75 1921
62 197 1922
4 153 1923
10 76 1924
82 21 1925
70 140 1926
181 123 1927
158 88 1928
28 105 1929
152 177 1930
17 111 1931
89 120 1932
110 188 1933
198 55 1934
21 78 1935
36 76 1936
3 113 1937
185 183 1938
1 72 1939
38 29 1940
200 129 1941
42 173 1942
71 79 1943
166 132 1944
24 130 1945
169 142 1946
88 44 1947
80 181 1948
41 168 1949
51 56 1950
17 135 1951
165 113 1952
63 94 1953
24 87 1954
55 32 1955
71 59 1956
103 102 1957
9 6 1958
175 113 1959
27 35 1960
127 101 1961
48 190 1962
103 69 1963
80 153 1964
86 120 1965
52 86 1966
83 60 1967
141 29 1968
105 4 1969
81 44 1970
19 26 1971
153 10 1972
107 130 1973
132 84 1974
10 131 1975
148 32 1976
55 156 1977
155 127 1978
2 28 1979
73 48 1980
67 82 1981
106 29 1982
142 197 1983
140 57 1984
156 185 1985
32 74 1986
36 108 1987
70 13 1988
199 31 1989
179 89 1990
43 25 1991
8 33 1992
59 131 1993
71 154 1994
180 148 1995
58 161 1996
47 144 1997
44 49 1998
19 106 1999
45 44 2000
159 18 2001
136 29 2002
38 21 2003
122 110 2004
10 182 2005
27 94 2006
43 161 2007
93 126 2008
199 2 2009
128 107 2010
54 121 2011
164 69 2012
151 90 2013
99 84 2014
59 53 2015
70 83 2016
100 152 2017
190 19 2018
58 39 2019
120 118 2020
42 122 2021
57 102 2022
153 16 2023
7 148 2024
8 111 2025
167 98 2026
125 140 2027
6 139 2028
68 95 2029
71 12 2030
117 140 2031
181 130 2032
40 33 2033
79 38 2034
52 173 2035
12 97 2036
150 130 2037
188 60 2038
4 189 2039
76 30 2040
68 83 2041
110 54 2042
23 59 2043
81 167 2044
121 91 2045
49 167 2046
130 178 2047
53 172 2048
88 1 2049
116 122 2050
19 198 2051
1 45 2052
27 68 2053
95 44 2054
58 70 2055
19 23 2056
154 72 2057
145 104 2058
22 173 2059
60 192 2060
168 159 2061
187 139 2062
87 116 2063
102 144 2064
121 67 2065
19 153 2066
192 52 2067
128 52 2068
180 190 2069
167 196 2070
128 11 2071
40 34 2072
89 82 2073
110 195 2074
1 121 2075
117 36 2076
180 113 2077
30 174 2078
91 177 2079
179 48 2080
24 132 2081
19 173 2082
40 102 2083
158 108 2084
42 4 2085
131 87 2086
133 169 2087
99 187 2088
72 156 2089
150 114 2090
27 33 2091
191 199 2092
75 79 2093
129 190 2094
95 20 2095
49 149 2096
133 187 2097
67 144 2098
87 178 2099
12 46 2100
167 26 2101
112 198 2102
15 52 2103
13 139 2104
125 26 2105
59 111 2106
14 58 2107
198 121 2108
171 168 2109
164 127 2110
50 64 2111
117 111 2112
169 130 2113
145 22 2114
94 83 2115
187 93 2116
164 34 2117
89 81 2118
82 23 2119
10 110 2120
66 115 2121
134 68 2122
97 26 2123
109 182 2124
185 10 2125
185 87 2126
85 45 2127
148 8 2128
105 114 2129
28 199 2130
91 155 2131
59 38 2132
83 36 2133
70 11 2134
87 29 2135
34 45 2136
60 10 2137
197 169 2138
11 61 2139
153 22 2140
83 69 2141
122 156 2142
160 118 2143
21 16 2144
83 191 2145
32 12 2146
177 185 2147
40 90 2148
169 177 2149
6 104 2150
120 193 2151
148 128 2152
86 30 2153
65 24 2154
171 157 2155
63 45 2156
101 82 2157
58 78 2158
119 10 2159
184 56 2160
155 11 2161
85 47 2162
55 28 2163
106 5 2164
149 176 2165
165 187 2166
14 147 2167
97 22 2168
3 27 2169
194 57 2170
12 160 2171
139 181 2172
175 8 2173
195 150 2174
60 171 2175
20 137 2176
31 158 2177
61 74 2178
107 16 2179
72 115 2180
132 103 2181
184 178 2182
145 35 2183
126 189 2184
192 28 2185
87 148 2186
105 20 2187
95 50 2188
71 89 2189
190 29 2190
125 142 2191
199 125 2192
182 151 2193
147 120 2194
132 120 2195
186 193 2196
157 1 2197
21 47 2198
101 141 2199
140 164 2200
54 180 2201
104 23 2202
82 117 2203
190 53 2204
67 13 2205
16 6 2206
147 62 2207
45 161 2208
28 179 2209
124 68 2210
82 64 2211
33 128 2212
18 39 2213
77 177 2214
77 182 2215
69 157 2216
172 100 2217
39 2 2218
16 76 2219
62 91 2220
64 119 2221
99 26 2222
48 17 2223
124 104 2224
139 12 2225
29 4 2226
136 197 2227
36 43 2228
127 124 2229
143 31 2230
183 173 2231
193 175 2232
9 63 2233
47 140 2234
87 126 2235
73 24 2236
192 13 2237
141 121 2238
195 43 2239
52 92 2240
114 32 2241
197 16 2242
13 187 2243
135 110 2244
88 29 2245
118 159 2246
67 123 2247
8 17 2248
163 139 2249
181 57 2250
125 10 2251
105 14 2252
164 72 2253
183 154 2254
77 10 2255
26 83 2256
126 143 2257
71 169 2258
190 67 2259
134 200 2260
80 199 2261
153 18 2262
135 4 2263
50 52 2264
22 197 2265
75 178 2266
117 90 2267
90 84 2268
41 146 2269
27 102 2270
155 136 2271
190 185 2272
63 191 2273
42 49 2274
19 143 2275
80 108 2276
92 168 2277
22 168 2278
131 40 2279
128 36 2280
138 129 2281
150 98 2282
43 97 2283
11 165 2284
32 22 2285
26 137 2286
118 9 2287
197 56 2288
11 99 2289
172 93 2290
68 38 2291
144 145 2292
193 116 2293
28 6 2294
169 181 2295
185 58 2296
6 124 2297
68 41 2298
88 189 2299
97 93 2300
49 188 2301
1 102 2302
138 197 2303
54 195 2304
182 15 2305
129 140 2306
180 170 2307
100 70 2308
51 153 2309
50 66 2310
159 40 2311
79 138 2312
176 4 2313
78 94 2314
135 156 2315
78 111 2316
16 168 2317
25 66 2318
106 105 2319
137 128 2320
141 118 2321
42 180 2322
133 30 2323
113 52 2324
113 177 2325
191 9 2326
144 127 2327
95 35 2328
140 105 2329
194 123 2330
88 9 2331
128 167 2332
37 61 2333
200 141 2334
160 198 2335
15 153 2336
95 138 2337
23 156 2338
28 45 2339
190 13 2340
4 60 2341
173 110 2342
47 184 2343
52 8 2344
61 157 2345
31 92 2346
94 175 2347
171 97 2348
91 183 2349
8 77 2350
175 145 2351
7 83 2352
144 92 2353
6 3 2354
158 160 2355
41 38 2356
173 5 2357
191 142 2358
195 19 2359
177 96 2360
136 15 2361
174 15 2362
141 194 2363
44 164 2364
189 165 2365
100 42 2366
172 88 2367
139 26 2368
73 78 2369
73 150 2370
175 38 2371
25 89 2372
59 125 2373
48 171 2374
176 118 2375
2 77 2376
41 79 2377
7 190 2378
187 92 2379
77 74 2380
180 19 2381
130 104 2382
190 191 2383
188 133 2384
71 60 2385
163 21 2386
72 10 2387
86 37 2388
160 87 2389
165 78 2390
91 43 2391
126 43 2392
38 86 2393
186 98 2394
25 185 2395
16 85 2396
25 122 2397
105 180 2398
191 152 2399
43 184 2400
3 9 2401
48 130 2402
10 184 2403
135 34 2404
76 38 2405
158 25 2406
83 171 2407
194 136 2408
36 41 2409
191 36 2410
29 170 2411
18 117 2412
101 89 2413
61 121 2414
48 154 2415
22 56 2416
5 108 2417
99 116 2418
92 51 2419
183 93 2420
169 173 2421
196 27 2422
135 141 2423
29 150 2424
71 100 2425
106 53 2426
162 77 2427
97 4 2428
103 26 2429
155 109 2430
137 161 2431
22 17 2432
151 99 2433
98 62 2434
195 66 2435
174 158 2436
124 163 2437
17 47 2438
36 194 2439
167 16 2440
180 103 2441
102 112 2442
124 107 2443
92 176 2444
137 32 2445
191 71 2446
189 118 2447
49 55 2448
29 158 2449
124 190 2450
99 6 2451
126 184 2452
46 73 2453
12 33 2454
60 138 2455
70 53 2456
94 90 2457
142 170 2458
152 113 2459
26 104 2460
107 113 2461
195 198 2462
107 13 2463
7 63 2464
188 155 2465
89 26 2466
182 85 2467
79 152 2468
167 34 2469
106 180 2470
104 88 2471
18 8 2472
91 148 2473
79 177 2474
157 18 2475
158 70 2476
4 107 2477
188 57 2478
84 188 2479
185 83 2480
151 107 2481
58 168 2482
130 175 2483
38 28 2484
192 9 2485
161 107 2486
33 103 2487
38 64 2488
166 114 2489
44 116 2490
6 20 2491
89 69 2492
54 167 2493
138 15 2494
155 23 2495
70 73 2496
122 108 2497
48 55 2498
97 21 2499
1 94 2500
112 93 2501
142 173 2502
186 119 2503
100 105 2504
154 36 2505
133 123 2506
36 192 2507
162 175 2508
57 56 2509
25 172 2510
189 178 2511
114 85 2512
35 41 2513
133 67 2514
200 142 2515
184 89 2516
32 17 2517
174 48 2518
183 45 2519
30 170 2520
137 131 2521
77 188 2522
71 184 2523
134 144 2524
175 172 2525
146 16 2526
101 123 2527
41 101 2528
112 36 2529
15 192 2530
197 60 2531
76 151 2532
129 89 2533
63 14 2534
199 5 2535
56 47 2536
172 62 2537
54 86 2538
34 103 2539
139 159 2540
196 171 2541
87 42 2542
97 41 2543
157 47 2544
98 114 2545
183 46 2546
161 29 2547
51 155 2548
133 64 2549
23 38 2550
99 191 2551
104 34 2552
63 61 2553
174 36 2554
97 19 2555
130 11 2556
172 85 2557
87 60 2558
114 173 2559
131 41 2560
98 117 2561
19 167 2562
175 92 2563
124 131 2564
77 80 2565
19 44 2566
24 161 2567
73 33 2568
37 9 2569
186 58 2570
27 104 2571
10 148 2572
93 192 2573
9 161 2574
42 151 2575
97 161 2576
111 156 2577
99 156 2578
23 195 2579
45 125 2580
106 125 2581
138 141 2582
64 105 2583
12 66 2584
9 36 2585
6 128 2586
149 166 2587
78 22 2588
50 26 2589
54 30 2590
54 95 2591
41 43 2592
10 25 2593
10 85 2594
106 134 2595
147 84 2596
37 189 2597
20 121 2598
58 33 2599
98 172 2600
111 103 2601
134 50 2602
90 2 2603
43 111 2604
54 3 2605
9 133 2606
24 91 2607
112 89 2608
91 3 2609
25 7 2610
147 55 2611
27 101 2612
165 73 2613
5 23 2614
140 166 2615
70 59 2616
48 108 2617
27 64 2618
14 127 2619
105 112 2620
162 115 2621
195 25 2622
11 1 2623
172 159 2624
140 65 2625
147 119 2626
151 31 2627
128 132 2628
59 89 2629
70 150 2630
13 193 2631
166 36 2632
128 51 2633
53 21 2634
79 154 2635
11 95 2636
92 137 2637
175 59 2638
84 51 2639
54 108 2640
116 171 2641
30 38 2642
138 111 2643
140 13 2644
39 101 2645
193 19 2646
13 110 2647
185 26 2648
149 2 2649
117 185 2650
20 23 2651
180 89 2652
4 58 2653
60 27 2654
18 7 2655
23 40 2656
132 3 2657
34 52 2658
197 77 2659
171 150 2660
98 76 2661
44 92 2662
189 198 2663
144 93 2664
158 4 2665
187 138 2666
51 54 2667
178 103 2668
2 116 2669
95 194 2670
155 174 2671
107 200 2672
76 37 2673
186 60 2674
96 141 2675
2 171 2676
175 19 2677
164 149 2678
153 43 2679
5 194 2680
107 86 2681
199 68 2682
11 16 2683
109 75 2684
147 50 2685
93 152 2686
107 169 2687
164 157 2688
56 93 2689
161 27 2690
11 170 2691
174 157 2692
134 95 2693
22 86 2694
90 26 2695
77 31 2696
131 97 2697
65 19 2698
5 162 2699
88 73 2700
149 54 2701
96 103 2702
146 117 2703
39 181 2704
4 10 2705
4 52 2706
99 113 2707
111 197 2708
139 178 2709
150 154 2710
160 63 2711
160 179 2712
198 169 2713
80 111 2714
135 147 2715
119 149 2716
140 193 2717
199 30 2718
116 14 2719
135 99 2720
50 155 2721
184 161 2722
182 88 2723
6 11 2724
79 7 2725
185 43 2726
110 12 2727
137 158 2728
14 139 2729
73 61 2730
92 181 2731
92 17 2732
109 66 2733
127 184 2734
41 72 2735
144 79 2736
25 88 2737
29 83 2738
86 87 2739
73 54 2740
150 138 2741
16 74 2742
58 46 2743
73 166 2744
163 173 2745
75 136 2746
126 185 2747
5 50 2748
61 97 2749
191 42 2750
83 109 2751
195 142 2752
118 54 2753
64 171 2754
197 83 2755
129 188 2756
170 178 2757
77 119 2758
31 73 2759
200 90 2760
141 1 2761
191 141 2762
184 22 2763
68 94 2764
113 199 2765
17 95 2766
3 176 2767
71 108 2768
84 73 2769
41 52 2770
95 182 2771
33 153 2772
52 150 2773
91 48 2774
43 159 2775
144 43 2776
113 171 2777
88 103 2778
77 63 2779
123 149 2780
42 186 2781
94 154 2782
74 130 2783
47 13 2784
57 191 2785
94 32 2786
86 196 2787
192 56 2788
32 63 2789
105 30 2790
150 116 2791
4 17 2792
141 105 2793
60 103 2794
174 31 2795
163 76 2796
13 58 2797
190 169 2798
187 171 2799
26 33 2800
41 138 2801
73 129 2802
139 167 2803
131 22 2804
90 185 2805
117 128 2806
162 68 2807
154 100 2808
110 117 2809
118 93 2810
161 89 2811
124 38 2812
39 71 2813
63 187 2814
36 169 2815
197 182 2816
58 12 2817
31 168 2818
190 32 2819
127 190 2820
192 111 2821
126 92 2822
178 92 2823
40 3 2824
163 25 2825
87 54 2826
193 124 2827
169 89 2828
7 165 2829
166 68 2830
122 145 2831
165 90 2832
137 105 2833
114 117 2834
53 34 2835
154 27 2836
122 1 2837
69 104 2838
195 78 2839
135 182 2840
197 10 2841
177 189 2842
21 102 2843
185 138 2844
20 34 2845
66 33 2846
163 176 2847
176 129 2848
97 95 2849
20 43 2850
68 24 2851
5 52 2852
27 158 2853
39 21 2854
139 158 2855
198 174 2856
83 28 2857
150 22 2858
8 11 2859
157 74 2860
97 2 2861
175 96 2862
144 173 2863
140 3 2864
68 146 2865
143 40 2866
74 11 2867
153 113 2868
27 190 2869
37 134 2870
100 121 2871
5 10 2872
101 98 2873
24 159 2874
149 12 2875
122 79 2876
61 168 2877
85 65 2878
169 32 2879
3 57 2880
60 167 2881
187 16 2882
97 135 2883
41 85 2884
38 90 2885
140 93 2886
96 95 2887
88 54 2888
141 55 2889
82 146 2890
165 80 2891
79 13 2892
136 150 2893
85 164 2894
15 63 2895
39 132 2896
39 97 2897
118 116 2898
170 136 2899
163 91 2900
30 32 2901
73 109 2902
52 76 2903
71 90 2904
98 39 2905
68 51 2906
181 18 2907
159 154 2908
177 128 2909
102 38 2910
30 150 2911
119 197 2912
7 41 2913
74 8 2914
53 51 2915
106 197 2916
23 86 2917
116 97 2918
54 120 2919
83 156 2920
58 98 2921
180 52 2922
105 6 2923
184 40 2924
44 137 2925
183 59 2926
197 196 2927
136 3 2928
30 57 2929
20 165 2930
74 59 2931
101 147 2932
175 197 2933
46 81 2934
18 40 2935
95 149 2936
177 178 2937
47 58 2938
79 111 2939
45 191 2940
125 170 2941
84 56 2942
94 38 2943
173 28 2944
94 156 2945
3 90 2946
144 136 2947
82 110 2948
59 61 2949
33 129 2950
176 189 2951
163 170 2952
18 115 2953
113 139 2954
56 146 2955
24 171 2956
57 48 2957
61 9 2958
183 182 2959
55 140 2960
58 37 2961
50 165 2962
158 30 2963
54 134 2964
11 50 2965
11 40 2966
62 42 2967
65 88 2968
114 69 2969
124 81 2970
68 57 2971
133 4 2972
77 44 2973
96 2 2974
140 115 2975
186 176 2976
101 136 2977
51 143 2978
168 37 2979
29 79 2980
24 13 2981
67 29 2982
101 72 2983
66 30 2984
77 89 2985
62 79 2986
1 163 2987
10 116 2988
116 126 2989
72 67 2990
41 130 2991
65 136 2992
123 66 2993
136 105 2994
92 36 2995
97 187 2996
145 57 2997
90 39 2998
156 66 2999
33 108 3000
156 194 3001
131 23 3002
198 4 3003
51 58 3004
106 91 3005
161 147 3006
14 157 3007
152 131 3008
108 142 3009
63 47 3010
126 82 3011
62 110 3012
124 61 3013
3 104 3014
130 68 3015
16 120 3016
53 100 3017
85 82 3018
108 99 3019
23 73 3020
89 42 3021
38 54 3022
95 88 3023
105 63 3024
41 77 3025
26 9 3026
19 5 3027
6 15 3028
76 56 3029
88 152 3030
113 187 3031
27 160 3032
127 37 3033
121 25 3034
7 155 3035
25 133 3036
84 16 3037
52 164 3038
9 48 3039
78 114 3040
123 76 3041
200 182 3042
26 107 3043
88 16 3044
126 150 3045
154 144 3046
129 70 3047
14 199 3048
184 109 3049
147 29 3050
80 103 3051
93 10 3052
84 3 3053
190 175 3054
15 74 3055
191 106 3056
147 70 3057
82 115 3058
198 61 3059
93 114 3060
70 19 3061
161 193 3062
105 80 3063
178 116 3064
177 37 3065
139 124 3066
191 64 3067
124 185 3068
70 51 3069
102 165 3070
124 195 3071
60 59 3072
37 10 3073
177 136 3074
196 34 3075
56 131 3076
84 173 3077
172 19 3078
27 62 3079
38 163 3080
15 69 3081
3 188 3082
22 100 3083
47 67 3084
3 71 3085
39 51 3086
196 76 3087
22 193 3088
174 44 3089
181 109 3090
179 180 3091
147 131 3092
82 108 3093
63 104 3094
186 85 3095
12 143 3096
176 51 3097
116 28 3098
190 149 3099
142 124 3100
113 92 3101
85 141 3102
141 126 3103
146 14 3104
121 81 3105
90 152 3106
91 169 3107
185 196 3108
61 100 3109
142 121 3110
187 132 3111
76 165 3112
25 69 3113
54 106 3114
178 100 3115
86 159 3116
195 5 3117
103 139 3118
55 144 3119
179 200 3120
142 178 3121
194 119 3122
56 40 3123
43 42 3124
117 3 3125
87 157 3126
70 67 3127
120 99 3128
187 82 3129
162 113 3130
185 22 3131
70 162 3132
73 149 3133
24 95 3134
164 75 3135
67 172 3136
116 137 3137
46 182 3138
148 58 3139
58 167 3140
8 47 3141
154 136 3142
28 108 3143
194 51 3144
151 5 3145
151 37 3146
78 62 3147
109 100 3148
78 124 3149
5 73 3150
125 7 3151
182 178 3152
44 179 3153
73 126 3154
155 52 3155
113 157 3156
187 87 3157
6 62 3158
107 147 3159
111 129 3160
37 43 3161
35 70 3162
93 149 3163
196 92 3164
133 168 3165
96 100 3166
129 177 3167
119 192 3168
130 112 3169
148 197 3170
26 25 3171
1 68 3172
17 115 3173
105 19 3174
111 120 3175
138 171 3176
25 118 3177
82 43 3178
164 56 3179
48 49 3180
168 189 3181
13 145 3182
41 181 3183
54 7 3184
189 8 3185
161 102 3186
135 170 3187
105 128 3188
188 139 3189
136 111 3190
29 113 3191
157 51 3192
173 126 3193
98 4 3194
180 157 3195
34 92 3196
153 132 3197
6 2 3198
35 149 3199
6 29 3200
116 69 3201
34 91 3202
101 107 3203
108 53 3204
139 84 3205
140 136 3206
6 83 3207
110 146 3208
181 37 3209
60 123 3210
18 1 3211
61 41 3212
155 134 3213
157 65 3214
5 28 3215
95 131 3216
142 154 3217
12 43 3218
157 193 3219
163 129 3220
199 133 3221
135 37 3222
198 89 3223
30 72 3224
15 78 3225
96 91 3226
65 198 3227
134 188 3228
108 160 3229
99 7 3230
193 70 3231
161 51 3232
23 149 3233
195 155 3234
66 161 3235
94 150 3236
188 142 3237
183 52 3238
125 115 3239
25 147 3240
101 109 3241
108 19 3242
90 160 3243
61 40 3244
14 158 3245
19 11 3246
197 58 3247
101 126 3248
132 107 3249
132 18 3250
100 81 3251
44 154 3252
13 10 3253
122 71 3254
91 127 3255
156 148 3256
177 141 3257
69 182 3258
170 164 3259
124 141 3260
54 137 3261
105 76 3262
51 159 3263
190 160 3264
77 192 3265
198 108 3266
195 101 3267
62 21 3268
48 68 3269
67 195 3270
149 84 3271
34 148 3272
41 176 3273
91 36 3274
126 47 3275
116 190 3276
20 183 3277
50 10 3278
68 2 3279
6 60 3280
131 177 3281
58 130 3282
74 6 3283
41 16 3284
85 160 3285
158 63 3286
14 74 3287
102 189 3288
21 175 3289
7 166 3290
71 192 3291
28 166 3292
196 175 3293
139 197 3294
137 16 3295
92 192 3296
28 98 3297
119 150 3298
36 84 3299
44 37 3300
48 102 3301
70 76 3302
150 163 3303
91 161 3304
80 109 3305
108 119 3306
9 70 3307
97 136 3308
167 77 3309
173 90 3310
199 114 3311
125 130 3312
2 152 3313
23 135 3314
119 12 3315
160 185 3316
85 80 3317
159 69 3318
11 81 3319
125 12 3320
198 76 3321
20 72 3322
94 162 3323
174 196 3324
163 28 3325
72 3 3326
156 114 3327
3 107 3328
109 54 3329
98 51 3330
5 179 3331
98 103 3332
75 34 3333
75 125 3334
29 74 3335
153 13 3336
52 58 3337
47 105 3338
51 49 3339
176 11 3340
16 13 3341
163 143 3342
178 73 3343
175 118 3344
75 12 3345
176 183 3346
115 161 3347
5 24 3348
140 33 3349
101 169 3350
82 48 3351
158 36 3352
189 195 3353
6 65 3354
51 165 3355
165 16 3356
118 113 3357
85 109 3358
55 167 3359
146 21 3360
13 196 3361
178 27 3362
85 132 3363
194 154 3364
70 164 3365
180 85 3366
57 32 3367
59 8 3368
98 105 3369
190 88 3370
138 144 3371
134 85 3372
3 180 3373
81 107 3374
93 148 3375
115 77 3376
131 154 3377
36 152 3378
190 12 3379
70 75 3380
112 170 3381
140 152 3382
50 57 3383
197 82 3384
112 11 3385
68 151 3386
171 153 3387
37 91 3388
21 177 3389
151 125 3390
91 85 3391
181 144 3392
23 72 3393
77 128 3394
35 92 3395
127 149 3396
164 160 3397
95 140 3398
119 56 3399
182 127 3400
140 21 3401
183 89 3402
131 105 3403
123 80 3404
82 4 3405
142 176 3406
50 27 3407
188 198 3408
10 156 3409
170 171 3410
190 158 3411
137 169 3412
144 12 3413
55 3 3414
135 29 3415
175 2 3416
68 168 3417
181 138 3418
52 65 3419
128 8 3420
9 123 3421
81 99 3422
118 197 3423
136 132 3424
113 87 3425
18 119 3426
85 140 3427
133 120 3428
135 153 3429
7 67 3430
65 165 3431
2 89 3432
191 103 3433
74 38 3434
141 168 3435
88 19 3436
15 156 3437
44 151 3438
63 171 3439
59 13 3440
71 25 3441
90 110 3442
21 69 3443
79 86 3444
71 81 3445
60 128 3446
4 190 3447
126 64 3448
190 184 3449
125 96 3450
174 12 3451
22 104 3452
22 120 3453
188 62 3454
108 166 3455
47 97 3456
27 105 3457
51 117 3458
1 186 3459
13 51 3460
119 16 3461
46 157 3462
172 146 3463
186 134 3464
47 179 3465
61 122 3466
86 149 3467
52 151 3468
19 71 3469
143 65 3470
90 45 3471
14 193 3472
104 100 3473
147 36 3474
86 26 3475
146 35 3476
163 63 3477
69 72 3478
30 134 3479
50 15 3480
143 46 3481
190 109 3482
147 52 3483
185 2 3484
9 168 3485
83 51 3486
184 187 3487
186 158 3488
128 3 3489
97 162 3490
21 10 3491
102 104 3492
162 37 3493
144 69 3494
178 76 3495
196 111 3496
54 76 3497
110 128 3498
43 31 3499
184 124 3500
94 135 3501
49 164 3502
70 197 3503
96 22 3504
123 47 3505
39 7 3506
172 8 3507
59 147 3508
183 63 3509
192 125 3510
146 143 3511
151 198 3512
134 198 3513
139 110 3514
156 42 3515
123 141 3516
186 165 3517
9 188 3518
94 105 3519
112 95 3520
15 132 3521
144 51 3522
105 157 3523
139 98 3524
8 64 3525
176 147 3526
186 38 3527
28 127 3528
96 196 3529
58 136 3530
95 159 3531
182 40 3532
148 73 3533
190 101 3534
131 89 3535
14 69 3536
74 80 3537
88 13 3538
147 6 3539
62 53 3540
196 77 3541
159 39 3542
153 126 3543
91 100 3544
55 122 3545
72 112 3546
38 138 3547
139 130 3548
157 138 3549
143 67 3550
42 103 3551
14 84 3552
104 20 3553
6 51 3554
22 58 3555
120 143 3556
199 81 3557
56 24 3558
102 157 3559
29 28 3560
101 183 3561
152 25 3562
35 140 3563
7 27 3564
74 7 3565
105 183 3566
117 21 3567
97 20 3568
112 34 3569
7 176 3570
142 28 3571
152 38 3572
96 134 3573
198 149 3574
95 125 3575
177 6 3576
133 127 3577
29 58 3578
50 158 3579
196 142 3580
60 121 3581
91 128 3582
183 86 3583
53 8 3584
154 151 3585
127 147 3586
93 82 3587
169 6 3588
19 22 3589
109 129 3590
50 115 3591
53 104 3592
19 67 3593
86 7 3594
50 22 3595
40 199 3596
49 159 3597
126 22 3598
52 19 3599
158 22 3600
