200 4900 4900
116 28 1
116 101 2
92 166 3
9 129 4
71 46 5
22 15 6
91 60 7
171 157 8
75 189 9
167 25 10
50 158 11
83 69 12
83 188 13
8 140 14
176 130 15
6 69 16
72 81 17
181 22 18
111 95 19
153 197 20
109 194 21
70 31 22
170 172 23
177 85 24
106 131 25
123 47 26
116 155 27
54 15 28
177 138 29
68 135 30
193 124 31
160 185 32
131 9 33
84 94 34
179 186 35
136 29 36
190 143 37
143 131 38
138 192 39
124 137 40
100 44 41
98 122 42
87 37 43
18 141 44
41 16 45
181 194 46
27 160 47
185 121 48
170 164 49
78 62 50
162 129 51
97 161 52
110 188 53
73 129 54
42 194 55
159 135 56
83 14 57
101 87 58
151 99 59
107 84 60
14 21 61
183 86 62
45 78 63
15 197 64
172 5 65
61 135 66
29 72 67
44 41 68
161 118 69
86 131 70
175 96 71
95 175 72
105 184 73
147 144 74
3 176 75
79 106 76
139 29 77
65 191 78
192 55 79
143 85 80
200 48 81
136 150 82
194 149 83
143 174 84
82 4 85
13 109 86
76 41 87
65 170 88
139 23 89
8 38 90
114 58 91
27 92 92
130 52 93
7 195 94
91 3 95
27 68 96
117 70 97
110 195 98
55 172 99
23 12 100
1 186 101
45 5 102
47 184 103
177 185 104
17 177 105
159 151 106
39 172 107
138 35 108
82 34 109
65 48 110
89 82 111
169 95 112
11 61 113
40 199 114
179 106 115
198 149 116
129 58 117
43 25 118
128 151 119
68 41 120
91 27 121
5 111 122
43 31 123
139 124 124
39 128 125
86 5 126
77 25 127
106 53 128
117 53 129
158 115 130
119 200 131
68 168 132
94 45 133
70 164 134
197 60 135
191 55 136
184 149 137
168 30 138
133 1 139
91 48 140
1 46 141
50 191 142
112 115 143
95 94 144
106 185 145
165 54 146
32 83 147
167 3 148
119 17 149
101 136 150
99 193 151
39 49 152
68 13 153
156 42 154
113 139 155
19 117 156
110 54 157
105 34 158
107 86 159
28 37 160
195 5 161
119 57 162
144 182 163
193 142 164
53 162 165
93 103 166
14 192 167
149 173 168
137 176 169
124 68 170
126 194 171
72 93 172
56 82 173
175 122 174
157 9 175
34 159 176
157 16 177
36 192 178
58 82 179
8 170 180
116 88 181
71 59 182
22 138 183
91 187 184
59 171 185
117 36 186
18 106 187
156 123 188
138 159 189
93 101 190
80 19 191
199 53 192
4 78 193
33 103 194
177 84 195
115 13 196
106 97 197
190 152 198
165 80 199
16 48 200
176 65 201
182 35 202
128 194 203
54 76 204
5 61 205
91 128 206
141 121 207
161 84 208
80 111 209
189 185 210
27 101 211
155 136 212
24 36 213
67 38 214
48 154 215
190 160 216
110 78 217
122 2 218
5 179 219
91 43 220
80 153 221
36 169 222
140 200 223
15 158 224
93 118 225
9 1 226
191 142 227
97 66 228
173 60 229
43 147 230
175 113 231
26 140 232
27 62 233
27 118 234
163 176 235
85 80 236
6 27 237
69 72 238
174 4 239
100 101 240
119 86 241
146 175 242
19 39 243
1 166 244
163 143 245
132 3 246
18 65 247
6 171 248
159 40 249
137 108 250
196 77 251
5 142 252
87 67 253
105 16 254
44 149 255
123 38 256
157 68 257
129 25 258
111 115 259
7 193 260
188 32 261
86 67 262
72 54 263
162 3 264
174 52 265
157 77 266
96 22 267
26 5 268
138 144 269
112 147 270
115 152 271
87 3 272
191 189 273
16 92 274
124 131 275
42 164 276
37 123 277
177 161 278
33 81 279
26 189 280
23 157 281
103 161 282
68 151 283
111 135 284
102 125 285
161 55 286
63 61 287
184 42 288
113 128 289
194 144 290
94 89 291
88 46 292
162 17 293
65 88 294
21 177 295
105 180 296
80 14 297
72 10 298
172 19 299
142 178 300
167 17 301
147 137 302
176 11 303
26 181 304
15 168 305
54 167 306
112 11 307
89 62 308
154 136 309
95 143 310
187 191 311
90 84 312
192 52 313
23 195 314
107 63 315
183 93 316
180 61 317
3 35 318
52 125 319
66 178 320
2 65 321
178 196 322
166 125 323
111 103 324
104 34 325
149 195 326
58 168 327
83 128 328
20 107 329
49 159 330
168 13 331
101 60 332
105 176 333
35 41 334
114 155 335
153 77 336
124 91 337
102 112 338
124 38 339
15 100 340
84 17 341
64 99 342
153 13 343
77 124 344
177 128 345
19 5 346
142 170 347
114 69 348
165 78 349
25 147 350
54 13 351
32 47 352
142 117 353
198 155 354
114 200 355
144 36 356
125 58 357
86 93 358
30 115 359
23 59 360
158 200 361
23 29 362
166 41 363
118 155 364
163 21 365
77 119 366
11 49 367
39 125 368
164 114 369
91 80 370
78 141 371
194 56 372
124 187 373
118 113 374
167 159 375
82 147 376
34 57 377
55 74 378
32 31 379
150 116 380
38 46 381
55 21 382
141 52 383
33 128 384
39 132 385
88 44 386
175 92 387
155 181 388
37 80 389
191 148 390
17 111 391
61 168 392
161 147 393
33 39 394
147 153 395
164 34 396
181 37 397
108 93 398
97 119 399
162 116 400
46 85 401
167 199 402
57 111 403
148 141 404
63 14 405
56 62 406
39 174 407
44 43 408
21 162 409
125 92 410
175 10 411
110 59 412
145 3 413
194 1 414
105 158 415
51 165 416
38 162 417
184 161 418
140 73 419
17 95 420
61 97 421
116 18 422
116 194 423
138 171 424
157 74 425
83 171 426
78 42 427
172 118 428
191 54 429
8 79 430
121 51 431
88 183 432
191 106 433
197 5 434
81 107 435
64 119 436
6 158 437
121 193 438
10 112 439
185 138 440
37 43 441
151 125 442
26 34 443
12 14 444
107 99 445
113 82 446
53 8 447
107 130 448
3 38 449
41 43 450
24 112 451
163 85 452
174 178 453
2 77 454
51 154 455
191 181 456
150 156 457
62 18 458
22 2 459
135 137 460
177 139 461
39 76 462
122 105 463
195 72 464
35 128 465
155 107 466
143 188 467
129 70 468
17 25 469
190 169 470
199 30 471
66 19 472
122 64 473
99 48 474
83 161 475
158 146 476
106 140 477
13 58 478
139 108 479
60 151 480
79 85 481
83 60 482
68 94 483
123 88 484
76 37 485
110 109 486
98 142 487
135 147 488
109 14 489
162 84 490
195 63 491
8 58 492
29 129 493
6 60 494
154 197 495
176 20 496
144 93 497
191 71 498
125 29 499
192 102 500
134 188 501
178 79 502
193 160 503
127 100 504
2 93 505
198 128 506
48 96 507
162 120 508
105 164 509
49 153 510
170 136 511
181 123 512
152 74 513
70 112 514
187 157 515
74 130 516
45 120 517
137 61 518
13 84 519
176 183 520
28 6 521
176 148 522
134 200 523
21 180 524
141 29 525
70 61 526
78 112 527
48 171 528
189 159 529
153 64 530
122 185 531
90 194 532
110 12 533
27 182 534
26 186 535
36 152 536
69 104 537
153 187 538
102 63 539
55 63 540
100 171 541
16 168 542
133 115 543
133 197 544
30 170 545
170 37 546
56 28 547
18 119 548
24 171 549
178 92 550
163 72 551
187 16 552
47 36 553
154 72 554
141 23 555
187 51 556
33 92 557
191 103 558
140 12 559
86 149 560
190 75 561
99 57 562
172 46 563
138 111 564
189 184 565
101 109 566
197 109 567
71 12 568
99 105 569
134 127 570
128 178 571
54 95 572
33 135 573
32 91 574
8 111 575
34 52 576
155 187 577
33 144 578
83 184 579
83 133 580
140 65 581
153 134 582
108 99 583
22 87 584
26 114 585
172 192 586
139 158 587
124 92 588
62 166 589
198 152 590
136 178 591
90 108 592
74 8 593
123 141 594
63 47 595
120 34 596
47 145 597
98 198 598
185 110 599
31 85 600
45 61 601
189 24 602
185 62 603
190 61 604
127 168 605
194 64 606
96 103 607
82 157 608
77 6 609
5 175 610
123 30 611
127 184 612
54 200 613
73 66 614
72 77 615
40 135 616
68 146 617
4 11 618
70 190 619
177 97 620
148 32 621
65 87 622
70 39 623
142 154 624
42 4 625
18 109 626
187 166 627
106 126 628
48 105 629
191 89 630
18 40 631
27 190 632
163 125 633
45 125 634
188 38 635
15 69 636
161 104 637
158 130 638
35 179 639
185 2 640
74 75 641
164 18 642
40 76 643
24 60 644
1 96 645
107 11 646
140 13 647
90 45 648
132 37 649
9 6 650
53 142 651
191 157 652
45 123 653
122 99 654
169 191 655
189 8 656
59 172 657
107 61 658
21 102 659
145 57 660
174 49 661
136 111 662
24 162 663
8 64 664
22 30 665
42 142 666
28 54 667
127 61 668
134 169 669
37 139 670
40 123 671
11 87 672
94 26 673
78 157 674
92 90 675
35 100 676
130 97 677
152 11 678
188 57 679
1 79 680
41 185 681
131 177 682
124 125 683
140 93 684
181 18 685
184 68 686
167 196 687
70 77 688
56 162 689
101 169 690
70 8 691
147 158 692
8 179 693
62 108 694
34 45 695
20 72 696
6 118 697
29 154 698
190 29 699
127 197 700
84 163 701
170 175 702
49 98 703
128 141 704
198 55 705
63 197 706
197 182 707
159 2 708
74 56 709
94 49 710
18 8 711
16 113 712
72 3 713
96 196 714
98 4 715
12 171 716
94 200 717
163 94 718
51 197 719
148 166 720
37 16 721
156 195 722
5 97 723
181 57 724
137 178 725
156 155 726
34 100 727
125 61 728
150 58 729
50 27 730
132 199 731
19 154 732
199 68 733
100 144 734
194 103 735
87 116 736
167 85 737
98 39 738
86 65 739
124 61 740
190 67 741
33 80 742
64 171 743
177 41 744
133 156 745
161 72 746
139 130 747
44 84 748
78 94 749
21 124 750
179 6 751
24 130 752
131 151 753
27 64 754
4 104 755
12 51 756
35 119 757
65 111 758
82 146 759
34 103 760
116 79 761
193 70 762
186 60 763
100 106 764
1 180 765
105 114 766
131 22 767
17 135 768
176 168 769
21 141 770
91 151 771
41 99 772
103 1 773
96 134 774
172 96 775
9 161 776
190 187 777
113 63 778
102 100 779
158 89 780
86 174 781
126 185 782
50 4 783
36 125 784
20 79 785
137 169 786
106 125 787
154 31 788
86 1 789
188 53 790
129 50 791
185 97 792
124 111 793
77 67 794
42 67 795
155 129 796
78 22 797
193 51 798
186 125 799
69 50 800
25 19 801
60 29 802
175 145 803
119 11 804
16 128 805
68 195 806
36 45 807
19 44 808
199 24 809
100 50 810
32 125 811
83 59 812
128 52 813
91 67 814
2 5 815
150 170 816
116 65 817
143 20 818
183 173 819
93 126 820
82 194 821
53 165 822
70 78 823
97 4 824
83 28 825
187 142 826
195 43 827
68 136 828
133 61 829
29 4 830
172 176 831
22 43 832
80 191 833
66 90 834
60 189 835
180 186 836
83 117 837
54 61 838
53 119 839
25 93 840
168 113 841
199 81 842
49 149 843
30 164 844
106 6 845
129 93 846
121 123 847
117 153 848
14 17 849
173 5 850
121 25 851
85 132 852
8 152 853
17 173 854
128 107 855
110 128 856
19 22 857
73 61 858
197 135 859
148 137 860
29 170 861
21 11 862
122 17 863
196 111 864
167 116 865
157 56 866
40 99 867
133 127 868
58 98 869
143 57 870
64 1 871
177 189 872
179 200 873
26 66 874
200 93 875
15 115 876
16 76 877
51 199 878
51 54 879
135 153 880
50 108 881
93 48 882
76 14 883
85 101 884
24 170 885
114 48 886
15 43 887
49 66 888
113 70 889
46 153 890
32 24 891
192 152 892
14 159 893
6 82 894
171 51 895
100 152 896
30 103 897
167 197 898
72 155 899
53 129 900
29 177 901
5 15 902
102 198 903
185 111 904
167 16 905
96 41 906
44 96 907
1 68 908
166 68 909
5 126 910
126 184 911
161 192 912
185 4 913
149 22 914
30 150 915
8 33 916
26 25 917
189 69 918
30 28 919
186 38 920
67 142 921
12 166 922
18 7 923
164 159 924
105 127 925
188 198 926
143 81 927
39 186 928
178 8 929
136 105 930
36 33 931
70 73 932
101 120 933
75 51 934
63 68 935
26 143 936
36 76 937
75 90 938
155 11 939
83 141 940
184 87 941
46 147 942
150 103 943
57 74 944
100 42 945
13 180 946
105 112 947
142 113 948
73 126 949
168 151 950
143 182 951
128 3 952
71 29 953
98 62 954
147 70 955
191 68 956
180 85 957
100 4 958
196 43 959
92 181 960
165 109 961
146 131 962
163 98 963
54 30 964
32 63 965
185 103 966
139 60 967
36 87 968
109 198 969
174 31 970
39 51 971
89 193 972
185 183 973
167 191 974
184 89 975
124 104 976
84 168 977
142 124 978
182 85 979
45 44 980
22 100 981
11 50 982
14 147 983
9 94 984
193 130 985
157 138 986
188 26 987
80 142 988
156 25 989
73 22 990
37 194 991
26 90 992
59 61 993
180 19 994
58 42 995
54 156 996
70 19 997
78 180 998
105 4 999
30 104 1000
191 86 1001
24 29 1002
126 189 1003
50 161 1004
130 73 1005
72 55 1006
38 28 1007
33 104 1008
24 200 1009
129 72 1010
188 80 1011
141 42 1012
73 192 1013
46 37 1014
172 129 1015
76 30 1016
90 185 1017
128 27 1018
200 90 1019
141 198 1020
61 51 1021
82 131 1022
177 196 1023
147 6 1024
9 48 1025
187 87 1026
3 58 1027
191 109 1028
171 85 1029
113 156 1030
150 130 1031
195 100 1032
29 124 1033
139 21 1034
170 160 1035
123 125 1036
9 36 1037
130 11 1038
35 76 1039
162 191 1040
150 45 1041
151 27 1042
192 61 1043
166 200 1044
183 87 1045
155 192 1046
85 20 1047
182 184 1048
30 163 1049
145 54 1050
102 104 1051
17 140 1052
68 95 1053
96 95 1054
52 168 1055
141 137 1056
125 176 1057
117 162 1058
157 47 1059
63 83 1060
14 187 1061
47 181 1062
126 91 1063
64 15 1064
106 107 1065
161 67 1066
177 93 1067
144 164 1068
82 117 1069
49 192 1070
60 103 1071
57 114 1072
165 139 1073
156 148 1074
147 108 1075
82 141 1076
32 195 1077
162 175 1078
56 40 1079
145 176 1080
120 44 1081
119 139 1082
29 83 1083
35 48 1084
177 143 1085
160 159 1086
47 58 1087
190 88 1088
125 134 1089
116 190 1090
35 99 1091
197 117 1092
56 47 1093
71 90 1094
55 3 1095
155 100 1096
178 103 1097
127 195 1098
116 57 1099
121 158 1100
53 172 1101
88 19 1102
31 155 1103
82 44 1104
35 142 1105
92 51 1106
37 107 1107
179 82 1108
21 27 1109
149 61 1110
131 169 1111
115 161 1112
73 3 1113
144 173 1114
97 191 1115
74 6 1116
74 88 1117
19 67 1118
19 136 1119
2 171 1120
105 98 1121
55 140 1122
3 86 1123
172 93 1124
5 50 1125
101 56 1126
116 171 1127
27 103 1128
23 86 1129
24 161 1130
161 51 1131
148 128 1132
93 148 1133
139 104 1134
2 9 1135
74 175 1136
32 181 1137
9 163 1138
80 183 1139
94 18 1140
87 172 1141
156 62 1142
125 10 1143
101 47 1144
197 74 1145
79 123 1146
88 97 1147
143 129 1148
39 83 1149
22 17 1150
5 27 1151
33 183 1152
143 123 1153
43 93 1154
74 172 1155
136 74 1156
8 73 1157
177 96 1158
82 43 1159
2 76 1160
163 170 1161
37 9 1162
191 175 1163
135 20 1164
68 83 1165
105 128 1166
178 191 1167
23 78 1168
91 177 1169
192 150 1170
163 8 1171
181 168 1172
168 98 1173
151 137 1174
117 185 1175
65 98 1176
183 96 1177
47 144 1178
187 93 1179
196 200 1180
79 160 1181
200 41 1182
160 179 1183
164 142 1184
146 166 1185
38 163 1186
31 122 1187
118 181 1188
1 107 1189
195 19 1190
184 32 1191
67 123 1192
49 45 1193
153 18 1194
200 153 1195
147 171 1196
45 3 1197
9 133 1198
180 49 1199
184 178 1200
185 67 1201
186 177 1202
134 66 1203
124 130 1204
149 62 1205
24 15 1206
17 7 1207
193 161 1208
186 182 1209
14 84 1210
94 38 1211
46 184 1212
137 166 1213
186 63 1214
6 65 1215
179 113 1216
187 82 1217
33 15 1218
50 7 1219
97 14 1220
175 181 1221
138 154 1222
104 138 1223
76 154 1224
117 54 1225
114 119 1226
13 145 1227
153 43 1228
139 42 1229
191 115 1230
24 19 1231
126 98 1232
91 73 1233
52 164 1234
87 111 1235
52 165 1236
152 49 1237
1 183 1238
151 174 1239
85 164 1240
65 53 1241
183 45 1242
62 43 1243
44 116 1244
46 27 1245
194 33 1246
46 31 1247
124 176 1248
157 153 1249
133 173 1250
6 190 1251
131 41 1252
108 31 1253
21 175 1254
131 162 1255
171 97 1256
74 160 1257
75 63 1258
127 9 1259
169 82 1260
95 83 1261
75 20 1262
42 186 1263
6 15 1264
137 106 1265
58 132 1266
130 147 1267
123 6 1268
47 192 1269
178 106 1270
1 158 1271
22 75 1272
157 60 1273
42 151 1274
45 138 1275
88 181 1276
146 152 1277
127 79 1278
23 156 1279
138 7 1280
104 13 1281
113 140 1282
10 158 1283
51 163 1284
150 154 1285
181 132 1286
185 22 1287
121 81 1288
3 65 1289
74 36 1290
180 158 1291
51 198 1292
81 99 1293
52 134 1294
103 35 1295
108 87 1296
101 107 1297
148 71 1298
87 14 1299
132 88 1300
95 159 1301
168 159 1302
24 167 1303
143 46 1304
179 174 1305
57 158 1306
61 105 1307
170 111 1308
153 173 1309
45 112 1310
175 50 1311
23 73 1312
5 188 1313
6 2 1314
15 153 1315
149 12 1316
88 101 1317
97 95 1318
53 183 1319
21 138 1320
43 184 1321
87 43 1322
132 156 1323
187 169 1324
183 22 1325
71 184 1326
184 22 1327
35 13 1328
152 161 1329
162 156 1330
169 46 1331
4 190 1332
172 62 1333
192 9 1334
190 175 1335
14 27 1336
194 123 1337
139 135 1338
61 132 1339
16 155 1340
13 187 1341
102 176 1342
151 195 1343
147 177 1344
94 183 1345
109 46 1346
161 151 1347
138 141 1348
150 22 1349
38 31 1350
162 60 1351
24 82 1352
71 48 1353
169 153 1354
195 188 1355
119 177 1356
45 27 1357
171 129 1358
31 92 1359
3 110 1360
28 141 1361
55 2 1362
118 81 1363
197 196 1364
14 193 1365
114 158 1366
73 166 1367
87 95 1368
112 103 1369
94 156 1370
81 174 1371
60 137 1372
164 149 1373
181 84 1374
41 72 1375
148 24 1376
164 137 1377
164 127 1378
65 119 1379
165 187 1380
38 145 1381
191 96 1382
181 116 1383
54 134 1384
125 155 1385
10 149 1386
124 101 1387
77 49 1388
191 129 1389
147 2 1390
113 122 1391
145 65 1392
140 75 1393
96 124 1394
4 17 1395
14 173 1396
127 102 1397
65 19 1398
81 91 1399
48 14 1400
139 181 1401
175 147 1402
135 34 1403
66 183 1404
35 166 1405
38 21 1406
145 141 1407
83 37 1408
52 59 1409
77 40 1410
16 93 1411
39 101 1412
104 38 1413
100 197 1414
70 76 1415
49 133 1416
21 85 1417
84 16 1418
98 178 1419
43 7 1420
52 89 1421
7 176 1422
110 140 1423
69 18 1424
187 159 1425
125 70 1426
112 175 1427
116 15 1428
8 92 1429
92 168 1430
82 110 1431
52 102 1432
44 151 1433
175 176 1434
44 127 1435
77 177 1436
25 88 1437
153 158 1438
15 143 1439
158 4 1440
119 191 1441
151 140 1442
103 68 1443
94 83 1444
12 134 1445
29 158 1446
5 198 1447
21 2 1448
150 114 1449
5 108 1450
120 118 1451
58 78 1452
99 113 1453
108 53 1454
150 1 1455
74 38 1456
25 114 1457
98 190 1458
163 139 1459
180 164 1460
59 196 1461
10 131 1462
32 74 1463
178 26 1464
176 118 1465
59 157 1466
88 29 1467
199 151 1468
43 5 1469
147 84 1470
42 102 1471
40 64 1472
189 178 1473
43 27 1474
28 44 1475
177 200 1476
19 153 1477
157 80 1478
3 4 1479
44 90 1480
112 96 1481
53 68 1482
140 105 1483
121 91 1484
199 33 1485
198 21 1486
168 135 1487
27 198 1488
13 128 1489
28 188 1490
93 196 1491
66 30 1492
18 193 1493
143 17 1494
71 197 1495
8 47 1496
126 95 1497
5 24 1498
193 155 1499
140 7 1500
85 154 1501
176 147 1502
198 90 1503
180 52 1504
172 146 1505
99 87 1506
99 52 1507
190 183 1508
55 127 1509
197 8 1510
96 36 1511
123 64 1512
48 17 1513
11 40 1514
122 56 1515
15 196 1516
3 105 1517
124 5 1518
134 187 1519
54 166 1520
180 128 1521
115 56 1522
105 20 1523
28 25 1524
188 89 1525
144 43 1526
36 53 1527
180 178 1528
149 84 1529
109 54 1530
69 48 1531
157 65 1532
81 43 1533
13 197 1534
150 6 1535
169 92 1536
112 26 1537
44 164 1538
73 163 1539
164 78 1540
30 160 1541
125 130 1542
97 26 1543
74 11 1544
109 111 1545
196 88 1546
43 42 1547
115 62 1548
193 175 1549
120 143 1550
6 138 1551
80 199 1552
133 88 1553
102 165 1554
136 195 1555
27 147 1556
113 187 1557
26 107 1558
198 17 1559
79 130 1560
151 5 1561
121 66 1562
85 160 1563
42 183 1564
158 22 1565
40 162 1566
24 188 1567
132 120 1568
169 154 1569
144 145 1570
146 14 1571
93 153 1572
102 93 1573
192 189 1574
95 198 1575
122 21 1576
172 177 1577
119 136 1578
110 130 1579
192 33 1580
172 164 1581
177 6 1582
57 29 1583
124 14 1584
191 77 1585
51 95 1586
41 183 1587
16 80 1588
174 169 1589
61 40 1590
153 16 1591
6 3 1592
120 109 1593
117 86 1594
174 44 1595
48 190 1596
8 173 1597
83 92 1598
198 84 1599
185 36 1600
108 72 1601
109 161 1602
148 197 1603
11 16 1604
16 72 1605
137 181 1606
23 50 1607
92 36 1608
60 110 1609
173 156 1610
89 69 1611
33 153 1612
145 126 1613
140 33 1614
125 142 1615
134 144 1616
137 16 1617
129 178 1618
9 146 1619
138 123 1620
57 15 1621
114 149 1622
144 77 1623
132 137 1624
85 156 1625
200 123 1626
74 163 1627
127 47 1628
127 106 1629
141 126 1630
53 28 1631
116 7 1632
92 21 1633
30 65 1634
73 78 1635
80 102 1636
77 46 1637
177 151 1638
46 144 1639
175 168 1640
156 159 1641
186 93 1642
51 117 1643
75 58 1644
124 54 1645
26 33 1646
103 105 1647
53 115 1648
105 193 1649
92 93 1650
47 13 1651
46 111 1652
25 94 1653
118 142 1654
116 122 1655
82 61 1656
141 199 1657
100 93 1658
186 134 1659
20 84 1660
94 135 1661
111 129 1662
29 17 1663
61 195 1664
108 35 1665
12 169 1666
96 91 1667
192 177 1668
149 138 1669
172 8 1670
148 62 1671
117 50 1672
107 113 1673
157 193 1674
44 7 1675
86 92 1676
23 70 1677
194 120 1678
82 121 1679
150 173 1680
152 131 1681
107 114 1682
66 52 1683
191 64 1684
56 148 1685
4 63 1686
81 1 1687
192 125 1688
16 159 1689
157 51 1690
99 187 1691
103 139 1692
88 1 1693
97 162 1694
64 80 1695
11 165 1696
109 100 1697
53 24 1698
117 115 1699
175 59 1700
91 165 1701
52 142 1702
71 108 1703
57 139 1704
174 129 1705
33 10 1706
16 165 1707
171 168 1708
136 65 1709
33 77 1710
70 72 1711
184 51 1712
99 45 1713
141 125 1714
78 84 1715
52 81 1716
128 130 1717
97 20 1718
114 90 1719
40 34 1720
39 13 1721
79 193 1722
134 71 1723
58 79 1724
26 55 1725
76 8 1726
153 32 1727
141 12 1728
124 51 1729
60 62 1730
172 159 1731
105 6 1732
6 161 1733
171 37 1734
166 66 1735
71 192 1736
172 65 1737
1 136 1738
41 40 1739
21 114 1740
133 67 1741
65 194 1742
74 133 1743
101 162 1744
77 192 1745
191 70 1746
119 61 1747
9 23 1748
38 157 1749
3 28 1750
195 91 1751
50 38 1752
22 67 1753
117 90 1754
147 164 1755
43 98 1756
40 52 1757
143 110 1758
34 43 1759
169 198 1760
18 117 1761
13 193 1762
127 149 1763
71 79 1764
128 96 1765
144 12 1766
30 68 1767
8 154 1768
178 56 1769
7 165 1770
152 60 1771
119 162 1772
53 157 1773
107 190 1774
59 13 1775
38 90 1776
70 53 1777
56 6 1778
48 130 1779
53 10 1780
192 145 1781
174 2 1782
9 142 1783
87 100 1784
110 96 1785
196 27 1786
188 87 1787
23 34 1788
118 159 1789
198 61 1790
104 112 1791
140 166 1792
97 179 1793
182 82 1794
44 137 1795
62 15 1796
3 182 1797
142 173 1798
145 155 1799
42 112 1800
177 112 1801
90 119 1802
44 187 1803
51 49 1804
28 22 1805
112 170 1806
21 34 1807
200 129 1808
60 115 1809
197 79 1810
48 172 1811
28 174 1812
146 185 1813
181 178 1814
31 73 1815
192 100 1816
107 17 1817
141 118 1818
148 86 1819
65 165 1820
138 175 1821
190 53 1822
4 153 1823
88 41 1824
176 51 1825
64 105 1826
12 20 1827
43 69 1828
67 137 1829
95 20 1830
44 113 1831
25 104 1832
75 79 1833
27 17 1834
77 107 1835
141 166 1836
131 105 1837
119 163 1838
18 135 1839
144 21 1840
122 158 1841
13 43 1842
24 146 1843
22 77 1844
139 110 1845
160 154 1846
90 140 1847
192 127 1848
134 198 1849
105 14 1850
189 162 1851
50 119 1852
25 89 1853
75 34 1854
200 190 1855
83 66 1856
144 172 1857
75 136 1858
12 43 1859
55 167 1860
16 13 1861
145 35 1862
167 154 1863
135 4 1864
104 200 1865
162 155 1866
147 103 1867
135 170 1868
85 141 1869
189 36 1870
139 4 1871
171 150 1872
22 56 1873
65 174 1874
109 124 1875
21 190 1876
115 167 1877
49 164 1878
1 121 1879
155 52 1880
58 28 1881
156 120 1882
152 16 1883
10 85 1884
192 46 1885
178 112 1886
124 195 1887
66 115 1888
123 66 1889
29 198 1890
106 85 1891
165 29 1892
182 40 1893
112 67 1894
67 82 1895
151 84 1896
41 169 1897
121 50 1898
107 147 1899
58 133 1900
90 197 1901
142 189 1902
17 126 1903
181 68 1904
60 81 1905
137 36 1906
165 115 1907
198 108 1908
165 90 1909
142 28 1910
76 185 1911
147 50 1912
41 181 1913
53 51 1914
159 5 1915
113 87 1916
55 156 1917
105 36 1918
22 61 1919
108 52 1920
56 146 1921
162 68 1922
49 188 1923
32 71 1924
40 93 1925
124 43 1926
178 76 1927
184 84 1928
18 86 1929
192 130 1930
33 160 1931
85 121 1932
138 129 1933
145 174 1934
47 1 1935
49 73 1936
185 10 1937
80 174 1938
16 126 1939
40 3 1940
155 122 1941
170 99 1942
179 103 1943
184 55 1944
134 109 1945
132 105 1946
181 86 1947
124 36 1948
146 143 1949
86 26 1950
191 9 1951
160 21 1952
82 109 1953
25 133 1954
95 31 1955
52 58 1956
69 120 1957
32 149 1958
173 137 1959
150 38 1960
40 20 1961
118 197 1962
22 133 1963
122 167 1964
86 87 1965
21 69 1966
180 157 1967
134 30 1968
85 130 1969
74 141 1970
122 110 1971
174 34 1972
109 182 1973
148 36 1974
77 188 1975
86 74 1976
48 108 1977
175 100 1978
166 162 1979
196 103 1980
200 124 1981
108 183 1982
106 180 1983
63 171 1984
195 89 1985
159 150 1986
1 143 1987
74 59 1988
147 55 1989
176 96 1990
109 95 1991
173 181 1992
99 7 1993
138 15 1994
126 47 1995
168 49 1996
66 81 1997
39 2 1998
61 147 1999
132 150 2000
113 93 2001
144 51 2002
184 142 2003
50 155 2004
86 120 2005
47 165 2006
48 24 2007
139 190 2008
155 9 2009
132 30 2010
178 111 2011
152 84 2012
85 82 2013
5 107 2014
151 150 2015
51 180 2016
176 189 2017
102 166 2018
93 152 2019
82 138 2020
65 180 2021
111 74 2022
3 180 2023
63 43 2024
115 146 2025
36 159 2026
154 105 2027
158 160 2028
65 169 2029
194 110 2030
65 58 2031
56 111 2032
8 17 2033
29 47 2034
26 83 2035
87 60 2036
149 54 2037
108 196 2038
11 48 2039
162 37 2040
59 53 2041
29 192 2042
123 139 2043
140 136 2044
108 144 2045
24 186 2046
11 118 2047
22 168 2048
79 165 2049
11 43 2050
170 47 2051
28 98 2052
15 132 2053
162 160 2054
134 172 2055
95 85 2056
22 94 2057
155 23 2058
33 120 2059
185 96 2060
187 92 2061
91 71 2062
95 18 2063
120 1 2064
151 121 2065
57 154 2066
5 132 2067
56 134 2068
84 56 2069
21 110 2070
82 115 2071
71 100 2072
100 28 2073
40 88 2074
156 185 2075
13 139 2076
104 23 2077
195 167 2078
40 29 2079
38 64 2080
109 199 2081
109 57 2082
125 191 2083
166 133 2084
24 44 2085
3 90 2086
124 70 2087
19 101 2088
61 122 2089
22 120 2090
56 93 2091
73 98 2092
65 11 2093
123 25 2094
39 28 2095
135 156 2096
3 29 2097
133 30 2098
151 107 2099
55 69 2100
30 32 2101
62 87 2102
85 57 2103
36 84 2104
166 95 2105
157 18 2106
197 58 2107
182 47 2108
25 7 2109
150 163 2110
110 17 2111
46 26 2112
146 27 2113
136 47 2114
7 67 2115
14 58 2116
104 20 2117
9 70 2118
126 22 2119
133 64 2120
192 4 2121
188 133 2122
108 166 2123
93 22 2124
86 37 2125
136 135 2126
150 119 2127
154 27 2128
111 14 2129
75 143 2130
156 147 2131
29 199 2132
19 46 2133
147 52 2134
114 132 2135
78 35 2136
101 147 2137
112 84 2138
197 99 2139
32 194 2140
17 24 2141
70 146 2142
183 113 2143
139 26 2144
147 128 2145
178 116 2146
70 87 2147
44 56 2148
153 132 2149
123 53 2150
160 174 2151
146 184 2152
87 195 2153
96 143 2154
88 73 2155
88 187 2156
191 26 2157
19 198 2158
178 61 2159
68 51 2160
193 30 2161
187 171 2162
104 113 2163
190 32 2164
138 126 2165
160 133 2166
95 125 2167
139 3 2168
81 76 2169
16 171 2170
111 16 2171
35 187 2172
4 62 2173
30 129 2174
133 4 2175
93 82 2176
125 115 2177
48 61 2178
129 188 2179
74 7 2180
3 27 2181
102 12 2182
23 56 2183
19 143 2184
128 132 2185
73 123 2186
127 120 2187
110 70 2188
127 194 2189
52 55 2190
34 92 2191
196 41 2192
29 25 2193
79 198 2194
147 44 2195
199 98 2196
119 101 2197
142 197 2198
41 38 2199
135 91 2200
78 77 2201
107 116 2202
66 28 2203
200 141 2204
32 81 2205
14 49 2206
49 87 2207
104 100 2208
146 111 2209
56 131 2210
112 38 2211
102 70 2212
50 15 2213
165 174 2214
99 185 2215
170 129 2216
54 93 2217
158 18 2218
18 113 2219
123 76 2220
195 37 2221
47 105 2222
94 105 2223
178 152 2224
48 55 2225
62 110 2226
123 127 2227
28 52 2228
177 20 2229
55 144 2230
110 55 2231
89 105 2232
73 33 2233
36 60 2234
127 121 2235
190 96 2236
32 18 2237
106 31 2238
64 61 2239
169 32 2240
172 99 2241
27 2 2242
51 27 2243
58 109 2244
70 11 2245
115 128 2246
17 121 2247
187 75 2248
104 97 2249
81 147 2250
147 118 2251
53 181 2252
78 111 2253
189 41 2254
135 175 2255
34 51 2256
165 113 2257
147 165 2258
121 52 2259
183 146 2260
13 110 2261
104 179 2262
185 195 2263
151 145 2264
157 92 2265
152 89 2266
50 64 2267
74 106 2268
135 195 2269
50 10 2270
173 90 2271
113 174 2272
40 105 2273
75 125 2274
35 171 2275
9 83 2276
116 97 2277
84 1 2278
73 54 2279
88 66 2280
19 58 2281
91 77 2282
173 44 2283
74 82 2284
98 154 2285
62 21 2286
117 145 2287
188 40 2288
188 60 2289
49 140 2290
60 192 2291
113 199 2292
147 83 2293
38 86 2294
185 49 2295
197 161 2296
162 133 2297
36 108 2298
80 192 2299
147 62 2300
45 113 2301
185 196 2302
188 98 2303
64 182 2304
148 158 2305
117 140 2306
196 164 2307
80 109 2308
58 6 2309
5 73 2310
192 40 2311
26 174 2312
47 113 2313
90 51 2314
33 130 2315
171 26 2316
15 63 2317
100 70 2318
77 58 2319
172 178 2320
4 99 2321
146 10 2322
3 41 2323
150 90 2324
93 50 2325
194 136 2326
165 183 2327
79 13 2328
55 122 2329
104 175 2330
52 86 2331
4 10 2332
175 78 2333
147 198 2334
45 24 2335
148 154 2336
161 148 2337
10 110 2338
170 171 2339
16 79 2340
35 86 2341
68 57 2342
171 153 2343
44 154 2344
120 158 2345
10 148 2346
137 32 2347
23 40 2348
63 84 2349
33 100 2350
200 142 2351
140 164 2352
194 119 2353
10 116 2354
41 79 2355
19 99 2356
142 39 2357
42 136 2358
25 118 2359
36 123 2360
28 45 2361
13 80 2362
182 157 2363
88 67 2364
135 47 2365
167 130 2366
46 73 2367
87 157 2368
196 175 2369
78 123 2370
152 25 2371
37 7 2372
149 176 2373
121 102 2374
113 177 2375
170 98 2376
84 146 2377
81 44 2378
36 198 2379
70 150 2380
82 108 2381
125 38 2382
198 89 2383
185 43 2384
73 134 2385
147 92 2386
180 89 2387
54 108 2388
32 154 2389
69 169 2390
137 10 2391
193 119 2392
12 89 2393
37 189 2394
62 53 2395
189 165 2396
188 109 2397
70 139 2398
6 136 2399
199 5 2400
112 198 2401
64 21 2402
110 146 2403
9 130 2404
186 98 2405
152 66 2406
22 197 2407
186 181 2408
59 163 2409
174 196 2410
127 124 2411
182 125 2412
174 36 2413
133 167 2414
187 139 2415
43 101 2416
52 151 2417
32 164 2418
167 59 2419
77 38 2420
82 66 2421
160 137 2422
67 29 2423
65 89 2424
1 129 2425
82 118 2426
172 79 2427
99 116 2428
111 66 2429
154 70 2430
59 64 2431
98 95 2432
15 192 2433
136 23 2434
105 19 2435
187 108 2436
175 117 2437
125 26 2438
7 104 2439
59 155 2440
147 36 2441
57 32 2442
50 152 2443
77 80 2444
40 102 2445
167 165 2446
15 199 2447
174 102 2448
106 197 2449
145 11 2450
141 68 2451
39 112 2452
160 67 2453
195 15 2454
40 166 2455
170 46 2456
196 129 2457
116 146 2458
1 109 2459
149 96 2460
87 148 2461
173 126 2462
92 173 2463
79 154 2464
18 102 2465
156 93 2466
160 152 2467
101 82 2468
114 29 2469
16 85 2470
45 191 2471
5 16 2472
162 96 2473
35 133 2474
1 94 2475
6 22 2476
91 100 2477
140 167 2478
86 194 2479
176 129 2480
65 155 2481
29 46 2482
74 1 2483
54 86 2484
84 165 2485
84 3 2486
136 82 2487
170 200 2488
175 38 2489
188 142 2490
109 87 2491
136 3 2492
95 138 2493
175 194 2494
122 100 2495
174 146 2496
158 30 2497
56 10 2498
147 131 2499
22 68 2500
178 29 2501
23 100 2502
159 129 2503
89 160 2504
129 20 2505
25 55 2506
45 25 2507
2 72 2508
178 86 2509
137 128 2510
10 182 2511
40 193 2512
109 115 2513
76 132 2514
129 190 2515
136 31 2516
153 30 2517
192 170 2518
139 194 2519
156 114 2520
95 149 2521
136 197 2522
175 172 2523
78 124 2524
66 65 2525
163 104 2526
91 41 2527
64 89 2528
141 122 2529
182 62 2530
191 140 2531
190 150 2532
1 37 2533
37 91 2534
59 38 2535
100 121 2536
70 83 2537
27 95 2538
57 48 2539
176 117 2540
194 57 2541
54 7 2542
87 126 2543
64 16 2544
167 70 2545
58 161 2546
190 66 2547
160 87 2548
38 134 2549
34 199 2550
123 150 2551
7 112 2552
111 190 2553
77 93 2554
184 124 2555
11 122 2556
99 126 2557
70 75 2558
63 153 2559
7 139 2560
198 131 2561
33 152 2562
25 197 2563
58 46 2564
93 95 2565
117 61 2566
183 89 2567
165 197 2568
113 171 2569
199 124 2570
123 80 2571
16 74 2572
161 82 2573
164 62 2574
29 28 2575
190 37 2576
120 81 2577
114 63 2578
176 78 2579
39 139 2580
102 157 2581
181 30 2582
73 149 2583
49 55 2584
39 50 2585
168 53 2586
10 192 2587
31 198 2588
186 58 2589
176 24 2590
54 68 2591
99 161 2592
33 14 2593
105 35 2594
48 77 2595
61 9 2596
184 20 2597
135 108 2598
104 62 2599
179 48 2600
75 10 2601
18 1 2602
71 129 2603
144 69 2604
72 115 2605
47 140 2606
164 107 2607
164 160 2608
48 139 2609
24 181 2610
133 123 2611
59 30 2612
176 16 2613
195 66 2614
96 2 2615
128 43 2616
90 110 2617
67 6 2618
90 55 2619
52 32 2620
163 91 2621
151 32 2622
120 62 2623
60 138 2624
37 180 2625
61 62 2626
148 104 2627
97 19 2628
160 20 2629
172 133 2630
18 48 2631
100 81 2632
110 155 2633
116 161 2634
117 87 2635
25 132 2636
27 142 2637
29 52 2638
120 76 2639
123 152 2640
147 119 2641
131 87 2642
30 136 2643
53 1 2644
155 142 2645
134 130 2646
103 200 2647
135 141 2648
162 36 2649
78 188 2650
77 60 2651
27 33 2652
57 102 2653
67 181 2654
99 62 2655
196 163 2656
190 14 2657
56 102 2658
81 57 2659
180 162 2660
1 45 2661
105 118 2662
72 47 2663
138 11 2664
159 141 2665
143 35 2666
52 65 2667
159 26 2668
164 141 2669
94 70 2670
164 50 2671
177 141 2672
147 20 2673
14 23 2674
3 178 2675
84 140 2676
106 108 2677
99 156 2678
30 72 2679
99 84 2680
5 162 2681
7 70 2682
28 105 2683
48 193 2684
132 165 2685
192 190 2686
147 29 2687
98 119 2688
101 141 2689
80 124 2690
138 92 2691
192 16 2692
122 1 2693
89 121 2694
72 156 2695
184 179 2696
59 18 2697
130 62 2698
143 184 2699
50 132 2700
20 137 2701
161 27 2702
182 8 2703
193 6 2704
30 8 2705
18 37 2706
46 81 2707
21 47 2708
86 30 2709
48 132 2710
139 159 2711
82 148 2712
133 168 2713
30 200 2714
101 143 2715
40 74 2716
96 75 2717
153 78 2718
141 55 2719
103 69 2720
47 130 2721
196 143 2722
134 50 2723
122 71 2724
84 45 2725
34 194 2726
133 185 2727
33 111 2728
171 139 2729
28 199 2730
7 155 2731
41 85 2732
40 198 2733
116 36 2734
83 34 2735
68 164 2736
137 45 2737
190 184 2738
162 77 2739
39 59 2740
163 13 2741
58 145 2742
164 195 2743
161 107 2744
178 37 2745
110 117 2746
149 134 2747
116 137 2748
6 128 2749
3 107 2750
174 132 2751
174 158 2752
100 126 2753
104 47 2754
190 138 2755
87 77 2756
59 113 2757
80 169 2758
117 12 2759
65 44 2760
164 182 2761
190 158 2762
188 169 2763
197 10 2764
50 57 2765
4 58 2766
128 51 2767
79 111 2768
111 93 2769
85 159 2770
199 114 2771
45 161 2772
63 104 2773
36 28 2774
198 26 2775
7 58 2776
189 195 2777
86 159 2778
94 140 2779
121 137 2780
24 95 2781
96 197 2782
48 54 2783
90 192 2784
20 34 2785
43 111 2786
47 67 2787
39 97 2788
135 39 2789
162 113 2790
112 89 2791
83 109 2792
55 168 2793
190 13 2794
135 88 2795
17 99 2796
47 97 2797
194 185 2798
29 172 2799
125 170 2800
34 141 2801
160 63 2802
73 48 2803
77 74 2804
1 72 2805
111 133 2806
113 157 2807
156 66 2808
56 9 2809
154 181 2810
44 179 2811
181 182 2812
8 160 2813
97 152 2814
143 93 2815
135 182 2816
143 39 2817
161 162 2818
61 47 2819
113 6 2820
66 147 2821
164 83 2822
135 131 2823
39 43 2824
108 155 2825
15 65 2826
108 136 2827
98 166 2828
15 78 2829
66 5 2830
139 15 2831
120 129 2832
99 181 2833
77 76 2834
200 18 2835
11 99 2836
104 183 2837
108 176 2838
61 166 2839
82 181 2840
11 81 2841
155 45 2842
47 197 2843
13 12 2844
116 135 2845
177 5 2846
44 195 2847
54 100 2848
111 50 2849
85 45 2850
101 155 2851
123 149 2852
195 198 2853
53 169 2854
103 52 2855
150 79 2856
42 103 2857
76 12 2858
62 129 2859
118 139 2860
140 177 2861
128 5 2862
34 176 2863
159 1 2864
81 125 2865
153 10 2866
40 4 2867
149 43 2868
86 155 2869
135 2 2870
15 52 2871
101 138 2872
69 66 2873
142 176 2874
56 8 2875
40 163 2876
3 57 2877
30 174 2878
42 106 2879
81 23 2880
21 16 2881
82 36 2882
95 103 2883
171 175 2884
188 155 2885
50 115 2886
43 97 2887
114 196 2888
63 13 2889
73 179 2890
101 89 2891
52 92 2892
126 52 2893
177 116 2894
105 8 2895
189 104 2896
51 56 2897
186 79 2898
20 126 2899
42 49 2900
175 46 2901
107 13 2902
140 193 2903
181 164 2904
185 95 2905
161 53 2906
167 77 2907
198 174 2908
143 67 2909
69 157 2910
29 39 2911
10 92 2912
70 120 2913
41 130 2914
140 58 2915
102 38 2916
183 83 2917
145 43 2918
163 76 2919
116 54 2920
190 74 2921
77 128 2922
177 62 2923
109 17 2924
141 146 2925
161 60 2926
174 78 2927
139 116 2928
134 141 2929
4 167 2930
64 190 2931
12 173 2932
35 149 2933
125 183 2934
12 72 2935
4 60 2936
37 134 2937
73 55 2938
128 167 2939
156 13 2940
22 18 2941
78 167 2942
87 165 2943
61 24 2944
152 71 2945
155 157 2946
193 159 2947
97 187 2948
94 159 2949
136 104 2950
13 194 2951
171 102 2952
149 166 2953
120 172 2954
167 157 2955
191 141 2956
188 139 2957
152 38 2958
84 186 2959
94 101 2960
64 148 2961
126 193 2962
76 29 2963
80 185 2964
14 158 2965
76 181 2966
9 159 2967
87 128 2968
116 142 2969
165 56 2970
12 160 2971
119 16 2972
119 15 2973
2 152 2974
158 63 2975
189 118 2976
190 12 2977
83 126 2978
22 63 2979
65 131 2980
164 157 2981
10 91 2982
122 156 2983
192 7 2984
72 153 2985
50 22 2986
151 198 2987
26 43 2988
54 180 2989
124 107 2990
105 63 2991
123 126 2992
75 150 2993
103 47 2994
95 182 2995
104 66 2996
20 43 2997
47 52 2998
61 100 2999
169 181 3000
140 115 3001
169 130 3002
127 1 3003
70 162 3004
17 47 3005
92 24 3006
120 61 3007
20 161 3008
124 190 3009
191 95 3010
186 176 3011
94 153 3012
19 32 3013
73 167 3014
62 168 3015
129 135 3016
114 145 3017
145 140 3018
39 181 3019
74 165 3020
200 195 3021
102 199 3022
193 97 3023
113 144 3024
172 57 3025
109 41 3026
165 6 3027
86 130 3028
192 176 3029
15 122 3030
33 139 3031
80 108 3032
180 103 3033
69 182 3034
58 167 3035
42 30 3036
160 156 3037
104 103 3038
70 140 3039
142 54 3040
6 11 3041
42 39 3042
10 28 3043
116 94 3044
132 70 3045
17 115 3046
55 31 3047
154 36 3048
93 170 3049
93 176 3050
185 83 3051
166 181 3052
159 18 3053
41 87 3054
199 142 3055
152 105 3056
83 50 3057
47 14 3058
180 83 3059
49 167 3060
95 79 3061
198 83 3062
192 140 3063
99 191 3064
152 184 3065
55 158 3066
13 31 3067
88 16 3068
132 103 3069
28 133 3070
95 40 3071
148 152 3072
119 56 3073
97 135 3074
174 48 3075
9 134 3076
85 73 3077
42 72 3078
13 41 3079
127 46 3080
27 81 3081
26 160 3082
163 95 3083
38 29 3084
1 163 3085
95 84 3086
87 178 3087
88 13 3088
152 177 3089
15 74 3090
77 89 3091
52 23 3092
16 120 3093
184 109 3094
174 60 3095
93 192 3096
133 169 3097
35 70 3098
90 41 3099
76 56 3100
117 128 3101
184 63 3102
151 132 3103
114 85 3104
129 198 3105
198 138 3106
96 141 3107
190 109 3108
42 18 3109
103 102 3110
63 65 3111
63 124 3112
162 103 3113
56 200 3114
120 193 3115
41 147 3116
159 126 3117
119 156 3118
48 101 3119
5 34 3120
118 9 3121
55 77 3122
26 16 3123
19 173 3124
73 82 3125
87 164 3126
51 160 3127
154 124 3128
36 85 3129
31 175 3130
120 121 3131
15 146 3132
18 85 3133
61 74 3134
20 183 3135
115 77 3136
27 102 3137
6 83 3138
91 155 3139
141 194 3140
33 129 3141
91 84 3142
150 138 3143
77 176 3144
10 82 3145
184 187 3146
190 185 3147
193 27 3148
39 1 3149
85 47 3150
167 34 3151
101 115 3152
91 169 3153
129 123 3154
32 65 3155
92 111 3156
117 169 3157
197 131 3158
59 89 3159
88 189 3160
88 3 3161
36 41 3162
29 1 3163
32 17 3164
94 143 3165
6 135 3166
133 10 3167
97 136 3168
185 8 3169
155 109 3170
53 18 3171
5 28 3172
104 188 3173
115 187 3174
71 42 3175
52 10 3176
96 31 3177
108 130 3178
174 175 3179
158 25 3180
132 18 3181
114 175 3182
8 66 3183
125 133 3184
159 154 3185
137 11 3186
54 14 3187
96 11 3188
180 122 3189
118 195 3190
24 183 3191
114 11 3192
140 78 3193
68 38 3194
29 27 3195
198 118 3196
177 37 3197
62 142 3198
144 6 3199
44 135 3200
57 191 3201
110 166 3202
192 13 3203
196 28 3204
126 132 3205
190 141 3206
187 186 3207
160 66 3208
20 25 3209
170 137 3210
37 95 3211
118 121 3212
1 151 3213
95 44 3214
47 179 3215
58 191 3216
151 90 3217
187 138 3218
28 114 3219
171 160 3220
51 156 3221
59 8 3222
180 93 3223
139 12 3224
70 168 3225
177 134 3226
20 23 3227
199 172 3228
165 145 3229
23 144 3230
162 10 3231
55 157 3232
18 55 3233
86 69 3234
60 121 3235
194 186 3236
58 55 3237
153 22 3238
109 193 3239
151 182 3240
57 196 3241
75 116 3242
196 187 3243
187 70 3244
197 82 3245
4 143 3246
80 35 3247
55 64 3248
24 139 3249
125 7 3250
87 138 3251
190 149 3252
94 149 3253
199 157 3254
16 138 3255
107 169 3256
187 154 3257
54 106 3258
138 84 3259
97 153 3260
48 7 3261
54 177 3262
162 140 3263
196 81 3264
121 27 3265
91 36 3266
159 60 3267
158 198 3268
58 73 3269
168 46 3270
147 149 3271
187 132 3272
131 150 3273
15 188 3274
21 155 3275
138 54 3276
22 58 3277
44 176 3278
2 130 3279
180 7 3280
24 30 3281
185 162 3282
60 120 3283
144 92 3284
31 27 3285
198 1 3286
36 39 3287
200 49 3288
92 152 3289
134 85 3290
142 11 3291
127 83 3292
192 64 3293
77 164 3294
95 194 3295
58 32 3296
181 144 3297
93 32 3298
140 3 3299
197 52 3300
180 193 3301
91 85 3302
173 28 3303
126 43 3304
56 24 3305
99 110 3306
160 120 3307
77 39 3308
73 17 3309
156 73 3310
174 12 3311
5 12 3312
129 89 3313
120 107 3314
186 85 3315
147 169 3316
117 48 3317
86 109 3318
128 28 3319
173 106 3320
121 175 3321
133 69 3322
104 178 3323
7 28 3324
160 103 3325
82 21 3326
144 160 3327
48 53 3328
44 39 3329
190 101 3330
126 158 3331
138 29 3332
196 40 3333
62 131 3334
53 104 3335
93 178 3336
32 140 3337
26 129 3338
16 50 3339
154 151 3340
45 58 3341
91 106 3342
88 184 3343
168 7 3344
53 57 3345
67 12 3346
154 144 3347
131 23 3348
48 68 3349
145 195 3350
80 103 3351
33 137 3352
59 1 3353
45 57 3354
134 118 3355
158 59 3356
132 64 3357
180 170 3358
139 197 3359
87 75 3360
144 83 3361
23 183 3362
126 177 3363
140 81 3364
73 16 3365
139 178 3366
149 15 3367
131 97 3368
98 2 3369
178 57 3370
35 19 3371
24 91 3372
136 15 3373
63 25 3374
50 25 3375
146 21 3376
140 57 3377
166 132 3378
86 99 3379
116 185 3380
76 167 3381
106 147 3382
154 117 3383
184 118 3384
193 22 3385
146 128 3386
168 37 3387
49 57 3388
129 151 3389
200 174 3390
155 49 3391
56 7 3392
162 179 3393
163 63 3394
163 27 3395
101 98 3396
59 184 3397
122 128 3398
30 81 3399
143 90 3400
82 76 3401
197 124 3402
50 30 3403
14 55 3404
63 11 3405
94 5 3406
194 178 3407
130 3 3408
60 59 3409
95 50 3410
57 138 3411
94 34 3412
105 76 3413
194 191 3414
28 108 3415
161 61 3416
140 83 3417
52 159 3418
184 56 3419
87 54 3420
14 103 3421
69 155 3422
119 60 3423
8 77 3424
200 95 3425
85 65 3426
182 117 3427
129 177 3428
79 125 3429
91 148 3430
60 55 3431
67 144 3432
27 105 3433
29 175 3434
10 174 3435
82 143 3436
183 47 3437
128 11 3438
82 48 3439
158 70 3440
61 72 3441
53 186 3442
185 81 3443
144 119 3444
29 35 3445
19 71 3446
163 145 3447
14 127 3448
13 77 3449
63 126 3450
132 45 3451
145 150 3452
192 122 3453
2 153 3454
142 186 3455
171 19 3456
111 188 3457
92 176 3458
19 113 3459
155 127 3460
193 25 3461
48 168 3462
120 142 3463
42 76 3464
108 173 3465
51 74 3466
129 182 3467
92 172 3468
42 32 3469
58 15 3470
182 15 3471
50 165 3472
192 84 3473
167 18 3474
71 169 3475
125 44 3476
111 156 3477
169 142 3478
189 153 3479
121 69 3480
41 159 3481
197 181 3482
142 165 3483
143 40 3484
91 183 3485
9 168 3486
136 185 3487
43 77 3488
3 193 3489
179 89 3490
145 188 3491
5 52 3492
74 155 3493
112 34 3494
94 60 3495
27 42 3496
174 185 3497
165 73 3498
143 69 3499
134 62 3500
97 129 3501
136 39 3502
83 121 3503
73 24 3504
14 22 3505
34 86 3506
2 36 3507
195 169 3508
73 51 3509
118 116 3510
60 27 3511
118 31 3512
164 56 3513
82 120 3514
15 169 3515
94 192 3516
118 125 3517
130 112 3518
108 160 3519
147 120 3520
9 46 3521
68 35 3522
74 177 3523
51 155 3524
24 132 3525
18 156 3526
45 116 3527
165 58 3528
121 34 3529
39 18 3530
94 145 3531
108 19 3532
197 168 3533
121 41 3534
59 42 3535
33 5 3536
61 157 3537
161 23 3538
125 144 3539
2 52 3540
108 142 3541
6 62 3542
159 69 3543
27 187 3544
190 191 3545
93 8 3546
120 167 3547
117 29 3548
175 93 3549
100 58 3550
7 190 3551
171 152 3552
155 200 3553
41 194 3554
133 107 3555
180 148 3556
96 182 3557
185 35 3558
10 94 3559
71 81 3560
3 56 3561
50 26 3562
53 120 3563
168 93 3564
175 8 3565
41 190 3566
24 87 3567
88 152 3568
81 119 3569
148 29 3570
155 28 3571
164 67 3572
27 104 3573
187 71 3574
6 79 3575
21 148 3576
96 100 3577
75 178 3578
35 124 3579
56 92 3580
26 137 3581
31 168 3582
156 5 3583
65 96 3584
37 10 3585
65 156 3586
51 159 3587
66 33 3588
126 65 3589
170 139 3590
32 100 3591
128 68 3592
185 87 3593
97 22 3594
79 138 3595
155 139 3596
111 38 3597
20 200 3598
57 56 3599
80 181 3600
28 121 3601
163 28 3602
143 31 3603
199 191 3604
83 156 3605
162 48 3606
94 193 3607
117 37 3608
151 31 3609
26 104 3610
79 86 3611
178 144 3612
48 102 3613
161 102 3614
85 176 3615
194 26 3616
149 2 3617
15 174 3618
95 35 3619
127 75 3620
183 187 3621
132 84 3622
29 79 3623
59 129 3624
176 15 3625
30 9 3626
171 99 3627
128 191 3628
99 26 3629
109 66 3630
3 42 3631
92 192 3632
111 19 3633
6 124 3634
166 196 3635
96 199 3636
128 53 3637
142 94 3638
2 89 3639
24 119 3640
128 72 3641
147 150 3642
138 197 3643
176 180 3644
68 67 3645
124 188 3646
195 152 3647
163 192 3648
189 73 3649
46 57 3650
58 37 3651
91 127 3652
164 72 3653
186 165 3654
129 7 3655
56 12 3656
10 184 3657
57 12 3658
175 197 3659
5 171 3660
117 111 3661
68 78 3662
17 67 3663
131 40 3664
34 152 3665
62 91 3666
79 129 3667
128 8 3668
181 79 3669
156 194 3670
58 116 3671
125 12 3672
75 193 3673
66 60 3674
184 144 3675
181 129 3676
11 141 3677
18 122 3678
147 91 3679
36 194 3680
104 145 3681
28 124 3682
36 19 3683
187 20 3684
141 1 3685
195 155 3686
99 117 3687
91 168 3688
106 134 3689
3 71 3690
95 131 3691
38 72 3692
180 199 3693
12 159 3694
15 114 3695
72 189 3696
193 116 3697
100 112 3698
125 143 3699
114 146 3700
111 197 3701
69 78 3702
37 61 3703
11 95 3704
64 140 3705
158 88 3706
155 134 3707
200 106 3708
75 152 3709
92 48 3710
59 125 3711
182 178 3712
24 137 3713
6 20 3714
120 27 3715
114 133 3716
113 194 3717
44 91 3718
52 76 3719
156 163 3720
41 163 3721
168 157 3722
193 19 3723
40 191 3724
98 33 3725
141 27 3726
52 150 3727
34 148 3728
115 46 3729
105 199 3730
68 177 3731
81 41 3732
3 9 3733
9 63 3734
147 191 3735
91 161 3736
118 54 3737
177 178 3738
155 70 3739
24 138 3740
50 52 3741
37 161 3742
22 31 3743
167 98 3744
166 36 3745
191 152 3746
197 83 3747
77 179 3748
69 4 3749
192 169 3750
29 150 3751
28 71 3752
163 129 3753
187 28 3754
24 20 3755
102 175 3756
68 149 3757
67 13 3758
109 53 3759
186 193 3760
171 110 3761
80 129 3762
46 105 3763
41 52 3764
197 77 3765
44 10 3766
124 186 3767
130 78 3768
138 189 3769
181 140 3770
76 165 3771
16 69 3772
155 111 3773
50 29 3774
166 17 3775
182 127 3776
9 171 3777
197 16 3778
116 69 3779
176 59 3780
89 32 3781
62 95 3782
93 173 3783
76 135 3784
75 188 3785
195 46 3786
119 12 3787
180 151 3788
138 30 3789
4 52 3790
113 160 3791
136 44 3792
83 79 3793
122 23 3794
127 101 3795
131 186 3796
144 75 3797
52 8 3798
164 69 3799
93 99 3800
181 162 3801
192 195 3802
103 158 3803
91 17 3804
43 198 3805
44 146 3806
134 19 3807
120 116 3808
152 113 3809
94 162 3810
160 148 3811
116 14 3812
30 57 3813
96 56 3814
130 175 3815
54 31 3816
124 4 3817
188 105 3818
70 141 3819
169 99 3820
88 144 3821
195 18 3822
19 26 3823
33 132 3824
102 34 3825
185 86 3826
141 168 3827
166 151 3828
151 37 3829
42 189 3830
68 24 3831
195 150 3832
9 125 3833
150 74 3834
105 15 3835
62 197 3836
79 92 3837
38 54 3838
26 141 3839
164 101 3840
162 72 3841
54 8 3842
199 18 3843
124 126 3844
95 121 3845
9 110 3846
198 121 3847
170 178 3848
97 74 3849
200 71 3850
63 62 3851
12 143 3852
29 91 3853
199 61 3854
171 91 3855
159 76 3856
176 81 3857
81 2 3858
94 150 3859
25 14 3860
78 89 3861
34 64 3862
35 140 3863
148 23 3864
43 159 3865
65 56 3866
28 169 3867
113 166 3868
152 127 3869
183 46 3870
121 67 3871
94 32 3872
188 183 3873
153 133 3874
13 10 3875
172 162 3876
165 124 3877
164 41 3878
97 41 3879
150 161 3880
199 150 3881
164 176 3882
48 110 3883
119 10 3884
11 109 3885
154 100 3886
182 58 3887
194 101 3888
121 98 3889
199 31 3890
33 178 3891
112 93 3892
8 19 3893
40 175 3894
97 2 3895
60 171 3896
26 9 3897
85 12 3898
32 12 3899
161 81 3900
130 68 3901
7 47 3902
50 59 3903
39 45 3904
39 71 3905
70 67 3906
82 199 3907
91 115 3908
169 173 3909
32 167 3910
171 39 3911
12 105 3912
114 173 3913
82 23 3914
31 147 3915
86 168 3916
50 133 3917
12 46 3918
75 33 3919
164 75 3920
143 139 3921
31 52 3922
19 27 3923
119 192 3924
179 180 3925
79 128 3926
118 171 3927
95 150 3928
16 116 3929
18 115 3930
81 4 3931
146 16 3932
18 97 3933
189 198 3934
137 161 3935
87 171 3936
65 72 3937
59 111 3938
87 19 3939
4 21 3940
7 63 3941
184 40 3942
183 63 3943
175 2 3944
96 80 3945
54 135 3946
121 183 3947
32 145 3948
35 165 3949
199 2 3950
149 16 3951
80 24 3952
86 31 3953
81 87 3954
89 40 3955
73 109 3956
190 19 3957
41 168 3958
24 10 3959
109 200 3960
5 10 3961
189 197 3962
153 104 3963
76 124 3964
2 85 3965
179 187 3966
110 31 3967
138 66 3968
70 51 3969
57 124 3970
19 92 3971
15 179 3972
159 99 3973
40 90 3974
76 188 3975
195 98 3976
1 179 3977
114 36 3978
135 37 3979
28 166 3980
97 10 3981
73 102 3982
129 63 3983
91 119 3984
161 29 3985
45 31 3986
72 67 3987
58 136 3988
186 31 3989
140 152 3990
97 21 3991
29 32 3992
129 28 3993
89 120 3994
155 178 3995
63 69 3996
150 125 3997
157 64 3998
129 140 3999
118 179 4000
117 21 4001
186 68 4002
89 115 4003
9 188 4004
41 115 4005
187 31 4006
129 161 4007
64 185 4008
21 135 4009
72 112 4010
63 168 4011
62 79 4012
178 176 4013
176 4 4014
181 148 4015
104 110 4016
14 139 4017
187 102 4018
12 130 4019
170 124 4020
80 164 4021
14 74 4022
134 27 4023
11 170 4024
200 35 4025
109 32 4026
180 190 4027
195 101 4028
189 131 4029
71 50 4030
153 113 4031
124 163 4032
170 33 4033
58 174 4034
52 33 4035
180 33 4036
27 158 4037
96 147 4038
167 87 4039
142 121 4040
124 118 4041
79 177 4042
178 100 4043
14 157 4044
87 80 4045
165 44 4046
59 131 4047
154 164 4048
2 28 4049
134 175 4050
30 98 4051
140 130 4052
152 193 4053
1 177 4054
66 112 4055
161 176 4056
84 104 4057
141 105 4058
62 123 4059
87 42 4060
183 154 4061
89 42 4062
36 8 4063
164 37 4064
24 143 4065
42 200 4066
58 39 4067
140 21 4068
51 93 4069
185 70 4070
114 32 4071
144 38 4072
138 12 4073
148 50 4074
182 88 4075
86 7 4076
17 155 4077
75 119 4078
98 187 4079
134 39 4080
34 68 4081
183 67 4082
186 174 4083
23 179 4084
136 138 4085
23 72 4086
171 158 4087
91 198 4088
86 186 4089
111 120 4090
53 35 4091
172 139 4092
148 165 4093
189 64 4094
171 71 4095
143 65 4096
168 124 4097
30 13 4098
65 14 4099
163 88 4100
80 32 4101
82 64 4102
184 117 4103
136 109 4104
19 91 4105
54 195 4106
198 186 4107
166 169 4108
80 21 4109
135 110 4110
80 68 4111
148 46 4112
113 77 4113
9 143 4114
88 128 4115
125 105 4116
73 173 4117
193 163 4118
79 163 4119
135 160 4120
123 185 4121
84 51 4122
140 163 4123
19 11 4124
189 173 4125
163 173 4126
188 182 4127
62 107 4128
124 141 4129
133 89 4130
144 117 4131
59 121 4132
109 187 4133
37 6 4134
75 12 4135
85 70 4136
58 24 4137
158 36 4138
150 121 4139
84 173 4140
101 183 4141
104 88 4142
74 102 4143
54 137 4144
151 109 4145
105 80 4146
175 118 4147
103 44 4148
146 126 4149
164 98 4150
95 23 4151
168 111 4152
107 16 4153
25 155 4154
145 55 4155
183 182 4156
87 29 4157
126 86 4158
11 1 4159
7 102 4160
89 162 4161
90 11 4162
94 129 4163
33 22 4164
100 105 4165
198 3 4166
75 151 4167
14 69 4168
13 166 4169
47 31 4170
36 43 4171
4 107 4172
154 47 4173
19 29 4174
142 168 4175
126 92 4176
183 52 4177
134 75 4178
159 39 4179
150 37 4180
92 17 4181
35 92 4182
85 109 4183
192 56 4184
46 171 4185
93 17 4186
144 127 4187
81 186 4188
164 11 4189
101 121 4190
139 152 4191
83 36 4192
20 77 4193
93 75 4194
162 115 4195
13 123 4196
41 158 4197
30 191 4198
155 174 4199
113 91 4200
76 38 4201
6 139 4202
140 109 4203
130 151 4204
137 131 4205
167 177 4206
114 168 4207
93 114 4208
22 101 4209
82 31 4210
90 187 4211
112 36 4212
194 35 4213
159 127 4214
19 106 4215
98 117 4216
181 72 4217
22 104 4218
71 133 4219
6 29 4220
94 175 4221
69 160 4222
46 5 4223
163 25 4224
72 130 4225
136 100 4226
122 108 4227
76 142 4228
61 90 4229
119 166 4230
125 96 4231
111 21 4232
186 23 4233
167 109 4234
103 123 4235
194 6 4236
120 97 4237
159 54 4238
166 32 4239
59 100 4240
2 8 4241
127 67 4242
137 158 4243
4 13 4244
114 117 4245
7 41 4246
4 131 4247
67 195 4248
13 1 4249
32 22 4250
20 181 4251
157 1 4252
151 120 4253
148 58 4254
39 68 4255
150 109 4256
61 121 4257
91 174 4258
60 134 4259
22 160 4260
58 70 4261
98 76 4262
112 95 4263
61 164 4264
30 89 4265
123 142 4266
106 7 4267
154 49 4268
6 104 4269
196 34 4270
193 131 4271
93 10 4272
17 144 4273
146 35 4274
82 159 4275
88 6 4276
133 182 4277
131 154 4278
182 150 4279
61 143 4280
18 14 4281
10 25 4282
60 123 4283
79 38 4284
164 173 4285
185 26 4286
155 182 4287
169 96 4288
137 30 4289
112 169 4290
117 96 4291
95 88 4292
116 37 4293
59 31 4294
109 116 4295
173 177 4296
168 189 4297
115 70 4298
40 30 4299
120 99 4300
99 38 4301
79 7 4302
79 109 4303
181 25 4304
198 4 4305
171 73 4306
126 182 4307
168 147 4308
190 38 4309
36 59 4310
196 142 4311
149 106 4312
165 24 4313
158 194 4314
175 120 4315
176 31 4316
126 31 4317
193 46 4318
185 21 4319
168 34 4320
121 65 4321
9 123 4322
183 131 4323
29 127 4324
81 167 4325
6 59 4326
72 167 4327
173 61 4328
92 55 4329
166 105 4330
16 101 4331
57 18 4332
124 185 4333
102 33 4334
85 128 4335
67 172 4336
58 63 4337
82 54 4338
198 114 4339
166 114 4340
48 44 4341
53 14 4342
200 185 4343
1 56 4344
101 72 4345
193 181 4346
28 47 4347
168 173 4348
88 117 4349
4 159 4350
142 79 4351
64 30 4352
137 105 4353
28 12 4354
79 152 4355
39 69 4356
168 50 4357
43 35 4358
187 110 4359
175 19 4360
58 103 4361
47 102 4362
53 100 4363
6 51 4364
18 163 4365
21 9 4366
159 183 4367
139 98 4368
12 33 4369
165 166 4370
150 98 4371
194 29 4372
55 39 4373
24 160 4374
184 24 4375
178 156 4376
129 130 4377
83 71 4378
166 193 4379
73 150 4380
19 129 4381
121 164 4382
59 147 4383
69 67 4384
200 182 4385
145 22 4386
143 21 4387
124 180 4388
86 188 4389
4 132 4390
136 177 4391
79 56 4392
16 6 4393
106 8 4394
19 43 4395
20 121 4396
89 26 4397
12 101 4398
196 23 4399
144 79 4400
45 142 4401
19 194 4402
70 90 4403
120 21 4404
106 29 4405
22 86 4406
39 105 4407
62 42 4408
103 131 4409
61 41 4410
165 108 4411
133 16 4412
51 143 4413
7 163 4414
61 145 4415
169 194 4416
80 17 4417
139 167 4418
190 33 4419
154 172 4420
118 87 4421
70 118 4422
158 108 4423
86 25 4424
15 156 4425
1 10 4426
69 82 4427
136 132 4428
44 180 4429
33 41 4430
148 73 4431
101 126 4432
167 68 4433
33 155 4434
59 15 4435
58 97 4436
125 110 4437
132 161 4438
124 169 4439
191 200 4440
76 151 4441
88 54 4442
190 186 4443
172 16 4444
48 125 4445
170 118 4446
199 125 4447
132 107 4448
8 155 4449
60 64 4450
52 19 4451
3 47 4452
55 68 4453
139 32 4454
175 192 4455
180 84 4456
127 181 4457
90 105 4458
78 162 4459
27 94 4460
113 92 4461
105 183 4462
99 6 4463
16 103 4464
46 157 4465
65 198 4466
81 158 4467
180 77 4468
187 199 4469
164 168 4470
173 1 4471
141 150 4472
109 129 4473
20 139 4474
74 115 4475
33 187 4476
35 196 4477
126 3 4478
29 58 4479
135 29 4480
54 39 4481
172 100 4482
66 29 4483
32 118 4484
77 11 4485
91 170 4486
114 1 4487
42 24 4488
103 8 4489
17 154 4490
83 191 4491
3 188 4492
169 6 4493
54 120 4494
123 99 4495
28 159 4496
65 113 4497
24 99 4498
34 91 4499
196 91 4500
95 146 4501
117 138 4502
17 9 4503
12 97 4504
29 18 4505
189 121 4506
17 50 4507
197 53 4508
102 81 4509
73 131 4510
32 86 4511
119 107 4512
197 152 4513
4 19 4514
181 42 4515
118 75 4516
88 103 4517
26 93 4518
83 112 4519
56 86 4520
185 137 4521
167 26 4522
71 185 4523
103 26 4524
162 55 4525
134 146 4526
25 108 4527
200 130 4528
42 173 4529
4 189 4530
113 1 4531
195 25 4532
45 107 4533
82 114 4534
71 180 4535
70 38 4536
190 55 4537
23 35 4538
107 2 4539
93 149 4540
9 92 4541
127 66 4542
106 105 4543
160 34 4544
28 127 4545
116 52 4546
103 66 4547
86 196 4548
117 3 4549
39 7 4550
30 101 4551
176 70 4552
171 45 4553
194 137 4554
148 194 4555
169 177 4556
107 69 4557
196 76 4558
27 35 4559
181 105 4560
158 5 4561
6 159 4562
70 59 4563
172 85 4564
49 173 4565
88 9 4566
17 49 4567
31 158 4568
133 120 4569
97 93 4570
189 194 4571
194 98 4572
50 75 4573
46 189 4574
85 90 4575
191 24 4576
88 32 4577
186 119 4578
99 114 4579
28 149 4580
46 182 4581
121 126 4582
48 49 4583
46 124 4584
26 142 4585
136 37 4586
138 131 4587
125 87 4588
58 130 4589
106 190 4590
45 20 4591
196 37 4592
78 114 4593
60 105 4594
95 162 4595
58 107 4596
196 171 4597
138 38 4598
181 98 4599
5 123 4600
106 5 4601
53 21 4602
169 89 4603
98 11 4604
18 56 4605
70 82 4606
80 66 4607
193 190 4608
9 198 4609
51 149 4610
122 79 4611
81 123 4612
161 89 4613
129 40 4614
109 75 4615
165 14 4616
129 192 4617
90 131 4618
34 69 4619
89 116 4620
136 131 4621
92 137 4622
171 119 4623
10 89 4624
171 28 4625
183 60 4626
154 135 4627
60 10 4628
90 39 4629
135 99 4630
21 1 4631
109 112 4632
19 84 4633
33 108 4634
52 173 4635
119 96 4636
39 21 4637
8 11 4638
163 70 4639
98 103 4640
162 170 4641
29 2 4642
174 157 4643
57 9 4644
172 80 4645
133 183 4646
14 199 4647
58 137 4648
150 13 4649
127 190 4650
184 151 4651
84 134 4652
152 181 4653
198 76 4654
84 188 4655
50 66 4656
173 67 4657
182 54 4658
2 116 4659
77 31 4660
176 26 4661
180 10 4662
155 44 4663
191 36 4664
26 187 4665
2 68 4666
177 4 4667
7 61 4668
130 104 4669
82 86 4670
117 133 4671
32 127 4672
3 112 4673
144 136 4674
191 184 4675
133 39 4676
108 119 4677
178 73 4678
19 23 4679
152 142 4680
127 60 4681
27 156 4682
20 165 4683
105 157 4684
96 58 4685
158 82 4686
146 197 4687
89 81 4688
59 68 4689
1 73 4690
79 97 4691
24 13 4692
117 77 4693
116 121 4694
46 112 4695
78 101 4696
181 109 4697
95 140 4698
21 76 4699
66 161 4700
97 31 4701
167 150 4702
108 148 4703
75 122 4704
6 89 4705
98 114 4706
157 103 4707
133 41 4708
10 166 4709
186 158 4710
37 156 4711
127 4 4712
176 144 4713
154 198 4714
140 187 4715
130 170 4716
103 167 4717
12 35 4718
148 8 4719
41 4 4720
13 51 4721
34 185 4722
189 33 4723
30 20 4724
87 144 4725
192 74 4726
80 143 4727
1 126 4728
21 78 4729
116 126 4730
115 172 4731
127 87 4732
150 191 4733
85 94 4734
181 138 4735
125 140 4736
41 170 4737
7 72 4738
119 149 4739
191 133 4740
127 187 4741
134 95 4742
99 146 4743
183 59 4744
185 59 4745
119 44 4746
29 113 4747
44 37 4748
191 88 4749
103 127 4750
141 169 4751
168 27 4752
84 73 4753
169 17 4754
95 174 4755
72 31 4756
108 159 4757
54 3 4758
19 167 4759
40 7 4760
98 172 4761
167 175 4762
96 146 4763
12 135 4764
170 116 4765
23 7 4766
31 178 4767
92 7 4768
142 47 4769
86 190 4770
42 122 4771
44 92 4772
85 140 4773
62 72 4774
45 159 4775
75 179 4776
100 19 4777
146 1 4778
109 30 4779
187 173 4780
119 197 4781
60 128 4782
147 51 4783
188 62 4784
105 30 4785
178 101 4786
71 98 4787
107 200 4788
14 152 4789
131 89 4790
3 113 4791
117 155 4792
4 166 4793
12 66 4794
24 159 4795
134 49 4796
162 93 4797
192 111 4798
194 40 4799
71 89 4800
40 33 4801
166 159 4802
126 64 4803
170 18 4804
197 56 4805
16 24 4806
9 150 4807
190 68 4808
120 180 4809
89 11 4810
168 78 4811
135 35 4812
199 103 4813
21 66 4814
117 194 4815
86 163 4816
98 68 4817
83 12 4818
120 161 4819
22 180 4820
7 130 4821
174 115 4822
179 130 4823
6 39 4824
194 154 4825
58 33 4826
195 78 4827
30 38 4828
173 129 4829
98 83 4830
137 73 4831
2 180 4832
72 168 4833
136 99 4834
22 173 4835
51 58 4836
132 54 4837
126 143 4838
124 9 4839
65 24 4840
131 27 4841
133 187 4842
93 20 4843
90 37 4844
31 33 4845
101 46 4846
92 60 4847
122 170 4848
147 140 4849
139 96 4850
41 100 4851
94 103 4852
41 127 4853
104 134 4854
136 199 4855
21 10 4856
91 59 4857
34 173 4858
168 45 4859
41 77 4860
35 47 4861
71 25 4862
37 188 4863
160 37 4864
140 77 4865
87 177 4866
197 45 4867
161 134 4868
187 73 4869
29 74 4870
63 187 4871
184 92 4872
124 48 4873
192 28 4874
1 102 4875
17 170 4876
10 144 4877
192 75 4878
98 51 4879
115 122 4880
48 175 4881
182 76 4882
12 70 4883
128 75 4884
94 154 4885
148 186 4886
100 76 4887
23 5 4888
83 51 4889
163 116 4890
168 57 4891
186 82 4892
62 175 4893
101 123 4894
35 30 4895
178 27 4896
142 149 4897
10 140 4898
88 185 4899
77 169 4900
