200 7400 7400
3 4 1
123 109 2
149 177 3
116 7 4
106 53 5
45 112 6
166 34 7
44 90 8
19 154 9
51 149 10
70 172 11
130 118 12
174 97 13
61 74 14
122 199 15
36 8 16
185 138 17
85 33 18
121 91 19
180 178 20
181 30 21
137 61 22
162 170 23
130 78 24
172 185 25
75 73 26
155 192 27
142 20 28
97 103 29
83 17 30
73 192 31
143 129 32
37 194 33
41 10 34
69 48 35
192 2 36
75 20 37
32 51 38
42 1 39
181 37 40
193 27 41
101 120 42
4 13 43
112 147 44
6 22 45
25 132 46
21 78 47
28 181 48
192 7 49
39 2 50
162 177 51
123 30 52
166 41 53
9 150 54
28 159 55
162 10 56
50 119 57
165 14 58
14 22 59
39 174 60
106 108 61
167 129 62
102 9 63
6 159 64
80 153 65
93 100 66
53 130 67
134 198 68
88 152 69
84 45 70
140 57 71
166 125 72
44 130 73
12 97 74
186 94 75
191 86 76
143 39 77
37 54 78
76 14 79
24 95 80
58 60 81
110 22 82
91 165 83
150 156 84
14 187 85
190 187 86
118 155 87
48 17 88
185 87 89
24 87 90
100 81 91
168 173 92
1 46 93
125 16 94
116 101 95
95 152 96
29 142 97
11 43 98
174 31 99
152 38 100
119 14 101
90 119 102
27 187 103
25 103 104
162 140 105
108 130 106
3 57 107
58 99 108
74 133 109
14 43 110
66 102 111
21 175 112
27 98 113
130 52 114
137 149 115
127 9 116
29 101 117
176 11 118
31 178 119
78 77 120
79 194 121
12 176 122
12 51 123
26 16 124
77 179 125
184 107 126
86 97 127
27 142 128
64 97 129
112 110 130
134 81 131
86 196 132
67 181 133
165 128 134
74 62 135
21 148 136
38 185 137
89 82 138
184 84 139
146 111 140
79 1 141
140 3 142
73 131 143
105 29 144
57 29 145
8 22 146
93 33 147
38 134 148
186 146 149
98 134 150
137 168 151
31 92 152
45 81 153
133 10 154
113 74 155
50 108 156
79 143 157
99 152 158
191 13 159
37 42 160
113 158 161
33 23 162
187 191 163
195 155 164
105 14 165
88 46 166
148 153 167
197 124 168
107 130 169
60 134 170
34 69 171
184 194 172
120 62 173
81 167 174
84 140 175
96 114 176
158 22 177
26 189 178
90 43 179
78 42 180
172 16 181
83 132 182
54 134 183
125 7 184
5 108 185
140 13 186
90 125 187
102 33 188
39 24 189
192 74 190
56 190 191
70 150 192
6 158 193
72 93 194
12 20 195
10 149 196
87 59 197
11 113 198
80 190 199
41 147 200
48 102 201
135 20 202
63 153 203
1 158 204
53 96 205
113 157 206
191 26 207
40 76 208
90 170 209
43 80 210
34 55 211
11 109 212
121 126 213
39 18 214
117 86 215
152 49 216
185 67 217
92 185 218
87 126 219
65 44 220
58 35 221
102 112 222
159 26 223
185 26 224
22 122 225
118 159 226
116 15 227
143 197 228
89 177 229
24 146 230
90 39 231
17 135 232
26 160 233
127 100 234
148 137 235
100 76 236
71 167 237
39 177 238
149 83 239
171 28 240
187 159 241
22 173 242
182 54 243
5 179 244
10 184 245
172 85 246
2 130 247
26 192 248
158 154 249
73 107 250
186 68 251
18 117 252
11 40 253
90 140 254
154 172 255
69 72 256
58 79 257
162 160 258
162 149 259
18 112 260
140 167 261
186 171 262
145 57 263
22 67 264
3 71 265
192 111 266
141 95 267
187 29 268
56 28 269
100 28 270
147 191 271
186 46 272
99 173 273
34 141 274
76 135 275
90 108 276
180 170 277
184 109 278
24 69 279
199 174 280
25 46 281
167 34 282
108 183 283
190 96 284
177 180 285
33 91 286
190 25 287
43 197 288
5 11 289
165 44 290
118 142 291
28 81 292
48 125 293
166 159 294
185 8 295
137 125 296
11 168 297
163 157 298
1 143 299
191 189 300
167 67 301
156 93 302
42 18 303
130 11 304
51 86 305
81 57 306
16 72 307
154 162 308
145 107 309
148 23 310
118 97 311
156 155 312
52 90 313
82 108 314
158 30 315
85 43 316
178 61 317
143 20 318
20 23 319
46 26 320
55 106 321
101 82 322
73 50 323
51 150 324
82 194 325
22 64 326
3 142 327
46 31 328
6 59 329
45 5 330
194 123 331
38 181 332
140 200 333
149 106 334
173 61 335
117 50 336
168 187 337
62 26 338
36 77 339
45 143 340
128 106 341
125 170 342
68 146 343
153 183 344
58 130 345
158 26 346
119 104 347
28 166 348
176 96 349
130 30 350
135 156 351
73 166 352
113 177 353
82 131 354
190 101 355
97 187 356
175 165 357
171 78 358
96 65 359
180 195 360
95 143 361
59 196 362
143 90 363
181 72 364
79 66 365
137 107 366
165 124 367
10 51 368
88 22 369
79 15 370
175 117 371
3 179 372
169 130 373
33 128 374
165 145 375
148 197 376
48 8 377
48 176 378
3 193 379
101 44 380
19 29 381
70 140 382
21 106 383
105 6 384
159 141 385
13 77 386
109 57 387
192 190 388
156 66 389
137 97 390
111 38 391
50 154 392
150 113 393
41 28 394
27 182 395
46 105 396
39 164 397
10 45 398
5 68 399
19 48 400
74 102 401
85 56 402
190 160 403
148 154 404
174 102 405
146 121 406
69 8 407
162 129 408
42 11 409
107 105 410
189 159 411
102 165 412
140 21 413
4 26 414
71 2 415
112 34 416
135 141 417
8 11 418
66 28 419
177 32 420
38 176 421
63 154 422
162 120 423
167 59 424
99 56 425
133 64 426
150 138 427
124 49 428
176 81 429
50 6 430
199 126 431
1 107 432
161 151 433
58 33 434
76 151 435
187 111 436
96 22 437
47 140 438
41 45 439
65 113 440
13 151 441
37 5 442
43 101 443
40 74 444
181 35 445
124 104 446
24 119 447
114 76 448
103 101 449
53 118 450
83 59 451
140 77 452
110 17 453
10 179 454
125 133 455
59 129 456
68 94 457
105 195 458
106 197 459
181 129 460
142 149 461
84 35 462
165 60 463
23 68 464
101 177 465
32 167 466
28 25 467
51 56 468
162 113 469
167 159 470
18 145 471
80 97 472
127 195 473
117 115 474
70 107 475
89 116 476
83 156 477
101 162 478
121 158 479
44 23 480
2 180 481
179 6 482
160 37 483
48 21 484
48 55 485
40 175 486
116 190 487
22 81 488
6 124 489
63 171 490
193 103 491
7 52 492
85 191 493
184 75 494
92 62 495
76 9 496
121 112 497
185 35 498
194 3 499
155 46 500
23 144 501
135 147 502
9 23 503
166 181 504
182 141 505
116 121 506
77 89 507
2 181 508
10 116 509
119 83 510
138 83 511
17 80 512
183 173 513
192 77 514
56 148 515
141 146 516
24 160 517
92 176 518
105 127 519
12 43 520
96 158 521
113 121 522
16 113 523
89 120 524
24 132 525
15 94 526
26 107 527
196 143 528
53 35 529
46 157 530
30 103 531
186 61 532
54 72 533
95 149 534
155 76 535
147 169 536
199 53 537
189 33 538
75 178 539
39 71 540
146 152 541
80 151 542
156 128 543
61 147 544
197 168 545
24 121 546
60 145 547
76 179 548
70 83 549
128 107 550
197 151 551
91 155 552
148 86 553
87 195 554
142 114 555
150 111 556
26 149 557
13 149 558
196 125 559
39 188 560
164 69 561
134 127 562
18 141 563
115 128 564
71 42 565
125 178 566
192 107 567
109 53 568
62 20 569
12 33 570
3 110 571
54 75 572
184 77 573
21 177 574
185 70 575
34 148 576
163 21 577
135 108 578
71 163 579
121 123 580
33 17 581
133 182 582
10 85 583
190 185 584
82 4 585
12 169 586
119 16 587
2 89 588
17 67 589
155 200 590
104 110 591
173 177 592
62 21 593
102 104 594
75 179 595
122 167 596
13 31 597
113 6 598
94 89 599
56 92 600
135 160 601
51 163 602
55 167 603
177 143 604
19 27 605
194 185 606
31 56 607
76 110 608
116 135 609
75 10 610
173 137 611
176 62 612
72 191 613
61 121 614
12 49 615
29 175 616
194 103 617
130 50 618
129 130 619
117 53 620
108 19 621
194 1 622
58 86 623
131 19 624
184 24 625
192 140 626
59 157 627
80 35 628
99 87 629
183 59 630
148 63 631
26 114 632
56 177 633
105 114 634
20 76 635
15 143 636
72 169 637
157 12 638
199 33 639
109 116 640
169 122 641
149 62 642
180 61 643
177 85 644
141 127 645
177 4 646
62 91 647
196 88 648
122 100 649
19 110 650
45 161 651
178 191 652
147 91 653
33 155 654
124 38 655
9 143 656
94 38 657
143 23 658
155 124 659
154 136 660
159 39 661
52 185 662
171 168 663
151 140 664
186 140 665
78 157 666
15 192 667
26 142 668
25 8 669
17 95 670
183 47 671
51 172 672
10 186 673
129 123 674
35 4 675
46 57 676
59 75 677
111 140 678
140 177 679
190 33 680
50 104 681
191 106 682
33 11 683
150 130 684
128 75 685
140 163 686
39 74 687
128 31 688
73 164 689
17 170 690
82 141 691
20 77 692
53 9 693
42 67 694
195 98 695
188 142 696
147 52 697
132 68 698
45 4 699
26 5 700
48 146 701
21 124 702
18 106 703
139 104 704
19 101 705
131 11 706
87 164 707
133 67 708
110 128 709
7 89 710
45 113 711
68 95 712
86 134 713
169 106 714
93 196 715
36 173 716
140 101 717
33 108 718
117 57 719
49 188 720
29 198 721
18 163 722
96 100 723
35 47 724
157 80 725
70 81 726
116 161 727
49 153 728
196 111 729
95 140 730
194 40 731
123 185 732
88 101 733
130 73 734
189 8 735
124 118 736
167 197 737
17 102 738
180 52 739
187 138 740
16 85 741
185 162 742
77 142 743
4 142 744
134 50 745
163 145 746
96 115 747
184 51 748
190 55 749
173 28 750
117 127 751
139 29 752
185 121 753
54 95 754
163 70 755
97 119 756
166 120 757
148 73 758
4 71 759
68 183 760
25 104 761
138 171 762
34 181 763
15 100 764
140 12 765
24 188 766
12 60 767
58 70 768
167 116 769
161 29 770
111 143 771
31 57 772
184 90 773
34 154 774
132 3 775
149 151 776
102 167 777
28 199 778
19 32 779
58 28 780
176 37 781
130 151 782
139 158 783
115 2 784
3 113 785
144 173 786
97 135 787
97 10 788
162 175 789
41 82 790
200 171 791
195 169 792
80 191 793
40 135 794
166 74 795
89 200 796
93 154 797
20 103 798
106 131 799
170 46 800
39 154 801
184 55 802
146 21 803
11 175 804
61 166 805
134 23 806
24 128 807
11 48 808
196 134 809
32 157 810
9 168 811
74 75 812
198 128 813
153 155 814
166 169 815
127 79 816
142 47 817
13 10 818
163 120 819
143 141 820
23 73 821
188 62 822
88 12 823
190 74 824
42 4 825
171 152 826
67 12 827
106 140 828
111 62 829
35 176 830
124 102 831
35 127 832
154 198 833
195 9 834
107 113 835
95 66 836
197 45 837
124 4 838
166 66 839
124 109 840
179 82 841
152 142 842
35 124 843
52 76 844
196 41 845
139 66 846
169 191 847
162 52 848
28 188 849
176 24 850
9 197 851
175 2 852
33 153 853
155 28 854
93 80 855
9 70 856
65 87 857
19 22 858
198 68 859
142 124 860
124 117 861
35 140 862
63 47 863
95 129 864
86 7 865
112 15 866
162 133 867
174 157 868
116 18 869
174 132 870
49 98 871
45 185 872
30 101 873
137 131 874
172 116 875
124 190 876
126 95 877
151 45 878
132 107 879
30 8 880
4 132 881
139 190 882
164 174 883
61 84 884
145 43 885
161 147 886
6 63 887
39 68 888
139 167 889
91 152 890
144 79 891
149 2 892
140 134 893
68 107 894
10 126 895
119 79 896
136 39 897
174 185 898
22 170 899
116 143 900
95 28 901
121 85 902
20 139 903
46 124 904
26 55 905
132 150 906
12 101 907
151 94 908
40 90 909
35 39 910
172 164 911
2 178 912
73 129 913
9 92 914
14 27 915
176 129 916
85 101 917
186 82 918
11 141 919
178 73 920
74 44 921
161 67 922
198 118 923
61 112 924
49 25 925
164 62 926
196 30 927
1 94 928
74 17 929
188 153 930
49 31 931
91 115 932
102 198 933
194 136 934
58 116 935
158 93 936
181 132 937
57 16 938
53 68 939
141 125 940
156 5 941
126 31 942
15 117 943
7 104 944
102 143 945
30 164 946
64 169 947
77 11 948
85 57 949
79 154 950
171 26 951
64 181 952
86 37 953
106 162 954
37 156 955
73 150 956
118 116 957
115 122 958
46 73 959
7 63 960
114 158 961
136 138 962
70 78 963
83 34 964
175 50 965
10 64 966
159 196 967
150 19 968
50 42 969
22 10 970
168 30 971
152 157 972
52 23 973
187 169 974
42 136 975
144 135 976
53 19 977
18 86 978
178 18 979
42 72 980
134 144 981
20 163 982
199 6 983
158 130 984
45 159 985
95 20 986
176 26 987
180 188 988
153 132 989
27 155 990
95 198 991
177 84 992
87 102 993
70 194 994
51 198 995
140 100 996
128 23 997
169 18 998
12 24 999
190 186 1000
187 106 1001
12 105 1002
74 115 1003
61 28 1004
79 130 1005
66 22 1006
107 69 1007
194 198 1008
76 8 1009
129 182 1010
54 167 1011
136 168 1012
60 62 1013
117 90 1014
55 170 1015
35 149 1016
188 182 1017
89 135 1018
135 110 1019
133 155 1020
179 113 1021
48 6 1022
147 92 1023
120 185 1024
181 68 1025
38 132 1026
33 5 1027
91 177 1028
59 89 1029
76 181 1030
156 195 1031
70 191 1032
200 149 1033
91 100 1034
34 92 1035
134 122 1036
137 133 1037
8 58 1038
4 167 1039
169 194 1040
139 130 1041
51 11 1042
81 170 1043
139 150 1044
170 33 1045
16 80 1046
116 126 1047
79 106 1048
74 172 1049
91 63 1050
23 34 1051
184 187 1052
124 107 1053
62 125 1054
139 126 1055
29 137 1056
114 155 1057
194 35 1058
103 81 1059
101 76 1060
7 154 1061
21 1 1062
29 192 1063
63 70 1064
54 8 1065
96 199 1066
58 103 1067
70 72 1068
143 81 1069
66 5 1070
5 186 1071
196 183 1072
63 69 1073
147 58 1074
126 47 1075
186 73 1076
93 75 1077
129 24 1078
71 169 1079
197 95 1080
99 62 1081
136 37 1082
133 181 1083
184 149 1084
100 126 1085
152 19 1086
197 58 1087
164 50 1088
69 199 1089
40 34 1090
50 10 1091
116 28 1092
58 174 1093
52 11 1094
73 139 1095
167 165 1096
142 170 1097
31 4 1098
188 57 1099
117 155 1100
159 150 1101
140 199 1102
91 160 1103
80 102 1104
184 92 1105
63 13 1106
190 37 1107
169 140 1108
68 29 1109
121 50 1110
53 179 1111
126 142 1112
173 129 1113
175 8 1114
77 124 1115
137 179 1116
200 45 1117
4 62 1118
5 64 1119
102 54 1120
154 124 1121
13 80 1122
195 46 1123
21 102 1124
163 54 1125
152 64 1126
80 3 1127
138 123 1128
196 175 1129
26 187 1130
179 88 1131
31 137 1132
125 26 1133
191 4 1134
141 199 1135
182 8 1136
101 181 1137
62 197 1138
72 171 1139
148 29 1140
172 197 1141
51 49 1142
170 128 1143
51 165 1144
45 58 1145
68 35 1146
32 118 1147
155 100 1148
65 147 1149
197 117 1150
81 51 1151
30 200 1152
91 161 1153
152 71 1154
145 55 1155
176 65 1156
35 165 1157
128 108 1158
77 40 1159
97 41 1160
26 66 1161
196 55 1162
165 80 1163
28 149 1164
106 194 1165
53 10 1166
49 26 1167
71 184 1168
53 45 1169
106 147 1170
2 171 1171
86 5 1172
114 149 1173
98 76 1174
187 154 1175
114 33 1176
166 36 1177
68 13 1178
53 119 1179
117 70 1180
155 129 1181
99 50 1182
79 165 1183
118 93 1184
155 107 1185
65 88 1186
190 184 1187
91 43 1188
28 133 1189
65 181 1190
93 101 1191
9 188 1192
14 74 1193
114 200 1194
73 16 1195
50 7 1196
49 35 1197
100 89 1198
87 114 1199
5 24 1200
68 135 1201
72 81 1202
27 65 1203
118 39 1204
197 79 1205
133 168 1206
125 61 1207
141 137 1208
5 132 1209
10 148 1210
91 169 1211
99 5 1212
114 133 1213
59 163 1214
116 63 1215
18 85 1216
11 161 1217
155 182 1218
47 52 1219
46 5 1220
120 52 1221
149 61 1222
173 132 1223
152 112 1224
67 137 1225
125 142 1226
22 163 1227
164 157 1228
154 144 1229
171 51 1230
193 58 1231
104 149 1232
88 9 1233
156 194 1234
25 155 1235
86 151 1236
186 200 1237
150 47 1238
104 129 1239
158 99 1240
141 140 1241
8 170 1242
51 160 1243
151 145 1244
22 31 1245
153 64 1246
64 15 1247
36 33 1248
58 161 1249
81 146 1250
91 180 1251
161 162 1252
72 67 1253
93 152 1254
45 63 1255
13 180 1256
155 6 1257
198 61 1258
117 58 1259
2 188 1260
108 97 1261
24 162 1262
32 197 1263
170 171 1264
96 58 1265
104 178 1266
76 41 1267
86 130 1268
117 12 1269
172 57 1270
164 142 1271
27 54 1272
177 116 1273
126 132 1274
142 52 1275
34 107 1276
190 141 1277
62 95 1278
71 5 1279
40 64 1280
4 166 1281
113 8 1282
103 44 1283
21 181 1284
10 158 1285
48 110 1286
31 124 1287
158 60 1288
39 49 1289
3 112 1290
175 93 1291
77 80 1292
155 45 1293
171 153 1294
191 143 1295
18 109 1296
177 136 1297
188 150 1298
187 50 1299
1 138 1300
98 187 1301
50 30 1302
92 21 1303
190 61 1304
58 98 1305
186 23 1306
158 5 1307
84 168 1308
180 158 1309
190 79 1310
160 67 1311
105 80 1312
66 13 1313
55 144 1314
48 130 1315
85 22 1316
82 118 1317
126 161 1318
39 51 1319
30 32 1320
100 50 1321
67 142 1322
104 23 1323
17 160 1324
186 147 1325
197 60 1326
134 19 1327
129 14 1328
52 150 1329
72 180 1330
30 6 1331
55 68 1332
129 89 1333
39 21 1334
114 173 1335
75 97 1336
160 156 1337
100 95 1338
28 22 1339
66 112 1340
24 113 1341
116 94 1342
75 6 1343
175 96 1344
161 148 1345
44 181 1346
107 88 1347
24 20 1348
150 50 1349
61 41 1350
50 191 1351
186 93 1352
14 36 1353
142 154 1354
78 177 1355
34 2 1356
31 150 1357
31 175 1358
166 200 1359
112 84 1360
115 196 1361
20 121 1362
103 177 1363
159 40 1364
88 189 1365
108 184 1366
74 104 1367
127 66 1368
196 27 1369
172 8 1370
49 164 1371
105 92 1372
147 2 1373
135 2 1374
178 150 1375
98 190 1376
116 185 1377
89 26 1378
36 179 1379
7 163 1380
81 23 1381
6 39 1382
105 4 1383
61 24 1384
188 81 1385
86 1 1386
14 173 1387
54 86 1388
44 39 1389
13 147 1390
93 94 1391
67 59 1392
28 52 1393
151 51 1394
191 197 1395
93 122 1396
142 186 1397
159 76 1398
39 132 1399
78 163 1400
199 41 1401
85 130 1402
52 177 1403
104 97 1404
100 115 1405
3 35 1406
136 66 1407
133 115 1408
125 191 1409
67 6 1410
14 189 1411
181 103 1412
99 162 1413
170 18 1414
141 67 1415
27 62 1416
183 132 1417
41 158 1418
196 34 1419
95 23 1420
119 139 1421
170 89 1422
166 6 1423
67 172 1424
183 52 1425
144 28 1426
155 136 1427
66 51 1428
108 155 1429
40 111 1430
34 132 1431
65 118 1432
143 71 1433
10 123 1434
128 167 1435
195 63 1436
81 115 1437
37 9 1438
65 174 1439
41 100 1440
88 6 1441
82 117 1442
13 74 1443
125 29 1444
75 23 1445
89 62 1446
74 168 1447
100 17 1448
160 142 1449
189 36 1450
25 7 1451
41 146 1452
92 134 1453
92 173 1454
151 37 1455
37 108 1456
68 33 1457
31 168 1458
127 67 1459
91 128 1460
84 158 1461
122 101 1462
68 57 1463
48 75 1464
114 145 1465
173 181 1466
115 62 1467
181 18 1468
187 92 1469
171 160 1470
47 31 1471
120 129 1472
161 84 1473
13 70 1474
39 76 1475
98 33 1476
34 173 1477
123 126 1478
167 157 1479
16 50 1480
191 118 1481
11 165 1482
110 116 1483
89 105 1484
174 173 1485
33 97 1486
139 21 1487
25 114 1488
52 56 1489
19 39 1490
23 56 1491
35 100 1492
183 14 1493
103 66 1494
163 162 1495
79 86 1496
140 33 1497
51 155 1498
122 37 1499
78 57 1500
181 194 1501
24 167 1502
161 156 1503
160 147 1504
152 181 1505
7 21 1506
52 65 1507
94 26 1508
58 63 1509
150 22 1510
47 113 1511
8 165 1512
131 41 1513
144 9 1514
149 173 1515
71 168 1516
187 82 1517
40 148 1518
3 182 1519
140 81 1520
158 4 1521
113 144 1522
18 56 1523
183 149 1524
26 141 1525
63 65 1526
30 129 1527
3 105 1528
147 68 1529
14 84 1530
153 198 1531
46 81 1532
40 7 1533
129 63 1534
126 177 1535
183 188 1536
185 95 1537
53 181 1538
89 84 1539
57 111 1540
92 161 1541
55 157 1542
37 6 1543
147 120 1544
151 120 1545
70 53 1546
54 35 1547
55 21 1548
103 158 1549
56 131 1550
194 59 1551
24 186 1552
53 169 1553
126 66 1554
65 97 1555
190 20 1556
50 165 1557
68 164 1558
62 123 1559
104 33 1560
155 159 1561
107 72 1562
54 24 1563
163 125 1564
71 29 1565
44 190 1566
172 138 1567
183 46 1568
109 37 1569
191 36 1570
35 142 1571
99 146 1572
134 141 1573
91 27 1574
74 117 1575
11 16 1576
120 65 1577
94 129 1578
157 25 1579
195 19 1580
84 117 1581
23 17 1582
136 160 1583
159 135 1584
129 99 1585
7 190 1586
88 52 1587
192 106 1588
162 33 1589
174 19 1590
125 58 1591
48 67 1592
161 175 1593
125 47 1594
74 80 1595
166 17 1596
104 138 1597
95 138 1598
120 34 1599
26 34 1600
86 163 1601
140 34 1602
100 7 1603
99 69 1604
200 93 1605
128 8 1606
38 121 1607
37 53 1608
83 28 1609
41 130 1610
82 47 1611
157 130 1612
197 82 1613
87 116 1614
103 32 1615
110 85 1616
195 68 1617
191 71 1618
64 96 1619
153 151 1620
132 161 1621
147 83 1622
114 36 1623
64 1 1624
32 31 1625
119 109 1626
99 105 1627
2 57 1628
63 62 1629
110 52 1630
51 159 1631
87 41 1632
180 162 1633
66 192 1634
127 121 1635
118 171 1636
60 64 1637
89 102 1638
124 101 1639
53 162 1640
199 151 1641
51 58 1642
68 8 1643
10 107 1644
185 195 1645
81 147 1646
40 130 1647
75 122 1648
126 3 1649
22 130 1650
102 157 1651
143 35 1652
151 150 1653
1 177 1654
53 129 1655
73 77 1656
158 89 1657
2 28 1658
2 152 1659
129 50 1660
71 84 1661
99 174 1662
72 112 1663
13 41 1664
2 76 1665
6 128 1666
6 5 1667
186 128 1668
173 180 1669
98 175 1670
91 170 1671
83 169 1672
128 51 1673
21 138 1674
158 82 1675
102 135 1676
44 144 1677
146 52 1678
2 132 1679
180 164 1680
91 148 1681
24 142 1682
38 28 1683
124 61 1684
95 159 1685
18 113 1686
172 151 1687
18 156 1688
196 33 1689
6 190 1690
165 58 1691
53 135 1692
10 183 1693
24 99 1694
88 66 1695
172 91 1696
199 5 1697
106 185 1698
133 23 1699
135 166 1700
48 144 1701
41 181 1702
55 140 1703
111 190 1704
26 174 1705
123 6 1706
174 36 1707
62 129 1708
191 103 1709
61 51 1710
11 95 1711
180 49 1712
85 107 1713
198 12 1714
149 131 1715
174 158 1716
88 29 1717
15 146 1718
63 84 1719
157 159 1720
115 164 1721
81 123 1722
1 163 1723
47 165 1724
58 107 1725
123 15 1726
51 45 1727
104 100 1728
185 166 1729
80 32 1730
188 125 1731
30 57 1732
52 159 1733
97 129 1734
131 151 1735
55 77 1736
104 20 1737
129 108 1738
190 191 1739
25 147 1740
163 192 1741
114 117 1742
180 93 1743
87 54 1744
193 46 1745
1 37 1746
36 28 1747
181 86 1748
5 188 1749
167 69 1750
70 148 1751
33 120 1752
1 170 1753
28 141 1754
78 17 1755
99 20 1756
65 48 1757
157 107 1758
90 127 1759
103 161 1760
179 21 1761
58 6 1762
155 69 1763
71 81 1764
134 95 1765
116 128 1766
76 153 1767
85 23 1768
132 129 1769
139 12 1770
52 8 1771
1 58 1772
16 42 1773
21 47 1774
54 120 1775
118 31 1776
178 112 1777
193 183 1778
59 172 1779
25 72 1780
88 1 1781
165 93 1782
147 171 1783
54 3 1784
53 57 1785
157 40 1786
64 105 1787
103 127 1788
143 184 1789
111 95 1790
187 132 1791
196 81 1792
84 142 1793
104 47 1794
197 196 1795
153 173 1796
18 115 1797
98 124 1798
71 90 1799
186 165 1800
163 94 1801
43 138 1802
35 76 1803
84 146 1804
32 37 1805
156 124 1806
132 93 1807
54 177 1808
92 168 1809
196 9 1810
143 123 1811
178 106 1812
80 21 1813
141 16 1814
169 57 1815
120 44 1816
52 152 1817
37 51 1818
144 106 1819
66 194 1820
92 48 1821
43 25 1822
1 186 1823
76 45 1824
155 120 1825
62 110 1826
36 198 1827
147 144 1828
29 46 1829
76 124 1830
72 77 1831
11 37 1832
171 150 1833
27 129 1834
27 2 1835
58 137 1836
56 8 1837
79 60 1838
50 22 1839
32 7 1840
2 128 1841
115 167 1842
144 111 1843
198 17 1844
11 81 1845
119 12 1846
175 75 1847
154 135 1848
59 184 1849
105 30 1850
170 139 1851
27 190 1852
126 67 1853
90 135 1854
117 30 1855
96 197 1856
185 4 1857
108 142 1858
78 172 1859
187 199 1860
153 158 1861
86 36 1862
98 79 1863
4 96 1864
158 108 1865
22 86 1866
53 14 1867
109 193 1868
95 71 1869
117 138 1870
144 119 1871
140 164 1872
85 71 1873
136 105 1874
36 56 1875
107 11 1876
61 143 1877
104 155 1878
156 141 1879
50 59 1880
103 139 1881
103 175 1882
100 182 1883
91 130 1884
120 143 1885
99 34 1886
191 88 1887
7 102 1888
131 177 1889
159 183 1890
157 18 1891
90 110 1892
53 154 1893
113 156 1894
1 34 1895
101 138 1896
125 164 1897
122 156 1898
124 130 1899
155 92 1900
31 27 1901
37 123 1902
15 113 1903
14 152 1904
191 198 1905
9 142 1906
185 2 1907
32 83 1908
182 125 1909
36 84 1910
99 7 1911
68 151 1912
166 97 1913
166 89 1914
132 92 1915
58 136 1916
15 159 1917
159 127 1918
61 132 1919
125 143 1920
8 79 1921
147 158 1922
200 71 1923
187 139 1924
42 151 1925
91 85 1926
60 103 1927
187 108 1928
123 84 1929
23 100 1930
12 171 1931
67 155 1932
150 143 1933
119 48 1934
102 141 1935
92 47 1936
123 80 1937
58 132 1938
162 4 1939
192 189 1940
19 153 1941
110 38 1942
91 73 1943
102 12 1944
71 46 1945
61 100 1946
149 158 1947
78 82 1948
180 193 1949
95 35 1950
57 9 1951
39 45 1952
92 24 1953
175 145 1954
196 43 1955
5 97 1956
92 192 1957
193 5 1958
17 111 1959
137 161 1960
177 62 1961
40 199 1962
77 107 1963
60 115 1964
79 128 1965
55 129 1966
81 65 1967
198 44 1968
156 102 1969
71 25 1970
198 121 1971
45 3 1972
100 161 1973
128 43 1974
106 134 1975
35 128 1976
49 72 1977
140 39 1978
171 45 1979
40 20 1980
7 155 1981
5 98 1982
24 13 1983
84 11 1984
159 126 1985
121 67 1986
197 83 1987
5 162 1988
165 139 1989
116 22 1990
3 90 1991
167 85 1992
73 134 1993
66 142 1994
114 1 1995
128 70 1996
118 81 1997
86 128 1998
50 158 1999
193 163 2000
169 145 2001
132 103 2002
39 117 2003
63 90 2004
54 100 2005
22 107 2006
147 44 2007
91 117 2008
175 85 2009
73 66 2010
138 35 2011
54 14 2012
95 146 2013
188 102 2014
33 176 2015
177 200 2016
14 23 2017
30 51 2018
5 34 2019
160 118 2020
126 111 2021
189 169 2022
10 92 2023
83 188 2024
60 90 2025
14 127 2026
164 56 2027
144 182 2028
196 187 2029
126 115 2030
141 55 2031
105 157 2032
83 36 2033
63 167 2034
33 145 2035
49 78 2036
76 167 2037
175 78 2038
198 135 2039
8 33 2040
103 57 2041
133 16 2042
135 37 2043
86 143 2044
48 68 2045
171 97 2046
182 15 2047
31 85 2048
104 95 2049
111 120 2050
128 9 2051
181 109 2052
187 166 2053
133 156 2054
200 128 2055
108 72 2056
195 136 2057
117 145 2058
69 143 2059
29 79 2060
114 69 2061
55 173 2062
17 47 2063
82 34 2064
99 73 2065
95 128 2066
69 11 2067
42 164 2068
77 6 2069
173 60 2070
22 17 2071
59 99 2072
165 62 2073
116 137 2074
12 70 2075
92 57 2076
128 52 2077
22 15 2078
73 98 2079
168 45 2080
177 6 2081
183 93 2082
143 38 2083
98 91 2084
100 101 2085
125 44 2086
70 76 2087
94 50 2088
122 23 2089
26 33 2090
53 52 2091
136 100 2092
9 159 2093
42 183 2094
100 52 2095
199 30 2096
81 119 2097
132 156 2098
70 11 2099
72 189 2100
148 194 2101
140 124 2102
153 197 2103
7 191 2104
107 179 2105
191 10 2106
170 118 2107
88 80 2108
1 154 2109
138 30 2110
34 142 2111
31 132 2112
87 42 2113
58 32 2114
127 108 2115
10 144 2116
103 169 2117
117 132 2118
184 161 2119
88 128 2120
13 170 2121
28 153 2122
169 154 2123
157 81 2124
110 196 2125
19 106 2126
107 55 2127
84 106 2128
159 151 2129
38 72 2130
32 12 2131
58 42 2132
94 154 2133
20 71 2134
117 150 2135
83 112 2136
128 197 2137
128 174 2138
196 67 2139
154 36 2140
6 89 2141
121 56 2142
169 99 2143
190 67 2144
104 175 2145
158 25 2146
100 144 2147
152 66 2148
74 123 2149
82 88 2150
8 64 2151
167 170 2152
16 115 2153
119 143 2154
15 168 2155
109 14 2156
195 167 2157
115 46 2158
95 84 2159
29 47 2160
129 151 2161
111 16 2162
90 187 2163
136 47 2164
63 11 2165
113 139 2166
182 40 2167
144 197 2168
125 183 2169
15 153 2170
176 117 2171
18 190 2172
144 39 2173
179 48 2174
172 126 2175
21 66 2176
15 115 2177
57 7 2178
43 77 2179
119 192 2180
2 93 2181
48 14 2182
114 119 2183
81 168 2184
85 164 2185
130 112 2186
143 179 2187
50 26 2188
32 198 2189
154 27 2190
103 84 2191
52 163 2192
200 124 2193
192 28 2194
12 46 2195
153 182 2196
15 174 2197
195 37 2198
1 183 2199
123 139 2200
62 142 2201
104 92 2202
39 139 2203
92 68 2204
175 122 2205
189 69 2206
188 55 2207
181 79 2208
141 171 2209
134 62 2210
169 17 2211
28 136 2212
167 18 2213
6 161 2214
120 158 2215
169 142 2216
24 172 2217
121 143 2218
49 53 2219
138 28 2220
101 32 2221
57 191 2222
124 125 2223
167 98 2224
170 129 2225
132 45 2226
66 161 2227
184 40 2228
6 20 2229
102 26 2230
182 24 2231
29 4 2232
172 79 2233
29 17 2234
155 174 2235
84 3 2236
85 73 2237
168 151 2238
98 83 2239
133 14 2240
58 176 2241
53 183 2242
25 38 2243
17 9 2244
107 96 2245
7 130 2246
152 113 2247
133 61 2248
91 107 2249
182 30 2250
193 142 2251
45 78 2252
6 11 2253
29 73 2254
99 82 2255
89 176 2256
99 49 2257
163 91 2258
85 185 2259
81 99 2260
144 38 2261
95 38 2262
100 44 2263
181 157 2264
25 89 2265
138 180 2266
66 30 2267
97 99 2268
29 199 2269
89 193 2270
34 176 2271
180 190 2272
28 104 2273
126 164 2274
168 27 2275
85 5 2276
35 46 2277
141 198 2278
39 85 2279
180 80 2280
102 175 2281
79 111 2282
185 97 2283
17 43 2284
161 88 2285
77 92 2286
47 179 2287
41 1 2288
119 11 2289
85 135 2290
78 9 2291
145 11 2292
131 154 2293
46 128 2294
179 103 2295
36 85 2296
22 68 2297
185 21 2298
53 115 2299
80 68 2300
164 67 2301
110 109 2302
68 24 2303
152 177 2304
16 120 2305
105 20 2306
133 145 2307
107 117 2308
147 177 2309
4 60 2310
124 51 2311
115 180 2312
184 138 2313
18 102 2314
145 148 2315
125 83 2316
184 151 2317
190 46 2318
32 81 2319
77 174 2320
48 183 2321
75 152 2322
106 117 2323
153 7 2324
11 50 2325
140 109 2326
49 24 2327
184 117 2328
123 179 2329
86 40 2330
135 4 2331
143 57 2332
82 181 2333
153 103 2334
95 174 2335
14 192 2336
128 96 2337
184 153 2338
157 140 2339
129 28 2340
6 135 2341
13 84 2342
161 72 2343
82 148 2344
2 77 2345
39 50 2346
180 62 2347
86 161 2348
53 172 2349
112 93 2350
190 12 2351
100 70 2352
78 162 2353
35 13 2354
182 178 2355
145 140 2356
189 104 2357
70 60 2358
63 43 2359
36 123 2360
85 67 2361
160 46 2362
62 19 2363
78 190 2364
30 28 2365
30 72 2366
54 200 2367
88 198 2368
84 188 2369
178 48 2370
99 156 2371
109 111 2372
24 173 2373
62 117 2374
161 107 2375
112 96 2376
45 182 2377
161 176 2378
23 40 2379
81 166 2380
2 3 2381
86 174 2382
51 156 2383
48 118 2384
149 126 2385
13 52 2386
52 92 2387
157 65 2388
136 185 2389
174 196 2390
183 118 2391
89 115 2392
4 190 2393
51 154 2394
20 181 2395
158 63 2396
172 1 2397
5 50 2398
106 180 2399
76 38 2400
72 130 2401
93 137 2402
48 109 2403
97 153 2404
165 108 2405
115 183 2406
120 41 2407
197 182 2408
177 26 2409
139 60 2410
130 46 2411
193 119 2412
56 24 2413
125 93 2414
43 5 2415
99 84 2416
40 29 2417
84 120 2418
97 74 2419
61 33 2420
105 35 2421
124 136 2422
81 192 2423
133 41 2424
127 183 2425
88 181 2426
142 53 2427
35 10 2428
139 42 2429
139 35 2430
55 158 2431
7 112 2432
119 162 2433
18 123 2434
194 137 2435
158 88 2436
18 55 2437
85 70 2438
176 168 2439
168 182 2440
77 176 2441
16 35 2442
43 147 2443
115 70 2444
28 121 2445
17 192 2446
34 194 2447
46 27 2448
88 97 2449
2 15 2450
113 27 2451
163 143 2452
137 165 2453
192 145 2454
58 109 2455
134 118 2456
147 192 2457
70 164 2458
27 64 2459
193 19 2460
99 181 2461
2 72 2462
98 68 2463
82 86 2464
6 111 2465
90 185 2466
80 199 2467
44 151 2468
40 171 2469
39 186 2470
82 120 2471
63 68 2472
162 179 2473
56 47 2474
144 6 2475
125 197 2476
64 113 2477
101 80 2478
188 173 2479
54 83 2480
172 129 2481
44 7 2482
184 68 2483
190 126 2484
178 101 2485
160 66 2486
15 74 2487
168 50 2488
56 61 2489
171 139 2490
167 191 2491
47 184 2492
187 186 2493
157 3 2494
53 104 2495
7 67 2496
182 76 2497
52 102 2498
131 71 2499
105 183 2500
117 54 2501
127 181 2502
52 78 2503
23 183 2504
60 132 2505
179 186 2506
52 58 2507
9 198 2508
81 43 2509
103 105 2510
186 176 2511
79 125 2512
119 163 2513
80 142 2514
157 100 2515
142 36 2516
176 49 2517
1 165 2518
176 70 2519
23 86 2520
133 39 2521
23 195 2522
178 196 2523
108 166 2524
191 181 2525
189 185 2526
54 26 2527
74 8 2528
77 119 2529
189 87 2530
73 33 2531
159 143 2532
131 138 2533
75 116 2534
92 97 2535
36 169 2536
108 144 2537
198 101 2538
50 79 2539
192 25 2540
99 23 2541
142 70 2542
117 141 2543
70 39 2544
170 99 2545
115 172 2546
198 84 2547
12 17 2548
46 36 2549
121 34 2550
88 187 2551
183 182 2552
95 3 2553
159 1 2554
168 13 2555
105 16 2556
28 44 2557
102 199 2558
159 129 2559
8 66 2560
175 10 2561
182 2 2562
189 79 2563
136 15 2564
72 47 2565
57 114 2566
158 115 2567
193 159 2568
10 25 2569
169 24 2570
114 54 2571
56 123 2572
170 154 2573
106 111 2574
41 161 2575
141 105 2576
157 195 2577
22 179 2578
30 144 2579
137 10 2580
61 157 2581
73 173 2582
141 188 2583
69 171 2584
189 39 2585
133 4 2586
150 38 2587
126 22 2588
33 41 2589
197 74 2590
49 170 2591
192 180 2592
50 115 2593
191 96 2594
129 25 2595
92 172 2596
177 161 2597
116 14 2598
60 29 2599
130 62 2600
124 163 2601
195 125 2602
43 35 2603
35 30 2604
11 64 2605
184 144 2606
121 57 2607
43 31 2608
29 154 2609
163 104 2610
24 130 2611
72 71 2612
163 14 2613
150 163 2614
104 156 2615
98 154 2616
38 86 2617
159 154 2618
60 151 2619
187 71 2620
72 115 2621
37 95 2622
116 57 2623
84 16 2624
4 189 2625
101 87 2626
147 36 2627
84 148 2628
156 74 2629
121 122 2630
114 29 2631
47 99 2632
18 16 2633
110 31 2634
106 174 2635
66 120 2636
61 164 2637
58 183 2638
117 153 2639
16 92 2640
181 168 2641
93 114 2642
176 31 2643
124 138 2644
126 43 2645
183 45 2646
90 32 2647
186 119 2648
105 83 2649
13 194 2650
188 197 2651
78 123 2652
83 191 2653
94 180 2654
104 68 2655
46 17 2656
114 71 2657
70 162 2658
13 91 2659
88 116 2660
156 147 2661
181 116 2662
54 31 2663
5 127 2664
29 74 2665
7 66 2666
59 18 2667
165 149 2668
65 198 2669
145 110 2670
113 192 2671
189 92 2672
155 187 2673
103 1 2674
26 143 2675
90 45 2676
61 195 2677
7 193 2678
8 47 2679
162 115 2680
60 110 2681
47 14 2682
172 133 2683
39 112 2684
190 152 2685
95 94 2686
95 5 2687
85 55 2688
116 146 2689
93 20 2690
20 107 2691
36 44 2692
47 105 2693
138 66 2694
192 64 2695
90 55 2696
40 193 2697
186 79 2698
48 132 2699
125 130 2700
16 54 2701
2 67 2702
128 11 2703
193 181 2704
121 104 2705
37 61 2706
55 2 2707
155 139 2708
118 9 2709
105 197 2710
164 160 2711
29 36 2712
200 123 2713
78 131 2714
77 46 2715
116 122 2716
5 15 2717
65 98 2718
101 60 2719
12 166 2720
120 61 2721
92 60 2722
24 34 2723
63 83 2724
127 46 2725
163 174 2726
157 96 2727
44 31 2728
163 194 2729
154 151 2730
165 6 2731
145 3 2732
21 16 2733
173 108 2734
122 128 2735
69 13 2736
65 19 2737
47 78 2738
170 37 2739
160 107 2740
65 190 2741
181 98 2742
101 183 2743
62 131 2744
139 23 2745
71 100 2746
63 188 2747
76 56 2748
134 85 2749
161 101 2750
123 141 2751
29 130 2752
176 180 2753
192 33 2754
152 76 2755
133 169 2756
63 104 2757
12 196 2758
11 99 2759
148 152 2760
21 114 2761
86 131 2762
139 72 2763
108 83 2764
175 181 2765
79 138 2766
120 107 2767
17 38 2768
172 77 2769
127 194 2770
7 176 2771
33 181 2772
45 138 2773
30 13 2774
150 114 2775
137 73 2776
79 193 2777
81 76 2778
89 160 2779
163 170 2780
60 55 2781
105 112 2782
115 104 2783
29 93 2784
147 166 2785
164 114 2786
61 97 2787
115 13 2788
8 19 2789
179 16 2790
66 68 2791
40 33 2792
105 153 2793
26 129 2794
161 140 2795
35 158 2796
99 114 2797
100 78 2798
131 63 2799
148 165 2800
91 127 2801
83 161 2802
95 50 2803
72 150 2804
197 78 2805
8 192 2806
121 58 2807
91 3 2808
76 29 2809
94 196 2810
1 16 2811
42 194 2812
4 153 2813
192 24 2814
21 159 2815
69 18 2816
87 135 2817
90 74 2818
164 72 2819
98 103 2820
124 92 2821
88 135 2822
195 106 2823
99 193 2824
40 4 2825
35 7 2826
165 16 2827
48 185 2828
119 56 2829
75 102 2830
37 80 2831
99 57 2832
109 200 2833
18 152 2834
82 121 2835
58 73 2836
48 101 2837
17 25 2838
99 6 2839
157 16 2840
171 149 2841
105 8 2842
140 65 2843
126 65 2844
169 177 2845
138 175 2846
154 66 2847
198 83 2848
163 142 2849
190 38 2850
124 24 2851
112 169 2852
161 82 2853
14 58 2854
166 68 2855
28 105 2856
121 51 2857
29 58 2858
155 111 2859
137 178 2860
18 20 2861
63 14 2862
192 88 2863
35 6 2864
166 114 2865
195 89 2866
113 26 2867
22 186 2868
179 174 2869
98 62 2870
90 37 2871
130 18 2872
53 64 2873
64 30 2874
103 100 2875
133 55 2876
195 22 2877
6 65 2878
150 98 2879
83 159 2880
148 46 2881
189 153 2882
128 172 2883
112 67 2884
194 178 2885
139 153 2886
142 165 2887
76 12 2888
65 131 2889
68 41 2890
27 24 2891
70 28 2892
198 74 2893
59 30 2894
113 86 2895
108 119 2896
176 14 2897
13 60 2898
30 81 2899
186 98 2900
74 38 2901
191 64 2902
70 159 2903
44 194 2904
64 171 2905
152 127 2906
20 25 2907
73 149 2908
133 107 2909
146 197 2910
107 183 2911
81 44 2912
93 32 2913
94 105 2914
57 163 2915
108 124 2916
133 95 2917
67 35 2918
1 96 2919
103 47 2920
20 34 2921
128 3 2922
68 149 2923
124 195 2924
168 98 2925
173 90 2926
185 69 2927
93 82 2928
17 173 2929
2 53 2930
177 185 2931
190 13 2932
134 77 2933
188 198 2934
142 133 2935
21 9 2936
9 110 2937
11 122 2938
48 196 2939
141 86 2940
184 175 2941
61 150 2942
27 8 2943
21 141 2944
189 179 2945
124 169 2946
87 3 2947
73 51 2948
58 15 2949
8 173 2950
97 11 2951
172 103 2952
112 157 2953
131 162 2954
154 100 2955
170 78 2956
78 43 2957
47 122 2958
85 154 2959
101 169 2960
69 84 2961
191 152 2962
70 38 2963
108 40 2964
93 10 2965
43 69 2966
36 12 2967
180 128 2968
58 55 2969
42 39 2970
94 162 2971
107 116 2972
4 104 2973
165 29 2974
36 53 2975
186 145 2976
30 115 2977
148 88 2978
128 68 2979
193 97 2980
187 194 2981
59 43 2982
127 168 2983
77 56 2984
124 129 2985
163 72 2986
133 45 2987
200 18 2988
131 186 2989
162 197 2990
148 8 2991
189 121 2992
162 93 2993
85 12 2994
134 167 2995
2 114 2996
22 77 2997
133 183 2998
75 12 2999
89 40 3000
199 52 3001
94 19 3002
153 43 3003
147 140 3004
161 105 3005
29 77 3006
13 58 3007
102 70 3008
139 26 3009
136 88 3010
174 2 3011
165 78 3012
99 48 3013
33 119 3014
8 38 3015
148 58 3016
166 29 3017
93 103 3018
175 197 3019
180 186 3020
192 9 3021
139 85 3022
16 159 3023
87 100 3024
42 197 3025
137 128 3026
65 169 3027
113 22 3028
144 75 3029
97 161 3030
5 166 3031
85 53 3032
73 54 3033
87 157 3034
147 128 3035
173 135 3036
1 129 3037
138 58 3038
16 128 3039
112 175 3040
67 90 3041
100 117 3042
129 72 3043
36 101 3044
145 188 3045
94 193 3046
33 22 3047
38 46 3048
30 89 3049
121 27 3050
121 137 3051
197 85 3052
178 92 3053
34 185 3054
189 195 3055
114 172 3056
172 46 3057
25 100 3058
110 78 3059
195 36 3060
58 37 3061
143 131 3062
156 189 3063
62 168 3064
119 59 3065
191 175 3066
81 158 3067
121 79 3068
104 161 3069
39 43 3070
185 196 3071
151 137 3072
101 6 3073
152 156 3074
150 45 3075
9 170 3076
5 73 3077
164 101 3078
79 163 3079
105 156 3080
86 190 3081
18 135 3082
200 129 3083
28 124 3084
182 127 3085
10 167 3086
92 152 3087
69 136 3088
134 49 3089
124 111 3090
23 67 3091
175 168 3092
32 71 3093
96 81 3094
76 170 3095
156 32 3096
15 156 3097
172 157 3098
32 154 3099
130 3 3100
148 32 3101
179 200 3102
188 38 3103
107 75 3104
64 117 3105
9 48 3106
106 125 3107
27 147 3108
9 95 3109
105 10 3110
2 8 3111
78 16 3112
73 48 3113
133 161 3114
191 184 3115
162 64 3116
72 63 3117
42 112 3118
148 24 3119
86 65 3120
132 54 3121
43 97 3122
51 27 3123
109 172 3124
196 28 3125
182 184 3126
74 56 3127
134 71 3128
183 87 3129
163 176 3130
75 90 3131
82 199 3132
99 110 3133
4 70 3134
60 137 3135
98 4 3136
53 171 3137
27 148 3138
138 13 3139
97 21 3140
155 9 3141
146 10 3142
149 141 3143
74 160 3144
8 92 3145
32 171 3146
110 54 3147
152 16 3148
162 49 3149
80 6 3150
81 173 3151
143 46 3152
110 147 3153
136 56 3154
17 155 3155
115 56 3156
56 144 3157
86 159 3158
181 182 3159
188 98 3160
48 139 3161
147 153 3162
68 2 3163
136 23 3164
3 27 3165
176 40 3166
171 19 3167
25 166 3168
101 199 3169
155 178 3170
111 115 3171
39 105 3172
88 194 3173
52 151 3174
94 83 3175
51 138 3176
195 95 3177
108 99 3178
94 200 3179
35 86 3180
105 34 3181
47 1 3182
30 150 3183
42 32 3184
151 5 3185
125 12 3186
118 75 3187
191 145 3188
81 174 3189
157 35 3190
95 121 3191
124 48 3192
39 145 3193
188 162 3194
153 48 3195
23 12 3196
68 194 3197
183 187 3198
50 47 3199
53 159 3200
114 89 3201
169 95 3202
96 141 3203
23 72 3204
21 110 3205
127 87 3206
60 128 3207
86 120 3208
158 3 3209
85 109 3210
38 151 3211
52 33 3212
7 195 3213
36 76 3214
196 76 3215
155 49 3216
144 21 3217
97 26 3218
36 69 3219
10 173 3220
170 84 3221
82 175 3222
124 1 3223
164 195 3224
17 50 3225
108 35 3226
5 10 3227
133 89 3228
113 93 3229
88 184 3230
199 98 3231
136 199 3232
146 5 3233
151 84 3234
117 194 3235
40 102 3236
160 63 3237
108 52 3238
79 7 3239
19 186 3240
176 118 3241
59 79 3242
102 176 3243
84 134 3244
8 155 3245
83 8 3246
133 123 3247
190 32 3248
194 31 3249
122 21 3250
190 154 3251
17 115 3252
117 87 3253
174 52 3254
82 110 3255
16 31 3256
92 36 3257
156 185 3258
84 51 3259
86 26 3260
38 90 3261
148 57 3262
14 60 3263
52 125 3264
5 9 3265
41 173 3266
198 4 3267
126 158 3268
178 8 3269
103 26 3270
33 187 3271
113 1 3272
174 12 3273
102 193 3274
163 88 3275
49 173 3276
168 124 3277
23 93 3278
177 70 3279
8 73 3280
142 178 3281
169 199 3282
68 64 3283
94 34 3284
75 63 3285
132 10 3286
186 36 3287
91 50 3288
134 27 3289
53 21 3290
70 118 3291
85 82 3292
48 108 3293
122 177 3294
62 53 3295
74 6 3296
66 19 3297
161 170 3298
187 51 3299
151 141 3300
46 64 3301
42 94 3302
24 137 3303
66 85 3304
62 127 3305
48 7 3306
31 163 3307
96 36 3308
181 140 3309
137 77 3310
139 4 3311
109 112 3312
117 67 3313
156 73 3314
177 141 3315
162 68 3316
59 152 3317
1 164 3318
24 19 3319
162 156 3320
74 165 3321
191 68 3322
194 17 3323
162 191 3324
173 1 3325
62 166 3326
149 27 3327
17 99 3328
14 92 3329
121 183 3330
79 109 3331
142 86 3332
85 90 3333
39 7 3334
137 183 3335
150 121 3336
117 3 3337
163 27 3338
73 104 3339
180 84 3340
84 73 3341
88 144 3342
109 32 3343
171 39 3344
177 189 3345
98 117 3346
76 194 3347
168 128 3348
135 153 3349
167 199 3350
91 80 3351
170 47 3352
124 137 3353
139 96 3354
11 34 3355
185 43 3356
55 123 3357
14 159 3358
42 122 3359
121 63 3360
27 101 3361
185 36 3362
10 89 3363
50 155 3364
40 198 3365
17 64 3366
101 28 3367
101 126 3368
83 14 3369
113 145 3370
3 65 3371
182 117 3372
98 122 3373
16 186 3374
120 76 3375
167 35 3376
121 41 3377
84 163 3378
123 149 3379
145 22 3380
36 130 3381
173 156 3382
80 134 3383
32 68 3384
200 183 3385
102 125 3386
142 176 3387
156 40 3388
82 155 3389
105 199 3390
80 164 3391
21 2 3392
105 15 3393
170 111 3394
145 190 3395
149 96 3396
88 32 3397
58 39 3398
180 33 3399
152 60 3400
131 9 3401
12 143 3402
66 143 3403
121 15 3404
89 81 3405
15 114 3406
78 196 3407
172 149 3408
158 128 3409
92 49 3410
172 80 3411
127 171 3412
161 193 3413
141 121 3414
185 173 3415
198 177 3416
12 14 3417
82 44 3418
186 48 3419
146 125 3420
29 170 3421
6 104 3422
67 145 3423
186 148 3424
67 82 3425
40 32 3426
166 95 3427
193 51 3428
35 92 3429
66 65 3430
25 93 3431
6 15 3432
166 148 3433
95 31 3434
117 146 3435
183 122 3436
200 153 3437
35 32 3438
180 135 3439
192 169 3440
63 18 3441
82 76 3442
162 142 3443
24 159 3444
97 95 3445
135 99 3446
193 30 3447
73 22 3448
147 131 3449
101 171 3450
2 14 3451
121 175 3452
20 113 3453
5 28 3454
150 170 3455
139 90 3456
81 4 3457
25 118 3458
42 167 3459
164 34 3460
46 112 3461
21 69 3462
87 165 3463
127 106 3464
28 127 3465
4 20 3466
173 67 3467
33 139 3468
26 117 3469
106 154 3470
57 15 3471
68 136 3472
76 188 3473
106 158 3474
24 138 3475
179 187 3476
29 177 3477
140 52 3478
82 31 3479
17 120 3480
60 123 3481
51 54 3482
115 131 3483
151 46 3484
191 148 3485
105 140 3486
90 121 3487
137 32 3488
65 170 3489
121 81 3490
56 29 3491
164 182 3492
104 38 3493
134 109 3494
157 111 3495
71 155 3496
63 80 3497
80 176 3498
80 24 3499
35 119 3500
4 107 3501
161 89 3502
57 80 3503
111 19 3504
123 148 3505
27 158 3506
53 22 3507
172 100 3508
187 28 3509
82 48 3510
97 189 3511
93 17 3512
195 3 3513
60 40 3514
196 44 3515
29 124 3516
126 92 3517
48 24 3518
143 85 3519
159 165 3520
152 182 3521
47 90 3522
35 133 3523
36 152 3524
48 190 3525
44 133 3526
183 131 3527
16 22 3528
171 142 3529
54 61 3530
30 136 3531
160 71 3532
118 186 3533
49 57 3534
96 147 3535
119 197 3536
160 152 3537
123 76 3538
189 162 3539
8 179 3540
132 51 3541
95 83 3542
24 135 3543
162 26 3544
23 124 3545
142 93 3546
82 143 3547
73 163 3548
56 162 3549
37 199 3550
68 168 3551
144 164 3552
25 64 3553
151 183 3554
45 25 3555
29 127 3556
141 194 3557
111 93 3558
164 89 3559
84 93 3560
7 110 3561
191 55 3562
86 109 3563
22 197 3564
142 54 3565
93 8 3566
88 103 3567
121 193 3568
198 131 3569
164 149 3570
101 130 3571
21 167 3572
28 114 3573
119 154 3574
42 173 3575
198 90 3576
155 60 3577
1 109 3578
104 179 3579
171 75 3580
58 64 3581
30 191 3582
44 118 3583
60 59 3584
199 85 3585
28 108 3586
116 27 3587
40 154 3588
23 49 3589
56 111 3590
163 28 3591
128 194 3592
96 56 3593
63 25 3594
5 142 3595
161 135 3596
105 118 3597
131 1 3598
179 122 3599
106 64 3600
120 131 3601
33 135 3602
2 198 3603
110 12 3604
9 14 3605
24 171 3606
145 174 3607
19 179 3608
166 105 3609
137 36 3610
89 162 3611
129 3 3612
194 110 3613
24 139 3614
30 68 3615
8 91 3616
9 146 3617
23 70 3618
99 187 3619
34 54 3620
4 86 3621
77 191 3622
177 158 3623
193 71 3624
116 191 3625
176 20 3626
161 77 3627
193 192 3628
5 161 3629
177 49 3630
194 33 3631
192 61 3632
23 156 3633
84 186 3634
175 46 3635
121 66 3636
120 81 3637
190 150 3638
176 78 3639
9 125 3640
13 123 3641
173 101 3642
119 17 3643
163 30 3644
192 87 3645
177 138 3646
11 134 3647
25 19 3648
164 78 3649
106 199 3650
61 72 3651
6 107 3652
93 22 3653
113 92 3654
39 173 3655
50 57 3656
177 37 3657
77 118 3658
88 54 3659
104 62 3660
167 130 3661
100 118 3662
189 194 3663
81 2 3664
134 69 3665
165 144 3666
157 64 3667
147 132 3668
102 34 3669
155 11 3670
37 16 3671
81 110 3672
64 99 3673
5 172 3674
26 43 3675
50 15 3676
50 38 3677
124 7 3678
165 90 3679
58 133 3680
64 189 3681
177 93 3682
98 11 3683
191 115 3684
174 40 3685
156 114 3686
58 191 3687
3 180 3688
168 113 3689
99 126 3690
195 97 3691
182 157 3692
43 198 3693
108 96 3694
186 60 3695
46 137 3696
150 25 3697
8 86 3698
5 175 3699
23 7 3700
177 5 3701
94 191 3702
70 139 3703
48 105 3704
178 171 3705
25 88 3706
135 91 3707
83 69 3708
143 93 3709
1 82 3710
98 178 3711
157 103 3712
37 131 3713
94 156 3714
126 16 3715
185 110 3716
105 87 3717
170 106 3718
158 165 3719
53 176 3720
46 189 3721
63 52 3722
112 26 3723
181 196 3724
120 193 3725
185 81 3726
147 149 3727
142 185 3728
185 104 3729
200 70 3730
56 7 3731
20 128 3732
41 40 3733
10 192 3734
106 6 3735
193 155 3736
188 80 3737
135 195 3738
178 26 3739
95 178 3740
19 46 3741
27 157 3742
143 40 3743
81 1 3744
34 51 3745
131 40 3746
80 111 3747
90 192 3748
120 177 3749
133 120 3750
159 60 3751
35 196 3752
183 40 3753
21 88 3754
55 100 3755
67 41 3756
21 85 3757
100 187 3758
26 137 3759
27 103 3760
64 127 3761
192 150 3762
73 82 3763
123 64 3764
72 118 3765
16 194 3766
155 44 3767
66 52 3768
134 188 3769
20 41 3770
28 27 3771
178 71 3772
60 121 3773
62 65 3774
79 177 3775
116 155 3776
48 172 3777
181 25 3778
200 106 3779
17 146 3780
128 5 3781
152 193 3782
178 56 3783
14 157 3784
5 123 3785
126 33 3786
167 84 3787
200 7 3788
153 22 3789
13 145 3790
169 153 3791
77 60 3792
36 110 3793
1 49 3794
109 171 3795
85 159 3796
73 24 3797
24 44 3798
167 181 3799
20 180 3800
54 93 3801
25 52 3802
57 18 3803
29 179 3804
31 51 3805
148 141 3806
94 132 3807
111 133 3808
143 17 3809
179 175 3810
146 12 3811
47 144 3812
178 27 3813
56 12 3814
114 85 3815
193 175 3816
133 30 3817
63 126 3818
49 149 3819
62 194 3820
45 61 3821
14 55 3822
25 108 3823
168 37 3824
62 161 3825
161 81 3826
107 190 3827
160 6 3828
11 10 3829
190 158 3830
4 112 3831
174 115 3832
45 142 3833
15 179 3834
58 167 3835
63 168 3836
140 83 3837
96 103 3838
48 113 3839
18 7 3840
3 151 3841
185 49 3842
33 14 3843
141 68 3844
83 92 3845
105 76 3846
17 37 3847
143 65 3848
46 111 3849
97 162 3850
79 97 3851
34 45 3852
128 191 3853
146 168 3854
137 30 3855
22 94 3856
75 125 3857
49 66 3858
55 66 3859
160 45 3860
170 127 3861
22 101 3862
183 191 3863
85 149 3864
34 43 3865
76 30 3866
150 74 3867
97 142 3868
80 108 3869
125 14 3870
96 111 3871
174 49 3872
33 129 3873
57 12 3874
127 102 3875
60 120 3876
184 21 3877
162 130 3878
175 199 3879
62 87 3880
161 130 3881
171 158 3882
83 109 3883
62 192 3884
94 60 3885
134 82 3886
27 95 3887
15 186 3888
180 122 3889
151 31 3890
149 176 3891
107 180 3892
5 49 3893
10 82 3894
124 36 3895
66 81 3896
106 91 3897
199 142 3898
37 7 3899
186 134 3900
73 55 3901
35 70 3902
105 158 3903
137 45 3904
73 115 3905
111 188 3906
1 54 3907
47 12 3908
130 147 3909
20 84 3910
82 109 3911
2 65 3912
137 108 3913
151 27 3914
123 152 3915
184 142 3916
175 67 3917
145 138 3918
127 120 3919
176 184 3920
14 21 3921
132 70 3922
160 179 3923
145 150 3924
155 63 3925
84 94 3926
12 66 3927
119 44 3928
34 103 3929
183 96 3930
147 162 3931
141 168 3932
52 55 3933
15 161 3934
140 28 3935
176 183 3936
65 119 3937
133 1 3938
72 64 3939
108 67 3940
45 116 3941
130 106 3942
37 85 3943
197 16 3944
160 115 3945
196 127 3946
114 58 3947
24 125 3948
4 11 3949
94 153 3950
135 121 3951
126 170 3952
185 63 3953
69 147 3954
136 82 3955
57 32 3956
58 145 3957
22 55 3958
49 44 3959
77 177 3960
103 69 3961
165 113 3962
28 17 3963
36 4 3964
129 58 3965
91 71 3966
122 99 3967
13 61 3968
169 176 3969
114 6 3970
92 116 3971
139 108 3972
15 169 3973
70 82 3974
113 146 3975
171 99 3976
77 83 3977
138 111 3978
63 124 3979
58 24 3980
67 29 3981
167 3 3982
76 50 3983
60 171 3984
179 89 3985
192 20 3986
151 198 3987
86 118 3988
141 23 3989
147 70 3990
77 38 3991
22 29 3992
39 13 3993
116 97 3994
19 58 3995
180 103 3996
198 108 3997
81 87 3998
138 141 3999
84 17 4000
88 117 4001
158 160 4002
182 58 4003
39 28 4004
45 31 4005
38 118 4006
132 137 4007
95 131 4008
27 61 4009
194 56 4010
109 173 4011
11 181 4012
161 51 4013
35 99 4014
116 142 4015
102 93 4016
163 139 4017
163 26 4018
73 7 4019
62 191 4020
40 169 4021
26 56 4022
185 18 4023
125 172 4024
44 142 4025
78 112 4026
76 147 4027
179 180 4028
10 115 4029
38 173 4030
30 9 4031
144 150 4032
74 106 4033
170 178 4034
138 192 4035
73 179 4036
185 103 4037
22 75 4038
124 9 4039
138 129 4040
168 57 4041
176 134 4042
83 117 4043
126 64 4044
194 26 4045
136 131 4046
178 135 4047
162 20 4048
59 1 4049
122 110 4050
94 143 4051
170 59 4052
152 117 4053
138 29 4054
80 30 4055
116 36 4056
197 31 4057
107 16 4058
6 197 4059
127 154 4060
148 36 4061
57 102 4062
35 179 4063
167 29 4064
44 174 4065
155 70 4066
68 67 4067
78 114 4068
6 7 4069
136 44 4070
174 6 4071
96 196 4072
200 35 4073
107 86 4074
200 182 4075
140 93 4076
186 58 4077
64 92 4078
195 79 4079
169 94 4080
137 106 4081
184 30 4082
38 161 4083
19 129 4084
54 137 4085
68 101 4086
70 168 4087
146 173 4088
2 36 4089
154 31 4090
157 92 4091
183 13 4092
46 147 4093
126 157 4094
150 109 4095
107 170 4096
21 190 4097
158 141 4098
60 191 4099
114 72 4100
17 121 4101
131 44 4102
174 48 4103
50 64 4104
70 190 4105
41 56 4106
16 48 4107
72 3 4108
20 43 4109
134 66 4110
166 32 4111
160 40 4112
37 43 4113
129 177 4114
92 75 4115
199 31 4116
184 20 4117
171 85 4118
82 178 4119
190 14 4120
67 98 4121
44 149 4122
104 83 4123
21 11 4124
15 65 4125
44 113 4126
113 75 4127
153 30 4128
168 160 4129
158 59 4130
126 86 4131
152 184 4132
47 13 4133
87 75 4134
64 148 4135
42 76 4136
7 170 4137
44 96 4138
76 139 4139
116 23 4140
47 2 4141
157 86 4142
109 129 4143
7 61 4144
119 61 4145
27 94 4146
126 189 4147
63 136 4148
80 130 4149
7 138 4150
13 181 4151
14 188 4152
163 36 4153
142 71 4154
71 197 4155
32 24 4156
157 56 4157
44 41 4158
106 126 4159
109 115 4160
94 70 4161
101 63 4162
113 194 4163
185 23 4164
49 93 4165
134 172 4166
120 97 4167
109 46 4168
133 185 4169
192 122 4170
65 155 4171
119 60 4172
62 144 4173
178 86 4174
180 10 4175
161 118 4176
139 181 4177
147 51 4178
24 181 4179
20 72 4180
163 173 4181
1 126 4182
61 122 4183
158 102 4184
190 175 4185
126 98 4186
91 198 4187
4 78 4188
50 172 4189
124 5 4190
49 167 4191
162 36 4192
108 53 4193
122 132 4194
150 37 4195
163 8 4196
200 130 4197
29 25 4198
74 175 4199
8 152 4200
174 181 4201
165 73 4202
88 15 4203
157 68 4204
38 119 4205
19 5 4206
97 66 4207
31 97 4208
6 71 4209
190 53 4210
127 197 4211
137 176 4212
190 138 4213
188 105 4214
11 170 4215
83 139 4216
19 167 4217
119 159 4218
140 136 4219
3 26 4220
19 38 4221
145 51 4222
83 79 4223
129 135 4224
44 195 4225
99 191 4226
117 21 4227
13 193 4228
175 172 4229
153 95 4230
88 160 4231
13 51 4232
196 18 4233
168 60 4234
26 90 4235
165 67 4236
122 94 4237
140 78 4238
106 33 4239
169 186 4240
86 68 4241
19 91 4242
114 32 4243
5 58 4244
51 123 4245
38 157 4246
151 182 4247
140 108 4248
16 93 4249
167 61 4250
66 135 4251
58 78 4252
42 106 4253
53 141 4254
26 186 4255
163 129 4256
16 97 4257
108 145 4258
143 149 4259
48 154 4260
194 191 4261
113 172 4262
24 112 4263
180 157 4264
47 39 4265
50 152 4266
162 165 4267
5 171 4268
67 123 4269
133 32 4270
161 134 4271
6 60 4272
50 75 4273
124 33 4274
59 61 4275
53 26 4276
148 185 4277
183 129 4278
99 106 4279
28 76 4280
185 188 4281
169 163 4282
199 95 4283
37 139 4284
112 50 4285
101 51 4286
78 148 4287
133 173 4288
68 115 4289
54 169 4290
54 7 4291
190 88 4292
55 172 4293
56 146 4294
9 149 4295
199 124 4296
142 39 4297
117 77 4298
187 31 4299
39 75 4300
173 126 4301
194 85 4302
106 105 4303
1 56 4304
66 90 4305
7 98 4306
138 144 4307
38 178 4308
134 36 4309
43 159 4310
109 30 4311
49 140 4312
122 17 4313
143 21 4314
117 119 4315
134 75 4316
105 146 4317
90 105 4318
109 3 4319
93 176 4320
165 166 4321
126 193 4322
52 173 4323
111 129 4324
125 176 4325
109 75 4326
195 72 4327
199 157 4328
172 146 4329
160 185 4330
165 114 4331
70 146 4332
50 161 4333
16 45 4334
77 169 4335
33 80 4336
15 196 4337
144 92 4338
113 91 4339
39 172 4340
189 125 4341
189 2 4342
81 156 4343
199 103 4344
1 161 4345
153 187 4346
96 91 4347
63 117 4348
170 105 4349
152 46 4350
133 197 4351
133 88 4352
86 149 4353
42 142 4354
131 23 4355
86 25 4356
10 94 4357
32 22 4358
141 122 4359
191 89 4360
77 74 4361
86 92 4362
74 193 4363
53 100 4364
48 192 4365
67 92 4366
64 84 4367
100 58 4368
42 24 4369
144 121 4370
172 93 4371
163 190 4372
165 183 4373
98 198 4374
150 79 4375
140 193 4376
167 196 4377
175 59 4378
187 75 4379
149 60 4380
145 54 4381
34 68 4382
142 189 4383
74 151 4384
86 168 4385
111 3 4386
57 138 4387
135 39 4388
171 157 4389
21 27 4390
90 131 4391
65 146 4392
136 38 4393
124 185 4394
195 53 4395
175 200 4396
185 199 4397
150 54 4398
30 84 4399
52 168 4400
125 155 4401
134 200 4402
82 57 4403
4 155 4404
72 22 4405
91 67 4406
190 77 4407
73 93 4408
16 116 4409
193 90 4410
195 15 4411
87 37 4412
180 83 4413
70 77 4414
17 24 4415
59 113 4416
44 56 4417
137 101 4418
143 91 4419
163 43 4420
56 93 4421
26 82 4422
7 165 4423
39 125 4424
1 102 4425
142 168 4426
62 171 4427
156 148 4428
116 65 4429
60 192 4430
74 50 4431
101 121 4432
124 70 4433
143 186 4434
141 166 4435
78 94 4436
81 48 4437
93 153 4438
113 128 4439
140 114 4440
69 104 4441
59 100 4442
189 73 4443
44 137 4444
180 114 4445
178 72 4446
96 95 4447
104 34 4448
69 112 4449
65 58 4450
178 176 4451
47 130 4452
103 131 4453
132 37 4454
15 141 4455
7 128 4456
47 181 4457
135 137 4458
95 103 4459
163 13 4460
144 187 4461
70 8 4462
82 114 4463
151 122 4464
120 1 4465
20 126 4466
54 135 4467
184 179 4468
85 176 4469
1 45 4470
66 115 4471
133 187 4472
134 30 4473
87 77 4474
56 134 4475
82 188 4476
8 144 4477
193 171 4478
37 146 4479
47 138 4480
95 74 4481
43 42 4482
40 16 4483
145 104 4484
82 23 4485
110 5 4486
82 90 4487
87 148 4488
143 31 4489
89 39 4490
197 174 4491
50 66 4492
53 160 4493
30 55 4494
187 16 4495
59 13 4496
174 129 4497
145 195 4498
117 37 4499
8 49 4500
168 147 4501
13 139 4502
104 72 4503
171 129 4504
61 148 4505
180 199 4506
49 73 4507
92 90 4508
175 100 4509
41 142 4510
149 43 4511
79 160 4512
178 144 4513
103 78 4514
199 188 4515
190 75 4516
127 47 4517
127 61 4518
66 99 4519
29 80 4520
190 129 4521
27 92 4522
177 139 4523
33 25 4524
18 8 4525
150 6 4526
129 40 4527
44 10 4528
137 90 4529
99 26 4530
97 19 4531
125 85 4532
24 29 4533
153 88 4534
128 32 4535
144 160 4536
54 124 4537
115 184 4538
17 118 4539
195 188 4540
101 115 4541
19 71 4542
64 140 4543
178 76 4544
113 166 4545
174 32 4546
101 123 4547
38 12 4548
156 142 4549
124 66 4550
120 121 4551
23 35 4552
79 92 4553
86 93 4554
55 119 4555
153 110 4556
159 17 4557
107 17 4558
198 161 4559
27 105 4560
132 18 4561
23 105 4562
199 84 4563
107 147 4564
71 133 4565
42 103 4566
94 149 4567
136 96 4568
61 168 4569
28 45 4570
118 67 4571
115 190 4572
117 96 4573
83 60 4574
1 151 4575
93 173 4576
90 84 4577
171 102 4578
47 168 4579
181 22 4580
9 15 4581
185 78 4582
86 140 4583
183 146 4584
100 110 4585
75 100 4586
65 136 4587
148 50 4588
67 63 4589
58 175 4590
18 1 4591
136 29 4592
34 91 4593
65 161 4594
120 152 4595
78 37 4596
30 96 4597
19 173 4598
76 94 4599
3 172 4600
199 172 4601
33 45 4602
17 126 4603
52 32 4604
30 65 4605
197 89 4606
150 173 4607
29 28 4608
114 175 4609
1 166 4610
88 7 4611
20 110 4612
34 199 4613
184 87 4614
154 181 4615
106 116 4616
153 32 4617
84 56 4618
164 83 4619
127 45 4620
135 155 4621
147 150 4622
87 14 4623
73 102 4624
128 27 4625
10 197 4626
127 149 4627
186 63 4628
157 1 4629
22 18 4630
32 75 4631
186 157 4632
167 175 4633
35 171 4634
104 134 4635
164 168 4636
120 109 4637
97 44 4638
144 133 4639
103 192 4640
112 29 4641
194 147 4642
73 14 4643
131 87 4644
100 194 4645
169 32 4646
62 15 4647
10 112 4648
128 53 4649
61 188 4650
54 181 4651
167 177 4652
192 4 4653
36 194 4654
170 136 4655
131 89 4656
87 50 4657
85 148 4658
143 182 4659
30 91 4660
52 67 4661
159 22 4662
100 121 4663
115 77 4664
147 137 4665
160 48 4666
178 25 4667
72 167 4668
44 91 4669
87 159 4670
25 5 4671
45 107 4672
28 174 4673
6 171 4674
164 107 4675
41 123 4676
190 29 4677
141 169 4678
147 35 4679
80 39 4680
62 79 4681
185 83 4682
136 73 4683
142 117 4684
116 175 4685
196 103 4686
107 114 4687
185 86 4688
153 83 4689
85 45 4690
55 64 4691
127 60 4692
32 181 4693
30 160 4694
161 55 4695
37 189 4696
198 171 4697
194 64 4698
137 158 4699
146 166 4700
78 141 4701
154 117 4702
192 86 4703
152 35 4704
186 174 4705
164 159 4706
19 165 4707
24 170 4708
147 119 4709
194 157 4710
127 4 4711
18 37 4712
155 196 4713
116 173 4714
146 185 4715
199 114 4716
47 197 4717
36 55 4718
91 77 4719
129 199 4720
105 172 4721
199 150 4722
106 78 4723
192 176 4724
24 90 4725
142 94 4726
90 197 4727
142 121 4728
75 15 4729
112 103 4730
67 38 4731
33 132 4732
75 79 4733
80 183 4734
45 188 4735
71 185 4736
151 125 4737
4 63 4738
12 35 4739
149 179 4740
102 38 4741
131 97 4742
186 158 4743
36 87 4744
67 13 4745
45 44 4746
139 125 4747
83 184 4748
137 56 4749
79 153 4750
58 46 4751
167 17 4752
44 135 4753
13 78 4754
16 69 4755
12 37 4756
87 60 4757
74 82 4758
19 11 4759
65 11 4760
14 178 4761
123 112 4762
157 48 4763
175 120 4764
78 33 4765
82 21 4766
130 8 4767
180 19 4768
197 73 4769
19 26 4770
41 183 4771
186 193 4772
39 59 4773
24 30 4774
126 197 4775
169 92 4776
21 10 4777
35 150 4778
78 191 4779
110 140 4780
161 18 4781
119 107 4782
91 57 4783
181 148 4784
97 191 4785
6 51 4786
75 51 4787
3 124 4788
166 2 4789
36 43 4790
127 3 4791
106 25 4792
138 197 4793
199 18 4794
53 51 4795
128 69 4796
97 136 4797
200 74 4798
33 10 4799
25 128 4800
192 125 4801
196 142 4802
7 199 4803
2 85 4804
92 137 4805
182 7 4806
85 160 4807
108 104 4808
32 145 4809
80 129 4810
86 87 4811
174 169 4812
132 111 4813
119 178 4814
136 70 4815
90 163 4816
105 40 4817
1 68 4818
170 191 4819
75 119 4820
41 145 4821
175 176 4822
70 112 4823
179 55 4824
22 63 4825
166 93 4826
181 57 4827
66 29 4828
94 179 4829
62 58 4830
32 86 4831
146 14 4832
124 187 4833
138 39 4834
32 122 4835
54 58 4836
44 43 4837
199 134 4838
101 187 4839
150 103 4840
144 146 4841
193 124 4842
61 135 4843
78 74 4844
34 64 4845
168 46 4846
147 198 4847
48 51 4848
65 14 4849
10 155 4850
199 81 4851
61 151 4852
23 59 4853
41 46 4854
119 36 4855
138 84 4856
148 71 4857
87 19 4858
41 194 4859
147 84 4860
88 16 4861
172 178 4862
77 31 4863
101 112 4864
78 167 4865
153 18 4866
21 162 4867
79 102 4868
48 49 4869
142 91 4870
167 25 4871
174 71 4872
168 135 4873
73 103 4874
28 48 4875
111 5 4876
132 199 4877
115 187 4878
103 167 4879
54 76 4880
174 178 4881
32 125 4882
173 106 4883
19 113 4884
162 178 4885
189 3 4886
22 43 4887
22 56 4888
59 53 4889
171 110 4890
173 77 4891
16 76 4892
146 149 4893
45 98 4894
15 197 4895
178 29 4896
94 150 4897
21 76 4898
192 102 4899
146 175 4900
187 110 4901
128 161 4902
145 141 4903
35 26 4904
127 136 4905
175 15 4906
32 195 4907
189 165 4908
21 157 4909
79 123 4910
47 145 4911
36 172 4912
115 195 4913
22 120 4914
95 21 4915
118 139 4916
139 32 4917
37 155 4918
103 21 4919
48 40 4920
88 44 4921
113 174 4922
161 27 4923
135 29 4924
106 124 4925
32 73 4926
78 65 4927
154 173 4928
99 113 4929
168 159 4930
139 179 4931
3 176 4932
127 124 4933
112 11 4934
49 80 4935
150 1 4936
124 20 4937
96 122 4938
199 104 4939
32 140 4940
125 92 4941
131 22 4942
150 154 4943
3 38 4944
136 132 4945
62 42 4946
110 59 4947
6 2 4948
155 185 4949
126 185 4950
29 39 4951
44 37 4952
150 91 4953
68 159 4954
113 28 4955
194 120 4956
95 182 4957
96 80 4958
111 135 4959
171 13 4960
69 200 4961
59 64 4962
32 63 4963
176 130 4964
140 46 4965
9 83 4966
67 130 4967
66 40 4968
108 154 4969
22 87 4970
52 134 4971
122 2 4972
38 54 4973
110 155 4974
142 95 4975
28 12 4976
57 127 4977
105 180 4978
188 89 4979
34 60 4980
174 120 4981
95 161 4982
97 179 4983
115 146 4984
28 107 4985
145 126 4986
180 151 4987
76 132 4988
139 116 4989
11 39 4990
184 192 4991
174 150 4992
197 99 4993
17 200 4994
101 89 4995
197 5 4996
60 133 4997
39 103 4998
113 187 4999
97 4 5000
170 117 5001
164 11 5002
25 55 5003
190 142 5004
186 125 5005
69 60 5006
166 162 5007
199 190 5008
69 182 5009
34 14 5010
175 131 5011
97 152 5012
175 65 5013
94 192 5014
170 119 5015
101 107 5016
149 178 5017
16 74 5018
191 104 5019
4 66 5020
46 153 5021
12 135 5022
100 42 5023
39 97 5024
66 172 5025
182 35 5026
188 121 5027
146 187 5028
197 161 5029
62 105 5030
153 104 5031
185 10 5032
129 100 5033
199 24 5034
18 147 5035
100 197 5036
125 70 5037
176 16 5038
52 115 5039
18 144 5040
60 138 5041
34 100 5042
5 8 5043
90 51 5044
55 69 5045
55 31 5046
86 67 5047
184 178 5048
196 91 5049
47 173 5050
48 193 5051
88 13 5052
90 194 5053
176 4 5054
29 83 5055
161 117 5056
83 128 5057
111 156 5058
194 22 5059
148 146 5060
31 158 5061
167 109 5062
4 163 5063
138 42 5064
46 37 5065
41 152 5066
77 58 5067
95 150 5068
9 63 5069
23 5 5070
134 178 5071
133 100 5072
116 54 5073
155 73 5074
196 77 5075
94 103 5076
50 27 5077
185 22 5078
89 69 5079
125 87 5080
60 42 5081
139 152 5082
57 22 5083
8 160 5084
62 96 5085
198 169 5086
162 17 5087
158 194 5088
29 150 5089
183 83 5090
43 67 5091
160 159 5092
40 126 5093
72 103 5094
86 69 5095
140 75 5096
158 156 5097
127 75 5098
138 86 5099
126 143 5100
123 99 5101
119 150 5102
29 172 5103
78 180 5104
195 100 5105
97 117 5106
9 62 5107
101 47 5108
162 77 5109
55 75 5110
52 59 5111
86 30 5112
114 75 5113
118 13 5114
43 7 5115
181 84 5116
122 172 5117
82 54 5118
134 195 5119
69 169 5120
52 164 5121
39 83 5122
178 147 5123
13 43 5124
45 20 5125
98 153 5126
174 175 5127
174 98 5128
33 130 5129
155 199 5130
80 109 5131
107 2 5132
198 1 5133
54 39 5134
28 63 5135
3 86 5136
41 169 5137
37 134 5138
74 141 5139
200 174 5140
199 125 5141
150 125 5142
48 54 5143
94 135 5144
58 180 5145
194 101 5146
142 22 5147
160 87 5148
112 170 5149
56 40 5150
173 5 5151
53 120 5152
117 48 5153
181 138 5154
162 84 5155
200 195 5156
198 55 5157
59 171 5158
124 188 5159
93 149 5160
34 143 5161
199 128 5162
136 104 5163
98 166 5164
109 17 5165
120 180 5166
197 8 5167
158 83 5168
38 138 5169
156 42 5170
186 177 5171
73 123 5172
3 28 5173
32 18 5174
19 23 5175
184 195 5176
13 109 5177
9 133 5178
33 144 5179
23 106 5180
106 31 5181
3 184 5182
54 45 5183
160 154 5184
76 185 5185
177 178 5186
128 28 5187
189 184 5188
25 191 5189
186 182 5190
157 60 5191
145 62 5192
79 13 5193
76 37 5194
93 87 5195
103 102 5196
150 58 5197
23 78 5198
194 130 5199
151 90 5200
182 85 5201
197 77 5202
108 159 5203
184 63 5204
2 5 5205
165 174 5206
86 74 5207
102 2 5208
195 152 5209
44 116 5210
87 85 5211
194 186 5212
141 150 5213
145 28 5214
17 94 5215
53 8 5216
140 130 5217
155 142 5218
96 75 5219
20 183 5220
69 12 5221
83 66 5222
20 161 5223
20 178 5224
37 107 5225
145 155 5226
58 82 5227
95 171 5228
166 23 5229
59 38 5230
40 99 5231
134 128 5232
49 46 5233
100 105 5234
29 158 5235
98 172 5236
195 25 5237
165 109 5238
47 102 5239
81 41 5240
154 18 5241
190 122 5242
171 15 5243
186 185 5244
22 160 5245
193 6 5246
17 49 5247
189 178 5248
19 143 5249
36 39 5250
136 31 5251
119 156 5252
149 23 5253
173 44 5254
187 53 5255
41 72 5256
23 157 5257
141 60 5258
1 73 5259
139 102 5260
4 182 5261
162 37 5262
178 197 5263
83 45 5264
79 198 5265
96 134 5266
3 47 5267
106 165 5268
25 197 5269
108 169 5270
122 71 5271
83 71 5272
62 12 5273
41 190 5274
194 154 5275
138 126 5276
148 68 5277
39 94 5278
44 145 5279
103 123 5280
87 178 5281
41 77 5282
22 2 5283
24 200 5284
132 165 5285
27 104 5286
54 156 5287
190 143 5288
167 154 5289
7 41 5290
55 178 5291
174 4 5292
172 139 5293
120 182 5294
10 154 5295
114 43 5296
127 1 5297
190 183 5298
198 14 5299
43 9 5300
124 133 5301
144 63 5302
75 57 5303
135 138 5304
45 60 5305
122 56 5306
8 77 5307
160 133 5308
85 62 5309
161 60 5310
197 185 5311
135 114 5312
147 20 5313
136 3 5314
36 41 5315
79 56 5316
37 8 5317
46 85 5318
179 59 5319
50 145 5320
27 118 5321
174 146 5322
125 38 5323
197 56 5324
57 56 5325
128 61 5326
157 138 5327
44 72 5328
170 164 5329
2 117 5330
170 116 5331
80 124 5332
22 133 5333
17 140 5334
195 198 5335
118 54 5336
98 95 5337
92 12 5338
188 139 5339
180 89 5340
45 57 5341
25 113 5342
127 26 5343
89 55 5344
86 19 5345
73 145 5346
146 182 5347
155 181 5348
198 155 5349
172 176 5350
117 61 5351
108 20 5352
9 123 5353
112 87 5354
182 171 5355
191 24 5356
79 129 5357
13 197 5358
98 114 5359
192 80 5360
154 164 5361
181 42 5362
189 158 5363
120 99 5364
53 18 5365
4 9 5366
67 33 5367
188 122 5368
32 65 5369
93 170 5370
198 3 5371
41 170 5372
189 95 5373
176 60 5374
1 121 5375
106 97 5376
3 160 5377
177 128 5378
41 185 5379
123 162 5380
91 9 5381
33 156 5382
76 165 5383
147 90 5384
73 167 5385
179 87 5386
26 84 5387
119 96 5388
19 78 5389
198 93 5390
36 108 5391
27 33 5392
11 124 5393
144 69 5394
44 92 5395
42 21 5396
190 109 5397
168 189 5398
126 184 5399
190 104 5400
16 6 5401
182 86 5402
3 46 5403
123 53 5404
29 129 5405
146 1 5406
154 105 5407
88 19 5408
167 68 5409
54 108 5410
133 69 5411
167 132 5412
105 193 5413
60 27 5414
30 79 5415
160 43 5416
67 102 5417
184 165 5418
152 89 5419
145 87 5420
120 169 5421
70 51 5422
200 190 5423
57 124 5424
93 126 5425
87 111 5426
21 52 5427
91 48 5428
44 179 5429
125 105 5430
144 172 5431
4 17 5432
142 197 5433
98 160 5434
33 125 5435
19 43 5436
188 52 5437
32 62 5438
41 99 5439
35 166 5440
60 189 5441
61 43 5442
122 1 5443
177 76 5444
194 29 5445
96 31 5446
13 166 5447
164 48 5448
54 15 5449
146 137 5450
5 41 5451
113 122 5452
92 166 5453
200 95 5454
154 49 5455
66 60 5456
187 93 5457
141 126 5458
2 108 5459
29 30 5460
91 151 5461
93 104 5462
62 107 5463
50 178 5464
65 40 5465
29 195 5466
73 79 5467
91 60 5468
41 163 5469
194 174 5470
47 100 5471
152 105 5472
116 149 5473
119 47 5474
78 124 5475
40 153 5476
51 59 5477
181 134 5478
177 109 5479
100 193 5480
33 39 5481
51 197 5482
109 187 5483
15 69 5484
131 46 5485
7 70 5486
141 1 5487
4 19 5488
43 56 5489
84 173 5490
117 185 5491
155 109 5492
50 25 5493
146 181 5494
24 60 5495
127 184 5496
40 93 5497
29 107 5498
77 67 5499
38 163 5500
159 5 5501
190 189 5502
106 190 5503
98 51 5504
135 35 5505
185 7 5506
62 124 5507
183 63 5508
60 81 5509
155 24 5510
18 119 5511
163 116 5512
125 144 5513
90 98 5514
50 29 5515
118 98 5516
142 28 5517
81 107 5518
15 52 5519
11 87 5520
88 57 5521
120 35 5522
131 150 5523
168 51 5524
118 121 5525
51 93 5526
52 81 5527
71 48 5528
195 101 5529
19 198 5530
129 192 5531
37 23 5532
164 141 5533
89 43 5534
31 145 5535
35 56 5536
84 104 5537
169 45 5538
152 149 5539
122 79 5540
119 196 5541
163 6 5542
172 192 5543
193 190 5544
80 166 5545
163 42 5546
186 144 5547
77 128 5548
43 88 5549
80 19 5550
198 114 5551
20 200 5552
140 14 5553
36 192 5554
142 107 5555
120 142 5556
178 57 5557
72 31 5558
59 147 5559
107 159 5560
60 16 5561
72 156 5562
152 13 5563
195 191 5564
97 178 5565
38 145 5566
82 64 5567
22 104 5568
113 62 5569
5 126 5570
41 75 5571
33 30 5572
64 182 5573
82 159 5574
16 171 5575
9 189 5576
65 133 5577
23 50 5578
123 115 5579
46 169 5580
4 143 5581
180 77 5582
60 105 5583
128 98 5584
70 120 5585
172 118 5586
128 146 5587
191 12 5588
97 112 5589
34 52 5590
136 74 5591
74 177 5592
71 59 5593
182 115 5594
107 84 5595
102 166 5596
47 10 5597
9 163 5598
37 180 5599
63 61 5600
184 56 5601
128 123 5602
129 70 5603
70 67 5604
33 99 5605
123 66 5606
101 155 5607
50 133 5608
133 27 5609
119 173 5610
2 116 5611
192 177 5612
96 11 5613
161 154 5614
115 152 5615
83 15 5616
109 161 5617
170 124 5618
25 115 5619
79 114 5620
135 179 5621
53 24 5622
181 164 5623
33 178 5624
140 58 5625
111 74 5626
116 77 5627
85 132 5628
191 95 5629
191 200 5630
104 176 5631
80 14 5632
23 175 5633
167 150 5634
144 36 5635
140 92 5636
172 96 5637
98 39 5638
83 133 5639
62 23 5640
183 86 5641
69 50 5642
45 27 5643
56 82 5644
54 41 5645
128 80 5646
120 200 5647
45 148 5648
108 31 5649
128 178 5650
108 160 5651
64 185 5652
73 3 5653
113 171 5654
168 93 5655
164 75 5656
130 97 5657
162 103 5658
166 76 5659
39 1 5660
135 47 5661
125 27 5662
58 30 5663
39 181 5664
150 161 5665
48 177 5666
170 15 5667
104 113 5668
128 81 5669
96 2 5670
165 187 5671
62 72 5672
95 7 5673
104 61 5674
188 32 5675
107 99 5676
103 52 5677
18 65 5678
2 43 5679
167 70 5680
200 49 5681
126 182 5682
196 164 5683
91 70 5684
35 11 5685
138 92 5686
117 68 5687
152 104 5688
7 72 5689
200 90 5690
62 43 5691
7 47 5692
42 81 5693
178 23 5694
8 17 5695
89 73 5696
143 174 5697
162 66 5698
159 54 5699
176 182 5700
160 174 5701
185 147 5702
170 137 5703
24 183 5704
50 67 5705
175 38 5706
87 80 5707
155 122 5708
120 172 5709
66 57 5710
147 62 5711
126 194 5712
86 194 5713
24 110 5714
41 175 5715
64 28 5716
24 143 5717
103 110 5718
177 151 5719
121 98 5720
28 74 5721
138 15 5722
18 40 5723
168 161 5724
130 170 5725
100 106 5726
32 113 5727
143 41 5728
149 56 5729
194 144 5730
175 194 5731
139 98 5732
192 130 5733
124 91 5734
156 172 5735
171 91 5736
105 63 5737
99 141 5738
119 57 5739
5 93 5740
75 78 5741
87 177 5742
33 100 5743
49 45 5744
169 156 5745
106 29 5746
64 89 5747
27 81 5748
110 55 5749
118 178 5750
168 49 5751
84 18 5752
25 14 5753
92 110 5754
169 82 5755
188 133 5756
65 180 5757
5 65 5758
104 103 5759
77 35 5760
114 146 5761
136 135 5762
48 171 5763
27 160 5764
147 6 5765
124 100 5766
69 4 5767
78 35 5768
158 198 5769
99 45 5770
152 25 5771
198 21 5772
132 88 5773
172 99 5774
57 177 5775
140 73 5776
124 186 5777
113 133 5778
136 111 5779
194 57 5780
70 24 5781
179 46 5782
39 69 5783
55 102 5784
69 157 5785
4 99 5786
92 98 5787
155 52 5788
124 141 5789
69 28 5790
137 11 5791
194 134 5792
176 100 5793
72 182 5794
135 167 5795
6 136 5796
165 24 5797
2 32 5798
2 153 5799
44 154 5800
8 158 5801
43 84 5802
39 81 5803
145 176 5804
170 122 5805
123 88 5806
106 85 5807
136 192 5808
54 195 5809
21 153 5810
64 61 5811
102 191 5812
23 179 5813
88 183 5814
6 118 5815
152 74 5816
9 46 5817
95 125 5818
135 34 5819
156 123 5820
74 36 5821
129 198 5822
48 77 5823
118 181 5824
135 58 5825
183 76 5826
120 118 5827
75 189 5828
32 164 5829
171 37 5830
46 171 5831
176 99 5832
15 43 5833
68 38 5834
162 48 5835
41 38 5836
151 195 5837
63 120 5838
71 120 5839
149 195 5840
29 113 5841
8 174 5842
150 90 5843
164 98 5844
144 136 5845
92 7 5846
156 165 5847
101 72 5848
196 171 5849
85 47 5850
187 87 5851
142 113 5852
66 18 5853
139 135 5854
80 122 5855
15 63 5856
78 22 5857
64 197 5858
128 141 5859
49 192 5860
45 192 5861
6 82 5862
183 79 5863
164 137 5864
78 99 5865
139 178 5866
54 121 5867
85 15 5868
8 111 5869
159 18 5870
117 133 5871
178 116 5872
130 166 5873
10 42 5874
22 191 5875
197 52 5876
175 147 5877
125 30 5878
192 152 5879
106 8 5880
112 115 5881
157 9 5882
26 140 5883
64 161 5884
138 153 5885
86 24 5886
78 188 5887
149 16 5888
106 107 5889
33 49 5890
101 46 5891
197 4 5892
124 176 5893
32 17 5894
59 121 5895
132 69 5896
177 114 5897
111 21 5898
12 160 5899
95 88 5900
28 77 5901
55 74 5902
36 143 5903
92 51 5904
40 110 5905
159 99 5906
125 49 5907
119 149 5908
133 191 5909
54 13 5910
123 47 5911
166 193 5912
23 29 5913
156 25 5914
38 31 5915
43 184 5916
50 132 5917
119 191 5918
120 116 5919
164 51 5920
115 59 5921
149 12 5922
63 172 5923
42 189 5924
9 36 5925
72 168 5926
116 61 5927
112 198 5928
129 178 5929
15 99 5930
160 59 5931
116 69 5932
157 153 5933
36 45 5934
182 93 5935
65 167 5936
136 109 5937
13 1 5938
7 178 5939
151 24 5940
185 111 5941
8 90 5942
119 136 5943
151 107 5944
200 136 5945
140 115 5946
135 131 5947
167 176 5948
177 20 5949
151 32 5950
122 64 5951
108 196 5952
153 77 5953
52 171 5954
37 128 5955
37 29 5956
116 124 5957
126 130 5958
64 119 5959
41 43 5960
6 62 5961
187 142 5962
19 194 5963
104 44 5964
136 126 5965
89 137 5966
60 10 5967
43 111 5968
85 137 5969
14 193 5970
195 5 5971
46 184 5972
90 17 5973
25 23 5974
20 137 5975
31 155 5976
36 37 5977
123 25 5978
193 25 5979
138 11 5980
193 160 5981
109 66 5982
162 155 5983
198 89 5984
112 36 5985
44 176 5986
33 92 5987
181 144 5988
113 63 5989
190 169 5990
73 109 5991
114 63 5992
185 44 5993
43 46 5994
93 99 5995
131 105 5996
153 20 5997
102 105 5998
185 134 5999
70 41 6000
61 9 6001
75 58 6002
181 123 6003
186 85 6004
100 19 6005
26 93 6006
184 22 6007
124 131 6008
64 98 6009
154 47 6010
196 163 6011
167 26 6012
196 40 6013
65 111 6014
114 90 6015
82 43 6016
155 143 6017
101 56 6018
197 152 6019
71 108 6020
132 55 6021
190 68 6022
119 86 6023
101 5 6024
110 117 6025
147 111 6026
198 149 6027
153 78 6028
22 61 6029
197 53 6030
97 2 6031
181 137 6032
128 130 6033
57 74 6034
11 149 6035
113 87 6036
122 158 6037
85 128 6038
30 98 6039
177 96 6040
72 155 6041
15 78 6042
69 78 6043
46 144 6044
141 69 6045
21 49 6046
56 62 6047
74 142 6048
44 53 6049
125 96 6050
102 58 6051
104 183 6052
156 144 6053
5 61 6054
185 96 6055
199 68 6056
187 171 6057
6 27 6058
82 138 6059
188 40 6060
10 67 6061
87 171 6062
37 47 6063
186 9 6064
94 49 6065
46 164 6066
41 168 6067
121 30 6068
75 14 6069
118 125 6070
79 42 6071
170 185 6072
45 24 6073
138 69 6074
98 136 6075
36 159 6076
16 33 6077
29 35 6078
83 121 6079
167 180 6080
141 52 6081
126 165 6082
53 157 6083
86 155 6084
73 78 6085
80 103 6086
74 7 6087
5 27 6088
55 3 6089
38 57 6090
144 117 6091
175 113 6092
191 54 6093
31 198 6094
70 149 6095
29 8 6096
36 125 6097
14 147 6098
59 125 6099
91 183 6100
42 49 6101
152 70 6102
180 85 6103
24 161 6104
120 27 6105
70 90 6106
158 116 6107
54 127 6108
178 37 6109
118 168 6110
33 152 6111
192 185 6112
146 131 6113
97 22 6114
40 88 6115
158 200 6116
188 87 6117
89 121 6118
123 38 6119
189 197 6120
85 28 6121
142 177 6122
195 18 6123
40 121 6124
95 40 6125
158 95 6126
15 132 6127
166 64 6128
44 84 6129
156 52 6130
123 19 6131
198 186 6132
22 100 6133
129 140 6134
32 47 6135
114 11 6136
68 83 6137
125 94 6138
92 19 6139
175 180 6140
174 91 6141
15 103 6142
199 192 6143
25 153 6144
186 31 6145
149 18 6146
61 105 6147
136 150 6148
86 31 6149
3 107 6150
29 32 6151
6 69 6152
182 82 6153
22 58 6154
110 168 6155
189 118 6156
8 23 6157
170 98 6158
13 137 6159
179 11 6160
84 165 6161
143 194 6162
172 65 6163
170 10 6164
35 48 6165
179 65 6166
74 18 6167
65 89 6168
71 79 6169
164 127 6170
105 128 6171
186 181 6172
65 56 6173
49 87 6174
72 120 6175
138 100 6176
153 6 6177
110 188 6178
138 61 6179
19 121 6180
193 70 6181
30 38 6182
30 140 6183
22 138 6184
94 5 6185
54 179 6186
5 118 6187
198 76 6188
108 148 6189
125 10 6190
127 160 6191
178 28 6192
83 51 6193
26 104 6194
2 29 6195
110 130 6196
77 123 6197
68 78 6198
20 197 6199
192 55 6200
124 14 6201
54 113 6202
92 39 6203
74 87 6204
69 101 6205
10 182 6206
97 93 6207
155 127 6208
3 178 6209
82 157 6210
137 109 6211
9 161 6212
188 148 6213
92 127 6214
153 13 6215
85 133 6216
101 105 6217
108 136 6218
167 151 6219
103 200 6220
192 195 6221
147 165 6222
88 73 6223
151 39 6224
151 132 6225
158 36 6226
61 62 6227
117 14 6228
26 115 6229
154 86 6230
135 182 6231
195 78 6232
26 181 6233
153 134 6234
176 189 6235
94 175 6236
170 160 6237
155 23 6238
45 125 6239
49 159 6240
134 187 6241
27 17 6242
171 106 6243
42 186 6244
139 3 6245
198 26 6246
192 69 6247
120 21 6248
1 10 6249
70 31 6250
184 41 6251
189 131 6252
149 54 6253
167 16 6254
198 127 6255
134 107 6256
16 98 6257
83 171 6258
36 63 6259
123 150 6260
154 140 6261
31 52 6262
85 94 6263
82 146 6264
87 67 6265
111 172 6266
199 191 6267
127 190 6268
182 150 6269
102 28 6270
169 96 6271
192 21 6272
11 1 6273
7 28 6274
114 88 6275
27 35 6276
121 65 6277
166 151 6278
9 6 6279
110 30 6280
118 129 6281
67 144 6282
37 125 6283
133 186 6284
182 177 6285
139 110 6286
32 152 6287
102 187 6288
98 119 6289
31 33 6290
27 198 6291
198 152 6292
94 145 6293
41 14 6294
140 62 6295
190 99 6296
152 161 6297
9 94 6298
85 65 6299
55 63 6300
46 182 6301
48 163 6302
164 176 6303
196 13 6304
95 160 6305
74 1 6306
44 164 6307
150 191 6308
20 165 6309
102 63 6310
148 104 6311
171 73 6312
42 200 6313
131 85 6314
19 50 6315
104 154 6316
86 186 6317
78 155 6318
47 97 6319
165 12 6320
33 15 6321
142 43 6322
156 62 6323
37 161 6324
195 91 6325
153 16 6326
147 108 6327
146 184 6328
71 192 6329
82 115 6330
53 186 6331
168 157 6332
158 70 6333
49 55 6334
91 59 6335
111 103 6336
139 124 6337
28 98 6338
100 152 6339
9 129 6340
110 146 6341
31 73 6342
172 62 6343
176 148 6344
100 4 6345
128 72 6346
178 103 6347
54 10 6348
97 14 6349
196 37 6350
45 191 6351
162 193 6352
153 133 6353
73 61 6354
6 138 6355
26 18 6356
41 52 6357
87 47 6358
153 108 6359
141 42 6360
187 83 6361
164 35 6362
61 145 6363
27 68 6364
191 141 6365
150 76 6366
61 40 6367
163 77 6368
112 38 6369
21 195 6370
78 111 6371
107 169 6372
51 126 6373
125 115 6374
165 115 6375
3 188 6376
18 9 6377
157 74 6378
38 149 6379
161 125 6380
2 184 6381
195 141 6382
113 140 6383
153 10 6384
18 35 6385
145 122 6386
143 67 6387
101 91 6388
187 73 6389
24 91 6390
106 7 6391
113 105 6392
78 95 6393
84 29 6394
169 89 6395
92 17 6396
71 180 6397
154 189 6398
109 198 6399
87 29 6400
163 76 6401
145 35 6402
41 79 6403
55 156 6404
175 192 6405
63 197 6406
149 15 6407
54 180 6408
6 83 6409
104 66 6410
134 39 6411
196 200 6412
52 86 6413
184 32 6414
3 42 6415
145 200 6416
144 12 6417
141 29 6418
190 123 6419
121 25 6420
70 141 6421
56 86 6422
183 60 6423
75 106 6424
25 90 6425
3 85 6426
50 4 6427
22 168 6428
18 97 6429
177 97 6430
34 86 6431
195 104 6432
95 79 6433
113 77 6434
196 23 6435
132 64 6436
200 185 6437
94 167 6438
76 176 6439
51 180 6440
57 154 6441
40 168 6442
192 52 6443
121 52 6444
180 74 6445
140 7 6446
57 196 6447
3 29 6448
6 79 6449
16 29 6450
129 34 6451
106 181 6452
110 70 6453
37 188 6454
3 56 6455
15 199 6456
109 87 6457
94 159 6458
74 88 6459
87 95 6460
188 132 6461
177 119 6462
115 161 6463
139 15 6464
17 177 6465
163 63 6466
62 29 6467
172 159 6468
178 100 6469
147 50 6470
193 167 6471
112 95 6472
156 120 6473
158 146 6474
82 61 6475
53 191 6476
5 192 6477
1 179 6478
84 1 6479
185 101 6480
137 166 6481
131 77 6482
101 147 6483
162 116 6484
5 78 6485
4 131 6486
197 109 6487
125 140 6488
123 125 6489
120 179 6490
106 5 6491
7 161 6492
90 41 6493
117 36 6494
91 36 6495
155 190 6496
111 50 6497
75 143 6498
87 144 6499
65 194 6500
25 57 6501
50 52 6502
191 157 6503
118 113 6504
30 20 6505
154 15 6506
64 88 6507
19 84 6508
101 98 6509
160 20 6510
169 144 6511
122 62 6512
192 53 6513
135 11 6514
40 166 6515
94 102 6516
172 19 6517
66 147 6518
41 19 6519
62 18 6520
99 52 6521
162 18 6522
23 199 6523
123 142 6524
83 120 6525
37 91 6526
4 122 6527
157 184 6528
65 53 6529
33 77 6530
109 157 6531
33 103 6532
166 22 6533
52 165 6534
140 29 6535
11 61 6536
49 133 6537
52 10 6538
86 188 6539
66 33 6540
95 44 6541
33 72 6542
6 139 6543
113 82 6544
123 137 6545
176 147 6546
175 118 6547
72 13 6548
39 128 6549
108 181 6550
117 111 6551
174 190 6552
134 63 6553
14 158 6554
12 89 6555
70 50 6556
195 43 6557
196 139 6558
33 183 6559
41 85 6560
18 14 6561
10 131 6562
73 68 6563
114 39 6564
29 52 6565
135 175 6566
36 150 6567
138 167 6568
33 137 6569
108 176 6570
17 144 6571
161 53 6572
68 177 6573
157 77 6574
179 106 6575
178 173 6576
85 140 6577
8 140 6578
37 10 6579
121 108 6580
32 91 6581
97 62 6582
168 82 6583
88 67 6584
183 4 6585
82 190 6586
45 123 6587
56 200 6588
1 136 6589
114 168 6590
188 155 6591
22 180 6592
12 173 6593
108 38 6594
31 29 6595
40 162 6596
92 136 6597
55 28 6598
147 118 6599
148 172 6600
139 159 6601
174 34 6602
75 34 6603
156 159 6604
70 183 6605
117 128 6606
52 22 6607
178 79 6608
85 156 6609
149 22 6610
129 20 6611
70 19 6612
156 10 6613
146 4 6614
149 138 6615
70 144 6616
118 195 6617
105 190 6618
77 164 6619
56 102 6620
130 133 6621
38 64 6622
32 74 6623
116 52 6624
13 187 6625
41 16 6626
55 151 6627
116 171 6628
129 7 6629
110 195 6630
136 99 6631
46 165 6632
51 44 6633
149 5 6634
26 25 6635
13 62 6636
169 181 6637
98 107 6638
100 43 6639
132 30 6640
165 61 6641
25 133 6642
150 116 6643
178 70 6644
148 129 6645
54 90 6646
111 14 6647
159 69 6648
168 83 6649
46 161 6650
171 119 6651
10 110 6652
12 159 6653
4 90 6654
135 63 6655
68 108 6656
65 24 6657
119 15 6658
107 13 6659
200 142 6660
85 97 6661
144 93 6662
178 111 6663
97 20 6664
30 174 6665
57 151 6666
10 188 6667
19 44 6668
9 130 6669
21 135 6670
194 98 6671
136 84 6672
80 66 6673
172 162 6674
102 100 6675
184 118 6676
194 6 6677
139 194 6678
179 192 6679
53 1 6680
14 37 6681
146 35 6682
59 136 6683
13 89 6684
45 65 6685
111 154 6686
90 155 6687
134 175 6688
93 148 6689
13 12 6690
191 142 6691
80 174 6692
141 170 6693
2 106 6694
1 180 6695
18 122 6696
160 120 6697
57 139 6698
119 101 6699
91 84 6700
132 84 6701
124 157 6702
71 129 6703
147 164 6704
149 84 6705
18 48 6706
69 120 6707
89 11 6708
138 54 6709
22 193 6710
117 169 6711
94 140 6712
155 39 6713
169 51 6714
142 79 6715
199 61 6716
70 75 6717
104 112 6718
176 18 6719
73 143 6720
27 102 6721
105 124 6722
109 194 6723
147 55 6724
30 170 6725
57 8 6726
113 138 6727
27 156 6728
175 19 6729
196 177 6730
143 99 6731
147 103 6732
109 182 6733
192 13 6734
82 46 6735
108 75 6736
14 103 6737
28 6 6738
196 129 6739
96 167 6740
29 151 6741
166 77 6742
28 37 6743
101 146 6744
47 36 6745
189 90 6746
136 197 6747
150 155 6748
9 1 6749
192 46 6750
71 98 6751
178 109 6752
109 199 6753
120 50 6754
14 17 6755
153 113 6756
54 30 6757
18 193 6758
26 9 6759
7 65 6760
91 119 6761
35 41 6762
103 140 6763
163 186 6764
92 181 6765
97 57 6766
99 161 6767
59 8 6768
17 154 6769
86 99 6770
183 154 6771
85 54 6772
192 127 6773
51 143 6774
161 192 6775
79 136 6776
71 66 6777
148 128 6778
101 141 6779
56 6 6780
17 7 6781
87 21 6782
77 76 6783
88 92 6784
58 168 6785
58 172 6786
154 197 6787
113 96 6788
116 79 6789
197 40 6790
101 143 6791
43 27 6792
180 148 6793
4 170 6794
127 73 6795
51 74 6796
132 105 6797
47 67 6798
27 42 6799
184 89 6800
47 58 6801
167 87 6802
181 105 6803
5 16 6804
16 168 6805
88 3 6806
31 173 6807
87 138 6808
25 94 6809
176 42 6810
83 12 6811
100 112 6812
141 12 6813
6 29 6814
110 96 6815
59 31 6816
112 51 6817
188 34 6818
151 109 6819
4 159 6820
38 162 6821
189 173 6822
177 134 6823
198 174 6824
141 40 6825
10 174 6826
91 41 6827
145 65 6828
4 10 6829
200 141 6830
188 109 6831
28 169 6832
85 141 6833
4 52 6834
188 106 6835
4 58 6836
159 2 6837
9 134 6838
51 117 6839
134 146 6840
70 73 6841
7 87 6842
195 150 6843
78 84 6844
119 166 6845
43 168 6846
6 3 6847
187 112 6848
91 168 6849
66 10 6850
136 4 6851
190 149 6852
80 169 6853
31 87 6854
131 179 6855
16 101 6856
87 173 6857
59 111 6858
96 41 6859
32 194 6860
113 70 6861
187 91 6862
61 47 6863
149 78 6864
137 105 6865
144 77 6866
133 143 6867
112 16 6868
132 29 6869
139 197 6870
149 144 6871
94 71 6872
10 140 6873
3 9 6874
46 102 6875
32 127 6876
19 67 6877
114 196 6878
199 2 6879
20 112 6880
131 27 6881
64 86 6882
151 126 6883
23 108 6884
143 110 6885
72 10 6886
15 177 6887
13 144 6888
182 190 6889
81 127 6890
14 102 6891
198 23 6892
174 184 6893
63 199 6894
187 70 6895
39 101 6896
18 24 6897
187 173 6898
104 200 6899
11 140 6900
57 158 6901
69 66 6902
122 186 6903
157 47 6904
140 166 6905
12 72 6906
135 170 6907
14 49 6908
179 130 6909
91 17 6910
52 19 6911
142 173 6912
166 133 6913
30 104 6914
195 40 6915
99 185 6916
20 132 6917
144 127 6918
17 164 6919
8 154 6920
124 180 6921
42 12 6922
126 32 6923
100 185 6924
64 16 6925
198 138 6926
3 185 6927
156 38 6928
166 132 6929
193 98 6930
36 102 6931
61 90 6932
120 167 6933
33 173 6934
140 24 6935
94 18 6936
16 155 6937
69 82 6938
181 178 6939
29 72 6940
53 48 6941
93 121 6942
2 10 6943
40 163 6944
189 24 6945
81 91 6946
59 15 6947
193 116 6948
128 151 6949
144 145 6950
181 162 6951
112 28 6952
92 111 6953
145 9 6954
31 184 6955
72 153 6956
44 127 6957
191 9 6958
59 68 6959
77 93 6960
110 166 6961
146 126 6962
76 86 6963
117 162 6964
63 180 6965
55 122 6966
31 78 6967
69 156 6968
31 147 6969
165 54 6970
129 188 6971
13 126 6972
74 130 6973
65 72 6974
53 28 6975
34 152 6976
105 36 6977
1 72 6978
143 188 6979
111 197 6980
187 157 6981
136 178 6982
36 60 6983
125 110 6984
43 93 6985
47 156 6986
85 80 6987
7 46 6988
142 72 6989
109 41 6990
152 31 6991
115 99 6992
44 187 6993
28 46 6994
163 95 6995
120 104 6996
28 71 6997
79 67 6998
109 54 6999
134 169 7000
26 63 7001
64 108 7002
7 139 7003
63 187 7004
83 102 7005
148 147 7006
95 194 7007
193 131 7008
12 130 7009
7 24 7010
193 130 7011
65 127 7012
74 59 7013
74 155 7014
90 11 7015
143 28 7016
92 93 7017
161 85 7018
123 127 7019
170 175 7020
121 159 7021
29 91 7022
15 188 7023
183 124 7024
112 89 7025
144 83 7026
144 65 7027
13 128 7028
117 156 7029
114 185 7030
166 173 7031
123 151 7032
164 163 7033
44 180 7034
101 136 7035
132 42 7036
85 20 7037
192 56 7038
34 159 7039
82 185 7040
131 169 7041
89 42 7042
15 158 7043
87 43 7044
121 69 7045
168 7 7046
88 41 7047
164 37 7048
166 31 7049
92 55 7050
168 111 7051
68 51 7052
145 86 7053
81 125 7054
88 185 7055
56 9 7056
36 59 7057
122 185 7058
17 60 7059
41 118 7060
196 102 7061
85 76 7062
175 92 7063
101 109 7064
184 173 7065
109 163 7066
167 77 7067
14 199 7068
132 59 7069
137 16 7070
99 116 7071
160 103 7072
83 37 7073
83 126 7074
189 41 7075
48 96 7076
152 131 7077
87 172 7078
29 27 7079
40 149 7080
152 84 7081
49 15 7082
59 42 7083
78 62 7084
149 187 7085
78 151 7086
178 156 7087
147 71 7088
161 61 7089
53 74 7090
73 17 7091
48 141 7092
5 120 7093
31 10 7094
200 41 7095
66 183 7096
161 23 7097
48 175 7098
104 188 7099
121 99 7100
71 12 7101
64 21 7102
58 97 7103
26 83 7104
99 38 7105
160 148 7106
114 48 7107
122 105 7108
33 111 7109
183 67 7110
166 196 7111
162 60 7112
183 114 7113
20 91 7114
71 112 7115
140 9 7116
9 171 7117
141 27 7118
171 175 7119
75 136 7120
168 53 7121
104 88 7122
189 198 7123
51 95 7124
95 85 7125
160 34 7126
81 186 7127
108 87 7128
40 98 7129
4 21 7130
42 30 7131
144 51 7132
15 122 7133
34 57 7134
5 198 7135
185 183 7136
48 61 7137
31 64 7138
197 135 7139
113 160 7140
14 69 7141
148 62 7142
70 181 7143
125 134 7144
188 60 7145
127 187 7146
98 142 7147
3 199 7148
98 105 7149
47 192 7150
13 110 7151
146 16 7152
93 50 7153
87 128 7154
123 94 7155
14 139 7156
112 150 7157
129 93 7158
157 95 7159
41 138 7160
127 101 7161
42 83 7162
9 105 7163
126 52 7164
164 18 7165
55 183 7166
14 123 7167
193 45 7168
152 176 7169
133 87 7170
75 61 7171
180 7 7172
60 100 7173
119 10 7174
182 74 7175
66 178 7176
156 13 7177
112 94 7178
190 19 7179
129 139 7180
130 68 7181
98 2 7182
65 156 7183
119 124 7184
22 9 7185
75 21 7186
193 42 7187
35 187 7188
10 166 7189
155 158 7190
82 66 7191
113 199 7192
79 85 7193
40 3 7194
157 51 7195
74 45 7196
117 140 7197
54 189 7198
52 89 7199
69 67 7200
200 48 7201
170 25 7202
26 193 7203
44 146 7204
77 188 7205
67 25 7206
18 77 7207
19 144 7208
5 52 7209
138 188 7210
195 66 7211
95 60 7212
190 31 7213
71 89 7214
57 89 7215
21 34 7216
128 118 7217
138 183 7218
132 148 7219
29 18 7220
19 117 7221
138 137 7222
116 180 7223
57 48 7224
70 59 7225
108 93 7226
104 13 7227
106 36 7228
146 127 7229
83 50 7230
20 79 7231
133 135 7232
161 102 7233
3 41 7234
118 87 7235
122 108 7236
107 200 7237
9 24 7238
71 55 7239
194 119 7240
76 154 7241
99 61 7242
185 59 7243
130 104 7244
109 100 7245
90 23 7246
62 175 7247
130 175 7248
85 17 7249
169 173 7250
47 193 7251
177 127 7252
172 177 7253
150 13 7254
35 19 7255
55 127 7256
64 80 7257
151 121 7258
197 131 7259
183 89 7260
74 163 7261
151 174 7262
29 147 7263
140 152 7264
128 132 7265
43 98 7266
53 165 7267
160 21 7268
163 25 7269
141 118 7270
139 69 7271
131 21 7272
122 112 7273
155 134 7274
92 196 7275
138 159 7276
116 194 7277
95 18 7278
102 92 7279
39 48 7280
54 166 7281
165 197 7282
95 162 7283
174 56 7284
79 38 7285
155 121 7286
142 11 7287
162 96 7288
186 38 7289
3 100 7290
70 17 7291
182 47 7292
121 102 7293
135 13 7294
158 191 7295
11 49 7296
32 100 7297
65 165 7298
133 127 7299
105 19 7300
131 167 7301
8 35 7302
158 18 7303
56 10 7304
146 150 7305
107 61 7306
102 136 7307
191 129 7308
93 68 7309
119 200 7310
137 169 7311
120 161 7312
33 138 7313
47 34 7314
80 181 7315
160 137 7316
48 168 7317
89 32 7318
59 155 7319
182 62 7320
154 72 7321
149 166 7322
94 4 7323
65 191 7324
126 91 7325
7 58 7326
132 120 7327
72 55 7328
94 32 7329
67 195 7330
19 85 7331
48 134 7332
157 133 7333
146 143 7334
48 44 7335
12 134 7336
78 101 7337
77 39 7338
185 144 7339
194 149 7340
168 78 7341
121 164 7342
151 99 7343
27 150 7344
152 23 7345
102 81 7346
82 36 7347
184 124 7348
43 150 7349
62 103 7350
93 192 7351
134 164 7352
197 181 7353
2 52 7354
123 39 7355
156 163 7356
143 139 7357
54 68 7358
21 91 7359
109 95 7360
199 71 7361
157 193 7362
73 126 7363
22 30 7364
163 98 7365
124 68 7366
96 143 7367
51 91 7368
38 29 7369
59 131 7370
52 1 7371
79 152 7372
5 12 7373
20 27 7374
135 79 7375
103 68 7376
144 43 7377
83 141 7378
100 171 7379
118 197 7380
182 88 7381
16 13 7382
134 1 7383
51 192 7384
110 87 7385
109 47 7386
176 15 7387
126 187 7388
37 82 7389
11 118 7390
190 66 7391
176 51 7392
69 160 7393
163 153 7394
54 106 7395
129 161 7396
183 22 7397
177 41 7398
169 6 7399
74 11 7400
