200 7200 7200
86 140 1
41 28 2
54 93 3
45 20 4
44 164 5
18 106 6
99 116 7
196 37 8
3 56 9
83 126 10
165 67 11
176 129 12
138 15 13
132 199 14
111 156 15
142 79 16
131 151 17
185 4 18
98 4 19
116 14 20
27 42 21
26 25 22
176 11 23
38 161 24
42 81 25
108 154 26
12 89 27
27 104 28
56 93 29
125 143 30
12 101 31
181 37 32
175 121 33
134 127 34
58 37 35
15 174 36
1 151 37
14 127 38
161 27 39
107 159 40
180 83 41
24 119 42
3 47 43
158 130 44
94 18 45
170 178 46
85 28 47
88 97 48
88 160 49
138 175 50
173 44 51
168 135 52
166 34 53
102 2 54
195 25 55
174 196 56
142 95 57
165 109 58
151 145 59
52 65 60
5 12 61
192 13 62
9 94 63
171 139 64
113 144 65
153 16 66
167 69 67
54 8 68
25 23 69
54 45 70
171 106 71
174 2 72
188 121 73
148 152 74
80 21 75
168 49 76
175 8 77
164 69 78
119 156 79
147 191 80
105 195 81
60 100 82
185 70 83
14 55 84
89 160 85
145 3 86
134 69 87
112 26 88
119 200 89
124 51 90
101 120 91
71 192 92
96 157 93
82 143 94
122 186 95
165 78 96
155 109 97
164 75 98
68 101 99
85 5 100
2 180 101
22 67 102
162 197 103
70 112 104
168 147 105
4 182 106
194 33 107
182 76 108
156 74 109
146 131 110
199 172 111
190 13 112
148 73 113
123 47 114
122 105 115
157 195 116
29 35 117
45 65 118
183 59 119
85 54 120
177 151 121
80 39 122
190 53 123
134 146 124
191 142 125
138 69 126
153 182 127
105 114 128
197 95 129
78 37 130
156 114 131
176 16 132
22 43 133
79 109 134
50 30 135
14 187 136
121 126 137
6 20 138
133 100 139
116 27 140
80 35 141
31 155 142
195 167 143
113 6 144
93 32 145
196 103 146
134 62 147
156 189 148
165 14 149
102 28 150
42 39 151
46 26 152
142 117 153
119 162 154
129 63 155
143 46 156
141 52 157
10 182 158
180 186 159
174 158 160
121 65 161
124 188 162
130 52 163
54 24 164
113 133 165
61 47 166
101 87 167
17 155 168
149 141 169
54 95 170
81 4 171
32 62 172
86 19 173
119 191 174
52 86 175
140 34 176
35 142 177
87 144 178
174 146 179
167 84 180
81 57 181
46 182 182
15 188 183
9 6 184
162 130 185
188 173 186
62 142 187
139 26 188
7 155 189
187 112 190
3 182 191
99 152 192
75 90 193
148 36 194
56 8 195
118 81 196
125 176 197
152 16 198
82 110 199
89 43 200
8 35 201
88 181 202
16 45 203
79 138 204
181 68 205
38 46 206
158 102 207
119 163 208
72 182 209
73 33 210
30 28 211
41 52 212
39 139 213
86 25 214
39 48 215
121 159 216
39 1 217
23 105 218
137 131 219
181 129 220
182 47 221
136 31 222
167 67 223
162 93 224
103 101 225
60 121 226
110 78 227
67 137 228
9 143 229
108 38 230
32 6 231
28 133 232
177 189 233
182 150 234
61 90 235
35 7 236
60 62 237
157 77 238
14 173 239
48 132 240
98 91 241
136 66 242
146 184 243
43 97 244
102 38 245
75 179 246
170 46 247
22 87 248
80 66 249
92 168 250
174 181 251
183 79 252
196 142 253
170 175 254
143 179 255
38 86 256
37 61 257
185 196 258
85 97 259
17 7 260
17 49 261
75 178 262
143 39 263
103 105 264
111 62 265
100 112 266
27 2 267
190 150 268
33 39 269
178 57 270
11 175 271
66 13 272
191 152 273
6 65 274
156 163 275
165 124 276
144 135 277
81 167 278
70 77 279
26 117 280
125 30 281
70 38 282
18 16 283
68 136 284
103 102 285
155 23 286
179 175 287
153 22 288
11 134 289
59 121 290
104 95 291
37 161 292
70 76 293
132 93 294
52 102 295
120 1 296
14 193 297
158 26 298
12 14 299
177 178 300
99 105 301
182 178 302
164 94 303
141 86 304
141 188 305
67 181 306
9 95 307
81 99 308
99 62 309
169 144 310
136 199 311
18 119 312
192 180 313
93 100 314
2 77 315
155 70 316
104 103 317
137 176 318
162 129 319
141 29 320
49 133 321
103 52 322
95 23 323
139 42 324
134 188 325
3 180 326
6 79 327
114 175 328
95 18 329
77 31 330
153 113 331
46 36 332
88 44 333
142 107 334
7 195 335
63 154 336
22 86 337
120 21 338
146 125 339
77 188 340
39 28 341
5 68 342
69 11 343
166 13 344
152 74 345
109 163 346
73 82 347
11 170 348
176 134 349
5 49 350
181 123 351
46 73 352
120 193 353
146 21 354
33 152 355
193 27 356
112 175 357
198 4 358
121 102 359
82 4 360
82 190 361
49 167 362
186 177 363
4 63 364
86 131 365
50 52 366
46 5 367
124 163 368
66 135 369
51 164 370
43 69 371
83 71 372
191 24 373
89 105 374
78 162 375
104 110 376
127 160 377
140 93 378
140 81 379
17 120 380
143 91 381
107 116 382
120 50 383
79 136 384
21 85 385
22 30 386
64 80 387
58 60 388
58 161 389
90 127 390
152 142 391
12 135 392
7 70 393
189 131 394
88 19 395
187 75 396
170 118 397
25 103 398
196 164 399
127 108 400
50 145 401
116 77 402
6 188 403
45 188 404
127 184 405
91 80 406
186 134 407
139 29 408
23 67 409
73 163 410
63 13 411
16 76 412
62 129 413
62 194 414
83 102 415
54 156 416
21 91 417
8 49 418
1 107 419
88 103 420
9 24 421
19 101 422
126 47 423
136 38 424
139 12 425
86 26 426
196 187 427
18 152 428
128 132 429
29 172 430
46 81 431
47 125 432
101 105 433
35 124 434
32 37 435
62 191 436
170 136 437
45 185 438
106 134 439
48 185 440
126 115 441
11 37 442
59 30 443
132 107 444
131 21 445
141 1 446
186 125 447
113 93 448
136 105 449
26 16 450
20 23 451
185 35 452
22 173 453
10 186 454
185 78 455
132 161 456
133 155 457
90 45 458
52 33 459
178 56 460
149 178 461
172 139 462
177 138 463
21 175 464
149 106 465
179 11 466
103 192 467
58 39 468
20 107 469
90 108 470
117 48 471
102 175 472
108 155 473
162 49 474
102 105 475
114 76 476
128 172 477
143 93 478
40 20 479
153 104 480
106 116 481
15 65 482
147 85 483
53 130 484
157 107 485
27 155 486
121 158 487
40 102 488
99 185 489
123 125 490
197 73 491
82 21 492
128 51 493
58 32 494
174 98 495
50 27 496
31 56 497
99 49 498
119 96 499
139 153 500
189 159 501
95 74 502
32 83 503
87 159 504
17 170 505
9 46 506
195 43 507
147 153 508
192 7 509
78 57 510
16 126 511
60 171 512
68 159 513
35 70 514
19 165 515
138 100 516
70 78 517
22 55 518
7 190 519
92 19 520
23 183 521
79 13 522
141 122 523
97 153 524
184 40 525
55 140 526
5 198 527
103 158 528
198 161 529
6 128 530
120 104 531
197 185 532
105 14 533
57 163 534
148 151 535
95 66 536
191 71 537
25 89 538
87 126 539
197 161 540
42 67 541
46 157 542
92 181 543
122 1 544
21 34 545
51 156 546
188 89 547
69 200 548
195 155 549
79 194 550
164 114 551
151 121 552
8 47 553
111 190 554
49 149 555
70 120 556
108 142 557
8 90 558
86 36 559
51 150 560
67 41 561
195 37 562
34 86 563
79 123 564
138 180 565
70 190 566
165 139 567
78 124 568
162 165 569
132 150 570
194 130 571
133 10 572
172 151 573
162 84 574
127 121 575
62 175 576
55 28 577
91 70 578
122 128 579
23 108 580
27 81 581
167 44 582
147 62 583
54 121 584
167 132 585
117 96 586
60 120 587
187 50 588
191 9 589
62 103 590
24 44 591
138 131 592
87 54 593
66 178 594
47 144 595
170 191 596
1 143 597
104 97 598
123 76 599
143 131 600
52 142 601
25 166 602
75 6 603
106 174 604
43 77 605
13 144 606
68 164 607
24 138 608
145 176 609
147 166 610
71 46 611
96 114 612
130 147 613
180 33 614
91 57 615
171 73 616
104 20 617
169 45 618
140 167 619
130 118 620
199 5 621
120 115 622
16 155 623
184 68 624
2 152 625
184 187 626
23 179 627
48 183 628
133 64 629
153 158 630
160 63 631
128 141 632
151 137 633
4 122 634
57 111 635
133 168 636
101 56 637
149 166 638
32 198 639
86 1 640
64 96 641
200 18 642
149 18 643
3 29 644
35 48 645
45 31 646
142 20 647
191 89 648
62 124 649
114 32 650
44 53 651
166 133 652
95 178 653
114 58 654
34 185 655
70 148 656
149 22 657
191 181 658
107 25 659
110 17 660
72 155 661
92 161 662
106 97 663
84 18 664
161 77 665
156 13 666
174 173 667
174 178 668
197 4 669
96 163 670
112 16 671
142 54 672
165 108 673
162 175 674
156 52 675
17 37 676
125 87 677
149 61 678
171 19 679
189 73 680
74 80 681
39 13 682
149 23 683
96 91 684
5 73 685
41 147 686
160 46 687
36 192 688
135 110 689
68 195 690
81 156 691
114 196 692
114 158 693
56 6 694
55 74 695
39 186 696
187 157 697
147 111 698
155 181 699
39 24 700
2 178 701
129 199 702
51 93 703
125 85 704
183 86 705
98 172 706
189 33 707
86 40 708
134 63 709
94 175 710
82 108 711
59 113 712
179 130 713
40 110 714
14 123 715
106 140 716
126 177 717
92 110 718
91 71 719
144 106 720
65 89 721
151 120 722
131 46 723
162 74 724
104 138 725
68 95 726
18 135 727
12 49 728
108 40 729
105 124 730
55 129 731
197 5 732
162 10 733
60 110 734
31 10 735
76 65 736
156 141 737
114 69 738
197 78 739
76 132 740
32 81 741
4 20 742
74 130 743
59 152 744
152 105 745
57 7 746
59 18 747
10 64 748
28 105 749
61 9 750
103 200 751
179 82 752
106 194 753
73 14 754
156 147 755
188 98 756
74 8 757
101 147 758
197 168 759
8 158 760
86 159 761
149 151 762
43 93 763
199 85 764
47 67 765
67 13 766
98 178 767
119 48 768
180 52 769
164 101 770
54 31 771
4 167 772
30 9 773
104 83 774
76 135 775
98 190 776
108 124 777
200 128 778
104 68 779
115 104 780
148 50 781
191 106 782
190 33 783
130 133 784
116 137 785
87 138 786
180 61 787
109 87 788
88 66 789
81 43 790
8 38 791
179 87 792
87 148 793
12 17 794
17 64 795
127 187 796
1 121 797
151 84 798
177 96 799
99 187 800
128 3 801
5 93 802
94 150 803
61 186 804
109 173 805
186 68 806
161 89 807
117 68 808
195 66 809
167 109 810
30 20 811
171 37 812
164 182 813
1 16 814
92 196 815
120 34 816
104 175 817
187 71 818
162 115 819
36 45 820
189 165 821
65 180 822
133 61 823
45 5 824
94 149 825
198 114 826
99 50 827
187 87 828
9 171 829
132 70 830
180 188 831
143 21 832
124 176 833
154 15 834
137 56 835
94 38 836
121 34 837
49 26 838
32 68 839
176 81 840
134 49 841
51 159 842
161 107 843
175 117 844
133 88 845
172 126 846
39 74 847
150 76 848
151 198 849
83 8 850
106 131 851
67 29 852
134 66 853
185 26 854
22 63 855
150 79 856
109 30 857
197 140 858
99 106 859
38 64 860
62 127 861
35 46 862
192 2 863
88 189 864
173 90 865
144 173 866
59 157 867
54 15 868
185 86 869
42 72 870
54 108 871
187 166 872
81 192 873
47 122 874
58 107 875
16 101 876
41 194 877
116 36 878
75 122 879
77 179 880
63 171 881
87 77 882
80 153 883
182 117 884
113 139 885
143 20 886
9 163 887
162 77 888
198 121 889
15 161 890
160 115 891
126 91 892
154 36 893
45 98 894
185 87 895
152 182 896
27 105 897
75 106 898
194 103 899
29 17 900
169 106 901
181 196 902
37 125 903
12 37 904
110 22 905
95 143 906
155 199 907
73 78 908
132 92 909
8 33 910
127 181 911
80 124 912
186 48 913
140 14 914
184 175 915
64 28 916
41 1 917
167 197 918
49 159 919
60 134 920
41 169 921
108 145 922
90 125 923
47 113 924
68 8 925
167 181 926
78 172 927
152 60 928
116 173 929
36 59 930
188 38 931
31 168 932
144 133 933
133 197 934
155 24 935
4 26 936
61 97 937
119 192 938
160 137 939
124 130 940
11 1 941
147 137 942
3 142 943
166 159 944
14 103 945
32 145 946
39 174 947
121 137 948
79 125 949
191 118 950
76 179 951
110 195 952
127 26 953
129 14 954
35 41 955
34 51 956
43 184 957
175 165 958
50 79 959
152 23 960
132 148 961
101 121 962
126 32 963
68 108 964
147 120 965
116 65 966
40 98 967
102 63 968
88 80 969
148 58 970
90 51 971
48 145 972
6 5 973
172 192 974
56 10 975
121 30 976
195 40 977
160 156 978
12 159 979
176 182 980
105 40 981
51 192 982
75 12 983
168 124 984
64 30 985
175 181 986
21 141 987
188 183 988
53 119 989
118 75 990
82 155 991
194 101 992
132 88 993
160 66 994
186 158 995
68 135 996
73 123 997
122 64 998
134 36 999
30 51 1000
57 158 1001
91 84 1002
78 123 1003
157 3 1004
128 96 1005
72 64 1006
75 51 1007
26 115 1008
43 88 1009
89 32 1010
76 139 1011
20 121 1012
59 172 1013
113 160 1014
82 148 1015
147 132 1016
198 23 1017
12 166 1018
162 37 1019
100 10 1020
67 12 1021
123 99 1022
197 196 1023
1 183 1024
39 145 1025
156 42 1026
1 45 1027
105 19 1028
66 40 1029
42 83 1030
1 68 1031
92 134 1032
119 12 1033
163 176 1034
193 183 1035
103 26 1036
152 177 1037
80 174 1038
195 5 1039
52 58 1040
156 62 1041
156 185 1042
161 192 1043
178 76 1044
167 36 1045
157 35 1046
119 57 1047
63 18 1048
171 102 1049
124 101 1050
172 16 1051
139 125 1052
128 130 1053
53 1 1054
191 148 1055
197 99 1056
24 171 1057
14 159 1058
91 151 1059
161 118 1060
53 160 1061
196 91 1062
65 136 1063
23 12 1064
43 111 1065
111 115 1066
190 185 1067
25 14 1068
200 45 1069
43 84 1070
129 89 1071
48 68 1072
148 46 1073
129 178 1074
1 37 1075
85 71 1076
24 142 1077
27 101 1078
184 144 1079
22 18 1080
61 28 1081
18 35 1082
117 138 1083
33 92 1084
173 5 1085
194 1 1086
123 39 1087
156 38 1088
115 173 1089
187 70 1090
78 111 1091
178 135 1092
3 113 1093
163 42 1094
180 74 1095
69 66 1096
129 70 1097
187 142 1098
44 91 1099
42 167 1100
1 129 1101
194 186 1102
80 6 1103
143 184 1104
187 171 1105
168 161 1106
40 198 1107
64 117 1108
134 118 1109
12 51 1110
140 33 1111
30 122 1112
18 122 1113
125 26 1114
196 177 1115
153 187 1116
79 86 1117
197 135 1118
189 194 1119
32 18 1120
55 144 1121
33 30 1122
115 46 1123
192 177 1124
88 16 1125
176 96 1126
88 128 1127
146 16 1128
135 29 1129
110 31 1130
134 23 1131
41 181 1132
166 148 1133
73 167 1134
9 92 1135
8 92 1136
16 159 1137
172 93 1138
77 74 1139
133 191 1140
1 79 1141
2 15 1142
198 155 1143
102 100 1144
71 108 1145
35 150 1146
1 136 1147
68 29 1148
37 123 1149
153 13 1150
83 133 1151
185 138 1152
128 11 1153
179 106 1154
10 110 1155
168 27 1156
107 130 1157
71 59 1158
83 15 1159
48 177 1160
133 87 1161
60 16 1162
34 181 1163
200 153 1164
93 104 1165
118 93 1166
40 130 1167
55 151 1168
19 67 1169
82 194 1170
38 72 1171
163 98 1172
172 118 1173
127 149 1174
124 61 1175
141 198 1176
78 82 1177
137 107 1178
148 57 1179
183 118 1180
134 81 1181
105 129 1182
138 83 1183
185 110 1184
48 101 1185
146 52 1186
118 116 1187
147 150 1188
197 8 1189
152 13 1190
125 191 1191
195 104 1192
181 8 1193
194 185 1194
166 77 1195
83 92 1196
44 179 1197
136 123 1198
54 3 1199
72 10 1200
29 198 1201
40 172 1202
39 125 1203
159 126 1204
8 58 1205
135 114 1206
114 119 1207
185 111 1208
71 90 1209
161 140 1210
129 58 1211
98 39 1212
112 84 1213
178 176 1214
52 55 1215
85 15 1216
122 79 1217
25 118 1218
95 5 1219
29 83 1220
6 83 1221
40 16 1222
97 10 1223
181 86 1224
114 48 1225
121 143 1226
71 169 1227
80 14 1228
157 159 1229
145 22 1230
32 74 1231
144 164 1232
66 22 1233
138 30 1234
74 59 1235
18 109 1236
97 19 1237
159 135 1238
167 18 1239
45 142 1240
152 76 1241
126 193 1242
167 157 1243
171 158 1244
139 98 1245
178 112 1246
167 134 1247
133 67 1248
106 91 1249
77 119 1250
182 184 1251
66 65 1252
32 63 1253
189 69 1254
74 62 1255
13 170 1256
153 134 1257
164 195 1258
127 75 1259
12 43 1260
17 146 1261
137 61 1262
110 199 1263
21 69 1264
111 172 1265
63 70 1266
112 29 1267
134 30 1268
110 116 1269
114 75 1270
105 34 1271
137 10 1272
72 13 1273
40 199 1274
97 162 1275
102 112 1276
100 50 1277
73 150 1278
71 100 1279
128 98 1280
136 23 1281
21 148 1282
71 98 1283
193 130 1284
98 187 1285
145 200 1286
190 187 1287
43 67 1288
37 189 1289
28 44 1290
42 136 1291
172 159 1292
32 12 1293
138 66 1294
64 140 1295
9 98 1296
49 78 1297
62 192 1298
124 141 1299
144 119 1300
90 37 1301
16 171 1302
7 161 1303
123 142 1304
27 103 1305
86 65 1306
63 69 1307
150 109 1308
120 62 1309
191 141 1310
121 98 1311
28 22 1312
4 10 1313
12 72 1314
70 51 1315
32 154 1316
70 41 1317
54 30 1318
85 90 1319
98 134 1320
187 169 1321
197 60 1322
37 54 1323
155 174 1324
121 25 1325
27 35 1326
163 190 1327
193 90 1328
79 66 1329
113 156 1330
188 34 1331
102 198 1332
18 193 1333
78 94 1334
5 52 1335
99 52 1336
55 123 1337
193 30 1338
190 126 1339
177 62 1340
63 99 1341
81 127 1342
79 67 1343
8 154 1344
136 109 1345
110 166 1346
27 157 1347
56 12 1348
135 182 1349
5 28 1350
180 157 1351
172 79 1352
52 32 1353
9 188 1354
124 49 1355
155 129 1356
9 36 1357
33 128 1358
28 181 1359
28 199 1360
67 144 1361
59 64 1362
84 73 1363
134 172 1364
129 192 1365
166 169 1366
116 79 1367
11 61 1368
116 28 1369
138 167 1370
24 183 1371
117 70 1372
124 129 1373
2 8 1374
178 92 1375
25 100 1376
167 170 1377
109 182 1378
117 53 1379
163 21 1380
145 51 1381
8 165 1382
19 29 1383
141 169 1384
13 194 1385
77 56 1386
154 86 1387
13 110 1388
175 10 1389
183 167 1390
152 25 1391
3 188 1392
85 154 1393
129 7 1394
66 28 1395
48 154 1396
188 139 1397
47 39 1398
114 149 1399
152 112 1400
64 21 1401
127 60 1402
83 66 1403
98 119 1404
121 79 1405
138 13 1406
13 193 1407
198 128 1408
73 192 1409
200 70 1410
66 10 1411
72 150 1412
176 189 1413
7 163 1414
178 106 1415
185 97 1416
1 46 1417
30 55 1418
158 82 1419
143 57 1420
23 124 1421
192 111 1422
29 177 1423
148 29 1424
73 51 1425
188 166 1426
164 11 1427
10 166 1428
138 111 1429
142 186 1430
112 169 1431
101 138 1432
29 199 1433
134 77 1434
177 45 1435
176 4 1436
114 63 1437
126 182 1438
93 173 1439
91 177 1440
107 99 1441
177 76 1442
196 23 1443
110 188 1444
187 191 1445
74 102 1446
63 136 1447
74 36 1448
188 148 1449
119 149 1450
183 76 1451
117 155 1452
122 101 1453
172 8 1454
187 16 1455
107 117 1456
112 147 1457
10 144 1458
152 176 1459
85 43 1460
46 171 1461
194 64 1462
167 98 1463
129 123 1464
86 196 1465
85 130 1466
114 67 1467
137 36 1468
152 156 1469
48 134 1470
9 70 1471
164 176 1472
168 50 1473
63 180 1474
188 55 1475
148 172 1476
103 139 1477
110 109 1478
154 18 1479
150 47 1480
130 50 1481
140 21 1482
6 11 1483
15 177 1484
19 91 1485
109 47 1486
170 185 1487
7 98 1488
189 2 1489
163 25 1490
10 42 1491
34 173 1492
4 19 1493
169 24 1494
147 50 1495
147 83 1496
190 143 1497
65 87 1498
4 170 1499
55 122 1500
144 63 1501
130 62 1502
24 135 1503
70 183 1504
20 181 1505
63 197 1506
36 179 1507
74 56 1508
174 44 1509
82 188 1510
98 79 1511
82 31 1512
105 6 1513
32 65 1514
194 6 1515
4 78 1516
151 182 1517
131 150 1518
50 42 1519
98 33 1520
190 74 1521
105 80 1522
5 50 1523
75 143 1524
198 89 1525
110 130 1526
35 32 1527
74 177 1528
19 117 1529
54 137 1530
60 10 1531
160 118 1532
164 98 1533
165 60 1534
133 161 1535
125 197 1536
50 47 1537
87 102 1538
103 84 1539
161 55 1540
3 42 1541
48 49 1542
183 89 1543
167 176 1544
117 145 1545
72 63 1546
126 132 1547
95 182 1548
148 62 1549
86 168 1550
124 137 1551
128 8 1552
60 90 1553
58 30 1554
188 109 1555
150 163 1556
105 9 1557
132 29 1558
33 10 1559
147 2 1560
67 195 1561
66 90 1562
149 56 1563
106 85 1564
133 169 1565
194 157 1566
177 143 1567
39 101 1568
13 197 1569
34 92 1570
123 126 1571
88 57 1572
132 10 1573
65 48 1574
99 87 1575
166 125 1576
84 104 1577
41 85 1578
149 131 1579
44 151 1580
14 69 1581
163 28 1582
35 166 1583
119 101 1584
193 25 1585
143 141 1586
50 26 1587
17 126 1588
174 71 1589
171 142 1590
142 176 1591
100 28 1592
50 25 1593
171 28 1594
116 191 1595
95 150 1596
89 120 1597
145 86 1598
157 103 1599
95 20 1600
10 183 1601
29 4 1602
79 129 1603
134 19 1604
81 115 1605
155 185 1606
25 108 1607
14 22 1608
56 86 1609
140 3 1610
100 89 1611
68 151 1612
196 125 1613
24 143 1614
115 131 1615
36 110 1616
36 152 1617
25 57 1618
22 138 1619
138 141 1620
54 100 1621
116 121 1622
190 66 1623
25 113 1624
157 40 1625
58 102 1626
136 138 1627
58 82 1628
53 57 1629
127 1 1630
120 167 1631
18 65 1632
103 21 1633
131 71 1634
135 99 1635
100 161 1636
125 172 1637
90 23 1638
193 51 1639
20 34 1640
146 168 1641
73 173 1642
112 96 1643
167 180 1644
34 68 1645
177 200 1646
138 197 1647
119 109 1648
141 140 1649
40 171 1650
70 118 1651
82 117 1652
143 104 1653
14 157 1654
94 180 1655
72 112 1656
132 51 1657
13 91 1658
179 180 1659
70 50 1660
30 191 1661
33 72 1662
109 66 1663
183 45 1664
16 120 1665
192 140 1666
167 34 1667
127 195 1668
99 191 1669
144 6 1670
177 128 1671
17 140 1672
49 15 1673
137 149 1674
34 143 1675
66 115 1676
181 194 1677
127 197 1678
102 191 1679
112 110 1680
143 197 1681
139 158 1682
199 134 1683
8 91 1684
192 53 1685
28 124 1686
58 79 1687
87 195 1688
88 15 1689
119 10 1690
106 53 1691
46 153 1692
96 56 1693
137 11 1694
138 171 1695
106 125 1696
142 170 1697
168 157 1698
95 198 1699
176 100 1700
186 146 1701
107 180 1702
175 46 1703
96 122 1704
18 1 1705
175 67 1706
157 1 1707
191 86 1708
103 123 1709
192 25 1710
65 19 1711
17 177 1712
185 199 1713
163 129 1714
115 77 1715
138 58 1716
180 193 1717
187 154 1718
149 173 1719
10 82 1720
58 133 1721
87 3 1722
71 180 1723
52 19 1724
77 40 1725
161 60 1726
33 77 1727
133 183 1728
133 69 1729
181 137 1730
160 152 1731
73 93 1732
199 2 1733
78 65 1734
74 7 1735
18 8 1736
186 94 1737
128 80 1738
100 182 1739
44 142 1740
54 68 1741
71 168 1742
184 117 1743
142 185 1744
105 128 1745
50 152 1746
68 194 1747
70 146 1748
42 194 1749
111 154 1750
151 29 1751
79 177 1752
63 167 1753
198 3 1754
82 76 1755
15 43 1756
130 46 1757
195 169 1758
193 119 1759
88 117 1760
81 91 1761
184 179 1762
192 145 1763
184 107 1764
109 41 1765
7 66 1766
126 164 1767
40 32 1768
150 103 1769
64 89 1770
62 117 1771
8 19 1772
63 153 1773
2 114 1774
133 45 1775
35 100 1776
85 191 1777
113 177 1778
118 195 1779
155 139 1780
10 85 1781
78 62 1782
68 33 1783
1 138 1784
27 118 1785
2 53 1786
123 150 1787
86 87 1788
28 27 1789
87 128 1790
141 121 1791
23 86 1792
65 133 1793
73 166 1794
143 99 1795
93 68 1796
196 200 1797
133 32 1798
108 183 1799
84 142 1800
163 125 1801
17 118 1802
94 26 1803
142 22 1804
87 29 1805
49 25 1806
90 131 1807
87 177 1808
115 99 1809
102 143 1810
123 25 1811
155 46 1812
99 48 1813
20 77 1814
145 195 1815
114 39 1816
134 187 1817
115 59 1818
90 140 1819
127 79 1820
119 44 1821
159 2 1822
116 135 1823
196 127 1824
1 94 1825
46 37 1826
189 153 1827
78 148 1828
127 124 1829
74 1 1830
48 163 1831
158 89 1832
2 108 1833
161 154 1834
105 8 1835
125 58 1836
121 122 1837
108 148 1838
161 105 1839
152 184 1840
135 91 1841
161 170 1842
53 21 1843
82 175 1844
44 154 1845
40 111 1846
170 105 1847
45 159 1848
65 165 1849
35 4 1850
41 45 1851
41 138 1852
148 194 1853
30 96 1854
98 175 1855
2 29 1856
160 148 1857
181 98 1858
177 49 1859
81 125 1860
199 81 1861
26 55 1862
152 157 1863
184 32 1864
81 168 1865
148 170 1866
19 113 1867
180 7 1868
13 151 1869
145 140 1870
74 6 1871
24 112 1872
56 190 1873
156 128 1874
1 96 1875
100 118 1876
142 121 1877
77 177 1878
194 154 1879
103 177 1880
86 69 1881
26 189 1882
126 33 1883
97 119 1884
29 74 1885
127 136 1886
184 84 1887
153 103 1888
113 62 1889
13 61 1890
73 55 1891
171 45 1892
89 82 1893
90 163 1894
198 108 1895
34 91 1896
55 157 1897
13 180 1898
116 15 1899
106 105 1900
140 114 1901
176 20 1902
59 79 1903
96 75 1904
101 44 1905
59 131 1906
149 5 1907
1 58 1908
33 11 1909
166 76 1910
116 111 1911
191 184 1912
3 199 1913
50 119 1914
68 67 1915
187 173 1916
193 124 1917
156 148 1918
199 103 1919
172 65 1920
61 62 1921
53 157 1922
154 135 1923
146 149 1924
16 97 1925
191 189 1926
94 143 1927
164 35 1928
36 56 1929
128 31 1930
101 199 1931
118 159 1932
7 178 1933
186 128 1934
22 100 1935
140 52 1936
44 43 1937
180 148 1938
32 24 1939
121 193 1940
195 97 1941
165 44 1942
28 71 1943
166 162 1944
70 149 1945
76 188 1946
169 194 1947
75 73 1948
164 83 1949
7 65 1950
66 172 1951
88 92 1952
200 149 1953
126 3 1954
104 72 1955
17 111 1956
190 61 1957
24 188 1958
153 64 1959
163 186 1960
38 149 1961
3 71 1962
191 115 1963
44 190 1964
35 140 1965
17 24 1966
75 116 1967
119 139 1968
174 120 1969
65 56 1970
19 194 1971
43 9 1972
19 153 1973
172 99 1974
146 166 1975
186 79 1976
159 129 1977
141 125 1978
26 137 1979
195 22 1980
77 191 1981
137 161 1982
192 107 1983
29 124 1984
41 10 1985
24 132 1986
62 26 1987
4 13 1988
135 179 1989
11 161 1990
19 179 1991
170 33 1992
135 127 1993
199 18 1994
86 118 1995
98 83 1996
115 180 1997
200 124 1998
191 175 1999
117 146 2000
32 122 2001
6 71 2002
28 114 2003
21 162 2004
123 66 2005
16 85 2006
150 156 2007
21 181 2008
76 170 2009
29 25 2010
100 152 2011
42 197 2012
77 92 2013
117 115 2014
96 115 2015
13 147 2016
149 177 2017
45 113 2018
193 103 2019
17 154 2020
78 167 2021
68 38 2022
197 31 2023
89 193 2024
49 140 2025
27 62 2026
19 26 2027
174 190 2028
79 128 2029
130 97 2030
20 165 2031
139 116 2032
183 122 2033
3 9 2034
195 152 2035
53 171 2036
143 41 2037
169 92 2038
26 187 2039
113 172 2040
170 124 2041
97 187 2042
126 194 2043
99 69 2044
97 93 2045
19 85 2046
192 21 2047
200 141 2048
95 160 2049
41 190 2050
102 33 2051
179 88 2052
136 99 2053
137 166 2054
192 33 2055
127 102 2056
19 46 2057
140 193 2058
58 63 2059
30 68 2060
21 190 2061
135 131 2062
168 60 2063
196 171 2064
36 169 2065
144 83 2066
85 133 2067
153 43 2068
40 93 2069
34 43 2070
92 12 2071
181 168 2072
131 89 2073
18 77 2074
44 10 2075
73 131 2076
65 170 2077
177 6 2078
30 32 2079
148 68 2080
161 151 2081
45 58 2082
31 158 2083
168 13 2084
161 23 2085
124 186 2086
106 7 2087
188 57 2088
148 146 2089
93 22 2090
106 158 2091
200 183 2092
53 8 2093
101 187 2094
86 68 2095
170 160 2096
178 48 2097
180 164 2098
108 181 2099
95 149 2100
87 171 2101
44 144 2102
52 76 2103
173 60 2104
11 122 2105
156 25 2106
54 200 2107
74 18 2108
66 81 2109
140 134 2110
32 73 2111
132 30 2112
98 105 2113
9 142 2114
97 103 2115
15 117 2116
2 93 2117
181 157 2118
46 112 2119
92 111 2120
168 151 2121
114 155 2122
142 86 2123
190 12 2124
185 23 2125
37 199 2126
129 135 2127
102 166 2128
22 160 2129
158 128 2130
62 12 2131
101 141 2132
53 120 2133
43 138 2134
145 188 2135
122 100 2136
32 31 2137
35 47 2138
109 100 2139
117 133 2140
20 183 2141
121 183 2142
48 67 2143
62 144 2144
131 87 2145
47 36 2146
65 40 2147
9 62 2148
113 75 2149
102 199 2150
94 5 2151
171 157 2152
50 172 2153
125 170 2154
153 78 2155
91 119 2156
121 56 2157
89 69 2158
16 33 2159
199 151 2160
1 158 2161
117 21 2162
34 154 2163
27 17 2164
183 63 2165
184 165 2166
80 109 2167
94 50 2168
51 11 2169
103 169 2170
56 146 2171
22 130 2172
19 154 2173
33 119 2174
190 29 2175
130 8 2176
191 54 2177
110 85 2178
23 40 2179
154 124 2180
186 31 2181
154 173 2182
68 183 2183
197 89 2184
3 28 2185
122 132 2186
61 112 2187
93 196 2188
199 30 2189
18 40 2190
113 157 2191
138 11 2192
139 124 2193
40 149 2194
154 198 2195
51 198 2196
106 8 2197
83 34 2198
100 194 2199
67 35 2200
195 136 2201
70 82 2202
135 170 2203
5 24 2204
25 7 2205
43 56 2206
88 185 2207
197 74 2208
148 165 2209
165 115 2210
36 125 2211
126 197 2212
57 12 2213
140 200 2214
197 40 2215
43 27 2216
188 122 2217
152 181 2218
16 22 2219
59 53 2220
33 181 2221
123 30 2222
91 73 2223
39 59 2224
56 148 2225
167 129 2226
143 81 2227
88 152 2228
143 38 2229
94 19 2230
146 121 2231
124 70 2232
96 2 2233
169 145 2234
157 130 2235
6 124 2236
1 54 2237
163 157 2238
143 194 2239
147 84 2240
188 105 2241
110 128 2242
33 91 2243
190 154 2244
13 58 2245
32 17 2246
5 126 2247
47 165 2248
142 68 2249
186 145 2250
70 75 2251
97 179 2252
145 141 2253
120 169 2254
121 81 2255
30 72 2256
171 75 2257
162 33 2258
129 50 2259
106 180 2260
166 6 2261
129 198 2262
10 92 2263
72 189 2264
30 150 2265
49 98 2266
43 101 2267
101 107 2268
3 151 2269
78 74 2270
7 185 2271
30 136 2272
194 35 2273
72 130 2274
184 22 2275
96 22 2276
85 176 2277
19 95 2278
115 56 2279
114 11 2280
151 150 2281
41 77 2282
155 124 2283
62 131 2284
177 141 2285
74 172 2286
166 132 2287
177 93 2288
118 87 2289
25 88 2290
46 64 2291
49 45 2292
177 136 2293
106 5 2294
50 10 2295
102 125 2296
61 148 2297
39 85 2298
68 146 2299
85 62 2300
178 86 2301
111 93 2302
97 136 2303
45 182 2304
113 86 2305
21 11 2306
77 142 2307
135 108 2308
70 31 2309
163 174 2310
169 186 2311
17 60 2312
26 33 2313
137 133 2314
156 124 2315
77 118 2316
21 106 2317
53 162 2318
178 79 2319
84 163 2320
98 51 2321
15 78 2322
110 140 2323
61 24 2324
76 41 2325
61 41 2326
47 156 2327
12 134 2328
164 127 2329
128 123 2330
15 197 2331
188 87 2332
173 177 2333
104 156 2334
22 2 2335
100 31 2336
54 10 2337
157 18 2338
97 41 2339
100 4 2340
182 157 2341
147 6 2342
110 155 2343
23 175 2344
45 123 2345
86 7 2346
77 39 2347
23 59 2348
33 178 2349
58 70 2350
147 158 2351
29 170 2352
192 152 2353
62 95 2354
139 90 2355
144 21 2356
9 48 2357
33 17 2358
91 127 2359
108 19 2360
115 128 2361
179 200 2362
146 143 2363
139 159 2364
133 143 2365
80 103 2366
118 178 2367
149 176 2368
121 27 2369
46 102 2370
27 54 2371
36 87 2372
53 159 2373
125 105 2374
152 71 2375
157 51 2376
177 161 2377
100 197 2378
189 195 2379
130 112 2380
175 197 2381
175 50 2382
4 66 2383
186 171 2384
17 38 2385
81 158 2386
91 117 2387
47 140 2388
170 128 2389
113 82 2390
169 142 2391
91 50 2392
144 150 2393
88 54 2394
109 187 2395
107 16 2396
157 56 2397
127 183 2398
94 49 2399
84 148 2400
77 46 2401
62 43 2402
133 186 2403
140 100 2404
77 76 2405
48 168 2406
70 107 2407
73 126 2408
193 98 2409
166 31 2410
53 165 2411
145 55 2412
157 80 2413
199 174 2414
110 52 2415
2 116 2416
74 82 2417
117 127 2418
172 164 2419
194 56 2420
4 142 2421
101 32 2422
111 3 2423
91 17 2424
66 153 2425
117 153 2426
103 161 2427
183 173 2428
199 33 2429
116 61 2430
29 129 2431
137 158 2432
19 11 2433
74 38 2434
40 64 2435
131 162 2436
175 122 2437
21 1 2438
60 138 2439
99 34 2440
83 79 2441
150 54 2442
125 115 2443
86 130 2444
54 39 2445
176 37 2446
140 28 2447
150 170 2448
69 104 2449
137 77 2450
176 24 2451
185 188 2452
83 191 2453
100 52 2454
101 89 2455
32 171 2456
19 186 2457
48 141 2458
173 67 2459
192 87 2460
162 116 2461
48 24 2462
138 39 2463
18 85 2464
8 111 2465
124 111 2466
55 183 2467
72 81 2468
28 81 2469
170 195 2470
166 68 2471
106 64 2472
39 68 2473
131 44 2474
98 117 2475
85 101 2476
76 124 2477
75 78 2478
70 194 2479
24 139 2480
164 137 2481
162 156 2482
190 175 2483
162 17 2484
40 99 2485
99 110 2486
178 116 2487
106 29 2488
6 158 2489
141 40 2490
56 47 2491
193 131 2492
2 43 2493
22 68 2494
19 58 2495
93 33 2496
140 65 2497
161 193 2498
162 120 2499
69 143 2500
58 136 2501
92 97 2502
34 176 2503
16 72 2504
43 5 2505
185 22 2506
45 112 2507
163 14 2508
126 161 2509
13 128 2510
36 55 2511
24 30 2512
86 97 2513
172 100 2514
197 77 2515
162 178 2516
141 42 2517
3 41 2518
80 176 2519
26 132 2520
30 38 2521
34 103 2522
86 190 2523
157 64 2524
146 152 2525
135 175 2526
163 27 2527
140 101 2528
68 177 2529
95 161 2530
192 176 2531
107 84 2532
15 63 2533
196 27 2534
88 7 2535
16 113 2536
159 99 2537
127 67 2538
25 133 2539
88 194 2540
53 183 2541
161 176 2542
33 183 2543
169 176 2544
68 24 2545
80 142 2546
96 199 2547
14 23 2548
145 54 2549
123 141 2550
121 67 2551
40 7 2552
20 200 2553
107 114 2554
94 60 2555
119 173 2556
59 125 2557
54 134 2558
80 169 2559
192 4 2560
137 101 2561
71 84 2562
193 70 2563
38 57 2564
137 73 2565
155 136 2566
92 127 2567
37 16 2568
13 43 2569
135 35 2570
190 68 2571
110 87 2572
59 13 2573
128 191 2574
108 159 2575
177 114 2576
72 191 2577
28 174 2578
128 23 2579
4 99 2580
179 48 2581
35 149 2582
62 168 2583
173 126 2584
98 95 2585
43 159 2586
175 38 2587
53 96 2588
143 23 2589
114 133 2590
29 27 2591
43 80 2592
129 108 2593
9 1 2594
185 83 2595
124 7 2596
151 46 2597
11 64 2598
136 111 2599
192 195 2600
57 9 2601
78 42 2602
200 190 2603
160 103 2604
109 115 2605
118 39 2606
99 181 2607
187 29 2608
116 63 2609
45 143 2610
15 196 2611
55 75 2612
34 14 2613
78 99 2614
36 60 2615
30 104 2616
120 99 2617
190 77 2618
143 31 2619
48 55 2620
129 177 2621
106 197 2622
158 194 2623
172 91 2624
197 147 2625
22 120 2626
72 153 2627
20 103 2628
199 61 2629
193 159 2630
10 116 2631
89 77 2632
100 81 2633
177 70 2634
61 145 2635
111 19 2636
174 132 2637
135 4 2638
181 30 2639
152 161 2640
80 102 2641
122 170 2642
186 119 2643
144 77 2644
7 139 2645
41 173 2646
170 116 2647
65 156 2648
129 40 2649
78 151 2650
186 83 2651
135 79 2652
188 150 2653
45 27 2654
128 72 2655
134 169 2656
109 193 2657
181 84 2658
88 73 2659
189 36 2660
68 94 2661
124 92 2662
74 106 2663
153 108 2664
32 71 2665
124 118 2666
191 200 2667
68 83 2668
1 180 2669
132 55 2670
5 179 2671
59 8 2672
90 197 2673
200 95 2674
27 198 2675
32 177 2676
175 113 2677
135 20 2678
13 123 2679
160 107 2680
1 73 2681
134 178 2682
29 137 2683
197 85 2684
33 80 2685
28 104 2686
25 132 2687
142 124 2688
139 4 2689
92 51 2690
35 187 2691
46 111 2692
74 104 2693
119 197 2694
156 194 2695
105 10 2696
94 129 2697
41 40 2698
180 103 2699
100 144 2700
65 53 2701
9 129 2702
5 162 2703
125 27 2704
74 45 2705
115 187 2706
50 6 2707
144 51 2708
4 96 2709
58 103 2710
59 42 2711
190 55 2712
34 199 2713
67 90 2714
130 11 2715
62 20 2716
53 52 2717
121 69 2718
86 194 2719
148 71 2720
87 19 2721
96 134 2722
86 161 2723
127 3 2724
67 63 2725
88 198 2726
180 197 2727
95 85 2728
155 143 2729
32 47 2730
22 186 2731
147 58 2732
31 4 2733
28 77 2734
7 138 2735
43 168 2736
65 147 2737
159 143 2738
18 113 2739
19 50 2740
171 78 2741
187 31 2742
102 193 2743
94 71 2744
124 91 2745
158 36 2746
64 148 2747
36 198 2748
99 45 2749
5 172 2750
133 27 2751
62 58 2752
195 63 2753
61 132 2754
33 45 2755
138 123 2756
33 49 2757
52 134 2758
19 39 2759
107 113 2760
82 120 2761
155 192 2762
116 143 2763
147 128 2764
26 5 2765
169 94 2766
7 154 2767
77 58 2768
170 139 2769
109 14 2770
120 107 2771
10 154 2772
197 16 2773
180 49 2774
141 27 2775
78 155 2776
192 189 2777
157 12 2778
56 28 2779
93 126 2780
11 39 2781
151 125 2782
105 36 2783
146 150 2784
4 62 2785
12 70 2786
135 137 2787
159 1 2788
82 138 2789
55 100 2790
196 102 2791
109 194 2792
100 17 2793
57 18 2794
119 15 2795
99 156 2796
23 93 2797
25 64 2798
181 18 2799
112 15 2800
13 77 2801
183 22 2802
32 100 2803
71 12 2804
88 135 2805
70 144 2806
108 67 2807
48 6 2808
108 99 2809
57 15 2810
51 74 2811
143 174 2812
151 39 2813
176 49 2814
40 121 2815
46 147 2816
98 124 2817
31 33 2818
36 84 2819
13 62 2820
62 161 2821
174 185 2822
85 73 2823
138 61 2824
24 91 2825
135 147 2826
21 88 2827
189 197 2828
185 69 2829
186 165 2830
163 142 2831
77 174 2832
123 115 2833
82 159 2834
64 99 2835
51 172 2836
27 160 2837
172 103 2838
195 53 2839
171 97 2840
80 199 2841
46 169 2842
115 167 2843
48 17 2844
89 62 2845
85 149 2846
79 153 2847
95 44 2848
142 113 2849
74 50 2850
105 20 2851
115 196 2852
3 65 2853
106 33 2854
5 127 2855
122 2 2856
123 53 2857
25 128 2858
190 141 2859
190 191 2860
120 44 2861
2 28 2862
62 166 2863
85 55 2864
56 162 2865
64 181 2866
33 41 2867
108 93 2868
161 51 2869
150 154 2870
180 10 2871
124 138 2872
131 27 2873
121 135 2874
116 194 2875
199 142 2876
32 157 2877
14 189 2878
150 91 2879
1 186 2880
181 79 2881
141 126 2882
4 17 2883
189 173 2884
77 60 2885
41 82 2886
95 103 2887
140 166 2888
8 179 2889
113 158 2890
184 30 2891
27 190 2892
192 46 2893
21 52 2894
3 46 2895
156 32 2896
141 171 2897
122 177 2898
33 108 2899
108 53 2900
140 75 2901
164 34 2902
47 192 2903
60 123 2904
102 157 2905
20 180 2906
46 105 2907
83 60 2908
192 150 2909
37 134 2910
95 71 2911
39 172 2912
126 11 2913
152 35 2914
73 109 2915
108 130 2916
175 19 2917
68 107 2918
113 146 2919
39 45 2920
3 172 2921
171 149 2922
154 105 2923
195 9 2924
178 25 2925
132 45 2926
186 157 2927
90 39 2928
53 26 2929
175 160 2930
23 73 2931
113 199 2932
88 41 2933
17 95 2934
123 6 2935
108 52 2936
196 77 2937
141 105 2938
130 175 2939
144 75 2940
116 23 2941
192 28 2942
195 18 2943
97 95 2944
75 125 2945
135 34 2946
146 5 2947
26 160 2948
170 129 2949
42 24 2950
22 133 2951
65 44 2952
137 178 2953
8 86 2954
83 132 2955
162 155 2956
188 60 2957
80 181 2958
93 152 2959
50 57 2960
114 172 2961
95 3 2962
60 132 2963
24 113 2964
172 146 2965
75 100 2966
160 147 2967
162 60 2968
12 60 2969
166 200 2970
37 5 2971
16 92 2972
38 178 2973
23 56 2974
167 68 2975
28 149 2976
176 31 2977
53 104 2978
90 170 2979
138 153 2980
97 99 2981
125 133 2982
92 116 2983
124 107 2984
169 18 2985
61 157 2986
11 34 2987
105 180 2988
170 171 2989
84 29 2990
133 120 2991
116 52 2992
63 52 2993
28 166 2994
147 29 2995
65 169 2996
190 67 2997
35 133 2998
89 137 2999
103 44 3000
41 19 3001
24 60 3002
28 46 3003
73 79 3004
200 41 3005
43 7 3006
108 176 3007
71 167 3008
10 67 3009
5 34 3010
6 161 3011
71 89 3012
16 31 3013
77 67 3014
16 87 3015
5 166 3016
139 150 3017
29 32 3018
116 78 3019
176 70 3020
176 130 3021
77 93 3022
170 47 3023
56 24 3024
65 190 3025
18 48 3026
139 72 3027
91 115 3028
24 87 3029
18 24 3030
26 174 3031
200 90 3032
141 127 3033
163 170 3034
139 66 3035
134 109 3036
58 73 3037
89 26 3038
63 61 3039
38 54 3040
40 162 3041
131 19 3042
182 40 3043
175 2 3044
87 172 3045
176 14 3046
24 110 3047
29 52 3048
129 3 3049
97 4 3050
15 69 3051
155 187 3052
137 106 3053
93 94 3054
91 160 3055
134 175 3056
151 174 3057
131 169 3058
183 149 3059
114 29 3060
39 117 3061
198 186 3062
155 120 3063
151 37 3064
140 177 3065
85 128 3066
55 170 3067
113 92 3068
44 116 3069
170 25 3070
58 116 3071
116 175 3072
97 22 3073
16 93 3074
8 152 3075
52 92 3076
171 119 3077
53 118 3078
141 137 3079
113 138 3080
163 72 3081
158 88 3082
176 78 3083
58 78 3084
167 91 3085
183 40 3086
4 60 3087
198 61 3088
35 10 3089
97 152 3090
130 68 3091
46 137 3092
164 78 3093
159 183 3094
12 130 3095
175 168 3096
149 158 3097
7 28 3098
63 84 3099
197 79 3100
109 198 3101
62 15 3102
195 188 3103
124 5 3104
42 18 3105
191 70 3106
105 83 3107
102 176 3108
2 188 3109
127 4 3110
124 36 3111
43 98 3112
145 9 3113
27 147 3114
57 154 3115
6 104 3116
191 95 3117
132 59 3118
151 45 3119
60 133 3120
111 16 3121
69 156 3122
140 130 3123
195 100 3124
118 168 3125
131 167 3126
75 61 3127
124 54 3128
126 64 3129
35 92 3130
55 172 3131
66 52 3132
91 9 3133
97 129 3134
70 172 3135
53 176 3136
82 131 3137
190 19 3138
170 117 3139
4 107 3140
175 96 3141
44 149 3142
194 85 3143
186 38 3144
52 8 3145
198 149 3146
154 197 3147
36 172 3148
159 76 3149
157 193 3150
57 191 3151
58 24 3152
129 200 3153
152 84 3154
101 60 3155
67 6 3156
35 176 3157
21 102 3158
172 57 3159
77 176 3160
171 26 3161
58 97 3162
109 54 3163
142 168 3164
103 110 3165
142 36 3166
14 147 3167
136 100 3168
45 81 3169
189 184 3170
18 97 3171
74 87 3172
163 70 3173
184 178 3174
30 164 3175
152 89 3176
80 15 3177
193 71 3178
163 54 3179
38 157 3180
24 146 3181
32 96 3182
198 14 3183
161 101 3184
164 160 3185
66 51 3186
122 99 3187
34 55 3188
95 40 3189
15 143 3190
184 192 3191
120 97 3192
18 123 3193
96 80 3194
176 26 3195
196 13 3196
29 39 3197
183 182 3198
169 163 3199
178 29 3200
111 74 3201
55 68 3202
21 195 3203
114 33 3204
22 64 3205
54 86 3206
163 76 3207
141 168 3208
116 190 3209
155 182 3210
170 79 3211
115 161 3212
9 189 3213
129 12 3214
183 47 3215
47 52 3216
47 138 3217
177 5 3218
76 50 3219
194 3 3220
50 38 3221
128 107 3222
182 54 3223
27 95 3224
157 25 3225
4 189 3226
189 90 3227
40 193 3228
36 33 3229
104 179 3230
112 28 3231
166 89 3232
75 119 3233
13 80 3234
21 9 3235
144 39 3236
155 39 3237
82 64 3238
109 172 3239
39 2 3240
79 130 3241
110 30 3242
55 64 3243
47 12 3244
179 103 3245
79 106 3246
161 134 3247
129 24 3248
29 108 3249
31 147 3250
42 49 3251
133 16 3252
141 55 3253
136 185 3254
196 143 3255
198 17 3256
169 17 3257
116 54 3258
190 169 3259
166 193 3260
78 43 3261
174 91 3262
51 165 3263
188 62 3264
6 118 3265
30 140 3266
107 183 3267
106 108 3268
32 140 3269
198 135 3270
10 107 3271
195 106 3272
142 173 3273
75 57 3274
31 78 3275
181 138 3276
95 138 3277
181 35 3278
173 106 3279
59 68 3280
42 21 3281
44 56 3282
3 110 3283
139 167 3284
41 38 3285
73 164 3286
83 109 3287
142 91 3288
70 17 3289
113 194 3290
148 137 3291
40 88 3292
24 181 3293
169 95 3294
177 116 3295
119 104 3296
61 40 3297
55 167 3298
171 168 3299
164 163 3300
124 100 3301
73 48 3302
144 43 3303
37 180 3304
65 155 3305
38 181 3306
161 102 3307
194 31 3308
156 10 3309
119 56 3310
150 38 3311
196 55 3312
50 115 3313
50 75 3314
52 23 3315
11 99 3316
124 190 3317
150 121 3318
172 162 3319
41 170 3320
76 194 3321
63 104 3322
85 160 3323
199 53 3324
22 75 3325
150 25 3326
14 188 3327
17 99 3328
150 37 3329
123 185 3330
187 93 3331
76 8 3332
4 132 3333
171 13 3334
96 31 3335
111 197 3336
149 144 3337
36 102 3338
24 200 3339
112 51 3340
191 145 3341
99 113 3342
194 178 3343
132 64 3344
1 179 3345
183 132 3346
136 37 3347
34 107 3348
123 109 3349
91 170 3350
38 173 3351
146 185 3352
163 77 3353
51 180 3354
83 17 3355
110 168 3356
141 12 3357
13 70 3358
165 54 3359
37 108 3360
52 89 3361
88 32 3362
102 54 3363
123 139 3364
85 12 3365
70 150 3366
82 23 3367
167 191 3368
16 48 3369
92 136 3370
87 116 3371
81 107 3372
102 135 3373
34 141 3374
42 1 3375
88 183 3376
30 115 3377
125 130 3378
62 72 3379
95 125 3380
178 147 3381
134 141 3382
76 94 3383
153 151 3384
198 26 3385
41 158 3386
122 158 3387
123 179 3388
102 70 3389
85 141 3390
78 17 3391
50 165 3392
3 100 3393
141 67 3394
53 142 3395
177 4 3396
74 175 3397
185 183 3398
33 145 3399
74 75 3400
168 182 3401
117 150 3402
58 168 3403
133 181 3404
195 91 3405
194 110 3406
63 172 3407
190 184 3408
66 5 3409
125 49 3410
33 100 3411
162 48 3412
18 163 3413
55 3 3414
86 99 3415
110 38 3416
61 168 3417
107 179 3418
58 98 3419
169 6 3420
174 175 3421
24 189 3422
35 127 3423
29 142 3424
101 130 3425
121 15 3426
23 100 3427
30 84 3428
196 40 3429
76 86 3430
121 58 3431
189 125 3432
134 200 3433
182 8 3434
186 147 3435
182 62 3436
172 19 3437
118 113 3438
151 51 3439
113 174 3440
103 175 3441
188 184 3442
16 115 3443
178 27 3444
196 81 3445
167 159 3446
54 13 3447
89 40 3448
12 143 3449
191 36 3450
186 73 3451
35 128 3452
192 122 3453
44 127 3454
184 118 3455
177 139 3456
78 101 3457
123 149 3458
175 172 3459
97 135 3460
133 156 3461
15 99 3462
117 54 3463
164 48 3464
98 114 3465
144 117 3466
44 23 3467
93 75 3468
149 83 3469
29 73 3470
155 111 3471
89 176 3472
187 106 3473
131 105 3474
30 79 3475
119 61 3476
160 43 3477
40 76 3478
64 92 3479
108 160 3480
5 192 3481
107 88 3482
112 87 3483
37 139 3484
133 55 3485
196 76 3486
67 98 3487
170 78 3488
113 91 3489
157 48 3490
155 196 3491
90 110 3492
104 92 3493
125 164 3494
42 164 3495
75 15 3496
185 18 3497
89 162 3498
28 25 3499
17 47 3500
193 192 3501
78 190 3502
133 4 3503
134 1 3504
35 99 3505
161 148 3506
30 89 3507
147 92 3508
189 8 3509
131 63 3510
87 50 3511
20 178 3512
74 160 3513
109 37 3514
87 14 3515
18 147 3516
49 46 3517
95 7 3518
21 66 3519
3 176 3520
38 29 3521
65 181 3522
118 9 3523
9 150 3524
63 120 3525
140 13 3526
149 110 3527
11 40 3528
187 73 3529
139 178 3530
39 21 3531
70 67 3532
163 104 3533
6 62 3534
110 12 3535
39 49 3536
190 101 3537
5 120 3538
91 155 3539
73 143 3540
84 51 3541
21 49 3542
67 142 3543
35 19 3544
101 171 3545
93 192 3546
49 173 3547
60 59 3548
155 127 3549
117 30 3550
112 150 3551
52 171 3552
160 20 3553
73 129 3554
114 71 3555
105 118 3556
136 126 3557
51 138 3558
4 112 3559
193 167 3560
185 104 3561
84 120 3562
200 171 3563
76 9 3564
115 70 3565
118 98 3566
192 102 3567
99 193 3568
5 15 3569
178 196 3570
175 200 3571
183 4 3572
151 99 3573
16 35 3574
4 131 3575
88 67 3576
6 139 3577
197 151 3578
199 124 3579
136 104 3580
47 31 3581
65 113 3582
70 141 3583
97 11 3584
116 146 3585
55 127 3586
26 18 3587
193 175 3588
9 149 3589
182 58 3590
15 153 3591
114 117 3592
132 105 3593
121 108 3594
34 174 3595
197 58 3596
162 113 3597
72 54 3598
180 190 3599
29 154 3600
2 5 3601
81 147 3602
109 17 3603
47 181 3604
113 1 3605
192 88 3606
48 171 3607
190 88 3608
132 137 3609
81 2 3610
83 159 3611
66 194 3612
156 93 3613
51 95 3614
61 100 3615
39 75 3616
120 35 3617
62 29 3618
121 66 3619
84 16 3620
41 152 3621
103 69 3622
109 75 3623
138 126 3624
85 65 3625
59 129 3626
198 174 3627
147 71 3628
192 190 3629
14 17 3630
51 154 3631
10 155 3632
143 85 3633
44 180 3634
73 77 3635
173 132 3636
15 100 3637
147 108 3638
32 194 3639
163 13 3640
180 122 3641
104 44 3642
67 38 3643
169 51 3644
122 110 3645
37 155 3646
147 103 3647
77 192 3648
55 156 3649
194 137 3650
182 24 3651
155 122 3652
65 127 3653
156 5 3654
128 118 3655
192 125 3656
124 114 3657
43 198 3658
128 28 3659
163 192 3660
82 61 3661
18 14 3662
63 65 3663
26 93 3664
149 96 3665
44 137 3666
14 74 3667
146 12 3668
120 57 3669
53 35 3670
147 51 3671
167 154 3672
115 62 3673
153 18 3674
108 75 3675
96 20 3676
126 157 3677
61 72 3678
154 35 3679
93 87 3680
12 33 3681
194 29 3682
74 115 3683
128 197 3684
84 94 3685
135 155 3686
105 29 3687
117 87 3688
174 19 3689
72 115 3690
139 69 3691
81 170 3692
51 7 3693
30 170 3694
42 142 3695
10 148 3696
40 169 3697
5 97 3698
89 39 3699
199 126 3700
109 200 3701
178 156 3702
37 23 3703
13 84 3704
43 25 3705
47 193 3706
152 104 3707
195 101 3708
42 200 3709
46 85 3710
68 115 3711
24 125 3712
166 66 3713
30 103 3714
163 139 3715
88 9 3716
99 162 3717
110 59 3718
84 45 3719
169 181 3720
162 52 3721
50 15 3722
58 109 3723
134 144 3724
96 41 3725
63 83 3726
195 198 3727
92 137 3728
68 64 3729
127 168 3730
117 141 3731
28 48 3732
120 27 3733
162 26 3734
76 14 3735
57 56 3736
31 57 3737
117 12 3738
15 187 3739
125 7 3740
138 3 3741
84 188 3742
180 89 3743
163 60 3744
188 81 3745
141 166 3746
37 128 3747
86 31 3748
79 85 3749
166 41 3750
59 100 3751
47 130 3752
66 85 3753
44 90 3754
54 106 3755
32 164 3756
131 77 3757
113 145 3758
163 94 3759
32 125 3760
128 43 3761
126 111 3762
92 36 3763
97 14 3764
84 173 3765
40 154 3766
102 9 3767
137 108 3768
113 187 3769
33 153 3770
117 14 3771
193 42 3772
38 28 3773
185 59 3774
87 157 3775
182 74 3776
55 31 3777
122 156 3778
112 103 3779
60 81 3780
11 16 3781
69 82 3782
133 30 3783
48 75 3784
180 178 3785
30 200 3786
200 174 3787
185 8 3788
116 126 3789
123 94 3790
93 50 3791
61 74 3792
104 155 3793
22 197 3794
115 183 3795
141 150 3796
76 45 3797
139 197 3798
52 81 3799
69 136 3800
81 123 3801
141 194 3802
83 121 3803
7 165 3804
51 163 3805
68 2 3806
151 107 3807
8 11 3808
146 14 3809
71 81 3810
7 130 3811
190 149 3812
161 84 3813
91 85 3814
41 161 3815
135 167 3816
58 86 3817
41 118 3818
77 35 3819
176 168 3820
103 167 3821
183 146 3822
153 48 3823
131 22 3824
125 38 3825
69 120 3826
33 25 3827
73 7 3828
120 185 3829
74 17 3830
135 37 3831
174 157 3832
94 193 3833
20 139 3834
98 2 3835
29 79 3836
140 78 3837
6 69 3838
105 158 3839
143 71 3840
54 120 3841
177 127 3842
65 161 3843
47 145 3844
137 16 3845
38 134 3846
159 26 3847
82 43 3848
101 155 3849
2 89 3850
6 58 3851
78 9 3852
42 106 3853
125 29 3854
105 35 3855
136 74 3856
159 151 3857
31 175 3858
161 156 3859
24 90 3860
26 66 3861
179 122 3862
33 155 3863
80 111 3864
72 156 3865
84 158 3866
138 29 3867
32 167 3868
78 188 3869
138 193 3870
75 152 3871
111 103 3872
44 135 3873
154 117 3874
82 181 3875
156 172 3876
184 153 3877
2 153 3878
117 37 3879
15 132 3880
84 119 3881
19 106 3882
34 64 3883
173 1 3884
121 51 3885
116 128 3886
35 179 3887
48 192 3888
117 111 3889
194 149 3890
98 68 3891
110 124 3892
39 76 3893
124 9 3894
92 60 3895
34 159 3896
18 102 3897
129 161 3898
29 8 3899
32 144 3900
34 194 3901
102 12 3902
199 192 3903
157 100 3904
60 192 3905
45 191 3906
100 86 3907
97 66 3908
37 42 3909
117 36 3910
200 130 3911
69 60 3912
36 108 3913
62 91 3914
3 38 3915
12 171 3916
1 34 3917
122 21 3918
167 87 3919
190 142 3920
28 6 3921
142 93 3922
136 82 3923
199 191 3924
171 99 3925
27 185 3926
80 192 3927
85 109 3928
163 88 3929
81 186 3930
71 197 3931
9 134 3932
64 16 3933
178 72 3934
99 57 3935
136 192 3936
37 85 3937
177 41 3938
134 122 3939
53 154 3940
188 40 3941
106 6 3942
55 119 3943
16 128 3944
26 82 3945
135 63 3946
186 185 3947
87 85 3948
121 52 3949
180 195 3950
195 89 3951
172 85 3952
14 37 3953
12 35 3954
160 179 3955
79 97 3956
113 171 3957
87 60 3958
39 51 3959
171 15 3960
150 98 3961
65 146 3962
17 135 3963
146 197 3964
19 84 3965
87 95 3966
91 59 3967
10 115 3968
48 53 3969
69 72 3970
126 86 3971
70 90 3972
94 145 3973
147 52 3974
29 107 3975
145 126 3976
145 122 3977
129 72 3978
81 174 3979
27 61 3980
81 23 3981
5 188 3982
108 83 3983
129 34 3984
186 58 3985
194 144 3986
110 196 3987
91 36 3988
96 190 3989
23 34 3990
163 63 3991
8 174 3992
25 115 3993
25 147 3994
102 55 3995
176 60 3996
164 67 3997
76 151 3998
3 107 3999
128 70 4000
185 173 4001
185 162 4002
34 57 4003
187 83 4004
24 162 4005
126 170 4006
84 56 4007
29 192 4008
200 142 4009
138 129 4010
113 122 4011
176 40 4012
158 154 4013
7 58 4014
95 121 4015
146 173 4016
62 21 4017
100 110 4018
86 5 4019
153 197 4020
140 108 4021
33 176 4022
190 122 4023
115 122 4024
40 175 4025
74 142 4026
66 57 4027
2 36 4028
51 197 4029
188 182 4030
33 173 4031
73 3 4032
189 87 4033
168 46 4034
13 10 4035
182 85 4036
117 67 4037
72 169 4038
198 76 4039
164 159 4040
77 124 4041
164 72 4042
94 105 4043
137 169 4044
99 146 4045
36 37 4046
53 181 4047
6 3 4048
67 102 4049
112 38 4050
60 137 4051
46 189 4052
189 178 4053
36 123 4054
22 9 4055
161 85 4056
96 95 4057
33 103 4058
15 158 4059
175 118 4060
17 67 4061
114 36 4062
4 153 4063
121 123 4064
181 132 4065
81 87 4066
74 151 4067
107 69 4068
125 110 4069
63 126 4070
186 9 4071
174 169 4072
140 24 4073
168 173 4074
102 93 4075
152 149 4076
10 51 4077
73 61 4078
144 12 4079
132 120 4080
94 34 4081
91 100 4082
93 101 4083
196 28 4084
40 90 4085
130 166 4086
54 166 4087
22 101 4088
181 148 4089
165 128 4090
145 11 4091
119 124 4092
63 25 4093
165 90 4094
38 163 4095
5 10 4096
192 86 4097
81 41 4098
154 164 4099
37 9 4100
189 121 4101
31 27 4102
168 93 4103
182 125 4104
147 90 4105
124 33 4106
159 69 4107
14 49 4108
94 159 4109
173 28 4110
29 72 4111
30 6 4112
16 194 4113
137 45 4114
62 171 4115
66 68 4116
11 181 4117
139 181 4118
155 107 4119
47 173 4120
192 64 4121
174 52 4122
124 104 4123
125 142 4124
66 18 4125
11 165 4126
123 112 4127
192 169 4128
175 78 4129
145 150 4130
116 161 4131
18 37 4132
188 155 4133
98 154 4134
5 186 4135
80 191 4136
175 59 4137
127 194 4138
87 173 4139
111 50 4140
83 28 4141
122 112 4142
183 187 4143
124 102 4144
49 31 4145
33 120 4146
44 37 4147
159 141 4148
70 24 4149
100 42 4150
63 68 4151
140 46 4152
114 200 4153
181 22 4154
150 138 4155
147 144 4156
24 29 4157
152 66 4158
94 83 4159
47 102 4160
57 196 4161
21 61 4162
180 46 4163
23 106 4164
14 36 4165
67 145 4166
194 134 4167
156 40 4168
29 28 4169
159 17 4170
82 121 4171
172 185 4172
167 3 4173
178 197 4174
93 114 4175
93 8 4176
4 159 4177
4 71 4178
42 189 4179
127 101 4180
61 33 4181
153 155 4182
127 171 4183
94 156 4184
56 82 4185
39 18 4186
25 93 4187
36 44 4188
30 144 4189
186 93 4190
89 135 4191
126 185 4192
48 105 4193
68 41 4194
169 191 4195
10 112 4196
53 22 4197
57 89 4198
92 47 4199
87 135 4200
160 174 4201
8 66 4202
15 141 4203
88 6 4204
46 27 4205
69 112 4206
191 26 4207
178 191 4208
33 14 4209
128 194 4210
95 146 4211
74 165 4212
13 12 4213
101 5 4214
19 110 4215
129 25 4216
92 173 4217
190 90 4218
27 98 4219
150 114 4220
63 80 4221
51 49 4222
100 117 4223
114 85 4224
19 173 4225
17 102 4226
59 99 4227
61 84 4228
184 89 4229
101 146 4230
73 22 4231
21 135 4232
96 147 4233
14 199 4234
184 51 4235
115 190 4236
180 93 4237
167 116 4238
39 81 4239
24 130 4240
48 77 4241
126 143 4242
75 102 4243
186 174 4244
79 111 4245
139 108 4246
193 163 4247
114 43 4248
68 35 4249
50 7 4250
37 156 4251
199 68 4252
164 18 4253
26 107 4254
1 102 4255
86 188 4256
199 125 4257
27 187 4258
139 135 4259
166 181 4260
93 17 4261
44 133 4262
41 183 4263
181 164 4264
138 28 4265
85 121 4266
53 10 4267
85 164 4268
196 139 4269
173 61 4270
157 184 4271
10 123 4272
39 83 4273
169 173 4274
9 159 4275
165 61 4276
155 63 4277
168 189 4278
37 188 4279
112 89 4280
134 82 4281
35 171 4282
38 138 4283
23 29 4284
125 61 4285
163 91 4286
16 98 4287
95 84 4288
32 152 4289
114 1 4290
125 94 4291
154 172 4292
180 114 4293
120 61 4294
189 41 4295
53 141 4296
158 200 4297
83 184 4298
198 44 4299
141 199 4300
151 94 4301
117 140 4302
183 131 4303
144 197 4304
34 45 4305
149 180 4306
62 87 4307
170 111 4308
128 151 4309
39 38 4310
170 98 4311
95 194 4312
69 13 4313
33 5 4314
126 158 4315
103 59 4316
9 23 4317
113 166 4318
90 55 4319
104 176 4320
101 143 4321
159 5 4322
82 86 4323
24 19 4324
112 50 4325
39 177 4326
78 77 4327
138 54 4328
124 1 4329
63 11 4330
189 118 4331
148 129 4332
166 17 4333
23 78 4334
6 89 4335
61 150 4336
196 134 4337
25 104 4338
20 132 4339
176 147 4340
10 174 4341
196 43 4342
73 107 4343
14 84 4344
139 23 4345
158 156 4346
177 84 4347
85 82 4348
195 36 4349
148 32 4350
61 105 4351
165 62 4352
105 157 4353
154 66 4354
140 58 4355
31 85 4356
28 108 4357
122 71 4358
24 160 4359
111 5 4360
128 146 4361
129 151 4362
59 136 4363
72 167 4364
95 129 4365
59 89 4366
148 197 4367
30 57 4368
138 84 4369
43 147 4370
101 46 4371
168 111 4372
79 198 4373
71 25 4374
58 137 4375
183 42 4376
178 70 4377
186 98 4378
89 80 4379
182 7 4380
162 68 4381
119 196 4382
28 74 4383
170 119 4384
37 10 4385
111 188 4386
197 105 4387
24 13 4388
36 43 4389
109 157 4390
13 74 4391
107 190 4392
47 58 4393
166 23 4394
154 140 4395
39 94 4396
27 102 4397
149 54 4398
84 117 4399
188 153 4400
165 12 4401
25 90 4402
195 78 4403
44 96 4404
28 141 4405
158 115 4406
100 193 4407
139 194 4408
32 7 4409
24 167 4410
21 177 4411
190 75 4412
99 114 4413
101 98 4414
86 151 4415
100 44 4416
89 11 4417
51 54 4418
135 153 4419
118 67 4420
167 26 4421
47 13 4422
4 90 4423
184 56 4424
177 23 4425
73 16 4426
38 176 4427
33 97 4428
26 56 4429
109 112 4430
174 115 4431
147 164 4432
9 133 4433
6 138 4434
143 28 4435
27 94 4436
18 115 4437
161 88 4438
197 56 4439
177 118 4440
94 135 4441
191 157 4442
142 71 4443
116 69 4444
87 59 4445
8 170 4446
160 48 4447
107 96 4448
165 183 4449
1 170 4450
116 101 4451
43 150 4452
185 36 4453
166 151 4454
99 26 4455
176 118 4456
150 90 4457
5 108 4458
197 45 4459
128 178 4460
126 95 4461
68 57 4462
86 109 4463
87 80 4464
131 23 4465
172 96 4466
80 108 4467
83 141 4468
81 1 4469
76 29 4470
147 165 4471
180 128 4472
194 40 4473
175 15 4474
179 59 4475
153 32 4476
66 161 4477
61 51 4478
54 90 4479
143 17 4480
188 106 4481
108 169 4482
170 106 4483
29 127 4484
151 31 4485
11 87 4486
86 174 4487
188 132 4488
5 9 4489
72 168 4490
93 148 4491
158 25 4492
45 24 4493
123 148 4494
154 136 4495
158 160 4496
199 31 4497
188 102 4498
133 23 4499
73 104 4500
193 19 4501
58 183 4502
62 42 4503
3 178 4504
179 65 4505
82 36 4506
170 18 4507
184 138 4508
94 154 4509
63 117 4510
33 137 4511
24 173 4512
16 13 4513
52 90 4514
76 12 4515
34 150 4516
124 133 4517
153 77 4518
147 149 4519
97 2 4520
189 104 4521
56 29 4522
121 112 4523
66 19 4524
103 47 4525
33 99 4526
108 104 4527
124 131 4528
92 17 4529
27 158 4530
35 39 4531
139 126 4532
24 128 4533
190 25 4534
200 7 4535
185 134 4536
82 146 4537
26 193 4538
44 72 4539
183 66 4540
32 51 4541
136 39 4542
168 45 4543
37 43 4544
36 53 4545
48 139 4546
165 73 4547
96 143 4548
28 37 4549
160 159 4550
108 173 4551
159 39 4552
151 109 4553
168 30 4554
52 164 4555
3 35 4556
13 1 4557
164 37 4558
120 179 4559
75 54 4560
134 75 4561
185 2 4562
146 127 4563
36 77 4564
91 168 4565
97 191 4566
199 150 4567
118 139 4568
187 53 4569
12 169 4570
80 30 4571
47 14 4572
108 119 4573
126 31 4574
189 185 4575
169 177 4576
64 1 4577
109 32 4578
34 152 4579
160 67 4580
71 79 4581
130 78 4582
173 77 4583
89 81 4584
101 91 4585
89 115 4586
42 186 4587
191 143 4588
95 94 4589
28 153 4590
170 10 4591
142 154 4592
143 186 4593
5 58 4594
123 88 4595
61 122 4596
30 65 4597
50 64 4598
189 162 4599
191 68 4600
198 1 4601
117 169 4602
104 88 4603
66 30 4604
99 7 4605
27 33 4606
155 11 4607
37 29 4608
180 62 4609
127 190 4610
16 74 4611
188 101 4612
15 199 4613
57 22 4614
92 90 4615
38 12 4616
85 57 4617
15 169 4618
18 112 4619
122 94 4620
69 50 4621
140 39 4622
130 73 4623
111 135 4624
53 9 4625
82 88 4626
183 96 4627
199 52 4628
165 113 4629
6 136 4630
108 136 4631
57 102 4632
141 146 4633
64 161 4634
56 61 4635
70 59 4636
91 169 4637
42 94 4638
158 5 4639
142 94 4640
101 123 4641
44 41 4642
158 165 4643
145 148 4644
126 92 4645
86 37 4646
6 60 4647
76 30 4648
192 56 4649
58 167 4650
176 148 4651
136 3 4652
187 108 4653
28 169 4654
191 55 4655
111 38 4656
128 161 4657
186 63 4658
4 9 4659
66 192 4660
157 133 4661
161 104 4662
89 84 4663
41 87 4664
20 137 4665
96 158 4666
198 127 4667
109 46 4668
188 142 4669
28 121 4670
172 178 4671
82 44 4672
101 82 4673
20 43 4674
100 78 4675
155 100 4676
113 192 4677
116 94 4678
64 97 4679
102 165 4680
186 50 4681
105 156 4682
158 141 4683
150 116 4684
143 35 4685
135 39 4686
38 121 4687
194 198 4688
91 165 4689
148 141 4690
79 60 4691
100 105 4692
113 8 4693
139 152 4694
112 93 4695
167 61 4696
120 172 4697
35 119 4698
131 40 4699
107 61 4700
33 187 4701
178 103 4702
66 143 4703
198 83 4704
97 31 4705
165 16 4706
24 99 4707
169 89 4708
95 21 4709
174 184 4710
39 69 4711
44 130 4712
88 29 4713
125 178 4714
126 43 4715
105 183 4716
32 70 4717
138 144 4718
179 186 4719
95 171 4720
14 60 4721
61 43 4722
25 19 4723
175 92 4724
101 6 4725
40 33 4726
171 91 4727
56 176 4728
57 74 4729
40 74 4730
92 24 4731
96 58 4732
178 100 4733
47 34 4734
160 154 4735
39 128 4736
58 33 4737
101 80 4738
93 20 4739
134 71 4740
87 75 4741
31 198 4742
39 154 4743
200 185 4744
75 63 4745
147 171 4746
140 29 4747
96 196 4748
31 29 4749
187 51 4750
125 10 4751
199 41 4752
150 6 4753
186 140 4754
122 23 4755
104 62 4756
83 161 4757
139 102 4758
41 100 4759
43 46 4760
34 100 4761
96 103 4762
35 26 4763
59 147 4764
91 198 4765
98 166 4766
144 160 4767
166 114 4768
86 30 4769
186 176 4770
11 48 4771
11 95 4772
145 28 4773
177 37 4774
184 151 4775
165 144 4776
85 94 4777
58 175 4778
52 173 4779
90 135 4780
178 109 4781
190 20 4782
95 28 4783
3 124 4784
21 159 4785
137 32 4786
158 198 4787
37 194 4788
57 114 4789
84 134 4790
49 66 4791
191 64 4792
65 72 4793
30 8 4794
12 176 4795
125 134 4796
73 102 4797
62 107 4798
151 90 4799
111 120 4800
142 149 4801
139 21 4802
186 200 4803
155 9 4804
149 186 4805
101 63 4806
107 72 4807
64 113 4808
78 22 4809
5 171 4810
166 74 4811
15 94 4812
5 61 4813
71 29 4814
73 50 4815
182 171 4816
196 88 4817
155 45 4818
117 128 4819
98 103 4820
114 21 4821
163 143 4822
168 113 4823
7 63 4824
54 41 4825
125 96 4826
50 154 4827
93 170 4828
126 187 4829
118 121 4830
35 158 4831
155 28 4832
122 106 4833
83 171 4834
2 171 4835
48 51 4836
82 46 4837
48 40 4838
6 179 4839
2 52 4840
161 147 4841
58 176 4842
109 111 4843
87 21 4844
10 179 4845
77 38 4846
162 170 4847
8 77 4848
84 168 4849
144 187 4850
8 160 4851
76 185 4852
19 198 4853
6 22 4854
75 10 4855
107 200 4856
177 97 4857
178 61 4858
5 132 4859
164 142 4860
182 88 4861
188 52 4862
64 98 4863
181 109 4864
50 66 4865
150 161 4866
165 187 4867
147 35 4868
166 173 4869
82 199 4870
78 131 4871
150 191 4872
85 80 4873
142 133 4874
50 191 4875
79 165 4876
65 167 4877
57 124 4878
30 101 4879
123 80 4880
95 50 4881
31 64 4882
134 50 4883
200 74 4884
51 45 4885
51 123 4886
17 43 4887
66 29 4888
68 168 4889
37 95 4890
130 151 4891
58 172 4892
16 54 4893
7 41 4894
179 113 4895
191 88 4896
8 17 4897
194 136 4898
34 52 4899
94 112 4900
32 118 4901
124 136 4902
23 17 4903
135 11 4904
187 186 4905
188 198 4906
198 68 4907
142 197 4908
91 107 4909
77 107 4910
113 63 4911
60 97 4912
70 53 4913
113 128 4914
56 123 4915
105 39 4916
197 82 4917
116 185 4918
114 168 4919
26 163 4920
171 153 4921
136 131 4922
27 156 4923
183 114 4924
66 120 4925
192 52 4926
183 154 4927
38 119 4928
157 138 4929
115 172 4930
29 179 4931
86 155 4932
28 63 4933
2 128 4934
26 104 4935
84 175 4936
188 32 4937
15 186 4938
101 47 4939
184 92 4940
133 95 4941
31 52 4942
43 42 4943
7 193 4944
98 160 4945
111 143 4946
43 31 4947
18 190 4948
117 3 4949
147 169 4950
26 43 4951
52 177 4952
186 181 4953
102 34 4954
180 21 4955
76 165 4956
100 101 4957
140 7 4958
153 95 4959
138 137 4960
22 179 4961
19 121 4962
168 160 4963
133 127 4964
178 18 4965
143 182 4966
14 102 4967
125 140 4968
79 163 4969
167 17 4970
187 102 4971
190 152 4972
56 40 4973
66 60 4974
144 38 4975
166 32 4976
51 86 4977
50 155 4978
59 1 4979
5 27 4980
111 129 4981
175 120 4982
180 77 4983
40 4 4984
105 30 4985
3 193 4986
102 81 4987
175 93 4988
40 152 4989
23 49 4990
14 152 4991
128 68 4992
114 146 4993
162 160 4994
132 84 4995
95 79 4996
147 198 4997
159 54 4998
169 199 4999
5 123 5000
24 186 5001
175 194 5002
186 85 5003
174 49 5004
167 175 5005
90 11 5006
118 181 5007
36 101 5008
8 173 5009
184 90 5010
55 178 5011
196 163 5012
179 89 5013
34 2 5014
134 164 5015
14 58 5016
84 1 5017
48 14 5018
59 15 5019
52 151 5020
47 90 5021
110 54 5022
26 149 5023
45 53 5024
111 63 5025
194 174 5026
88 101 5027
95 140 5028
89 42 5029
122 108 5030
150 58 5031
140 12 5032
145 138 5033
144 182 5034
143 149 5035
51 117 5036
89 73 5037
34 142 5038
92 55 5039
123 127 5040
56 131 5041
30 160 5042
140 62 5043
149 12 5044
36 28 5045
86 134 5046
190 31 5047
91 77 5048
107 11 5049
16 117 5050
71 2 5051
184 173 5052
25 114 5053
132 165 5054
3 90 5055
139 130 5056
47 197 5057
78 157 5058
38 118 5059
85 70 5060
99 126 5061
134 27 5062
44 84 5063
133 123 5064
127 47 5065
139 110 5066
123 64 5067
96 197 5068
98 76 5069
196 129 5070
128 53 5071
48 109 5072
148 104 5073
169 96 5074
106 165 5075
44 195 5076
47 168 5077
98 194 5078
26 90 5079
64 185 5080
124 48 5081
41 79 5082
144 36 5083
100 76 5084
21 16 5085
144 28 5086
115 146 5087
58 55 5088
148 185 5089
98 107 5090
196 18 5091
196 183 5092
105 15 5093
108 72 5094
36 63 5095
117 50 5096
58 35 5097
61 164 5098
68 13 5099
176 180 5100
94 179 5101
182 156 5102
61 147 5103
70 39 5104
27 68 5105
141 60 5106
141 23 5107
91 187 5108
80 164 5109
174 4 5110
36 69 5111
54 61 5112
164 62 5113
193 43 5114
87 47 5115
143 139 5116
82 115 5117
80 68 5118
52 150 5119
136 29 5120
41 75 5121
42 151 5122
10 167 5123
70 113 5124
21 157 5125
106 162 5126
191 129 5127
150 45 5128
74 141 5129
47 105 5130
60 145 5131
11 124 5132
119 59 5133
8 22 5134
144 65 5135
22 104 5136
79 92 5137
162 191 5138
22 77 5139
22 170 5140
191 10 5141
59 111 5142
137 165 5143
135 166 5144
54 127 5145
125 83 5146
146 35 5147
104 134 5148
52 11 5149
131 154 5150
21 76 5151
126 98 5152
90 32 5153
102 104 5154
50 161 5155
80 19 5156
127 87 5157
19 22 5158
58 15 5159
45 192 5160
115 152 5161
160 21 5162
198 169 5163
4 52 5164
132 103 5165
140 124 5166
60 189 5167
19 5 5168
49 188 5169
6 59 5170
130 18 5171
60 105 5172
128 69 5173
136 168 5174
153 30 5175
116 7 5176
160 37 5177
150 74 5178
174 12 5179
65 14 5180
94 70 5181
150 173 5182
100 121 5183
57 48 5184
178 8 5185
69 67 5186
99 82 5187
14 21 5188
8 192 5189
93 176 5190
40 72 5191
119 107 5192
80 130 5193
99 84 5194
69 160 5195
117 185 5196
127 120 5197
60 191 5198
138 192 5199
58 64 5200
13 181 5201
185 195 5202
170 99 5203
92 48 5204
51 155 5205
53 169 5206
196 111 5207
98 34 5208
128 5 5209
200 71 5210
90 17 5211
3 105 5212
183 60 5213
93 121 5214
27 182 5215
92 21 5216
71 55 5217
168 57 5218
165 80 5219
11 118 5220
120 116 5221
100 95 5222
4 58 5223
137 125 5224
154 181 5225
157 140 5226
154 162 5227
118 186 5228
149 60 5229
13 60 5230
62 65 5231
129 99 5232
146 187 5233
164 107 5234
51 143 5235
113 77 5236
181 105 5237
15 122 5238
140 163 5239
162 36 5240
129 130 5241
103 68 5242
88 187 5243
120 177 5244
166 2 5245
25 197 5246
169 99 5247
71 120 5248
152 127 5249
7 24 5250
65 88 5251
192 69 5252
136 47 5253
37 82 5254
185 44 5255
176 183 5256
192 20 5257
12 173 5258
116 122 5259
86 186 5260
169 122 5261
27 150 5262
29 58 5263
139 3 5264
173 137 5265
166 128 5266
86 120 5267
154 151 5268
17 121 5269
142 28 5270
162 140 5271
100 185 5272
135 2 5273
146 1 5274
147 44 5275
50 59 5276
63 187 5277
28 12 5278
58 180 5279
83 139 5280
157 74 5281
25 155 5282
26 129 5283
192 55 5284
173 180 5285
197 117 5286
79 160 5287
140 109 5288
32 86 5289
124 14 5290
104 200 5291
10 25 5292
159 22 5293
161 61 5294
149 126 5295
141 22 5296
70 168 5297
175 147 5298
182 177 5299
97 26 5300
168 98 5301
8 64 5302
151 126 5303
46 128 5304
168 78 5305
182 15 5306
176 117 5307
62 123 5308
171 110 5309
149 2 5310
184 55 5311
86 93 5312
129 93 5313
91 63 5314
144 69 5315
157 16 5316
130 30 5317
122 17 5318
180 19 5319
48 110 5320
22 61 5321
69 169 5322
151 5 5323
22 17 5324
108 31 5325
27 8 5326
174 150 5327
100 43 5328
119 47 5329
8 79 5330
50 178 5331
3 179 5332
116 142 5333
116 155 5334
84 17 5335
110 5 5336
55 69 5337
65 194 5338
37 6 5339
47 1 5340
3 160 5341
122 185 5342
190 138 5343
142 39 5344
78 114 5345
155 134 5346
119 166 5347
139 104 5348
69 157 5349
23 7 5350
2 65 5351
4 70 5352
189 198 5353
61 151 5354
66 102 5355
145 104 5356
26 84 5357
38 31 5358
76 38 5359
117 119 5360
185 43 5361
3 112 5362
122 56 5363
54 76 5364
42 173 5365
57 177 5366
85 76 5367
4 104 5368
92 152 5369
17 173 5370
16 69 5371
142 72 5372
91 3 5373
109 3 5374
121 57 5375
5 16 5376
10 192 5377
190 158 5378
146 175 5379
71 112 5380
73 17 5381
172 80 5382
183 93 5383
106 36 5384
119 150 5385
58 132 5386
45 25 5387
39 188 5388
194 22 5389
102 167 5390
120 52 5391
146 10 5392
161 82 5393
112 67 5394
48 144 5395
73 145 5396
32 120 5397
199 188 5398
148 154 5399
188 80 5400
105 63 5401
126 66 5402
181 42 5403
77 169 5404
95 162 5405
140 105 5406
11 109 5407
29 101 5408
111 133 5409
137 191 5410
59 38 5411
197 52 5412
154 144 5413
85 137 5414
16 116 5415
94 132 5416
54 14 5417
187 92 5418
100 106 5419
80 97 5420
158 108 5421
20 128 5422
184 24 5423
148 28 5424
100 115 5425
99 23 5426
15 156 5427
64 189 5428
94 4 5429
159 150 5430
67 123 5431
112 198 5432
117 58 5433
191 103 5434
92 176 5435
65 24 5436
84 186 5437
157 60 5438
177 85 5439
99 73 5440
153 132 5441
4 11 5442
168 82 5443
136 197 5444
149 62 5445
140 57 5446
133 115 5447
167 177 5448
55 63 5449
78 141 5450
85 20 5451
197 181 5452
39 112 5453
69 78 5454
29 195 5455
7 21 5456
19 23 5457
28 127 5458
200 93 5459
33 23 5460
33 138 5461
163 194 5462
12 105 5463
120 161 5464
50 132 5465
139 15 5466
17 160 5467
175 100 5468
172 46 5469
177 134 5470
46 144 5471
156 102 5472
171 150 5473
74 11 5474
172 1 5475
133 173 5476
147 70 5477
104 183 5478
36 41 5479
4 143 5480
147 118 5481
133 39 5482
157 153 5483
157 92 5484
28 98 5485
178 101 5486
91 183 5487
56 7 5488
24 161 5489
40 126 5490
63 62 5491
13 78 5492
60 29 5493
197 152 5494
112 157 5495
150 1 5496
108 196 5497
63 14 5498
186 148 5499
136 88 5500
143 188 5501
75 79 5502
93 149 5503
50 22 5504
174 32 5505
20 25 5506
48 102 5507
10 149 5508
98 136 5509
89 177 5510
101 109 5511
35 196 5512
11 43 5513
10 140 5514
27 148 5515
126 142 5516
160 133 5517
182 30 5518
172 129 5519
195 19 5520
169 130 5521
8 155 5522
10 188 5523
29 77 5524
83 51 5525
84 35 5526
104 66 5527
174 56 5528
157 68 5529
97 178 5530
184 124 5531
9 168 5532
47 2 5533
196 175 5534
116 57 5535
117 86 5536
30 174 5537
151 141 5538
198 131 5539
45 116 5540
127 9 5541
39 164 5542
184 20 5543
115 195 5544
168 83 5545
196 34 5546
19 167 5547
153 133 5548
129 139 5549
82 48 5550
26 142 5551
101 115 5552
18 56 5553
114 72 5554
24 159 5555
147 36 5556
82 178 5557
115 13 5558
127 61 5559
81 76 5560
200 182 5561
20 41 5562
116 1 5563
182 127 5564
9 161 5565
112 11 5566
148 128 5567
15 168 5568
166 196 5569
155 142 5570
185 121 5571
139 96 5572
30 91 5573
120 142 5574
11 141 5575
54 83 5576
86 149 5577
106 147 5578
132 129 5579
160 87 5580
184 109 5581
60 103 5582
18 7 5583
155 159 5584
33 135 5585
76 64 5586
61 121 5587
93 99 5588
78 177 5589
124 24 5590
122 172 5591
171 152 5592
167 130 5593
163 138 5594
145 65 5595
99 61 5596
139 179 5597
42 4 5598
163 145 5599
173 135 5600
192 127 5601
75 23 5602
135 141 5603
110 117 5604
195 72 5605
9 125 5606
179 73 5607
174 129 5608
48 146 5609
135 13 5610
1 161 5611
59 171 5612
38 151 5613
128 32 5614
17 25 5615
94 196 5616
91 27 5617
72 171 5618
37 53 5619
3 85 5620
47 10 5621
49 53 5622
120 109 5623
41 72 5624
153 20 5625
148 24 5626
15 74 5627
1 126 5628
160 59 5629
85 132 5630
200 35 5631
62 53 5632
38 145 5633
70 164 5634
22 191 5635
127 66 5636
127 46 5637
106 111 5638
45 138 5639
22 94 5640
8 23 5641
198 101 5642
74 88 5643
198 93 5644
159 18 5645
199 24 5646
70 73 5647
109 171 5648
21 10 5649
69 182 5650
167 25 5651
94 162 5652
179 55 5653
191 13 5654
94 192 5655
90 155 5656
151 32 5657
197 182 5658
155 178 5659
103 32 5660
53 14 5661
194 191 5662
129 100 5663
96 11 5664
70 162 5665
186 60 5666
174 102 5667
175 176 5668
69 155 5669
82 157 5670
41 123 5671
150 111 5672
149 195 5673
85 17 5674
13 31 5675
73 134 5676
67 82 5677
46 24 5678
75 20 5679
100 7 5680
70 72 5681
140 115 5682
32 197 5683
196 9 5684
53 115 5685
47 99 5686
148 147 5687
106 190 5688
47 184 5689
158 22 5690
161 18 5691
91 128 5692
35 86 5693
102 26 5694
27 65 5695
123 162 5696
51 149 5697
6 7 5698
187 132 5699
158 196 5700
48 125 5701
125 155 5702
118 171 5703
104 112 5704
39 97 5705
124 38 5706
15 115 5707
16 186 5708
2 181 5709
181 162 5710
159 60 5711
173 156 5712
132 54 5713
165 24 5714
35 56 5715
104 129 5716
31 132 5717
112 34 5718
145 62 5719
14 27 5720
12 196 5721
11 49 5722
36 4 5723
199 128 5724
71 48 5725
71 133 5726
65 198 5727
33 111 5728
174 6 5729
194 120 5730
152 131 5731
178 71 5732
117 77 5733
33 144 5734
181 182 5735
6 39 5736
70 140 5737
36 194 5738
166 95 5739
69 48 5740
198 171 5741
91 161 5742
90 194 5743
184 195 5744
157 95 5745
48 26 5746
59 163 5747
29 80 5748
59 31 5749
40 153 5750
70 19 5751
151 183 5752
5 41 5753
199 98 5754
61 188 5755
53 100 5756
50 108 5757
141 16 5758
39 71 5759
45 63 5760
169 154 5761
39 132 5762
136 4 5763
79 7 5764
118 31 5765
158 191 5766
73 68 5767
158 18 5768
186 76 5769
120 158 5770
93 153 5771
11 81 5772
110 32 5773
142 47 5774
23 35 5775
158 63 5776
70 30 5777
65 191 5778
73 103 5779
32 75 5780
185 63 5781
178 144 5782
153 173 5783
44 187 5784
106 126 5785
166 93 5786
90 185 5787
97 74 5788
100 126 5789
63 124 5790
200 48 5791
136 96 5792
65 111 5793
121 50 5794
128 61 5795
64 86 5796
75 136 5797
20 18 5798
79 56 5799
17 50 5800
60 40 5801
50 29 5802
134 95 5803
4 190 5804
65 119 5805
150 125 5806
119 154 5807
131 97 5808
170 112 5809
36 85 5810
63 47 5811
101 72 5812
155 52 5813
38 162 5814
62 23 5815
93 103 5816
133 182 5817
127 106 5818
1 103 5819
145 155 5820
93 80 5821
58 42 5822
18 86 5823
191 96 5824
200 49 5825
27 64 5826
91 41 5827
185 96 5828
145 35 5829
185 81 5830
190 104 5831
120 121 5832
118 125 5833
41 145 5834
152 113 5835
72 77 5836
133 145 5837
181 144 5838
20 197 5839
53 24 5840
38 185 5841
67 172 5842
9 15 5843
56 111 5844
180 85 5845
198 12 5846
95 31 5847
106 199 5848
114 173 5849
168 37 5850
183 14 5851
45 44 5852
129 28 5853
125 144 5854
111 14 5855
8 144 5856
78 191 5857
23 146 5858
198 177 5859
108 87 5860
14 92 5861
56 144 5862
56 200 5863
26 143 5864
20 76 5865
163 120 5866
41 146 5867
80 151 5868
160 120 5869
195 95 5870
35 165 5871
143 123 5872
20 110 5873
144 146 5874
1 10 5875
9 146 5876
107 75 5877
2 32 5878
78 84 5879
155 73 5880
163 43 5881
73 66 5882
49 80 5883
135 47 5884
45 3 5885
124 187 5886
22 180 5887
15 179 5888
120 143 5889
1 163 5890
42 76 5891
73 24 5892
58 191 5893
55 21 5894
63 168 5895
88 1 5896
23 195 5897
39 173 5898
111 140 5899
197 83 5900
200 123 5901
129 188 5902
190 186 5903
195 79 5904
165 29 5905
142 114 5906
53 28 5907
116 22 5908
57 16 5909
109 116 5910
109 161 5911
147 91 5912
128 81 5913
14 192 5914
22 122 5915
11 10 5916
41 185 5917
14 43 5918
75 34 5919
3 27 5920
56 177 5921
7 102 5922
180 80 5923
70 81 5924
134 198 5925
101 126 5926
33 130 5927
133 89 5928
193 142 5929
173 181 5930
41 142 5931
166 64 5932
188 133 5933
88 3 5934
94 89 5935
34 132 5936
8 73 5937
183 124 5938
22 15 5939
29 46 5940
199 104 5941
56 92 5942
180 151 5943
17 115 5944
78 35 5945
167 59 5946
34 37 5947
35 76 5948
76 167 5949
146 137 5950
167 151 5951
175 145 5952
190 79 5953
117 90 5954
98 11 5955
101 169 5956
105 112 5957
64 171 5958
53 191 5959
44 39 5960
151 140 5961
133 185 5962
9 198 5963
36 76 5964
177 185 5965
124 68 5966
71 66 5967
193 5 5968
114 89 5969
158 99 5970
130 106 5971
1 56 5972
105 153 5973
21 2 5974
138 42 5975
9 197 5976
1 165 5977
10 94 5978
120 180 5979
98 62 5980
11 50 5981
138 92 5982
85 47 5983
182 35 5984
193 6 5985
187 139 5986
98 198 5987
51 59 5988
24 170 5989
14 158 5990
180 199 5991
136 150 5992
72 22 5993
170 37 5994
172 197 5995
124 180 5996
184 161 5997
1 72 5998
51 160 5999
69 8 6000
176 51 6001
53 172 6002
101 51 6003
183 191 6004
125 14 6005
82 185 6006
77 164 6007
179 16 6008
185 144 6009
161 29 6010
194 57 6011
55 66 6012
137 105 6013
66 142 6014
156 66 6015
132 37 6016
136 178 6017
147 119 6018
50 104 6019
39 50 6020
87 165 6021
15 114 6022
60 128 6023
26 181 6024
35 30 6025
83 50 6026
52 168 6027
72 180 6028
95 83 6029
78 16 6030
147 140 6031
106 185 6032
32 113 6033
158 93 6034
141 68 6035
107 86 6036
50 158 6037
99 56 6038
12 160 6039
162 179 6040
41 163 6041
29 18 6042
105 71 6043
144 79 6044
53 18 6045
23 156 6046
81 65 6047
18 156 6048
155 6 6049
48 175 6050
173 129 6051
50 67 6052
46 17 6053
49 87 6054
152 178 6055
161 125 6056
54 167 6057
4 21 6058
119 178 6059
137 109 6060
124 185 6061
66 99 6062
7 47 6063
88 52 6064
151 24 6065
103 127 6066
29 150 6067
83 128 6068
198 152 6069
5 78 6070
96 65 6071
77 83 6072
127 45 6073
42 122 6074
199 157 6075
29 158 6076
40 34 6077
19 27 6078
106 124 6079
125 70 6080
190 109 6081
55 77 6082
175 180 6083
17 144 6084
93 82 6085
45 107 6086
145 107 6087
81 48 6088
178 111 6089
75 21 6090
10 45 6091
84 146 6092
160 45 6093
15 192 6094
121 91 6095
7 176 6096
107 147 6097
60 115 6098
97 62 6099
82 34 6100
131 177 6101
75 58 6102
111 95 6103
29 30 6104
24 95 6105
20 72 6106
155 200 6107
164 157 6108
144 93 6109
159 40 6110
143 67 6111
78 112 6112
119 143 6113
92 7 6114
165 174 6115
85 23 6116
79 114 6117
192 130 6118
156 73 6119
63 199 6120
17 200 6121
183 67 6122
188 162 6123
80 166 6124
29 113 6125
179 187 6126
90 121 6127
2 130 6128
46 31 6129
48 61 6130
63 188 6131
42 32 6132
124 4 6133
108 166 6134
192 9 6135
41 168 6136
16 42 6137
48 196 6138
11 168 6139
7 61 6140
144 172 6141
33 22 6142
49 57 6143
149 16 6144
178 73 6145
191 12 6146
171 51 6147
83 37 6148
19 48 6149
180 158 6150
76 110 6151
168 187 6152
72 47 6153
62 110 6154
31 87 6155
183 52 6156
82 118 6157
195 125 6158
167 16 6159
179 46 6160
80 32 6161
28 159 6162
182 82 6163
1 164 6164
124 169 6165
154 31 6166
100 171 6167
48 190 6168
62 197 6169
32 181 6170
100 70 6171
114 88 6172
181 116 6173
115 164 6174
65 174 6175
32 195 6176
169 32 6177
77 128 6178
178 150 6179
15 146 6180
193 160 6181
199 114 6182
46 184 6183
49 35 6184
86 67 6185
28 107 6186
129 190 6187
74 155 6188
106 117 6189
70 83 6190
96 100 6191
72 93 6192
33 129 6193
87 111 6194
140 92 6195
167 85 6196
156 195 6197
107 13 6198
45 57 6199
175 75 6200
51 27 6201
186 23 6202
5 118 6203
68 78 6204
33 125 6205
160 71 6206
97 44 6207
91 152 6208
149 15 6209
131 41 6210
6 135 6211
196 54 6212
101 183 6213
128 167 6214
94 102 6215
194 17 6216
193 190 6217
82 141 6218
199 6 6219
195 150 6220
28 52 6221
59 196 6222
25 52 6223
66 147 6224
71 5 6225
104 100 6226
104 38 6227
72 103 6228
7 67 6229
149 43 6230
3 86 6231
16 50 6232
99 20 6233
159 127 6234
164 56 6235
91 180 6236
147 55 6237
163 116 6238
48 54 6239
44 7 6240
6 197 6241
162 149 6242
35 155 6243
85 33 6244
106 154 6245
37 91 6246
190 123 6247
89 200 6248
142 189 6249
156 123 6250
165 166 6251
53 68 6252
152 64 6253
165 197 6254
35 13 6255
180 170 6256
95 128 6257
92 166 6258
197 124 6259
23 50 6260
146 4 6261
187 199 6262
154 100 6263
21 110 6264
76 37 6265
143 110 6266
90 41 6267
3 26 6268
153 10 6269
151 27 6270
180 4 6271
84 3 6272
137 179 6273
180 84 6274
26 83 6275
141 118 6276
178 37 6277
172 62 6278
168 53 6279
70 181 6280
181 72 6281
158 60 6282
159 165 6283
142 17 6284
48 96 6285
116 88 6286
116 149 6287
135 195 6288
194 123 6289
161 81 6290
56 62 6291
89 55 6292
104 13 6293
105 193 6294
81 119 6295
150 155 6296
148 153 6297
57 32 6298
111 21 6299
168 51 6300
3 57 6301
154 49 6302
110 147 6303
105 127 6304
72 118 6305
56 134 6306
65 131 6307
40 3 6308
120 81 6309
113 87 6310
190 32 6311
82 57 6312
41 99 6313
153 83 6314
40 166 6315
197 10 6316
117 61 6317
119 16 6318
96 141 6319
120 65 6320
193 97 6321
92 62 6322
183 83 6323
149 84 6324
29 91 6325
87 37 6326
55 106 6327
131 9 6328
129 140 6329
100 187 6330
187 138 6331
82 109 6332
155 44 6333
24 20 6334
168 128 6335
26 34 6336
46 161 6337
152 19 6338
109 199 6339
198 55 6340
142 178 6341
80 24 6342
110 55 6343
47 97 6344
26 114 6345
54 195 6346
39 103 6347
133 14 6348
71 184 6349
5 142 6350
54 135 6351
33 132 6352
84 140 6353
42 30 6354
145 110 6355
74 163 6356
189 3 6357
7 72 6358
79 15 6359
13 187 6360
21 124 6361
58 174 6362
140 83 6363
140 77 6364
186 182 6365
84 93 6366
198 90 6367
67 59 6368
24 154 6369
60 55 6370
174 36 6371
63 90 6372
59 184 6373
23 72 6374
175 192 6375
10 184 6376
39 7 6377
21 47 6378
92 75 6379
7 87 6380
49 192 6381
77 80 6382
85 159 6383
151 122 6384
6 111 6385
58 130 6386
46 57 6387
118 97 6388
198 84 6389
75 97 6390
37 8 6391
184 149 6392
97 117 6393
152 117 6394
124 157 6395
190 189 6396
146 126 6397
40 148 6398
163 52 6399
31 73 6400
148 23 6401
126 52 6402
157 65 6403
190 46 6404
69 147 6405
39 43 6406
156 120 6407
31 137 6408
7 110 6409
2 85 6410
57 151 6411
9 170 6412
152 193 6413
180 182 6414
200 106 6415
54 180 6416
27 142 6417
169 82 6418
29 93 6419
128 108 6420
35 11 6421
83 117 6422
54 35 6423
109 53 6424
169 140 6425
172 157 6426
78 180 6427
138 86 6428
94 191 6429
52 1 6430
52 67 6431
31 145 6432
25 153 6433
83 112 6434
93 122 6435
64 182 6436
31 184 6437
84 69 6438
197 109 6439
22 10 6440
63 43 6441
151 195 6442
144 127 6443
64 127 6444
163 36 6445
6 159 6446
165 114 6447
161 53 6448
154 27 6449
49 153 6450
52 185 6451
158 70 6452
133 187 6453
88 12 6454
100 19 6455
152 49 6456
130 104 6457
162 103 6458
97 21 6459
72 3 6460
83 156 6461
136 70 6462
146 111 6463
87 178 6464
194 26 6465
113 28 6466
17 80 6467
120 129 6468
19 129 6469
57 138 6470
23 157 6471
59 61 6472
196 67 6473
10 173 6474
124 125 6475
103 100 6476
51 58 6477
96 36 6478
100 58 6479
57 127 6480
70 28 6481
68 149 6482
33 156 6483
47 179 6484
22 107 6485
7 112 6486
174 48 6487
164 168 6488
24 172 6489
107 105 6490
60 151 6491
52 10 6492
7 199 6493
167 196 6494
38 132 6495
66 112 6496
171 160 6497
12 20 6498
99 5 6499
2 184 6500
61 143 6501
20 79 6502
108 96 6503
34 148 6504
64 61 6505
195 98 6506
103 168 6507
65 118 6508
121 63 6509
112 115 6510
71 181 6511
51 116 6512
173 101 6513
49 73 6514
77 6 6515
130 3 6516
54 58 6517
119 177 6518
24 137 6519
20 161 6520
124 20 6521
33 15 6522
53 74 6523
70 8 6524
104 188 6525
80 129 6526
107 170 6527
185 67 6528
45 60 6529
160 185 6530
21 153 6531
104 178 6532
36 130 6533
106 181 6534
67 92 6535
165 58 6536
185 21 6537
161 130 6538
21 138 6539
15 113 6540
18 117 6541
158 59 6542
91 67 6543
186 36 6544
34 69 6545
92 98 6546
195 191 6547
36 173 6548
172 138 6549
136 44 6550
156 142 6551
26 9 6552
136 73 6553
139 190 6554
193 181 6555
131 1 6556
79 152 6557
72 120 6558
90 192 6559
30 13 6560
8 140 6561
94 200 6562
113 140 6563
88 13 6564
75 189 6565
150 13 6566
181 25 6567
156 155 6568
79 38 6569
27 92 6570
73 149 6571
37 107 6572
26 141 6573
64 15 6574
16 80 6575
61 195 6576
61 166 6577
2 76 6578
55 158 6579
183 13 6580
55 2 6581
150 22 6582
138 35 6583
185 95 6584
177 180 6585
110 96 6586
53 186 6587
13 139 6588
85 67 6589
66 33 6590
12 46 6591
48 172 6592
130 170 6593
155 92 6594
165 6 6595
116 171 6596
161 135 6597
108 144 6598
110 70 6599
198 21 6600
152 38 6601
184 194 6602
90 119 6603
80 190 6604
37 51 6605
99 173 6606
132 18 6607
161 175 6608
98 122 6609
199 84 6610
121 104 6611
46 124 6612
61 135 6613
113 121 6614
15 159 6615
141 81 6616
125 92 6617
19 71 6618
76 154 6619
87 164 6620
74 133 6621
105 4 6622
5 175 6623
119 17 6624
118 54 6625
15 52 6626
158 30 6627
128 52 6628
118 13 6629
145 87 6630
60 27 6631
193 155 6632
71 185 6633
142 43 6634
46 164 6635
117 162 6636
191 104 6637
126 189 6638
41 16 6639
171 85 6640
23 199 6641
85 45 6642
166 82 6643
119 136 6644
118 142 6645
181 103 6646
178 173 6647
153 198 6648
11 140 6649
129 182 6650
193 116 6651
148 88 6652
49 56 6653
91 48 6654
137 30 6655
90 84 6656
193 46 6657
98 142 6658
109 95 6659
159 154 6660
25 55 6661
60 42 6662
41 56 6663
147 177 6664
161 162 6665
44 146 6666
80 3 6667
137 128 6668
88 46 6669
127 100 6670
44 92 6671
158 83 6672
117 194 6673
101 28 6674
104 23 6675
155 76 6676
197 53 6677
165 145 6678
120 118 6679
45 78 6680
44 181 6681
37 80 6682
83 59 6683
171 39 6684
166 97 6685
41 14 6686
150 143 6687
20 112 6688
104 47 6689
52 59 6690
20 84 6691
10 131 6692
109 57 6693
122 167 6694
134 39 6695
26 186 6696
184 63 6697
177 20 6698
190 37 6699
95 60 6700
131 186 6701
32 22 6702
93 10 6703
188 197 6704
29 175 6705
87 100 6706
107 2 6707
34 54 6708
94 32 6709
179 174 6710
195 46 6711
4 166 6712
27 129 6713
54 7 6714
144 92 6715
144 136 6716
19 43 6717
71 42 6718
158 146 6719
160 34 6720
168 159 6721
80 183 6722
137 168 6723
169 153 6724
131 85 6725
132 156 6726
187 159 6727
84 165 6728
18 9 6729
166 36 6730
154 47 6731
64 105 6732
36 39 6733
166 105 6734
73 98 6735
185 10 6736
133 107 6737
6 15 6738
48 118 6739
95 88 6740
190 183 6741
52 165 6742
13 52 6743
172 176 6744
41 43 6745
134 85 6746
120 41 6747
44 31 6748
13 149 6749
30 98 6750
123 38 6751
22 56 6752
192 61 6753
13 51 6754
17 9 6755
82 66 6756
91 60 6757
119 86 6758
39 181 6759
17 192 6760
164 50 6761
65 58 6762
71 163 6763
108 184 6764
70 139 6765
150 130 6766
105 190 6767
194 119 6768
131 179 6769
112 95 6770
103 131 6771
140 136 6772
198 118 6773
119 11 6774
6 171 6775
163 95 6776
187 82 6777
94 103 6778
174 97 6779
52 56 6780
99 38 6781
118 197 6782
143 65 6783
143 90 6784
86 163 6785
59 155 6786
89 121 6787
106 107 6788
69 4 6789
148 131 6790
167 35 6791
57 29 6792
190 160 6793
118 155 6794
102 136 6795
144 145 6796
108 35 6797
192 74 6798
183 46 6799
71 129 6800
87 67 6801
174 40 6802
48 193 6803
11 113 6804
149 27 6805
19 32 6806
175 199 6807
48 44 6808
199 95 6809
135 156 6810
32 91 6811
181 178 6812
151 132 6813
147 20 6814
50 133 6815
51 56 6816
92 68 6817
96 167 6818
12 24 6819
104 113 6820
164 141 6821
185 103 6822
139 60 6823
31 163 6824
91 130 6825
13 89 6826
167 77 6827
9 14 6828
188 125 6829
51 91 6830
128 27 6831
83 169 6832
126 67 6833
2 132 6834
167 165 6835
30 81 6836
9 123 6837
92 172 6838
22 168 6839
62 18 6840
53 129 6841
157 47 6842
85 22 6843
20 126 6844
176 15 6845
48 7 6846
16 6 6847
140 152 6848
72 55 6849
114 185 6850
171 175 6851
170 164 6852
28 136 6853
97 142 6854
119 14 6855
45 4 6856
70 89 6857
176 65 6858
114 6 6859
70 11 6860
94 153 6861
190 38 6862
126 22 6863
112 36 6864
170 154 6865
2 72 6866
9 47 6867
41 130 6868
125 183 6869
79 193 6870
119 2 6871
163 173 6872
147 192 6873
120 76 6874
24 121 6875
73 115 6876
37 47 6877
161 67 6878
144 121 6879
197 174 6880
158 4 6881
116 97 6882
133 41 6883
152 46 6884
113 96 6885
6 190 6886
101 162 6887
22 193 6888
76 181 6889
49 55 6890
95 174 6891
87 42 6892
6 51 6893
67 33 6894
182 93 6895
82 54 6896
97 161 6897
149 138 6898
162 96 6899
19 143 6900
52 152 6901
73 54 6902
139 32 6903
110 146 6904
31 178 6905
104 149 6906
157 111 6907
141 95 6908
105 199 6909
58 46 6910
171 129 6911
45 125 6912
69 18 6913
153 183 6914
18 141 6915
9 110 6916
19 44 6917
186 82 6918
92 192 6919
99 6 6920
161 72 6921
136 139 6922
103 66 6923
181 140 6924
86 24 6925
62 105 6926
170 127 6927
192 106 6928
77 11 6929
123 152 6930
182 86 6931
178 26 6932
124 195 6933
184 142 6934
1 154 6935
174 31 6936
72 67 6937
83 69 6938
90 105 6939
5 109 6940
140 73 6941
136 15 6942
119 60 6943
52 159 6944
160 6 6945
126 65 6946
80 122 6947
116 18 6948
44 176 6949
6 82 6950
165 149 6951
142 11 6952
1 109 6953
40 29 6954
53 51 6955
12 66 6956
7 52 6957
9 130 6958
175 85 6959
85 156 6960
43 35 6961
186 193 6962
19 144 6963
64 108 6964
145 43 6965
31 92 6966
104 34 6967
191 4 6968
13 109 6969
45 148 6970
25 94 6971
96 111 6972
6 27 6973
25 38 6974
167 70 6975
36 159 6976
140 164 6977
88 184 6978
32 127 6979
38 90 6980
79 154 6981
143 129 6982
129 20 6983
114 145 6984
190 99 6985
13 41 6986
60 64 6987
106 31 6988
49 164 6989
95 131 6990
97 20 6991
58 145 6992
196 30 6993
107 17 6994
89 116 6995
91 148 6996
3 4 6997
56 9 6998
20 113 6999
54 177 7000
23 70 7001
1 177 7002
57 139 7003
14 139 7004
108 97 7005
101 136 7006
170 137 7007
180 135 7008
70 60 7009
120 152 7010
181 57 7011
61 162 7012
147 131 7013
83 36 7014
2 57 7015
50 4 7016
166 22 7017
155 49 7018
109 124 7019
158 95 7020
135 160 7021
198 138 7022
104 61 7023
86 92 7024
92 93 7025
189 92 7026
126 184 7027
91 43 7028
37 146 7029
94 167 7030
65 11 7031
90 187 7032
158 116 7033
49 93 7034
84 11 7035
101 76 7036
49 170 7037
187 28 7038
133 1 7039
68 51 7040
23 144 7041
62 125 7042
107 169 7043
154 72 7044
52 115 7045
86 74 7046
28 45 7047
82 114 7048
65 97 7049
31 124 7050
164 149 7051
6 2 7052
136 132 7053
13 137 7054
148 8 7055
9 83 7056
196 41 7057
184 77 7058
85 56 7059
163 8 7060
42 103 7061
172 177 7062
85 107 7063
196 44 7064
95 35 7065
7 104 7066
95 159 7067
167 150 7068
48 108 7069
146 182 7070
41 46 7071
10 158 7072
116 124 7073
52 125 7074
172 133 7075
200 195 7076
184 87 7077
196 33 7078
1 166 7079
105 76 7080
62 79 7081
6 29 7082
187 111 7083
23 5 7084
30 129 7085
125 44 7086
25 191 7087
45 61 7088
76 176 7089
185 49 7090
122 62 7091
153 6 7092
184 75 7093
142 165 7094
99 161 7095
138 159 7096
167 199 7097
72 31 7098
132 68 7099
180 162 7100
145 174 7101
74 168 7102
83 120 7103
57 80 7104
183 87 7105
83 45 7106
86 128 7107
176 184 7108
76 56 7109
26 192 7110
136 135 7111
59 75 7112
190 14 7113
56 102 7114
121 41 7115
128 75 7116
132 3 7117
187 110 7118
117 156 7119
114 90 7120
26 140 7121
33 139 7122
85 140 7123
34 60 7124
121 164 7125
105 148 7126
21 78 7127
40 163 7128
7 89 7129
162 133 7130
87 43 7131
47 78 7132
29 47 7133
28 188 7134
83 188 7135
44 113 7136
195 15 7137
12 97 7138
48 130 7139
64 119 7140
81 44 7141
148 86 7142
197 131 7143
13 145 7144
36 8 7145
164 174 7146
156 159 7147
168 7 7148
10 89 7149
94 140 7150
164 89 7151
22 58 7152
189 158 7153
74 44 7154
103 57 7155
83 14 7156
88 144 7157
101 177 7158
80 134 7159
65 98 7160
42 11 7161
84 106 7162
11 149 7163
81 173 7164
146 181 7165
9 63 7166
83 12 7167
29 36 7168
90 74 7169
13 125 7170
58 28 7171
109 129 7172
21 27 7173
3 185 7174
40 143 7175
157 9 7176
105 16 7177
193 171 7178
16 168 7179
46 165 7180
182 190 7181
22 31 7182
82 47 7183
124 117 7184
26 63 7185
128 106 7186
42 112 7187
167 136 7188
103 140 7189
157 81 7190
101 112 7191
85 135 7192
145 57 7193
160 40 7194
125 12 7195
40 135 7196
18 55 7197
37 7 7198
45 161 7199
137 100 7200
