200 8200 8200
164 76 1
64 193 2
160 185 3
123 99 4
30 20 5
5 8 6
138 35 7
71 168 8
168 53 9
39 24 10
152 35 11
23 183 12
80 174 13
131 167 14
70 53 15
47 179 16
136 150 17
193 71 18
47 34 19
155 52 20
58 78 21
30 38 22
9 6 23
114 133 24
189 36 25
70 72 26
47 36 27
191 106 28
78 42 29
182 47 30
165 124 31
73 50 32
100 121 33
189 169 34
196 9 35
71 120 36
105 36 37
16 113 38
72 93 39
153 134 40
79 152 41
5 198 42
139 158 43
195 155 44
177 49 45
85 130 46
24 167 47
41 168 48
69 4 49
138 137 50
167 109 51
109 57 52
72 153 53
33 125 54
42 81 55
69 136 56
48 49 57
32 118 58
107 41 59
97 99 60
94 60 61
150 163 62
142 39 63
60 126 64
146 127 65
188 96 66
183 8 67
75 10 68
106 83 69
24 188 70
86 97 71
142 15 72
189 73 73
27 65 74
185 8 75
61 145 76
16 101 77
111 172 78
28 133 79
65 147 80
149 22 81
78 155 82
189 159 83
109 95 84
97 103 85
11 118 86
45 112 87
152 46 88
73 149 89
3 100 90
91 168 91
145 9 92
198 12 93
111 21 94
62 12 95
106 180 96
36 43 97
39 13 98
128 43 99
88 198 100
61 150 101
43 35 102
185 164 103
108 99 104
67 35 105
82 46 106
30 65 107
11 181 108
106 124 109
98 187 110
87 29 111
86 120 112
82 157 113
197 58 114
134 63 115
141 172 116
39 132 117
175 19 118
56 40 119
152 105 120
200 124 121
185 96 122
104 92 123
45 116 124
96 199 125
139 126 126
86 155 127
19 165 128
1 186 129
74 50 130
86 74 131
74 143 132
165 166 133
21 124 134
48 134 135
36 56 136
175 182 137
19 198 138
190 184 139
191 145 140
182 150 141
179 65 142
57 80 143
53 172 144
113 166 145
66 13 146
16 31 147
136 105 148
124 22 149
60 121 150
15 188 151
107 105 152
42 24 153
142 170 154
174 157 155
1 107 156
183 154 157
122 110 158
144 106 159
194 137 160
73 107 161
153 112 162
82 194 163
105 20 164
113 146 165
92 68 166
125 85 167
10 42 168
67 123 169
59 16 170
168 113 171
146 175 172
180 7 173
26 5 174
120 152 175
121 62 176
101 136 177
167 150 178
102 26 179
17 192 180
108 20 181
148 62 182
134 85 183
5 97 184
178 111 185
140 177 186
192 65 187
146 21 188
46 31 189
20 25 190
197 176 191
142 129 192
30 89 193
80 71 194
110 38 195
200 182 196
37 134 197
30 164 198
115 164 199
112 29 200
178 70 201
188 80 202
6 118 203
40 111 204
65 88 205
33 39 206
76 94 207
107 180 208
128 146 209
178 73 210
25 7 211
188 87 212
25 57 213
127 108 214
64 197 215
151 182 216
4 163 217
200 185 218
158 93 219
147 71 220
133 181 221
53 21 222
107 84 223
194 40 224
49 66 225
30 98 226
42 72 227
110 138 228
95 129 229
155 24 230
53 24 231
116 7 232
115 46 233
143 149 234
32 125 235
9 159 236
36 84 237
16 126 238
107 170 239
82 159 240
50 118 241
71 163 242
50 10 243
144 82 244
42 103 245
138 84 246
21 2 247
95 5 248
18 7 249
40 34 250
19 110 251
27 142 252
81 107 253
167 3 254
36 172 255
100 28 256
118 168 257
112 95 258
148 185 259
31 85 260
32 22 261
191 36 262
4 153 263
31 124 264
120 26 265
137 77 266
148 165 267
31 92 268
194 178 269
33 181 270
17 177 271
49 149 272
123 31 273
13 9 274
37 75 275
193 155 276
44 190 277
92 136 278
159 78 279
171 45 280
74 162 281
165 80 282
173 106 283
96 41 284
129 20 285
197 55 286
111 74 287
82 114 288
39 174 289
122 64 290
66 105 291
54 68 292
98 122 293
50 57 294
90 140 295
187 93 296
155 200 297
11 39 298
22 9 299
178 88 300
57 151 301
107 179 302
27 157 303
98 83 304
80 6 305
26 114 306
28 48 307
180 19 308
121 41 309
38 163 310
195 150 311
70 148 312
7 147 313
78 74 314
198 49 315
172 176 316
75 152 317
87 157 318
140 28 319
196 139 320
151 126 321
198 177 322
107 117 323
132 84 324
108 97 325
124 9 326
80 134 327
31 56 328
107 114 329
178 116 330
104 68 331
38 159 332
155 102 333
84 73 334
17 126 335
158 154 336
33 108 337
23 195 338
120 65 339
163 98 340
171 37 341
72 191 342
105 15 343
9 150 344
93 170 345
18 9 346
33 30 347
150 91 348
67 82 349
74 1 350
149 84 351
101 5 352
33 145 353
180 164 354
106 8 355
36 179 356
108 87 357
113 51 358
118 97 359
34 45 360
158 165 361
195 148 362
171 73 363
85 15 364
47 168 365
196 76 366
181 22 367
176 31 368
159 39 369
148 102 370
178 197 371
83 132 372
17 99 373
52 8 374
68 2 375
128 89 376
54 127 377
156 147 378
41 169 379
143 67 380
186 98 381
80 181 382
23 73 383
11 171 384
178 76 385
188 156 386
22 138 387
54 39 388
139 108 389
79 193 390
133 155 391
139 166 392
85 33 393
85 12 394
10 154 395
153 151 396
89 155 397
193 19 398
40 163 399
18 85 400
91 63 401
158 141 402
94 40 403
176 4 404
55 123 405
189 38 406
100 110 407
43 24 408
125 142 409
116 94 410
133 69 411
133 4 412
184 32 413
72 182 414
29 4 415
99 56 416
100 50 417
103 158 418
8 91 419
100 44 420
200 93 421
124 128 422
29 39 423
32 59 424
95 23 425
170 47 426
2 114 427
71 2 428
150 74 429
23 157 430
59 68 431
112 147 432
155 172 433
104 72 434
140 21 435
84 146 436
183 40 437
30 6 438
30 96 439
3 105 440
141 121 441
51 191 442
37 107 443
184 124 444
154 181 445
61 143 446
146 182 447
67 181 448
126 161 449
29 80 450
128 80 451
197 109 452
85 70 453
101 177 454
148 24 455
174 52 456
123 64 457
200 149 458
32 7 459
118 197 460
172 85 461
76 56 462
44 154 463
118 178 464
166 159 465
119 44 466
187 31 467
27 35 468
86 174 469
56 8 470
169 18 471
33 25 472
120 35 473
23 63 474
39 55 475
86 26 476
134 95 477
90 32 478
48 68 479
132 35 480
173 132 481
94 153 482
192 33 483
142 36 484
19 50 485
187 194 486
191 4 487
97 21 488
9 95 489
25 55 490
198 135 491
101 181 492
20 181 493
163 54 494
41 100 495
5 127 496
7 163 497
128 5 498
58 35 499
99 87 500
155 175 501
110 30 502
109 129 503
33 99 504
55 140 505
198 131 506
18 35 507
29 58 508
50 154 509
5 12 510
48 105 511
148 183 512
35 100 513
80 32 514
54 61 515
99 191 516
133 23 517
191 95 518
78 141 519
41 45 520
32 150 521
149 115 522
60 145 523
189 24 524
144 146 525
114 185 526
39 103 527
161 148 528
79 33 529
10 115 530
85 45 531
70 112 532
161 193 533
5 61 534
4 166 535
75 12 536
49 31 537
62 131 538
38 157 539
146 131 540
72 71 541
181 168 542
92 47 543
29 46 544
68 24 545
138 11 546
162 160 547
40 76 548
4 190 549
148 32 550
185 36 551
85 109 552
114 200 553
39 1 554
73 79 555
117 90 556
35 76 557
169 82 558
1 143 559
58 55 560
192 9 561
167 129 562
102 73 563
132 111 564
95 88 565
63 68 566
40 90 567
104 118 568
138 123 569
50 22 570
21 11 571
63 11 572
40 169 573
20 79 574
126 184 575
184 77 576
36 33 577
2 28 578
162 108 579
54 76 580
62 127 581
118 121 582
107 147 583
26 34 584
198 21 585
173 3 586
144 77 587
166 2 588
44 195 589
25 104 590
79 159 591
139 21 592
63 124 593
118 9 594
159 126 595
129 99 596
107 190 597
4 159 598
39 173 599
48 197 600
43 124 601
155 190 602
119 86 603
15 186 604
74 88 605
190 158 606
22 130 607
34 64 608
82 115 609
88 54 610
199 68 611
69 104 612
42 167 613
19 143 614
56 123 615
5 123 616
74 80 617
200 48 618
169 89 619
185 97 620
6 21 621
25 23 622
45 59 623
160 40 624
104 88 625
192 2 626
60 134 627
186 38 628
70 41 629
101 143 630
185 81 631
121 123 632
121 81 633
102 132 634
29 17 635
20 103 636
12 142 637
120 121 638
170 143 639
147 35 640
30 103 641
126 47 642
92 66 643
178 28 644
145 57 645
144 98 646
61 106 647
77 31 648
100 101 649
164 182 650
18 20 651
7 58 652
124 51 653
43 168 654
4 66 655
52 163 656
134 19 657
143 23 658
109 30 659
57 114 660
31 29 661
163 3 662
76 176 663
172 146 664
173 44 665
95 160 666
39 85 667
99 110 668
190 142 669
87 102 670
97 22 671
94 12 672
86 190 673
16 69 674
85 65 675
172 157 676
159 5 677
60 10 678
51 155 679
121 108 680
186 148 681
113 77 682
181 164 683
26 82 684
13 31 685
9 170 686
34 100 687
125 110 688
82 175 689
21 181 690
73 22 691
10 173 692
122 199 693
192 195 694
72 77 695
162 113 696
23 86 697
160 77 698
112 62 699
151 183 700
52 102 701
101 44 702
84 134 703
195 77 704
199 53 705
24 142 706
27 158 707
79 102 708
98 142 709
161 134 710
144 136 711
192 13 712
151 145 713
25 100 714
137 16 715
82 88 716
22 15 717
162 61 718
48 177 719
48 192 720
144 164 721
192 55 722
53 22 723
122 132 724
16 13 725
127 77 726
57 15 727
1 73 728
86 161 729
173 21 730
50 30 731
145 28 732
86 24 733
171 39 734
131 151 735
188 132 736
97 7 737
4 19 738
42 192 739
18 112 740
3 112 741
110 136 742
86 25 743
53 45 744
196 161 745
115 161 746
123 179 747
181 196 748
150 7 749
191 89 750
74 87 751
90 185 752
52 152 753
118 31 754
8 144 755
199 61 756
152 19 757
125 133 758
171 158 759
63 154 760
144 51 761
3 143 762
25 115 763
65 194 764
74 172 765
195 100 766
136 178 767
199 191 768
104 47 769
15 63 770
80 3 771
101 51 772
77 46 773
88 183 774
37 131 775
63 103 776
97 40 777
137 149 778
134 77 779
150 109 780
167 18 781
36 76 782
42 94 783
2 43 784
127 47 785
8 174 786
47 125 787
186 182 788
26 90 789
113 52 790
197 53 791
136 54 792
100 185 793
157 76 794
30 9 795
125 115 796
74 115 797
138 146 798
5 166 799
173 129 800
172 151 801
40 193 802
119 154 803
197 4 804
164 160 805
25 200 806
188 198 807
145 174 808
134 66 809
131 41 810
10 89 811
131 100 812
86 88 813
72 22 814
176 182 815
163 104 816
121 67 817
46 74 818
74 17 819
59 152 820
55 69 821
191 152 822
36 110 823
41 170 824
51 58 825
94 199 826
185 166 827
48 130 828
190 168 829
199 151 830
1 34 831
109 193 832
57 158 833
6 121 834
77 35 835
177 132 836
54 24 837
45 44 838
34 154 839
197 95 840
188 148 841
144 9 842
38 29 843
2 103 844
200 142 845
119 79 846
8 19 847
163 125 848
25 8 849
146 181 850
195 106 851
116 124 852
104 83 853
65 131 854
182 76 855
195 91 856
171 78 857
35 179 858
174 173 859
134 164 860
13 62 861
57 124 862
188 125 863
160 34 864
108 67 865
116 57 866
143 41 867
20 137 868
99 38 869
41 22 870
94 71 871
120 21 872
162 130 873
30 72 874
117 58 875
131 71 876
8 160 877
166 17 878
113 139 879
37 161 880
66 5 881
125 96 882
144 197 883
58 107 884
190 96 885
104 100 886
44 124 887
130 78 888
134 39 889
26 189 890
172 193 891
52 165 892
118 181 893
195 98 894
145 49 895
114 1 896
93 87 897
68 57 898
156 114 899
84 163 900
185 5 901
18 65 902
199 157 903
113 140 904
170 116 905
48 24 906
162 33 907
159 76 908
121 137 909
78 82 910
133 32 911
99 34 912
5 93 913
181 84 914
194 120 915
190 187 916
192 106 917
165 108 918
146 187 919
2 116 920
14 123 921
53 165 922
187 164 923
11 99 924
171 91 925
132 21 926
190 143 927
13 181 928
171 75 929
118 133 930
180 10 931
157 138 932
142 149 933
196 67 934
23 40 935
24 159 936
98 79 937
148 197 938
102 158 939
114 53 940
144 133 941
145 140 942
175 120 943
9 46 944
93 94 945
52 86 946
31 198 947
31 87 948
23 194 949
141 150 950
156 123 951
79 136 952
48 125 953
20 91 954
88 187 955
20 163 956
87 89 957
123 139 958
156 62 959
176 96 960
28 17 961
67 137 962
5 175 963
116 137 964
85 47 965
118 13 966
122 100 967
84 106 968
88 22 969
195 188 970
119 61 971
36 198 972
36 130 973
187 111 974
144 65 975
111 135 976
162 129 977
70 8 978
106 52 979
52 32 980
135 114 981
192 87 982
103 102 983
82 23 984
15 117 985
10 116 986
18 106 987
109 157 988
198 121 989
10 148 990
198 76 991
85 176 992
127 1 993
126 185 994
17 121 995
83 121 996
35 171 997
87 19 998
99 39 999
59 99 1000
63 168 1001
146 143 1002
70 87 1003
8 170 1004
140 152 1005
96 147 1006
21 159 1007
62 42 1008
62 171 1009
167 26 1010
98 175 1011
137 61 1012
44 41 1013
163 25 1014
73 115 1015
129 100 1016
135 166 1017
170 33 1018
194 144 1019
120 109 1020
33 45 1021
109 161 1022
73 17 1023
16 6 1024
14 55 1025
136 84 1026
143 31 1027
198 138 1028
79 163 1029
174 153 1030
72 168 1031
85 67 1032
81 48 1033
133 173 1034
51 9 1035
189 165 1036
133 123 1037
64 99 1038
179 87 1039
137 166 1040
183 96 1041
83 34 1042
127 168 1043
194 101 1044
131 22 1045
57 8 1046
32 18 1047
4 90 1048
100 187 1049
63 14 1050
39 43 1051
160 133 1052
30 144 1053
50 155 1054
7 66 1055
122 79 1056
4 63 1057
183 83 1058
135 108 1059
1 129 1060
80 191 1061
81 44 1062
99 61 1063
138 153 1064
110 195 1065
196 125 1066
104 183 1067
23 56 1068
22 94 1069
22 67 1070
77 142 1071
74 106 1072
95 162 1073
142 173 1074
166 131 1075
72 155 1076
70 39 1077
186 125 1078
162 52 1079
119 191 1080
181 109 1081
44 181 1082
62 194 1083
127 197 1084
174 98 1085
186 195 1086
73 164 1087
18 135 1088
48 154 1089
5 52 1090
198 68 1091
146 120 1092
29 73 1093
53 52 1094
95 152 1095
124 100 1096
78 114 1097
77 40 1098
47 14 1099
47 105 1100
82 181 1101
177 127 1102
68 159 1103
142 124 1104
131 154 1105
63 172 1106
12 134 1107
52 150 1108
199 24 1109
4 122 1110
33 41 1111
47 184 1112
91 127 1113
9 161 1114
190 186 1115
48 171 1116
132 3 1117
16 194 1118
139 116 1119
66 18 1120
81 146 1121
148 57 1122
51 44 1123
135 20 1124
63 188 1125
68 135 1126
77 92 1127
163 143 1128
24 121 1129
134 23 1130
180 162 1131
14 161 1132
52 71 1133
90 105 1134
104 112 1135
166 31 1136
161 175 1137
147 132 1138
195 22 1139
53 118 1140
175 192 1141
18 48 1142
144 83 1143
60 1 1144
178 61 1145
90 192 1146
187 24 1147
163 173 1148
82 81 1149
108 145 1150
60 191 1151
134 178 1152
198 44 1153
131 46 1154
175 75 1155
75 119 1156
125 140 1157
144 117 1158
180 114 1159
113 96 1160
99 178 1161
92 12 1162
181 144 1163
147 103 1164
193 181 1165
104 113 1166
95 103 1167
12 169 1168
89 176 1169
115 172 1170
85 148 1171
88 128 1172
71 59 1173
166 95 1174
95 60 1175
24 44 1176
28 188 1177
4 131 1178
79 125 1179
54 3 1180
61 28 1181
59 120 1182
194 29 1183
45 191 1184
9 24 1185
82 146 1186
179 113 1187
28 6 1188
62 25 1189
134 81 1190
193 30 1191
6 104 1192
133 27 1193
47 78 1194
93 8 1195
54 83 1196
120 142 1197
40 198 1198
10 187 1199
141 29 1200
24 135 1201
3 10 1202
169 92 1203
166 173 1204
22 168 1205
99 84 1206
110 55 1207
7 63 1208
104 103 1209
24 125 1210
177 20 1211
106 36 1212
181 30 1213
196 55 1214
133 89 1215
152 127 1216
193 116 1217
149 2 1218
15 94 1219
62 168 1220
74 12 1221
147 195 1222
125 7 1223
64 61 1224
165 139 1225
135 29 1226
58 79 1227
16 48 1228
86 188 1229
172 149 1230
27 156 1231
151 92 1232
166 6 1233
153 108 1234
49 133 1235
73 55 1236
176 117 1237
2 52 1238
122 171 1239
166 93 1240
64 105 1241
192 125 1242
176 168 1243
51 74 1244
29 172 1245
106 33 1246
51 91 1247
180 193 1248
97 191 1249
181 148 1250
152 16 1251
178 26 1252
49 98 1253
44 130 1254
130 175 1255
194 130 1256
29 25 1257
115 61 1258
152 49 1259
124 107 1260
180 151 1261
37 51 1262
22 160 1263
76 12 1264
101 98 1265
144 75 1266
177 85 1267
9 36 1268
39 18 1269
142 8 1270
5 41 1271
166 79 1272
78 151 1273
2 108 1274
28 124 1275
170 25 1276
47 1 1277
195 141 1278
169 146 1279
24 119 1280
40 154 1281
58 73 1282
77 74 1283
3 180 1284
110 128 1285
54 108 1286
184 63 1287
68 94 1288
167 25 1289
99 141 1290
41 38 1291
33 153 1292
200 129 1293
99 69 1294
120 161 1295
103 29 1296
3 90 1297
115 56 1298
91 165 1299
29 18 1300
58 136 1301
151 84 1302
96 141 1303
183 59 1304
123 127 1305
157 47 1306
74 104 1307
2 93 1308
52 55 1309
72 64 1310
198 118 1311
61 151 1312
69 12 1313
33 111 1314
78 188 1315
142 95 1316
50 79 1317
16 120 1318
45 163 1319
1 138 1320
114 83 1321
58 116 1322
157 159 1323
134 169 1324
89 137 1325
102 12 1326
55 3 1327
136 111 1328
170 18 1329
172 165 1330
60 171 1331
67 98 1332
176 186 1333
7 24 1334
9 188 1335
123 94 1336
161 55 1337
100 105 1338
111 93 1339
192 130 1340
141 68 1341
47 97 1342
111 154 1343
6 60 1344
52 19 1345
148 23 1346
27 54 1347
124 1 1348
136 37 1349
15 161 1350
39 164 1351
140 92 1352
73 150 1353
33 49 1354
37 155 1355
159 127 1356
38 21 1357
109 100 1358
63 65 1359
81 167 1360
88 140 1361
80 14 1362
113 157 1363
186 140 1364
11 108 1365
139 2 1366
48 175 1367
17 38 1368
92 60 1369
64 90 1370
147 191 1371
13 125 1372
148 71 1373
159 135 1374
135 115 1375
68 101 1376
85 191 1377
37 61 1378
113 92 1379
105 6 1380
145 20 1381
11 48 1382
19 153 1383
70 44 1384
4 9 1385
177 180 1386
157 193 1387
190 126 1388
179 95 1389
171 139 1390
113 194 1391
43 69 1392
52 173 1393
11 134 1394
156 128 1395
129 152 1396
7 52 1397
41 147 1398
129 130 1399
172 57 1400
116 70 1401
89 197 1402
151 51 1403
166 22 1404
180 33 1405
94 105 1406
65 113 1407
56 134 1408
125 44 1409
52 172 1410
116 23 1411
186 171 1412
60 105 1413
187 122 1414
92 173 1415
104 175 1416
133 67 1417
76 194 1418
164 89 1419
83 171 1420
81 57 1421
25 191 1422
160 107 1423
178 72 1424
118 129 1425
73 78 1426
42 30 1427
89 55 1428
197 152 1429
170 185 1430
18 97 1431
199 41 1432
143 65 1433
98 95 1434
58 82 1435
25 155 1436
163 174 1437
89 177 1438
156 10 1439
82 120 1440
104 97 1441
98 154 1442
183 131 1443
171 97 1444
143 39 1445
39 81 1446
137 125 1447
7 170 1448
138 160 1449
41 46 1450
30 140 1451
34 132 1452
88 135 1453
48 102 1454
189 183 1455
86 186 1456
32 195 1457
108 176 1458
185 196 1459
105 158 1460
184 109 1461
32 75 1462
48 188 1463
7 165 1464
62 20 1465
93 20 1466
153 7 1467
199 174 1468
16 45 1469
12 173 1470
98 75 1471
166 132 1472
69 60 1473
44 112 1474
56 172 1475
163 190 1476
35 32 1477
160 154 1478
72 189 1479
191 64 1480
192 100 1481
128 174 1482
57 32 1483
163 95 1484
192 107 1485
187 71 1486
100 95 1487
104 61 1488
4 107 1489
128 172 1490
16 93 1491
155 181 1492
50 15 1493
53 159 1494
156 73 1495
181 105 1496
177 2 1497
144 173 1498
21 66 1499
55 127 1500
32 191 1501
125 197 1502
190 37 1503
160 156 1504
192 7 1505
37 23 1506
152 60 1507
102 58 1508
100 70 1509
161 117 1510
158 85 1511
62 29 1512
147 140 1513
91 35 1514
54 106 1515
122 105 1516
36 63 1517
196 88 1518
3 71 1519
9 80 1520
158 59 1521
18 13 1522
172 77 1523
179 81 1524
124 137 1525
24 137 1526
152 142 1527
89 82 1528
143 197 1529
38 162 1530
41 146 1531
192 18 1532
111 133 1533
126 193 1534
133 6 1535
82 21 1536
107 69 1537
115 4 1538
125 175 1539
141 198 1540
12 159 1541
119 166 1542
121 65 1543
13 51 1544
141 166 1545
142 93 1546
81 174 1547
167 154 1548
85 137 1549
134 146 1550
121 175 1551
84 117 1552
13 91 1553
41 28 1554
177 65 1555
136 126 1556
31 52 1557
78 16 1558
139 12 1559
113 91 1560
21 153 1561
101 107 1562
65 136 1563
115 116 1564
132 45 1565
183 146 1566
183 30 1567
58 98 1568
31 57 1569
195 120 1570
59 30 1571
124 133 1572
155 111 1573
37 7 1574
97 57 1575
184 195 1576
132 68 1577
158 83 1578
8 17 1579
65 190 1580
187 173 1581
19 117 1582
187 87 1583
106 194 1584
9 171 1585
199 85 1586
161 61 1587
159 33 1588
58 172 1589
77 39 1590
200 71 1591
101 87 1592
25 103 1593
187 142 1594
3 151 1595
80 166 1596
87 25 1597
60 42 1598
200 118 1599
33 176 1600
17 154 1601
39 105 1602
62 190 1603
22 31 1604
98 178 1605
4 142 1606
137 131 1607
194 134 1608
154 189 1609
127 154 1610
161 125 1611
118 113 1612
142 117 1613
97 10 1614
145 138 1615
43 67 1616
153 22 1617
36 101 1618
45 20 1619
183 60 1620
186 177 1621
94 193 1622
106 15 1623
98 153 1624
136 168 1625
26 117 1626
120 52 1627
101 121 1628
87 144 1629
184 192 1630
135 153 1631
122 23 1632
2 85 1633
6 158 1634
102 38 1635
44 96 1636
65 115 1637
78 99 1638
192 53 1639
9 14 1640
141 55 1641
17 9 1642
11 170 1643
22 63 1644
92 62 1645
200 41 1646
39 101 1647
184 138 1648
197 140 1649
170 129 1650
113 122 1651
102 149 1652
141 146 1653
129 145 1654
124 49 1655
80 190 1656
180 85 1657
23 179 1658
94 83 1659
18 77 1660
169 186 1661
155 31 1662
171 76 1663
114 85 1664
197 5 1665
43 9 1666
48 141 1667
158 26 1668
174 181 1669
18 55 1670
6 138 1671
105 157 1672
104 129 1673
110 130 1674
176 129 1675
170 15 1676
175 181 1677
39 145 1678
75 15 1679
56 6 1680
193 163 1681
45 123 1682
9 134 1683
49 173 1684
100 58 1685
41 138 1686
177 76 1687
200 74 1688
15 113 1689
104 34 1690
61 47 1691
170 191 1692
80 21 1693
41 43 1694
164 11 1695
54 8 1696
182 58 1697
5 162 1698
57 59 1699
124 66 1700
117 3 1701
189 131 1702
47 31 1703
190 189 1704
24 186 1705
153 187 1706
116 185 1707
42 83 1708
104 44 1709
15 65 1710
135 156 1711
99 68 1712
89 47 1713
39 28 1714
188 139 1715
177 189 1716
116 69 1717
157 68 1718
188 162 1719
71 133 1720
146 35 1721
47 122 1722
74 7 1723
153 64 1724
133 41 1725
32 194 1726
175 200 1727
136 15 1728
45 138 1729
63 112 1730
51 160 1731
44 187 1732
38 109 1733
24 13 1734
144 28 1735
184 21 1736
185 4 1737
9 62 1738
26 129 1739
95 125 1740
42 186 1741
95 66 1742
82 108 1743
185 134 1744
123 39 1745
101 89 1746
93 76 1747
99 23 1748
65 24 1749
108 124 1750
68 33 1751
29 118 1752
48 118 1753
119 48 1754
58 161 1755
47 10 1756
40 110 1757
25 93 1758
116 36 1759
154 86 1760
46 124 1761
119 59 1762
129 108 1763
10 94 1764
55 103 1765
168 182 1766
125 155 1767
122 102 1768
160 147 1769
95 140 1770
89 69 1771
145 54 1772
147 118 1773
192 145 1774
162 183 1775
67 142 1776
106 67 1777
116 122 1778
67 6 1779
74 38 1780
82 117 1781
200 153 1782
30 101 1783
74 123 1784
102 93 1785
74 82 1786
38 57 1787
60 192 1788
169 85 1789
17 94 1790
102 141 1791
171 26 1792
79 160 1793
43 98 1794
90 39 1795
15 196 1796
189 162 1797
41 158 1798
152 89 1799
106 117 1800
135 58 1801
73 24 1802
124 60 1803
164 157 1804
94 89 1805
121 52 1806
110 196 1807
150 98 1808
106 111 1809
115 107 1810
95 146 1811
190 101 1812
6 82 1813
83 60 1814
3 199 1815
139 85 1816
118 195 1817
190 191 1818
104 62 1819
100 4 1820
108 149 1821
176 62 1822
139 90 1823
26 63 1824
114 58 1825
119 200 1826
8 11 1827
153 113 1828
14 49 1829
79 111 1830
162 49 1831
194 119 1832
169 122 1833
165 12 1834
88 19 1835
7 102 1836
131 19 1837
146 125 1838
146 184 1839
192 102 1840
119 173 1841
194 31 1842
154 47 1843
189 185 1844
138 180 1845
200 128 1846
11 43 1847
172 64 1848
155 44 1849
95 50 1850
43 25 1851
141 12 1852
183 87 1853
25 128 1854
66 52 1855
2 3 1856
70 164 1857
118 98 1858
116 35 1859
170 121 1860
7 112 1861
100 43 1862
95 150 1863
79 194 1864
104 95 1865
186 93 1866
51 117 1867
8 86 1868
59 151 1869
136 197 1870
117 133 1871
70 120 1872
14 192 1873
151 99 1874
14 148 1875
86 92 1876
169 106 1877
32 68 1878
50 133 1879
133 39 1880
108 184 1881
85 160 1882
87 60 1883
39 125 1884
140 33 1885
3 184 1886
21 47 1887
49 45 1888
6 145 1889
133 120 1890
118 155 1891
21 1 1892
2 76 1893
149 131 1894
117 153 1895
173 137 1896
165 115 1897
10 107 1898
187 159 1899
182 190 1900
32 51 1901
72 55 1902
38 31 1903
115 99 1904
44 113 1905
156 55 1906
142 11 1907
117 48 1908
32 81 1909
98 105 1910
49 57 1911
62 123 1912
179 186 1913
183 61 1914
142 43 1915
189 125 1916
77 38 1917
197 77 1918
61 200 1919
142 168 1920
95 21 1921
175 49 1922
199 71 1923
59 113 1924
39 147 1925
103 40 1926
22 122 1927
28 71 1928
111 19 1929
70 81 1930
73 103 1931
30 28 1932
67 92 1933
51 159 1934
196 77 1935
127 15 1936
189 63 1937
92 39 1938
162 116 1939
176 180 1940
31 17 1941
146 152 1942
175 117 1943
94 140 1944
101 155 1945
98 51 1946
89 163 1947
198 82 1948
111 140 1949
48 144 1950
62 105 1951
8 58 1952
8 23 1953
192 20 1954
12 166 1955
101 141 1956
14 92 1957
155 6 1958
173 5 1959
143 33 1960
186 68 1961
20 43 1962
179 16 1963
12 84 1964
154 164 1965
153 104 1966
23 72 1967
41 152 1968
64 119 1969
173 135 1970
152 113 1971
188 57 1972
74 56 1973
183 122 1974
29 129 1975
9 142 1976
69 72 1977
20 23 1978
172 118 1979
138 188 1980
187 169 1981
181 123 1982
192 111 1983
173 18 1984
58 42 1985
197 124 1986
197 186 1987
113 75 1988
33 187 1989
143 46 1990
70 75 1991
193 46 1992
29 179 1993
95 12 1994
133 16 1995
151 121 1996
37 16 1997
105 19 1998
113 174 1999
129 40 2000
64 181 2001
171 19 2002
185 121 2003
105 92 2004
138 129 2005
50 75 2006
112 169 2007
115 195 2008
6 2 2009
116 161 2010
166 76 2011
36 45 2012
142 54 2013
119 17 2014
17 7 2015
82 138 2016
29 35 2017
147 111 2018
5 73 2019
81 156 2020
70 24 2021
87 116 2022
105 114 2023
112 15 2024
37 189 2025
9 15 2026
140 193 2027
166 23 2028
198 101 2029
101 162 2030
38 46 2031
16 169 2032
55 157 2033
52 33 2034
51 165 2035
108 173 2036
21 88 2037
148 29 2038
151 150 2039
41 176 2040
29 32 2041
65 40 2042
79 109 2043
181 15 2044
123 38 2045
116 54 2046
139 3 2047
15 143 2048
57 9 2049
178 66 2050
14 127 2051
176 184 2052
144 21 2053
108 183 2054
121 51 2055
27 198 2056
144 121 2057
124 36 2058
81 192 2059
6 3 2060
96 122 2061
179 122 2062
53 176 2063
13 137 2064
90 197 2065
95 194 2066
21 91 2067
22 75 2068
164 75 2069
10 145 2070
48 172 2071
10 123 2072
175 38 2073
170 10 2074
147 137 2075
14 36 2076
19 173 2077
184 118 2078
16 128 2079
50 42 2080
69 143 2081
117 17 2082
74 102 2083
175 100 2084
40 99 2085
46 50 2086
101 183 2087
48 137 2088
104 155 2089
50 191 2090
171 85 2091
8 92 2092
54 181 2093
132 30 2094
176 70 2095
195 25 2096
178 48 2097
95 182 2098
21 175 2099
47 140 2100
67 145 2101
41 40 2102
22 43 2103
120 171 2104
23 78 2105
62 53 2106
86 68 2107
73 51 2108
32 171 2109
199 190 2110
13 74 2111
70 82 2112
59 64 2113
47 13 2114
145 195 2115
172 8 2116
194 64 2117
119 14 2118
58 191 2119
158 4 2120
68 67 2121
34 2 2122
175 118 2123
74 117 2124
54 180 2125
106 147 2126
187 139 2127
51 192 2128
155 199 2129
160 48 2130
83 166 2131
36 173 2132
88 32 2133
117 37 2134
103 192 2135
146 1 2136
55 100 2137
126 91 2138
161 47 2139
102 135 2140
40 16 2141
162 17 2142
156 159 2143
186 158 2144
194 103 2145
128 53 2146
31 184 2147
128 23 2148
152 176 2149
11 165 2150
194 149 2151
35 92 2152
20 41 2153
51 11 2154
55 151 2155
178 106 2156
185 110 2157
171 142 2158
179 48 2159
39 69 2160
134 1 2161
59 171 2162
135 4 2163
40 30 2164
187 154 2165
12 49 2166
25 14 2167
67 13 2168
126 67 2169
25 147 2170
174 12 2171
156 32 2172
188 197 2173
139 4 2174
24 173 2175
105 29 2176
168 51 2177
199 118 2178
52 89 2179
163 170 2180
59 111 2181
140 108 2182
120 104 2183
190 183 2184
153 83 2185
9 83 2186
170 78 2187
56 177 2188
187 200 2189
182 178 2190
155 28 2191
11 141 2192
2 70 2193
76 167 2194
166 114 2195
112 34 2196
105 175 2197
150 1 2198
45 78 2199
54 134 2200
89 135 2201
93 99 2202
98 190 2203
105 76 2204
170 127 2205
86 31 2206
122 167 2207
122 21 2208
85 62 2209
161 60 2210
47 113 2211
86 163 2212
62 110 2213
41 72 2214
61 100 2215
11 124 2216
10 167 2217
23 67 2218
44 146 2219
63 126 2220
39 94 2221
62 197 2222
133 115 2223
106 91 2224
156 120 2225
45 3 2226
194 33 2227
69 8 2228
69 155 2229
45 24 2230
165 149 2231
148 68 2232
140 124 2233
59 13 2234
12 176 2235
181 129 2236
147 68 2237
83 17 2238
32 197 2239
41 190 2240
110 109 2241
24 90 2242
145 98 2243
87 111 2244
101 72 2245
94 79 2246
65 14 2247
83 139 2248
61 157 2249
5 172 2250
77 119 2251
177 26 2252
92 185 2253
91 128 2254
101 20 2255
24 141 2256
64 80 2257
175 93 2258
149 178 2259
49 25 2260
156 195 2261
115 62 2262
25 90 2263
136 100 2264
33 91 2265
83 37 2266
117 67 2267
70 149 2268
28 98 2269
190 141 2270
157 65 2271
199 142 2272
131 116 2273
62 198 2274
174 4 2275
149 43 2276
124 104 2277
79 69 2278
48 196 2279
175 96 2280
131 9 2281
128 108 2282
121 112 2283
183 124 2284
149 27 2285
174 132 2286
53 142 2287
18 109 2288
8 90 2289
4 182 2290
184 30 2291
37 188 2292
93 96 2293
78 180 2294
35 1 2295
108 35 2296
71 13 2297
156 74 2298
170 124 2299
193 131 2300
21 89 2301
168 161 2302
68 38 2303
60 115 2304
78 33 2305
34 52 2306
85 97 2307
145 87 2308
133 14 2309
137 179 2310
47 52 2311
78 77 2312
4 132 2313
96 11 2314
4 143 2315
105 118 2316
174 185 2317
198 14 2318
60 62 2319
156 124 2320
145 155 2321
101 187 2322
29 83 2323
95 83 2324
154 23 2325
159 143 2326
2 14 2327
171 102 2328
199 98 2329
85 40 2330
169 181 2331
145 3 2332
187 191 2333
144 160 2334
109 163 2335
24 200 2336
82 105 2337
6 109 2338
54 100 2339
172 185 2340
135 131 2341
5 28 2342
5 192 2343
75 131 2344
200 171 2345
27 64 2346
35 128 2347
197 79 2348
58 132 2349
167 68 2350
63 187 2351
24 84 2352
167 61 2353
164 51 2354
134 187 2355
77 11 2356
73 33 2357
54 14 2358
52 22 2359
147 47 2360
72 167 2361
19 29 2362
153 183 2363
1 37 2364
195 15 2365
87 67 2366
181 98 2367
120 27 2368
41 10 2369
78 112 2370
50 104 2371
135 63 2372
33 100 2373
85 90 2374
162 103 2375
59 89 2376
131 63 2377
34 55 2378
91 198 2379
184 194 2380
120 62 2381
103 140 2382
73 143 2383
37 108 2384
97 20 2385
89 33 2386
132 54 2387
53 140 2388
89 39 2389
2 128 2390
143 99 2391
108 72 2392
42 126 2393
42 67 2394
179 46 2395
185 104 2396
22 81 2397
106 6 2398
27 8 2399
60 16 2400
39 97 2401
184 55 2402
114 76 2403
1 158 2404
129 146 2405
47 102 2406
18 152 2407
78 167 2408
94 32 2409
57 12 2410
23 26 2411
38 72 2412
109 14 2413
8 33 2414
54 31 2415
117 50 2416
125 26 2417
190 61 2418
88 106 2419
38 176 2420
42 164 2421
171 149 2422
114 32 2423
95 38 2424
87 21 2425
109 115 2426
186 128 2427
125 164 2428
17 170 2429
14 199 2430
195 43 2431
123 25 2432
117 61 2433
76 124 2434
106 29 2435
188 47 2436
129 178 2437
164 18 2438
151 132 2439
64 89 2440
83 36 2441
99 187 2442
34 92 2443
74 163 2444
32 17 2445
99 7 2446
149 101 2447
108 154 2448
99 161 2449
89 11 2450
61 43 2451
119 163 2452
188 102 2453
126 132 2454
159 129 2455
99 60 2456
153 103 2457
154 49 2458
39 112 2459
12 43 2460
195 5 2461
138 83 2462
11 67 2463
46 83 2464
35 133 2465
156 13 2466
49 80 2467
174 40 2468
68 130 2469
191 26 2470
185 113 2471
18 86 2472
12 19 2473
1 96 2474
187 102 2475
87 149 2476
173 180 2477
119 107 2478
58 180 2479
119 196 2480
185 49 2481
47 181 2482
140 200 2483
174 49 2484
6 5 2485
117 128 2486
91 170 2487
40 171 2488
191 70 2489
19 144 2490
59 131 2491
4 167 2492
55 28 2493
101 46 2494
17 111 2495
197 56 2496
4 112 2497
22 163 2498
14 102 2499
189 184 2500
112 150 2501
64 71 2502
53 100 2503
28 11 2504
125 30 2505
123 126 2506
196 175 2507
81 51 2508
102 157 2509
196 72 2510
94 149 2511
84 94 2512
22 77 2513
141 194 2514
38 151 2515
79 114 2516
18 40 2517
183 47 2518
88 92 2519
101 65 2520
78 72 2521
190 150 2522
140 164 2523
40 102 2524
92 51 2525
37 30 2526
31 168 2527
29 175 2528
190 33 2529
58 39 2530
143 21 2531
178 150 2532
141 168 2533
158 30 2534
53 130 2535
31 73 2536
99 162 2537
82 31 2538
185 86 2539
19 26 2540
14 24 2541
116 52 2542
54 15 2543
85 22 2544
55 66 2545
61 74 2546
84 158 2547
71 54 2548
71 112 2549
73 77 2550
193 27 2551
8 77 2552
192 160 2553
86 1 2554
91 155 2555
34 68 2556
96 22 2557
82 54 2558
81 170 2559
155 185 2560
140 100 2561
151 94 2562
45 67 2563
128 197 2564
18 163 2565
7 138 2566
36 108 2567
90 119 2568
85 28 2569
95 174 2570
149 61 2571
81 115 2572
157 18 2573
30 191 2574
155 187 2575
23 35 2576
197 25 2577
138 111 2578
178 57 2579
169 24 2580
153 158 2581
109 172 2582
10 144 2583
193 90 2584
171 153 2585
88 154 2586
172 190 2587
137 11 2588
193 6 2589
92 19 2590
175 59 2591
197 135 2592
16 115 2593
140 114 2594
169 142 2595
99 106 2596
186 181 2597
19 129 2598
17 140 2599
8 179 2600
153 155 2601
28 107 2602
24 8 2603
20 110 2604
71 98 2605
194 57 2606
82 76 2607
13 194 2608
75 102 2609
31 163 2610
157 3 2611
3 38 2612
158 156 2613
14 37 2614
124 35 2615
151 120 2616
94 70 2617
51 56 2618
157 64 2619
123 69 2620
94 135 2621
107 86 2622
105 4 2623
16 72 2624
38 178 2625
150 37 2626
143 173 2627
96 58 2628
42 1 2629
165 174 2630
41 56 2631
101 60 2632
182 15 2633
138 29 2634
78 163 2635
44 151 2636
198 4 2637
120 50 2638
73 98 2639
98 160 2640
85 53 2641
125 178 2642
101 130 2643
18 16 2644
179 88 2645
1 126 2646
1 45 2647
53 57 2648
136 138 2649
188 189 2650
97 187 2651
26 193 2652
35 10 2653
35 41 2654
69 199 2655
117 127 2656
59 38 2657
120 167 2658
39 188 2659
157 40 2660
42 106 2661
88 157 2662
157 107 2663
77 128 2664
41 75 2665
115 187 2666
122 128 2667
167 34 2668
17 58 2669
53 191 2670
77 89 2671
33 72 2672
78 101 2673
92 1 2674
78 17 2675
158 36 2676
183 187 2677
1 179 2678
97 66 2679
90 163 2680
187 112 2681
73 192 2682
58 130 2683
12 46 2684
169 191 2685
38 27 2686
59 8 2687
40 130 2688
128 9 2689
48 176 2690
127 136 2691
186 94 2692
82 62 2693
4 99 2694
46 153 2695
122 156 2696
99 181 2697
189 158 2698
124 192 2699
148 46 2700
171 94 2701
3 14 2702
92 110 2703
143 38 2704
124 24 2705
18 14 2706
158 194 2707
24 29 2708
33 132 2709
99 185 2710
176 130 2711
151 5 2712
29 177 2713
30 174 2714
74 8 2715
125 58 2716
52 185 2717
15 114 2718
165 60 2719
200 18 2720
182 127 2721
14 147 2722
176 51 2723
56 82 2724
157 51 2725
80 30 2726
66 141 2727
55 122 2728
156 66 2729
118 166 2730
194 6 2731
165 73 2732
112 51 2733
129 188 2734
142 121 2735
167 175 2736
85 94 2737
74 168 2738
137 56 2739
64 182 2740
50 52 2741
15 192 2742
193 119 2743
102 125 2744
80 199 2745
67 33 2746
23 17 2747
23 105 2748
37 5 2749
45 63 2750
112 175 2751
47 160 2752
149 176 2753
94 129 2754
17 115 2755
140 58 2756
142 71 2757
172 99 2758
165 54 2759
62 91 2760
158 198 2761
180 195 2762
128 72 2763
147 171 2764
123 112 2765
26 115 2766
79 56 2767
76 135 2768
37 43 2769
167 84 2770
168 83 2771
147 44 2772
49 86 2773
44 56 2774
30 13 2775
151 29 2776
167 85 2777
77 80 2778
52 159 2779
66 99 2780
9 143 2781
145 146 2782
94 143 2783
68 41 2784
6 107 2785
174 32 2786
60 27 2787
6 128 2788
134 109 2789
52 11 2790
142 94 2791
33 138 2792
185 183 2793
128 8 2794
121 158 2795
103 44 2796
64 1 2797
195 14 2798
93 153 2799
1 183 2800
107 13 2801
77 118 2802
158 130 2803
198 152 2804
53 135 2805
137 109 2806
159 154 2807
92 196 2808
14 23 2809
109 187 2810
89 193 2811
154 105 2812
186 88 2813
53 9 2814
117 155 2815
88 67 2816
62 125 2817
17 95 2818
28 159 2819
117 70 2820
120 193 2821
3 185 2822
48 96 2823
141 169 2824
152 66 2825
87 42 2826
106 190 2827
71 197 2828
44 163 2829
118 93 2830
177 184 2831
98 124 2832
4 71 2833
48 61 2834
151 198 2835
149 81 2836
22 68 2837
137 108 2838
155 142 2839
134 198 2840
52 142 2841
137 36 2842
94 102 2843
66 147 2844
178 173 2845
91 124 2846
85 121 2847
128 163 2848
88 144 2849
5 64 2850
80 130 2851
70 51 2852
37 139 2853
141 52 2854
43 80 2855
167 87 2856
180 83 2857
56 10 2858
3 166 2859
164 56 2860
178 56 2861
15 25 2862
92 172 2863
114 72 2864
111 115 2865
172 100 2866
32 47 2867
89 40 2868
59 196 2869
64 117 2870
143 131 2871
30 160 2872
192 91 2873
61 24 2874
23 100 2875
130 3 2876
29 127 2877
187 172 2878
135 182 2879
34 107 2880
51 150 2881
74 30 2882
197 174 2883
155 46 2884
135 147 2885
107 189 2886
174 91 2887
26 192 2888
101 75 2889
189 179 2890
52 65 2891
85 17 2892
63 2 2893
91 107 2894
60 90 2895
131 87 2896
169 95 2897
43 27 2898
62 18 2899
143 186 2900
73 16 2901
1 68 2902
48 139 2903
197 99 2904
28 81 2905
150 130 2906
188 40 2907
13 12 2908
127 160 2909
25 64 2910
9 146 2911
79 153 2912
39 57 2913
115 177 2914
2 184 2915
183 191 2916
41 79 2917
110 17 2918
96 31 2919
43 56 2920
181 194 2921
27 105 2922
80 35 2923
32 71 2924
157 9 2925
82 155 2926
45 98 2927
159 32 2928
175 92 2929
183 129 2930
187 171 2931
129 161 2932
168 33 2933
70 77 2934
196 43 2935
160 58 2936
37 101 2937
4 144 2938
152 56 2939
168 57 2940
100 19 2941
192 177 2942
29 74 2943
189 86 2944
35 4 2945
48 14 2946
22 55 2947
21 166 2948
102 174 2949
156 194 2950
112 28 2951
182 157 2952
87 100 2953
128 194 2954
126 189 2955
83 117 2956
178 50 2957
58 133 2958
54 93 2959
184 84 2960
129 93 2961
138 175 2962
168 151 2963
84 11 2964
37 95 2965
115 104 2966
141 86 2967
106 12 2968
197 182 2969
177 104 2970
127 171 2971
198 174 2972
170 154 2973
48 108 2974
146 52 2975
88 1 2976
107 113 2977
54 161 2978
61 136 2979
187 92 2980
135 162 2981
40 33 2982
142 86 2983
24 118 2984
66 85 2985
86 143 2986
34 181 2987
53 171 2988
97 19 2989
21 141 2990
132 93 2991
17 152 2992
188 64 2993
92 55 2994
166 105 2995
135 155 2996
189 8 2997
183 63 2998
22 107 2999
59 172 3000
55 200 3001
197 17 3002
5 136 3003
26 160 3004
115 70 3005
119 10 3006
123 76 3007
12 135 3008
29 79 3009
113 28 3010
133 161 3011
42 32 3012
19 106 3013
25 70 3014
81 189 3015
113 121 3016
134 200 3017
106 64 3018
179 6 3019
136 74 3020
64 174 3021
71 90 3022
148 147 3023
31 158 3024
115 20 3025
129 72 3026
199 81 3027
105 80 3028
45 161 3029
44 133 3030
49 15 3031
125 49 3032
170 37 3033
2 77 3034
147 37 3035
196 177 3036
88 184 3037
116 65 3038
52 134 3039
119 57 3040
124 186 3041
113 192 3042
90 74 3043
64 185 3044
109 3 3045
159 190 3046
65 155 3047
167 191 3048
15 197 3049
80 109 3050
28 105 3051
62 107 3052
92 57 3053
104 165 3054
51 172 3055
86 128 3056
63 120 3057
56 24 3058
195 104 3059
87 171 3060
32 37 3061
97 153 3062
154 15 3063
160 37 3064
114 21 3065
72 169 3066
16 97 3067
180 74 3068
185 18 3069
116 151 3070
159 54 3071
21 102 3072
105 35 3073
58 37 3074
108 155 3075
158 128 3076
24 128 3077
141 140 3078
28 63 3079
128 27 3080
38 138 3081
59 79 3082
39 157 3083
121 34 3084
76 86 3085
71 100 3086
149 158 3087
188 55 3088
110 168 3089
79 67 3090
192 64 3091
190 104 3092
174 129 3093
136 29 3094
189 195 3095
124 176 3096
54 41 3097
181 137 3098
16 168 3099
46 57 3100
105 190 3101
68 194 3102
160 142 3103
35 158 3104
56 144 3105
105 14 3106
47 90 3107
91 73 3108
124 20 3109
108 38 3110
96 80 3111
160 59 3112
93 192 3113
34 198 3114
145 188 3115
175 131 3116
168 13 3117
74 6 3118
196 171 3119
45 61 3120
125 61 3121
80 66 3122
4 21 3123
48 109 3124
116 77 3125
153 198 3126
167 67 3127
62 175 3128
198 114 3129
130 11 3130
173 1 3131
31 4 3132
116 136 3133
141 42 3134
60 59 3135
200 141 3136
63 90 3137
185 69 3138
123 47 3139
102 175 3140
162 149 3141
181 79 3142
13 70 3143
199 84 3144
76 188 3145
135 167 3146
112 198 3147
167 170 3148
124 118 3149
29 107 3150
152 71 3151
80 102 3152
14 188 3153
178 27 3154
14 60 3155
69 58 3156
139 125 3157
138 100 3158
172 177 3159
65 89 3160
62 19 3161
191 200 3162
115 59 3163
17 43 3164
52 177 3165
185 144 3166
172 138 3167
56 200 3168
20 34 3169
7 191 3170
129 7 3171
181 72 3172
13 60 3173
185 59 3174
26 141 3175
59 121 3176
184 87 3177
10 174 3178
12 101 3179
104 110 3180
121 56 3181
20 178 3182
127 151 3183
43 93 3184
26 188 3185
120 158 3186
33 11 3187
122 186 3188
159 183 3189
147 164 3190
139 32 3191
88 185 3192
177 141 3193
105 153 3194
8 111 3195
199 114 3196
154 66 3197
61 62 3198
126 3 3199
121 104 3200
140 24 3201
184 24 3202
108 31 3203
133 30 3204
35 119 3205
18 113 3206
54 7 3207
113 156 3208
62 140 3209
121 25 3210
187 73 3211
45 31 3212
149 15 3213
128 141 3214
69 120 3215
162 133 3216
6 22 3217
200 195 3218
32 12 3219
53 119 3220
19 67 3221
198 155 3222
68 146 3223
124 68 3224
170 164 3225
50 165 3226
183 43 3227
49 78 3228
25 132 3229
114 146 3230
135 39 3231
160 115 3232
113 63 3233
174 20 3234
141 126 3235
137 158 3236
176 14 3237
153 32 3238
124 157 3239
193 98 3240
70 11 3241
90 16 3242
32 127 3243
76 11 3244
130 154 3245
53 157 3246
173 100 3247
62 129 3248
58 123 3249
60 55 3250
136 88 3251
170 117 3252
14 152 3253
94 162 3254
19 44 3255
50 152 3256
2 146 3257
39 7 3258
43 111 3259
33 119 3260
178 29 3261
154 136 3262
5 9 3263
40 153 3264
182 40 3265
14 27 3266
20 121 3267
127 79 3268
112 26 3269
61 122 3270
190 46 3271
190 38 3272
24 99 3273
102 34 3274
148 172 3275
176 16 3276
89 81 3277
190 122 3278
40 20 3279
4 26 3280
104 66 3281
154 18 3282
40 162 3283
17 135 3284
147 20 3285
109 37 3286
128 3 3287
163 76 3288
146 4 3289
121 126 3290
129 198 3291
109 41 3292
161 53 3293
133 107 3294
36 44 3295
182 24 3296
149 126 3297
177 138 3298
16 189 3299
176 60 3300
69 156 3301
69 67 3302
167 105 3303
190 24 3304
9 130 3305
127 61 3306
126 143 3307
64 84 3308
1 121 3309
106 158 3310
164 159 3311
97 4 3312
59 73 3313
21 34 3314
78 43 3315
172 80 3316
79 165 3317
34 7 3318
148 36 3319
144 127 3320
163 77 3321
167 16 3322
73 54 3323
103 21 3324
167 181 3325
81 65 3326
27 148 3327
123 151 3328
91 70 3329
52 151 3330
90 11 3331
175 67 3332
159 17 3333
86 93 3334
153 53 3335
183 114 3336
161 89 3337
9 110 3338
86 7 3339
63 83 3340
176 127 3341
195 66 3342
132 55 3343
184 165 3344
115 52 3345
57 127 3346
26 93 3347
29 159 3348
195 9 3349
4 62 3350
5 68 3351
98 2 3352
121 30 3353
176 42 3354
112 96 3355
161 176 3356
87 77 3357
84 148 3358
97 152 3359
185 138 3360
62 79 3361
136 185 3362
75 100 3363
7 155 3364
3 29 3365
96 134 3366
38 135 3367
158 38 3368
61 108 3369
41 87 3370
176 40 3371
94 180 3372
18 156 3373
94 192 3374
134 58 3375
28 77 3376
191 141 3377
124 180 3378
164 195 3379
31 147 3380
19 186 3381
15 146 3382
135 110 3383
143 98 3384
24 132 3385
55 31 3386
63 47 3387
76 134 3388
128 107 3389
50 38 3390
198 55 3391
149 177 3392
61 168 3393
136 132 3394
57 29 3395
117 163 3396
61 112 3397
105 112 3398
110 96 3399
74 175 3400
55 63 3401
85 23 3402
141 67 3403
35 166 3404
168 17 3405
156 38 3406
178 11 3407
117 145 3408
81 168 3409
102 167 3410
172 192 3411
15 77 3412
136 176 3413
13 147 3414
77 1 3415
28 166 3416
91 177 3417
189 198 3418
112 11 3419
103 19 3420
70 118 3421
159 60 3422
28 79 3423
74 4 3424
13 78 3425
83 120 3426
108 181 3427
68 13 3428
140 109 3429
28 169 3430
95 84 3431
27 104 3432
169 130 3433
116 107 3434
118 186 3435
43 84 3436
100 76 3437
50 18 3438
36 123 3439
180 103 3440
124 48 3441
168 30 3442
91 130 3443
180 122 3444
85 56 3445
121 69 3446
7 110 3447
82 190 3448
52 119 3449
45 27 3450
133 55 3451
6 69 3452
27 24 3453
63 153 3454
189 194 3455
64 30 3456
6 171 3457
85 135 3458
177 92 3459
139 69 3460
89 162 3461
184 107 3462
30 170 3463
14 15 3464
29 101 3465
60 103 3466
43 184 3467
168 144 3468
129 14 3469
111 95 3470
161 104 3471
47 193 3472
114 172 3473
183 86 3474
177 93 3475
106 85 3476
154 135 3477
72 150 3478
1 16 3479
60 137 3480
74 76 3481
108 93 3482
116 14 3483
175 10 3484
90 131 3485
89 126 3486
35 39 3487
14 139 3488
44 145 3489
73 134 3490
78 157 3491
103 1 3492
108 148 3493
67 130 3494
177 96 3495
155 158 3496
155 196 3497
85 73 3498
54 135 3499
114 196 3500
26 107 3501
119 60 3502
109 17 3503
58 60 3504
181 42 3505
1 54 3506
119 16 3507
161 105 3508
150 116 3509
25 52 3510
86 99 3511
150 103 3512
74 155 3513
124 185 3514
13 89 3515
99 45 3516
61 185 3517
57 111 3518
152 157 3519
13 128 3520
44 43 3521
162 37 3522
68 108 3523
54 58 3524
85 122 3525
163 142 3526
97 119 3527
24 47 3528
126 129 3529
75 21 3530
104 138 3531
151 46 3532
198 61 3533
128 68 3534
184 187 3535
5 188 3536
79 74 3537
165 183 3538
32 62 3539
138 131 3540
10 183 3541
162 197 3542
103 78 3543
14 43 3544
50 172 3545
163 63 3546
94 103 3547
180 178 3548
54 86 3549
83 182 3550
26 55 3551
82 44 3552
145 148 3553
185 22 3554
150 113 3555
154 72 3556
27 103 3557
95 71 3558
135 160 3559
105 180 3560
37 54 3561
194 22 3562
199 20 3563
102 33 3564
7 70 3565
35 46 3566
144 187 3567
196 30 3568
142 133 3569
177 6 3570
23 70 3571
147 36 3572
12 160 3573
51 197 3574
41 163 3575
44 144 3576
13 52 3577
154 173 3578
127 124 3579
94 19 3580
52 56 3581
70 73 3582
172 162 3583
169 109 3584
120 180 3585
58 176 3586
20 197 3587
108 75 3588
86 36 3589
20 165 3590
3 176 3591
127 75 3592
117 115 3593
102 2 3594
68 175 3595
132 18 3596
197 78 3597
119 139 3598
84 17 3599
139 194 3600
143 103 3601
97 161 3602
143 93 3603
67 155 3604
18 193 3605
53 160 3606
12 72 3607
187 70 3608
86 67 3609
29 154 3610
132 129 3611
177 100 3612
35 140 3613
92 166 3614
30 104 3615
21 195 3616
58 137 3617
154 117 3618
88 189 3619
192 69 3620
22 29 3621
150 90 3622
185 44 3623
124 70 3624
82 199 3625
54 30 3626
116 135 3627
76 83 3628
76 37 3629
135 194 3630
164 48 3631
82 64 3632
156 141 3633
13 110 3634
79 13 3635
121 66 3636
187 125 3637
139 183 3638
178 176 3639
145 77 3640
69 82 3641
132 148 3642
133 34 3643
72 173 3644
12 89 3645
165 44 3646
102 89 3647
173 126 3648
9 149 3649
119 101 3650
97 135 3651
12 24 3652
12 37 3653
136 96 3654
166 97 3655
127 119 3656
132 196 3657
29 113 3658
199 31 3659
180 157 3660
58 24 3661
88 166 3662
105 63 3663
22 10 3664
170 137 3665
92 7 3666
68 151 3667
111 3 3668
171 152 3669
40 148 3670
134 49 3671
150 138 3672
127 194 3673
148 63 3674
44 127 3675
126 92 3676
174 196 3677
66 51 3678
160 67 3679
8 140 3680
170 106 3681
33 15 3682
11 95 3683
84 56 3684
112 87 3685
176 11 3686
125 93 3687
72 10 3688
68 107 3689
111 82 3690
125 105 3691
179 200 3692
200 154 3693
159 22 3694
120 200 3695
159 69 3696
100 171 3697
133 87 3698
40 62 3699
138 66 3700
25 88 3701
135 91 3702
193 124 3703
89 200 3704
156 40 3705
58 179 3706
129 58 3707
162 175 3708
83 184 3709
63 52 3710
37 47 3711
126 52 3712
73 57 3713
190 13 3714
43 159 3715
47 12 3716
174 190 3717
145 176 3718
114 145 3719
183 89 3720
168 160 3721
172 46 3722
88 117 3723
152 181 3724
113 144 3725
89 84 3726
112 170 3727
23 12 3728
183 79 3729
98 91 3730
116 61 3731
39 51 3732
137 161 3733
193 175 3734
67 59 3735
120 177 3736
154 36 3737
188 121 3738
53 51 3739
149 41 3740
173 61 3741
43 88 3742
171 65 3743
69 147 3744
42 110 3745
112 67 3746
150 121 3747
32 24 3748
34 159 3749
94 132 3750
128 98 3751
49 73 3752
99 5 3753
88 103 3754
152 156 3755
195 167 3756
175 69 3757
3 65 3758
141 161 3759
162 51 3760
95 44 3761
1 102 3762
12 51 3763
183 179 3764
188 150 3765
44 142 3766
136 3 3767
152 190 3768
7 178 3769
172 91 3770
95 128 3771
80 164 3772
161 151 3773
4 104 3774
15 99 3775
188 52 3776
192 96 3777
111 156 3778
178 46 3779
96 36 3780
56 28 3781
74 11 3782
140 7 3783
29 158 3784
42 12 3785
7 195 3786
61 148 3787
20 76 3788
17 50 3789
86 69 3790
123 66 3791
15 69 3792
154 151 3793
90 135 3794
12 93 3795
103 68 3796
61 90 3797
62 65 3798
104 13 3799
32 100 3800
156 155 3801
9 70 3802
143 57 3803
121 63 3804
118 125 3805
67 144 3806
146 197 3807
72 47 3808
174 122 3809
88 97 3810
193 183 3811
137 105 3812
128 61 3813
45 148 3814
194 26 3815
166 36 3816
55 2 3817
157 70 3818
186 36 3819
96 25 3820
87 59 3821
136 39 3822
20 128 3823
32 152 3824
54 166 3825
66 194 3826
185 2 3827
130 166 3828
46 157 3829
102 81 3830
178 144 3831
105 40 3832
82 110 3833
22 47 3834
25 94 3835
108 136 3836
140 14 3837
63 43 3838
93 128 3839
131 169 3840
42 112 3841
110 146 3842
106 53 3843
141 105 3844
137 73 3845
48 44 3846
76 45 3847
150 156 3848
34 43 3849
155 92 3850
58 174 3851
60 189 3852
125 70 3853
62 192 3854
160 66 3855
179 103 3856
133 145 3857
48 55 3858
162 178 3859
125 10 3860
56 125 3861
148 72 3862
82 86 3863
115 152 3864
135 34 3865
147 162 3866
149 103 3867
86 37 3868
88 44 3869
185 111 3870
59 43 3871
93 196 3872
43 31 3873
126 66 3874
95 121 3875
10 184 3876
81 43 3877
81 23 3878
46 85 3879
137 178 3880
64 13 3881
140 73 3882
142 177 3883
191 115 3884
107 75 3885
36 87 3886
28 141 3887
37 42 3888
157 80 3889
81 87 3890
142 178 3891
81 158 3892
164 142 3893
199 172 3894
164 37 3895
11 109 3896
127 195 3897
149 12 3898
133 197 3899
139 96 3900
24 133 3901
195 36 3902
56 62 3903
137 165 3904
10 112 3905
181 25 3906
55 75 3907
14 69 3908
61 121 3909
10 192 3910
39 50 3911
153 173 3912
11 37 3913
8 192 3914
52 168 3915
150 175 3916
44 180 3917
23 156 3918
156 148 3919
168 173 3920
140 78 3921
119 15 3922
132 92 3923
169 177 3924
181 157 3925
40 93 3926
39 113 3927
54 167 3928
49 153 3929
98 11 3930
143 194 3931
187 121 3932
132 165 3933
53 129 3934
34 91 3935
156 163 3936
133 127 3937
191 88 3938
126 43 3939
167 196 3940
186 146 3941
138 13 3942
26 181 3943
56 190 3944
120 107 3945
22 197 3946
199 166 3947
34 60 3948
151 27 3949
71 42 3950
55 158 3951
199 104 3952
100 159 3953
46 164 3954
195 92 3955
70 181 3956
86 109 3957
101 56 3958
167 132 3959
114 63 3960
194 17 3961
139 110 3962
166 34 3963
140 4 3964
4 11 3965
151 39 3966
147 55 3967
145 35 3968
185 35 3969
188 62 3970
36 69 3971
92 75 3972
91 9 3973
32 73 3974
147 52 3975
64 189 3976
61 51 3977
194 35 3978
15 132 3979
120 172 3980
162 77 3981
105 127 3982
177 200 3983
130 73 3984
131 39 3985
30 51 3986
147 62 3987
170 128 3988
98 103 3989
2 130 3990
191 55 3991
131 179 3992
161 67 3993
106 131 3994
181 162 3995
54 200 3996
38 44 3997
166 77 3998
98 76 3999
196 142 4000
168 147 4001
152 57 4002
14 184 4003
53 183 4004
123 30 4005
52 30 4006
82 188 4007
3 81 4008
154 162 4009
57 123 4010
17 60 4011
73 139 4012
142 185 4013
199 124 4014
86 196 4015
10 96 4016
117 162 4017
156 165 4018
164 177 4019
151 195 4020
137 188 4021
170 99 4022
191 54 4023
112 108 4024
167 59 4025
59 184 4026
75 122 4027
183 132 4028
87 85 4029
181 140 4030
59 178 4031
99 48 4032
182 179 4033
42 21 4034
76 41 4035
119 12 4036
82 48 4037
79 60 4038
7 161 4039
95 3 4040
197 185 4041
26 43 4042
130 52 4043
165 24 4044
29 52 4045
166 148 4046
153 13 4047
50 59 4048
72 67 4049
102 105 4050
184 89 4051
51 95 4052
24 110 4053
128 106 4054
97 44 4055
73 129 4056
108 40 4057
54 195 4058
7 61 4059
79 66 4060
147 91 4061
165 67 4062
36 8 4063
53 115 4064
155 163 4065
141 137 4066
119 159 4067
157 74 4068
2 89 4069
147 83 4070
57 89 4071
173 90 4072
155 39 4073
16 42 4074
151 90 4075
22 173 4076
186 119 4077
105 174 4078
140 149 4079
153 18 4080
133 156 4081
144 79 4082
186 31 4083
15 153 4084
71 195 4085
147 153 4086
108 178 4087
162 26 4088
40 46 4089
191 148 4090
28 108 4091
147 128 4092
61 164 4093
126 177 4094
72 171 4095
153 48 4096
193 159 4097
152 23 4098
4 10 4099
32 83 4100
125 94 4101
1 170 4102
128 132 4103
74 18 4104
65 167 4105
199 52 4106
100 106 4107
143 71 4108
147 165 4109
75 73 4110
22 143 4111
99 193 4112
169 154 4113
100 7 4114
138 2 4115
48 54 4116
91 100 4117
71 155 4118
87 16 4119
58 109 4120
135 149 4121
191 143 4122
14 162 4123
172 19 4124
7 176 4125
5 189 4126
153 133 4127
46 147 4128
163 72 4129
101 146 4130
52 78 4131
149 106 4132
140 163 4133
171 175 4134
24 35 4135
133 98 4136
84 45 4137
13 149 4138
86 19 4139
119 156 4140
163 88 4141
49 35 4142
140 81 4143
127 67 4144
150 173 4145
170 181 4146
30 8 4147
177 128 4148
21 162 4149
90 125 4150
20 77 4151
146 5 4152
168 98 4153
114 43 4154
24 172 4155
66 135 4156
110 52 4157
17 200 4158
4 86 4159
50 115 4160
157 81 4161
22 2 4162
32 122 4163
104 149 4164
18 147 4165
143 110 4166
85 136 4167
151 117 4168
10 67 4169
27 62 4170
2 180 4171
46 26 4172
40 7 4173
7 21 4174
119 136 4175
13 144 4176
180 188 4177
158 146 4178
148 128 4179
7 190 4180
161 27 4181
42 189 4182
14 158 4183
136 23 4184
78 123 4185
34 145 4186
23 49 4187
57 5 4188
11 50 4189
68 35 4190
128 118 4191
119 96 4192
10 92 4193
72 103 4194
151 32 4195
97 11 4196
128 96 4197
89 42 4198
184 144 4199
165 187 4200
114 11 4201
159 18 4202
163 14 4203
13 170 4204
34 57 4205
148 146 4206
46 112 4207
187 51 4208
142 176 4209
62 144 4210
156 93 4211
86 105 4212
188 106 4213
193 171 4214
180 170 4215
11 175 4216
22 133 4217
151 45 4218
167 130 4219
125 191 4220
81 99 4221
115 105 4222
199 33 4223
22 87 4224
49 150 4225
53 181 4226
34 103 4227
39 2 4228
131 121 4229
164 72 4230
39 71 4231
20 200 4232
6 197 4233
117 14 4234
177 178 4235
80 169 4236
133 100 4237
166 41 4238
115 131 4239
121 92 4240
45 125 4241
13 197 4242
177 161 4243
6 89 4244
185 67 4245
97 136 4246
6 65 4247
41 16 4248
14 84 4249
3 4 4250
174 164 4251
48 17 4252
173 62 4253
31 137 4254
113 133 4255
31 150 4256
131 25 4257
121 58 4258
176 26 4259
85 173 4260
160 87 4261
140 93 4262
189 39 4263
3 42 4264
198 128 4265
88 194 4266
72 3 4267
42 173 4268
33 77 4269
82 36 4270
43 150 4271
142 79 4272
183 67 4273
109 194 4274
176 15 4275
63 197 4276
32 154 4277
18 1 4278
188 153 4279
49 93 4280
34 194 4281
177 185 4282
161 162 4283
35 19 4284
190 99 4285
30 84 4286
117 156 4287
100 89 4288
149 195 4289
144 36 4290
68 183 4291
115 183 4292
113 74 4293
149 23 4294
185 195 4295
95 131 4296
94 179 4297
129 25 4298
32 86 4299
169 144 4300
85 128 4301
163 28 4302
165 109 4303
31 33 4304
148 153 4305
99 52 4306
192 46 4307
75 34 4308
72 24 4309
116 121 4310
20 107 4311
80 97 4312
54 13 4313
24 181 4314
5 126 4315
176 81 4316
185 37 4317
85 57 4318
170 136 4319
152 177 4320
108 196 4321
84 16 4322
118 54 4323
73 145 4324
86 121 4325
78 57 4326
105 197 4327
195 198 4328
138 141 4329
40 126 4330
68 149 4331
135 37 4332
107 200 4333
164 127 4334
70 50 4335
43 5 4336
177 62 4337
89 160 4338
11 122 4339
63 70 4340
178 101 4341
58 15 4342
100 193 4343
120 143 4344
90 187 4345
133 90 4346
10 51 4347
134 71 4348
166 74 4349
190 160 4350
138 28 4351
69 13 4352
7 128 4353
105 128 4354
41 53 4355
109 75 4356
17 25 4357
196 164 4358
168 187 4359
90 37 4360
151 174 4361
127 9 4362
77 164 4363
182 184 4364
116 28 4365
130 133 4366
65 180 4367
150 143 4368
130 54 4369
119 177 4370
190 71 4371
187 138 4372
144 119 4373
124 138 4374
137 21 4375
74 36 4376
66 40 4377
28 46 4378
136 73 4379
71 66 4380
166 66 4381
7 89 4382
136 135 4383
65 58 4384
154 84 4385
83 50 4386
152 76 4387
141 60 4388
62 191 4389
23 106 4390
123 162 4391
128 69 4392
3 15 4393
128 51 4394
162 96 4395
120 116 4396
110 117 4397
27 187 4398
193 25 4399
110 22 4400
90 155 4401
155 76 4402
4 58 4403
129 151 4404
13 10 4405
200 70 4406
83 51 4407
91 77 4408
78 95 4409
155 49 4410
8 63 4411
17 173 4412
71 129 4413
154 172 4414
39 139 4415
124 101 4416
187 82 4417
196 200 4418
143 161 4419
199 125 4420
165 6 4421
37 146 4422
181 138 4423
130 112 4424
16 32 4425
139 66 4426
94 154 4427
196 34 4428
187 83 4429
33 97 4430
176 8 4431
172 16 4432
108 166 4433
63 171 4434
144 182 4435
165 29 4436
122 66 4437
147 58 4438
7 104 4439
103 47 4440
184 64 4441
194 85 4442
150 6 4443
117 12 4444
8 165 4445
175 147 4446
188 98 4447
57 18 4448
70 67 4449
88 52 4450
41 183 4451
116 171 4452
159 196 4453
11 61 4454
121 143 4455
180 200 4456
187 56 4457
85 101 4458
11 87 4459
170 171 4460
25 120 4461
102 4 4462
193 5 4463
6 39 4464
58 145 4465
184 175 4466
17 174 4467
191 24 4468
14 113 4469
67 90 4470
53 163 4471
168 159 4472
121 110 4473
170 111 4474
19 46 4475
186 9 4476
60 175 4477
181 37 4478
112 115 4479
36 125 4480
130 170 4481
152 13 4482
41 1 4483
28 153 4484
70 150 4485
177 116 4486
29 47 4487
180 128 4488
75 61 4489
145 51 4490
131 85 4491
163 70 4492
148 134 4493
15 158 4494
184 117 4495
165 58 4496
29 124 4497
122 1 4498
87 177 4499
122 62 4500
33 74 4501
71 185 4502
113 6 4503
167 77 4504
154 198 4505
100 52 4506
104 188 4507
139 181 4508
103 139 4509
124 136 4510
186 79 4511
25 118 4512
93 32 4513
25 174 4514
158 82 4515
35 196 4516
99 73 4517
82 121 4518
66 28 4519
55 77 4520
178 191 4521
87 46 4522
200 123 4523
36 77 4524
184 142 4525
129 89 4526
41 14 4527
22 64 4528
83 69 4529
103 105 4530
44 71 4531
19 58 4532
170 119 4533
150 154 4534
72 118 4535
124 188 4536
84 168 4537
97 129 4538
79 129 4539
16 35 4540
26 140 4541
196 187 4542
71 55 4543
127 149 4544
125 29 4545
131 11 4546
38 146 4547
73 123 4548
172 79 4549
91 41 4550
13 139 4551
48 113 4552
197 181 4553
126 142 4554
162 140 4555
186 145 4556
129 199 4557
173 68 4558
148 41 4559
152 182 4560
134 5 4561
78 148 4562
93 104 4563
13 58 4564
88 152 4565
171 15 4566
147 158 4567
70 139 4568
10 155 4569
69 11 4570
143 184 4571
196 163 4572
191 10 4573
89 159 4574
199 25 4575
92 152 4576
143 129 4577
158 89 4578
109 198 4579
174 31 4580
33 17 4581
90 10 4582
155 45 4583
112 93 4584
25 133 4585
77 174 4586
111 37 4587
192 169 4588
158 131 4589
65 72 4590
175 139 4591
125 172 4592
54 35 4593
139 167 4594
26 104 4595
80 39 4596
129 147 4597
24 112 4598
36 169 4599
97 189 4600
133 1 4601
176 118 4602
87 50 4603
48 185 4604
138 171 4605
107 162 4606
152 131 4607
7 45 4608
157 184 4609
107 183 4610
66 68 4611
102 166 4612
62 161 4613
45 60 4614
155 63 4615
134 175 4616
161 81 4617
47 156 4618
199 2 4619
196 111 4620
95 145 4621
1 46 4622
75 23 4623
175 176 4624
141 171 4625
128 191 4626
87 95 4627
143 174 4628
70 146 4629
87 14 4630
103 161 4631
179 11 4632
18 8 4633
13 123 4634
50 6 4635
139 135 4636
36 81 4637
39 21 4638
17 24 4639
114 175 4640
59 31 4641
131 105 4642
116 173 4643
99 20 4644
140 166 4645
106 107 4646
159 151 4647
139 26 4648
159 165 4649
194 123 4650
183 118 4651
28 76 4652
44 92 4653
21 27 4654
155 23 4655
107 88 4656
51 138 4657
100 116 4658
46 5 4659
185 173 4660
186 162 4661
131 23 4662
93 173 4663
3 35 4664
28 199 4665
86 134 4666
194 1 4667
114 137 4668
32 198 4669
168 60 4670
162 60 4671
40 29 4672
191 104 4673
34 142 4674
19 11 4675
131 114 4676
25 60 4677
19 101 4678
65 181 4679
14 22 4680
100 166 4681
143 179 4682
124 92 4683
42 142 4684
13 77 4685
108 53 4686
106 31 4687
180 84 4688
70 38 4689
153 77 4690
130 104 4691
125 16 4692
158 115 4693
79 130 4694
76 110 4695
154 31 4696
66 81 4697
55 172 4698
94 34 4699
50 64 4700
33 130 4701
96 81 4702
50 84 4703
47 173 4704
46 36 4705
184 179 4706
70 162 4707
161 107 4708
75 136 4709
177 32 4710
107 2 4711
137 140 4712
22 61 4713
34 143 4714
135 141 4715
51 163 4716
105 70 4717
165 145 4718
121 102 4719
38 173 4720
174 48 4721
19 121 4722
9 198 4723
50 66 4724
126 170 4725
1 165 4726
33 137 4727
12 14 4728
19 84 4729
120 129 4730
155 9 4731
37 29 4732
58 30 4733
85 64 4734
14 187 4735
136 99 4736
107 169 4737
13 84 4738
2 29 4739
2 188 4740
155 182 4741
19 5 4742
183 62 4743
45 185 4744
45 192 4745
185 21 4746
126 64 4747
155 134 4748
6 139 4749
115 13 4750
130 18 4751
178 18 4752
102 54 4753
143 28 4754
162 115 4755
116 146 4756
178 196 4757
54 45 4758
85 71 4759
193 70 4760
91 71 4761
52 171 4762
143 91 4763
164 137 4764
55 21 4765
61 186 4766
150 45 4767
90 55 4768
178 147 4769
129 70 4770
86 194 4771
145 65 4772
57 177 4773
182 35 4774
198 1 4775
20 183 4776
163 13 4777
15 156 4778
102 71 4779
54 156 4780
52 1 4781
6 79 4782
39 117 4783
128 133 4784
88 73 4785
19 78 4786
69 161 4787
93 80 4788
74 165 4789
53 104 4790
79 198 4791
144 43 4792
26 66 4793
102 100 4794
161 130 4795
76 38 4796
105 183 4797
120 76 4798
138 144 4799
114 36 4800
95 20 4801
58 103 4802
182 171 4803
91 57 4804
192 24 4805
37 85 4806
183 22 4807
169 199 4808
149 141 4809
34 185 4810
66 183 4811
106 154 4812
187 132 4813
41 123 4814
168 40 4815
196 1 4816
95 74 4817
133 183 4818
185 26 4819
77 176 4820
194 59 4821
79 106 4822
163 113 4823
134 30 4824
1 161 4825
198 108 4826
92 161 4827
180 49 4828
116 88 4829
124 14 4830
189 118 4831
2 15 4832
118 122 4833
103 123 4834
129 192 4835
45 159 4836
152 38 4837
11 140 4838
187 199 4839
93 100 4840
172 103 4841
56 9 4842
29 137 4843
46 107 4844
98 134 4845
119 197 4846
107 130 4847
150 13 4848
147 198 4849
170 82 4850
1 109 4851
96 114 4852
149 179 4853
116 191 4854
161 85 4855
41 145 4856
128 161 4857
171 168 4858
76 14 4859
77 67 4860
16 33 4861
86 65 4862
122 108 4863
94 175 4864
70 140 4865
174 6 4866
34 148 4867
120 185 4868
8 158 4869
65 97 4870
22 186 4871
153 10 4872
54 121 4873
134 144 4874
159 2 4875
15 155 4876
64 15 4877
86 149 4878
94 50 4879
102 104 4880
121 42 4881
7 67 4882
24 19 4883
156 102 4884
37 156 4885
119 2 4886
152 117 4887
15 179 4888
193 190 4889
119 100 4890
164 98 4891
1 177 4892
4 13 4893
106 174 4894
53 179 4895
132 64 4896
127 26 4897
63 69 4898
34 51 4899
144 172 4900
8 64 4901
162 156 4902
138 192 4903
97 74 4904
44 91 4905
127 116 4906
39 59 4907
43 147 4908
81 54 4909
48 51 4910
7 41 4911
140 130 4912
10 149 4913
146 126 4914
105 156 4915
150 170 4916
179 82 4917
2 181 4918
53 152 4919
16 76 4920
175 168 4921
195 46 4922
160 6 4923
57 74 4924
93 10 4925
190 138 4926
78 177 4927
69 66 4928
146 137 4929
107 159 4930
23 7 4931
92 127 4932
87 76 4933
86 118 4934
28 104 4935
43 138 4936
85 154 4937
108 144 4938
53 169 4939
122 172 4940
159 40 4941
93 82 4942
23 175 4943
176 134 4944
172 108 4945
145 55 4946
144 163 4947
59 129 4948
155 159 4949
172 178 4950
171 129 4951
145 110 4952
186 23 4953
136 38 4954
124 117 4955
78 35 4956
30 55 4957
3 182 4958
84 1 4959
4 70 4960
58 99 4961
6 161 4962
167 165 4963
109 131 4964
78 162 4965
95 28 4966
140 83 4967
74 142 4968
53 162 4969
15 115 4970
145 126 4971
35 86 4972
142 107 4973
177 67 4974
76 181 4975
154 197 4976
172 133 4977
172 65 4978
172 96 4979
91 161 4980
85 140 4981
47 67 4982
184 68 4983
35 70 4984
111 16 4985
85 82 4986
110 140 4987
196 100 4988
162 64 4989
29 93 4990
176 49 4991
158 63 4992
35 11 4993
135 35 4994
2 153 4995
186 48 4996
129 34 4997
49 87 4998
57 191 4999
19 194 5000
166 172 5001
102 193 5002
65 198 5003
102 28 5004
112 120 5005
133 10 5006
92 137 5007
147 150 5008
18 115 5009
27 72 5010
127 190 5011
119 109 5012
81 91 5013
139 102 5014
179 174 5015
149 151 5016
112 38 5017
78 9 5018
80 108 5019
48 77 5020
127 4 5021
1 79 5022
85 141 5023
25 114 5024
97 198 5025
145 200 5026
163 1 5027
196 13 5028
138 61 5029
25 5 5030
148 86 5031
67 102 5032
186 147 5033
197 8 5034
44 149 5035
20 180 5036
170 175 5037
11 49 5038
163 42 5039
65 11 5040
15 52 5041
173 136 5042
102 170 5043
37 53 5044
191 13 5045
34 199 5046
131 177 5047
145 122 5048
144 93 5049
70 107 5050
94 112 5051
63 13 5052
117 77 5053
141 125 5054
47 144 5055
151 109 5056
120 34 5057
105 10 5058
75 178 5059
174 120 5060
65 191 5061
146 149 5062
127 3 5063
85 20 5064
125 55 5065
38 54 5066
159 141 5067
141 27 5068
176 65 5069
167 180 5070
197 134 5071
166 89 5072
128 32 5073
21 110 5074
184 153 5075
88 7 5076
199 126 5077
46 137 5078
50 36 5079
102 85 5080
31 64 5081
136 131 5082
51 149 5083
173 198 5084
182 88 5085
94 44 5086
85 156 5087
195 37 5088
12 66 5089
171 150 5090
158 18 5091
10 64 5092
153 182 5093
60 133 5094
89 105 5095
197 10 5096
15 199 5097
3 120 5098
140 29 5099
158 25 5100
125 144 5101
130 30 5102
185 101 5103
94 26 5104
165 61 5105
21 192 5106
75 2 5107
115 128 5108
73 109 5109
42 151 5110
106 197 5111
194 145 5112
3 26 5113
67 63 5114
137 10 5115
113 82 5116
124 195 5117
134 118 5118
147 92 5119
105 193 5120
119 192 5121
111 38 5122
139 15 5123
79 97 5124
190 185 5125
160 45 5126
137 101 5127
70 60 5128
41 161 5129
190 29 5130
127 100 5131
140 105 5132
41 77 5133
16 7 5134
192 140 5135
96 95 5136
197 40 5137
71 12 5138
157 35 5139
197 73 5140
77 58 5141
12 97 5142
116 155 5143
190 12 5144
141 23 5145
136 160 5146
30 180 5147
121 193 5148
31 27 5149
142 20 5150
29 30 5151
40 64 5152
188 105 5153
39 128 5154
75 57 5155
142 22 5156
2 5 5157
160 152 5158
140 101 5159
2 36 5160
15 74 5161
27 92 5162
36 85 5163
80 19 5164
113 26 5165
129 50 5166
116 143 5167
194 98 5168
200 130 5169
166 151 5170
194 174 5171
179 180 5172
47 197 5173
103 110 5174
180 135 5175
59 1 5176
13 21 5177
59 18 5178
190 67 5179
106 162 5180
111 5 5181
26 25 5182
172 116 5183
118 67 5184
197 161 5185
15 43 5186
190 79 5187
83 109 5188
10 179 5189
45 4 5190
121 91 5191
68 29 5192
98 119 5193
155 100 5194
116 175 5195
63 62 5196
87 172 5197
153 43 5198
5 171 5199
64 16 5200
44 90 5201
159 184 5202
44 10 5203
178 109 5204
37 6 5205
55 173 5206
19 113 5207
131 40 5208
182 90 5209
86 5 5210
25 105 5211
160 137 5212
81 147 5213
38 174 5214
131 186 5215
39 48 5216
96 49 5217
184 51 5218
72 112 5219
153 132 5220
73 66 5221
3 85 5222
43 46 5223
36 192 5224
132 137 5225
177 41 5226
60 81 5227
120 81 5228
179 130 5229
124 39 5230
160 148 5231
134 50 5232
93 75 5233
188 173 5234
95 35 5235
168 45 5236
102 63 5237
89 62 5238
115 2 5239
77 83 5240
23 29 5241
129 139 5242
199 75 5243
116 190 5244
156 25 5245
186 150 5246
93 17 5247
182 93 5248
7 139 5249
148 50 5250
84 104 5251
162 155 5252
3 113 5253
10 182 5254
174 184 5255
158 116 5256
174 2 5257
195 3 5258
183 93 5259
5 34 5260
76 165 5261
46 159 5262
70 78 5263
163 137 5264
67 25 5265
3 46 5266
148 154 5267
10 25 5268
150 38 5269
99 116 5270
157 77 5271
99 152 5272
106 97 5273
189 153 5274
26 142 5275
98 117 5276
174 71 5277
142 72 5278
172 41 5279
66 65 5280
96 100 5281
142 91 5282
62 47 5283
170 178 5284
150 162 5285
197 117 5286
95 173 5287
52 58 5288
1 10 5289
3 107 5290
170 63 5291
95 31 5292
180 62 5293
142 197 5294
106 134 5295
52 170 5296
148 9 5297
111 188 5298
116 15 5299
187 110 5300
100 118 5301
125 143 5302
126 111 5303
58 28 5304
131 21 5305
167 176 5306
28 181 5307
95 40 5308
45 58 5309
185 83 5310
92 181 5311
80 24 5312
76 139 5313
122 56 5314
65 98 5315
127 46 5316
131 97 5317
86 151 5318
135 170 5319
83 8 5320
177 97 5321
16 155 5322
188 38 5323
109 124 5324
95 8 5325
195 18 5326
199 158 5327
78 93 5328
97 117 5329
110 70 5330
82 43 5331
39 49 5332
187 166 5333
200 174 5334
145 11 5335
83 162 5336
131 150 5337
60 128 5338
62 103 5339
11 40 5340
88 41 5341
63 61 5342
6 63 5343
187 28 5344
153 88 5345
79 7 5346
84 29 5347
15 159 5348
113 187 5349
194 185 5350
103 177 5351
148 152 5352
48 101 5353
1 199 5354
102 136 5355
68 78 5356
75 78 5357
95 138 5358
133 61 5359
66 57 5360
42 122 5361
126 33 5362
119 178 5363
99 49 5364
72 130 5365
197 74 5366
44 37 5367
103 200 5368
134 188 5369
22 179 5370
172 1 5371
148 193 5372
54 137 5373
123 148 5374
128 31 5375
93 33 5376
124 61 5377
8 73 5378
155 192 5379
21 106 5380
192 122 5381
55 144 5382
100 17 5383
83 14 5384
153 197 5385
113 86 5386
6 20 5387
157 56 5388
84 35 5389
24 30 5390
22 60 5391
101 123 5392
132 103 5393
74 44 5394
100 112 5395
139 197 5396
13 187 5397
24 91 5398
127 66 5399
131 162 5400
193 142 5401
35 6 5402
29 77 5403
81 41 5404
103 49 5405
5 191 5406
152 58 5407
198 89 5408
66 143 5409
52 164 5410
49 192 5411
157 16 5412
90 110 5413
87 135 5414
177 4 5415
9 92 5416
65 127 5417
24 183 5418
21 78 5419
140 134 5420
107 143 5421
91 183 5422
121 122 5423
86 168 5424
27 81 5425
100 81 5426
198 3 5427
138 167 5428
8 66 5429
52 76 5430
138 42 5431
96 103 5432
174 115 5433
100 144 5434
136 192 5435
155 73 5436
72 81 5437
64 113 5438
59 42 5439
187 16 5440
200 90 5441
59 75 5442
56 102 5443
63 117 5444
118 139 5445
69 18 5446
176 20 5447
26 18 5448
95 7 5449
39 177 5450
33 152 5451
141 188 5452
3 9 5453
2 171 5454
51 123 5455
99 183 5456
122 170 5457
198 127 5458
117 30 5459
152 112 5460
101 115 5461
105 24 5462
74 62 5463
196 33 5464
114 155 5465
9 197 5466
41 130 5467
77 191 5468
163 186 5469
164 101 5470
157 103 5471
112 89 5472
148 22 5473
133 168 5474
41 85 5475
19 43 5476
195 79 5477
162 179 5478
19 91 5479
178 37 5480
186 46 5481
94 145 5482
76 147 5483
128 167 5484
135 121 5485
176 183 5486
109 47 5487
28 136 5488
172 129 5489
44 137 5490
75 40 5491
69 48 5492
73 173 5493
183 182 5494
56 29 5495
117 169 5496
73 14 5497
140 167 5498
88 101 5499
117 68 5500
70 19 5501
16 80 5502
23 68 5503
182 117 5504
192 56 5505
91 187 5506
37 10 5507
80 142 5508
152 74 5509
4 78 5510
90 172 5511
158 5 5512
83 71 5513
184 40 5514
44 135 5515
143 139 5516
36 159 5517
167 69 5518
151 125 5519
33 22 5520
3 135 5521
188 34 5522
60 132 5523
129 24 5524
114 94 5525
158 42 5526
168 93 5527
38 185 5528
77 56 5529
37 9 5530
170 139 5531
6 124 5532
140 175 5533
21 76 5534
106 105 5535
63 84 5536
47 145 5537
31 10 5538
153 6 5539
101 109 5540
3 179 5541
164 69 5542
103 69 5543
143 123 5544
83 191 5545
137 32 5546
14 159 5547
66 60 5548
66 48 5549
145 22 5550
48 132 5551
122 177 5552
50 27 5553
116 142 5554
28 111 5555
41 118 5556
89 73 5557
180 131 5558
181 68 5559
185 95 5560
114 89 5561
164 67 5562
76 50 5563
66 115 5564
90 51 5565
195 125 5566
44 116 5567
98 114 5568
172 93 5569
74 5 5570
49 186 5571
79 143 5572
101 32 5573
111 67 5574
163 8 5575
41 142 5576
181 18 5577
196 103 5578
56 61 5579
22 18 5580
27 147 5581
176 100 5582
99 54 5583
77 60 5584
139 42 5585
5 120 5586
137 97 5587
174 169 5588
197 85 5589
5 142 5590
168 124 5591
149 60 5592
58 175 5593
149 16 5594
13 43 5595
181 35 5596
42 49 5597
149 144 5598
89 43 5599
17 67 5600
24 171 5601
73 68 5602
24 113 5603
62 159 5604
53 10 5605
61 135 5606
77 179 5607
186 185 5608
5 78 5609
16 22 5610
172 159 5611
86 87 5612
53 68 5613
197 16 5614
159 94 5615
21 157 5616
121 15 5617
70 47 5618
84 140 5619
140 65 5620
69 182 5621
53 154 5622
86 103 5623
151 37 5624
97 14 5625
163 145 5626
178 103 5627
16 186 5628
17 102 5629
77 107 5630
19 71 5631
196 183 5632
147 177 5633
185 103 5634
24 69 5635
39 45 5636
29 142 5637
99 57 5638
163 43 5639
9 123 5640
53 1 5641
144 135 5642
108 169 5643
130 8 5644
43 101 5645
125 176 5646
127 121 5647
179 175 5648
178 156 5649
8 47 5650
184 41 5651
196 91 5652
200 49 5653
139 104 5654
191 71 5655
165 14 5656
169 17 5657
22 100 5658
193 84 5659
3 47 5660
125 92 5661
36 194 5662
117 150 5663
108 130 5664
54 10 5665
104 178 5666
175 194 5667
117 54 5668
136 44 5669
136 82 5670
11 113 5671
154 140 5672
92 111 5673
9 48 5674
54 90 5675
168 82 5676
101 169 5677
198 84 5678
198 16 5679
197 168 5680
85 54 5681
26 138 5682
68 195 5683
63 104 5684
126 22 5685
116 194 5686
189 90 5687
139 142 5688
92 192 5689
64 21 5690
38 14 5691
114 48 5692
28 174 5693
124 125 5694
46 169 5695
193 97 5696
161 154 5697
173 156 5698
95 94 5699
192 52 5700
79 15 5701
92 168 5702
163 157 5703
6 71 5704
93 68 5705
2 132 5706
82 148 5707
7 87 5708
42 4 5709
5 27 5710
26 33 5711
164 78 5712
74 177 5713
3 41 5714
171 160 5715
109 173 5716
197 52 5717
8 152 5718
54 177 5719
28 67 5720
70 144 5721
1 94 5722
192 190 5723
10 158 5724
175 165 5725
110 155 5726
75 97 5727
197 196 5728
110 59 5729
177 143 5730
188 142 5731
26 174 5732
29 8 5733
47 99 5734
169 94 5735
6 62 5736
147 154 5737
155 124 5738
48 75 5739
151 137 5740
51 180 5741
157 133 5742
112 110 5743
41 99 5744
66 102 5745
180 199 5746
189 2 5747
195 63 5748
183 45 5749
36 102 5750
185 10 5751
55 183 5752
38 149 5753
103 199 5754
16 116 5755
181 86 5756
31 39 5757
106 125 5758
87 159 5759
81 127 5760
28 27 5761
93 148 5762
138 58 5763
161 84 5764
82 34 5765
189 104 5766
66 19 5767
198 169 5768
92 93 5769
75 143 5770
159 1 5771
133 143 5772
48 190 5773
67 172 5774
2 32 5775
109 111 5776
32 167 5777
66 161 5778
11 94 5779
168 135 5780
122 71 5781
28 74 5782
157 195 5783
163 194 5784
52 125 5785
124 129 5786
194 110 5787
56 180 5788
162 97 5789
122 94 5790
53 74 5791
178 122 5792
76 29 5793
184 49 5794
138 30 5795
49 170 5796
192 74 5797
120 44 5798
135 13 5799
153 20 5800
154 144 5801
35 165 5802
55 182 5803
11 161 5804
168 46 5805
17 80 5806
61 105 5807
166 193 5808
59 163 5809
177 71 5810
116 79 5811
10 142 5812
41 173 5813
198 90 5814
109 53 5815
94 200 5816
191 96 5817
99 156 5818
58 168 5819
39 186 5820
173 77 5821
90 121 5822
167 29 5823
50 26 5824
150 19 5825
73 93 5826
53 26 5827
151 31 5828
91 36 5829
124 38 5830
22 58 5831
62 43 5832
68 83 5833
50 4 5834
7 193 5835
96 65 5836
81 123 5837
6 11 5838
28 52 5839
117 21 5840
50 67 5841
71 114 5842
80 153 5843
182 74 5844
3 1 5845
25 38 5846
146 168 5847
48 7 5848
34 86 5849
26 16 5850
44 39 5851
91 3 5852
58 183 5853
123 53 5854
9 129 5855
34 152 5856
23 34 5857
45 57 5858
13 80 5859
56 93 5860
147 6 5861
24 185 5862
170 160 5863
69 84 5864
66 120 5865
87 98 5866
85 133 5867
75 173 5868
66 10 5869
15 47 5870
198 17 5871
51 45 5872
43 32 5873
108 19 5874
170 118 5875
159 150 5876
166 133 5877
132 120 5878
109 46 5879
67 113 5880
180 148 5881
136 66 5882
9 165 5883
8 79 5884
65 165 5885
15 168 5886
155 127 5887
80 151 5888
162 191 5889
21 52 5890
43 97 5891
124 71 5892
178 25 5893
128 26 5894
156 51 5895
49 46 5896
4 52 5897
1 56 5898
109 199 5899
175 73 5900
74 160 5901
198 149 5902
99 174 5903
119 47 5904
148 58 5905
70 59 5906
103 32 5907
19 27 5908
90 43 5909
149 62 5910
123 152 5911
110 31 5912
193 42 5913
2 20 5914
77 177 5915
65 108 5916
55 170 5917
45 174 5918
127 187 5919
95 161 5920
18 117 5921
100 126 5922
137 168 5923
190 88 5924
39 76 5925
60 29 5926
94 196 5927
161 192 5928
152 84 5929
40 4 5930
96 56 5931
194 56 5932
91 88 5933
192 4 5934
97 178 5935
46 108 5936
36 41 5937
59 15 5938
177 5 5939
120 97 5940
17 37 5941
90 23 5942
59 155 5943
9 125 5944
35 176 5945
187 29 5946
121 79 5947
25 19 5948
171 13 5949
126 65 5950
147 149 5951
146 14 5952
140 34 5953
79 177 5954
108 104 5955
118 87 5956
93 176 5957
162 120 5958
1 72 5959
8 35 5960
190 75 5961
158 95 5962
94 49 5963
7 183 5964
185 188 5965
178 8 5966
101 63 5967
162 68 5968
186 60 5969
96 62 5970
10 110 5971
190 14 5972
156 42 5973
74 151 5974
25 159 5975
198 23 5976
9 163 5977
58 32 5978
186 20 5979
46 144 5980
186 63 5981
194 3 5982
21 16 5983
154 27 5984
153 95 5985
133 64 5986
107 11 5987
191 129 5988
113 199 5989
36 55 5990
150 79 5991
123 137 5992
188 183 5993
186 85 5994
189 87 5995
157 1 5996
153 66 5997
130 62 5998
47 142 5999
33 144 6000
162 48 6001
20 72 6002
126 182 6003
131 44 6004
98 172 6005
130 69 6006
88 57 6007
38 9 6008
46 175 6009
147 166 6010
22 59 6011
37 194 6012
73 131 6013
27 42 6014
148 8 6015
97 112 6016
198 161 6017
84 49 6018
122 99 6019
18 70 6020
110 147 6021
107 17 6022
22 101 6023
127 99 6024
192 150 6025
84 93 6026
179 106 6027
126 179 6028
16 98 6029
77 104 6030
140 170 6031
123 115 6032
44 126 6033
8 155 6034
182 63 6035
70 76 6036
27 150 6037
87 164 6038
196 81 6039
40 135 6040
101 47 6041
86 130 6042
65 48 6043
31 132 6044
99 126 6045
102 198 6046
44 31 6047
23 50 6048
77 93 6049
70 141 6050
102 112 6051
147 84 6052
81 173 6053
171 110 6054
27 118 6055
107 61 6056
186 174 6057
87 176 6058
155 174 6059
89 93 6060
91 84 6061
116 97 6062
4 49 6063
30 115 6064
159 90 6065
129 63 6066
57 139 6067
58 63 6068
65 189 6069
31 175 6070
130 97 6071
46 102 6072
4 189 6073
18 63 6074
105 83 6075
92 134 6076
104 23 6077
124 4 6078
190 149 6079
138 15 6080
139 130 6081
34 141 6082
165 78 6083
61 166 6084
32 140 6085
81 76 6086
111 143 6087
153 16 6088
94 168 6089
25 153 6090
142 85 6091
75 63 6092
188 32 6093
196 27 6094
111 50 6095
8 154 6096
38 28 6097
144 38 6098
131 199 6099
157 111 6100
115 196 6101
21 148 6102
110 116 6103
21 167 6104
157 140 6105
40 175 6106
98 62 6107
155 53 6108
90 170 6109
196 143 6110
144 145 6111
182 8 6112
83 112 6113
69 169 6114
46 27 6115
125 28 6116
62 26 6117
68 177 6118
199 5 6119
14 21 6120
2 72 6121
52 10 6122
147 90 6123
103 84 6124
10 131 6125
91 17 6126
151 24 6127
174 158 6128
92 116 6129
105 34 6130
123 142 6131
78 84 6132
92 17 6133
33 23 6134
139 152 6135
85 43 6136
32 164 6137
181 178 6138
167 199 6139
50 25 6140
163 99 6141
11 162 6142
138 92 6143
155 136 6144
114 75 6145
114 29 6146
61 41 6147
133 135 6148
114 90 6149
200 35 6150
146 34 6151
127 181 6152
175 197 6153
181 103 6154
101 147 6155
157 48 6156
64 148 6157
22 170 6158
139 159 6159
15 178 6160
189 121 6161
81 110 6162
138 39 6163
1 166 6164
155 109 6165
48 67 6166
147 70 6167
172 197 6168
59 53 6169
32 121 6170
161 156 6171
46 17 6172
6 190 6173
114 117 6174
116 103 6175
31 78 6176
27 98 6177
119 150 6178
91 27 6179
62 95 6180
139 179 6181
53 120 6182
77 76 6183
188 133 6184
123 6 6185
106 165 6186
111 103 6187
185 106 6188
119 124 6189
93 122 6190
29 91 6191
139 72 6192
128 75 6193
113 160 6194
19 48 6195
26 48 6196
192 176 6197
182 125 6198
80 124 6199
5 108 6200
194 198 6201
116 101 6202
85 185 6203
186 157 6204
79 128 6205
73 179 6206
23 124 6207
185 147 6208
50 108 6209
40 121 6210
126 157 6211
147 50 6212
198 26 6213
94 167 6214
141 1 6215
19 39 6216
107 55 6217
91 117 6218
167 35 6219
147 144 6220
92 48 6221
21 177 6222
161 51 6223
86 140 6224
195 101 6225
140 46 6226
12 17 6227
122 185 6228
62 58 6229
154 116 6230
65 156 6231
196 40 6232
193 58 6233
116 18 6234
87 8 6235
52 81 6236
120 19 6237
28 191 6238
2 65 6239
189 92 6240
165 197 6241
42 18 6242
22 180 6243
27 2 6244
169 173 6245
135 79 6246
70 172 6247
198 106 6248
155 107 6249
130 34 6250
39 68 6251
183 13 6252
143 17 6253
168 49 6254
140 77 6255
71 180 6256
196 127 6257
87 165 6258
83 59 6259
149 78 6260
13 41 6261
29 170 6262
26 143 6263
18 31 6264
36 4 6265
152 104 6266
178 71 6267
48 168 6268
183 14 6269
166 162 6270
114 158 6271
98 166 6272
64 96 6273
21 135 6274
135 174 6275
26 61 6276
63 180 6277
191 157 6278
88 181 6279
128 139 6280
129 135 6281
138 197 6282
152 25 6283
122 126 6284
80 154 6285
82 109 6286
60 138 6287
12 60 6288
169 145 6289
53 28 6290
34 14 6291
198 83 6292
25 113 6293
151 140 6294
33 80 6295
65 53 6296
155 139 6297
177 134 6298
21 10 6299
112 6 6300
199 30 6301
195 53 6302
15 100 6303
198 186 6304
122 17 6305
133 169 6306
139 29 6307
85 164 6308
3 160 6309
127 183 6310
182 86 6311
91 67 6312
124 54 6313
130 50 6314
125 170 6315
137 176 6316
83 92 6317
18 102 6318
117 194 6319
161 18 6320
54 169 6321
125 149 6322
93 50 6323
120 118 6324
114 54 6325
103 101 6326
176 10 6327
191 142 6328
183 149 6329
3 193 6330
25 108 6331
133 186 6332
110 87 6333
38 119 6334
130 144 6335
187 76 6336
51 54 6337
8 173 6338
35 47 6339
123 185 6340
66 22 6341
104 43 6342
92 49 6343
186 144 6344
136 109 6345
45 143 6346
165 113 6347
183 4 6348
83 141 6349
190 123 6350
109 112 6351
112 84 6352
12 35 6353
74 193 6354
179 192 6355
104 134 6356
119 11 6357
65 170 6358
30 141 6359
102 9 6360
81 4 6361
82 118 6362
149 96 6363
76 30 6364
167 70 6365
103 66 6366
21 9 6367
124 102 6368
4 60 6369
139 190 6370
75 90 6371
150 111 6372
144 39 6373
198 93 6374
90 41 6375
127 60 6376
17 118 6377
115 122 6378
95 79 6379
69 78 6380
193 192 6381
190 175 6382
71 167 6383
71 48 6384
191 9 6385
6 117 6386
175 15 6387
168 138 6388
184 56 6389
3 27 6390
6 159 6391
156 142 6392
61 97 6393
111 197 6394
126 98 6395
136 4 6396
178 175 6397
145 190 6398
87 43 6399
67 41 6400
107 72 6401
158 88 6402
133 95 6403
45 75 6404
132 29 6405
99 105 6406
86 131 6407
19 85 6408
50 146 6409
126 95 6410
115 90 6411
48 163 6412
171 119 6413
36 60 6414
175 199 6415
118 81 6416
63 80 6417
160 174 6418
72 54 6419
27 33 6420
2 57 6421
190 53 6422
69 95 6423
109 200 6424
76 9 6425
14 74 6426
198 140 6427
106 126 6428
23 93 6429
189 41 6430
111 129 6431
11 64 6432
66 112 6433
2 178 6434
145 104 6435
81 166 6436
167 151 6437
136 199 6438
32 65 6439
161 102 6440
24 138 6441
178 100 6442
169 45 6443
29 169 6444
7 72 6445
112 103 6446
35 13 6447
64 129 6448
20 161 6449
100 137 6450
163 126 6451
83 45 6452
94 5 6453
26 163 6454
59 157 6455
24 162 6456
26 56 6457
155 11 6458
180 61 6459
161 88 6460
128 52 6461
170 105 6462
81 125 6463
15 169 6464
154 124 6465
101 112 6466
130 151 6467
66 192 6468
6 136 6469
141 118 6470
115 77 6471
189 3 6472
143 85 6473
79 138 6474
110 54 6475
116 22 6476
196 102 6477
194 186 6478
33 156 6479
164 149 6480
76 154 6481
190 31 6482
166 181 6483
71 184 6484
171 89 6485
149 56 6486
133 191 6487
93 149 6488
147 51 6489
197 83 6490
133 45 6491
93 152 6492
117 86 6493
105 124 6494
124 187 6495
99 82 6496
37 180 6497
113 177 6498
191 184 6499
187 53 6500
96 75 6501
61 195 6502
158 200 6503
38 134 6504
6 51 6505
138 62 6506
102 130 6507
109 182 6508
148 194 6509
182 62 6510
152 149 6511
20 139 6512
180 80 6513
111 62 6514
16 29 6515
143 81 6516
137 107 6517
106 181 6518
19 114 6519
156 98 6520
4 17 6521
45 5 6522
39 172 6523
61 84 6524
108 142 6525
185 30 6526
148 73 6527
65 56 6528
191 12 6529
97 31 6530
55 119 6531
185 79 6532
76 151 6533
192 28 6534
121 27 6535
158 96 6536
77 124 6537
9 1 6538
91 119 6539
48 40 6540
143 141 6541
85 55 6542
57 7 6543
8 22 6544
55 129 6545
53 14 6546
123 125 6547
194 136 6548
186 193 6549
129 182 6550
80 103 6551
168 27 6552
103 52 6553
197 151 6554
43 42 6555
35 99 6556
188 81 6557
192 180 6558
13 1 6559
199 6 6560
141 120 6561
53 96 6562
131 89 6563
79 92 6564
115 167 6565
168 157 6566
19 23 6567
110 5 6568
160 63 6569
141 69 6570
54 120 6571
40 32 6572
73 167 6573
91 180 6574
46 161 6575
131 1 6576
98 68 6577
182 82 6578
181 182 6579
155 178 6580
174 178 6581
121 183 6582
25 72 6583
123 150 6584
80 192 6585
71 46 6586
179 89 6587
132 88 6588
71 79 6589
57 16 6590
85 159 6591
147 169 6592
143 160 6593
131 77 6594
114 168 6595
175 180 6596
81 1 6597
102 70 6598
132 51 6599
196 5 6600
126 197 6601
134 172 6602
149 54 6603
100 161 6604
85 95 6605
130 146 6606
58 33 6607
189 33 6608
190 19 6609
26 9 6610
148 129 6611
94 4 6612
184 75 6613
180 158 6614
122 157 6615
182 85 6616
17 49 6617
135 195 6618
21 69 6619
20 112 6620
14 17 6621
119 56 6622
192 189 6623
17 146 6624
5 179 6625
129 28 6626
53 186 6627
164 83 6628
62 142 6629
108 113 6630
120 182 6631
50 53 6632
25 166 6633
42 45 6634
93 154 6635
1 164 6636
162 84 6637
179 55 6638
32 31 6639
40 149 6640
42 197 6641
33 14 6642
166 169 6643
99 173 6644
52 23 6645
161 101 6646
78 191 6647
161 77 6648
132 199 6649
163 192 6650
185 23 6651
91 152 6652
149 138 6653
186 58 6654
46 165 6655
176 147 6656
114 88 6657
175 85 6658
172 126 6659
69 112 6660
192 61 6661
91 169 6662
38 161 6663
143 35 6664
155 120 6665
113 1 6666
149 5 6667
137 183 6668
30 81 6669
99 6 6670
110 166 6671
75 51 6672
99 90 6673
148 88 6674
58 70 6675
102 180 6676
70 130 6677
149 166 6678
55 167 6679
37 82 6680
69 171 6681
3 172 6682
134 62 6683
166 200 6684
192 178 6685
95 80 6686
154 3 6687
42 76 6688
62 15 6689
141 40 6690
133 187 6691
135 99 6692
138 86 6693
84 18 6694
60 64 6695
187 106 6696
140 12 6697
37 8 6698
83 12 6699
189 173 6700
156 52 6701
58 64 6702
161 29 6703
51 154 6704
135 11 6705
40 189 6706
196 18 6707
131 156 6708
71 5 6709
175 2 6710
124 32 6711
137 45 6712
39 75 6713
160 43 6714
34 173 6715
147 192 6716
68 115 6717
22 191 6718
132 105 6719
46 171 6720
117 111 6721
139 150 6722
78 190 6723
7 28 6724
75 46 6725
47 167 6726
164 141 6727
23 5 6728
46 182 6729
46 73 6730
166 75 6731
62 21 6732
82 185 6733
126 164 6734
38 145 6735
176 189 6736
87 80 6737
162 170 6738
45 25 6739
157 153 6740
121 50 6741
184 92 6742
7 47 6743
96 2 6744
120 169 6745
41 181 6746
82 178 6747
119 190 6748
27 68 6749
147 119 6750
189 197 6751
22 39 6752
113 8 6753
134 122 6754
73 126 6755
154 60 6756
50 7 6757
164 34 6758
5 72 6759
177 70 6760
28 127 6761
7 154 6762
88 3 6763
15 78 6764
105 199 6765
169 32 6766
30 68 6767
115 180 6768
68 168 6769
60 109 6770
180 186 6771
22 17 6772
89 116 6773
46 189 6774
96 115 6775
27 94 6776
58 46 6777
39 154 6778
169 163 6779
187 108 6780
108 160 6781
191 175 6782
108 52 6783
95 178 6784
135 137 6785
178 135 6786
143 20 6787
30 32 6788
169 57 6789
31 145 6790
142 28 6791
163 62 6792
169 51 6793
24 95 6794
146 10 6795
35 56 6796
122 158 6797
109 171 6798
171 106 6799
54 95 6800
115 9 6801
75 58 6802
44 179 6803
199 128 6804
102 191 6805
146 16 6806
41 194 6807
195 19 6808
87 148 6809
51 118 6810
13 61 6811
140 39 6812
29 36 6813
129 3 6814
35 127 6815
50 29 6816
162 36 6817
150 25 6818
106 140 6819
185 43 6820
35 7 6821
71 84 6822
178 86 6823
2 152 6824
157 12 6825
174 56 6826
86 9 6827
125 38 6828
80 183 6829
16 159 6830
42 101 6831
187 75 6832
139 98 6833
42 39 6834
101 120 6835
18 190 6836
114 119 6837
25 89 6838
35 187 6839
188 89 6840
116 63 6841
83 161 6842
145 141 6843
116 149 6844
150 155 6845
174 150 6846
99 113 6847
51 143 6848
143 40 6849
196 37 6850
21 190 6851
100 182 6852
70 183 6853
33 139 6854
1 136 6855
36 152 6856
198 30 6857
98 198 6858
117 119 6859
10 85 6860
191 68 6861
91 160 6862
5 186 6863
148 104 6864
132 69 6865
54 26 6866
182 30 6867
169 7 6868
174 34 6869
86 40 6870
25 46 6871
77 6 6872
5 24 6873
68 95 6874
133 185 6875
23 172 6876
130 46 6877
37 80 6878
13 151 6879
188 155 6880
56 146 6881
197 31 6882
141 192 6883
100 194 6884
166 64 6885
178 79 6886
72 156 6887
95 149 6888
148 137 6889
40 68 6890
143 182 6891
160 118 6892
59 125 6893
15 122 6894
30 136 6895
190 68 6896
142 186 6897
191 197 6898
82 57 6899
77 84 6900
174 193 6901
144 63 6902
26 149 6903
145 107 6904
61 147 6905
127 120 6906
113 138 6907
81 186 6908
22 56 6909
189 108 6910
163 120 6911
3 28 6912
125 12 6913
170 199 6914
11 34 6915
199 62 6916
29 195 6917
184 178 6918
30 129 6919
60 40 6920
97 179 6921
5 15 6922
22 74 6923
139 124 6924
73 104 6925
199 188 6926
59 147 6927
1 180 6928
85 5 6929
33 5 6930
52 90 6931
110 78 6932
199 134 6933
43 198 6934
118 116 6935
12 20 6936
130 147 6937
183 46 6938
46 184 6939
70 190 6940
18 56 6941
166 136 6942
100 115 6943
171 28 6944
83 102 6945
123 109 6946
21 85 6947
195 97 6948
136 169 6949
166 125 6950
107 129 6951
29 28 6952
96 91 6953
167 116 6954
14 157 6955
34 54 6956
58 97 6957
47 2 6958
11 168 6959
84 120 6960
142 189 6961
116 34 6962
134 167 6963
141 199 6964
183 173 6965
156 5 6966
3 110 6967
24 160 6968
36 59 6969
88 15 6970
173 177 6971
109 32 6972
59 135 6973
30 200 6974
98 39 6975
27 155 6976
60 110 6977
147 108 6978
97 95 6979
18 123 6980
99 26 6981
132 37 6982
91 115 6983
93 103 6984
134 112 6985
78 111 6986
32 182 6987
82 141 6988
115 118 6989
53 19 6990
149 18 6991
76 185 6992
11 81 6993
156 189 6994
98 136 6995
82 66 6996
47 58 6997
144 92 6998
104 176 6999
145 153 7000
184 151 7001
143 44 7002
126 158 7003
6 135 7004
8 38 7005
98 4 7006
146 111 7007
114 6 7008
92 36 7009
24 60 7010
56 86 7011
48 193 7012
123 88 7013
183 76 7014
90 17 7015
195 191 7016
71 169 7017
33 129 7018
169 99 7019
55 74 7020
146 12 7021
79 86 7022
164 176 7023
65 160 7024
176 24 7025
11 1 7026
114 149 7027
41 185 7028
155 143 7029
128 123 7030
179 59 7031
18 37 7032
32 74 7033
37 125 7034
41 82 7035
52 9 7036
171 99 7037
185 199 7038
114 33 7039
49 146 7040
50 119 7041
51 86 7042
116 27 7043
45 188 7044
175 172 7045
60 151 7046
29 198 7047
168 37 7048
164 62 7049
138 126 7050
36 37 7051
146 185 7052
87 37 7053
12 105 7054
95 106 7055
177 84 7056
124 33 7057
55 5 7058
38 171 7059
89 121 7060
28 12 7061
124 169 7062
157 151 7063
138 69 7064
167 197 7065
83 156 7066
124 111 7067
193 103 7068
157 130 7069
108 96 7070
46 105 7071
184 149 7072
97 142 7073
80 68 7074
175 78 7075
140 52 7076
100 20 7077
24 161 7078
163 94 7079
84 3 7080
92 156 7081
100 42 7082
85 80 7083
101 105 7084
118 142 7085
153 78 7086
70 17 7087
125 14 7088
32 145 7089
121 164 7090
153 30 7091
47 192 7092
160 21 7093
114 173 7094
26 137 7095
100 117 7096
165 114 7097
37 199 7098
80 111 7099
168 7 7100
184 20 7101
199 150 7102
65 118 7103
45 113 7104
101 6 7105
46 79 7106
85 149 7107
192 127 7108
74 141 7109
122 131 7110
104 179 7111
152 70 7112
87 128 7113
117 138 7114
91 148 7115
110 141 7116
87 75 7117
81 119 7118
80 122 7119
180 68 7120
6 111 7121
35 26 7122
117 36 7123
106 108 7124
19 154 7125
62 87 7126
144 69 7127
43 7 7128
40 88 7129
74 45 7130
181 116 7131
175 159 7132
71 81 7133
157 148 7134
29 27 7135
160 46 7136
174 19 7137
109 116 7138
134 127 7139
2 8 7140
74 75 7141
42 194 7142
195 78 7143
167 177 7144
124 5 7145
168 111 7146
60 160 7147
82 143 7148
15 141 7149
167 159 7150
90 194 7151
72 120 7152
157 60 7153
93 126 7154
176 18 7155
74 133 7156
139 178 7157
161 135 7158
62 23 7159
162 10 7160
139 60 7161
112 157 7162
198 171 7163
175 113 7164
103 100 7165
123 84 7166
97 2 7167
184 22 7168
133 13 7169
90 84 7170
124 131 7171
160 184 7172
47 137 7173
27 17 7174
49 55 7175
47 130 7176
152 184 7177
65 161 7178
99 62 7179
56 131 7180
33 155 7181
28 149 7182
38 86 7183
145 62 7184
163 176 7185
152 161 7186
44 23 7187
137 117 7188
17 53 7189
172 62 7190
77 192 7191
132 107 7192
186 200 7193
43 60 7194
96 54 7195
150 191 7196
22 30 7197
116 183 7198
149 48 7199
91 80 7200
53 141 7201
40 3 7202
47 39 7203
36 28 7204
113 62 7205
137 128 7206
140 136 7207
83 126 7208
188 122 7209
141 122 7210
163 27 7211
74 27 7212
179 21 7213
44 54 7214
197 60 7215
120 61 7216
5 50 7217
118 75 7218
108 83 7219
96 197 7220
46 128 7221
104 200 7222
124 59 7223
89 120 7224
6 7 7225
94 21 7226
6 59 7227
20 182 7228
128 34 7229
73 3 7230
131 27 7231
127 102 7232
115 190 7233
161 147 7234
129 177 7235
42 136 7236
134 141 7237
13 145 7238
106 5 7239
165 62 7240
67 12 7241
89 26 7242
75 6 7243
127 45 7244
186 73 7245
161 82 7246
128 81 7247
175 122 7248
30 165 7249
79 154 7250
163 116 7251
71 108 7252
66 86 7253
132 150 7254
28 44 7255
72 115 7256
193 130 7257
151 107 7258
132 10 7259
66 33 7260
10 69 7261
65 139 7262
150 54 7263
140 115 7264
97 41 7265
44 84 7266
42 183 7267
192 78 7268
190 55 7269
48 183 7270
45 65 7271
113 87 7272
131 7 7273
174 55 7274
117 96 7275
21 49 7276
94 191 7277
93 22 7278
167 98 7279
191 103 7280
24 20 7281
56 148 7282
34 69 7283
24 143 7284
35 191 7285
142 114 7286
160 103 7287
92 97 7288
29 192 7289
22 104 7290
117 141 7291
98 33 7292
88 66 7293
196 129 7294
159 147 7295
89 32 7296
59 100 7297
83 133 7298
33 128 7299
100 152 7300
72 63 7301
51 93 7302
54 50 7303
75 189 7304
149 134 7305
58 6 7306
88 9 7307
61 72 7308
116 126 7309
5 51 7310
124 163 7311
117 87 7312
95 171 7313
57 163 7314
75 106 7315
88 80 7316
190 32 7317
146 166 7318
173 28 7319
199 95 7320
11 16 7321
188 60 7322
103 165 7323
147 8 7324
129 43 7325
191 198 7326
13 109 7327
175 65 7328
150 22 7329
133 190 7330
49 164 7331
165 144 7332
124 7 7333
95 143 7334
68 64 7335
87 47 7336
192 88 7337
5 118 7338
159 99 7339
195 89 7340
188 182 7341
135 86 7342
147 2 7343
101 80 7344
66 172 7345
87 126 7346
16 85 7347
127 106 7348
166 32 7349
195 95 7350
109 54 7351
126 86 7352
49 53 7353
113 93 7354
78 154 7355
102 143 7356
65 87 7357
139 153 7358
172 164 7359
118 159 7360
195 169 7361
85 181 7362
114 39 7363
125 83 7364
9 63 7365
50 145 7366
27 182 7367
105 195 7368
23 59 7369
126 187 7370
27 61 7371
128 178 7372
174 97 7373
112 50 7374
71 89 7375
10 82 7376
65 111 7377
60 120 7378
123 80 7379
182 7 7380
169 153 7381
164 168 7382
23 199 7383
135 47 7384
46 81 7385
26 83 7386
190 66 7387
56 7 7388
27 97 7389
122 101 7390
83 128 7391
20 74 7392
88 16 7393
163 91 7394
30 57 7395
170 98 7396
27 95 7397
195 40 7398
105 30 7399
85 58 7400
134 69 7401
106 116 7402
10 166 7403
158 22 7404
184 161 7405
15 174 7406
142 165 7407
5 132 7408
177 139 7409
69 200 7410
28 114 7411
96 196 7412
196 28 7413
157 95 7414
150 114 7415
79 42 7416
73 61 7417
110 85 7418
99 50 7419
87 138 7420
168 26 7421
119 162 7422
104 20 7423
103 169 7424
157 96 7425
163 139 7426
11 10 7427
145 150 7428
186 165 7429
152 193 7430
128 62 7431
162 45 7432
69 157 7433
84 188 7434
177 114 7435
49 26 7436
86 159 7437
5 161 7438
3 57 7439
23 144 7440
103 127 7441
186 82 7442
7 130 7443
164 163 7444
14 178 7445
104 156 7446
200 106 7447
58 86 7448
135 179 7449
150 47 7450
160 71 7451
33 10 7452
29 150 7453
196 42 7454
70 90 7455
78 62 7456
199 192 7457
35 142 7458
33 92 7459
187 157 7460
41 19 7461
174 175 7462
16 74 7463
180 52 7464
125 134 7465
88 29 7466
161 118 7467
26 187 7468
117 146 7469
97 26 7470
191 86 7471
194 191 7472
25 32 7473
130 156 7474
181 57 7475
65 146 7476
127 184 7477
79 38 7478
118 39 7479
32 181 7480
126 31 7481
185 70 7482
67 38 7483
33 178 7484
70 33 7485
64 140 7486
185 78 7487
110 12 7488
22 193 7489
75 125 7490
82 47 7491
106 199 7492
158 70 7493
14 103 7494
169 176 7495
113 145 7496
23 108 7497
107 16 7498
186 134 7499
82 61 7500
96 111 7501
56 47 7502
19 38 7503
166 68 7504
137 106 7505
40 74 7506
38 121 7507
113 70 7508
67 29 7509
184 90 7510
38 118 7511
58 167 7512
56 12 7513
165 90 7514
9 23 7515
163 21 7516
19 22 7517
120 179 7518
76 170 7519
142 113 7520
70 83 7521
75 54 7522
91 43 7523
147 131 7524
158 108 7525
85 107 7526
83 188 7527
53 8 7528
33 183 7529
136 31 7530
9 168 7531
100 197 7532
137 9 7533
83 28 7534
67 195 7535
196 23 7536
108 45 7537
126 115 7538
129 140 7539
198 75 7540
7 65 7541
26 84 7542
12 33 7543
33 173 7544
183 178 7545
61 40 7546
91 151 7547
164 114 7548
185 162 7549
56 162 7550
189 79 7551
68 51 7552
177 136 7553
5 10 7554
125 87 7555
53 35 7556
48 6 7557
94 38 7558
74 59 7559
47 138 7560
73 48 7561
69 166 7562
64 28 7563
158 160 7564
185 93 7565
102 165 7566
165 16 7567
63 25 7568
33 103 7569
12 130 7570
151 141 7571
33 167 7572
95 198 7573
79 85 7574
182 177 7575
97 93 7576
190 20 7577
120 41 7578
132 161 7579
196 44 7580
61 188 7581
137 200 7582
190 109 7583
148 141 7584
173 101 7585
60 123 7586
173 60 7587
194 154 7588
109 66 7589
5 16 7590
83 15 7591
34 176 7592
125 183 7593
112 36 7594
158 191 7595
103 175 7596
109 87 7597
75 79 7598
28 22 7599
64 108 7600
160 179 7601
28 121 7602
70 28 7603
47 165 7604
68 8 7605
95 159 7606
177 151 7607
27 101 7608
146 121 7609
190 154 7610
78 124 7611
113 128 7612
24 87 7613
111 190 7614
136 70 7615
9 105 7616
158 99 7617
176 78 7618
73 82 7619
196 41 7620
181 132 7621
3 8 7622
111 14 7623
161 23 7624
64 92 7625
4 148 7626
9 189 7627
2 53 7628
17 155 7629
173 181 7630
192 152 7631
76 132 7632
169 140 7633
82 4 7634
41 139 7635
95 18 7636
135 2 7637
42 200 7638
176 148 7639
30 91 7640
146 150 7641
163 129 7642
70 57 7643
127 101 7644
192 86 7645
67 56 7646
76 179 7647
190 25 7648
150 76 7649
78 65 7650
5 138 7651
101 91 7652
64 127 7653
52 67 7654
21 138 7655
137 30 7656
52 59 7657
90 108 7658
45 107 7659
68 164 7660
7 185 7661
141 16 7662
147 120 7663
145 43 7664
92 176 7665
195 152 7666
113 172 7667
103 167 7668
99 198 7669
113 158 7670
6 29 7671
103 57 7672
40 199 7673
64 86 7674
62 166 7675
7 199 7676
11 182 7677
104 82 7678
73 182 7679
169 96 7680
197 131 7681
62 72 7682
17 120 7683
179 187 7684
65 44 7685
32 157 7686
92 98 7687
27 102 7688
24 130 7689
57 196 7690
18 119 7691
61 9 7692
61 33 7693
169 194 7694
164 35 7695
158 176 7696
107 99 7697
79 123 7698
174 146 7699
18 122 7700
187 186 7701
75 111 7702
143 90 7703
121 98 7704
200 183 7705
77 169 7706
88 13 7707
197 82 7708
66 90 7709
190 74 7710
56 111 7711
191 118 7712
149 187 7713
20 113 7714
189 178 7715
99 114 7716
40 98 7717
17 144 7718
193 167 7719
77 62 7720
199 18 7721
57 48 7722
53 18 7723
37 128 7724
72 180 7725
6 83 7726
119 143 7727
64 171 7728
45 182 7729
83 79 7730
17 160 7731
19 179 7732
111 120 7733
93 121 7734
138 159 7735
157 25 7736
180 190 7737
128 78 7738
50 47 7739
32 113 7740
60 100 7741
70 31 7742
66 30 7743
42 11 7744
108 59 7745
57 22 7746
128 151 7747
49 167 7748
20 132 7749
168 50 7750
38 132 7751
182 54 7752
139 23 7753
83 169 7754
193 51 7755
3 142 7756
123 19 7757
152 64 7758
88 46 7759
180 15 7760
52 135 7761
44 176 7762
108 159 7763
73 163 7764
117 185 7765
52 92 7766
126 32 7767
123 149 7768
12 196 7769
74 130 7770
14 189 7771
78 22 7772
10 111 7773
36 53 7774
87 195 7775
163 36 7776
20 84 7777
187 25 7778
10 45 7779
121 57 7780
128 11 7781
130 118 7782
128 28 7783
30 79 7784
165 28 7785
89 115 7786
124 141 7787
175 50 7788
150 58 7789
29 130 7790
184 173 7791
54 194 7792
134 36 7793
191 181 7794
84 142 7795
156 144 7796
71 29 7797
180 89 7798
17 52 7799
135 138 7800
37 192 7801
48 53 7802
4 20 7803
122 2 7804
110 188 7805
89 90 7806
67 194 7807
84 51 7808
157 100 7809
137 133 7810
88 12 7811
161 72 7812
200 7 7813
120 99 7814
49 72 7815
178 92 7816
145 86 7817
140 3 7818
48 110 7819
192 25 7820
62 186 7821
199 119 7822
106 7 7823
1 58 7824
9 184 7825
99 146 7826
116 128 7827
195 72 7828
194 147 7829
12 70 7830
132 156 7831
38 90 7832
117 53 7833
87 178 7834
82 90 7835
64 98 7836
101 171 7837
124 130 7838
57 138 7839
14 58 7840
35 66 7841
22 120 7842
19 167 7843
22 86 7844
18 141 7845
50 91 7846
57 154 7847
136 104 7848
93 137 7849
39 83 7850
87 54 7851
69 50 7852
24 139 7853
140 75 7854
101 126 7855
28 37 7856
82 131 7857
100 78 7858
129 123 7859
30 150 7860
45 37 7861
63 167 7862
126 194 7863
168 78 7864
72 13 7865
28 25 7866
37 38 7867
94 156 7868
183 144 7869
161 170 7870
35 149 7871
18 24 7872
80 129 7873
28 45 7874
91 48 7875
46 111 7876
38 167 7877
165 198 7878
93 181 7879
134 150 7880
39 181 7881
144 12 7882
19 89 7883
3 188 7884
38 181 7885
112 16 7886
38 64 7887
130 195 7888
46 61 7889
128 130 7890
117 140 7891
59 136 7892
183 52 7893
23 3 7894
6 46 7895
200 95 7896
78 94 7897
63 199 7898
44 7 7899
26 186 7900
49 140 7901
108 119 7902
121 159 7903
118 171 7904
13 180 7905
29 72 7906
161 140 7907
80 176 7908
94 150 7909
156 185 7910
172 139 7911
52 51 7912
71 25 7913
57 102 7914
92 21 7915
53 147 7916
51 200 7917
125 27 7918
27 129 7919
159 26 7920
4 170 7921
35 30 7922
141 95 7923
84 186 7924
144 115 7925
5 58 7926
85 76 7927
50 158 7928
155 129 7929
196 134 7930
146 173 7931
176 37 7932
160 20 7933
135 175 7934
97 62 7935
55 178 7936
158 157 7937
17 64 7938
9 94 7939
105 8 7940
195 136 7941
129 190 7942
199 182 7943
41 52 7944
46 64 7945
9 133 7946
123 141 7947
64 161 7948
43 197 7949
149 173 7950
128 153 7951
83 159 7952
151 122 7953
29 199 7954
165 128 7955
3 86 7956
168 189 7957
188 157 7958
4 96 7959
73 7 7960
173 67 7961
200 190 7962
14 173 7963
46 37 7964
191 189 7965
103 26 7966
17 47 7967
132 59 7968
154 100 7969
87 114 7970
16 54 7971
90 98 7972
3 178 7973
190 77 7974
164 107 7975
3 56 7976
157 92 7977
97 197 7978
81 2 7979
76 8 7980
24 131 7981
57 56 7982
16 92 7983
167 17 7984
39 74 7985
124 190 7986
83 66 7987
50 161 7988
32 91 7989
194 157 7990
101 82 7991
85 132 7992
142 154 7993
75 179 7994
140 57 7995
87 3 7996
56 92 7997
133 88 7998
91 59 7999
73 166 8000
45 81 8001
8 49 8002
138 54 8003
35 48 8004
189 69 8005
98 127 8006
190 169 8007
1 154 8008
180 93 8009
44 53 8010
24 170 8011
48 146 8012
55 102 8013
51 59 8014
5 49 8015
128 70 8016
78 131 8017
132 70 8018
98 69 8019
96 143 8020
115 146 8021
185 87 8022
3 124 8023
62 117 8024
113 27 8025
32 63 8026
98 107 8027
24 146 8028
77 159 8029
136 47 8030
162 165 8031
87 173 8032
124 25 8033
150 125 8034
50 85 8035
174 36 8036
134 128 8037
146 18 8038
103 131 8039
53 101 8040
155 179 8041
40 166 8042
150 161 8043
38 12 8044
55 106 8045
66 142 8046
49 159 8047
167 157 8048
177 109 8049
7 98 8050
102 199 8051
19 32 8052
88 160 8053
102 176 8054
65 119 8055
155 70 8056
144 6 8057
33 120 8058
197 45 8059
107 96 8060
105 16 8061
156 172 8062
31 178 8063
10 188 8064
70 194 8065
141 127 8066
188 109 8067
65 169 8068
174 44 8069
51 27 8070
71 192 8071
65 133 8072
185 63 8073
13 126 8074
55 68 8075
125 130 8076
65 174 8077
65 19 8078
1 151 8079
51 198 8080
164 194 8081
44 164 8082
61 132 8083
90 127 8084
77 188 8085
68 136 8086
27 160 8087
78 172 8088
180 77 8089
10 140 8090
43 77 8091
122 112 8092
149 111 8093
12 143 8094
91 60 8095
200 105 8096
13 166 8097
80 84 8098
178 102 8099
101 138 8100
115 171 8101
170 46 8102
140 13 8103
84 173 8104
104 38 8105
70 168 8106
133 182 8107
92 24 8108
169 6 8109
134 82 8110
6 15 8111
119 104 8112
181 61 8113
166 196 8114
171 157 8115
36 39 8116
12 171 8117
143 188 8118
75 116 8119
178 112 8120
171 51 8121
90 45 8122
134 27 8123
11 149 8124
127 87 8125
93 114 8126
16 171 8127
33 135 8128
91 85 8129
86 30 8130
200 45 8131
37 91 8132
59 61 8133
35 150 8134
175 8 8135
63 136 8136
6 27 8137
66 29 8138
164 50 8139
94 18 8140
158 60 8141
45 142 8142
101 28 8143
14 193 8144
62 124 8145
20 126 8146
101 76 8147
93 101 8148
127 143 8149
51 49 8150
51 126 8151
84 165 8152
121 99 8153
15 28 8154
49 188 8155
13 193 8156
75 20 8157
101 199 8158
55 64 8159
37 123 8160
160 120 8161
102 115 8162
92 90 8163
130 106 8164
64 97 8165
160 159 8166
175 145 8167
147 29 8168
22 188 8169
113 171 8170
72 31 8171
193 160 8172
134 75 8173
78 37 8174
187 50 8175
15 177 8176
150 46 8177
120 1 8178
69 160 8179
96 167 8180
183 18 8181
88 6 8182
149 83 8183
76 153 8184
44 72 8185
155 122 8186
144 150 8187
27 190 8188
162 93 8189
114 69 8190
115 141 8191
50 132 8192
177 37 8193
168 128 8194
123 147 8195
16 50 8196
94 46 8197
137 169 8198
119 149 8199
10 186 8200
