200 1900 1900
135 182 1
63 124 2
31 168 3
18 115 4
33 155 5
94 32 6
160 86 7
89 120 8
152 181 9
178 86 10
42 103 11
170 33 12
119 61 13
187 171 14
153 10 15
55 140 16
35 48 17
126 43 18
54 120 19
37 10 20
148 152 21
200 153 22
130 52 23
180 49 24
61 105 25
37 80 26
105 114 27
101 60 28
172 96 29
46 24 30
35 86 31
147 6 32
6 135 33
139 159 34
76 8 35
33 108 36
43 46 37
29 83 38
184 87 39
84 140 40
149 138 41
104 121 42
125 115 43
177 143 44
43 196 45
60 151 46
126 95 47
37 161 48
25 133 49
118 159 50
118 113 51
103 63 52
77 188 53
130 147 54
8 154 55
89 62 56
6 15 57
45 24 58
108 142 59
132 64 60
169 142 61
18 27 62
183 89 63
144 173 64
112 170 65
86 150 66
154 164 67
30 94 68
97 187 69
187 138 70
145 141 71
156 148 72
130 3 73
8 173 74
112 200 75
12 35 76
133 183 77
191 142 78
59 15 79
102 93 80
174 178 81
56 102 82
154 32 83
158 49 84
24 87 85
9 188 86
62 197 87
113 70 88
156 163 89
85 132 90
17 170 91
185 195 92
133 39 93
157 1 94
194 57 95
134 85 96
173 156 97
30 32 98
137 161 99
83 66 100
25 106 101
119 14 102
105 19 103
163 9 104
63 187 105
181 18 106
23 144 107
40 135 108
29 47 109
176 147 110
173 44 111
196 81 112
75 12 113
28 166 114
158 89 115
185 2 116
23 156 117
134 95 118
20 25 119
71 197 120
168 27 121
169 17 122
142 94 123
97 41 124
110 146 125
154 162 126
190 55 127
80 191 128
138 66 129
197 82 130
47 130 131
196 164 132
73 131 133
147 55 134
139 124 135
137 128 136
73 192 137
138 129 138
19 182 139
134 49 140
101 89 141
85 128 142
165 124 143
18 119 144
56 40 145
127 134 146
103 69 147
51 159 148
133 197 149
4 131 150
83 159 151
108 135 152
145 188 153
153 13 154
157 74 155
150 6 156
101 109 157
111 19 158
109 75 159
177 141 160
141 68 161
63 84 162
47 184 163
52 150 164
150 1 165
65 131 166
86 7 167
197 45 168
178 103 169
32 140 170
135 47 171
142 154 172
86 8 173
44 113 174
44 151 175
160 152 176
5 24 177
30 174 178
43 143 179
115 54 180
63 197 181
133 52 182
78 141 183
112 96 184
162 155 185
8 23 186
17 99 187
64 99 188
51 56 189
84 45 190
105 6 191
135 99 192
192 34 193
14 51 194
19 46 195
152 38 196
142 54 197
51 93 198
86 41 199
91 161 200
11 170 201
60 192 202
72 10 203
23 86 204
157 103 205
6 139 206
185 59 207
24 171 208
19 101 209
41 43 210
62 38 211
140 167 212
121 91 213
70 72 214
30 72 215
167 192 216
18 85 217
118 93 218
128 15 219
170 160 220
179 103 221
24 130 222
127 75 223
1 126 224
174 44 225
132 84 226
112 36 227
72 130 228
34 179 229
194 191 230
30 9 231
17 25 232
51 58 233
147 108 234
200 141 235
80 32 236
49 159 237
19 106 238
87 42 239
55 74 240
159 99 241
168 13 242
43 132 243
48 193 244
98 76 245
22 58 246
46 105 247
194 13 248
19 29 249
128 111 250
157 64 251
168 57 252
102 34 253
114 99 254
143 81 255
186 193 256
93 32 257
5 162 258
130 61 259
94 150 260
131 70 261
6 2 262
99 126 263
72 81 264
155 49 265
115 77 266
12 169 267
106 186 268
58 191 269
115 70 270
119 166 271
76 56 272
83 73 273
10 182 274
144 127 275
11 49 276
39 92 277
125 183 278
189 162 279
131 85 280
58 167 281
93 10 282
82 4 283
109 41 284
71 184 285
97 19 286
40 34 287
50 22 288
73 51 289
93 17 290
183 93 291
142 170 292
97 152 293
128 151 294
30 164 295
35 165 296
171 168 297
95 182 298
125 140 299
164 75 300
14 158 301
196 200 302
188 57 303
124 51 304
165 24 305
91 85 306
62 87 307
37 156 308
5 73 309
178 101 310
48 68 311
156 194 312
67 181 313
128 11 314
167 196 315
12 66 316
108 159 317
191 88 318
95 140 319
31 183 320
117 153 321
97 14 322
71 169 323
132 45 324
29 25 325
80 164 326
109 161 327
110 98 328
111 76 329
97 135 330
181 72 331
180 178 332
192 125 333
92 90 334
174 87 335
129 72 336
143 57 337
99 193 338
137 11 339
43 159 340
121 126 341
133 33 342
114 36 343
154 27 344
136 39 345
41 16 346
160 63 347
40 199 348
97 119 349
24 146 350
59 196 351
131 128 352
79 106 353
192 145 354
183 131 355
170 136 356
114 168 357
172 93 358
143 67 359
50 10 360
61 83 361
145 11 362
103 60 363
40 3 364
96 103 365
145 3 366
99 161 367
48 54 368
90 45 369
19 58 370
136 23 371
10 152 372
30 150 373
91 127 374
129 58 375
155 136 376
16 13 377
53 183 378
156 73 379
19 43 380
170 178 381
75 178 382
14 84 383
73 109 384
197 5 385
195 5 386
43 93 387
59 42 388
7 16 389
138 29 390
33 77 391
36 177 392
142 47 393
36 192 394
182 157 395
200 48 396
116 14 397
167 197 398
81 107 399
146 16 400
124 107 401
66 178 402
112 93 403
194 136 404
39 2 405
57 138 406
135 34 407
191 55 408
79 138 409
102 112 410
117 155 411
94 105 412
48 14 413
180 89 414
84 73 415
104 38 416
128 8 417
114 29 418
58 137 419
98 166 420
185 196 421
173 126 422
51 180 423
196 23 424
128 130 425
44 164 426
43 25 427
150 138 428
158 4 429
58 33 430
162 36 431
49 145 432
37 107 433
72 3 434
77 169 435
130 166 436
29 17 437
84 56 438
132 88 439
160 159 440
56 113 441
178 92 442
6 11 443
3 113 444
6 22 445
174 49 446
170 137 447
96 100 448
198 121 449
140 105 450
173 60 451
4 52 452
70 78 453
5 97 454
43 101 455
70 19 456
30 38 457
102 104 458
58 109 459
82 108 460
41 190 461
61 145 462
79 123 463
149 43 464
58 97 465
126 158 466
100 144 467
64 1 468
29 4 469
47 136 470
60 29 471
189 121 472
123 66 473
30 191 474
165 90 475
105 76 476
58 133 477
143 36 478
19 44 479
196 27 480
136 105 481
74 38 482
185 4 483
149 54 484
6 161 485
124 4 486
184 178 487
172 62 488
173 137 489
194 26 490
86 30 491
99 191 492
138 92 493
54 61 494
35 179 495
181 144 496
103 175 497
48 53 498
68 177 499
111 167 500
19 22 501
58 82 502
105 8 503
110 188 504
92 51 505
58 161 506
126 52 507
143 39 508
144 75 509
60 171 510
96 11 511
48 171 512
39 172 513
163 63 514
99 38 515
52 33 516
64 15 517
29 27 518
183 47 519
133 123 520
21 34 521
7 61 522
127 79 523
142 173 524
13 10 525
93 173 526
42 151 527
175 181 528
154 49 529
110 128 530
48 44 531
18 117 532
12 134 533
17 177 534
110 166 535
35 70 536
19 26 537
174 157 538
83 141 539
180 122 540
152 127 541
147 165 542
61 100 543
88 3 544
178 57 545
122 105 546
74 59 547
143 65 548
105 127 549
164 56 550
161 148 551
107 16 552
178 106 553
133 89 554
52 92 555
84 17 556
199 81 557
85 140 558
136 132 559
70 67 560
183 182 561
28 199 562
94 34 563
19 167 564
151 121 565
121 164 566
143 131 567
15 58 568
158 160 569
74 36 570
144 182 571
109 95 572
129 130 573
10 19 574
83 156 575
122 56 576
154 144 577
98 154 578
160 103 579
101 46 580
58 195 581
66 33 582
83 51 583
141 118 584
63 176 585
25 147 586
127 195 587
176 183 588
112 84 589
30 103 590
74 7 591
82 110 592
115 13 593
148 8 594
62 43 595
152 161 596
151 150 597
109 194 598
104 88 599
90 194 600
58 136 601
50 191 602
140 65 603
10 174 604
70 118 605
88 184 606
76 124 607
164 78 608
93 75 609
113 160 610
148 24 611
79 165 612
80 192 613
23 70 614
21 102 615
168 147 616
145 57 617
105 193 618
36 39 619
198 21 620
97 95 621
64 119 622
48 125 623
101 20 624
114 173 625
91 48 626
44 176 627
198 108 628
93 148 629
94 193 630
33 135 631
195 167 632
103 43 633
16 168 634
39 28 635
91 71 636
185 183 637
172 118 638
30 200 639
138 54 640
124 91 641
92 181 642
9 123 643
9 23 644
91 177 645
81 167 646
41 130 647
194 6 648
103 26 649
135 153 650
3 27 651
169 96 652
143 31 653
127 120 654
135 170 655
117 3 656
52 125 657
98 117 658
54 134 659
138 171 660
130 97 661
125 155 662
42 122 663
54 3 664
158 82 665
171 157 666
35 140 667
44 187 668
137 106 669
161 29 670
185 22 671
23 29 672
147 26 673
102 166 674
125 7 675
199 191 676
163 25 677
22 160 678
137 32 679
46 112 680
94 135 681
70 162 682
1 68 683
196 171 684
183 45 685
77 192 686
113 116 687
34 159 688
78 62 689
147 29 690
4 17 691
97 20 692
190 169 693
167 150 694
55 31 695
132 18 696
96 164 697
100 44 698
137 108 699
127 194 700
51 197 701
29 177 702
12 101 703
117 111 704
96 75 705
142 117 706
178 76 707
6 83 708
10 112 709
94 38 710
25 174 711
33 152 712
174 129 713
1 37 714
73 166 715
191 103 716
91 155 717
124 125 718
134 178 719
59 1 720
171 119 721
91 60 722
15 192 723
32 194 724
100 171 725
82 143 726
191 9 727
53 157 728
18 40 729
106 140 730
42 32 731
85 160 732
43 129 733
22 67 734
103 131 735
13 180 736
184 5 737
187 102 738
171 139 739
104 119 740
114 58 741
67 188 742
71 98 743
136 3 744
162 129 745
21 47 746
196 111 747
52 81 748
121 27 749
109 124 750
170 98 751
141 12 752
129 89 753
100 42 754
161 51 755
177 178 756
149 195 757
29 175 758
106 180 759
48 139 760
98 103 761
140 163 762
57 111 763
163 84 764
93 152 765
163 98 766
170 99 767
130 4 768
86 131 769
48 101 770
22 173 771
127 153 772
111 74 773
29 52 774
139 158 775
164 50 776
9 48 777
63 126 778
61 41 779
155 109 780
82 76 781
8 11 782
116 88 783
35 41 784
182 127 785
140 164 786
27 35 787
24 162 788
88 73 789
124 70 790
98 62 791
191 89 792
122 158 793
25 124 794
133 156 795
168 135 796
7 190 797
73 173 798
41 169 799
95 18 800
118 88 801
28 127 802
82 34 803
108 166 804
147 140 805
52 173 806
157 122 807
94 159 808
134 188 809
127 60 810
132 54 811
56 111 812
79 130 813
194 101 814
37 16 815
91 169 816
124 5 817
197 152 818
59 157 819
55 156 820
54 167 821
143 40 822
3 182 823
164 67 824
53 21 825
37 61 826
111 50 827
48 55 828
131 23 829
11 61 830
111 21 831
40 31 832
184 40 833
21 11 834
77 58 835
65 44 836
176 189 837
102 81 838
129 140 839
6 27 840
51 156 841
184 187 842
47 31 843
123 6 844
195 98 845
3 90 846
57 18 847
45 3 848
41 158 849
108 148 850
197 56 851
196 91 852
161 89 853
156 42 854
96 22 855
119 177 856
165 58 857
190 160 858
171 155 859
74 82 860
82 21 861
163 143 862
159 127 863
3 137 864
65 180 865
38 138 866
131 41 867
172 19 868
115 62 869
108 99 870
45 161 871
43 184 872
157 173 873
4 62 874
192 9 875
58 116 876
30 160 877
186 158 878
24 30 879
150 109 880
191 36 881
119 60 882
149 84 883
143 188 884
56 42 885
145 35 886
53 172 887
91 59 888
114 155 889
46 73 890
50 165 891
190 14 892
131 105 893
144 38 894
106 147 895
27 187 896
154 36 897
38 90 898
119 17 899
109 129 900
66 115 901
175 59 902
108 160 903
11 81 904
22 168 905
3 127 906
170 164 907
23 183 908
23 35 909
177 185 910
127 67 911
167 40 912
107 13 913
132 78 914
172 66 915
152 131 916
129 177 917
46 144 918
27 68 919
122 156 920
41 38 921
79 198 922
130 62 923
83 191 924
127 149 925
14 187 926
175 2 927
30 136 928
14 192 929
167 130 930
163 145 931
111 129 932
55 47 933
56 93 934
49 22 935
117 87 936
190 29 937
87 95 938
143 25 939
86 87 940
61 195 941
125 96 942
126 91 943
167 68 944
191 96 945
171 152 946
66 90 947
30 65 948
30 28 949
191 184 950
68 151 951
83 188 952
187 82 953
62 129 954
1 143 955
193 190 956
127 4 957
160 37 958
84 1 959
29 79 960
18 8 961
155 127 962
82 159 963
79 13 964
75 122 965
90 89 966
30 89 967
168 113 968
97 93 969
194 178 970
92 176 971
108 93 972
27 198 973
47 140 974
136 15 975
88 16 976
76 165 977
106 5 978
151 117 979
56 200 980
20 126 981
103 105 982
155 200 983
98 95 984
50 38 985
69 157 986
106 7 987
125 143 988
188 105 989
15 168 990
25 7 991
90 119 992
157 47 993
121 81 994
190 187 995
170 129 996
135 4 997
90 110 998
56 24 999
65 136 1000
54 76 1001
132 91 1002
140 93 1003
37 9 1004
104 180 1005
109 17 1006
22 43 1007
117 48 1008
149 62 1009
106 138 1010
176 180 1011
45 112 1012
80 35 1013
191 64 1014
91 151 1015
147 120 1016
124 169 1017
101 47 1018
150 13 1019
167 59 1020
187 139 1021
174 48 1022
54 180 1023
106 126 1024
189 159 1025
15 188 1026
147 91 1027
107 11 1028
189 195 1029
61 72 1030
140 13 1031
86 125 1032
199 157 1033
157 153 1034
173 28 1035
95 31 1036
94 18 1037
113 87 1038
116 36 1039
61 69 1040
32 63 1041
171 129 1042
185 49 1043
14 58 1044
63 171 1045
5 34 1046
134 144 1047
196 40 1048
175 8 1049
152 74 1050
66 161 1051
3 107 1052
65 170 1053
86 190 1054
162 113 1055
114 145 1056
93 103 1057
100 152 1058
128 93 1059
61 143 1060
83 12 1061
166 200 1062
53 100 1063
2 180 1064
187 166 1065
199 61 1066
174 31 1067
85 109 1068
155 134 1069
88 144 1070
144 136 1071
140 57 1072
58 98 1073
166 66 1074
128 167 1075
169 177 1076
159 2 1077
62 95 1078
90 197 1079
95 94 1080
170 111 1081
91 100 1082
191 141 1083
93 149 1084
82 120 1085
162 191 1086
133 30 1087
117 90 1088
60 10 1089
93 126 1090
15 63 1091
115 172 1092
9 168 1093
116 79 1094
108 72 1095
13 128 1096
44 56 1097
195 101 1098
103 161 1099
33 153 1100
15 156 1101
26 5 1102
130 112 1103
108 144 1104
95 20 1105
168 189 1106
62 91 1107
98 28 1108
179 48 1109
126 184 1110
183 22 1111
100 197 1112
15 114 1113
51 149 1114
120 97 1115
42 49 1116
173 1 1117
158 130 1118
59 53 1119
108 44 1120
120 81 1121
12 20 1122
160 107 1123
40 20 1124
93 196 1125
129 7 1126
46 157 1127
200 182 1128
118 197 1129
160 187 1130
94 60 1131
58 70 1132
172 18 1133
49 55 1134
100 106 1135
1 151 1136
144 12 1137
188 80 1138
14 127 1139
68 24 1140
111 59 1141
18 65 1142
111 133 1143
52 165 1144
164 37 1145
103 167 1146
58 37 1147
48 102 1148
75 179 1149
170 171 1150
19 71 1151
5 52 1152
104 188 1153
199 5 1154
62 72 1155
184 20 1156
1 186 1157
7 176 1158
149 17 1159
30 189 1160
146 126 1161
70 83 1162
70 6 1163
110 140 1164
26 83 1165
90 144 1166
157 51 1167
106 194 1168
152 16 1169
7 165 1170
88 189 1171
129 190 1172
45 107 1173
151 132 1174
50 59 1175
113 197 1176
68 136 1177
187 87 1178
165 29 1179
154 68 1180
163 168 1181
67 55 1182
87 126 1183
75 136 1184
15 174 1185
25 89 1186
124 38 1187
149 106 1188
154 100 1189
199 31 1190
168 30 1191
68 95 1192
93 22 1193
89 11 1194
150 121 1195
16 171 1196
43 120 1197
86 151 1198
139 32 1199
26 143 1200
187 93 1201
171 85 1202
194 110 1203
117 162 1204
141 126 1205
153 134 1206
127 87 1207
81 125 1208
78 114 1209
101 82 1210
200 185 1211
62 131 1212
171 102 1213
49 172 1214
112 72 1215
163 173 1216
140 81 1217
30 81 1218
150 191 1219
99 87 1220
13 80 1221
17 47 1222
189 198 1223
69 104 1224
174 2 1225
65 89 1226
151 104 1227
21 10 1228
198 149 1229
49 73 1230
60 123 1231
200 29 1232
121 25 1233
113 157 1234
15 169 1235
197 83 1236
135 160 1237
58 100 1238
95 50 1239
24 139 1240
149 12 1241
110 70 1242
7 41 1243
44 127 1244
177 84 1245
167 177 1246
189 8 1247
160 75 1248
151 115 1249
151 31 1250
70 146 1251
50 52 1252
22 120 1253
65 148 1254
166 148 1255
69 120 1256
11 165 1257
51 163 1258
188 183 1259
105 34 1260
34 43 1261
155 139 1262
98 172 1263
125 58 1264
38 29 1265
9 83 1266
70 53 1267
94 26 1268
194 123 1269
109 87 1270
24 200 1271
84 165 1272
53 51 1273
171 153 1274
125 134 1275
161 27 1276
139 26 1277
197 131 1278
120 61 1279
120 143 1280
77 164 1281
74 163 1282
114 63 1283
14 55 1284
177 6 1285
107 169 1286
20 200 1287
24 132 1288
96 197 1289
18 37 1290
139 181 1291
136 109 1292
88 41 1293
26 137 1294
195 46 1295
39 1 1296
74 177 1297
79 109 1298
67 12 1299
154 198 1300
33 128 1301
82 131 1302
11 95 1303
152 113 1304
176 15 1305
9 63 1306
38 163 1307
131 101 1308
109 54 1309
183 146 1310
131 27 1311
104 134 1312
78 167 1313
80 14 1314
10 3 1315
33 132 1316
101 98 1317
164 18 1318
98 149 1319
87 172 1320
26 25 1321
88 54 1322
117 115 1323
14 69 1324
103 158 1325
87 54 1326
63 83 1327
84 146 1328
188 62 1329
87 43 1330
96 2 1331
125 144 1332
60 64 1333
136 138 1334
74 75 1335
114 32 1336
39 51 1337
78 124 1338
125 10 1339
36 53 1340
39 71 1341
122 21 1342
105 157 1343
143 35 1344
155 45 1345
181 123 1346
143 93 1347
14 157 1348
27 102 1349
184 124 1350
177 138 1351
170 37 1352
89 97 1353
131 177 1354
162 96 1355
90 84 1356
27 81 1357
91 163 1358
150 114 1359
152 184 1360
96 199 1361
3 9 1362
33 187 1363
45 27 1364
169 82 1365
151 37 1366
91 27 1367
104 113 1368
86 149 1369
12 143 1370
119 35 1371
61 56 1372
12 97 1373
188 32 1374
180 84 1375
179 130 1376
45 159 1377
155 187 1378
43 110 1379
180 19 1380
131 11 1381
133 61 1382
128 51 1383
6 159 1384
106 91 1385
130 171 1386
139 190 1387
139 178 1388
110 54 1389
101 133 1390
8 79 1391
133 187 1392
60 120 1393
49 123 1394
101 67 1395
164 83 1396
12 43 1397
173 67 1398
144 92 1399
18 163 1400
164 107 1401
175 79 1402
58 145 1403
163 176 1404
125 12 1405
26 189 1406
80 181 1407
118 54 1408
15 74 1409
85 141 1410
44 180 1411
197 10 1412
96 91 1413
57 48 1414
143 146 1415
194 35 1416
55 167 1417
37 91 1418
82 117 1419
95 125 1420
194 119 1421
155 181 1422
139 152 1423
125 191 1424
183 83 1425
169 99 1426
187 110 1427
63 104 1428
111 156 1429
73 123 1430
58 28 1431
106 29 1432
178 116 1433
4 159 1434
7 138 1435
102 165 1436
180 85 1437
20 157 1438
28 105 1439
183 173 1440
200 129 1441
105 30 1442
107 84 1443
36 152 1444
141 150 1445
190 175 1446
134 198 1447
184 151 1448
77 179 1449
121 98 1450
176 51 1451
165 187 1452
127 184 1453
7 102 1454
70 82 1455
159 39 1456
43 35 1457
50 109 1458
19 154 1459
101 169 1460
36 108 1461
121 137 1462
187 31 1463
195 100 1464
160 174 1465
25 118 1466
156 118 1467
112 142 1468
104 62 1469
139 167 1470
157 9 1471
150 181 1472
53 104 1473
156 5 1474
186 165 1475
108 119 1476
97 26 1477
70 140 1478
58 57 1479
164 34 1480
175 46 1481
172 159 1482
186 176 1483
23 195 1484
141 27 1485
36 194 1486
159 18 1487
64 105 1488
159 54 1489
13 187 1490
73 179 1491
140 12 1492
83 59 1493
17 140 1494
31 52 1495
27 101 1496
64 21 1497
197 182 1498
60 27 1499
19 39 1500
51 143 1501
23 100 1502
176 11 1503
18 135 1504
24 143 1505
75 34 1506
183 154 1507
78 35 1508
134 200 1509
151 109 1510
162 120 1511
95 80 1512
126 169 1513
137 105 1514
197 99 1515
71 185 1516
146 185 1517
152 177 1518
78 101 1519
94 175 1520
61 40 1521
163 28 1522
141 122 1523
47 198 1524
101 107 1525
79 129 1526
191 26 1527
89 40 1528
136 197 1529
197 124 1530
51 155 1531
188 40 1532
96 134 1533
180 151 1534
67 21 1535
41 181 1536
141 169 1537
36 84 1538
116 171 1539
122 17 1540
103 10 1541
150 130 1542
91 36 1543
107 200 1544
91 170 1545
1 72 1546
158 5 1547
60 137 1548
22 68 1549
98 33 1550
188 89 1551
190 74 1552
50 108 1553
178 100 1554
45 191 1555
163 170 1556
135 20 1557
13 139 1558
54 93 1559
178 112 1560
6 51 1561
193 130 1562
168 45 1563
73 48 1564
40 90 1565
146 184 1566
15 197 1567
49 156 1568
153 18 1569
68 2 1570
193 19 1571
43 69 1572
54 31 1573
6 128 1574
124 195 1575
95 40 1576
39 43 1577
129 40 1578
151 32 1579
71 108 1580
138 141 1581
14 159 1582
111 103 1583
29 28 1584
141 23 1585
88 9 1586
189 178 1587
80 103 1588
92 173 1589
78 22 1590
109 116 1591
142 176 1592
27 33 1593
180 190 1594
198 17 1595
99 187 1596
113 91 1597
100 105 1598
99 6 1599
94 156 1600
195 169 1601
18 56 1602
106 31 1603
196 12 1604
159 126 1605
180 170 1606
50 26 1607
167 191 1608
164 98 1609
177 5 1610
125 130 1611
157 18 1612
19 96 1613
90 11 1614
74 95 1615
185 26 1616
150 90 1617
43 42 1618
32 118 1619
158 30 1620
32 74 1621
88 1 1622
144 145 1623
23 59 1624
119 56 1625
132 3 1626
116 142 1627
197 135 1628
59 61 1629
27 62 1630
182 76 1631
57 102 1632
174 158 1633
147 62 1634
24 188 1635
152 1 1636
128 53 1637
167 116 1638
175 92 1639
4 107 1640
125 38 1641
168 159 1642
195 155 1643
2 77 1644
109 53 1645
26 186 1646
34 91 1647
97 22 1648
27 2 1649
186 77 1650
38 64 1651
199 125 1652
147 169 1653
48 49 1654
149 96 1655
169 130 1656
123 88 1657
171 73 1658
1 163 1659
44 39 1660
65 155 1661
5 123 1662
21 191 1663
153 22 1664
79 71 1665
155 44 1666
189 36 1667
116 135 1668
150 116 1669
172 100 1670
174 115 1671
165 78 1672
192 189 1673
91 17 1674
10 114 1675
161 118 1676
87 116 1677
86 92 1678
12 70 1679
164 11 1680
190 75 1681
174 132 1682
147 171 1683
150 156 1684
83 39 1685
83 36 1686
4 19 1687
125 29 1688
192 177 1689
185 97 1690
21 161 1691
154 72 1692
3 4 1693
82 115 1694
162 84 1695
8 160 1696
148 73 1697
169 32 1698
70 8 1699
116 161 1700
194 40 1701
31 155 1702
63 25 1703
126 185 1704
36 41 1705
51 49 1706
185 43 1707
70 51 1708
103 126 1709
150 161 1710
137 36 1711
147 36 1712
153 43 1713
1 121 1714
9 130 1715
62 107 1716
85 156 1717
113 177 1718
101 139 1719
172 177 1720
71 59 1721
50 155 1722
105 112 1723
41 79 1724
185 138 1725
175 145 1726
168 98 1727
164 137 1728
50 15 1729
153 197 1730
80 21 1731
34 103 1732
97 162 1733
149 22 1734
67 29 1735
173 140 1736
181 42 1737
69 182 1738
147 84 1739
5 108 1740
158 115 1741
113 187 1742
42 136 1743
63 153 1744
70 39 1745
39 68 1746
15 122 1747
66 52 1748
69 143 1749
190 185 1750
2 52 1751
64 16 1752
129 188 1753
151 99 1754
89 26 1755
69 72 1756
61 164 1757
41 72 1758
11 199 1759
172 85 1760
136 135 1761
134 30 1762
41 52 1763
72 153 1764
6 118 1765
48 7 1766
133 81 1767
106 190 1768
99 116 1769
99 26 1770
47 52 1771
103 50 1772
72 156 1773
135 147 1774
141 198 1775
71 90 1776
145 195 1777
33 5 1778
104 34 1779
29 198 1780
96 141 1781
131 22 1782
105 20 1783
103 66 1784
38 145 1785
88 13 1786
161 134 1787
198 131 1788
71 100 1789
39 101 1790
77 31 1791
56 148 1792
124 185 1793
161 147 1794
26 65 1795
98 114 1796
181 109 1797
138 197 1798
110 55 1799
160 67 1800
19 173 1801
104 20 1802
117 21 1803
140 3 1804
80 142 1805
67 38 1806
142 28 1807
79 56 1808
15 141 1809
39 105 1810
105 14 1811
30 170 1812
182 15 1813
45 20 1814
88 187 1815
189 185 1816
100 112 1817
31 85 1818
151 84 1819
100 165 1820
19 153 1821
182 40 1822
162 77 1823
111 93 1824
187 142 1825
34 199 1826
137 166 1827
22 190 1828
128 52 1829
196 34 1830
112 115 1831
198 84 1832
34 64 1833
170 118 1834
38 54 1835
57 139 1836
155 178 1837
197 16 1838
35 133 1839
20 137 1840
70 168 1841
16 128 1842
195 18 1843
149 173 1844
175 48 1845
47 13 1846
121 175 1847
46 182 1848
110 59 1849
155 174 1850
101 155 1851
59 155 1852
32 145 1853
114 185 1854
190 141 1855
107 147 1856
22 61 1857
112 11 1858
66 112 1859
60 128 1860
118 31 1861
186 98 1862
64 148 1863
95 85 1864
32 22 1865
5 172 1866
200 106 1867
83 109 1868
27 103 1869
178 111 1870
155 129 1871
170 139 1872
1 179 1873
6 60 1874
197 168 1875
8 58 1876
101 123 1877
127 187 1878
14 139 1879
101 147 1880
93 192 1881
137 158 1882
129 28 1883
121 34 1884
126 92 1885
193 70 1886
22 86 1887
129 63 1888
126 86 1889
192 64 1890
34 86 1891
164 127 1892
90 55 1893
133 4 1894
200 18 1895
181 194 1896
29 150 1897
52 19 1898
150 98 1899
190 68 1900
