200 2300 2300
112 11 1
38 138 2
128 151 3
32 47 4
157 64 5
135 34 6
19 198 7
31 198 8
62 91 9
136 3 10
58 109 11
200 185 12
189 198 13
158 82 14
172 8 15
112 147 16
141 126 17
54 93 18
191 26 19
87 157 20
72 155 21
138 111 22
91 161 23
188 62 24
56 148 25
115 125 26
65 191 27
89 62 28
66 33 29
18 8 30
137 158 31
60 27 32
18 14 33
150 121 34
171 139 35
139 26 36
139 194 37
148 128 38
41 16 39
131 89 40
15 153 41
163 176 42
23 156 43
157 18 44
122 56 45
185 49 46
34 43 47
52 92 48
113 91 49
134 137 50
51 163 51
192 177 52
94 159 53
136 132 54
70 67 55
170 47 56
157 103 57
88 16 58
30 32 59
190 187 60
198 138 61
191 88 62
37 107 63
58 167 64
139 12 65
51 159 66
186 38 67
190 158 68
18 141 69
59 38 70
198 17 71
70 82 72
163 98 73
124 107 74
24 60 75
159 39 76
117 162 77
176 180 78
191 141 79
16 7 80
168 76 81
77 31 82
101 82 83
182 15 84
55 74 85
191 142 86
147 191 87
6 51 88
39 43 89
161 148 90
192 172 91
116 66 92
61 195 93
164 50 94
2 180 95
78 22 96
62 43 97
174 115 98
73 192 99
119 17 100
185 195 101
145 195 102
83 92 103
184 56 104
30 200 105
125 38 106
180 162 107
98 76 108
82 4 109
34 159 110
77 179 111
1 72 112
14 58 113
127 75 114
18 38 115
15 174 116
118 54 117
134 66 118
124 101 119
168 57 120
99 193 121
10 182 122
61 105 123
94 18 124
32 22 125
164 11 126
138 175 127
66 178 128
119 101 129
180 157 130
91 60 131
27 2 132
162 113 133
76 29 134
146 14 135
122 183 136
80 191 137
47 52 138
132 107 139
155 129 140
153 158 141
158 194 142
106 108 143
30 9 144
135 170 145
51 180 146
91 148 147
164 67 148
56 93 149
177 143 150
183 52 151
179 46 152
159 183 153
172 85 154
70 19 155
54 31 156
161 29 157
138 54 158
5 16 159
50 59 160
1 37 161
33 135 162
10 110 163
112 96 164
120 143 165
106 102 166
129 50 167
55 3 168
101 46 169
197 99 170
78 35 171
108 72 172
190 73 173
25 133 174
149 166 175
139 158 176
185 83 177
194 35 178
164 127 179
6 22 180
84 146 181
55 31 182
119 60 183
71 81 184
22 168 185
186 2 186
35 86 187
51 49 188
164 159 189
105 127 190
92 181 191
6 60 192
31 85 193
73 179 194
92 176 195
185 2 196
147 140 197
192 190 198
140 12 199
14 159 200
76 12 201
102 166 202
14 139 203
132 18 204
199 191 205
167 26 206
3 56 207
180 49 208
33 152 209
128 51 210
49 55 211
159 40 212
170 63 213
145 57 214
138 29 215
27 187 216
178 82 217
56 67 218
135 147 219
45 24 220
105 19 221
190 185 222
109 41 223
152 74 224
182 114 225
176 15 226
13 187 227
23 86 228
6 27 229
133 61 230
154 36 231
153 133 232
114 3 233
39 71 234
134 39 235
94 60 236
84 94 237
36 84 238
9 168 239
10 131 240
86 7 241
147 36 242
175 168 243
5 172 244
48 171 245
164 75 246
64 89 247
163 145 248
199 31 249
64 119 250
35 70 251
97 187 252
62 18 253
163 173 254
135 4 255
61 164 256
181 194 257
28 105 258
56 12 259
45 191 260
167 116 261
91 127 262
171 39 263
107 200 264
81 41 265
172 80 266
175 8 267
115 62 268
149 138 269
62 142 270
22 68 271
70 8 272
45 27 273
17 140 274
134 95 275
183 89 276
78 141 277
27 190 278
73 123 279
63 187 280
185 43 281
141 23 282
30 65 283
189 185 284
185 26 285
121 175 286
70 51 287
192 28 288
151 84 289
127 79 290
127 67 291
129 89 292
81 23 293
160 137 294
156 140 295
131 27 296
73 109 297
192 4 298
12 20 299
29 175 300
196 194 301
141 198 302
58 28 303
52 144 304
195 46 305
87 54 306
7 61 307
122 185 308
80 35 309
13 128 310
69 120 311
54 180 312
45 116 313
25 89 314
194 136 315
155 178 316
73 98 317
9 83 318
115 13 319
103 161 320
10 174 321
1 179 322
22 43 323
44 39 324
180 151 325
6 135 326
88 41 327
41 185 328
126 22 329
85 109 330
71 100 331
74 130 332
66 90 333
138 144 334
62 129 335
171 73 336
156 148 337
165 124 338
18 119 339
197 5 340
25 108 341
114 36 342
181 5 343
173 60 344
116 57 345
199 61 346
96 197 347
17 47 348
15 114 349
77 188 350
94 34 351
164 78 352
182 127 353
180 122 354
93 103 355
15 197 356
142 154 357
196 27 358
24 146 359
177 185 360
125 58 361
156 58 362
86 190 363
105 20 364
152 177 365
27 101 366
24 30 367
51 156 368
21 1 369
199 171 370
191 64 371
140 93 372
29 79 373
85 128 374
157 1 375
18 115 376
63 171 377
11 95 378
133 168 379
97 162 380
188 57 381
200 90 382
165 78 383
91 100 384
170 111 385
128 167 386
41 190 387
45 161 388
30 81 389
84 173 390
88 46 391
155 45 392
194 56 393
170 164 394
86 87 395
47 140 396
9 130 397
18 56 398
29 53 399
121 126 400
57 139 401
180 158 402
55 68 403
29 150 404
192 64 405
160 129 406
97 152 407
98 114 408
129 28 409
119 20 410
8 152 411
186 93 412
79 129 413
88 3 414
172 118 415
76 11 416
79 130 417
105 8 418
59 1 419
68 2 420
19 71 421
122 21 422
125 191 423
128 132 424
73 51 425
61 123 426
147 6 427
97 19 428
89 56 429
36 192 430
155 134 431
112 93 432
197 45 433
105 180 434
127 120 435
159 126 436
52 81 437
48 101 438
173 44 439
101 98 440
140 163 441
144 12 442
168 27 443
173 156 444
46 112 445
154 27 446
73 4 447
125 183 448
150 191 449
128 107 450
80 108 451
29 17 452
177 84 453
71 25 454
145 158 455
36 39 456
134 169 457
149 84 458
98 95 459
178 92 460
143 39 461
170 178 462
15 52 463
24 159 464
106 91 465
143 93 466
148 73 467
30 98 468
87 172 469
124 70 470
75 189 471
14 106 472
113 171 473
140 167 474
85 70 475
150 156 476
143 65 477
59 111 478
30 136 479
179 18 480
140 164 481
150 138 482
184 187 483
150 24 484
54 167 485
104 188 486
70 76 487
46 170 488
39 186 489
139 32 490
160 63 491
167 197 492
196 23 493
43 69 494
186 165 495
149 86 496
15 168 497
76 56 498
82 146 499
59 62 500
147 108 501
16 168 502
28 166 503
4 58 504
155 181 505
65 44 506
51 93 507
175 181 508
168 135 509
80 192 510
27 95 511
23 135 512
68 177 513
172 177 514
190 14 515
34 176 516
167 16 517
147 150 518
20 72 519
119 177 520
167 68 521
110 166 522
50 133 523
143 67 524
83 109 525
44 164 526
110 17 527
79 138 528
98 117 529
3 182 530
23 59 531
98 33 532
5 52 533
153 113 534
3 9 535
176 11 536
180 85 537
173 61 538
95 140 539
103 167 540
101 173 541
134 144 542
126 43 543
55 156 544
153 43 545
181 42 546
29 74 547
149 195 548
33 132 549
48 68 550
68 95 551
44 56 552
124 104 553
145 3 554
132 54 555
5 108 556
26 143 557
160 21 558
108 166 559
170 116 560
13 10 561
184 191 562
16 13 563
198 108 564
16 76 565
63 153 566
32 140 567
14 55 568
73 173 569
101 169 570
159 54 571
102 34 572
17 170 573
126 184 574
194 101 575
104 134 576
190 169 577
178 100 578
1 186 579
27 35 580
15 179 581
193 25 582
165 90 583
50 38 584
134 85 585
2 116 586
137 108 587
185 22 588
105 60 589
63 126 590
164 56 591
171 102 592
27 198 593
12 66 594
19 106 595
44 10 596
43 184 597
35 140 598
43 111 599
112 36 600
9 188 601
6 118 602
133 183 603
102 165 604
41 52 605
190 61 606
74 102 607
59 61 608
6 16 609
99 116 610
42 122 611
73 24 612
184 30 613
1 68 614
45 3 615
111 120 616
115 146 617
91 17 618
67 161 619
96 103 620
190 74 621
180 186 622
47 197 623
27 103 624
113 157 625
63 124 626
7 138 627
21 138 628
60 137 629
114 155 630
196 81 631
90 55 632
158 36 633
98 154 634
64 105 635
113 70 636
82 34 637
106 29 638
130 3 639
30 191 640
14 49 641
40 135 642
99 187 643
19 22 644
78 62 645
151 31 646
18 117 647
94 26 648
21 47 649
129 190 650
30 43 651
84 56 652
137 36 653
147 169 654
30 174 655
199 87 656
93 192 657
27 68 658
14 21 659
9 199 660
43 147 661
83 36 662
96 22 663
190 32 664
183 22 665
126 86 666
27 33 667
23 73 668
88 54 669
160 103 670
26 142 671
183 93 672
20 137 673
179 138 674
93 10 675
178 29 676
27 81 677
18 163 678
122 156 679
75 178 680
54 61 681
105 34 682
188 39 683
83 59 684
94 135 685
45 112 686
39 93 687
143 31 688
168 13 689
151 132 690
109 116 691
155 200 692
168 187 693
56 24 694
171 85 695
192 74 696
42 103 697
177 138 698
42 4 699
141 194 700
6 15 701
105 183 702
169 32 703
82 76 704
117 133 705
127 60 706
63 14 707
17 177 708
129 72 709
121 164 710
124 182 711
28 199 712
102 104 713
106 53 714
134 49 715
186 98 716
51 155 717
83 191 718
158 70 719
16 128 720
23 144 721
188 89 722
158 29 723
138 126 724
194 191 725
135 153 726
119 166 727
139 167 728
150 114 729
145 165 730
147 29 731
4 17 732
109 95 733
73 48 734
162 84 735
151 32 736
184 44 737
117 155 738
83 111 739
130 112 740
180 128 741
130 97 742
110 130 743
18 68 744
146 174 745
84 140 746
18 40 747
18 135 748
60 151 749
18 37 750
84 165 751
78 150 752
118 31 753
99 114 754
46 85 755
11 81 756
105 30 757
151 150 758
142 176 759
39 51 760
66 52 761
172 159 762
53 100 763
93 148 764
137 32 765
171 168 766
90 197 767
102 93 768
193 19 769
124 10 770
9 128 771
111 19 772
77 164 773
168 30 774
184 87 775
136 15 776
36 194 777
17 67 778
156 194 779
58 98 780
196 164 781
100 152 782
190 160 783
29 25 784
21 10 785
86 131 786
155 195 787
66 42 788
79 123 789
177 6 790
125 26 791
155 52 792
108 159 793
158 5 794
22 58 795
9 36 796
156 120 797
97 135 798
152 69 799
65 131 800
70 49 801
149 62 802
139 135 803
110 146 804
84 45 805
27 102 806
152 184 807
128 11 808
43 5 809
6 69 810
14 158 811
50 10 812
9 162 813
82 21 814
121 81 815
151 109 816
108 57 817
76 8 818
19 153 819
89 115 820
86 92 821
105 6 822
194 123 823
95 31 824
164 83 825
66 115 826
22 160 827
96 75 828
40 4 829
178 86 830
34 91 831
139 152 832
60 10 833
78 100 834
137 166 835
71 169 836
190 109 837
82 143 838
97 2 839
128 8 840
183 154 841
38 28 842
155 11 843
125 10 844
118 159 845
160 159 846
119 61 847
59 15 848
44 92 849
194 26 850
38 46 851
168 78 852
32 194 853
187 82 854
189 159 855
31 178 856
131 23 857
129 63 858
142 28 859
174 157 860
47 67 861
97 80 862
123 149 863
53 183 864
2 171 865
15 122 866
180 190 867
2 130 868
11 170 869
167 165 870
138 66 871
169 82 872
124 38 873
155 174 874
168 185 875
106 125 876
179 61 877
121 98 878
180 89 879
18 41 880
157 51 881
183 173 882
121 91 883
99 191 884
76 124 885
58 161 886
127 9 887
164 31 888
100 112 889
45 159 890
23 40 891
196 98 892
130 62 893
178 76 894
105 4 895
42 49 896
22 120 897
22 61 898
3 105 899
178 57 900
104 110 901
126 132 902
73 21 903
2 52 904
111 50 905
101 109 906
54 134 907
185 59 908
170 33 909
113 187 910
136 135 911
59 53 912
91 48 913
21 11 914
85 140 915
1 121 916
121 25 917
126 185 918
18 65 919
127 187 920
52 125 921
65 136 922
24 188 923
137 16 924
107 84 925
96 36 926
178 73 927
170 98 928
179 124 929
100 136 930
60 123 931
194 178 932
107 13 933
4 52 934
85 141 935
162 77 936
144 173 937
78 200 938
109 87 939
4 131 940
74 177 941
24 132 942
43 93 943
189 36 944
37 61 945
111 156 946
192 189 947
47 130 948
39 68 949
193 70 950
189 162 951
159 2 952
30 89 953
19 154 954
1 126 955
42 39 956
125 143 957
164 157 958
122 105 959
46 22 960
20 200 961
12 134 962
12 43 963
187 157 964
93 22 965
67 181 966
110 140 967
93 149 968
35 165 969
15 132 970
36 59 971
22 173 972
154 144 973
51 197 974
71 184 975
47 184 976
37 9 977
117 153 978
48 102 979
58 23 980
60 171 981
108 176 982
101 107 983
167 34 984
200 48 985
63 6 986
58 33 987
155 127 988
100 186 989
159 154 990
139 197 991
75 12 992
155 139 993
159 18 994
58 133 995
58 136 996
149 173 997
135 160 998
145 11 999
56 200 1000
146 175 1001
150 154 1002
150 161 1003
169 153 1004
50 52 1005
120 61 1006
120 81 1007
42 151 1008
160 133 1009
28 121 1010
167 177 1011
85 156 1012
174 132 1013
199 5 1014
158 130 1015
131 154 1016
199 81 1017
75 122 1018
9 48 1019
61 40 1020
95 40 1021
104 38 1022
5 97 1023
195 18 1024
11 165 1025
190 191 1026
95 125 1027
31 168 1028
164 18 1029
117 3 1030
29 52 1031
177 5 1032
63 47 1033
39 101 1034
165 58 1035
34 69 1036
41 38 1037
185 196 1038
199 188 1039
93 75 1040
131 83 1041
19 143 1042
126 158 1043
146 126 1044
188 40 1045
174 49 1046
163 63 1047
117 48 1048
169 142 1049
117 111 1050
100 144 1051
97 120 1052
133 123 1053
161 176 1054
105 63 1055
87 95 1056
141 27 1057
61 100 1058
50 15 1059
82 108 1060
62 153 1061
168 189 1062
140 13 1063
187 51 1064
82 64 1065
60 192 1066
93 126 1067
164 37 1068
101 56 1069
50 158 1070
188 80 1071
31 155 1072
90 11 1073
7 102 1074
123 6 1075
55 172 1076
116 88 1077
136 149 1078
189 195 1079
196 37 1080
73 166 1081
178 111 1082
121 50 1083
23 195 1084
80 21 1085
141 68 1086
90 119 1087
37 161 1088
70 162 1089
180 61 1090
57 111 1091
192 9 1092
174 2 1093
72 153 1094
27 62 1095
6 139 1096
94 175 1097
141 150 1098
72 10 1099
175 117 1100
57 32 1101
167 59 1102
19 167 1103
43 134 1104
161 193 1105
35 142 1106
143 188 1107
88 189 1108
19 29 1109
80 142 1110
138 171 1111
32 118 1112
198 84 1113
170 99 1114
152 16 1115
93 152 1116
174 48 1117
142 117 1118
77 169 1119
17 25 1120
105 76 1121
149 106 1122
154 54 1123
45 57 1124
30 72 1125
126 52 1126
125 134 1127
153 10 1128
184 70 1129
86 5 1130
196 160 1131
52 165 1132
114 32 1133
164 98 1134
56 102 1135
184 124 1136
187 142 1137
125 12 1138
197 16 1139
11 49 1140
111 21 1141
68 151 1142
24 200 1143
36 90 1144
91 177 1145
106 72 1146
22 86 1147
89 26 1148
52 150 1149
196 40 1150
165 24 1151
29 118 1152
82 117 1153
61 47 1154
168 45 1155
131 177 1156
147 171 1157
65 155 1158
160 179 1159
52 19 1160
131 41 1161
9 63 1162
58 70 1163
60 85 1164
161 147 1165
167 71 1166
72 130 1167
144 127 1168
92 168 1169
130 147 1170
129 177 1171
29 83 1172
154 164 1173
19 39 1174
100 171 1175
97 22 1176
185 4 1177
147 120 1178
70 83 1179
103 26 1180
35 92 1181
98 105 1182
58 145 1183
94 32 1184
144 92 1185
83 66 1186
200 93 1187
143 57 1188
31 79 1189
100 197 1190
159 127 1191
158 89 1192
83 79 1193
29 28 1194
108 183 1195
131 22 1196
95 20 1197
127 87 1198
5 24 1199
189 178 1200
7 165 1201
61 121 1202
153 134 1203
5 34 1204
127 149 1205
170 160 1206
198 121 1207
163 25 1208
168 147 1209
194 40 1210
100 164 1211
169 17 1212
63 25 1213
69 104 1214
56 40 1215
171 129 1216
185 138 1217
48 125 1218
86 196 1219
194 186 1220
89 120 1221
26 43 1222
179 133 1223
82 110 1224
77 177 1225
144 38 1226
162 155 1227
191 89 1228
23 183 1229
51 143 1230
41 169 1231
103 105 1232
41 43 1233
193 130 1234
14 192 1235
48 7 1236
58 82 1237
94 150 1238
50 22 1239
169 108 1240
73 167 1241
121 137 1242
128 52 1243
200 106 1244
90 84 1245
109 161 1246
62 107 1247
106 5 1248
114 173 1249
155 44 1250
30 150 1251
178 106 1252
164 34 1253
29 47 1254
110 54 1255
136 39 1256
167 87 1257
161 118 1258
174 158 1259
74 82 1260
91 43 1261
114 58 1262
140 3 1263
159 129 1264
92 173 1265
61 41 1266
18 85 1267
124 130 1268
59 42 1269
24 139 1270
168 159 1271
40 20 1272
42 136 1273
109 124 1274
177 96 1275
37 10 1276
178 101 1277
40 199 1278
98 172 1279
170 136 1280
123 66 1281
197 56 1282
185 183 1283
87 126 1284
34 64 1285
108 144 1286
70 39 1287
7 176 1288
171 152 1289
83 141 1290
156 163 1291
87 116 1292
179 48 1293
14 69 1294
179 180 1295
3 113 1296
198 131 1297
139 181 1298
172 62 1299
57 18 1300
197 135 1301
167 154 1302
178 103 1303
152 127 1304
42 81 1305
48 139 1306
151 37 1307
196 171 1308
154 49 1309
101 47 1310
91 27 1311
99 87 1312
69 182 1313
133 127 1314
1 163 1315
19 27 1316
54 3 1317
142 54 1318
25 7 1319
75 136 1320
115 77 1321
197 82 1322
118 93 1323
149 22 1324
142 173 1325
71 197 1326
170 137 1327
3 27 1328
192 125 1329
75 179 1330
96 100 1331
33 128 1332
2 152 1333
165 115 1334
23 100 1335
106 180 1336
79 106 1337
149 54 1338
43 7 1339
24 143 1340
97 93 1341
136 138 1342
155 109 1343
97 26 1344
64 15 1345
187 154 1346
150 109 1347
83 188 1348
176 189 1349
119 56 1350
161 27 1351
28 75 1352
62 72 1353
132 84 1354
4 62 1355
182 76 1356
133 187 1357
190 55 1358
12 169 1359
129 58 1360
100 19 1361
41 72 1362
118 113 1363
124 125 1364
184 192 1365
47 143 1366
181 123 1367
175 2 1368
144 136 1369
29 4 1370
169 119 1371
114 145 1372
39 28 1373
200 182 1374
17 99 1375
37 16 1376
113 177 1377
106 126 1378
95 85 1379
170 171 1380
23 70 1381
126 95 1382
123 80 1383
140 57 1384
151 198 1385
16 69 1386
30 170 1387
71 59 1388
50 108 1389
13 180 1390
51 64 1391
107 16 1392
169 113 1393
197 182 1394
18 156 1395
105 114 1396
180 19 1397
149 96 1398
9 23 1399
136 109 1400
187 31 1401
15 74 1402
80 14 1403
94 193 1404
169 179 1405
117 90 1406
69 143 1407
101 147 1408
73 150 1409
44 187 1410
84 163 1411
115 172 1412
64 21 1413
48 54 1414
89 42 1415
61 145 1416
54 76 1417
53 21 1418
107 147 1419
30 103 1420
194 110 1421
141 122 1422
91 151 1423
116 14 1424
106 190 1425
136 23 1426
160 37 1427
192 17 1428
20 25 1429
51 58 1430
97 41 1431
165 101 1432
64 148 1433
143 131 1434
44 127 1435
88 73 1436
188 105 1437
195 101 1438
188 155 1439
93 32 1440
184 151 1441
37 80 1442
174 178 1443
125 96 1444
121 34 1445
115 70 1446
125 155 1447
99 161 1448
145 150 1449
109 53 1450
8 173 1451
52 8 1452
152 131 1453
191 96 1454
125 144 1455
94 105 1456
68 51 1457
180 84 1458
108 119 1459
3 4 1460
4 11 1461
190 75 1462
152 38 1463
181 144 1464
134 187 1465
187 166 1466
189 8 1467
190 68 1468
70 78 1469
100 44 1470
4 189 1471
195 98 1472
200 141 1473
125 170 1474
191 200 1475
191 129 1476
181 84 1477
124 5 1478
124 169 1479
6 83 1480
5 73 1481
153 197 1482
18 178 1483
71 90 1484
65 170 1485
145 141 1486
136 197 1487
148 24 1488
180 170 1489
139 124 1490
181 18 1491
124 51 1492
14 145 1493
77 67 1494
160 152 1495
45 20 1496
148 8 1497
146 166 1498
189 121 1499
198 76 1500
57 48 1501
6 2 1502
12 35 1503
59 196 1504
32 74 1505
178 116 1506
26 186 1507
147 137 1508
177 178 1509
149 43 1510
78 114 1511
170 129 1512
147 62 1513
38 145 1514
200 18 1515
142 170 1516
99 26 1517
198 21 1518
126 177 1519
80 32 1520
31 52 1521
97 20 1522
123 88 1523
59 121 1524
184 36 1525
158 30 1526
186 58 1527
73 33 1528
177 9 1529
137 128 1530
122 17 1531
48 14 1532
5 27 1533
116 171 1534
162 129 1535
32 81 1536
70 168 1537
25 155 1538
34 103 1539
96 141 1540
74 36 1541
25 118 1542
197 10 1543
65 180 1544
184 20 1545
194 6 1546
29 177 1547
59 155 1548
99 104 1549
80 109 1550
126 91 1551
106 147 1552
70 53 1553
110 188 1554
103 139 1555
34 148 1556
98 166 1557
109 194 1558
113 184 1559
132 3 1560
137 106 1561
74 38 1562
79 7 1563
155 12 1564
167 191 1565
84 73 1566
3 107 1567
19 26 1568
141 42 1569
150 1 1570
143 35 1571
61 143 1572
15 156 1573
48 154 1574
1 143 1575
93 196 1576
46 105 1577
141 166 1578
38 163 1579
166 66 1580
54 120 1581
24 171 1582
183 146 1583
110 55 1584
32 83 1585
80 181 1586
137 11 1587
13 139 1588
83 156 1589
50 29 1590
169 130 1591
169 154 1592
176 96 1593
30 77 1594
101 89 1595
183 83 1596
174 129 1597
46 78 1598
86 103 1599
112 170 1600
160 174 1601
167 150 1602
162 96 1603
164 137 1604
110 128 1605
99 126 1606
104 20 1607
172 93 1608
87 181 1609
31 158 1610
30 164 1611
57 138 1612
52 173 1613
32 63 1614
129 140 1615
108 148 1616
88 13 1617
166 148 1618
70 140 1619
101 60 1620
30 28 1621
99 181 1622
107 11 1623
112 84 1624
58 116 1625
55 167 1626
175 46 1627
116 79 1628
113 160 1629
147 84 1630
140 105 1631
1 151 1632
96 91 1633
156 66 1634
76 188 1635
135 20 1636
29 27 1637
106 31 1638
41 79 1639
88 9 1640
147 118 1641
64 1 1642
91 3 1643
74 7 1644
91 169 1645
44 151 1646
29 198 1647
149 74 1648
196 34 1649
67 29 1650
173 67 1651
24 162 1652
191 103 1653
86 120 1654
46 73 1655
142 47 1656
198 149 1657
79 109 1658
133 13 1659
80 124 1660
183 47 1661
101 72 1662
59 171 1663
65 109 1664
73 149 1665
67 38 1666
196 200 1667
104 62 1668
11 180 1669
81 167 1670
124 4 1671
15 63 1672
122 1 1673
111 133 1674
103 69 1675
200 130 1676
88 1 1677
99 6 1678
167 130 1679
11 33 1680
196 91 1681
71 48 1682
40 34 1683
44 113 1684
193 190 1685
62 110 1686
134 188 1687
178 112 1688
2 126 1689
60 29 1690
175 92 1691
117 115 1692
70 75 1693
114 63 1694
119 156 1695
113 168 1696
14 157 1697
48 53 1698
43 25 1699
88 144 1700
95 94 1701
184 118 1702
28 133 1703
129 40 1704
126 92 1705
5 123 1706
125 110 1707
71 129 1708
63 151 1709
14 187 1710
125 140 1711
110 59 1712
181 109 1713
157 74 1714
39 172 1715
184 24 1716
82 159 1717
171 119 1718
110 70 1719
158 160 1720
94 200 1721
80 103 1722
99 57 1723
2 77 1724
53 157 1725
47 31 1726
61 196 1727
169 96 1728
7 41 1729
174 44 1730
44 180 1731
40 3 1732
102 112 1733
25 147 1734
147 165 1735
6 161 1736
19 44 1737
78 25 1738
121 27 1739
63 83 1740
185 97 1741
23 29 1742
175 59 1743
141 12 1744
199 157 1745
146 184 1746
82 120 1747
47 13 1748
28 127 1749
114 168 1750
83 12 1751
156 73 1752
155 187 1753
1 94 1754
51 149 1755
69 72 1756
6 11 1757
192 148 1758
134 200 1759
93 17 1760
50 26 1761
133 4 1762
58 97 1763
51 154 1764
150 13 1765
173 1 1766
194 152 1767
191 115 1768
105 157 1769
104 88 1770
113 190 1771
48 17 1772
197 152 1773
8 11 1774
100 81 1775
153 22 1776
194 57 1777
101 123 1778
50 191 1779
195 167 1780
152 181 1781
70 118 1782
134 198 1783
147 55 1784
128 3 1785
33 108 1786
59 129 1787
33 77 1788
79 165 1789
21 34 1790
173 126 1791
118 87 1792
172 100 1793
187 171 1794
68 146 1795
36 41 1796
122 128 1797
81 125 1798
67 12 1799
86 30 1800
49 73 1801
74 59 1802
97 119 1803
197 124 1804
19 43 1805
73 131 1806
190 141 1807
136 150 1808
43 101 1809
8 58 1810
88 187 1811
104 34 1812
183 59 1813
96 11 1814
21 177 1815
85 160 1816
58 137 1817
194 119 1818
8 160 1819
184 40 1820
59 184 1821
133 30 1822
95 50 1823
78 167 1824
48 55 1825
188 51 1826
144 182 1827
182 40 1828
179 82 1829
120 193 1830
63 84 1831
116 36 1832
193 142 1833
19 58 1834
83 51 1835
176 51 1836
30 121 1837
53 172 1838
104 113 1839
141 118 1840
183 45 1841
136 94 1842
140 81 1843
66 112 1844
138 92 1845
68 136 1846
35 133 1847
86 69 1848
195 100 1849
139 178 1850
140 193 1851
198 90 1852
178 196 1853
127 184 1854
26 83 1855
127 4 1856
193 116 1857
34 199 1858
100 106 1859
148 152 1860
95 18 1861
89 40 1862
19 23 1863
62 95 1864
60 1 1865
126 189 1866
188 183 1867
37 91 1868
63 197 1869
165 29 1870
158 115 1871
39 1 1872
41 130 1873
116 135 1874
46 144 1875
9 123 1876
62 87 1877
163 28 1878
135 99 1879
138 129 1880
20 84 1881
98 39 1882
66 161 1883
161 51 1884
106 97 1885
136 105 1886
109 75 1887
85 132 1888
92 90 1889
13 193 1890
46 157 1891
57 15 1892
200 129 1893
36 152 1894
110 96 1895
57 102 1896
78 101 1897
68 24 1898
170 139 1899
108 142 1900
26 189 1901
72 81 1902
27 189 1903
97 95 1904
132 88 1905
5 162 1906
188 142 1907
133 39 1908
33 153 1909
157 34 1910
192 145 1911
167 196 1912
12 70 1913
196 111 1914
128 53 1915
137 161 1916
108 99 1917
192 156 1918
133 197 1919
197 168 1920
76 165 1921
38 40 1922
195 169 1923
12 101 1924
164 107 1925
90 110 1926
15 192 1927
41 158 1928
14 84 1929
72 156 1930
84 17 1931
12 97 1932
106 140 1933
132 70 1934
107 169 1935
108 160 1936
133 193 1937
147 91 1938
163 88 1939
60 128 1940
193 51 1941
125 29 1942
195 5 1943
109 54 1944
43 42 1945
149 12 1946
129 130 1947
37 156 1948
180 178 1949
32 145 1950
77 15 1951
79 13 1952
71 12 1953
26 25 1954
96 2 1955
60 64 1956
56 111 1957
19 46 1958
182 178 1959
75 34 1960
80 164 1961
95 131 1962
131 105 1963
199 2 1964
28 55 1965
111 129 1966
58 37 1967
102 12 1968
165 139 1969
174 169 1970
146 185 1971
157 47 1972
43 107 1973
11 61 1974
13 80 1975
6 128 1976
172 19 1977
170 118 1978
177 176 1979
77 192 1980
61 115 1981
27 64 1982
34 92 1983
8 77 1984
97 10 1985
189 118 1986
122 64 1987
112 115 1988
111 93 1989
156 5 1990
100 105 1991
64 99 1992
15 169 1993
87 43 1994
187 93 1995
90 45 1996
142 94 1997
161 89 1998
93 173 1999
199 37 2000
15 188 2001
91 170 2002
124 91 2003
96 134 2004
200 174 2005
156 42 2006
87 42 2007
183 182 2008
130 52 2009
190 29 2010
30 38 2011
145 35 2012
148 58 2013
135 182 2014
61 72 2015
113 198 2016
71 98 2017
65 89 2018
138 141 2019
173 28 2020
150 130 2021
187 139 2022
139 159 2023
50 165 2024
171 157 2025
177 141 2026
36 108 2027
4 159 2028
173 137 2029
33 187 2030
144 75 2031
124 26 2032
109 17 2033
169 99 2034
20 126 2035
111 103 2036
127 195 2037
60 120 2038
162 142 2039
108 93 2040
162 36 2041
125 130 2042
116 48 2043
150 6 2044
143 40 2045
87 8 2046
51 56 2047
63 104 2048
4 19 2049
144 145 2050
168 98 2051
165 73 2052
141 169 2053
200 153 2054
91 155 2055
184 51 2056
87 197 2057
12 143 2058
157 9 2059
53 51 2060
23 35 2061
24 130 2062
30 160 2063
191 55 2064
101 155 2065
43 159 2066
191 71 2067
57 29 2068
94 156 2069
38 90 2070
36 155 2071
184 157 2072
48 193 2073
52 33 2074
51 65 2075
186 176 2076
53 104 2077
70 72 2078
113 87 2079
33 39 2080
10 148 2081
91 59 2082
6 159 2083
47 179 2084
81 107 2085
5 179 2086
159 99 2087
8 154 2088
48 44 2089
62 197 2090
157 153 2091
146 16 2092
160 67 2093
19 173 2094
135 47 2095
179 130 2096
42 32 2097
35 48 2098
133 156 2099
116 142 2100
4 78 2101
94 38 2102
14 95 2103
183 131 2104
79 56 2105
43 35 2106
175 145 2107
155 49 2108
122 158 2109
188 182 2110
96 199 2111
22 67 2112
16 171 2113
163 143 2114
117 21 2115
84 1 2116
69 157 2117
89 11 2118
181 72 2119
124 185 2120
59 157 2121
114 29 2122
14 127 2123
67 195 2124
127 194 2125
40 90 2126
33 155 2127
122 116 2128
118 197 2129
4 21 2130
154 100 2131
186 158 2132
125 122 2133
26 5 2134
35 179 2135
116 28 2136
184 178 2137
2 28 2138
38 29 2139
104 178 2140
190 175 2141
155 88 2142
48 49 2143
102 199 2144
169 177 2145
137 105 2146
50 155 2147
79 198 2148
181 138 2149
162 120 2150
161 81 2151
35 41 2152
126 64 2153
124 163 2154
176 183 2155
174 31 2156
1 127 2157
103 66 2158
133 64 2159
139 190 2160
186 193 2161
71 108 2162
26 137 2163
73 89 2164
38 157 2165
166 200 2166
133 89 2167
73 177 2168
19 101 2169
95 182 2170
188 84 2171
199 172 2172
82 115 2173
124 195 2174
179 132 2175
161 175 2176
152 161 2177
197 131 2178
140 65 2179
64 171 2180
143 81 2181
34 86 2182
188 32 2183
47 45 2184
176 118 2185
187 73 2186
71 185 2187
116 161 2188
165 187 2189
74 163 2190
106 197 2191
153 13 2192
90 194 2193
54 106 2194
176 147 2195
99 38 2196
151 121 2197
120 44 2198
162 191 2199
21 102 2200
44 176 2201
70 146 2202
119 192 2203
190 19 2204
182 157 2205
150 98 2206
38 64 2207
78 124 2208
64 16 2209
98 103 2210
179 139 2211
22 104 2212
13 58 2213
129 188 2214
175 93 2215
125 7 2216
85 45 2217
150 116 2218
91 85 2219
138 197 2220
102 81 2221
112 95 2222
50 117 2223
91 36 2224
7 190 2225
26 28 2226
171 153 2227
17 154 2228
187 138 2229
92 51 2230
62 131 2231
58 91 2232
58 191 2233
97 14 2234
155 136 2235
145 188 2236
187 110 2237
109 129 2238
141 121 2239
199 125 2240
187 87 2241
154 198 2242
49 159 2243
170 37 2244
117 87 2245
105 112 2246
153 18 2247
150 90 2248
9 163 2249
65 165 2250
61 90 2251
89 81 2252
161 162 2253
179 103 2254
70 105 2255
151 99 2256
8 79 2257
99 7 2258
55 140 2259
154 172 2260
154 72 2261
4 107 2262
72 3 2263
82 131 2264
177 130 2265
119 10 2266
172 96 2267
41 181 2268
15 196 2269
100 42 2270
135 29 2271
24 87 2272
77 58 2273
38 54 2274
45 107 2275
13 77 2276
145 166 2277
77 14 2278
33 5 2279
132 103 2280
195 72 2281
114 133 2282
191 36 2283
74 75 2284
33 92 2285
191 9 2286
197 83 2287
129 7 2288
158 4 2289
130 104 2290
134 131 2291
46 182 2292
152 113 2293
39 13 2294
105 14 2295
88 184 2296
165 16 2297
47 165 2298
91 71 2299
161 134 2300
