200 5300 5300
175 78 1
145 188 2
36 87 3
98 11 4
91 67 5
134 188 6
50 38 7
79 130 8
128 8 9
23 106 10
106 199 11
187 71 12
120 143 13
138 197 14
51 27 15
56 148 16
192 152 17
173 126 18
18 97 19
125 183 20
69 78 21
65 191 22
97 14 23
33 91 24
195 198 25
15 197 26
145 55 27
157 12 28
8 174 29
82 120 30
62 168 31
133 115 32
144 127 33
43 25 34
74 82 35
177 143 36
90 55 37
108 183 38
86 31 39
198 83 40
59 121 41
164 67 42
82 159 43
59 147 44
82 4 45
35 99 46
126 3 47
32 51 48
78 22 49
12 105 50
168 157 51
144 92 52
43 5 53
88 185 54
100 50 55
12 173 56
15 179 57
68 151 58
112 110 59
66 52 60
160 159 61
164 75 62
81 43 63
97 179 64
35 70 65
133 182 66
88 144 67
76 37 68
91 151 69
66 19 70
159 40 71
97 187 72
84 186 73
3 185 74
60 59 75
28 199 76
66 102 77
89 135 78
27 103 79
104 13 80
166 162 81
92 166 82
11 140 83
196 187 84
46 144 85
148 73 86
125 133 87
40 88 88
16 74 89
189 121 90
57 102 91
50 7 92
70 77 93
122 100 94
185 195 95
32 118 96
115 167 97
19 106 98
56 24 99
102 167 100
196 111 101
139 29 102
87 159 103
166 133 104
29 83 105
47 138 106
24 87 107
3 117 108
167 77 109
151 121 110
79 177 111
100 101 112
174 157 113
136 105 114
62 42 115
64 61 116
86 120 117
176 24 118
181 148 119
114 1 120
20 34 121
151 125 122
32 113 123
31 184 124
138 26 125
122 21 126
110 146 127
105 30 128
99 6 129
8 47 130
36 85 131
131 177 132
147 150 133
72 189 134
53 120 135
77 192 136
91 80 137
37 43 138
162 140 139
20 139 140
109 161 141
146 187 142
40 193 143
24 99 144
135 131 145
2 52 146
78 157 147
110 155 148
122 167 149
91 73 150
143 67 151
105 80 152
146 1 153
185 95 154
183 59 155
95 138 156
96 75 157
47 97 158
175 172 159
141 1 160
162 179 161
200 93 162
169 142 163
3 105 164
8 173 165
54 167 166
128 27 167
99 38 168
34 194 169
178 156 170
123 127 171
58 109 172
25 132 173
199 150 174
80 108 175
6 128 176
69 4 177
130 62 178
27 62 179
1 46 180
86 69 181
168 159 182
117 21 183
1 68 184
128 146 185
11 43 186
33 135 187
21 141 188
175 113 189
153 132 190
105 83 191
89 121 192
74 8 193
110 117 194
82 108 195
176 117 196
59 163 197
22 87 198
84 104 199
83 121 200
135 11 201
31 52 202
81 41 203
188 125 204
155 192 205
163 63 206
86 151 207
44 146 208
161 107 209
156 163 210
100 171 211
28 141 212
146 21 213
60 105 214
170 178 215
48 51 216
30 129 217
46 182 218
78 131 219
104 88 220
26 66 221
168 147 222
39 181 223
44 149 224
177 151 225
70 90 226
57 56 227
136 126 228
86 174 229
104 134 230
184 56 231
190 19 232
103 44 233
113 38 234
4 122 235
99 185 236
47 102 237
187 199 238
128 96 239
68 29 240
147 70 241
130 147 242
197 152 243
60 128 244
167 109 245
79 163 246
41 185 247
87 28 248
139 110 249
128 130 250
123 185 251
162 60 252
155 174 253
84 163 254
7 163 255
1 136 256
197 135 257
13 110 258
4 143 259
102 191 260
128 28 261
136 185 262
100 28 263
79 193 264
169 92 265
178 57 266
63 168 267
41 16 268
82 43 269
145 150 270
97 191 271
76 8 272
109 200 273
58 116 274
11 141 275
6 124 276
62 15 277
192 130 278
71 169 279
160 148 280
126 132 281
71 112 282
97 22 283
94 32 284
32 167 285
184 117 286
167 130 287
78 180 288
76 30 289
8 38 290
58 161 291
161 60 292
15 168 293
116 18 294
141 23 295
63 171 296
32 31 297
52 102 298
44 10 299
29 58 300
200 129 301
149 195 302
155 182 303
199 84 304
57 18 305
165 174 306
155 139 307
161 27 308
163 91 309
74 151 310
136 110 311
133 156 312
122 110 313
118 159 314
146 175 315
41 170 316
88 3 317
164 149 318
58 15 319
41 194 320
5 10 321
48 54 322
65 44 323
112 103 324
14 58 325
48 125 326
104 97 327
41 43 328
23 70 329
131 41 330
87 14 331
124 70 332
191 157 333
142 186 334
117 111 335
82 141 336
27 158 337
95 121 338
88 16 339
54 200 340
194 185 341
124 195 342
3 38 343
49 164 344
33 111 345
34 43 346
171 158 347
148 32 348
84 17 349
90 140 350
32 100 351
44 187 352
51 149 353
47 181 354
99 52 355
31 27 356
140 177 357
106 147 358
24 95 359
138 126 360
163 145 361
121 34 362
3 86 363
152 19 364
81 7 365
121 50 366
181 68 367
50 52 368
52 59 369
184 124 370
175 145 371
22 68 372
10 158 373
25 108 374
73 166 375
142 149 376
180 83 377
165 197 378
32 171 379
3 193 380
121 158 381
120 172 382
119 15 383
144 77 384
41 87 385
144 43 386
167 197 387
83 191 388
14 127 389
12 43 390
50 10 391
168 78 392
112 170 393
177 134 394
175 8 395
36 159 396
162 155 397
138 92 398
179 6 399
83 66 400
150 138 401
175 118 402
191 129 403
162 93 404
157 103 405
191 9 406
46 157 407
80 199 408
188 105 409
88 44 410
119 150 411
115 196 412
176 147 413
118 54 414
193 163 415
177 128 416
32 71 417
27 81 418
190 14 419
25 94 420
87 75 421
18 1 422
74 17 423
72 167 424
74 11 425
101 82 426
197 83 427
98 51 428
137 73 429
29 77 430
156 73 431
137 10 432
138 131 433
37 161 434
137 101 435
183 67 436
27 182 437
48 108 438
46 85 439
102 12 440
88 101 441
198 128 442
139 152 443
35 26 444
182 15 445
102 70 446
22 61 447
38 162 448
189 33 449
105 197 450
5 108 451
8 140 452
7 61 453
73 54 454
51 56 455
51 180 456
128 194 457
136 74 458
160 21 459
3 113 460
134 30 461
129 7 462
87 157 463
101 76 464
61 132 465
9 133 466
63 124 467
187 142 468
22 173 469
193 19 470
183 72 471
12 33 472
4 10 473
48 44 474
158 88 475
36 76 476
106 131 477
3 9 478
140 93 479
58 133 480
44 37 481
180 151 482
23 78 483
11 48 484
171 175 485
99 113 486
145 65 487
60 138 488
18 85 489
100 112 490
110 70 491
168 98 492
183 14 493
197 40 494
108 31 495
28 159 496
111 135 497
94 140 498
28 169 499
21 177 500
97 135 501
137 45 502
151 150 503
88 1 504
142 178 505
2 153 506
94 103 507
55 64 508
47 10 509
95 85 510
43 164 511
163 88 512
2 76 513
189 69 514
59 1 515
185 43 516
39 49 517
120 129 518
184 51 519
168 13 520
97 4 521
58 73 522
177 37 523
100 105 524
19 84 525
114 173 526
109 54 527
29 35 528
153 18 529
27 64 530
139 130 531
8 66 532
110 55 533
153 13 534
40 3 535
83 12 536
95 146 537
75 20 538
129 25 539
86 93 540
132 88 541
129 89 542
92 192 543
133 197 544
92 97 545
180 85 546
158 30 547
168 93 548
76 132 549
139 167 550
37 16 551
29 18 552
1 79 553
135 156 554
14 84 555
81 2 556
69 104 557
76 165 558
125 170 559
108 130 560
89 162 561
159 129 562
181 137 563
12 72 564
26 174 565
135 47 566
61 51 567
135 35 568
198 155 569
25 147 570
1 16 571
83 71 572
98 68 573
75 23 574
3 180 575
19 167 576
158 25 577
169 82 578
92 181 579
179 48 580
147 153 581
104 112 582
121 81 583
85 33 584
6 15 585
24 13 586
181 168 587
162 129 588
147 131 589
59 38 590
79 97 591
99 110 592
62 142 593
138 66 594
44 91 595
146 126 596
164 168 597
123 64 598
68 168 599
56 28 600
61 9 601
125 70 602
25 118 603
166 136 604
48 193 605
35 30 606
141 122 607
185 36 608
29 127 609
191 96 610
191 4 611
1 45 612
13 151 613
127 190 614
70 120 615
106 105 616
23 157 617
182 76 618
21 110 619
45 27 620
183 63 621
17 9 622
16 159 623
81 44 624
79 111 625
141 188 626
19 44 627
8 79 628
114 133 629
169 145 630
94 192 631
56 9 632
198 84 633
186 148 634
37 9 635
1 158 636
168 151 637
33 10 638
180 33 639
165 12 640
136 109 641
164 56 642
195 155 643
137 107 644
178 29 645
71 197 646
159 151 647
119 12 648
191 71 649
146 152 650
110 130 651
197 52 652
147 119 653
178 61 654
85 20 655
35 149 656
172 178 657
25 7 658
114 186 659
104 113 660
52 142 661
124 14 662
114 155 663
14 103 664
23 5 665
82 109 666
115 146 667
21 9 668
177 161 669
127 195 670
96 95 671
144 173 672
177 136 673
199 30 674
198 55 675
174 56 676
81 158 677
94 200 678
161 118 679
129 70 680
172 192 681
135 20 682
48 49 683
62 21 684
190 67 685
18 56 686
105 157 687
27 42 688
33 153 689
200 190 690
99 48 691
86 7 692
142 165 693
157 195 694
42 112 695
97 31 696
184 22 697
167 25 698
67 59 699
188 60 700
57 191 701
164 107 702
61 24 703
133 64 704
124 188 705
95 88 706
159 39 707
66 65 708
190 29 709
129 161 710
189 24 711
125 38 712
114 158 713
70 78 714
189 94 715
144 119 716
193 155 717
6 65 718
97 41 719
163 76 720
150 45 721
129 151 722
58 175 723
22 31 724
30 164 725
162 48 726
17 25 727
69 160 728
101 141 729
183 154 730
129 72 731
200 195 732
195 169 733
7 193 734
23 12 735
26 25 736
98 107 737
64 30 738
62 18 739
42 189 740
26 137 741
135 13 742
150 37 743
87 67 744
4 104 745
188 57 746
118 142 747
62 110 748
154 164 749
116 79 750
108 148 751
197 53 752
38 138 753
42 4 754
164 62 755
50 66 756
71 59 757
2 93 758
58 103 759
150 13 760
189 185 761
122 172 762
185 111 763
40 99 764
68 136 765
4 17 766
87 148 767
139 104 768
137 169 769
118 93 770
49 98 771
120 116 772
198 21 773
68 135 774
19 46 775
108 52 776
43 120 777
98 119 778
140 58 779
147 120 780
111 62 781
200 141 782
141 194 783
188 183 784
184 178 785
128 132 786
23 35 787
156 148 788
105 8 789
22 63 790
155 136 791
96 36 792
179 186 793
139 26 794
16 13 795
162 68 796
192 169 797
126 164 798
12 171 799
153 32 800
125 144 801
185 4 802
4 21 803
95 83 804
64 140 805
77 93 806
155 143 807
176 26 808
194 98 809
89 40 810
93 10 811
10 149 812
111 21 813
159 2 814
112 175 815
143 57 816
3 4 817
82 110 818
61 40 819
48 96 820
10 131 821
164 72 822
87 195 823
96 80 824
17 95 825
39 1 826
131 151 827
106 97 828
127 106 829
195 5 830
88 73 831
102 100 832
45 3 833
21 1 834
76 167 835
186 134 836
88 6 837
88 66 838
120 62 839
107 11 840
99 62 841
49 73 842
187 53 843
154 159 844
31 175 845
39 105 846
174 170 847
21 138 848
133 88 849
26 129 850
126 194 851
24 162 852
128 11 853
117 153 854
32 127 855
17 155 856
96 143 857
143 39 858
137 106 859
7 185 860
156 5 861
16 171 862
68 78 863
112 169 864
117 133 865
95 18 866
17 67 867
55 167 868
54 76 869
67 29 870
142 124 871
113 171 872
190 75 873
120 76 874
36 8 875
49 149 876
71 89 877
109 112 878
91 41 879
106 91 880
109 115 881
199 103 882
127 132 883
56 131 884
51 198 885
34 60 886
86 74 887
86 138 888
81 23 889
159 54 890
52 10 891
104 138 892
4 107 893
84 168 894
86 87 895
58 137 896
56 82 897
8 160 898
50 30 899
33 80 900
54 137 901
22 94 902
14 27 903
24 30 904
179 113 905
111 156 906
189 178 907
5 175 908
194 22 909
149 96 910
121 98 911
35 133 912
120 21 913
4 52 914
154 197 915
33 35 916
167 59 917
171 110 918
124 141 919
13 145 920
87 111 921
106 125 922
184 142 923
18 7 924
113 93 925
1 109 926
170 160 927
4 58 928
167 70 929
112 191 930
142 173 931
158 194 932
93 148 933
157 1 934
125 94 935
162 10 936
33 188 937
29 199 938
188 40 939
102 176 940
163 194 941
121 41 942
167 199 943
103 69 944
8 155 945
187 139 946
61 135 947
84 148 948
7 67 949
67 142 950
177 200 951
109 124 952
71 25 953
42 200 954
13 91 955
178 56 956
65 147 957
135 108 958
161 193 959
161 84 960
92 17 961
45 58 962
73 48 963
78 148 964
53 125 965
24 159 966
168 30 967
64 105 968
1 177 969
64 1 970
12 97 971
82 21 972
127 87 973
166 17 974
93 152 975
127 61 976
6 71 977
137 161 978
16 92 979
78 162 980
124 24 981
90 197 982
140 109 983
126 143 984
48 130 985
17 154 986
94 145 987
37 7 988
119 139 989
196 27 990
185 10 991
52 168 992
175 176 993
87 29 994
147 20 995
82 44 996
58 107 997
150 163 998
65 53 999
60 115 1000
29 192 1001
51 143 1002
164 50 1003
9 94 1004
173 137 1005
146 111 1006
167 157 1007
90 127 1008
106 5 1009
80 164 1010
109 32 1011
132 156 1012
179 82 1013
26 140 1014
54 120 1015
125 143 1016
150 1 1017
78 42 1018
46 111 1019
116 124 1020
20 41 1021
50 27 1022
5 198 1023
144 69 1024
136 23 1025
15 43 1026
139 98 1027
170 191 1028
109 46 1029
183 131 1030
20 183 1031
72 31 1032
14 69 1033
103 139 1034
117 37 1035
189 36 1036
151 27 1037
182 62 1038
176 116 1039
137 158 1040
137 179 1041
85 23 1042
152 13 1043
2 53 1044
48 102 1045
20 72 1046
59 172 1047
163 104 1048
88 103 1049
136 15 1050
18 106 1051
72 130 1052
92 172 1053
110 31 1054
90 37 1055
121 69 1056
94 34 1057
91 161 1058
191 148 1059
180 52 1060
2 161 1061
178 116 1062
15 122 1063
125 10 1064
79 128 1065
198 3 1066
135 179 1067
26 104 1068
24 174 1069
177 141 1070
74 175 1071
56 162 1072
33 14 1073
80 32 1074
98 134 1075
7 47 1076
175 10 1077
18 102 1078
160 34 1079
106 180 1080
78 141 1081
60 27 1082
135 200 1083
58 6 1084
91 177 1085
83 128 1086
94 150 1087
25 14 1088
131 23 1089
53 181 1090
192 52 1091
163 70 1092
60 120 1093
88 181 1094
184 118 1095
162 133 1096
66 178 1097
134 164 1098
45 159 1099
74 163 1100
107 116 1101
1 72 1102
178 26 1103
73 149 1104
129 177 1105
143 188 1106
125 105 1107
16 194 1108
112 53 1109
175 19 1110
4 78 1111
188 62 1112
158 63 1113
174 12 1114
55 63 1115
29 27 1116
62 131 1117
127 160 1118
10 110 1119
72 115 1120
2 152 1121
40 20 1122
173 90 1123
18 48 1124
97 162 1125
168 189 1126
168 113 1127
35 76 1128
175 194 1129
35 100 1130
14 193 1131
27 92 1132
195 100 1133
180 128 1134
94 83 1135
99 156 1136
85 154 1137
133 127 1138
121 102 1139
96 158 1140
166 200 1141
15 66 1142
192 61 1143
86 190 1144
137 126 1145
70 150 1146
91 77 1147
21 27 1148
23 34 1149
151 32 1150
113 122 1151
196 164 1152
89 82 1153
154 100 1154
96 197 1155
182 58 1156
14 22 1157
186 31 1158
79 56 1159
127 187 1160
127 181 1161
116 121 1162
9 24 1163
123 149 1164
10 182 1165
86 37 1166
150 154 1167
41 85 1168
15 188 1169
196 81 1170
94 156 1171
42 11 1172
192 150 1173
21 16 1174
26 142 1175
116 126 1176
105 114 1177
120 121 1178
17 49 1179
171 151 1180
119 191 1181
156 25 1182
157 16 1183
147 191 1184
138 175 1185
151 5 1186
32 74 1187
199 157 1188
145 22 1189
153 134 1190
120 199 1191
52 32 1192
113 177 1193
104 61 1194
145 43 1195
133 30 1196
50 115 1197
73 33 1198
94 129 1199
127 60 1200
175 181 1201
200 174 1202
144 192 1203
58 168 1204
21 175 1205
59 171 1206
103 123 1207
112 115 1208
118 81 1209
194 35 1210
144 164 1211
119 57 1212
122 101 1213
104 175 1214
49 57 1215
134 175 1216
87 43 1217
45 78 1218
24 160 1219
191 184 1220
116 42 1221
108 176 1222
4 167 1223
174 158 1224
83 109 1225
40 199 1226
110 87 1227
116 171 1228
147 158 1229
66 183 1230
50 64 1231
170 124 1232
44 56 1233
50 154 1234
111 103 1235
125 87 1236
30 150 1237
49 192 1238
82 199 1239
48 101 1240
30 28 1241
34 148 1242
140 105 1243
54 180 1244
68 51 1245
120 161 1246
33 15 1247
140 7 1248
29 175 1249
87 135 1250
114 29 1251
119 107 1252
3 27 1253
46 189 1254
158 108 1255
59 196 1256
58 145 1257
112 38 1258
117 169 1259
156 159 1260
177 52 1261
102 104 1262
51 117 1263
124 101 1264
128 141 1265
65 72 1266
155 122 1267
30 65 1268
171 157 1269
193 159 1270
39 43 1271
119 11 1272
168 173 1273
193 181 1274
25 197 1275
97 81 1276
101 120 1277
74 36 1278
199 114 1279
3 65 1280
141 68 1281
153 197 1282
106 7 1283
63 43 1284
103 68 1285
52 164 1286
11 95 1287
128 107 1288
163 192 1289
171 97 1290
95 194 1291
97 10 1292
42 173 1293
63 25 1294
85 73 1295
17 99 1296
174 115 1297
160 133 1298
101 60 1299
155 52 1300
58 42 1301
65 11 1302
41 147 1303
30 8 1304
93 99 1305
127 47 1306
145 51 1307
140 200 1308
68 180 1309
69 18 1310
2 72 1311
14 49 1312
184 17 1313
5 188 1314
178 196 1315
32 86 1316
63 197 1317
39 28 1318
47 197 1319
56 41 1320
118 139 1321
124 118 1322
98 62 1323
24 167 1324
166 66 1325
113 4 1326
19 22 1327
73 22 1328
27 102 1329
109 66 1330
85 160 1331
6 2 1332
157 9 1333
30 191 1334
176 189 1335
45 182 1336
199 134 1337
87 77 1338
124 131 1339
144 135 1340
155 181 1341
76 154 1342
178 150 1343
144 93 1344
22 10 1345
5 24 1346
200 153 1347
113 6 1348
39 101 1349
74 133 1350
21 2 1351
177 139 1352
177 61 1353
18 193 1354
124 125 1355
119 166 1356
87 3 1357
70 141 1358
147 118 1359
186 158 1360
23 29 1361
35 196 1362
40 154 1363
178 27 1364
168 57 1365
70 11 1366
187 50 1367
200 130 1368
58 63 1369
155 100 1370
195 152 1371
75 34 1372
102 175 1373
144 145 1374
37 188 1375
117 115 1376
122 79 1377
90 185 1378
184 144 1379
25 104 1380
160 154 1381
90 131 1382
48 139 1383
132 120 1384
128 72 1385
32 63 1386
58 28 1387
44 179 1388
118 121 1389
96 196 1390
36 28 1391
11 49 1392
125 85 1393
4 62 1394
198 127 1395
14 199 1396
88 29 1397
152 113 1398
32 68 1399
49 78 1400
135 155 1401
101 169 1402
20 121 1403
168 7 1404
90 108 1405
85 121 1406
111 93 1407
113 91 1408
95 182 1409
171 129 1410
91 60 1411
80 191 1412
192 9 1413
79 86 1414
197 161 1415
40 34 1416
74 1 1417
150 109 1418
11 139 1419
60 62 1420
105 63 1421
71 184 1422
177 84 1423
43 42 1424
171 73 1425
194 85 1426
8 92 1427
143 35 1428
53 191 1429
137 30 1430
86 168 1431
72 153 1432
199 53 1433
26 186 1434
18 65 1435
112 51 1436
99 161 1437
116 54 1438
122 156 1439
141 168 1440
192 13 1441
14 192 1442
38 13 1443
76 56 1444
5 61 1445
22 56 1446
34 103 1447
142 154 1448
126 52 1449
137 16 1450
107 114 1451
55 21 1452
112 16 1453
61 62 1454
144 12 1455
107 130 1456
193 97 1457
59 42 1458
143 21 1459
92 93 1460
20 107 1461
181 144 1462
192 55 1463
131 22 1464
136 100 1465
19 194 1466
199 2 1467
170 47 1468
114 63 1469
160 67 1470
20 30 1471
42 106 1472
142 94 1473
119 86 1474
142 54 1475
136 37 1476
132 54 1477
73 150 1478
188 38 1479
181 18 1480
61 145 1481
132 107 1482
65 131 1483
137 105 1484
107 147 1485
190 37 1486
158 115 1487
37 95 1488
54 68 1489
50 22 1490
26 114 1491
116 15 1492
178 79 1493
79 123 1494
130 52 1495
112 87 1496
184 187 1497
169 173 1498
57 114 1499
116 94 1500
75 15 1501
169 32 1502
184 89 1503
152 16 1504
135 2 1505
93 101 1506
189 9 1507
52 65 1508
160 153 1509
21 52 1510
5 171 1511
13 180 1512
161 29 1513
71 12 1514
3 112 1515
197 8 1516
3 71 1517
56 10 1518
139 190 1519
61 195 1520
87 164 1521
84 173 1522
141 12 1523
117 36 1524
28 27 1525
181 182 1526
43 103 1527
97 136 1528
190 38 1529
14 21 1530
174 169 1531
91 155 1532
106 31 1533
33 129 1534
171 28 1535
135 170 1536
115 190 1537
154 198 1538
196 103 1539
158 89 1540
65 198 1541
85 156 1542
163 129 1543
171 149 1544
82 48 1545
89 120 1546
87 128 1547
161 151 1548
126 92 1549
180 199 1550
112 26 1551
189 159 1552
57 74 1553
147 103 1554
138 35 1555
163 25 1556
109 17 1557
15 100 1558
99 7 1559
3 56 1560
109 30 1561
116 14 1562
29 154 1563
60 103 1564
52 58 1565
9 198 1566
141 55 1567
127 108 1568
121 25 1569
126 189 1570
190 88 1571
194 154 1572
70 50 1573
161 147 1574
58 180 1575
24 181 1576
69 48 1577
144 160 1578
50 152 1579
75 90 1580
145 57 1581
124 9 1582
171 153 1583
1 10 1584
183 181 1585
105 40 1586
99 191 1587
6 60 1588
6 22 1589
173 177 1590
188 89 1591
81 99 1592
133 168 1593
86 130 1594
38 157 1595
24 20 1596
107 17 1597
189 153 1598
114 69 1599
101 199 1600
45 107 1601
174 31 1602
185 8 1603
69 120 1604
90 194 1605
76 151 1606
173 83 1607
136 29 1608
108 19 1609
37 139 1610
77 76 1611
144 172 1612
173 5 1613
129 123 1614
185 2 1615
7 70 1616
83 69 1617
73 179 1618
70 146 1619
11 50 1620
167 196 1621
3 160 1622
116 161 1623
36 108 1624
24 183 1625
147 51 1626
83 112 1627
90 105 1628
73 98 1629
79 106 1630
89 42 1631
172 133 1632
162 160 1633
99 45 1634
186 82 1635
176 65 1636
85 70 1637
20 128 1638
13 194 1639
112 198 1640
52 159 1641
161 89 1642
177 20 1643
116 97 1644
11 87 1645
139 3 1646
171 91 1647
112 89 1648
146 35 1649
17 173 1650
92 48 1651
18 115 1652
187 87 1653
91 168 1654
135 137 1655
108 72 1656
42 186 1657
35 187 1658
14 173 1659
23 100 1660
63 83 1661
171 160 1662
94 89 1663
61 157 1664
49 140 1665
48 17 1666
4 190 1667
83 156 1668
152 105 1669
124 90 1670
27 95 1671
113 92 1672
180 7 1673
59 31 1674
111 16 1675
73 109 1676
182 190 1677
137 166 1678
45 25 1679
96 58 1680
190 152 1681
148 194 1682
151 145 1683
128 75 1684
41 158 1685
108 35 1686
185 49 1687
85 191 1688
42 32 1689
152 38 1690
28 25 1691
127 197 1692
9 62 1693
78 101 1694
119 60 1695
193 119 1696
87 80 1697
61 90 1698
161 55 1699
171 85 1700
70 76 1701
174 148 1702
105 76 1703
142 11 1704
84 188 1705
59 13 1706
67 13 1707
105 35 1708
78 94 1709
53 130 1710
86 26 1711
9 6 1712
23 86 1713
153 104 1714
48 55 1715
165 80 1716
188 98 1717
156 120 1718
139 23 1719
179 89 1720
182 8 1721
145 11 1722
127 66 1723
79 138 1724
30 81 1725
87 116 1726
132 103 1727
65 24 1728
16 76 1729
129 182 1730
57 111 1731
154 136 1732
160 87 1733
134 62 1734
147 144 1735
38 86 1736
65 156 1737
194 123 1738
187 92 1739
195 18 1740
199 124 1741
102 198 1742
36 53 1743
105 112 1744
153 198 1745
185 26 1746
189 41 1747
60 110 1748
80 153 1749
102 63 1750
86 155 1751
120 158 1752
158 128 1753
92 168 1754
188 182 1755
165 139 1756
157 77 1757
186 58 1758
89 11 1759
139 159 1760
123 47 1761
142 114 1762
86 1 1763
128 167 1764
195 43 1765
29 47 1766
22 17 1767
192 190 1768
70 8 1769
52 152 1770
140 164 1771
36 45 1772
43 98 1773
60 55 1774
94 193 1775
171 26 1776
155 129 1777
30 32 1778
94 162 1779
162 37 1780
151 37 1781
146 173 1782
177 185 1783
47 145 1784
132 30 1785
28 71 1786
149 23 1787
167 3 1788
167 87 1789
192 127 1790
6 104 1791
111 19 1792
165 54 1793
159 5 1794
140 57 1795
124 61 1796
178 37 1797
30 68 1798
161 162 1799
35 171 1800
22 179 1801
127 121 1802
75 6 1803
120 50 1804
84 146 1805
97 21 1806
11 124 1807
41 168 1808
153 103 1809
139 60 1810
83 139 1811
33 146 1812
94 159 1813
147 164 1814
200 124 1815
21 85 1816
195 19 1817
82 76 1818
54 31 1819
45 57 1820
155 9 1821
130 68 1822
54 7 1823
148 29 1824
138 192 1825
78 112 1826
21 113 1827
174 71 1828
165 145 1829
83 60 1830
147 29 1831
6 27 1832
107 86 1833
144 6 1834
1 102 1835
15 153 1836
95 31 1837
62 197 1838
149 15 1839
142 79 1840
54 39 1841
16 93 1842
118 195 1843
135 99 1844
101 89 1845
38 72 1846
66 120 1847
149 106 1848
198 76 1849
150 191 1850
12 134 1851
136 104 1852
79 198 1853
200 106 1854
123 141 1855
115 187 1856
142 197 1857
75 179 1858
88 128 1859
156 62 1860
59 8 1861
46 27 1862
77 177 1863
65 14 1864
190 185 1865
90 11 1866
158 93 1867
129 40 1868
140 152 1869
77 11 1870
113 77 1871
88 97 1872
9 110 1873
123 38 1874
12 159 1875
99 57 1876
122 56 1877
183 22 1878
34 92 1879
173 28 1880
157 153 1881
108 75 1882
9 171 1883
116 57 1884
51 138 1885
31 155 1886
139 73 1887
180 10 1888
157 68 1889
10 112 1890
157 47 1891
105 36 1892
38 163 1893
45 131 1894
171 139 1895
91 43 1896
158 4 1897
30 6 1898
37 85 1899
15 143 1900
135 175 1901
187 31 1902
83 188 1903
141 137 1904
17 47 1905
98 83 1906
192 140 1907
187 82 1908
134 141 1909
199 191 1910
15 74 1911
200 41 1912
45 61 1913
129 199 1914
69 169 1915
59 113 1916
167 68 1917
106 33 1918
53 18 1919
32 194 1920
194 137 1921
174 129 1922
93 82 1923
117 138 1924
111 115 1925
145 195 1926
33 156 1927
164 127 1928
57 80 1929
154 124 1930
53 129 1931
14 139 1932
17 192 1933
24 91 1934
184 63 1935
91 3 1936
46 37 1937
8 58 1938
83 36 1939
67 82 1940
23 40 1941
187 28 1942
21 11 1943
123 88 1944
109 95 1945
29 39 1946
41 100 1947
105 156 1948
111 197 1949
43 77 1950
151 195 1951
127 3 1952
38 77 1953
18 117 1954
164 83 1955
78 74 1956
116 135 1957
68 107 1958
147 169 1959
99 146 1960
165 14 1961
132 70 1962
35 119 1963
29 101 1964
82 121 1965
187 154 1966
35 4 1967
18 59 1968
161 72 1969
81 167 1970
60 137 1971
34 173 1972
161 51 1973
119 56 1974
33 152 1975
93 196 1976
60 42 1977
147 83 1978
140 75 1979
28 166 1980
55 5 1981
37 91 1982
199 33 1983
95 162 1984
8 189 1985
134 118 1986
174 185 1987
182 88 1988
38 28 1989
29 52 1990
54 100 1991
194 26 1992
171 168 1993
105 127 1994
133 69 1995
120 97 1996
29 91 1997
199 81 1998
186 193 1999
139 96 2000
124 92 2001
64 185 2002
72 57 2003
29 74 2004
116 101 2005
194 103 2006
91 198 2007
53 1 2008
104 34 2009
180 186 2010
70 67 2011
164 195 2012
155 45 2013
98 142 2014
74 160 2015
184 24 2016
117 70 2017
37 62 2018
113 87 2019
124 5 2020
158 102 2021
116 137 2022
92 137 2023
39 76 2024
190 96 2025
145 122 2026
28 44 2027
25 157 2028
77 58 2029
14 17 2030
13 31 2031
19 11 2032
143 139 2033
75 122 2034
180 84 2035
19 143 2036
127 46 2037
193 25 2038
74 59 2039
177 96 2040
11 61 2041
154 49 2042
64 171 2043
165 108 2044
108 53 2045
105 4 2046
6 158 2047
5 52 2048
156 66 2049
102 157 2050
146 166 2051
95 163 2052
192 176 2053
115 56 2054
136 39 2055
152 161 2056
185 81 2057
1 121 2058
155 127 2059
47 130 2060
172 162 2061
56 47 2062
7 28 2063
94 135 2064
32 12 2065
131 105 2066
196 91 2067
169 153 2068
8 77 2069
194 64 2070
120 169 2071
117 87 2072
53 186 2073
139 12 2074
39 186 2075
24 139 2076
176 100 2077
180 158 2078
91 170 2079
46 5 2080
40 4 2081
168 49 2082
161 53 2083
40 7 2084
162 115 2085
6 51 2086
188 132 2087
84 134 2088
42 151 2089
183 83 2090
77 89 2091
126 177 2092
80 169 2093
51 49 2094
70 51 2095
162 116 2096
95 131 2097
89 116 2098
62 53 2099
54 135 2100
53 119 2101
15 63 2102
116 142 2103
93 126 2104
193 124 2105
105 183 2106
55 178 2107
53 157 2108
59 129 2109
92 90 2110
68 2 2111
98 172 2112
176 81 2113
146 131 2114
151 182 2115
71 192 2116
20 166 2117
148 197 2118
20 23 2119
75 152 2120
140 130 2121
147 140 2122
183 87 2123
136 132 2124
68 13 2125
3 182 2126
188 142 2127
98 178 2128
137 131 2129
31 158 2130
65 155 2131
45 44 2132
54 8 2133
52 81 2134
196 37 2135
89 62 2136
124 111 2137
174 48 2138
100 106 2139
82 131 2140
79 109 2141
55 74 2142
36 194 2143
148 152 2144
140 73 2145
36 41 2146
20 161 2147
6 59 2148
103 140 2149
18 113 2150
70 83 2151
165 73 2152
49 87 2153
76 124 2154
160 63 2155
100 182 2156
11 1 2157
112 36 2158
191 200 2159
158 146 2160
93 192 2161
73 192 2162
32 140 2163
92 152 2164
3 110 2165
70 112 2166
87 85 2167
172 99 2168
123 30 2169
176 130 2170
186 93 2171
149 138 2172
190 158 2173
122 108 2174
52 151 2175
65 19 2176
45 31 2177
167 154 2178
186 98 2179
191 142 2180
166 148 2181
97 161 2182
186 60 2183
26 33 2184
94 18 2185
166 151 2186
121 175 2187
133 89 2188
189 184 2189
30 174 2190
174 2 2191
81 107 2192
4 60 2193
158 160 2194
117 145 2195
23 179 2196
115 131 2197
5 172 2198
139 21 2199
47 13 2200
85 130 2201
13 139 2202
129 58 2203
25 153 2204
21 34 2205
143 131 2206
149 2 2207
71 48 2208
112 95 2209
124 137 2210
164 98 2211
121 130 2212
53 35 2213
124 8 2214
192 195 2215
120 180 2216
155 185 2217
93 75 2218
180 49 2219
39 139 2220
141 169 2221
47 67 2222
78 188 2223
180 193 2224
95 140 2225
143 129 2226
170 116 2227
28 174 2228
27 118 2229
159 99 2230
10 174 2231
47 140 2232
124 169 2233
142 189 2234
34 69 2235
6 62 2236
177 41 2237
28 149 2238
81 125 2239
177 127 2240
2 8 2241
54 86 2242
134 71 2243
47 179 2244
105 154 2245
172 139 2246
15 196 2247
198 90 2248
45 5 2249
170 18 2250
197 56 2251
187 83 2252
88 41 2253
104 188 2254
94 38 2255
97 19 2256
188 155 2257
174 102 2258
109 111 2259
120 44 2260
57 158 2261
141 118 2262
134 109 2263
11 81 2264
184 151 2265
15 186 2266
26 63 2267
195 66 2268
74 165 2269
161 148 2270
146 10 2271
146 185 2272
189 194 2273
148 104 2274
139 181 2275
194 130 2276
160 48 2277
66 28 2278
66 5 2279
163 14 2280
116 69 2281
39 7 2282
175 168 2283
191 141 2284
53 165 2285
157 138 2286
49 159 2287
15 199 2288
189 92 2289
110 17 2290
133 107 2291
44 7 2292
52 165 2293
15 158 2294
70 139 2295
116 88 2296
52 134 2297
86 43 2298
77 176 2299
198 108 2300
98 190 2301
8 152 2302
155 200 2303
61 168 2304
33 17 2305
149 173 2306
28 108 2307
170 105 2308
7 190 2309
166 32 2310
46 26 2311
1 180 2312
163 13 2313
5 34 2314
71 180 2315
198 131 2316
124 117 2317
68 95 2318
192 56 2319
89 81 2320
41 79 2321
95 103 2322
85 164 2323
85 109 2324
87 194 2325
143 184 2326
197 60 2327
172 100 2328
86 65 2329
158 200 2330
114 168 2331
127 79 2332
197 131 2333
184 55 2334
69 82 2335
54 177 2336
165 58 2337
138 129 2338
1 126 2339
153 64 2340
181 109 2341
6 82 2342
42 76 2343
187 173 2344
26 143 2345
167 35 2346
12 35 2347
63 65 2348
197 79 2349
172 164 2350
97 119 2351
127 67 2352
178 176 2353
167 26 2354
176 40 2355
176 11 2356
185 83 2357
79 7 2358
63 153 2359
58 191 2360
59 15 2361
189 131 2362
18 37 2363
65 119 2364
140 134 2365
169 191 2366
16 48 2367
16 98 2368
158 130 2369
183 187 2370
61 97 2371
126 91 2372
91 85 2373
107 61 2374
50 108 2375
157 65 2376
88 9 2377
144 121 2378
24 171 2379
176 183 2380
75 189 2381
184 40 2382
64 99 2383
88 152 2384
71 133 2385
23 144 2386
167 191 2387
28 105 2388
32 195 2389
127 4 2390
122 99 2391
96 103 2392
61 147 2393
113 157 2394
182 47 2395
59 155 2396
124 36 2397
87 58 2398
42 122 2399
182 82 2400
174 34 2401
163 72 2402
126 43 2403
112 11 2404
141 198 2405
178 103 2406
6 11 2407
196 200 2408
12 20 2409
33 178 2410
195 150 2411
105 34 2412
58 37 2413
22 100 2414
23 59 2415
184 109 2416
15 52 2417
83 126 2418
180 148 2419
3 29 2420
12 135 2421
93 103 2422
160 185 2423
85 65 2424
122 71 2425
55 156 2426
24 138 2427
159 150 2428
81 123 2429
40 162 2430
135 29 2431
198 1 2432
109 57 2433
78 35 2434
70 31 2435
143 31 2436
157 74 2437
189 195 2438
176 180 2439
170 175 2440
117 96 2441
16 101 2442
147 36 2443
191 152 2444
126 86 2445
161 104 2446
97 93 2447
98 76 2448
37 6 2449
22 67 2450
87 178 2451
96 141 2452
99 87 2453
119 48 2454
62 87 2455
27 187 2456
78 123 2457
192 91 2458
194 1 2459
70 140 2460
68 195 2461
14 147 2462
82 66 2463
60 29 2464
164 142 2465
81 76 2466
128 51 2467
127 101 2468
152 66 2469
48 53 2470
161 81 2471
100 70 2472
82 114 2473
179 130 2474
17 135 2475
39 172 2476
131 21 2477
182 117 2478
72 81 2479
184 161 2480
22 133 2481
39 45 2482
30 170 2483
131 150 2484
121 66 2485
127 100 2486
114 58 2487
19 153 2488
77 179 2489
69 182 2490
57 127 2491
42 142 2492
8 73 2493
56 146 2494
153 133 2495
27 68 2496
38 29 2497
2 180 2498
176 129 2499
26 55 2500
101 47 2501
9 143 2502
102 166 2503
46 147 2504
153 182 2505
160 174 2506
54 13 2507
126 156 2508
86 149 2509
33 144 2510
14 157 2511
47 52 2512
22 138 2513
64 21 2514
80 102 2515
41 183 2516
158 18 2517
106 181 2518
93 149 2519
30 187 2520
136 118 2521
172 118 2522
30 13 2523
190 191 2524
164 34 2525
22 75 2526
37 134 2527
197 196 2528
165 44 2529
100 44 2530
98 136 2531
84 1 2532
189 162 2533
135 88 2534
106 134 2535
116 155 2536
147 55 2537
134 127 2538
150 130 2539
95 20 2540
48 190 2541
26 107 2542
4 13 2543
57 196 2544
124 180 2545
153 77 2546
118 116 2547
76 29 2548
68 41 2549
176 168 2550
79 125 2551
170 136 2552
148 165 2553
7 41 2554
9 163 2555
150 143 2556
87 172 2557
80 19 2558
141 166 2559
102 199 2560
82 36 2561
103 1 2562
3 178 2563
114 36 2564
126 193 2565
60 189 2566
61 164 2567
109 163 2568
122 185 2569
23 56 2570
158 82 2571
107 13 2572
24 161 2573
5 132 2574
94 149 2575
60 123 2576
95 84 2577
120 142 2578
22 101 2579
126 111 2580
111 5 2581
22 33 2582
32 7 2583
75 143 2584
16 72 2585
58 33 2586
37 123 2587
190 138 2588
27 190 2589
77 74 2590
14 187 2591
9 146 2592
177 97 2593
20 25 2594
43 44 2595
40 175 2596
86 163 2597
197 109 2598
192 28 2599
135 37 2600
58 79 2601
120 34 2602
125 134 2603
111 50 2604
48 175 2605
105 190 2606
197 16 2607
18 119 2608
41 169 2609
82 118 2610
170 118 2611
175 122 2612
91 48 2613
110 188 2614
149 18 2615
59 100 2616
99 114 2617
107 16 2618
119 143 2619
116 52 2620
116 146 2621
63 126 2622
12 14 2623
195 78 2624
126 182 2625
194 33 2626
167 150 2627
199 125 2628
88 60 2629
125 155 2630
157 51 2631
106 16 2632
148 141 2633
88 67 2634
162 36 2635
185 67 2636
187 169 2637
44 84 2638
178 76 2639
104 66 2640
117 162 2641
139 74 2642
161 61 2643
13 58 2644
159 26 2645
40 93 2646
14 55 2647
117 48 2648
52 89 2649
182 150 2650
167 16 2651
25 55 2652
145 141 2653
28 98 2654
118 197 2655
15 115 2656
51 74 2657
163 21 2658
47 144 2659
195 37 2660
37 10 2661
34 185 2662
59 68 2663
33 145 2664
91 84 2665
63 199 2666
100 197 2667
43 35 2668
198 121 2669
61 28 2670
180 93 2671
191 145 2672
191 106 2673
6 118 2674
163 125 2675
43 93 2676
131 162 2677
155 134 2678
70 82 2679
48 105 2680
13 51 2681
166 64 2682
114 175 2683
146 197 2684
49 173 2685
90 41 2686
124 51 2687
141 199 2688
152 127 2689
82 1 2690
115 62 2691
164 182 2692
168 124 2693
98 122 2694
15 65 2695
189 118 2696
146 14 2697
33 187 2698
175 96 2699
199 172 2700
44 180 2701
74 38 2702
32 154 2703
57 9 2704
53 142 2705
130 170 2706
93 176 2707
184 87 2708
162 130 2709
104 23 2710
9 63 2711
38 54 2712
149 62 2713
109 53 2714
5 126 2715
163 143 2716
151 132 2717
62 72 2718
74 172 2719
131 87 2720
200 123 2721
9 150 2722
37 189 2723
124 163 2724
166 132 2725
50 165 2726
124 4 2727
37 8 2728
165 166 2729
55 69 2730
127 194 2731
166 114 2732
17 111 2733
24 19 2734
45 185 2735
36 152 2736
82 115 2737
80 142 2738
24 29 2739
151 198 2740
99 187 2741
62 166 2742
108 142 2743
85 12 2744
12 169 2745
174 52 2746
28 52 2747
172 176 2748
82 61 2749
64 80 2750
67 12 2751
135 34 2752
196 160 2753
44 96 2754
94 143 2755
12 160 2756
21 66 2757
149 22 2758
93 114 2759
190 143 2760
3 124 2761
165 187 2762
15 156 2763
162 77 2764
96 56 2765
94 154 2766
164 11 2767
42 183 2768
52 173 2769
85 94 2770
16 126 2771
154 36 2772
48 172 2773
134 169 2774
84 140 2775
32 198 2776
73 61 2777
93 17 2778
152 184 2779
190 183 2780
185 103 2781
151 90 2782
52 76 2783
14 158 2784
182 127 2785
144 21 2786
43 147 2787
100 42 2788
14 23 2789
193 175 2790
131 27 2791
27 156 2792
198 149 2793
101 80 2794
16 168 2795
1 56 2796
54 106 2797
34 45 2798
83 117 2799
72 155 2800
187 73 2801
30 9 2802
75 10 2803
161 93 2804
200 70 2805
113 140 2806
150 125 2807
42 49 2808
14 142 2809
64 148 2810
2 5 2811
61 121 2812
193 142 2813
80 183 2814
133 67 2815
150 116 2816
9 36 2817
20 137 2818
65 98 2819
109 194 2820
8 96 2821
130 175 2822
82 23 2823
200 142 2824
193 130 2825
12 101 2826
164 37 2827
175 147 2828
22 186 2829
26 9 2830
132 165 2831
83 59 2832
142 168 2833
137 61 2834
79 154 2835
162 113 2836
160 37 2837
139 197 2838
191 175 2839
196 175 2840
183 89 2841
83 51 2842
144 51 2843
58 46 2844
173 1 2845
69 66 2846
174 36 2847
138 29 2848
52 8 2849
103 105 2850
129 130 2851
54 166 2852
39 71 2853
7 102 2854
108 99 2855
119 17 2856
23 7 2857
128 5 2858
120 81 2859
129 198 2860
109 199 2861
121 164 2862
77 128 2863
36 33 2864
71 29 2865
123 25 2866
107 99 2867
33 45 2868
26 5 2869
78 124 2870
68 57 2871
142 28 2872
36 60 2873
47 184 2874
80 181 2875
39 59 2876
200 48 2877
195 98 2878
103 161 2879
80 124 2880
176 4 2881
142 107 2882
106 6 2883
41 40 2884
88 184 2885
117 54 2886
158 5 2887
176 20 2888
21 76 2889
82 64 2890
198 17 2891
23 183 2892
169 17 2893
9 129 2894
91 71 2895
193 116 2896
45 20 2897
73 102 2898
111 74 2899
1 163 2900
62 175 2901
63 62 2902
65 58 2903
188 109 2904
51 156 2905
124 68 2906
61 72 2907
147 52 2908
147 149 2909
125 58 2910
18 40 2911
171 51 2912
134 172 2913
127 149 2914
94 105 2915
92 7 2916
125 12 2917
172 197 2918
12 166 2919
200 35 2920
169 130 2921
16 95 2922
178 86 2923
160 43 2924
13 12 2925
106 190 2926
181 123 2927
155 111 2928
30 136 2929
91 148 2930
119 200 2931
22 30 2932
61 122 2933
180 61 2934
191 95 2935
21 124 2936
101 56 2937
165 115 2938
146 182 2939
68 24 2940
54 93 2941
88 19 2942
34 57 2943
177 93 2944
182 157 2945
145 104 2946
105 193 2947
109 193 2948
46 112 2949
189 73 2950
147 84 2951
80 109 2952
14 74 2953
92 60 2954
165 113 2955
125 29 2956
9 92 2957
176 15 2958
86 30 2959
114 11 2960
80 103 2961
122 64 2962
32 18 2963
105 158 2964
84 73 2965
18 163 2966
162 170 2967
80 14 2968
171 99 2969
45 112 2970
64 119 2971
117 90 2972
100 4 2973
195 25 2974
101 121 2975
34 119 2976
172 85 2977
29 198 2978
75 119 2979
29 172 2980
43 159 2981
141 76 2982
196 77 2983
27 142 2984
190 66 2985
13 41 2986
85 64 2987
155 11 2988
61 143 2989
80 111 2990
106 183 2991
125 26 2992
139 135 2993
191 115 2994
196 40 2995
92 24 2996
113 63 2997
77 40 2998
4 32 2999
81 1 3000
196 171 3001
107 169 3002
70 75 3003
15 78 3004
165 114 3005
167 85 3006
70 190 3007
117 61 3008
80 68 3009
175 92 3010
33 39 3011
165 29 3012
53 10 3013
128 68 3014
16 6 3015
164 160 3016
116 65 3017
182 178 3018
150 90 3019
75 51 3020
49 178 3021
120 167 3022
191 54 3023
34 176 3024
90 45 3025
109 87 3026
183 47 3027
174 44 3028
75 63 3029
61 74 3030
26 141 3031
98 114 3032
141 42 3033
146 143 3034
68 38 3035
156 93 3036
187 70 3037
160 20 3038
198 114 3039
109 100 3040
139 178 3041
53 68 3042
190 12 3043
143 123 3044
108 93 3045
55 157 3046
72 67 3047
56 40 3048
62 123 3049
73 126 3050
78 167 3051
60 81 3052
101 107 3053
112 84 3054
109 37 3055
70 118 3056
148 86 3057
85 176 3058
65 111 3059
6 69 3060
22 193 3061
66 161 3062
39 18 3063
154 66 3064
95 79 3065
41 130 3066
10 192 3067
29 158 3068
56 92 3069
10 148 3070
187 93 3071
173 44 3072
12 130 3073
151 109 3074
65 56 3075
91 59 3076
110 166 3077
59 30 3078
152 71 3079
193 190 3080
191 70 3081
17 140 3082
166 125 3083
76 12 3084
95 23 3085
126 158 3086
22 2 3087
11 16 3088
113 160 3089
22 77 3090
60 171 3091
107 190 3092
27 2 3093
36 84 3094
111 120 3095
153 158 3096
20 126 3097
64 92 3098
192 74 3099
61 100 3100
140 65 3101
51 58 3102
188 55 3103
142 121 3104
78 84 3105
196 142 3106
193 46 3107
1 96 3108
16 113 3109
106 108 3110
54 108 3111
159 127 3112
103 52 3113
83 50 3114
169 96 3115
28 77 3116
27 17 3117
77 46 3118
169 194 3119
117 12 3120
73 51 3121
135 63 3122
77 188 3123
133 173 3124
34 159 3125
25 89 3126
166 169 3127
160 103 3128
194 110 3129
93 22 3130
137 128 3131
44 39 3132
154 172 3133
13 193 3134
190 101 3135
193 160 3136
2 65 3137
85 47 3138
196 76 3139
143 182 3140
147 128 3141
53 104 3142
156 42 3143
164 141 3144
9 70 3145
113 187 3146
169 95 3147
133 123 3148
107 2 3149
32 81 3150
96 11 3151
160 179 3152
189 158 3153
175 93 3154
162 191 3155
3 188 3156
148 24 3157
117 86 3158
154 144 3159
55 144 3160
187 102 3161
140 3 3162
178 191 3163
10 184 3164
26 189 3165
71 40 3166
95 159 3167
112 67 3168
45 138 3169
13 197 3170
8 17 3171
172 129 3172
119 59 3173
52 23 3174
112 93 3175
44 116 3176
126 47 3177
154 117 3178
47 125 3179
22 18 3180
71 5 3181
153 187 3182
91 128 3183
3 41 3184
181 138 3185
105 19 3186
112 147 3187
192 145 3188
101 123 3189
30 38 3190
49 55 3191
12 140 3192
35 166 3193
64 89 3194
199 142 3195
134 85 3196
192 7 3197
73 163 3198
35 142 3199
200 185 3200
166 36 3201
117 155 3202
186 176 3203
132 3 3204
91 119 3205
30 91 3206
169 154 3207
159 126 3208
188 133 3209
15 192 3210
53 14 3211
106 29 3212
66 81 3213
124 38 3214
187 110 3215
114 48 3216
81 57 3217
20 18 3218
18 24 3219
39 68 3220
135 160 3221
75 178 3222
86 109 3223
70 164 3224
163 139 3225
8 111 3226
88 46 3227
161 67 3228
11 122 3229
194 119 3230
162 17 3231
77 119 3232
86 92 3233
196 43 3234
61 166 3235
63 167 3236
7 63 3237
33 41 3238
3 47 3239
156 123 3240
115 77 3241
166 95 3242
66 30 3243
95 40 3244
4 131 3245
38 57 3246
6 159 3247
19 117 3248
193 70 3249
82 54 3250
88 54 3251
89 115 3252
113 199 3253
125 176 3254
5 16 3255
198 26 3256
151 84 3257
195 188 3258
67 144 3259
56 7 3260
51 160 3261
166 193 3262
47 192 3263
185 59 3264
199 126 3265
79 152 3266
32 65 3267
76 41 3268
114 196 3269
177 189 3270
113 1 3271
120 65 3272
132 10 3273
8 179 3274
1 143 3275
190 175 3276
2 130 3277
190 123 3278
175 59 3279
140 193 3280
3 28 3281
12 70 3282
171 37 3283
198 138 3284
86 5 3285
102 165 3286
35 92 3287
86 186 3288
141 47 3289
18 104 3290
87 95 3291
42 103 3292
148 62 3293
63 11 3294
16 31 3295
13 128 3296
153 16 3297
96 2 3298
123 126 3299
59 12 3300
181 98 3301
192 64 3302
45 63 3303
126 95 3304
199 68 3305
34 52 3306
163 94 3307
135 182 3308
198 174 3309
13 166 3310
150 123 3311
153 113 3312
41 138 3313
88 117 3314
104 178 3315
68 83 3316
162 84 3317
124 107 3318
42 30 3319
186 181 3320
66 60 3321
48 118 3322
123 152 3323
40 74 3324
15 174 3325
50 133 3326
112 34 3327
191 26 3328
50 25 3329
25 155 3330
103 26 3331
95 94 3332
181 129 3333
59 152 3334
134 200 3335
180 74 3336
10 92 3337
101 138 3338
105 20 3339
160 120 3340
181 42 3341
157 18 3342
139 69 3343
32 47 3344
61 105 3345
103 66 3346
194 136 3347
126 98 3348
122 2 3349
85 128 3350
102 38 3351
71 98 3352
21 148 3353
6 3 3354
19 67 3355
174 6 3356
149 84 3357
53 183 3358
125 191 3359
66 112 3360
145 174 3361
9 46 3362
170 98 3363
29 4 3364
6 135 3365
53 162 3366
139 72 3367
96 14 3368
151 174 3369
33 24 3370
172 177 3371
138 144 3372
186 79 3373
26 83 3374
85 80 3375
138 111 3376
100 110 3377
36 192 3378
19 26 3379
114 85 3380
90 192 3381
191 55 3382
183 146 3383
124 176 3384
172 57 3385
80 35 3386
33 130 3387
134 187 3388
21 78 3389
172 159 3390
68 146 3391
170 46 3392
143 20 3393
84 56 3394
69 143 3395
12 143 3396
111 188 3397
135 153 3398
94 5 3399
103 131 3400
140 163 3401
115 70 3402
71 66 3403
120 193 3404
187 51 3405
169 89 3406
81 186 3407
150 79 3408
101 91 3409
164 35 3410
199 98 3411
40 33 3412
173 106 3413
29 124 3414
76 179 3415
50 26 3416
79 6 3417
161 192 3418
137 108 3419
43 111 3420
25 88 3421
126 184 3422
29 32 3423
114 146 3424
59 157 3425
53 169 3426
91 36 3427
71 81 3428
1 151 3429
67 172 3430
110 128 3431
175 120 3432
148 46 3433
76 135 3434
175 200 3435
178 70 3436
8 64 3437
148 8 3438
187 191 3439
30 72 3440
44 154 3441
100 81 3442
88 183 3443
190 160 3444
50 119 3445
33 155 3446
175 50 3447
35 19 3448
189 197 3449
80 24 3450
83 34 3451
66 51 3452
83 79 3453
13 22 3454
76 188 3455
147 171 3456
6 83 3457
151 137 3458
133 120 3459
163 176 3460
11 99 3461
181 162 3462
101 109 3463
30 200 3464
137 176 3465
166 68 3466
186 38 3467
45 125 3468
125 110 3469
75 116 3470
142 176 3471
180 164 3472
33 103 3473
177 138 3474
33 137 3475
198 89 3476
10 144 3477
173 67 3478
177 70 3479
48 168 3480
15 69 3481
9 134 3482
22 58 3483
131 169 3484
47 1 3485
185 21 3486
200 95 3487
195 10 3488
152 64 3489
144 83 3490
41 163 3491
66 22 3492
83 171 3493
133 10 3494
190 33 3495
133 23 3496
37 156 3497
47 14 3498
132 137 3499
50 75 3500
22 197 3501
159 60 3502
156 13 3503
7 104 3504
172 62 3505
174 4 3506
129 93 3507
43 184 3508
9 161 3509
173 180 3510
29 170 3511
167 17 3512
171 102 3513
65 180 3514
73 50 3515
58 70 3516
11 109 3517
74 6 3518
114 32 3519
96 22 3520
137 11 3521
127 75 3522
183 86 3523
65 87 3524
140 150 3525
131 167 3526
98 166 3527
91 27 3528
7 155 3529
185 97 3530
184 128 3531
4 166 3532
59 111 3533
180 190 3534
25 114 3535
158 70 3536
98 2 3537
186 177 3538
129 188 3539
31 168 3540
44 41 3541
197 45 3542
155 44 3543
143 65 3544
73 55 3545
150 121 3546
50 29 3547
96 147 3548
124 190 3549
113 139 3550
92 111 3551
121 193 3552
29 177 3553
140 13 3554
46 124 3555
120 1 3556
3 107 3557
144 11 3558
191 189 3559
184 32 3560
103 47 3561
51 54 3562
182 40 3563
23 195 3564
151 49 3565
46 102 3566
71 90 3567
190 150 3568
176 70 3569
127 124 3570
167 165 3571
77 67 3572
148 58 3573
116 7 3574
96 100 3575
116 194 3576
46 105 3577
10 116 3578
190 187 3579
108 173 3580
129 140 3581
196 41 3582
152 181 3583
180 122 3584
36 169 3585
96 199 3586
39 51 3587
102 34 3588
52 150 3589
164 48 3590
118 75 3591
99 26 3592
140 33 3593
185 121 3594
115 161 3595
121 27 3596
113 121 3597
82 178 3598
46 64 3599
29 150 3600
19 113 3601
116 190 3602
19 43 3603
132 37 3604
141 125 3605
16 85 3606
66 90 3607
9 197 3608
197 99 3609
4 99 3610
108 119 3611
98 95 3612
175 165 3613
26 34 3614
199 31 3615
19 129 3616
21 47 3617
175 46 3618
141 27 3619
62 43 3620
100 152 3621
83 37 3622
30 101 3623
153 43 3624
7 165 3625
75 12 3626
39 50 3627
139 42 3628
103 200 3629
121 91 3630
84 165 3631
165 109 3632
170 33 3633
24 143 3634
13 109 3635
195 101 3636
101 136 3637
133 185 3638
153 30 3639
162 175 3640
154 3 3641
77 80 3642
35 128 3643
85 90 3644
20 77 3645
109 182 3646
86 67 3647
114 149 3648
115 122 3649
173 129 3650
192 33 3651
175 192 3652
181 84 3653
68 149 3654
194 191 3655
177 6 3656
178 112 3657
57 48 3658
158 36 3659
44 90 3660
90 39 3661
73 167 3662
93 32 3663
94 26 3664
197 117 3665
86 196 3666
175 117 3667
3 42 3668
188 87 3669
109 198 3670
9 188 3671
82 194 3672
37 180 3673
121 123 3674
57 29 3675
140 166 3676
54 61 3677
165 183 3678
194 178 3679
41 72 3680
185 196 3681
172 19 3682
19 154 3683
93 8 3684
43 31 3685
165 6 3686
37 107 3687
37 80 3688
189 104 3689
130 3 3690
171 119 3691
78 62 3692
169 99 3693
34 152 3694
19 39 3695
105 180 3696
92 75 3697
83 15 3698
55 68 3699
95 125 3700
194 186 3701
160 66 3702
65 48 3703
63 70 3704
10 82 3705
42 18 3706
75 79 3707
86 194 3708
136 131 3709
152 142 3710
118 113 3711
61 47 3712
144 79 3713
101 46 3714
156 195 3715
152 89 3716
117 194 3717
22 120 3718
188 198 3719
133 61 3720
92 36 3721
101 28 3722
8 11 3723
9 168 3724
72 3 3725
128 43 3726
2 28 3727
193 27 3728
1 186 3729
58 24 3730
48 14 3731
38 134 3732
124 185 3733
94 49 3734
77 124 3735
58 82 3736
192 111 3737
54 156 3738
111 143 3739
90 187 3740
105 128 3741
76 181 3742
17 126 3743
13 173 3744
39 174 3745
107 84 3746
63 84 3747
102 93 3748
17 121 3749
161 176 3750
45 161 3751
9 123 3752
62 129 3753
182 125 3754
134 39 3755
51 93 3756
119 149 3757
48 68 3758
55 172 3759
150 58 3760
24 170 3761
62 95 3762
24 44 3763
125 92 3764
16 116 3765
79 160 3766
63 14 3767
44 176 3768
74 130 3769
132 105 3770
29 72 3771
45 24 3772
87 37 3773
123 99 3774
83 14 3775
131 44 3776
114 200 3777
38 169 3778
15 146 3779
16 155 3780
186 85 3781
166 196 3782
27 35 3783
169 171 3784
33 5 3785
55 31 3786
11 165 3787
164 78 3788
49 167 3789
25 166 3790
107 69 3791
141 146 3792
66 33 3793
104 110 3794
42 39 3795
43 97 3796
80 66 3797
111 95 3798
109 116 3799
13 10 3800
112 79 3801
170 164 3802
153 173 3803
191 103 3804
22 104 3805
147 2 3806
70 39 3807
6 138 3808
125 142 3809
42 164 3810
109 187 3811
31 33 3812
200 90 3813
185 22 3814
81 4 3815
66 29 3816
3 176 3817
114 117 3818
78 114 3819
176 99 3820
192 177 3821
50 155 3822
94 45 3823
121 137 3824
139 102 3825
83 184 3826
119 101 3827
189 198 3828
104 62 3829
17 122 3830
21 69 3831
157 60 3832
167 34 3833
8 154 3834
79 85 3835
72 55 3836
175 100 3837
58 130 3838
65 136 3839
44 164 3840
65 194 3841
82 34 3842
116 36 3843
54 3 3844
130 11 3845
113 174 3846
158 198 3847
3 90 3848
19 27 3849
151 120 3850
108 155 3851
38 145 3852
19 101 3853
126 65 3854
16 50 3855
137 36 3856
195 46 3857
129 192 3858
110 109 3859
142 47 3860
82 146 3861
51 155 3862
171 19 3863
190 184 3864
12 46 3865
96 172 3866
124 48 3867
181 72 3868
52 55 3869
170 37 3870
180 162 3871
52 33 3872
108 97 3873
36 39 3874
49 133 3875
71 79 3876
123 6 3877
102 112 3878
73 78 3879
50 57 3880
65 89 3881
90 110 3882
48 110 3883
95 60 3884
144 75 3885
140 83 3886
18 141 3887
136 168 3888
118 155 3889
105 199 3890
28 136 3891
191 181 3892
162 156 3893
58 39 3894
24 112 3895
177 178 3896
48 61 3897
46 184 3898
112 25 3899
4 153 3900
97 152 3901
185 162 3902
71 100 3903
41 190 3904
34 91 3905
18 122 3906
136 31 3907
30 89 3908
121 108 3909
44 113 3910
113 156 3911
106 197 3912
5 50 3913
109 129 3914
196 143 3915
144 36 3916
179 103 3917
190 169 3918
164 176 3919
77 164 3920
73 17 3921
118 9 3922
145 176 3923
124 104 3924
191 104 3925
179 65 3926
105 118 3927
123 53 3928
186 174 3929
143 85 3930
143 81 3931
60 121 3932
89 160 3933
19 70 3934
115 183 3935
134 19 3936
29 113 3937
69 72 3938
178 92 3939
181 164 3940
170 171 3941
14 152 3942
150 76 3943
168 37 3944
32 17 3945
160 137 3946
155 23 3947
136 3 3948
178 106 3949
144 182 3950
169 181 3951
21 10 3952
32 22 3953
179 106 3954
140 115 3955
138 159 3956
37 51 3957
81 91 3958
132 150 3959
125 44 3960
166 181 3961
155 109 3962
100 121 3963
74 106 3964
86 159 3965
81 87 3966
95 50 3967
165 78 3968
56 111 3969
193 51 3970
157 80 3971
164 18 3972
133 183 3973
45 191 3974
150 74 3975
134 36 3976
55 2 3977
35 50 3978
138 171 3979
54 30 3980
190 149 3981
65 170 3982
103 57 3983
30 98 3984
147 44 3985
11 118 3986
96 31 3987
184 92 3988
130 97 3989
66 115 3990
27 104 3991
97 74 3992
99 84 3993
65 88 3994
92 176 3995
174 146 3996
192 189 3997
67 181 3998
91 127 3999
12 89 4000
155 49 4001
145 140 4002
136 138 4003
85 45 4004
53 51 4005
129 135 4006
175 67 4007
180 114 4008
156 194 4009
17 144 4010
76 185 4011
86 19 4012
65 174 4013
133 4 4014
82 63 4015
113 128 4016
98 105 4017
150 98 4018
46 57 4019
33 132 4020
20 165 4021
132 199 4022
46 73 4023
174 91 4024
150 155 4025
148 128 4026
59 61 4027
192 180 4028
67 195 4029
132 18 4030
196 88 4031
139 108 4032
105 15 4033
31 198 4034
33 120 4035
21 129 4036
172 16 4037
16 80 4038
1 73 4039
10 25 4040
79 165 4041
19 198 4042
33 108 4043
54 134 4044
94 70 4045
138 168 4046
9 1 4047
143 90 4048
141 121 4049
104 183 4050
131 89 4051
19 71 4052
53 24 4053
4 132 4054
114 75 4055
101 87 4056
57 124 4057
130 18 4058
181 57 4059
95 160 4060
116 185 4061
168 45 4062
20 84 4063
101 147 4064
68 164 4065
106 85 4066
179 180 4067
68 35 4068
87 177 4069
148 50 4070
181 30 4071
93 50 4072
121 52 4073
17 115 4074
128 53 4075
194 149 4076
101 143 4077
172 46 4078
26 187 4079
123 66 4080
34 181 4081
185 87 4082
124 130 4083
102 125 4084
53 172 4085
132 64 4086
6 39 4087
103 167 4088
39 69 4089
113 82 4090
178 73 4091
128 191 4092
24 200 4093
172 79 4094
145 155 4095
115 172 4096
191 89 4097
94 19 4098
130 151 4099
103 127 4100
17 170 4101
148 71 4102
185 35 4103
173 61 4104
138 54 4105
5 15 4106
51 197 4107
108 136 4108
195 89 4109
71 42 4110
94 153 4111
122 128 4112
5 142 4113
135 110 4114
136 99 4115
145 200 4116
24 119 4117
187 186 4118
32 181 4119
30 103 4120
24 186 4121
46 153 4122
7 176 4123
183 93 4124
126 22 4125
5 97 4126
157 64 4127
72 10 4128
150 114 4129
25 115 4130
5 123 4131
168 50 4132
190 61 4133
194 40 4134
135 4 4135
169 177 4136
41 99 4137
99 193 4138
127 120 4139
58 174 4140
152 193 4141
159 135 4142
102 136 4143
24 188 4144
117 127 4145
110 96 4146
22 15 4147
64 182 4148
79 129 4149
33 92 4150
114 145 4151
138 84 4152
134 50 4153
96 91 4154
67 137 4155
194 101 4156
176 118 4157
196 198 4158
36 43 4159
44 92 4160
154 135 4161
131 186 4162
53 115 4163
72 93 4164
116 28 4165
154 181 4166
91 180 4167
28 81 4168
175 197 4169
101 183 4170
158 22 4171
101 115 4172
128 172 4173
145 138 4174
85 159 4175
59 89 4176
192 122 4177
35 13 4178
192 102 4179
198 27 4180
98 154 4181
165 24 4182
6 89 4183
39 83 4184
119 162 4185
33 100 4186
47 58 4187
51 31 4188
32 145 4189
56 200 4190
77 6 4191
119 16 4192
93 173 4193
172 80 4194
183 60 4195
113 70 4196
132 161 4197
181 194 4198
97 26 4199
142 113 4200
136 150 4201
193 30 4202
44 127 4203
150 22 4204
139 124 4205
83 161 4206
79 38 4207
141 52 4208
48 77 4209
28 22 4210
1 37 4211
56 134 4212
159 18 4213
178 147 4214
145 126 4215
94 60 4216
8 33 4217
195 136 4218
48 24 4219
112 96 4220
60 134 4221
186 185 4222
85 82 4223
179 174 4224
195 63 4225
191 24 4226
53 28 4227
131 9 4228
150 156 4229
196 124 4230
10 166 4231
72 168 4232
16 120 4233
200 71 4234
24 60 4235
91 169 4236
109 14 4237
67 6 4238
40 64 4239
98 117 4240
186 23 4241
152 60 4242
105 16 4243
129 190 4244
24 146 4245
65 169 4246
93 153 4247
39 75 4248
45 113 4249
187 108 4250
152 131 4251
113 144 4252
171 78 4253
183 40 4254
5 162 4255
17 37 4256
35 86 4257
141 29 4258
84 51 4259
32 83 4260
170 117 4261
161 82 4262
32 91 4263
7 72 4264
118 181 4265
51 95 4266
147 91 4267
174 196 4268
42 21 4269
152 84 4270
188 32 4271
65 182 4272
179 200 4273
147 50 4274
61 33 4275
74 62 4276
58 55 4277
106 53 4278
142 117 4279
150 6 4280
159 183 4281
19 32 4282
73 66 4283
174 120 4284
71 46 4285
128 52 4286
122 105 4287
76 14 4288
74 75 4289
23 50 4290
2 85 4291
144 195 4292
126 142 4293
58 98 4294
32 125 4295
104 100 4296
41 38 4297
10 64 4298
26 90 4299
184 84 4300
118 171 4301
165 124 4302
47 31 4303
136 111 4304
151 31 4305
15 132 4306
116 122 4307
101 155 4308
119 96 4309
171 39 4310
28 121 4311
36 123 4312
166 41 4313
104 179 4314
23 72 4315
79 13 4316
168 111 4317
123 125 4318
119 10 4319
4 11 4320
139 158 4321
83 133 4322
183 173 4323
90 121 4324
104 47 4325
53 57 4326
42 72 4327
115 128 4328
48 171 4329
77 169 4330
149 61 4331
91 115 4332
36 198 4333
23 156 4334
51 141 4335
26 43 4336
120 61 4337
87 60 4338
6 29 4339
2 171 4340
47 105 4341
97 95 4342
139 32 4343
43 101 4344
28 188 4345
136 178 4346
34 199 4347
200 49 4348
88 189 4349
92 51 4350
125 96 4351
152 49 4352
144 117 4353
112 21 4354
22 168 4355
162 178 4356
19 173 4357
9 83 4358
181 22 4359
2 116 4360
42 136 4361
41 145 4362
83 28 4363
138 11 4364
123 142 4365
163 8 4366
27 105 4367
103 71 4368
82 181 4369
155 107 4370
69 155 4371
16 128 4372
68 94 4373
17 7 4374
165 67 4375
47 193 4376
140 78 4377
54 41 4378
171 45 4379
69 67 4380
119 136 4381
38 144 4382
62 107 4383
104 20 4384
100 193 4385
70 69 4386
134 95 4387
18 156 4388
119 197 4389
137 178 4390
180 103 4391
182 85 4392
34 64 4393
80 21 4394
88 13 4395
78 77 4396
51 20 4397
32 164 4398
190 53 4399
1 179 4400
109 75 4401
47 165 4402
151 99 4403
87 165 4404
100 144 4405
198 118 4406
185 70 4407
112 157 4408
148 36 4409
20 87 4410
189 68 4411
84 16 4412
164 157 4413
194 29 4414
117 50 4415
40 29 4416
38 31 4417
118 125 4418
63 187 4419
100 19 4420
54 14 4421
148 137 4422
174 49 4423
199 24 4424
121 65 4425
191 86 4426
12 66 4427
54 15 4428
184 68 4429
104 200 4430
13 187 4431
86 25 4432
130 112 4433
199 5 4434
60 10 4435
13 84 4436
52 92 4437
40 198 4438
102 81 4439
37 61 4440
167 18 4441
132 45 4442
181 132 4443
16 69 4444
69 157 4445
101 162 4446
127 1 4447
73 82 4448
46 31 4449
153 22 4450
59 125 4451
46 169 4452
80 192 4453
110 140 4454
199 151 4455
194 6 4456
28 127 4457
45 123 4458
159 76 4459
183 96 4460
87 171 4461
175 2 4462
198 169 4463
195 79 4464
63 69 4465
18 109 4466
152 25 4467
46 100 4468
189 165 4469
50 4 4470
146 16 4471
168 53 4472
146 184 4473
180 77 4474
91 17 4475
107 200 4476
86 131 4477
196 28 4478
117 140 4479
86 188 4480
181 37 4481
71 185 4482
190 109 4483
28 6 4484
19 91 4485
187 166 4486
24 132 4487
190 141 4488
183 52 4489
147 62 4490
195 167 4491
82 148 4492
149 12 4493
142 39 4494
159 1 4495
17 80 4496
27 160 4497
17 50 4498
131 97 4499
2 77 4500
15 114 4501
171 150 4502
39 112 4503
172 146 4504
51 154 4505
26 16 4506
178 8 4507
21 92 4508
98 33 4509
110 195 4510
122 170 4511
10 89 4512
73 131 4513
9 130 4514
136 82 4515
58 78 4516
126 31 4517
108 159 4518
96 134 4519
197 181 4520
133 16 4521
159 141 4522
134 144 4523
186 36 4524
161 134 4525
91 100 4526
7 130 4527
125 130 4528
57 16 4529
24 130 4530
51 163 4531
48 132 4532
198 152 4533
9 23 4534
135 141 4535
149 43 4536
129 20 4537
192 21 4538
111 190 4539
99 181 4540
36 59 4541
28 12 4542
5 73 4543
50 132 4544
44 135 4545
78 151 4546
69 50 4547
197 58 4548
41 77 4549
90 84 4550
57 32 4551
103 110 4552
177 62 4553
82 31 4554
34 68 4555
138 30 4556
155 124 4557
138 82 4558
181 25 4559
165 134 4560
113 194 4561
26 93 4562
62 91 4563
91 187 4564
87 19 4565
58 97 4566
26 160 4567
33 183 4568
180 178 4569
197 10 4570
48 154 4571
180 157 4572
55 3 4573
7 112 4574
181 105 4575
7 139 4576
77 31 4577
134 66 4578
55 122 4579
83 141 4580
22 86 4581
176 78 4582
195 91 4583
185 86 4584
31 178 4585
99 126 4586
74 141 4587
136 199 4588
188 80 4589
97 66 4590
9 159 4591
147 177 4592
192 4 4593
20 79 4594
93 170 4595
5 27 4596
185 138 4597
104 38 4598
170 10 4599
70 162 4600
120 118 4601
20 43 4602
31 92 4603
180 89 4604
136 197 4605
1 183 4606
47 36 4607
185 183 4608
118 31 4609
3 57 4610
89 26 4611
10 85 4612
135 39 4613
97 153 4614
108 196 4615
27 101 4616
95 44 4617
125 61 4618
39 173 4619
180 19 4620
56 93 4621
64 161 4622
53 159 4623
193 6 4624
8 170 4625
82 157 4626
99 105 4627
65 113 4628
34 51 4629
25 93 4630
143 110 4631
49 188 4632
141 105 4633
33 77 4634
114 119 4635
13 77 4636
98 39 4637
40 163 4638
171 152 4639
40 76 4640
95 143 4641
118 87 4642
30 115 4643
182 184 4644
96 41 4645
137 32 4646
73 134 4647
162 96 4648
199 85 4649
140 167 4650
34 100 4651
115 13 4652
187 16 4653
85 140 4654
51 165 4655
86 193 4656
127 9 4657
77 39 4658
129 178 4659
147 165 4660
24 137 4661
50 191 4662
45 116 4663
27 147 4664
35 140 4665
194 120 4666
178 144 4667
84 142 4668
162 120 4669
85 132 4670
127 184 4671
150 38 4672
94 102 4673
8 19 4674
1 107 4675
155 178 4676
59 64 4677
12 51 4678
72 156 4679
163 173 4680
33 139 4681
106 8 4682
139 116 4683
56 62 4684
83 92 4685
110 54 4686
19 5 4687
115 152 4688
128 3 4689
174 132 4690
157 111 4691
62 105 4692
70 73 4693
50 158 4694
29 142 4695
187 159 4696
184 20 4697
80 174 4698
56 86 4699
38 64 4700
22 43 4701
3 199 4702
156 114 4703
57 154 4704
70 53 4705
87 54 4706
198 61 4707
5 12 4708
29 25 4709
29 46 4710
160 152 4711
119 156 4712
139 15 4713
108 87 4714
111 133 4715
166 159 4716
60 64 4717
183 149 4718
4 19 4719
33 128 4720
186 125 4721
4 189 4722
38 46 4723
89 69 4724
126 64 4725
75 58 4726
149 16 4727
111 14 4728
35 39 4729
108 144 4730
157 193 4731
23 73 4732
149 166 4733
177 116 4734
20 181 4735
101 32 4736
159 69 4737
17 177 4738
187 106 4739
39 132 4740
153 109 4741
196 155 4742
74 88 4743
55 77 4744
140 21 4745
144 136 4746
92 127 4747
150 103 4748
167 159 4749
174 175 4750
31 85 4751
1 166 4752
56 6 4753
124 91 4754
180 170 4755
65 165 4756
74 155 4757
153 10 4758
84 45 4759
22 180 4760
99 106 4761
13 43 4762
147 108 4763
13 1 4764
98 198 4765
58 136 4766
66 147 4767
119 177 4768
43 69 4769
73 16 4770
169 15 4771
186 119 4772
154 47 4773
78 111 4774
105 6 4775
89 193 4776
19 29 4777
194 56 4778
178 101 4779
152 74 4780
70 168 4781
181 79 4782
74 56 4783
67 123 4784
183 182 4785
82 117 4786
31 73 4787
11 64 4788
44 151 4789
52 86 4790
25 19 4791
127 168 4792
78 177 4793
99 36 4794
39 145 4795
71 129 4796
85 137 4797
156 185 4798
188 34 4799
143 40 4800
85 101 4801
97 129 4802
139 126 4803
112 177 4804
124 54 4805
181 140 4806
49 45 4807
29 28 4808
92 173 4809
72 77 4810
8 56 4811
172 93 4812
21 162 4813
88 57 4814
42 83 4815
186 165 4816
1 138 4817
57 12 4818
88 187 4819
5 28 4820
165 90 4821
149 54 4822
7 58 4823
163 27 4824
154 31 4825
191 118 4826
47 12 4827
157 92 4828
176 31 4829
191 36 4830
18 14 4831
57 15 4832
53 100 4833
29 17 4834
141 126 4835
30 57 4836
74 7 4837
25 133 4838
32 24 4839
29 79 4840
138 15 4841
60 192 4842
82 143 4843
124 89 4844
42 67 4845
163 116 4846
198 186 4847
128 161 4848
78 43 4849
161 23 4850
35 48 4851
31 133 4852
97 2 4853
119 14 4854
53 52 4855
38 90 4856
163 28 4857
5 179 4858
51 172 4859
187 171 4860
176 96 4861
143 17 4862
136 47 4863
182 54 4864
18 55 4865
177 5 4866
193 131 4867
68 177 4868
186 157 4869
21 102 4870
34 142 4871
87 144 4872
121 126 4873
125 140 4874
39 128 4875
108 38 4876
197 124 4877
88 80 4878
156 124 4879
185 96 4880
30 104 4881
147 92 4882
43 27 4883
187 75 4884
28 45 4885
44 97 4886
30 160 4887
133 187 4888
175 38 4889
189 173 4890
147 198 4891
123 80 4892
122 1 4893
101 44 4894
28 114 4895
121 67 4896
4 63 4897
122 158 4898
195 15 4899
39 97 4900
133 169 4901
141 150 4902
164 114 4903
191 88 4904
81 119 4905
146 125 4906
43 7 4907
117 53 4908
134 49 4909
170 111 4910
71 108 4911
15 94 4912
40 102 4913
45 101 4914
186 182 4915
198 44 4916
133 41 4917
103 158 4918
128 178 4919
40 166 4920
177 4 4921
143 71 4922
186 147 4923
162 103 4924
68 127 4925
190 55 4926
129 28 4927
181 116 4928
21 190 4929
73 129 4930
153 78 4931
150 170 4932
185 188 4933
35 41 4934
101 126 4935
143 46 4936
154 27 4937
184 179 4938
182 35 4939
13 80 4940
130 104 4941
60 151 4942
198 4 4943
139 4 4944
59 184 4945
155 70 4946
3 35 4947
81 174 4948
169 6 4949
106 140 4950
111 129 4951
114 90 4952
86 99 4953
91 183 4954
155 187 4955
109 41 4956
54 95 4957
193 183 4958
170 99 4959
30 84 4960
165 16 4961
121 183 4962
185 110 4963
98 103 4964
57 139 4965
194 144 4966
197 168 4967
28 124 4968
87 100 4969
186 68 4970
167 116 4971
178 111 4972
110 12 4973
156 142 4974
46 81 4975
111 38 4976
67 38 4977
98 187 4978
74 115 4979
194 23 4980
13 123 4981
57 138 4982
74 197 4983
176 105 4984
183 46 4985
17 24 4986
6 20 4987
181 86 4988
55 127 4989
87 42 4990
63 13 4991
11 40 4992
181 103 4993
156 147 4994
163 170 4995
145 3 4996
95 174 4997
193 103 4998
63 61 4999
100 76 5000
95 35 5001
170 139 5002
42 194 5003
149 176 5004
9 125 5005
131 63 5006
84 11 5007
172 8 5008
188 139 5009
82 86 5010
169 122 5011
112 15 5012
126 115 5013
56 12 5014
145 54 5015
61 41 5016
6 171 5017
190 74 5018
134 27 5019
50 15 5020
140 136 5021
133 1 5022
100 126 5023
142 170 5024
18 8 5025
195 72 5026
19 58 5027
113 146 5028
125 7 5029
53 21 5030
55 158 5031
178 197 5032
106 126 5033
64 16 5034
58 167 5035
148 154 5036
53 8 5037
135 147 5038
132 84 5039
190 32 5040
194 57 5041
51 176 5042
50 161 5043
192 125 5044
35 179 5045
20 200 5046
136 135 5047
43 198 5048
90 23 5049
32 85 5050
126 185 5051
85 141 5052
157 56 5053
105 14 5054
166 105 5055
97 20 5056
6 139 5057
42 24 5058
73 24 5059
73 123 5060
134 198 5061
124 98 5062
119 163 5063
88 32 5064
101 72 5065
72 54 5066
49 66 5067
131 154 5068
11 170 5069
188 173 5070
58 132 5071
4 159 5072
143 174 5073
190 13 5074
178 100 5075
45 142 5076
41 181 5077
68 67 5078
143 93 5079
27 33 5080
70 38 5081
121 179 5082
194 37 5083
117 128 5084
95 149 5085
26 181 5086
139 194 5087
101 98 5088
41 52 5089
92 55 5090
48 7 5091
19 23 5092
75 125 5093
104 103 5094
131 40 5095
70 59 5096
135 91 5097
130 78 5098
39 125 5099
85 57 5100
77 60 5101
28 37 5102
128 151 5103
72 112 5104
44 137 5105
164 137 5106
196 34 5107
120 99 5108
133 39 5109
187 132 5110
89 32 5111
124 187 5112
192 46 5113
93 20 5114
154 151 5115
40 135 5116
1 129 5117
168 135 5118
181 178 5119
81 147 5120
173 181 5121
161 102 5122
74 177 5123
52 125 5124
158 59 5125
148 23 5126
160 156 5127
77 107 5128
172 65 5129
34 141 5130
150 173 5131
106 107 5132
95 198 5133
150 161 5134
58 32 5135
187 157 5136
92 78 5137
140 81 5138
155 142 5139
173 156 5140
80 129 5141
197 5 5142
200 182 5143
95 150 5144
123 139 5145
9 142 5146
103 102 5147
83 8 5148
94 71 5149
76 9 5150
110 59 5151
117 77 5152
48 196 5153
39 21 5154
151 140 5155
196 129 5156
184 149 5157
113 166 5158
87 138 5159
140 77 5160
147 137 5161
51 196 5162
170 129 5163
66 85 5164
90 119 5165
94 175 5166
164 101 5167
191 64 5168
101 149 5169
1 94 5170
14 159 5171
166 108 5172
197 77 5173
170 137 5174
39 2 5175
27 94 5176
188 107 5177
89 105 5178
154 72 5179
120 109 5180
191 68 5181
10 140 5182
179 187 5183
120 107 5184
199 61 5185
121 51 5186
102 33 5187
123 76 5188
197 182 5189
74 102 5190
168 27 5191
37 125 5192
40 90 5193
98 4 5194
164 69 5195
6 161 5196
196 163 5197
167 98 5198
59 53 5199
38 181 5200
129 63 5201
84 94 5202
151 107 5203
44 195 5204
155 28 5205
119 44 5206
7 195 5207
167 175 5208
63 47 5209
6 190 5210
200 18 5211
134 146 5212
18 135 5213
50 59 5214
120 27 5215
138 123 5216
70 72 5217
125 115 5218
168 46 5219
119 61 5220
128 69 5221
59 131 5222
197 82 5223
138 141 5224
73 115 5225
115 46 5226
121 104 5227
84 3 5228
9 48 5229
54 195 5230
55 140 5231
164 159 5232
16 97 5233
19 50 5234
159 75 5235
106 185 5236
190 186 5237
186 63 5238
177 85 5239
35 47 5240
147 6 5241
119 192 5242
2 36 5243
135 195 5244
173 60 5245
64 15 5246
72 47 5247
7 138 5248
51 159 5249
176 16 5250
199 18 5251
163 98 5252
24 121 5253
2 89 5254
79 92 5255
130 73 5256
49 153 5257
187 138 5258
196 23 5259
117 185 5260
36 125 5261
100 58 5262
52 19 5263
99 116 5264
22 160 5265
152 177 5266
110 78 5267
63 68 5268
31 147 5269
63 104 5270
127 102 5271
190 68 5272
39 13 5273
35 124 5274
167 177 5275
100 158 5276
55 75 5277
124 186 5278
129 50 5279
179 88 5280
75 136 5281
35 165 5282
28 133 5283
183 45 5284
62 79 5285
34 86 5286
145 35 5287
56 102 5288
108 160 5289
174 178 5290
73 173 5291
76 38 5292
87 126 5293
6 136 5294
107 113 5295
73 3 5296
91 165 5297
134 75 5298
47 113 5299
156 155 5300
