200 1300 1300
35 179 1
127 88 2
194 40 3
60 128 4
61 41 5
91 36 6
105 127 7
29 17 8
53 51 9
40 3 10
139 152 11
116 36 12
136 23 13
170 164 14
117 3 15
86 87 16
26 83 17
4 62 18
25 155 19
174 132 20
155 174 21
194 51 22
137 161 23
178 101 24
58 82 25
186 98 26
182 15 27
200 182 28
162 195 29
70 118 30
145 3 31
153 197 32
91 100 33
65 170 34
164 78 35
42 136 36
83 36 37
129 130 38
132 3 39
93 152 40
63 22 41
15 168 42
75 29 43
170 118 44
116 105 45
89 26 46
18 85 47
91 155 48
93 32 49
149 12 50
151 37 51
37 161 52
35 70 53
134 85 54
122 39 55
50 38 56
107 200 57
75 179 58
30 164 59
4 17 60
187 93 61
155 187 62
63 84 63
7 102 64
41 130 65
68 95 66
88 184 67
45 27 68
144 182 69
197 182 70
167 191 71
158 5 72
126 81 73
94 62 74
58 167 75
181 109 76
139 158 77
14 192 78
77 179 79
8 160 80
85 132 81
188 62 82
15 169 83
125 115 84
194 193 85
141 68 86
184 40 87
91 127 88
118 93 89
194 30 90
17 25 91
127 60 92
144 136 93
112 170 94
80 35 95
20 147 96
191 104 97
17 140 98
153 10 99
132 88 100
156 73 101
95 20 102
19 153 103
179 130 104
51 149 105
191 21 106
130 3 107
199 125 108
100 112 109
101 63 110
2 37 111
110 114 112
124 160 113
199 191 114
151 32 115
122 56 116
95 144 117
183 146 118
58 37 119
169 99 120
116 120 121
140 3 122
32 118 123
17 163 124
60 10 125
117 153 126
27 33 127
182 127 128
15 156 129
125 191 130
191 9 131
131 27 132
5 172 133
190 187 134
51 42 135
168 102 136
104 88 137
66 178 138
90 55 139
173 28 140
147 84 141
72 130 142
151 132 143
63 83 144
29 83 145
107 84 146
88 9 147
32 74 148
48 171 149
99 87 150
96 134 151
23 70 152
110 54 153
188 57 154
79 198 155
157 9 156
23 29 157
6 60 158
26 162 159
180 85 160
77 164 161
109 54 162
194 1 163
18 8 164
122 158 165
150 156 166
198 84 167
107 166 168
118 31 169
70 168 170
3 9 171
158 130 172
96 91 173
143 131 174
85 156 175
183 22 176
118 184 177
194 108 178
116 124 179
48 135 180
180 122 181
121 137 182
94 175 183
115 172 184
137 105 185
14 159 186
12 35 187
27 2 188
113 70 189
141 161 190
38 64 191
105 8 192
12 134 193
116 110 194
65 44 195
29 177 196
169 109 197
168 27 198
126 158 199
147 108 200
86 175 201
116 142 202
144 12 203
58 69 204
73 192 205
102 115 206
86 131 207
129 140 208
163 28 209
7 41 210
117 87 211
164 83 212
187 166 213
67 28 214
141 150 215
15 122 216
99 114 217
45 191 218
85 140 219
129 7 220
9 168 221
172 19 222
58 137 223
39 101 224
165 24 225
194 101 226
184 87 227
37 61 228
63 25 229
18 65 230
12 20 231
104 134 232
198 137 233
98 54 234
78 167 235
95 24 236
154 27 237
19 106 238
42 122 239
98 117 240
135 4 241
74 96 242
79 129 243
117 106 244
14 158 245
178 106 246
70 82 247
191 64 248
200 129 249
133 197 250
154 198 251
178 100 252
188 89 253
193 130 254
113 187 255
23 100 256
35 86 257
160 159 258
3 107 259
65 136 260
162 77 261
30 136 262
156 157 263
2 52 264
71 100 265
166 16 266
105 76 267
170 33 268
67 29 269
175 145 270
101 98 271
12 101 272
82 117 273
1 37 274
200 48 275
125 38 276
120 143 277
14 139 278
14 127 279
190 68 280
13 5 281
6 11 282
138 141 283
187 87 284
70 83 285
66 161 286
50 191 287
132 18 288
138 171 289
140 167 290
110 10 291
129 72 292
197 5 293
27 101 294
29 28 295
195 100 296
18 37 297
113 157 298
169 177 299
142 170 300
54 71 301
24 130 302
99 191 303
166 148 304
106 126 305
178 60 306
83 12 307
88 145 308
20 25 309
100 42 310
162 129 311
1 151 312
167 177 313
129 89 314
95 18 315
197 82 316
93 173 317
91 27 318
51 56 319
115 70 320
6 128 321
140 93 322
194 178 323
45 3 324
20 200 325
113 160 326
143 93 327
14 187 328
8 154 329
172 17 330
127 31 331
22 61 332
111 133 333
41 127 334
170 139 335
97 135 336
58 33 337
121 196 338
113 19 339
46 57 340
63 171 341
62 131 342
30 72 343
133 123 344
82 21 345
22 58 346
82 110 347
170 136 348
150 161 349
106 140 350
160 37 351
33 155 352
19 22 353
25 94 354
104 34 355
154 49 356
75 34 357
121 34 358
73 51 359
10 182 360
61 40 361
19 98 362
109 95 363
141 169 364
198 108 365
163 98 366
21 34 367
91 177 368
53 183 369
75 122 370
78 35 371
110 128 372
28 187 373
24 162 374
12 56 375
65 180 376
135 160 377
93 192 378
191 103 379
131 23 380
1 163 381
113 87 382
40 199 383
62 95 384
189 121 385
88 190 386
143 35 387
117 149 388
66 131 389
183 45 390
168 113 391
53 100 392
194 119 393
124 97 394
82 115 395
171 65 396
111 21 397
51 197 398
96 75 399
45 161 400
52 125 401
133 39 402
62 80 403
51 163 404
156 5 405
182 76 406
111 129 407
178 116 408
30 174 409
127 194 410
80 191 411
148 73 412
51 121 413
88 54 414
124 4 415
143 31 416
161 134 417
172 96 418
107 168 419
169 82 420
190 14 421
198 17 422
33 77 423
23 59 424
70 8 425
1 9 426
190 74 427
89 11 428
38 163 429
62 67 430
170 98 431
139 26 432
191 141 433
94 135 434
125 134 435
102 183 436
69 72 437
87 116 438
200 18 439
93 196 440
163 143 441
124 7 442
5 52 443
147 120 444
48 125 445
78 101 446
134 49 447
175 59 448
106 5 449
27 187 450
121 164 451
200 153 452
148 24 453
9 130 454
27 35 455
97 152 456
54 61 457
121 27 458
86 7 459
26 143 460
126 91 461
115 77 462
142 47 463
63 126 464
194 191 465
95 93 466
33 187 467
164 34 468
35 133 469
64 148 470
95 94 471
103 72 472
52 81 473
124 169 474
172 62 475
180 151 476
61 105 477
162 152 478
101 147 479
185 97 480
43 69 481
156 148 482
117 162 483
44 56 484
157 1 485
124 51 486
188 40 487
158 82 488
13 10 489
177 5 490
132 139 491
46 182 492
37 9 493
25 66 494
46 73 495
150 121 496
27 68 497
176 183 498
69 157 499
84 73 500
123 66 501
158 30 502
139 181 503
82 32 504
191 55 505
42 103 506
51 180 507
16 128 508
177 143 509
13 125 510
54 167 511
22 160 512
68 2 513
134 167 514
12 169 515
45 55 516
83 141 517
8 99 518
113 78 519
108 142 520
36 152 521
144 92 522
76 8 523
19 119 524
74 7 525
190 75 526
192 177 527
134 200 528
45 20 529
105 14 530
61 18 531
46 157 532
53 157 533
28 166 534
138 92 535
106 91 536
70 51 537
157 153 538
184 20 539
145 35 540
60 123 541
36 194 542
92 181 543
26 186 544
5 34 545
25 89 546
141 23 547
159 126 548
10 174 549
123 88 550
144 75 551
189 195 552
160 63 553
83 191 554
93 10 555
179 154 556
143 67 557
1 179 558
136 109 559
143 81 560
154 36 561
175 142 562
6 83 563
170 129 564
87 42 565
150 90 566
161 89 567
66 90 568
140 12 569
132 54 570
168 147 571
117 115 572
147 169 573
140 105 574
135 20 575
143 57 576
20 137 577
171 157 578
30 103 579
85 141 580
149 62 581
164 67 582
194 46 583
129 28 584
52 165 585
174 48 586
117 129 587
146 74 588
157 103 589
106 180 590
83 156 591
54 134 592
35 165 593
175 46 594
146 126 595
92 173 596
175 92 597
173 156 598
40 36 599
64 1 600
163 25 601
91 59 602
93 148 603
162 191 604
48 139 605
164 56 606
161 27 607
107 95 608
68 24 609
37 107 610
164 50 611
163 173 612
51 93 613
61 181 614
137 106 615
139 190 616
175 8 617
34 64 618
106 147 619
47 140 620
109 194 621
134 95 622
80 142 623
105 157 624
197 135 625
72 10 626
150 112 627
91 188 628
129 40 629
111 93 630
1 143 631
53 21 632
31 52 633
121 198 634
48 49 635
121 81 636
102 166 637
52 170 638
89 120 639
68 48 640
66 52 641
190 160 642
154 164 643
58 91 644
30 38 645
66 112 646
74 177 647
155 134 648
19 44 649
83 59 650
117 21 651
144 173 652
24 87 653
116 171 654
174 115 655
12 143 656
152 131 657
181 72 658
57 111 659
58 133 660
152 181 661
174 158 662
176 189 663
27 75 664
50 13 665
63 104 666
134 144 667
63 187 668
149 22 669
190 27 670
22 86 671
91 60 672
46 76 673
157 74 674
40 135 675
38 54 676
102 104 677
103 69 678
118 113 679
195 169 680
101 82 681
120 61 682
120 81 683
140 65 684
11 81 685
98 103 686
27 198 687
185 59 688
58 116 689
102 100 690
23 183 691
186 153 692
29 150 693
191 142 694
159 99 695
15 174 696
122 105 697
50 22 698
125 140 699
34 103 700
25 26 701
169 96 702
70 19 703
15 197 704
67 12 705
119 17 706
195 45 707
12 66 708
49 73 709
177 6 710
31 85 711
185 2 712
160 85 713
167 116 714
191 26 715
101 107 716
126 43 717
188 32 718
163 176 719
189 198 720
138 129 721
123 6 722
32 179 723
152 177 724
195 98 725
91 151 726
87 54 727
188 80 728
43 35 729
62 107 730
127 87 731
142 117 732
197 131 733
60 120 734
9 63 735
55 74 736
177 84 737
85 128 738
91 85 739
158 115 740
125 178 741
100 144 742
174 2 743
175 2 744
152 74 745
44 180 746
183 83 747
158 89 748
149 195 749
162 155 750
14 58 751
42 49 752
41 43 753
129 58 754
97 187 755
6 2 756
131 200 757
127 184 758
146 185 759
143 40 760
112 36 761
76 151 762
59 157 763
128 11 764
14 55 765
8 11 766
78 124 767
29 4 768
34 86 769
196 171 770
197 143 771
196 91 772
94 49 773
138 66 774
66 115 775
170 37 776
52 92 777
55 31 778
199 61 779
95 50 780
2 77 781
13 139 782
116 136 783
135 34 784
6 159 785
181 144 786
90 11 787
59 111 788
18 40 789
29 198 790
136 135 791
117 90 792
87 43 793
109 17 794
47 172 795
6 15 796
32 194 797
145 11 798
160 174 799
6 161 800
11 61 801
160 40 802
135 182 803
152 113 804
195 155 805
186 193 806
19 29 807
63 148 808
108 160 809
172 177 810
73 179 811
196 23 812
70 146 813
118 197 814
44 113 815
26 146 816
133 30 817
31 155 818
50 47 819
125 58 820
95 182 821
126 92 822
112 11 823
66 171 824
113 116 825
185 138 826
171 85 827
22 173 828
100 44 829
182 40 830
150 116 831
111 19 832
101 109 833
150 130 834
71 184 835
28 127 836
113 91 837
197 168 838
4 52 839
37 16 840
60 64 841
168 98 842
132 90 843
171 119 844
9 83 845
26 133 846
1 70 847
136 15 848
26 164 849
9 123 850
1 126 851
53 172 852
92 199 853
61 164 854
102 112 855
127 67 856
154 144 857
160 152 858
97 19 859
155 200 860
162 36 861
137 36 862
80 192 863
50 108 864
119 61 865
146 184 866
93 126 867
164 127 868
143 65 869
134 188 870
32 22 871
116 161 872
37 159 873
96 100 874
94 34 875
141 27 876
56 148 877
22 168 878
122 156 879
180 170 880
165 124 881
22 67 882
134 198 883
34 199 884
116 4 885
139 124 886
167 68 887
191 184 888
197 124 889
62 91 890
73 166 891
30 170 892
194 35 893
166 11 894
101 33 895
124 125 896
82 76 897
64 99 898
196 200 899
150 191 900
44 164 901
135 170 902
82 131 903
37 156 904
62 43 905
196 27 906
98 33 907
189 185 908
24 188 909
194 136 910
47 61 911
139 167 912
151 197 913
172 159 914
94 38 915
18 119 916
165 90 917
108 111 918
7 176 919
58 28 920
101 60 921
183 182 922
104 20 923
39 71 924
162 128 925
109 116 926
196 34 927
131 41 928
76 165 929
174 49 930
37 91 931
101 47 932
66 33 933
60 137 934
76 124 935
177 185 936
125 155 937
168 189 938
141 122 939
103 161 940
108 93 941
58 145 942
19 103 943
131 105 944
137 128 945
190 55 946
42 151 947
39 172 948
107 16 949
196 77 950
125 96 951
99 26 952
25 92 953
77 169 954
169 32 955
61 143 956
19 154 957
170 171 958
88 16 959
13 180 960
93 17 961
84 17 962
180 19 963
153 13 964
166 3 965
140 13 966
105 112 967
112 84 968
184 151 969
165 50 970
144 38 971
118 159 972
30 191 973
62 197 974
168 30 975
5 123 976
102 165 977
153 18 978
33 118 979
69 126 980
85 109 981
171 168 982
14 180 983
45 112 984
63 124 985
81 167 986
92 43 987
96 2 988
6 135 989
6 51 990
110 166 991
7 190 992
133 61 993
109 124 994
108 144 995
86 149 996
147 36 997
125 144 998
161 140 999
177 138 1000
124 38 1001
15 114 1002
186 158 1003
72 81 1004
33 135 1005
165 58 1006
1 68 1007
155 45 1008
71 197 1009
174 44 1010
73 109 1011
198 149 1012
99 116 1013
58 98 1014
178 86 1015
80 21 1016
117 68 1017
145 141 1018
140 164 1019
32 140 1020
38 138 1021
143 188 1022
121 25 1023
195 83 1024
23 195 1025
161 118 1026
114 58 1027
184 178 1028
99 126 1029
74 59 1030
176 51 1031
70 39 1032
133 183 1033
59 196 1034
60 29 1035
185 22 1036
100 106 1037
114 63 1038
91 48 1039
50 155 1040
82 185 1041
70 162 1042
34 91 1043
2 176 1044
59 158 1045
156 42 1046
26 34 1047
149 173 1048
196 111 1049
136 3 1050
41 23 1051
11 170 1052
88 73 1053
71 169 1054
68 177 1055
180 89 1056
171 153 1057
101 155 1058
50 52 1059
126 95 1060
197 16 1061
44 39 1062
32 63 1063
165 29 1064
136 177 1065
84 1 1066
127 195 1067
74 38 1068
110 188 1069
88 3 1070
162 84 1071
97 26 1072
95 138 1073
46 189 1074
155 129 1075
105 30 1076
126 184 1077
90 84 1078
78 114 1079
114 29 1080
26 137 1081
66 192 1082
142 94 1083
93 22 1084
100 152 1085
187 82 1086
195 167 1087
50 15 1088
185 196 1089
170 137 1090
130 52 1091
70 72 1092
196 40 1093
34 159 1094
35 48 1095
3 182 1096
116 88 1097
161 147 1098
181 194 1099
194 156 1100
101 46 1101
173 126 1102
124 194 1103
101 79 1104
147 91 1105
114 173 1106
144 64 1107
155 136 1108
79 106 1109
57 18 1110
135 147 1111
100 171 1112
159 18 1113
148 152 1114
103 26 1115
83 188 1116
170 111 1117
162 174 1118
47 52 1119
124 134 1120
194 57 1121
43 25 1122
149 96 1123
94 159 1124
58 109 1125
55 167 1126
128 151 1127
168 57 1128
141 12 1129
88 86 1130
186 176 1131
129 190 1132
98 172 1133
114 168 1134
83 35 1135
92 90 1136
137 108 1137
124 91 1138
140 81 1139
44 151 1140
142 154 1141
43 52 1142
96 199 1143
133 156 1144
100 197 1145
191 96 1146
141 118 1147
128 167 1148
136 132 1149
124 70 1150
92 176 1151
98 154 1152
144 145 1153
154 100 1154
173 137 1155
154 44 1156
39 28 1157
155 139 1158
136 105 1159
189 36 1160
155 178 1161
38 29 1162
115 73 1163
113 25 1164
137 11 1165
119 166 1166
183 93 1167
169 130 1168
79 13 1169
12 43 1170
87 126 1171
180 178 1172
19 141 1173
15 188 1174
1 121 1175
110 140 1176
97 41 1177
52 150 1178
14 84 1179
78 141 1180
96 141 1181
69 104 1182
159 2 1183
125 29 1184
160 15 1185
19 46 1186
19 39 1187
65 8 1188
18 173 1189
28 199 1190
34 2 1191
111 156 1192
162 120 1193
64 105 1194
141 126 1195
48 14 1196
13 128 1197
190 141 1198
29 79 1199
35 41 1200
183 131 1201
126 185 1202
84 165 1203
127 75 1204
39 68 1205
90 110 1206
165 169 1207
155 44 1208
16 171 1209
164 98 1210
168 13 1211
21 10 1212
47 130 1213
11 165 1214
107 165 1215
73 123 1216
57 48 1217
86 30 1218
121 98 1219
41 79 1220
99 161 1221
198 21 1222
107 11 1223
151 31 1224
114 32 1225
150 114 1226
148 8 1227
135 99 1228
33 5 1229
174 129 1230
75 136 1231
82 4 1232
101 38 1233
133 4 1234
94 186 1235
105 19 1236
43 159 1237
31 123 1238
174 31 1239
94 156 1240
34 122 1241
197 45 1242
153 22 1243
88 13 1244
185 195 1245
159 54 1246
149 84 1247
68 136 1248
68 130 1249
7 61 1250
95 140 1251
116 191 1252
105 59 1253
196 164 1254
98 82 1255
107 113 1256
185 4 1257
94 32 1258
179 48 1259
96 11 1260
106 31 1261
78 12 1262
43 182 1263
33 152 1264
192 64 1265
177 141 1266
26 189 1267
30 160 1268
22 120 1269
125 183 1270
91 169 1271
106 29 1272
101 89 1273
71 185 1274
122 21 1275
108 99 1276
175 150 1277
195 5 1278
19 71 1279
93 149 1280
190 169 1281
54 93 1282
30 150 1283
105 41 1284
152 101 1285
170 160 1286
194 6 1287
3 87 1288
82 143 1289
59 53 1290
149 89 1291
90 45 1292
69 14 1293
102 81 1294
8 79 1295
199 31 1296
149 132 1297
22 68 1298
152 6 1299
13 80 1300
