200 7000 7000
106 5 1
10 45 2
35 187 3
3 112 4
127 47 5
28 22 6
37 42 7
195 53 8
108 166 9
106 174 10
196 134 11
112 157 12
166 95 13
114 175 14
36 101 15
16 74 16
113 192 17
45 182 18
184 30 19
112 87 20
178 37 21
75 20 22
151 125 23
199 84 24
26 117 25
150 38 26
181 129 27
23 179 28
148 152 29
164 101 30
186 73 31
111 19 32
21 110 33
3 176 34
163 173 35
110 195 36
26 33 37
47 193 38
178 135 39
25 118 40
37 23 41
56 93 42
62 171 43
47 1 44
131 177 45
191 104 46
2 76 47
45 191 48
58 183 49
169 106 50
160 174 51
168 57 52
198 12 53
5 120 54
83 17 55
45 81 56
34 54 57
165 108 58
32 113 59
119 15 60
139 69 61
138 167 62
145 51 63
121 183 64
3 65 65
167 69 66
80 192 67
80 103 68
60 16 69
3 86 70
32 47 71
93 80 72
19 39 73
114 33 74
119 136 75
184 124 76
30 20 77
127 124 78
186 94 79
199 61 80
145 54 81
76 37 82
182 76 83
109 157 84
172 96 85
15 78 86
147 83 87
157 80 88
118 159 89
126 65 90
8 33 91
94 50 92
33 77 93
84 56 94
42 151 95
187 154 96
149 131 97
84 120 98
109 37 99
28 44 100
119 44 101
95 60 102
63 13 103
141 86 104
185 183 105
95 85 106
29 129 107
114 43 108
54 195 109
187 87 110
178 79 111
4 13 112
164 18 113
112 96 114
130 175 115
23 70 116
110 5 117
20 25 118
90 110 119
125 61 120
171 75 121
188 125 122
138 42 123
184 56 124
36 39 125
134 81 126
20 181 127
164 141 128
124 130 129
143 35 130
122 158 131
186 119 132
179 186 133
138 84 134
73 33 135
101 6 136
87 157 137
101 112 138
124 117 139
44 164 140
105 63 141
197 181 142
72 180 143
58 130 144
197 124 145
159 2 146
154 31 147
156 114 148
19 84 149
73 82 150
125 7 151
52 171 152
134 77 153
150 76 154
68 33 155
50 178 156
59 53 157
132 93 158
20 79 159
66 51 160
79 163 161
82 44 162
36 41 163
128 151 164
69 8 165
73 126 166
42 72 167
98 122 168
108 183 169
94 34 170
6 27 171
104 175 172
1 179 173
189 162 174
96 199 175
124 51 176
24 112 177
65 97 178
15 199 179
123 6 180
169 145 181
42 1 182
198 3 183
50 10 184
14 159 185
129 188 186
171 119 187
132 148 188
1 96 189
168 49 190
124 54 191
99 45 192
47 113 193
21 102 194
156 102 195
94 26 196
198 44 197
57 80 198
60 90 199
156 159 200
184 37 201
46 26 202
45 57 203
169 186 204
192 111 205
54 31 206
40 193 207
8 79 208
81 158 209
36 55 210
32 31 211
33 183 212
60 40 213
104 38 214
193 6 215
68 159 216
199 6 217
44 151 218
138 153 219
35 56 220
99 62 221
19 50 222
87 171 223
142 189 224
42 183 225
16 6 226
36 45 227
78 131 228
161 23 229
13 60 230
53 104 231
30 164 232
111 16 233
29 192 234
138 171 235
104 176 236
163 142 237
140 73 238
64 113 239
4 96 240
61 74 241
39 49 242
175 38 243
176 16 244
56 47 245
60 189 246
53 181 247
47 67 248
67 100 249
187 82 250
145 55 251
2 5 252
90 55 253
87 67 254
45 123 255
187 108 256
162 84 257
37 107 258
173 67 259
65 127 260
65 198 261
101 80 262
99 146 263
36 33 264
75 119 265
84 3 266
148 147 267
189 121 268
156 120 269
19 153 270
72 156 271
30 28 272
42 197 273
61 28 274
188 150 275
72 142 276
73 93 277
107 86 278
159 193 279
150 138 280
1 165 281
176 81 282
173 135 283
97 19 284
48 139 285
164 182 286
141 16 287
24 110 288
74 104 289
39 188 290
176 183 291
131 105 292
111 38 293
87 159 294
20 126 295
166 169 296
182 125 297
46 112 298
138 11 299
1 58 300
80 24 301
80 199 302
194 17 303
182 58 304
32 125 305
143 93 306
189 131 307
12 160 308
115 46 309
82 121 310
187 73 311
199 151 312
31 92 313
171 28 314
193 30 315
24 90 316
50 52 317
110 31 318
43 88 319
163 116 320
51 150 321
21 157 322
81 41 323
123 109 324
62 29 325
130 147 326
157 9 327
180 49 328
60 110 329
134 23 330
147 111 331
38 86 332
108 159 333
159 126 334
141 194 335
123 99 336
19 144 337
8 90 338
192 125 339
57 12 340
161 84 341
85 76 342
47 102 343
163 91 344
194 198 345
107 72 346
23 40 347
3 56 348
18 77 349
191 4 350
151 90 351
79 165 352
177 96 353
34 14 354
99 20 355
148 137 356
97 11 357
107 183 358
24 95 359
5 24 360
196 23 361
56 61 362
184 153 363
18 117 364
42 4 365
189 69 366
65 133 367
19 23 368
1 107 369
106 117 370
114 119 371
141 171 372
85 141 373
8 111 374
170 46 375
66 85 376
149 2 377
86 97 378
19 5 379
17 25 380
8 140 381
157 1 382
29 199 383
24 125 384
112 147 385
115 195 386
104 188 387
15 52 388
165 78 389
172 80 390
173 156 391
176 14 392
72 47 393
128 81 394
108 67 395
160 152 396
124 48 397
68 2 398
104 68 399
23 157 400
166 41 401
53 157 402
140 12 403
42 164 404
93 192 405
181 138 406
14 36 407
33 119 408
39 125 409
124 157 410
157 68 411
129 7 412
140 93 413
191 148 414
139 135 415
184 63 416
13 187 417
65 53 418
108 104 419
164 114 420
129 198 421
58 37 422
175 96 423
5 118 424
52 59 425
75 6 426
161 61 427
68 115 428
85 156 429
182 178 430
108 124 431
73 66 432
13 43 433
74 56 434
133 168 435
10 123 436
71 108 437
63 124 438
2 57 439
121 108 440
167 21 441
56 144 442
180 190 443
192 33 444
98 190 445
180 52 446
107 114 447
147 78 448
146 137 449
194 185 450
154 18 451
83 128 452
101 109 453
97 152 454
184 173 455
175 197 456
197 83 457
165 6 458
9 70 459
196 171 460
138 131 461
58 174 462
179 46 463
44 127 464
7 24 465
160 71 466
184 195 467
149 61 468
126 143 469
166 76 470
84 168 471
64 16 472
194 57 473
82 141 474
84 17 475
17 7 476
91 187 477
147 55 478
89 40 479
24 167 480
185 195 481
23 100 482
100 126 483
103 101 484
51 86 485
31 137 486
59 99 487
7 63 488
3 111 489
116 126 490
153 132 491
133 64 492
44 96 493
82 31 494
32 122 495
153 182 496
2 15 497
161 89 498
178 196 499
87 85 500
109 30 501
134 164 502
115 164 503
198 138 504
112 15 505
99 26 506
19 32 507
152 74 508
54 200 509
85 5 510
63 14 511
34 194 512
27 155 513
188 133 514
61 112 515
32 194 516
10 140 517
55 75 518
4 182 519
135 20 520
43 98 521
83 133 522
117 150 523
99 7 524
82 61 525
48 118 526
185 67 527
108 87 528
94 179 529
77 40 530
139 159 531
187 173 532
154 27 533
25 166 534
49 140 535
112 95 536
33 130 537
81 123 538
38 149 539
90 163 540
144 39 541
68 8 542
5 97 543
28 27 544
169 181 545
174 36 546
150 54 547
24 146 548
197 109 549
10 110 550
74 59 551
188 196 552
143 91 553
98 166 554
161 193 555
140 166 556
191 106 557
61 9 558
83 156 559
101 46 560
200 84 561
12 176 562
185 97 563
149 54 564
140 114 565
32 63 566
140 193 567
194 6 568
105 158 569
171 142 570
124 138 571
136 105 572
132 59 573
133 127 574
28 166 575
3 41 576
46 57 577
36 159 578
16 92 579
129 151 580
80 109 581
80 108 582
33 132 583
20 84 584
86 99 585
151 132 586
95 131 587
101 187 588
116 15 589
95 194 590
25 88 591
128 98 592
56 86 593
21 11 594
29 17 595
51 172 596
184 166 597
147 191 598
64 1 599
105 29 600
70 181 601
32 74 602
148 8 603
118 75 604
25 133 605
137 133 606
161 55 607
70 183 608
40 99 609
156 74 610
117 54 611
127 121 612
46 128 613
16 97 614
71 46 615
11 49 616
197 52 617
21 106 618
53 35 619
41 56 620
199 128 621
32 164 622
61 51 623
73 3 624
118 125 625
160 118 626
32 198 627
63 136 628
71 81 629
60 10 630
66 183 631
109 32 632
54 61 633
47 78 634
116 69 635
118 87 636
126 52 637
161 67 638
89 193 639
101 169 640
75 90 641
16 155 642
58 73 643
64 28 644
103 175 645
3 90 646
77 92 647
88 160 648
161 60 649
101 154 650
117 138 651
13 74 652
137 30 653
102 12 654
88 57 655
76 53 656
13 41 657
160 21 658
62 168 659
44 142 660
12 173 661
128 69 662
30 84 663
91 57 664
127 45 665
175 19 666
22 67 667
83 161 668
91 152 669
117 111 670
189 92 671
182 190 672
33 91 673
5 73 674
192 61 675
161 72 676
81 44 677
139 150 678
102 199 679
138 175 680
119 12 681
7 195 682
88 184 683
109 57 684
38 138 685
73 7 686
45 107 687
19 44 688
124 101 689
81 99 690
149 5 691
7 102 692
142 113 693
86 19 694
4 10 695
184 151 696
95 129 697
153 197 698
32 68 699
150 175 700
6 161 701
87 128 702
97 103 703
192 145 704
98 95 705
134 172 706
82 148 707
180 193 708
31 184 709
114 32 710
135 13 711
91 169 712
128 132 713
20 41 714
75 122 715
12 60 716
158 108 717
6 15 718
96 2 719
17 24 720
104 112 721
30 9 722
124 36 723
162 197 724
191 181 725
58 132 726
154 136 727
102 157 728
34 181 729
40 199 730
5 192 731
157 48 732
102 63 733
9 143 734
9 163 735
87 158 736
27 2 737
185 59 738
148 73 739
84 51 740
105 124 741
128 96 742
80 122 743
54 30 744
85 20 745
36 77 746
8 154 747
116 146 748
34 69 749
34 91 750
165 90 751
82 108 752
22 58 753
37 9 754
156 42 755
163 108 756
125 197 757
15 115 758
60 121 759
101 14 760
29 28 761
5 123 762
87 19 763
144 51 764
198 152 765
152 23 766
74 172 767
194 187 768
129 50 769
175 8 770
113 199 771
98 33 772
48 143 773
117 21 774
126 95 775
158 184 776
152 66 777
8 49 778
85 101 779
53 28 780
17 140 781
81 48 782
100 81 783
112 38 784
190 109 785
192 150 786
192 177 787
138 137 788
163 35 789
102 175 790
180 151 791
87 37 792
181 168 793
170 160 794
81 125 795
145 195 796
135 79 797
87 148 798
80 39 799
44 37 800
33 14 801
152 35 802
75 21 803
113 156 804
95 18 805
138 144 806
198 161 807
15 169 808
79 7 809
123 188 810
21 1 811
144 150 812
50 30 813
91 80 814
147 6 815
24 170 816
165 58 817
25 19 818
61 84 819
152 177 820
29 154 821
182 127 822
27 157 823
148 29 824
4 122 825
43 25 826
113 144 827
103 21 828
109 161 829
183 83 830
184 19 831
167 109 832
72 130 833
182 74 834
168 161 835
12 143 836
102 143 837
53 74 838
18 147 839
176 130 840
71 133 841
65 167 842
171 97 843
73 78 844
32 171 845
15 113 846
185 144 847
72 189 848
77 192 849
59 125 850
24 171 851
101 91 852
99 84 853
37 51 854
193 192 855
24 159 856
118 9 857
30 68 858
156 194 859
7 70 860
183 131 861
13 180 862
148 50 863
13 194 864
65 136 865
134 144 866
30 81 867
160 66 868
70 17 869
15 74 870
64 110 871
164 149 872
103 140 873
166 181 874
150 109 875
40 102 876
103 156 877
87 95 878
91 9 879
88 187 880
184 175 881
139 116 882
45 5 883
158 63 884
134 178 885
148 141 886
147 198 887
118 168 888
20 77 889
51 156 890
106 111 891
130 46 892
98 114 893
100 144 894
143 197 895
188 102 896
60 138 897
95 3 898
98 103 899
31 175 900
15 43 901
21 141 902
51 149 903
199 126 904
140 105 905
101 141 906
63 199 907
6 22 908
65 190 909
177 200 910
127 160 911
54 120 912
98 119 913
23 189 914
135 4 915
5 175 916
54 10 917
166 173 918
125 30 919
200 90 920
139 71 921
174 181 922
17 160 923
22 173 924
147 35 925
190 74 926
2 130 927
167 157 928
134 109 929
53 172 930
167 98 931
15 132 932
55 129 933
29 101 934
83 169 935
137 105 936
88 164 937
171 157 938
184 24 939
171 37 940
9 168 941
193 42 942
82 138 943
26 82 944
121 91 945
156 40 946
190 77 947
127 79 948
140 134 949
66 161 950
116 185 951
134 19 952
51 155 953
142 47 954
9 146 955
149 60 956
105 193 957
158 156 958
1 102 959
172 8 960
122 94 961
185 111 962
142 91 963
121 98 964
28 12 965
69 11 966
31 52 967
8 174 968
193 175 969
92 90 970
190 79 971
5 52 972
27 42 973
149 84 974
180 186 975
27 198 976
87 178 977
144 63 978
177 49 979
156 5 980
104 113 981
137 158 982
64 140 983
132 165 984
72 81 985
35 140 986
80 169 987
186 98 988
135 182 989
11 43 990
150 1 991
69 84 992
5 68 993
119 162 994
27 81 995
158 59 996
58 24 997
146 16 998
70 146 999
50 59 1000
151 5 1001
181 79 1002
188 40 1003
112 150 1004
8 152 1005
179 200 1006
181 98 1007
138 66 1008
70 141 1009
30 89 1010
132 105 1011
35 19 1012
176 4 1013
25 147 1014
34 55 1015
24 130 1016
34 64 1017
18 193 1018
82 190 1019
195 40 1020
104 155 1021
21 10 1022
49 57 1023
158 25 1024
144 187 1025
108 119 1026
155 124 1027
60 105 1028
84 140 1029
180 77 1030
16 69 1031
73 103 1032
53 141 1033
121 102 1034
192 4 1035
54 127 1036
144 121 1037
10 173 1038
63 154 1039
178 147 1040
178 100 1041
171 51 1042
7 21 1043
84 148 1044
154 164 1045
28 114 1046
50 115 1047
77 80 1048
121 69 1049
192 9 1050
31 64 1051
90 23 1052
70 112 1053
169 18 1054
192 74 1055
25 115 1056
32 75 1057
33 125 1058
44 190 1059
51 198 1060
27 64 1061
6 29 1062
8 173 1063
43 101 1064
33 155 1065
154 172 1066
143 46 1067
144 75 1068
28 188 1069
110 155 1070
149 176 1071
142 22 1072
158 99 1073
22 31 1074
130 97 1075
125 10 1076
9 92 1077
45 20 1078
108 176 1079
73 107 1080
71 55 1081
131 46 1082
145 107 1083
5 126 1084
65 161 1085
46 102 1086
30 72 1087
139 178 1088
119 16 1089
54 134 1090
161 53 1091
99 114 1092
37 53 1093
166 6 1094
56 134 1095
17 177 1096
2 93 1097
24 132 1098
111 188 1099
52 56 1100
28 37 1101
79 193 1102
150 22 1103
91 155 1104
199 191 1105
35 86 1106
196 30 1107
145 200 1108
3 46 1109
116 77 1110
123 25 1111
79 136 1112
71 100 1113
127 87 1114
94 154 1115
160 107 1116
41 72 1117
9 130 1118
172 85 1119
26 193 1120
45 98 1121
92 24 1122
137 10 1123
91 160 1124
180 162 1125
47 168 1126
10 116 1127
183 63 1128
39 48 1129
164 98 1130
144 145 1131
26 63 1132
85 135 1133
69 112 1134
167 150 1135
12 24 1136
40 149 1137
116 142 1138
100 42 1139
167 26 1140
68 107 1141
90 187 1142
103 169 1143
199 174 1144
60 151 1145
39 132 1146
81 115 1147
171 13 1148
53 186 1149
128 191 1150
187 111 1151
53 10 1152
6 190 1153
195 19 1154
41 83 1155
174 184 1156
62 140 1157
65 89 1158
98 91 1159
183 46 1160
52 125 1161
24 143 1162
133 169 1163
109 187 1164
178 18 1165
25 107 1166
18 122 1167
44 41 1168
64 30 1169
10 148 1170
130 8 1171
157 74 1172
25 103 1173
27 35 1174
157 159 1175
126 86 1176
149 27 1177
127 168 1178
144 106 1179
169 144 1180
171 73 1181
32 118 1182
35 48 1183
177 85 1184
36 60 1185
95 74 1186
151 51 1187
6 136 1188
10 64 1189
164 56 1190
190 46 1191
151 99 1192
200 70 1193
22 30 1194
170 33 1195
40 3 1196
165 61 1197
119 150 1198
98 83 1199
34 92 1200
181 103 1201
58 98 1202
23 86 1203
95 21 1204
166 105 1205
167 77 1206
66 13 1207
27 190 1208
64 86 1209
3 47 1210
119 191 1211
51 56 1212
59 30 1213
4 26 1214
79 111 1215
18 163 1216
142 54 1217
90 197 1218
105 185 1219
137 166 1220
196 67 1221
154 124 1222
30 96 1223
148 129 1224
124 91 1225
94 4 1226
170 128 1227
81 4 1228
139 130 1229
157 12 1230
8 66 1231
76 194 1232
38 28 1233
6 139 1234
66 142 1235
46 147 1236
187 166 1237
137 176 1238
114 48 1239
146 5 1240
56 28 1241
75 102 1242
108 160 1243
16 13 1244
64 89 1245
36 110 1246
78 188 1247
174 150 1248
125 164 1249
48 17 1250
118 197 1251
114 63 1252
102 100 1253
188 32 1254
171 106 1255
58 39 1256
76 86 1257
14 49 1258
181 144 1259
155 136 1260
195 46 1261
64 117 1262
180 199 1263
93 170 1264
41 142 1265
61 43 1266
194 116 1267
83 50 1268
136 74 1269
94 32 1270
65 24 1271
36 8 1272
135 29 1273
172 197 1274
12 134 1275
86 140 1276
78 191 1277
79 152 1278
60 55 1279
43 97 1280
11 34 1281
27 92 1282
172 46 1283
133 115 1284
82 188 1285
3 182 1286
77 11 1287
18 85 1288
200 123 1289
38 161 1290
126 115 1291
131 162 1292
44 56 1293
180 33 1294
62 87 1295
122 170 1296
137 131 1297
132 70 1298
79 60 1299
132 37 1300
108 93 1301
162 149 1302
124 190 1303
165 183 1304
82 114 1305
152 13 1306
142 176 1307
62 194 1308
149 22 1309
86 118 1310
144 21 1311
25 55 1312
101 190 1313
29 18 1314
60 134 1315
35 165 1316
146 14 1317
106 33 1318
21 177 1319
168 124 1320
11 141 1321
147 132 1322
141 125 1323
125 191 1324
169 82 1325
48 193 1326
90 150 1327
39 50 1328
123 94 1329
26 16 1330
74 38 1331
146 35 1332
39 174 1333
110 4 1334
77 176 1335
76 50 1336
62 131 1337
198 128 1338
8 160 1339
1 183 1340
7 165 1341
100 70 1342
77 46 1343
85 97 1344
66 81 1345
88 80 1346
5 28 1347
146 175 1348
48 68 1349
101 115 1350
52 92 1351
156 185 1352
53 14 1353
32 12 1354
105 197 1355
33 92 1356
9 129 1357
200 128 1358
188 109 1359
29 179 1360
79 177 1361
89 11 1362
155 70 1363
46 17 1364
131 1 1365
164 83 1366
131 179 1367
39 128 1368
188 142 1369
185 10 1370
163 14 1371
68 57 1372
119 10 1373
43 198 1374
159 22 1375
124 186 1376
22 77 1377
198 26 1378
98 51 1379
25 7 1380
59 157 1381
34 52 1382
186 60 1383
168 128 1384
53 118 1385
50 57 1386
113 86 1387
73 123 1388
143 141 1389
6 197 1390
111 172 1391
157 51 1392
8 86 1393
45 24 1394
119 149 1395
187 139 1396
196 9 1397
112 186 1398
72 77 1399
66 52 1400
161 85 1401
194 26 1402
125 87 1403
64 161 1404
195 25 1405
198 108 1406
97 153 1407
191 118 1408
44 146 1409
19 46 1410
44 10 1411
82 48 1412
25 100 1413
49 170 1414
39 74 1415
86 168 1416
34 100 1417
51 74 1418
60 145 1419
162 96 1420
38 173 1421
188 198 1422
117 145 1423
174 32 1424
139 110 1425
92 12 1426
197 79 1427
177 37 1428
143 133 1429
11 95 1430
194 144 1431
190 12 1432
102 105 1433
183 60 1434
69 60 1435
64 92 1436
54 177 1437
54 38 1438
79 128 1439
189 195 1440
28 169 1441
13 151 1442
154 144 1443
29 142 1444
199 85 1445
103 161 1446
39 28 1447
104 110 1448
54 180 1449
64 181 1450
169 89 1451
84 163 1452
79 85 1453
37 80 1454
162 165 1455
132 103 1456
153 16 1457
59 136 1458
164 168 1459
122 17 1460
9 134 1461
191 96 1462
20 72 1463
157 64 1464
87 135 1465
183 124 1466
36 152 1467
57 102 1468
7 199 1469
172 79 1470
181 123 1471
197 58 1472
85 82 1473
124 137 1474
13 197 1475
87 100 1476
200 130 1477
115 122 1478
16 1 1479
55 178 1480
15 99 1481
196 44 1482
22 162 1483
130 133 1484
59 18 1485
176 26 1486
18 40 1487
102 93 1488
22 56 1489
200 141 1490
68 24 1491
144 43 1492
144 173 1493
147 128 1494
148 46 1495
32 197 1496
190 175 1497
165 139 1498
58 168 1499
195 155 1500
99 116 1501
169 45 1502
45 63 1503
60 100 1504
185 69 1505
86 68 1506
162 26 1507
83 139 1508
63 171 1509
36 37 1510
5 41 1511
64 80 1512
22 122 1513
14 139 1514
191 26 1515
129 58 1516
58 191 1517
152 127 1518
169 148 1519
167 116 1520
78 35 1521
162 160 1522
79 38 1523
86 92 1524
2 132 1525
166 93 1526
96 115 1527
73 54 1528
184 107 1529
21 9 1530
110 87 1531
137 73 1532
54 45 1533
115 196 1534
82 43 1535
30 65 1536
167 35 1537
131 89 1538
100 101 1539
165 54 1540
140 109 1541
193 130 1542
49 98 1543
124 104 1544
184 68 1545
178 191 1546
76 124 1547
132 10 1548
177 114 1549
149 144 1550
53 119 1551
110 109 1552
182 85 1553
48 168 1554
200 190 1555
156 195 1556
169 17 1557
168 173 1558
124 129 1559
94 5 1560
68 195 1561
29 79 1562
155 122 1563
190 150 1564
102 165 1565
34 148 1566
181 84 1567
153 95 1568
163 70 1569
7 98 1570
52 8 1571
35 76 1572
64 119 1573
80 3 1574
64 108 1575
25 197 1576
99 57 1577
62 15 1578
119 173 1579
200 7 1580
70 41 1581
105 30 1582
167 25 1583
42 103 1584
82 155 1585
47 156 1586
125 199 1587
91 177 1588
117 90 1589
195 125 1590
53 45 1591
130 73 1592
122 128 1593
127 197 1594
1 34 1595
141 137 1596
197 117 1597
39 75 1598
153 133 1599
88 194 1600
167 34 1601
162 33 1602
174 102 1603
88 46 1604
185 96 1605
158 109 1606
65 194 1607
199 157 1608
30 32 1609
30 98 1610
113 1 1611
74 115 1612
171 129 1613
192 127 1614
143 131 1615
128 5 1616
98 76 1617
16 194 1618
76 94 1619
52 115 1620
10 183 1621
14 22 1622
18 50 1623
23 144 1624
3 185 1625
109 17 1626
34 199 1627
72 112 1628
109 66 1629
186 158 1630
12 70 1631
59 75 1632
143 194 1633
106 108 1634
126 92 1635
187 106 1636
107 200 1637
159 135 1638
1 37 1639
185 162 1640
52 58 1641
121 175 1642
68 95 1643
59 38 1644
42 49 1645
169 130 1646
186 181 1647
91 183 1648
157 107 1649
139 12 1650
142 36 1651
190 149 1652
101 199 1653
24 19 1654
137 128 1655
39 13 1656
68 177 1657
36 56 1658
157 3 1659
84 158 1660
23 127 1661
77 128 1662
133 120 1663
107 105 1664
5 15 1665
147 140 1666
3 9 1667
48 61 1668
16 50 1669
52 1 1670
18 16 1671
192 53 1672
18 48 1673
11 39 1674
35 32 1675
165 128 1676
62 129 1677
14 158 1678
55 183 1679
127 67 1680
5 27 1681
67 82 1682
68 108 1683
135 34 1684
155 199 1685
14 102 1686
101 136 1687
144 117 1688
23 50 1689
116 175 1690
147 50 1691
185 134 1692
117 146 1693
171 158 1694
67 102 1695
198 149 1696
161 118 1697
68 168 1698
7 190 1699
161 105 1700
46 85 1701
136 23 1702
3 114 1703
128 108 1704
107 99 1705
81 23 1706
180 61 1707
152 112 1708
34 86 1709
43 42 1710
111 115 1711
128 118 1712
104 200 1713
81 174 1714
91 127 1715
140 75 1716
92 98 1717
186 185 1718
2 171 1719
187 186 1720
97 191 1721
7 47 1722
48 141 1723
156 62 1724
113 121 1725
10 82 1726
3 38 1727
113 166 1728
87 77 1729
53 115 1730
189 178 1731
40 66 1732
117 185 1733
31 85 1734
11 81 1735
194 136 1736
109 163 1737
146 52 1738
79 194 1739
192 88 1740
83 184 1741
91 115 1742
136 4 1743
147 36 1744
174 48 1745
121 137 1746
177 93 1747
179 82 1748
95 182 1749
194 191 1750
172 133 1751
147 120 1752
19 167 1753
3 29 1754
29 91 1755
21 88 1756
180 170 1757
188 162 1758
91 27 1759
66 65 1760
143 38 1761
147 71 1762
65 14 1763
197 5 1764
44 179 1765
117 169 1766
30 170 1767
9 63 1768
25 89 1769
194 123 1770
26 34 1771
131 87 1772
164 142 1773
180 10 1774
183 67 1775
95 125 1776
164 69 1777
18 97 1778
9 23 1779
181 194 1780
164 51 1781
98 134 1782
143 23 1783
130 170 1784
30 6 1785
89 82 1786
103 1 1787
157 111 1788
86 134 1789
4 132 1790
42 81 1791
165 114 1792
31 147 1793
168 189 1794
140 78 1795
65 88 1796
120 177 1797
75 34 1798
97 26 1799
101 143 1800
29 25 1801
97 22 1802
189 194 1803
70 194 1804
137 106 1805
14 37 1806
71 168 1807
94 200 1808
8 165 1809
67 63 1810
87 165 1811
82 86 1812
59 147 1813
124 102 1814
185 23 1815
105 190 1816
47 197 1817
156 25 1818
89 160 1819
60 115 1820
134 49 1821
66 194 1822
33 128 1823
109 200 1824
156 163 1825
19 106 1826
101 47 1827
51 123 1828
74 36 1829
140 7 1830
100 197 1831
40 98 1832
65 113 1833
23 199 1834
51 58 1835
1 158 1836
77 35 1837
2 184 1838
107 169 1839
87 164 1840
53 142 1841
63 25 1842
11 124 1843
178 8 1844
17 154 1845
40 110 1846
14 84 1847
85 33 1848
9 170 1849
73 16 1850
125 140 1851
154 117 1852
172 185 1853
37 54 1854
55 21 1855
148 58 1856
192 52 1857
176 20 1858
192 130 1859
151 31 1860
190 88 1861
145 126 1862
121 164 1863
117 141 1864
36 76 1865
161 29 1866
99 69 1867
70 38 1868
88 115 1869
165 141 1870
72 22 1871
12 43 1872
56 200 1873
54 15 1874
39 103 1875
58 46 1876
124 70 1877
56 148 1878
183 96 1879
62 18 1880
10 174 1881
43 111 1882
54 5 1883
16 98 1884
96 197 1885
163 8 1886
68 101 1887
62 26 1888
152 142 1889
54 14 1890
187 199 1891
59 42 1892
119 178 1893
11 50 1894
109 41 1895
58 137 1896
53 120 1897
180 89 1898
8 155 1899
75 189 1900
168 159 1901
185 196 1902
126 157 1903
36 192 1904
195 15 1905
165 24 1906
170 136 1907
163 129 1908
50 27 1909
61 132 1910
127 184 1911
176 118 1912
73 167 1913
67 123 1914
119 48 1915
61 147 1916
33 49 1917
90 17 1918
22 179 1919
34 152 1920
18 86 1921
197 78 1922
36 179 1923
126 64 1924
66 147 1925
85 109 1926
97 2 1927
109 46 1928
86 190 1929
76 188 1930
88 67 1931
13 166 1932
148 165 1933
118 142 1934
99 181 1935
151 84 1936
78 17 1937
71 89 1938
15 161 1939
87 183 1940
13 147 1941
25 94 1942
36 4 1943
78 62 1944
48 54 1945
79 15 1946
133 27 1947
178 173 1948
7 155 1949
105 16 1950
158 128 1951
147 52 1952
186 145 1953
19 173 1954
99 106 1955
136 135 1956
150 163 1957
29 127 1958
50 108 1959
118 171 1960
53 159 1961
23 5 1962
94 60 1963
112 29 1964
76 154 1965
20 107 1966
174 56 1967
171 91 1968
15 65 1969
10 115 1970
15 192 1971
186 174 1972
72 63 1973
2 52 1974
146 159 1975
120 34 1976
106 8 1977
98 107 1978
66 192 1979
178 27 1980
54 58 1981
8 158 1982
87 172 1983
6 3 1984
77 107 1985
93 82 1986
26 189 1987
65 146 1988
162 37 1989
19 91 1990
142 94 1991
34 68 1992
31 178 1993
122 167 1994
35 47 1995
22 94 1996
28 52 1997
135 170 1998
19 121 1999
131 150 2000
39 43 2001
190 53 2002
86 31 2003
188 52 2004
153 104 2005
169 142 2006
44 113 2007
148 23 2008
29 32 2009
135 108 2010
185 35 2011
172 157 2012
125 172 2013
153 20 2014
164 48 2015
74 163 2016
33 176 2017
22 10 2018
150 37 2019
172 162 2020
68 164 2021
64 189 2022
2 188 2023
182 184 2024
191 157 2025
196 55 2026
15 122 2027
69 72 2028
171 99 2029
39 145 2030
125 105 2031
106 197 2032
149 56 2033
67 38 2034
46 184 2035
178 112 2036
155 9 2037
81 1 2038
169 153 2039
82 64 2040
190 189 2041
55 172 2042
187 102 2043
103 192 2044
100 78 2045
76 110 2046
111 143 2047
186 31 2048
172 126 2049
151 109 2050
134 71 2051
148 128 2052
50 26 2053
18 8 2054
126 32 2055
77 124 2056
155 134 2057
103 68 2058
34 154 2059
174 91 2060
181 30 2061
106 116 2062
23 195 2063
115 187 2064
172 176 2065
85 56 2066
38 181 2067
37 6 2068
91 180 2069
127 75 2070
149 106 2071
41 75 2072
102 198 2073
166 32 2074
137 149 2075
27 103 2076
41 123 2077
4 167 2078
155 28 2079
167 175 2080
123 162 2081
103 100 2082
14 74 2083
136 3 2084
59 13 2085
164 75 2086
111 103 2087
182 88 2088
52 33 2089
6 51 2090
130 11 2091
110 130 2092
90 37 2093
161 18 2094
45 138 2095
107 179 2096
108 184 2097
117 96 2098
146 121 2099
172 65 2100
1 154 2101
159 54 2102
78 177 2103
78 84 2104
199 172 2105
172 57 2106
78 57 2107
145 138 2108
31 158 2109
117 155 2110
86 163 2111
64 127 2112
80 97 2113
186 63 2114
117 127 2115
159 18 2116
131 167 2117
137 108 2118
200 183 2119
176 148 2120
89 137 2121
70 50 2122
148 172 2123
72 118 2124
63 68 2125
95 149 2126
156 73 2127
102 125 2128
181 68 2129
168 82 2130
122 172 2131
56 146 2132
102 38 2133
168 93 2134
154 36 2135
173 61 2136
67 6 2137
144 133 2138
73 42 2139
77 188 2140
192 107 2141
30 129 2142
154 181 2143
22 130 2144
27 142 2145
138 100 2146
82 66 2147
8 23 2148
80 102 2149
109 87 2150
47 31 2151
197 56 2152
140 24 2153
11 122 2154
176 70 2155
2 53 2156
116 88 2157
33 5 2158
25 113 2159
197 161 2160
47 99 2161
193 142 2162
173 85 2163
100 17 2164
87 126 2165
158 4 2166
151 32 2167
166 151 2168
135 166 2169
154 162 2170
29 175 2171
93 152 2172
95 40 2173
190 185 2174
133 10 2175
13 62 2176
199 41 2177
9 189 2178
41 99 2179
68 135 2180
128 3 2181
110 70 2182
104 44 2183
17 115 2184
114 11 2185
178 76 2186
128 51 2187
146 197 2188
85 140 2189
90 48 2190
78 155 2191
191 115 2192
123 47 2193
22 120 2194
50 75 2195
46 105 2196
195 78 2197
29 77 2198
187 51 2199
1 121 2200
95 159 2201
15 156 2202
188 139 2203
180 188 2204
178 101 2205
74 11 2206
153 155 2207
69 182 2208
107 113 2209
28 108 2210
102 191 2211
162 178 2212
38 176 2213
160 120 2214
3 4 2215
4 71 2216
158 141 2217
8 19 2218
191 189 2219
70 107 2220
102 136 2221
154 135 2222
24 173 2223
110 30 2224
16 101 2225
138 30 2226
74 17 2227
50 155 2228
115 180 2229
92 47 2230
121 67 2231
78 101 2232
18 7 2233
53 21 2234
62 123 2235
2 85 2236
6 69 2237
99 185 2238
129 100 2239
167 61 2240
41 82 2241
36 87 2242
196 139 2243
16 48 2244
65 94 2245
160 156 2246
14 103 2247
189 36 2248
12 89 2249
191 152 2250
4 99 2251
154 197 2252
139 21 2253
186 147 2254
133 183 2255
73 102 2256
55 119 2257
116 161 2258
65 56 2259
146 166 2260
131 65 2261
153 64 2262
36 63 2263
143 41 2264
38 151 2265
81 186 2266
56 111 2267
139 179 2268
101 44 2269
75 97 2270
27 17 2271
133 123 2272
44 195 2273
191 70 2274
153 10 2275
104 129 2276
123 141 2277
101 56 2278
87 88 2279
145 86 2280
83 51 2281
128 141 2282
185 121 2283
5 162 2284
193 90 2285
132 120 2286
112 26 2287
61 188 2288
99 152 2289
143 31 2290
105 35 2291
10 42 2292
143 174 2293
65 48 2294
190 20 2295
108 130 2296
23 67 2297
155 45 2298
118 186 2299
106 154 2300
33 120 2301
15 188 2302
34 132 2303
123 179 2304
141 95 2305
200 153 2306
47 184 2307
130 52 2308
186 36 2309
108 19 2310
42 136 2311
94 150 2312
132 92 2313
83 36 2314
41 147 2315
175 165 2316
146 168 2317
181 42 2318
47 58 2319
116 137 2320
42 194 2321
171 168 2322
5 179 2323
167 17 2324
111 21 2325
94 180 2326
40 33 2327
72 93 2328
7 89 2329
4 112 2330
91 63 2331
71 2 2332
84 106 2333
170 106 2334
150 58 2335
170 175 2336
91 48 2337
6 104 2338
130 106 2339
135 155 2340
33 100 2341
24 200 2342
100 110 2343
163 120 2344
97 142 2345
139 190 2346
13 1 2347
132 54 2348
199 53 2349
28 45 2350
90 144 2351
183 154 2352
21 159 2353
41 19 2354
103 131 2355
58 145 2356
41 183 2357
63 80 2358
106 134 2359
56 12 2360
170 25 2361
22 170 2362
86 128 2363
27 158 2364
129 25 2365
91 67 2366
115 183 2367
123 88 2368
199 18 2369
152 182 2370
108 72 2371
27 68 2372
26 104 2373
85 128 2374
144 36 2375
170 129 2376
100 19 2377
28 104 2378
167 10 2379
5 142 2380
175 92 2381
69 143 2382
48 132 2383
122 101 2384
98 4 2385
114 146 2386
193 163 2387
70 72 2388
147 29 2389
182 86 2390
161 192 2391
43 35 2392
59 129 2393
135 11 2394
38 12 2395
45 78 2396
58 32 2397
139 72 2398
141 23 2399
107 130 2400
14 199 2401
162 49 2402
144 146 2403
175 117 2404
157 60 2405
183 119 2406
76 38 2407
189 2 2408
124 38 2409
158 22 2410
109 112 2411
120 121 2412
82 76 2413
32 22 2414
59 61 2415
99 49 2416
174 97 2417
65 180 2418
128 197 2419
26 160 2420
39 76 2421
38 29 2422
83 121 2423
108 31 2424
105 40 2425
83 132 2426
86 155 2427
112 167 2428
46 81 2429
194 29 2430
47 2 2431
143 184 2432
99 50 2433
39 1 2434
10 186 2435
87 43 2436
175 46 2437
48 190 2438
150 161 2439
24 91 2440
117 68 2441
81 170 2442
78 94 2443
83 126 2444
42 189 2445
67 142 2446
156 38 2447
154 39 2448
130 166 2449
17 135 2450
75 116 2451
122 71 2452
4 142 2453
81 57 2454
70 148 2455
195 63 2456
66 172 2457
39 24 2458
127 1 2459
149 16 2460
177 116 2461
87 195 2462
197 152 2463
17 67 2464
119 109 2465
68 13 2466
68 136 2467
30 13 2468
163 94 2469
88 52 2470
159 5 2471
96 147 2472
93 173 2473
33 11 2474
185 199 2475
149 126 2476
116 36 2477
89 32 2478
83 66 2479
51 159 2480
30 51 2481
22 168 2482
64 72 2483
53 169 2484
91 50 2485
11 87 2486
104 100 2487
32 81 2488
12 66 2489
66 57 2490
51 59 2491
97 99 2492
95 7 2493
192 55 2494
52 32 2495
15 143 2496
123 142 2497
115 56 2498
103 26 2499
55 158 2500
94 18 2501
136 44 2502
136 131 2503
81 91 2504
166 64 2505
114 133 2506
33 137 2507
178 86 2508
91 43 2509
26 9 2510
144 12 2511
98 62 2512
7 138 2513
92 48 2514
77 58 2515
6 79 2516
92 176 2517
52 168 2518
120 193 2519
190 66 2520
36 123 2521
8 144 2522
15 196 2523
35 158 2524
136 29 2525
184 75 2526
10 25 2527
11 118 2528
47 52 2529
135 141 2530
52 142 2531
94 193 2532
21 27 2533
169 92 2534
124 49 2535
198 84 2536
135 160 2537
38 157 2538
79 129 2539
24 128 2540
78 151 2541
197 40 2542
172 118 2543
40 126 2544
80 19 2545
60 120 2546
88 32 2547
178 197 2548
29 93 2549
133 61 2550
126 187 2551
31 29 2552
170 171 2553
191 88 2554
44 176 2555
103 139 2556
190 126 2557
37 47 2558
196 129 2559
168 83 2560
133 32 2561
175 93 2562
64 22 2563
191 68 2564
118 121 2565
135 37 2566
198 169 2567
181 109 2568
149 96 2569
100 44 2570
28 98 2571
158 26 2572
97 179 2573
20 137 2574
192 7 2575
45 192 2576
144 164 2577
29 72 2578
163 76 2579
116 155 2580
104 66 2581
194 22 2582
126 177 2583
128 32 2584
22 61 2585
198 155 2586
49 45 2587
133 182 2588
49 159 2589
88 6 2590
120 99 2591
190 138 2592
174 19 2593
191 12 2594
104 72 2595
163 190 2596
192 102 2597
56 190 2598
158 154 2599
54 156 2600
101 51 2601
12 169 2602
73 164 2603
66 68 2604
82 21 2605
106 124 2606
72 167 2607
181 196 2608
95 103 2609
195 91 2610
32 152 2611
117 67 2612
105 19 2613
72 169 2614
174 158 2615
99 6 2616
41 190 2617
160 43 2618
186 85 2619
55 77 2620
165 80 2621
11 170 2622
112 67 2623
157 77 2624
31 155 2625
29 30 2626
109 173 2627
5 108 2628
173 180 2629
186 193 2630
196 13 2631
144 79 2632
30 55 2633
147 169 2634
145 35 2635
142 39 2636
67 195 2637
61 148 2638
198 90 2639
11 16 2640
173 28 2641
27 147 2642
200 185 2643
136 109 2644
172 19 2645
53 52 2646
44 130 2647
193 183 2648
76 179 2649
75 61 2650
143 110 2651
65 165 2652
109 111 2653
12 105 2654
145 174 2655
100 171 2656
164 107 2657
77 191 2658
87 102 2659
70 149 2660
116 94 2661
48 7 2662
90 32 2663
46 64 2664
29 39 2665
154 151 2666
67 181 2667
117 58 2668
95 50 2669
121 52 2670
143 71 2671
187 110 2672
165 44 2673
192 140 2674
187 75 2675
97 95 2676
140 58 2677
45 113 2678
126 75 2679
38 57 2680
199 192 2681
165 60 2682
166 196 2683
39 101 2684
144 69 2685
179 113 2686
94 149 2687
74 102 2688
85 57 2689
111 14 2690
92 36 2691
66 102 2692
149 18 2693
134 127 2694
18 24 2695
141 127 2696
100 89 2697
94 191 2698
55 144 2699
184 178 2700
157 47 2701
41 79 2702
177 4 2703
4 70 2704
19 71 2705
61 168 2706
40 4 2707
194 40 2708
116 173 2709
158 83 2710
197 135 2711
48 130 2712
163 145 2713
87 54 2714
199 68 2715
163 21 2716
139 29 2717
167 87 2718
155 92 2719
147 192 2720
164 78 2721
74 7 2722
132 68 2723
183 146 2724
33 145 2725
9 48 2726
33 111 2727
140 33 2728
15 100 2729
160 87 2730
162 140 2731
153 151 2732
33 39 2733
22 107 2734
17 99 2735
56 102 2736
88 152 2737
70 82 2738
97 136 2739
162 133 2740
127 60 2741
56 92 2742
179 48 2743
161 81 2744
64 148 2745
62 191 2746
10 192 2747
30 101 2748
89 162 2749
184 90 2750
152 38 2751
31 198 2752
163 54 2753
185 36 2754
70 11 2755
126 67 2756
137 178 2757
88 16 2758
159 129 2759
90 122 2760
37 199 2761
71 59 2762
51 143 2763
42 94 2764
40 121 2765
196 41 2766
124 7 2767
59 171 2768
80 191 2769
186 148 2770
9 1 2771
81 156 2772
94 153 2773
71 42 2774
112 11 2775
126 22 2776
18 152 2777
137 56 2778
48 177 2779
144 28 2780
172 91 2781
79 154 2782
63 43 2783
73 55 2784
18 123 2785
27 148 2786
119 14 2787
58 55 2788
136 70 2789
165 12 2790
107 190 2791
119 197 2792
168 135 2793
115 131 2794
140 28 2795
41 185 2796
149 62 2797
40 74 2798
37 139 2799
38 162 2800
155 39 2801
193 181 2802
17 49 2803
83 45 2804
155 181 2805
150 62 2806
166 89 2807
98 178 2808
19 58 2809
120 68 2810
51 163 2811
187 159 2812
5 188 2813
139 152 2814
45 25 2815
49 66 2816
19 34 2817
101 76 2818
26 107 2819
126 3 2820
163 104 2821
116 135 2822
85 80 2823
191 142 2824
115 128 2825
113 2 2826
175 145 2827
84 146 2828
183 52 2829
104 134 2830
70 77 2831
39 51 2832
143 129 2833
189 184 2834
161 156 2835
119 86 2836
27 102 2837
89 84 2838
141 166 2839
158 194 2840
194 110 2841
143 85 2842
137 36 2843
167 59 2844
185 21 2845
24 60 2846
82 146 2847
175 122 2848
196 77 2849
100 193 2850
128 75 2851
199 150 2852
64 98 2853
7 112 2854
191 71 2855
123 66 2856
77 164 2857
197 74 2858
167 180 2859
5 34 2860
129 177 2861
194 82 2862
92 172 2863
162 155 2864
36 28 2865
125 155 2866
124 169 2867
117 128 2868
140 21 2869
72 171 2870
51 27 2871
62 166 2872
146 131 2873
3 178 2874
26 181 2875
55 69 2876
56 29 2877
43 93 2878
129 63 2879
147 131 2880
191 184 2881
155 63 2882
193 124 2883
105 153 2884
111 154 2885
162 48 2886
158 160 2887
50 133 2888
16 42 2889
88 41 2890
173 137 2891
96 158 2892
19 27 2893
48 196 2894
104 103 2895
142 173 2896
99 113 2897
36 43 2898
120 1 2899
19 179 2900
198 23 2901
142 154 2902
75 15 2903
120 97 2904
197 99 2905
161 101 2906
82 110 2907
140 81 2908
138 197 2909
163 77 2910
13 80 2911
41 163 2912
73 77 2913
109 193 2914
92 60 2915
70 60 2916
161 140 2917
117 162 2918
180 128 2919
73 143 2920
47 14 2921
63 61 2922
80 190 2923
25 23 2924
114 58 2925
51 160 2926
54 167 2927
6 60 2928
73 48 2929
174 49 2930
6 2 2931
198 95 2932
60 27 2933
52 102 2934
93 8 2935
131 77 2936
144 38 2937
12 97 2938
54 13 2939
3 180 2940
175 181 2941
39 69 2942
69 67 2943
47 34 2944
57 154 2945
108 144 2946
49 87 2947
194 35 2948
21 52 2949
165 197 2950
9 14 2951
193 71 2952
23 156 2953
157 140 2954
26 187 2955
182 47 2956
167 197 2957
189 158 2958
43 77 2959
74 160 2960
195 150 2961
166 133 2962
4 9 2963
139 26 2964
106 190 2965
21 2 2966
74 142 2967
24 172 2968
144 97 2969
94 196 2970
74 46 2971
21 175 2972
54 35 2973
140 100 2974
149 138 2975
190 96 2976
80 166 2977
128 161 2978
58 6 2979
91 77 2980
163 192 2981
18 135 2982
67 29 2983
127 194 2984
113 158 2985
74 106 2986
164 72 2987
49 78 2988
94 129 2989
155 139 2990
57 15 2991
133 155 2992
88 135 2993
176 117 2994
22 138 2995
112 34 2996
163 43 2997
172 1 2998
110 54 2999
9 95 3000
20 113 3001
11 40 3002
108 145 3003
29 36 3004
92 51 3005
140 3 3006
79 97 3007
14 173 3008
190 186 3009
23 29 3010
44 144 3011
151 182 3012
66 143 3013
177 180 3014
192 28 3015
72 67 3016
184 142 3017
111 120 3018
126 142 3019
40 20 3020
158 5 3021
200 171 3022
144 136 3023
28 107 3024
71 169 3025
106 194 3026
194 31 3027
155 24 3028
133 41 3029
26 66 3030
151 107 3031
74 177 3032
62 79 3033
97 161 3034
128 68 3035
142 149 3036
58 180 3037
179 59 3038
87 16 3039
106 185 3040
83 117 3041
194 130 3042
1 164 3043
100 117 3044
145 141 3045
103 66 3046
74 168 3047
145 57 3048
161 51 3049
196 27 3050
184 138 3051
178 144 3052
96 36 3053
3 98 3054
13 51 3055
120 172 3056
71 180 3057
187 16 3058
44 92 3059
37 7 3060
44 135 3061
190 143 3062
107 13 3063
50 42 3064
177 138 3065
109 182 3066
104 88 3067
109 47 3068
4 21 3069
80 142 3070
116 122 3071
134 66 3072
156 128 3073
70 31 3074
111 156 3075
147 84 3076
171 19 3077
143 39 3078
198 101 3079
183 132 3080
60 132 3081
184 165 3082
22 43 3083
41 170 3084
117 3 3085
95 23 3086
89 43 3087
120 169 3088
52 30 3089
100 76 3090
198 186 3091
99 73 3092
99 162 3093
103 105 3094
97 62 3095
95 162 3096
46 124 3097
109 53 3098
167 159 3099
65 58 3100
96 11 3101
154 86 3102
191 145 3103
106 126 3104
131 97 3105
78 99 3106
33 97 3107
23 183 3108
188 182 3109
49 192 3110
123 80 3111
64 182 3112
152 176 3113
158 95 3114
20 183 3115
54 93 3116
166 36 3117
112 89 3118
134 141 3119
12 196 3120
101 60 3121
76 151 3122
12 14 3123
116 61 3124
120 179 3125
160 40 3126
193 70 3127
129 139 3128
13 61 3129
178 72 3130
66 115 3131
120 143 3132
160 20 3133
192 2 3134
194 178 3135
149 173 3136
109 199 3137
29 124 3138
184 84 3139
186 48 3140
125 183 3141
94 83 3142
129 140 3143
71 120 3144
186 176 3145
196 125 3146
92 196 3147
17 126 3148
63 117 3149
90 119 3150
22 186 3151
155 120 3152
191 24 3153
97 10 3154
172 138 3155
117 133 3156
144 6 3157
16 85 3158
12 166 3159
193 116 3160
196 88 3161
63 197 3162
79 123 3163
127 108 3164
28 149 3165
184 22 3166
47 97 3167
90 125 3168
165 174 3169
120 62 3170
15 117 3171
95 178 3172
186 79 3173
75 12 3174
96 111 3175
97 41 3176
126 66 3177
26 43 3178
129 161 3179
7 87 3180
93 114 3181
192 86 3182
161 102 3183
39 97 3184
100 4 3185
71 25 3186
82 34 3187
200 74 3188
198 131 3189
192 180 3190
67 92 3191
83 14 3192
23 73 3193
172 100 3194
92 111 3195
160 154 3196
117 14 3197
96 141 3198
61 97 3199
110 96 3200
136 111 3201
128 53 3202
101 5 3203
59 152 3204
28 71 3205
33 45 3206
70 53 3207
134 50 3208
106 53 3209
97 117 3210
62 91 3211
197 8 3212
175 180 3213
52 150 3214
92 68 3215
88 13 3216
86 186 3217
152 157 3218
61 121 3219
168 151 3220
47 39 3221
123 115 3222
166 23 3223
200 182 3224
24 87 3225
77 56 3226
146 21 3227
145 9 3228
78 42 3229
6 39 3230
88 19 3231
129 40 3232
88 15 3233
105 10 3234
188 148 3235
148 86 3236
148 154 3237
27 33 3238
134 122 3239
147 92 3240
13 137 3241
86 40 3242
106 7 3243
150 103 3244
153 77 3245
114 155 3246
188 173 3247
152 60 3248
10 144 3249
184 192 3250
175 147 3251
108 43 3252
38 31 3253
55 64 3254
166 162 3255
186 146 3256
102 33 3257
38 132 3258
68 67 3259
36 176 3260
196 102 3261
100 118 3262
162 10 3263
105 156 3264
157 25 3265
67 144 3266
105 183 3267
63 65 3268
14 55 3269
40 111 3270
71 79 3271
119 60 3272
1 177 3273
167 199 3274
78 180 3275
185 78 3276
179 16 3277
183 13 3278
29 172 3279
167 70 3280
184 40 3281
73 166 3282
18 113 3283
80 30 3284
70 168 3285
67 172 3286
38 178 3287
72 13 3288
48 14 3289
192 87 3290
199 114 3291
63 18 3292
61 164 3293
80 49 3294
159 154 3295
3 105 3296
23 108 3297
100 50 3298
91 165 3299
198 89 3300
122 56 3301
190 142 3302
29 107 3303
185 70 3304
58 82 3305
170 137 3306
193 119 3307
126 31 3308
92 152 3309
63 83 3310
113 63 3311
27 95 3312
39 105 3313
53 51 3314
13 144 3315
4 11 3316
6 128 3317
25 57 3318
108 53 3319
187 71 3320
150 114 3321
98 105 3322
43 70 3323
33 25 3324
102 58 3325
126 197 3326
12 171 3327
6 158 3328
35 39 3329
28 136 3330
193 98 3331
200 195 3332
53 96 3333
164 127 3334
177 151 3335
123 64 3336
42 122 3337
1 56 3338
148 104 3339
193 155 3340
194 90 3341
95 128 3342
20 76 3343
62 197 3344
7 58 3345
93 50 3346
151 24 3347
84 29 3348
56 62 3349
163 186 3350
151 122 3351
82 159 3352
68 183 3353
176 15 3354
56 10 3355
124 141 3356
40 162 3357
104 61 3358
170 164 3359
161 125 3360
45 185 3361
116 79 3362
159 17 3363
189 90 3364
155 187 3365
33 138 3366
55 123 3367
155 52 3368
162 130 3369
24 186 3370
29 195 3371
72 168 3372
145 43 3373
76 139 3374
172 62 3375
26 186 3376
137 45 3377
24 20 3378
85 12 3379
120 158 3380
53 8 3381
106 107 3382
188 34 3383
64 96 3384
94 162 3385
112 84 3386
188 38 3387
105 15 3388
138 159 3389
113 91 3390
101 63 3391
12 135 3392
23 49 3393
75 73 3394
12 37 3395
85 28 3396
132 84 3397
83 8 3398
83 37 3399
200 18 3400
18 1 3401
117 86 3402
13 110 3403
164 195 3404
14 27 3405
93 32 3406
142 186 3407
4 89 3408
105 14 3409
155 192 3410
22 100 3411
116 128 3412
75 178 3413
144 160 3414
155 109 3415
197 16 3416
136 168 3417
193 5 3418
103 69 3419
136 197 3420
173 1 3421
46 5 3422
88 44 3423
97 4 3424
114 39 3425
77 179 3426
53 9 3427
128 130 3428
99 87 3429
177 134 3430
180 84 3431
85 71 3432
4 78 3433
2 65 3434
48 24 3435
131 63 3436
112 115 3437
9 133 3438
124 185 3439
145 122 3440
184 87 3441
169 32 3442
159 39 3443
15 141 3444
92 97 3445
184 55 3446
76 30 3447
186 157 3448
161 130 3449
172 103 3450
40 198 3451
124 4 3452
127 149 3453
124 111 3454
110 52 3455
8 64 3456
48 102 3457
78 114 3458
82 74 3459
175 85 3460
197 174 3461
20 139 3462
16 115 3463
105 128 3464
41 194 3465
60 103 3466
83 112 3467
136 99 3468
48 146 3469
166 97 3470
35 142 3471
193 19 3472
119 57 3473
64 185 3474
103 127 3475
163 194 3476
82 57 3477
139 108 3478
158 102 3479
49 31 3480
104 156 3481
65 191 3482
198 121 3483
84 45 3484
44 23 3485
7 130 3486
59 64 3487
88 29 3488
131 44 3489
181 25 3490
15 153 3491
195 152 3492
54 137 3493
161 27 3494
52 163 3495
181 116 3496
114 21 3497
80 6 3498
102 112 3499
39 94 3500
153 173 3501
60 171 3502
58 79 3503
189 165 3504
157 96 3505
59 163 3506
151 195 3507
150 13 3508
133 187 3509
191 17 3510
31 57 3511
124 20 3512
77 6 3513
122 105 3514
131 154 3515
74 165 3516
194 120 3517
48 134 3518
82 23 3519
133 185 3520
149 158 3521
78 74 3522
90 170 3523
170 139 3524
66 112 3525
93 104 3526
41 10 3527
141 67 3528
163 139 3529
47 138 3530
147 91 3531
59 1 3532
7 66 3533
125 44 3534
40 29 3535
87 80 3536
104 92 3537
44 43 3538
190 19 3539
117 50 3540
143 57 3541
105 180 3542
167 68 3543
85 54 3544
174 173 3545
169 177 3546
78 167 3547
17 155 3548
164 37 3549
42 126 3550
41 9 3551
107 16 3552
183 187 3553
168 157 3554
108 54 3555
15 179 3556
128 106 3557
194 98 3558
171 78 3559
162 175 3560
36 125 3561
74 1 3562
76 14 3563
96 196 3564
10 131 3565
6 71 3566
158 198 3567
62 103 3568
198 1 3569
27 101 3570
114 145 3571
37 125 3572
20 128 3573
197 82 3574
124 180 3575
86 67 3576
51 93 3577
28 46 3578
177 6 3579
69 155 3580
185 8 3581
14 193 3582
64 61 3583
72 191 3584
135 179 3585
121 34 3586
75 63 3587
184 117 3588
139 104 3589
50 119 3590
144 77 3591
137 161 3592
89 121 3593
126 47 3594
113 160 3595
194 103 3596
88 198 3597
172 129 3598
192 195 3599
17 200 3600
88 3 3601
40 153 3602
22 75 3603
178 109 3604
111 129 3605
197 10 3606
118 54 3607
82 175 3608
174 129 3609
9 159 3610
29 158 3611
59 131 3612
50 158 3613
165 145 3614
11 37 3615
166 125 3616
37 8 3617
62 107 3618
13 84 3619
10 155 3620
64 131 3621
186 165 3622
170 118 3623
57 48 3624
179 103 3625
50 165 3626
32 86 3627
4 52 3628
167 129 3629
157 92 3630
78 65 3631
18 119 3632
16 113 3633
95 71 3634
30 191 3635
20 165 3636
144 135 3637
120 167 3638
80 32 3639
187 169 3640
139 102 3641
46 169 3642
70 140 3643
129 99 3644
31 168 3645
121 41 3646
152 49 3647
32 154 3648
33 17 3649
113 77 3650
14 127 3651
69 50 3652
66 178 3653
97 74 3654
135 131 3655
190 160 3656
25 64 3657
61 72 3658
70 78 3659
162 77 3660
7 41 3661
150 98 3662
116 190 3663
119 96 3664
181 157 3665
172 192 3666
185 81 3667
129 192 3668
183 182 3669
80 174 3670
40 64 3671
9 171 3672
34 143 3673
44 24 3674
76 45 3675
45 4 3676
93 68 3677
127 181 3678
199 98 3679
196 111 3680
101 82 3681
174 71 3682
193 167 3683
142 107 3684
116 52 3685
105 83 3686
20 170 3687
135 195 3688
153 43 3689
109 75 3690
7 65 3691
24 138 3692
64 15 3693
108 52 3694
59 111 3695
6 62 3696
155 76 3697
96 80 3698
182 15 3699
8 47 3700
87 29 3701
46 27 3702
70 164 3703
124 92 3704
193 160 3705
139 181 3706
113 139 3707
196 142 3708
57 138 3709
28 174 3710
155 178 3711
171 85 3712
6 118 3713
78 41 3714
64 97 3715
110 55 3716
84 173 3717
141 42 3718
55 31 3719
37 180 3720
139 98 3721
178 103 3722
165 16 3723
66 28 3724
198 14 3725
118 93 3726
145 65 3727
138 123 3728
179 88 3729
125 27 3730
188 197 3731
146 127 3732
3 193 3733
142 170 3734
44 91 3735
176 49 3736
197 85 3737
100 105 3738
96 167 3739
36 99 3740
10 179 3741
147 90 3742
130 78 3743
48 96 3744
42 167 3745
113 128 3746
29 58 3747
140 130 3748
95 28 3749
93 149 3750
112 169 3751
152 135 3752
79 86 3753
113 75 3754
190 152 3755
81 127 3756
2 36 3757
178 106 3758
142 114 3759
64 21 3760
77 137 3761
170 98 3762
10 184 3763
200 106 3764
152 117 3765
25 14 3766
18 56 3767
179 174 3768
105 118 3769
188 80 3770
92 181 3771
47 130 3772
133 145 3773
81 168 3774
108 69 3775
168 53 3776
70 172 3777
4 63 3778
18 115 3779
197 77 3780
153 134 3781
32 65 3782
82 120 3783
62 21 3784
195 106 3785
178 111 3786
48 105 3787
128 167 3788
199 104 3789
198 55 3790
168 182 3791
61 143 3792
170 105 3793
45 3 3794
1 186 3795
55 167 3796
12 46 3797
32 73 3798
27 65 3799
148 62 3800
62 58 3801
12 130 3802
27 182 3803
138 69 3804
52 185 3805
87 21 3806
91 60 3807
154 173 3808
14 188 3809
98 39 3810
185 110 3811
58 109 3812
191 13 3813
168 13 3814
190 122 3815
151 121 3816
130 151 3817
18 65 3818
185 83 3819
153 33 3820
70 24 3821
51 45 3822
151 126 3823
91 70 3824
76 170 3825
98 160 3826
58 103 3827
41 87 3828
5 132 3829
186 140 3830
118 113 3831
103 57 3832
149 151 3833
188 105 3834
151 150 3835
13 139 3836
180 158 3837
135 153 3838
95 79 3839
9 125 3840
24 135 3841
85 47 3842
123 149 3843
93 87 3844
66 90 3845
91 71 3846
20 132 3847
180 157 3848
76 185 3849
20 23 3850
2 180 3851
177 32 3852
88 54 3853
118 130 3854
176 100 3855
49 188 3856
10 94 3857
176 37 3858
124 9 3859
104 20 3860
61 157 3861
131 71 3862
58 42 3863
38 145 3864
156 93 3865
58 30 3866
164 176 3867
8 22 3868
191 129 3869
81 107 3870
81 119 3871
9 142 3872
199 95 3873
41 46 3874
84 93 3875
37 82 3876
46 164 3877
97 162 3878
62 105 3879
116 149 3880
187 92 3881
91 148 3882
30 160 3883
35 179 3884
43 46 3885
94 89 3886
153 22 3887
140 136 3888
74 50 3889
179 11 3890
188 106 3891
76 12 3892
191 8 3893
118 139 3894
103 47 3895
79 153 3896
70 190 3897
170 111 3898
140 92 3899
128 107 3900
38 64 3901
125 38 3902
8 77 3903
30 200 3904
115 161 3905
63 167 3906
141 169 3907
121 159 3908
105 199 3909
192 21 3910
144 127 3911
51 138 3912
196 81 3913
185 49 3914
57 140 3915
162 116 3916
33 99 3917
141 146 3918
26 174 3919
180 122 3920
41 45 3921
176 180 3922
82 88 3923
47 10 3924
19 26 3925
175 113 3926
158 60 3927
113 6 3928
74 87 3929
37 43 3930
3 27 3931
143 186 3932
152 64 3933
199 134 3934
73 150 3935
11 61 3936
53 130 3937
160 115 3938
43 5 3939
57 191 3940
117 119 3941
77 119 3942
173 90 3943
183 122 3944
136 178 3945
14 147 3946
114 89 3947
82 171 3948
95 88 3949
11 149 3950
110 140 3951
175 100 3952
122 79 3953
184 118 3954
90 131 3955
184 144 3956
123 38 3957
41 43 3958
77 31 3959
122 64 3960
56 40 3961
25 108 3962
39 7 3963
127 9 3964
112 110 3965
95 26 3966
102 44 3967
106 131 3968
41 100 3969
190 158 3970
33 144 3971
107 180 3972
93 101 3973
153 198 3974
66 5 3975
32 37 3976
101 146 3977
187 138 3978
21 34 3979
147 177 3980
48 11 3981
50 154 3982
141 168 3983
97 31 3984
143 67 3985
28 141 3986
73 173 3987
156 66 3988
73 192 3989
78 157 3990
193 171 3991
52 152 3992
198 83 3993
17 9 3994
99 48 3995
140 29 3996
39 59 3997
192 106 3998
134 146 3999
68 51 4000
200 129 4001
161 82 4002
50 191 4003
40 148 4004
194 3 4005
85 176 4006
53 162 4007
65 111 4008
50 66 4009
85 67 4010
117 153 4011
62 95 4012
101 87 4013
170 154 4014
134 75 4015
3 71 4016
116 121 4017
103 44 4018
10 89 4019
174 120 4020
26 84 4021
75 125 4022
168 51 4023
43 159 4024
29 47 4025
47 140 4026
147 2 4027
43 184 4028
59 89 4029
129 135 4030
62 20 4031
91 73 4032
159 143 4033
76 152 4034
104 13 4035
38 90 4036
123 112 4037
135 2 4038
55 74 4039
113 92 4040
148 146 4041
147 164 4042
27 187 4043
82 4 4044
94 102 4045
48 77 4046
78 112 4047
125 130 4048
41 169 4049
146 149 4050
46 161 4051
172 159 4052
25 160 4053
177 70 4054
86 109 4055
126 43 4056
71 29 4057
128 11 4058
58 133 4059
129 130 4060
80 68 4061
12 159 4062
43 138 4063
17 146 4064
26 141 4065
148 36 4066
20 112 4067
182 171 4068
196 28 4069
99 110 4070
157 193 4071
190 104 4072
119 124 4073
181 37 4074
37 134 4075
116 22 4076
153 32 4077
167 132 4078
133 14 4079
79 66 4080
191 9 4081
35 99 4082
50 4 4083
36 53 4084
45 159 4085
93 94 4086
7 61 4087
178 150 4088
19 113 4089
93 33 4090
39 21 4091
108 148 4092
106 64 4093
150 47 4094
85 45 4095
130 62 4096
179 122 4097
82 143 4098
34 142 4099
59 100 4100
200 95 4101
15 114 4102
60 192 4103
190 169 4104
174 185 4105
47 181 4106
51 197 4107
20 43 4108
184 187 4109
177 127 4110
145 150 4111
177 128 4112
193 46 4113
189 159 4114
125 26 4115
117 48 4116
89 105 4117
161 134 4118
167 16 4119
32 100 4120
61 122 4121
80 134 4122
126 189 4123
138 86 4124
77 174 4125
26 140 4126
42 11 4127
86 69 4128
5 10 4129
5 12 4130
60 191 4131
94 145 4132
149 141 4133
196 183 4134
96 65 4135
111 140 4136
6 5 4137
186 171 4138
53 100 4139
58 172 4140
83 71 4141
141 105 4142
98 172 4143
47 125 4144
138 129 4145
151 45 4146
20 121 4147
42 112 4148
138 61 4149
61 105 4150
55 68 4151
109 95 4152
54 39 4153
189 125 4154
129 190 4155
150 111 4156
157 32 4157
89 69 4158
18 141 4159
148 71 4160
43 56 4161
71 5 4162
152 161 4163
107 2 4164
154 100 4165
114 75 4166
172 178 4167
69 66 4168
188 153 4169
26 55 4170
25 104 4171
136 15 4172
22 160 4173
170 37 4174
53 68 4175
20 103 4176
61 195 4177
101 20 4178
180 93 4179
91 170 4180
24 181 4181
195 66 4182
49 73 4183
74 18 4184
129 178 4185
67 41 4186
3 113 4187
158 18 4188
94 175 4189
50 29 4190
49 93 4191
4 131 4192
180 19 4193
31 195 4194
154 66 4195
26 5 4196
21 49 4197
33 139 4198
1 68 4199
105 34 4200
175 15 4201
171 160 4202
183 59 4203
21 135 4204
195 167 4205
144 92 4206
132 156 4207
98 11 4208
75 136 4209
97 20 4210
114 12 4211
177 143 4212
36 85 4213
132 51 4214
17 144 4215
103 200 4216
157 195 4217
166 114 4218
34 107 4219
184 161 4220
77 93 4221
40 7 4222
21 162 4223
146 143 4224
190 13 4225
85 62 4226
141 188 4227
74 155 4228
76 56 4229
182 8 4230
102 81 4231
83 159 4232
69 156 4233
128 27 4234
103 123 4235
63 120 4236
2 128 4237
46 171 4238
123 3 4239
164 35 4240
114 172 4241
198 57 4242
200 41 4243
11 64 4244
44 181 4245
64 171 4246
84 117 4247
21 66 4248
48 53 4249
83 171 4250
158 200 4251
195 136 4252
116 101 4253
123 53 4254
115 190 4255
6 124 4256
82 157 4257
137 125 4258
70 59 4259
42 83 4260
65 156 4261
83 34 4262
83 120 4263
13 70 4264
174 146 4265
73 17 4266
115 77 4267
81 192 4268
51 95 4269
141 122 4270
17 121 4271
159 151 4272
51 49 4273
17 118 4274
12 20 4275
143 21 4276
174 169 4277
178 25 4278
134 95 4279
22 86 4280
34 103 4281
102 9 4282
48 6 4283
89 62 4284
120 65 4285
132 161 4286
44 154 4287
13 149 4288
161 107 4289
187 157 4290
197 182 4291
17 120 4292
173 129 4293
34 60 4294
166 159 4295
13 109 4296
197 95 4297
54 86 4298
161 151 4299
176 78 4300
91 36 4301
18 55 4302
71 66 4303
168 147 4304
119 192 4305
86 188 4306
155 46 4307
126 132 4308
139 124 4309
152 181 4310
175 194 4311
23 72 4312
32 181 4313
8 179 4314
132 199 4315
173 5 4316
100 58 4317
186 59 4318
109 116 4319
153 25 4320
190 187 4321
41 138 4322
139 3 4323
68 64 4324
81 167 4325
136 132 4326
85 130 4327
75 78 4328
188 87 4329
149 15 4330
96 22 4331
73 50 4332
184 77 4333
33 10 4334
133 100 4335
71 163 4336
48 67 4337
146 111 4338
68 38 4339
130 18 4340
163 27 4341
129 93 4342
50 38 4343
21 148 4344
45 161 4345
188 55 4346
137 107 4347
200 35 4348
167 196 4349
96 134 4350
77 60 4351
39 186 4352
66 19 4353
139 158 4354
12 35 4355
98 187 4356
121 143 4357
57 16 4358
42 67 4359
93 100 4360
168 111 4361
35 176 4362
72 3 4363
156 124 4364
113 146 4365
34 51 4366
65 174 4367
165 67 4368
77 83 4369
24 13 4370
164 157 4371
195 43 4372
137 11 4373
19 117 4374
195 5 4375
16 76 4376
186 93 4377
146 173 4378
92 136 4379
26 93 4380
103 52 4381
129 89 4382
24 161 4383
155 143 4384
34 185 4385
185 104 4386
124 14 4387
194 56 4388
82 199 4389
70 83 4390
99 173 4391
29 198 4392
70 8 4393
166 132 4394
85 160 4395
162 93 4396
77 177 4397
57 158 4398
47 145 4399
73 179 4400
177 62 4401
43 67 4402
191 141 4403
91 84 4404
133 173 4405
114 196 4406
83 79 4407
57 163 4408
72 177 4409
65 155 4410
96 95 4411
49 178 4412
121 193 4413
157 153 4414
192 169 4415
18 112 4416
15 69 4417
187 28 4418
163 98 4419
184 51 4420
150 74 4421
125 176 4422
81 147 4423
118 31 4424
65 19 4425
72 115 4426
77 89 4427
134 198 4428
36 198 4429
13 181 4430
82 153 4431
87 50 4432
43 9 4433
84 73 4434
133 197 4435
80 21 4436
196 187 4437
11 175 4438
29 8 4439
135 114 4440
147 144 4441
34 45 4442
187 142 4443
107 17 4444
105 4 4445
175 168 4446
101 138 4447
144 83 4448
52 173 4449
118 39 4450
155 111 4451
125 144 4452
30 8 4453
192 46 4454
80 153 4455
95 44 4456
102 70 4457
182 62 4458
1 163 4459
70 150 4460
186 58 4461
175 10 4462
31 87 4463
176 129 4464
80 111 4465
191 200 4466
100 187 4467
97 66 4468
95 150 4469
5 50 4470
7 163 4471
152 113 4472
58 136 4473
37 123 4474
114 72 4475
31 163 4476
131 23 4477
119 200 4478
17 50 4479
85 159 4480
20 197 4481
98 142 4482
3 124 4483
23 149 4484
66 135 4485
40 76 4486
13 128 4487
56 131 4488
35 124 4489
85 121 4490
167 85 4491
122 21 4492
192 176 4493
104 62 4494
62 161 4495
101 183 4496
168 30 4497
128 23 4498
90 11 4499
48 110 4500
47 90 4501
196 143 4502
83 59 4503
123 126 4504
133 23 4505
149 195 4506
102 34 4507
85 191 4508
63 52 4509
63 187 4510
11 168 4511
175 200 4512
90 135 4513
61 24 4514
58 97 4515
150 156 4516
121 126 4517
86 131 4518
114 88 4519
139 194 4520
198 76 4521
115 152 4522
138 13 4523
74 44 4524
21 76 4525
121 158 4526
28 63 4527
86 120 4528
120 27 4529
2 8 4530
149 166 4531
72 54 4532
193 190 4533
170 124 4534
79 198 4535
170 117 4536
94 70 4537
117 36 4538
170 18 4539
181 164 4540
101 130 4541
169 173 4542
176 134 4543
193 131 4544
124 107 4545
10 85 4546
186 9 4547
44 90 4548
65 40 4549
91 117 4550
131 22 4551
58 161 4552
52 89 4553
54 106 4554
133 161 4555
167 191 4556
86 194 4557
154 198 4558
67 13 4559
35 150 4560
18 37 4561
99 56 4562
102 2 4563
78 172 4564
70 90 4565
52 65 4566
136 199 4567
49 25 4568
155 142 4569
20 34 4570
59 113 4571
113 138 4572
56 8 4573
138 111 4574
3 57 4575
150 25 4576
40 88 4577
124 68 4578
12 72 4579
6 171 4580
28 105 4581
125 142 4582
124 118 4583
85 70 4584
174 178 4585
88 97 4586
193 27 4587
21 47 4588
52 86 4589
158 136 4590
73 98 4591
179 55 4592
6 65 4593
72 150 4594
52 19 4595
73 22 4596
68 151 4597
190 25 4598
58 167 4599
171 39 4600
35 46 4601
124 163 4602
168 50 4603
107 61 4604
5 58 4605
197 60 4606
169 96 4607
131 186 4608
39 177 4609
16 80 4610
28 153 4611
132 137 4612
24 139 4613
102 104 4614
63 84 4615
139 197 4616
9 46 4617
142 20 4618
181 57 4619
85 107 4620
117 194 4621
104 97 4622
148 24 4623
117 61 4624
136 37 4625
116 27 4626
87 14 4627
74 6 4628
108 154 4629
116 54 4630
142 197 4631
108 75 4632
60 59 4633
46 37 4634
63 126 4635
144 119 4636
139 4 4637
113 8 4638
23 12 4639
108 181 4640
37 128 4641
176 60 4642
84 134 4643
167 130 4644
37 108 4645
10 107 4646
171 110 4647
109 172 4648
114 76 4649
11 1 4650
33 173 4651
53 183 4652
153 187 4653
178 26 4654
28 199 4655
187 93 4656
188 81 4657
93 153 4658
194 119 4659
91 168 4660
170 47 4661
142 121 4662
166 17 4663
111 190 4664
81 76 4665
130 30 4666
168 160 4667
132 45 4668
73 131 4669
106 139 4670
1 54 4671
176 24 4672
164 50 4673
48 44 4674
19 198 4675
121 50 4676
103 158 4677
133 67 4678
92 166 4679
135 156 4680
36 130 4681
142 168 4682
86 25 4683
16 54 4684
152 84 4685
100 182 4686
35 100 4687
32 17 4688
184 179 4689
128 72 4690
62 142 4691
54 135 4692
108 79 4693
5 78 4694
156 10 4695
158 130 4696
173 132 4697
183 22 4698
161 104 4699
155 100 4700
119 156 4701
76 41 4702
165 29 4703
65 169 4704
76 132 4705
52 177 4706
113 82 4707
187 31 4708
35 11 4709
37 194 4710
160 137 4711
46 111 4712
71 192 4713
70 76 4714
112 50 4715
52 151 4716
101 120 4717
113 93 4718
131 85 4719
97 187 4720
163 63 4721
108 97 4722
122 100 4723
119 101 4724
197 131 4725
116 23 4726
1 45 4727
104 149 4728
114 149 4729
133 69 4730
2 153 4731
188 62 4732
142 11 4733
104 34 4734
189 41 4735
31 132 4736
175 172 4737
128 178 4738
38 163 4739
63 62 4740
142 117 4741
195 95 4742
147 118 4743
15 94 4744
29 74 4745
96 86 4746
111 95 4747
47 36 4748
91 128 4749
180 85 4750
110 116 4751
50 22 4752
103 110 4753
4 62 4754
52 164 4755
50 104 4756
128 172 4757
198 114 4758
117 115 4759
3 35 4760
160 6 4761
13 77 4762
76 8 4763
116 63 4764
160 148 4765
174 44 4766
120 76 4767
116 97 4768
41 181 4769
107 69 4770
95 31 4771
198 127 4772
17 43 4773
133 87 4774
119 59 4775
93 20 4776
40 166 4777
101 72 4778
56 6 4779
134 82 4780
50 172 4781
153 13 4782
106 97 4783
125 115 4784
157 184 4785
112 175 4786
189 87 4787
85 15 4788
179 89 4789
163 36 4790
44 149 4791
93 10 4792
182 150 4793
62 43 4794
98 2 4795
37 189 4796
105 195 4797
86 159 4798
79 56 4799
132 3 4800
30 79 4801
191 103 4802
22 180 4803
25 90 4804
152 131 4805
190 29 4806
81 43 4807
156 13 4808
133 181 4809
146 181 4810
169 24 4811
18 109 4812
99 126 4813
90 39 4814
41 40 4815
87 173 4816
112 16 4817
56 162 4818
182 117 4819
147 149 4820
45 31 4821
186 200 4822
199 124 4823
192 56 4824
24 160 4825
157 16 4826
94 143 4827
167 3 4828
155 127 4829
140 177 4830
127 4 4831
58 78 4832
171 153 4833
154 140 4834
100 161 4835
61 186 4836
118 181 4837
146 1 4838
86 7 4839
24 119 4840
22 200 4841
36 172 4842
72 153 4843
75 179 4844
41 146 4845
45 58 4846
41 118 4847
34 159 4848
110 146 4849
70 120 4850
46 182 4851
147 150 4852
76 176 4853
30 91 4854
73 109 4855
90 140 4856
163 25 4857
60 137 4858
178 92 4859
1 129 4860
152 156 4861
145 140 4862
127 106 4863
94 71 4864
181 18 4865
99 193 4866
58 60 4867
68 194 4868
129 24 4869
2 72 4870
179 175 4871
184 194 4872
21 78 4873
45 44 4874
24 113 4875
129 72 4876
99 191 4877
33 72 4878
123 139 4879
58 70 4880
159 26 4881
12 51 4882
34 2 4883
113 157 4884
132 30 4885
177 189 4886
183 93 4887
170 78 4888
74 76 4889
186 177 4890
82 178 4891
107 116 4892
92 137 4893
93 121 4894
122 177 4895
125 70 4896
85 23 4897
99 161 4898
17 102 4899
48 172 4900
150 170 4901
96 41 4902
133 16 4903
3 63 4904
84 104 4905
120 161 4906
110 17 4907
125 12 4908
116 57 4909
88 144 4910
118 81 4911
84 94 4912
140 46 4913
165 113 4914
150 116 4915
77 118 4916
127 195 4917
74 62 4918
135 99 4919
16 171 4920
70 162 4921
69 160 4922
3 188 4923
124 125 4924
171 102 4925
2 108 4926
199 188 4927
134 169 4928
158 116 4929
127 101 4930
10 51 4931
188 155 4932
194 101 4933
37 16 4934
117 37 4935
173 44 4936
50 64 4937
195 92 4938
16 186 4939
150 154 4940
63 188 4941
177 84 4942
188 98 4943
57 7 4944
75 10 4945
76 135 4946
1 143 4947
4 190 4948
94 135 4949
19 22 4950
167 181 4951
129 108 4952
162 129 4953
136 38 4954
7 176 4955
42 30 4956
139 66 4957
92 127 4958
182 157 4959
73 134 4960
124 176 4961
155 185 4962
9 150 4963
138 35 4964
83 109 4965
145 104 4966
170 10 4967
200 124 4968
34 176 4969
140 152 4970
184 149 4971
2 116 4972
52 76 4973
23 105 4974
6 20 4975
43 80 4976
35 30 4977
116 143 4978
73 24 4979
106 162 4980
38 60 4981
97 119 4982
200 142 4983
4 19 4984
146 185 4985
179 87 4986
46 73 4987
95 20 4988
135 175 4989
88 128 4990
29 170 4991
143 149 4992
77 142 4993
196 200 4994
142 71 4995
124 195 4996
6 135 4997
122 156 4998
35 133 4999
75 57 5000
134 188 5001
183 45 5002
29 46 5003
7 72 5004
171 139 5005
166 77 5006
13 91 5007
189 33 5008
109 194 5009
6 173 5010
90 41 5011
32 51 5012
109 115 5013
186 68 5014
44 72 5015
125 83 5016
66 22 5017
143 123 5018
14 17 5019
165 14 5020
90 127 5021
146 187 5022
162 68 5023
160 185 5024
132 129 5025
169 99 5026
72 103 5027
86 161 5028
73 149 5029
161 88 5030
16 72 5031
54 121 5032
160 37 5033
72 52 5034
55 122 5035
108 196 5036
151 140 5037
164 174 5038
129 199 5039
146 126 5040
42 76 5041
147 103 5042
17 64 5043
187 171 5044
114 173 5045
185 63 5046
58 116 5047
95 160 5048
137 169 5049
160 48 5050
99 34 5051
177 185 5052
77 39 5053
79 138 5054
71 98 5055
25 132 5056
88 183 5057
178 70 5058
87 138 5059
31 145 5060
27 118 5061
17 111 5062
60 64 5063
92 168 5064
173 181 5065
83 60 5066
162 103 5067
86 36 5068
74 75 5069
98 136 5070
180 178 5071
56 24 5072
180 74 5073
29 73 5074
35 4 5075
101 105 5076
14 187 5077
93 196 5078
116 14 5079
33 23 5080
25 114 5081
171 149 5082
157 130 5083
169 199 5084
54 90 5085
78 162 5086
188 122 5087
65 11 5088
145 176 5089
132 107 5090
80 164 5091
53 165 5092
60 128 5093
136 47 5094
157 18 5095
120 35 5096
4 60 5097
92 62 5098
89 116 5099
111 62 5100
158 146 5101
62 124 5102
158 36 5103
9 15 5104
127 46 5105
85 65 5106
189 173 5107
186 128 5108
5 198 5109
110 128 5110
85 22 5111
133 88 5112
13 58 5113
80 105 5114
128 194 5115
52 165 5116
101 121 5117
178 73 5118
54 3 5119
118 155 5120
42 24 5121
138 29 5122
162 17 5123
15 63 5124
131 19 5125
66 29 5126
128 28 5127
123 76 5128
31 4 5129
69 157 5130
120 142 5131
136 126 5132
182 54 5133
88 1 5134
84 186 5135
154 15 5136
74 133 5137
125 92 5138
190 32 5139
149 43 5140
141 12 5141
86 149 5142
132 18 5143
156 32 5144
181 140 5145
19 43 5146
82 47 5147
92 161 5148
164 34 5149
187 53 5150
74 80 5151
108 169 5152
108 142 5153
61 47 5154
44 187 5155
113 140 5156
22 68 5157
111 50 5158
7 104 5159
26 149 5160
156 142 5161
131 121 5162
36 108 5163
112 170 5164
33 129 5165
168 113 5166
133 107 5167
180 164 5168
18 102 5169
88 181 5170
190 75 5171
40 90 5172
53 191 5173
174 52 5174
122 62 5175
42 18 5176
195 100 5177
78 77 5178
48 154 5179
43 84 5180
36 44 5181
133 39 5182
177 20 5183
17 60 5184
198 135 5185
100 95 5186
199 81 5187
84 16 5188
119 196 5189
126 193 5190
63 168 5191
26 18 5192
58 63 5193
35 10 5194
140 52 5195
79 130 5196
78 148 5197
45 142 5198
55 156 5199
106 85 5200
176 40 5201
61 100 5202
90 45 5203
97 93 5204
69 169 5205
172 139 5206
50 15 5207
146 125 5208
95 146 5209
194 149 5210
166 148 5211
21 138 5212
161 135 5213
31 73 5214
45 27 5215
5 93 5216
13 31 5217
117 140 5218
18 106 5219
177 178 5220
32 24 5221
111 197 5222
183 79 5223
91 161 5224
199 103 5225
116 171 5226
183 76 5227
139 42 5228
196 40 5229
41 145 5230
177 76 5231
88 189 5232
41 16 5233
51 192 5234
186 151 5235
124 5 5236
113 177 5237
27 160 5238
176 13 5239
22 87 5240
42 32 5241
194 154 5242
76 29 5243
78 43 5244
114 158 5245
84 11 5246
45 61 5247
80 14 5248
66 18 5249
138 126 5250
72 155 5251
118 195 5252
36 84 5253
170 127 5254
196 91 5255
91 151 5256
105 112 5257
66 30 5258
152 193 5259
166 66 5260
32 18 5261
88 12 5262
197 196 5263
70 139 5264
191 36 5265
24 162 5266
108 40 5267
141 40 5268
50 7 5269
102 193 5270
98 68 5271
73 68 5272
60 62 5273
143 182 5274
126 185 5275
142 28 5276
89 115 5277
155 174 5278
73 145 5279
4 17 5280
140 65 5281
2 32 5282
194 157 5283
47 165 5284
81 2 5285
56 7 5286
101 162 5287
89 26 5288
66 99 5289
183 14 5290
57 74 5291
176 168 5292
174 132 5293
114 200 5294
180 80 5295
131 9 5296
108 38 5297
1 46 5298
57 177 5299
185 26 5300
86 74 5301
1 72 5302
9 123 5303
189 8 5304
21 190 5305
33 103 5306
110 188 5307
137 179 5308
42 21 5309
182 177 5310
95 35 5311
120 41 5312
155 182 5313
49 167 5314
140 34 5315
39 18 5316
160 46 5317
30 136 5318
145 3 5319
28 93 5320
127 183 5321
108 155 5322
134 69 5323
33 41 5324
14 192 5325
92 7 5326
140 39 5327
14 152 5328
141 126 5329
153 78 5330
200 48 5331
175 67 5332
59 184 5333
137 168 5334
114 6 5335
56 9 5336
101 28 5337
163 72 5338
165 124 5339
102 28 5340
20 172 5341
113 174 5342
21 69 5343
115 172 5344
61 40 5345
185 138 5346
166 68 5347
164 62 5348
113 133 5349
97 14 5350
115 167 5351
74 45 5352
125 170 5353
2 28 5354
125 133 5355
69 147 5356
1 138 5357
168 98 5358
37 188 5359
53 57 5360
83 69 5361
106 181 5362
58 33 5363
39 139 5364
127 187 5365
147 44 5366
163 125 5367
89 135 5368
91 107 5369
125 29 5370
198 61 5371
160 147 5372
162 170 5373
87 198 5374
16 116 5375
101 171 5376
191 10 5377
46 157 5378
198 174 5379
64 99 5380
139 153 5381
112 36 5382
134 85 5383
88 92 5384
178 29 5385
77 67 5386
1 10 5387
19 101 5388
52 159 5389
152 104 5390
11 134 5391
140 124 5392
155 200 5393
14 60 5394
147 51 5395
157 35 5396
13 193 5397
55 100 5398
181 132 5399
94 159 5400
178 176 5401
105 127 5402
6 111 5403
171 152 5404
141 29 5405
135 147 5406
168 45 5407
166 200 5408
85 155 5409
192 64 5410
119 11 5411
10 92 5412
126 194 5413
139 125 5414
79 109 5415
21 124 5416
127 66 5417
183 86 5418
53 24 5419
139 167 5420
71 129 5421
168 187 5422
92 173 5423
47 105 5424
195 89 5425
190 38 5426
146 184 5427
181 86 5428
61 33 5429
99 187 5430
22 18 5431
179 187 5432
78 37 5433
120 118 5434
120 116 5435
196 164 5436
110 78 5437
70 75 5438
11 181 5439
172 151 5440
106 199 5441
185 95 5442
22 15 5443
143 188 5444
34 57 5445
101 98 5446
162 191 5447
21 16 5448
186 82 5449
197 151 5450
136 31 5451
144 65 5452
26 56 5453
57 139 5454
96 58 5455
9 110 5456
59 196 5457
29 52 5458
70 67 5459
41 161 5460
195 37 5461
129 28 5462
180 7 5463
85 73 5464
175 199 5465
14 23 5466
164 160 5467
28 48 5468
103 177 5469
197 168 5470
190 184 5471
199 2 5472
32 62 5473
151 181 5474
37 155 5475
102 176 5476
27 156 5477
125 58 5478
83 188 5479
34 173 5480
186 38 5481
54 76 5482
127 61 5483
104 83 5484
14 58 5485
39 173 5486
97 129 5487
53 18 5488
152 184 5489
149 12 5490
116 18 5491
36 102 5492
35 13 5493
55 127 5494
85 133 5495
85 17 5496
21 181 5497
193 51 5498
19 110 5499
112 51 5500
49 149 5501
62 110 5502
62 117 5503
146 182 5504
125 134 5505
7 193 5506
128 31 5507
65 192 5508
107 84 5509
74 151 5510
167 18 5511
109 54 5512
49 153 5513
129 123 5514
52 90 5515
70 144 5516
19 194 5517
115 13 5518
102 166 5519
31 56 5520
56 82 5521
186 125 5522
183 149 5523
176 96 5524
67 59 5525
116 28 5526
55 157 5527
161 176 5528
51 11 5529
101 107 5530
111 5 5531
196 127 5532
86 30 5533
142 79 5534
3 151 5535
192 190 5536
45 148 5537
70 39 5538
14 123 5539
164 159 5540
24 99 5541
22 55 5542
166 2 5543
186 182 5544
109 14 5545
158 30 5546
10 67 5547
31 78 5548
79 13 5549
22 104 5550
75 100 5551
62 192 5552
199 30 5553
86 130 5554
174 12 5555
176 11 5556
75 51 5557
121 63 5558
133 89 5559
10 166 5560
163 170 5561
55 63 5562
146 150 5563
88 9 5564
6 138 5565
133 156 5566
111 74 5567
125 94 5568
33 156 5569
22 193 5570
109 3 5571
69 78 5572
177 5 5573
141 198 5574
163 112 5575
29 150 5576
138 28 5577
3 179 5578
94 132 5579
155 6 5580
197 185 5581
27 94 5582
18 9 5583
19 48 5584
68 35 5585
134 175 5586
24 183 5587
46 144 5588
53 171 5589
98 124 5590
19 29 5591
23 93 5592
48 125 5593
125 129 5594
43 7 5595
42 173 5596
76 165 5597
119 56 5598
192 122 5599
170 99 5600
158 70 5601
47 12 5602
54 41 5603
84 1 5604
181 178 5605
127 120 5606
70 19 5607
168 78 5608
53 154 5609
68 83 5610
31 27 5611
177 97 5612
107 147 5613
139 15 5614
92 17 5615
197 45 5616
119 104 5617
151 46 5618
100 115 5619
98 79 5620
100 106 5621
190 154 5622
184 32 5623
95 174 5624
73 79 5625
183 89 5626
9 161 5627
143 99 5628
165 149 5629
198 4 5630
37 29 5631
167 170 5632
54 100 5633
90 155 5634
70 118 5635
100 121 5636
162 179 5637
108 136 5638
155 196 5639
27 62 5640
1 79 5641
113 171 5642
146 152 5643
47 144 5644
157 81 5645
59 15 5646
159 69 5647
82 117 5648
140 101 5649
93 176 5650
5 127 5651
124 1 5652
180 62 5653
175 50 5654
105 6 5655
17 192 5656
147 20 5657
21 85 5658
185 173 5659
55 151 5660
72 55 5661
95 140 5662
85 154 5663
140 83 5664
110 168 5665
173 177 5666
186 134 5667
171 45 5668
161 154 5669
188 121 5670
141 118 5671
83 12 5672
181 162 5673
4 159 5674
184 89 5675
199 33 5676
111 135 5677
174 196 5678
150 125 5679
78 141 5680
163 42 5681
39 83 5682
147 153 5683
137 32 5684
30 150 5685
187 50 5686
140 167 5687
103 167 5688
153 48 5689
169 122 5690
68 41 5691
74 88 5692
35 128 5693
174 175 5694
85 132 5695
192 69 5696
140 77 5697
44 7 5698
40 34 5699
9 197 5700
113 70 5701
110 117 5702
134 1 5703
121 81 5704
147 108 5705
65 170 5706
126 161 5707
63 172 5708
143 65 5709
51 54 5710
25 38 5711
195 22 5712
104 178 5713
80 181 5714
120 109 5715
89 81 5716
71 184 5717
63 69 5718
59 8 5719
114 185 5720
13 52 5721
15 197 5722
22 101 5723
144 93 5724
190 67 5725
152 89 5726
48 101 5727
99 156 5728
167 84 5729
183 47 5730
139 32 5731
152 105 5732
185 44 5733
2 29 5734
5 186 5735
95 94 5736
27 61 5737
109 100 5738
81 65 5739
123 152 5740
13 78 5741
151 27 5742
18 20 5743
58 175 5744
153 18 5745
22 133 5746
17 47 5747
180 83 5748
84 142 5749
111 93 5750
192 13 5751
21 153 5752
87 42 5753
167 177 5754
143 191 5755
121 27 5756
5 166 5757
120 81 5758
32 127 5759
175 59 5760
159 183 5761
141 52 5762
3 160 5763
14 189 5764
48 108 5765
47 192 5766
108 99 5767
93 22 5768
10 112 5769
33 80 5770
162 52 5771
62 65 5772
195 198 5773
59 121 5774
58 107 5775
37 95 5776
44 137 5777
95 161 5778
148 32 5779
169 154 5780
38 185 5781
166 193 5782
32 71 5783
178 57 5784
128 52 5785
129 34 5786
163 88 5787
39 164 5788
198 123 5789
114 29 5790
114 69 5791
164 89 5792
161 170 5793
94 49 5794
113 28 5795
96 122 5796
69 13 5797
60 123 5798
127 100 5799
138 92 5800
120 107 5801
106 31 5802
143 17 5803
9 24 5804
171 26 5805
23 34 5806
170 119 5807
7 139 5808
142 133 5809
68 149 5810
51 180 5811
100 194 5812
61 62 5813
33 178 5814
122 23 5815
196 18 5816
152 25 5817
174 34 5818
40 93 5819
176 182 5820
99 23 5821
74 175 5822
182 82 5823
191 54 5824
140 163 5825
92 192 5826
2 152 5827
86 87 5828
55 102 5829
123 185 5830
1 166 5831
72 10 5832
5 172 5833
188 89 5834
30 104 5835
136 150 5836
150 6 5837
133 95 5838
77 76 5839
182 40 5840
88 103 5841
93 17 5842
68 78 5843
80 124 5844
151 137 5845
54 68 5846
11 161 5847
169 194 5848
32 140 5849
171 175 5850
185 103 5851
12 17 5852
26 90 5853
49 55 5854
69 82 5855
172 93 5856
162 36 5857
70 28 5858
155 11 5859
120 21 5860
133 30 5861
170 116 5862
109 171 5863
144 197 5864
147 171 5865
160 63 5866
192 20 5867
142 178 5868
83 92 5869
60 42 5870
113 187 5871
182 35 5872
121 66 5873
25 191 5874
198 118 5875
95 84 5876
163 176 5877
63 47 5878
9 94 5879
127 102 5880
166 22 5881
51 165 5882
70 51 5883
28 181 5884
55 28 5885
128 43 5886
107 159 5887
196 43 5888
197 31 5889
175 192 5890
160 159 5891
89 39 5892
157 103 5893
86 37 5894
118 98 5895
163 13 5896
122 185 5897
42 142 5898
142 124 5899
13 170 5900
126 182 5901
155 49 5902
98 198 5903
17 170 5904
29 83 5905
2 178 5906
48 175 5907
40 16 5908
98 175 5909
65 119 5910
30 140 5911
44 84 5912
109 198 5913
38 118 5914
75 79 5915
173 77 5916
28 77 5917
111 133 5918
113 87 5919
37 161 5920
108 96 5921
5 16 5922
100 28 5923
12 49 5924
35 119 5925
157 100 5926
28 121 5927
157 56 5928
91 119 5929
44 39 5930
119 143 5931
146 4 5932
185 22 5933
41 1 5934
106 147 5935
90 84 5936
62 72 5937
59 172 5938
124 187 5939
175 78 5940
7 185 5941
119 139 5942
48 144 5943
87 60 5944
139 126 5945
41 168 5946
21 195 5947
14 157 5948
149 83 5949
67 33 5950
129 182 5951
157 133 5952
49 173 5953
96 56 5954
31 33 5955
106 36 5956
122 110 5957
8 170 5958
105 157 5959
92 55 5960
104 23 5961
93 75 5962
109 129 5963
188 60 5964
185 18 5965
160 179 5966
114 85 5967
167 67 5968
43 168 5969
179 130 5970
195 36 5971
196 177 5972
145 22 5973
85 149 5974
10 158 5975
1 161 5976
90 192 5977
3 110 5978
135 137 5979
40 163 5980
45 188 5981
33 15 5982
69 104 5983
73 14 5984
106 140 5985
21 91 5986
124 33 5987
165 73 5988
124 100 5989
119 177 5990
1 180 5991
123 127 5992
74 8 5993
200 49 5994
88 7 5995
146 12 5996
184 92 5997
134 63 5998
72 120 5999
190 123 6000
121 58 6001
23 7 6002
93 148 6003
63 70 6004
190 68 6005
141 27 6006
185 87 6007
133 1 6008
101 89 6009
44 180 6010
151 183 6011
119 166 6012
107 117 6013
132 64 6014
88 117 6015
198 17 6016
43 31 6017
121 122 6018
37 5 6019
79 106 6020
24 137 6021
82 54 6022
26 83 6023
110 166 6024
50 161 6025
45 125 6026
17 80 6027
181 137 6028
30 38 6029
117 70 6030
98 117 6031
114 71 6032
79 92 6033
57 127 6034
115 99 6035
160 133 6036
8 35 6037
131 21 6038
138 192 6039
29 113 6040
1 73 6041
29 4 6042
160 103 6043
155 23 6044
120 152 6045
42 186 6046
57 124 6047
116 124 6048
117 12 6049
105 20 6050
121 79 6051
25 93 6052
99 61 6053
185 2 6054
158 115 6055
152 16 6056
6 59 6057
22 191 6058
2 181 6059
76 181 6060
40 154 6061
192 25 6062
171 15 6063
130 50 6064
87 177 6065
78 123 6066
169 51 6067
165 62 6068
117 156 6069
61 150 6070
16 126 6071
63 153 6072
122 1 6073
194 33 6074
108 173 6075
41 85 6076
59 31 6077
174 6 6078
175 40 6079
25 155 6080
35 127 6081
172 177 6082
185 43 6083
57 29 6084
99 105 6085
62 127 6086
126 158 6087
43 147 6088
10 188 6089
112 198 6090
47 173 6091
169 94 6092
93 99 6093
87 116 6094
41 28 6095
61 90 6096
195 101 6097
50 67 6098
106 91 6099
99 82 6100
69 48 6101
61 166 6102
101 155 6103
176 65 6104
15 158 6105
137 109 6106
150 79 6107
63 90 6108
119 17 6109
160 59 6110
16 168 6111
122 99 6112
52 11 6113
139 90 6114
195 9 6115
65 98 6116
20 110 6117
17 173 6118
3 199 6119
130 68 6120
133 45 6121
4 104 6122
161 147 6123
168 180 6124
60 81 6125
125 85 6126
89 176 6127
4 153 6128
8 17 6129
95 83 6130
86 93 6131
162 120 6132
147 137 6133
86 5 6134
86 26 6135
43 69 6136
71 90 6137
187 70 6138
142 43 6139
193 25 6140
79 114 6141
187 132 6142
42 200 6143
124 188 6144
168 37 6145
196 34 6146
53 22 6147
101 177 6148
123 30 6149
39 85 6150
127 171 6151
11 140 6152
200 45 6153
117 87 6154
90 185 6155
33 135 6156
74 141 6157
144 182 6158
110 22 6159
115 146 6160
57 104 6161
95 138 6162
22 9 6163
193 97 6164
104 138 6165
5 49 6166
190 14 6167
87 81 6168
157 40 6169
104 183 6170
94 192 6171
183 40 6172
121 104 6173
31 10 6174
95 171 6175
191 89 6176
17 95 6177
125 143 6178
78 111 6179
1 109 6180
59 68 6181
119 61 6182
80 183 6183
159 40 6184
189 185 6185
55 106 6186
134 36 6187
100 185 6188
190 141 6189
163 143 6190
108 27 6191
71 84 6192
132 150 6193
198 68 6194
71 77 6195
85 90 6196
147 158 6197
145 110 6198
32 167 6199
91 41 6200
39 71 6201
196 103 6202
174 4 6203
156 155 6204
71 197 6205
95 143 6206
65 44 6207
96 31 6208
11 145 6209
49 164 6210
43 27 6211
194 134 6212
19 129 6213
1 151 6214
53 176 6215
26 192 6216
50 152 6217
179 65 6218
105 8 6219
50 25 6220
91 59 6221
172 146 6222
175 2 6223
150 155 6224
147 166 6225
167 176 6226
51 117 6227
107 88 6228
101 123 6229
27 8 6230
9 83 6231
136 104 6232
33 22 6233
114 36 6234
85 137 6235
41 152 6236
50 47 6237
191 55 6238
124 61 6239
179 6 6240
181 148 6241
7 178 6242
91 100 6243
58 28 6244
151 37 6245
195 191 6246
1 136 6247
175 120 6248
101 147 6249
185 4 6250
173 126 6251
191 175 6252
156 148 6253
35 26 6254
100 152 6255
9 6 6256
112 28 6257
7 52 6258
86 151 6259
75 58 6260
118 97 6261
47 13 6262
96 143 6263
10 149 6264
83 141 6265
82 115 6266
190 37 6267
132 55 6268
103 102 6269
179 180 6270
122 108 6271
151 141 6272
4 143 6273
35 70 6274
87 59 6275
28 127 6276
112 103 6277
71 48 6278
78 22 6279
172 99 6280
189 73 6281
116 191 6282
155 44 6283
65 87 6284
139 23 6285
189 153 6286
158 165 6287
75 152 6288
153 103 6289
145 188 6290
177 41 6291
166 31 6292
137 61 6293
169 191 6294
5 171 6295
122 2 6296
15 186 6297
85 164 6298
121 112 6299
138 54 6300
26 129 6301
104 47 6302
62 175 6303
35 196 6304
150 143 6305
52 23 6306
157 138 6307
38 134 6308
156 172 6309
121 57 6310
15 174 6311
79 125 6312
28 81 6313
150 130 6314
68 146 6315
199 5 6316
133 55 6317
120 61 6318
88 66 6319
148 88 6320
5 61 6321
133 191 6322
181 182 6323
156 52 6324
104 179 6325
41 77 6326
196 76 6327
54 95 6328
93 126 6329
84 188 6330
92 21 6331
58 64 6332
156 147 6333
41 38 6334
168 46 6335
143 20 6336
57 32 6337
181 105 6338
58 15 6339
2 124 6340
135 39 6341
86 174 6342
75 106 6343
30 103 6344
32 7 6345
26 115 6346
83 102 6347
9 198 6348
57 18 6349
22 2 6350
88 73 6351
92 75 6352
84 165 6353
16 159 6354
23 78 6355
4 20 6356
168 27 6357
80 129 6358
195 79 6359
162 60 6360
190 55 6361
195 169 6362
18 156 6363
7 67 6364
91 3 6365
185 188 6366
126 184 6367
69 4 6368
57 114 6369
61 41 6370
130 104 6371
195 98 6372
105 76 6373
188 132 6374
180 103 6375
198 21 6376
177 136 6377
174 115 6378
75 23 6379
168 7 6380
142 185 6381
39 2 6382
86 1 6383
146 10 6384
197 73 6385
89 200 6386
109 124 6387
37 61 6388
90 103 6389
82 46 6390
55 170 6391
91 130 6392
96 75 6393
200 71 6394
71 167 6395
45 116 6396
82 109 6397
120 44 6398
34 141 6399
119 163 6400
57 151 6401
198 93 6402
29 35 6403
68 29 6404
172 16 6405
165 115 6406
71 185 6407
162 156 6408
20 161 6409
39 45 6410
74 130 6411
35 149 6412
143 139 6413
117 77 6414
11 99 6415
16 93 6416
13 123 6417
136 39 6418
97 135 6419
155 129 6420
8 11 6421
36 194 6422
151 120 6423
114 168 6424
101 126 6425
147 165 6426
48 75 6427
190 61 6428
142 165 6429
123 125 6430
184 20 6431
57 56 6432
189 118 6433
110 147 6434
147 70 6435
173 106 6436
4 189 6437
196 163 6438
138 141 6439
105 114 6440
45 143 6441
194 174 6442
27 104 6443
121 65 6444
198 177 6445
28 25 6446
176 31 6447
131 40 6448
128 8 6449
100 43 6450
40 135 6451
82 118 6452
48 51 6453
78 124 6454
178 156 6455
44 31 6456
169 176 6457
37 85 6458
147 62 6459
151 174 6460
90 105 6461
177 139 6462
50 132 6463
13 145 6464
110 12 6465
12 33 6466
134 27 6467
152 71 6468
161 148 6469
110 59 6470
30 174 6471
60 29 6472
163 95 6473
194 1 6474
66 33 6475
141 199 6476
106 6 6477
118 67 6478
192 189 6479
107 11 6480
9 149 6481
87 75 6482
66 60 6483
185 86 6484
105 36 6485
2 89 6486
135 167 6487
106 29 6488
145 28 6489
26 163 6490
92 134 6491
200 174 6492
69 18 6493
20 180 6494
24 30 6495
57 9 6496
39 181 6497
175 176 6498
140 115 6499
16 31 6500
136 138 6501
48 171 6502
193 103 6503
14 43 6504
71 112 6505
54 24 6506
73 104 6507
137 101 6508
151 145 6509
106 125 6510
136 82 6511
181 35 6512
7 51 6513
54 7 6514
159 60 6515
195 188 6516
159 150 6517
24 142 6518
41 158 6519
86 24 6520
24 121 6521
192 152 6522
3 100 6523
8 73 6524
83 15 6525
122 132 6526
8 58 6527
65 72 6528
124 24 6529
28 74 6530
187 112 6531
94 38 6532
52 81 6533
23 106 6534
101 32 6535
135 35 6536
166 34 6537
10 182 6538
132 88 6539
120 104 6540
131 41 6541
3 42 6542
3 26 6543
198 171 6544
190 191 6545
119 107 6546
27 150 6547
93 103 6548
159 76 6549
196 175 6550
34 43 6551
38 72 6552
61 135 6553
48 192 6554
28 133 6555
135 91 6556
141 68 6557
153 83 6558
191 95 6559
24 188 6560
63 11 6561
59 155 6562
158 93 6563
73 61 6564
73 115 6565
156 123 6566
52 67 6567
135 63 6568
3 107 6569
46 137 6570
145 87 6571
128 61 6572
12 101 6573
187 191 6574
156 141 6575
89 42 6576
41 130 6577
9 36 6578
29 177 6579
125 14 6580
154 49 6581
51 91 6582
90 108 6583
35 92 6584
64 194 6585
112 93 6586
181 72 6587
62 125 6588
145 155 6589
175 118 6590
55 3 6591
190 33 6592
114 1 6593
26 114 6594
112 31 6595
32 145 6596
23 59 6597
196 37 6598
28 124 6599
167 154 6600
62 53 6601
131 27 6602
7 28 6603
134 62 6604
78 16 6605
96 91 6606
114 90 6607
159 127 6608
86 196 6609
94 105 6610
152 19 6611
82 36 6612
26 142 6613
48 55 6614
154 105 6615
37 91 6616
130 112 6617
89 120 6618
26 25 6619
190 183 6620
183 191 6621
191 64 6622
178 116 6623
125 96 6624
94 140 6625
153 30 6626
151 39 6627
149 178 6628
122 112 6629
141 1 6630
160 34 6631
161 77 6632
140 164 6633
6 89 6634
11 165 6635
200 93 6636
183 173 6637
182 30 6638
121 123 6639
41 52 6640
164 67 6641
13 10 6642
94 161 6643
113 122 6644
183 4 6645
135 47 6646
142 93 6647
42 39 6648
19 67 6649
154 72 6650
150 173 6651
73 129 6652
174 2 6653
112 45 6654
156 189 6655
6 11 6656
62 23 6657
30 115 6658
176 184 6659
140 200 6660
126 91 6661
87 111 6662
126 164 6663
29 27 6664
129 70 6665
27 105 6666
57 111 6667
26 137 6668
57 196 6669
155 73 6670
189 198 6671
28 6 6672
87 3 6673
126 111 6674
140 14 6675
39 172 6676
106 180 6677
69 120 6678
2 77 6679
131 169 6680
99 5 6681
23 35 6682
79 160 6683
191 86 6684
169 6 6685
27 129 6686
75 143 6687
47 179 6688
88 185 6689
171 150 6690
147 58 6691
164 137 6692
155 107 6693
11 10 6694
188 183 6695
120 129 6696
94 156 6697
199 24 6698
98 154 6699
139 60 6700
136 185 6701
159 165 6702
36 59 6703
53 129 6704
85 94 6705
158 89 6706
128 146 6707
106 105 6708
68 94 6709
19 165 6710
195 18 6711
121 51 6712
6 83 6713
49 133 6714
159 141 6715
189 104 6716
66 10 6717
52 10 6718
134 39 6719
134 200 6720
81 173 6721
38 121 6722
180 148 6723
174 31 6724
56 123 6725
121 30 6726
143 81 6727
46 36 6728
149 177 6729
114 117 6730
159 99 6731
109 55 6732
133 4 6733
94 112 6734
136 73 6735
35 41 6736
1 126 6737
70 73 6738
115 70 6739
31 124 6740
78 190 6741
177 141 6742
102 167 6743
32 117 6744
48 185 6745
137 16 6746
134 30 6747
63 104 6748
143 40 6749
89 55 6750
95 66 6751
13 12 6752
151 198 6753
162 113 6754
77 169 6755
148 194 6756
19 186 6757
16 22 6758
120 180 6759
174 40 6760
8 38 6761
157 65 6762
46 165 6763
14 21 6764
90 74 6765
147 119 6766
120 50 6767
42 106 6768
103 32 6769
143 28 6770
177 161 6771
11 113 6772
124 133 6773
37 156 6774
36 169 6775
174 190 6776
15 168 6777
51 154 6778
108 35 6779
138 83 6780
116 65 6781
165 166 6782
19 154 6783
9 62 6784
37 10 6785
194 186 6786
4 166 6787
167 165 6788
115 62 6789
173 60 6790
189 197 6791
125 110 6792
14 92 6793
15 146 6794
73 101 6795
170 191 6796
176 189 6797
154 47 6798
107 75 6799
29 137 6800
141 150 6801
4 107 6802
11 109 6803
97 21 6804
164 11 6805
143 179 6806
158 82 6807
153 158 6808
179 106 6809
190 31 6810
187 83 6811
72 31 6812
22 17 6813
159 1 6814
142 86 6815
23 56 6816
65 147 6817
76 167 6818
55 140 6819
163 157 6820
148 153 6821
8 92 6822
194 137 6823
194 85 6824
62 42 6825
151 29 6826
100 7 6827
138 15 6828
141 55 6829
6 82 6830
100 112 6831
67 35 6832
27 54 6833
89 177 6834
136 100 6835
153 113 6836
104 95 6837
102 26 6838
79 67 6839
73 51 6840
163 28 6841
38 46 6842
148 197 6843
61 145 6844
128 70 6845
170 185 6846
52 134 6847
188 57 6848
6 7 6849
139 96 6850
150 121 6851
73 163 6852
118 116 6853
54 8 6854
135 110 6855
195 97 6856
28 159 6857
127 190 6858
141 121 6859
127 3 6860
16 128 6861
17 37 6862
121 56 6863
14 69 6864
22 63 6865
82 185 6866
162 115 6867
94 103 6868
87 47 6869
87 144 6870
82 131 6871
176 147 6872
49 46 6873
118 178 6874
71 12 6875
77 74 6876
39 68 6877
175 23 6878
20 200 6879
102 135 6880
103 84 6881
178 61 6882
76 9 6883
92 93 6884
91 198 6885
88 61 6886
64 163 6887
53 1 6888
90 121 6889
172 164 6890
2 114 6891
19 11 6892
17 38 6893
170 178 6894
131 151 6895
187 165 6896
26 143 6897
77 38 6898
194 73 6899
46 189 6900
4 58 6901
59 79 6902
54 166 6903
197 53 6904
96 103 6905
43 150 6906
3 28 6907
113 172 6908
150 45 6909
195 72 6910
138 58 6911
9 188 6912
60 133 6913
47 122 6914
180 114 6915
186 23 6916
33 108 6917
133 186 6918
39 112 6919
46 153 6920
134 118 6921
184 109 6922
176 51 6923
199 31 6924
91 85 6925
107 96 6926
178 56 6927
36 69 6928
80 66 6929
88 101 6930
106 165 6931
165 109 6932
91 17 6933
32 195 6934
160 67 6935
55 2 6936
124 131 6937
83 191 6938
117 53 6939
181 22 6940
138 39 6941
27 98 6942
110 196 6943
40 32 6944
30 57 6945
116 7 6946
123 150 6947
48 49 6948
19 143 6949
82 181 6950
134 187 6951
22 197 6952
80 35 6953
161 162 6954
41 14 6955
121 25 6956
44 116 6957
52 55 6958
64 105 6959
199 142 6960
32 91 6961
150 191 6962
95 121 6963
140 13 6964
126 98 6965
16 120 6966
30 144 6967
1 94 6968
39 81 6969
129 14 6970
158 88 6971
18 14 6972
32 83 6973
33 152 6974
35 166 6975
166 74 6976
86 65 6977
113 194 6978
129 20 6979
174 157 6980
169 95 6981
65 118 6982
143 90 6983
130 3 6984
67 12 6985
33 187 6986
24 29 6987
83 28 6988
67 137 6989
35 171 6990
46 31 6991
3 142 6992
6 159 6993
99 38 6994
120 185 6995
96 100 6996
66 120 6997
99 52 6998
189 24 6999
144 172 7000
