200 6900 6900
76 50 1
161 130 2
29 170 3
96 65 4
148 20 5
80 164 6
193 103 7
152 156 8
137 125 9
65 87 10
155 129 11
39 128 12
75 12 13
13 60 14
132 103 15
58 64 16
198 14 17
99 126 18
7 67 19
54 189 20
27 148 21
146 185 22
195 97 23
17 102 24
124 14 25
82 141 26
59 172 27
163 194 28
27 95 29
176 70 30
41 16 31
20 200 32
147 25 33
62 192 34
199 134 35
153 155 36
56 111 37
155 178 38
47 67 39
121 159 40
133 168 41
175 197 42
98 2 43
58 63 44
104 149 45
129 24 46
114 168 47
153 109 48
59 125 49
58 97 50
144 43 51
93 100 52
70 72 53
73 134 54
21 52 55
66 81 56
24 142 57
99 6 58
124 157 59
124 36 60
156 147 61
157 153 62
178 8 63
122 94 64
89 32 65
108 145 66
191 86 67
28 174 68
18 193 69
74 142 70
121 57 71
72 150 72
13 109 73
34 143 74
30 200 75
59 53 76
1 154 77
70 107 78
117 3 79
161 85 80
59 79 81
163 14 82
177 84 83
122 197 84
151 182 85
155 182 86
1 138 87
68 168 88
161 105 89
73 61 90
102 135 91
106 7 92
46 112 93
68 8 94
177 114 95
3 182 96
94 105 97
174 19 98
195 53 99
68 151 100
119 196 101
93 153 102
108 19 103
194 154 104
2 65 105
127 60 106
196 139 107
111 3 108
172 138 109
77 38 110
61 51 111
61 112 112
186 38 113
125 96 114
169 144 115
136 47 116
168 45 117
135 35 118
18 48 119
61 84 120
144 38 121
165 14 122
193 163 123
62 20 124
130 106 125
7 139 126
187 171 127
127 108 128
57 191 129
174 185 130
172 46 131
85 96 132
107 17 133
103 44 134
29 93 135
111 103 136
20 183 137
95 131 138
66 147 139
151 45 140
100 95 141
121 56 142
200 45 143
21 4 144
15 174 145
177 185 146
5 58 147
52 115 148
137 11 149
117 140 150
114 90 151
26 63 152
124 1 153
99 173 154
5 192 155
57 7 156
117 36 157
116 194 158
55 31 159
194 22 160
82 109 161
129 100 162
45 27 163
85 147 164
81 2 165
82 138 166
97 41 167
88 187 168
86 99 169
62 175 170
84 134 171
137 56 172
94 38 173
32 63 174
195 19 175
152 131 176
144 172 177
71 25 178
17 64 179
3 100 180
91 165 181
132 64 182
81 167 183
41 85 184
60 29 185
99 20 186
116 185 187
85 73 188
116 77 189
107 190 190
32 65 191
187 28 192
75 58 193
46 139 194
94 49 195
133 100 196
62 142 197
107 84 198
23 195 199
113 133 200
8 154 201
15 168 202
37 43 203
30 8 204
10 131 205
198 177 206
3 46 207
31 73 208
92 176 209
2 57 210
2 28 211
167 175 212
147 165 213
29 158 214
105 6 215
2 152 216
16 93 217
53 130 218
35 176 219
89 42 220
89 116 221
29 154 222
109 75 223
66 172 224
157 3 225
119 139 226
196 55 227
18 112 228
11 64 229
135 63 230
12 37 231
74 59 232
82 31 233
100 42 234
63 69 235
146 182 236
140 57 237
117 145 238
37 134 239
139 69 240
100 197 241
26 117 242
19 39 243
53 169 244
148 46 245
103 57 246
162 96 247
182 8 248
3 35 249
83 102 250
14 127 251
56 47 252
122 158 253
190 169 254
30 72 255
97 162 256
169 154 257
136 132 258
111 129 259
195 51 260
188 122 261
28 124 262
152 181 263
78 131 264
150 161 265
20 181 266
186 85 267
45 159 268
29 30 269
175 59 270
96 167 271
123 64 272
59 31 273
82 146 274
17 38 275
142 117 276
38 178 277
106 134 278
96 199 279
173 44 280
26 174 281
65 169 282
88 41 283
178 26 284
30 13 285
88 15 286
78 22 287
170 18 288
5 162 289
152 84 290
159 151 291
96 95 292
114 29 293
190 13 294
108 93 295
73 192 296
170 117 297
113 138 298
1 179 299
47 19 300
46 153 301
193 30 302
110 147 303
186 128 304
116 36 305
184 194 306
38 12 307
171 26 308
153 22 309
158 165 310
124 33 311
41 38 312
18 123 313
54 10 314
117 48 315
173 1 316
98 166 317
124 130 318
83 121 319
34 14 320
116 79 321
21 148 322
98 103 323
138 197 324
112 11 325
113 157 326
113 172 327
71 42 328
46 169 329
60 42 330
110 12 331
195 66 332
83 71 333
191 89 334
50 30 335
26 82 336
190 46 337
44 154 338
150 163 339
77 80 340
82 117 341
153 18 342
138 100 343
141 52 344
87 116 345
194 157 346
104 62 347
17 146 348
98 187 349
58 168 350
91 187 351
83 133 352
29 179 353
86 93 354
43 168 355
121 98 356
60 10 357
152 76 358
156 123 359
114 89 360
190 138 361
45 191 362
1 126 363
198 174 364
182 85 365
104 66 366
133 45 367
167 132 368
51 95 369
89 39 370
32 73 371
160 179 372
89 11 373
162 155 374
184 149 375
191 181 376
163 190 377
19 143 378
129 50 379
195 198 380
70 120 381
23 199 382
152 60 383
29 28 384
8 144 385
10 51 386
113 171 387
29 18 388
68 13 389
197 196 390
42 197 391
180 186 392
199 95 393
98 114 394
92 48 395
1 102 396
98 83 397
2 89 398
140 33 399
23 157 400
186 146 401
10 92 402
72 189 403
159 99 404
21 76 405
126 3 406
142 113 407
71 46 408
142 107 409
199 30 410
124 100 411
162 49 412
22 56 413
18 14 414
104 61 415
164 48 416
170 118 417
28 63 418
125 134 419
134 179 420
110 117 421
61 105 422
162 48 423
37 125 424
42 24 425
160 147 426
119 14 427
91 84 428
19 50 429
5 16 430
193 97 431
16 76 432
79 128 433
87 159 434
121 164 435
142 94 436
18 65 437
131 40 438
93 17 439
103 192 440
61 100 441
178 100 442
194 186 443
128 8 444
198 161 445
41 30 446
83 14 447
134 81 448
81 44 449
68 194 450
97 14 451
91 128 452
94 179 453
167 77 454
6 22 455
127 181 456
185 134 457
161 176 458
106 199 459
54 76 460
155 142 461
42 72 462
91 70 463
200 195 464
74 56 465
187 102 466
77 188 467
40 148 468
98 142 469
121 193 470
131 23 471
9 143 472
37 10 473
87 173 474
195 78 475
155 49 476
177 139 477
87 100 478
38 145 479
31 4 480
81 87 481
170 33 482
156 195 483
118 81 484
51 59 485
161 118 486
106 111 487
127 102 488
126 158 489
112 169 490
70 90 491
183 87 492
153 182 493
83 12 494
150 37 495
41 169 496
164 137 497
128 43 498
61 74 499
93 170 500
99 62 501
94 180 502
128 27 503
135 39 504
12 68 505
108 35 506
28 127 507
110 128 508
8 23 509
155 199 510
105 16 511
123 6 512
168 37 513
135 99 514
74 38 515
55 22 516
176 180 517
2 8 518
168 161 519
60 110 520
100 4 521
50 133 522
72 156 523
160 103 524
138 13 525
164 174 526
89 40 527
48 172 528
18 8 529
162 79 530
152 89 531
47 17 532
22 43 533
65 56 534
21 190 535
8 66 536
185 121 537
120 50 538
85 121 539
73 14 540
80 6 541
143 81 542
12 33 543
71 180 544
58 46 545
19 186 546
181 68 547
69 13 548
168 159 549
139 126 550
118 155 551
19 46 552
28 52 553
101 72 554
24 121 555
68 2 556
92 7 557
162 129 558
61 40 559
13 128 560
24 30 561
118 197 562
58 103 563
163 95 564
189 162 565
73 167 566
100 112 567
112 16 568
42 142 569
137 166 570
1 34 571
162 120 572
143 123 573
171 48 574
168 53 575
76 132 576
17 49 577
3 113 578
119 107 579
184 144 580
89 176 581
45 57 582
124 61 583
175 46 584
179 122 585
146 175 586
190 123 587
144 146 588
136 104 589
55 123 590
41 163 591
185 59 592
133 127 593
110 5 594
34 69 595
34 8 596
81 107 597
191 152 598
161 101 599
95 198 600
19 169 601
165 60 602
71 108 603
18 1 604
44 137 605
91 3 606
83 15 607
143 38 608
33 135 609
61 168 610
194 144 611
200 183 612
14 69 613
79 56 614
100 187 615
147 164 616
47 14 617
159 40 618
54 135 619
149 22 620
179 46 621
3 65 622
173 90 623
31 52 624
100 118 625
172 162 626
194 178 627
165 67 628
161 147 629
167 84 630
153 30 631
174 36 632
179 87 633
159 39 634
55 157 635
29 177 636
127 3 637
128 51 638
3 86 639
48 130 640
110 30 641
117 58 642
172 139 643
171 51 644
180 49 645
171 150 646
161 72 647
150 6 648
144 127 649
133 32 650
78 148 651
174 32 652
101 112 653
66 102 654
45 125 655
191 68 656
110 70 657
116 161 658
110 78 659
161 60 660
6 128 661
156 159 662
130 133 663
178 79 664
157 81 665
178 135 666
124 7 667
180 93 668
116 23 669
101 123 670
34 159 671
165 145 672
136 100 673
30 32 674
139 158 675
16 13 676
193 70 677
147 137 678
145 65 679
23 67 680
166 74 681
9 149 682
136 3 683
84 3 684
163 70 685
68 41 686
152 66 687
103 66 688
48 51 689
45 44 690
158 18 691
148 50 692
94 34 693
128 167 694
59 38 695
195 191 696
136 138 697
32 122 698
16 9 699
164 56 700
86 109 701
195 152 702
48 132 703
200 71 704
168 98 705
137 16 706
185 196 707
141 188 708
131 1 709
7 61 710
73 82 711
69 156 712
190 122 713
42 183 714
104 175 715
111 154 716
72 10 717
178 103 718
121 34 719
82 148 720
14 192 721
100 106 722
128 96 723
196 81 724
143 197 725
129 188 726
166 2 727
123 25 728
193 155 729
135 91 730
161 104 731
158 116 732
12 46 733
3 47 734
143 90 735
175 113 736
119 16 737
162 191 738
20 41 739
66 115 740
94 70 741
175 172 742
11 39 743
90 163 744
181 18 745
39 13 746
60 105 747
87 60 748
155 185 749
163 125 750
97 161 751
185 69 752
3 176 753
125 30 754
29 195 755
77 31 756
86 128 757
112 110 758
196 102 759
62 15 760
53 120 761
199 129 762
177 189 763
195 46 764
165 16 765
37 85 766
116 126 767
105 118 768
94 150 769
66 99 770
48 61 771
185 78 772
105 195 773
112 93 774
180 62 775
181 157 776
71 2 777
163 120 778
79 106 779
17 155 780
108 183 781
120 121 782
74 165 783
71 112 784
19 101 785
192 190 786
169 89 787
4 60 788
154 136 789
141 105 790
174 91 791
141 194 792
15 117 793
143 179 794
180 193 795
151 121 796
47 184 797
126 194 798
74 104 799
172 159 800
69 72 801
74 44 802
48 190 803
113 82 804
185 104 805
149 5 806
92 152 807
92 172 808
12 63 809
3 57 810
138 11 811
151 174 812
33 120 813
94 50 814
179 58 815
96 158 816
135 47 817
6 118 818
147 132 819
134 188 820
54 24 821
69 160 822
176 168 823
6 161 824
125 12 825
15 197 826
70 39 827
174 115 828
100 78 829
162 115 830
27 187 831
86 25 832
47 173 833
199 2 834
66 19 835
84 11 836
196 41 837
7 165 838
189 41 839
192 122 840
150 109 841
124 91 842
136 44 843
52 152 844
185 67 845
17 95 846
188 62 847
79 160 848
139 104 849
76 41 850
16 171 851
104 134 852
70 50 853
56 131 854
8 35 855
130 3 856
11 49 857
76 110 858
133 156 859
8 22 860
183 67 861
75 6 862
20 43 863
70 168 864
1 45 865
172 99 866
69 169 867
9 159 868
50 104 869
97 31 870
39 81 871
181 116 872
75 136 873
178 72 874
194 110 875
155 111 876
86 194 877
172 85 878
8 173 879
166 6 880
20 72 881
74 18 882
184 77 883
189 153 884
191 175 885
47 168 886
30 9 887
99 162 888
174 6 889
112 96 890
46 17 891
132 70 892
80 153 893
165 80 894
91 107 895
87 19 896
109 30 897
58 42 898
89 81 899
125 170 900
86 37 901
166 114 902
166 31 903
93 50 904
45 63 905
174 196 906
103 200 907
184 178 908
197 124 909
164 51 910
133 155 911
112 36 912
52 150 913
132 3 914
54 177 915
192 177 916
198 55 917
139 125 918
36 43 919
12 101 920
123 179 921
82 54 922
132 131 923
83 159 924
166 193 925
10 167 926
198 121 927
129 93 928
56 102 929
188 109 930
174 71 931
197 135 932
103 158 933
126 184 934
67 195 935
80 129 936
20 137 937
79 163 938
42 136 939
147 44 940
165 24 941
174 169 942
80 191 943
186 73 944
147 71 945
169 130 946
20 23 947
102 38 948
14 49 949
35 158 950
8 17 951
130 166 952
62 91 953
109 115 954
27 157 955
171 13 956
51 197 957
82 46 958
144 145 959
144 133 960
30 81 961
51 198 962
134 141 963
22 17 964
183 132 965
83 112 966
9 150 967
97 66 968
69 157 969
90 17 970
85 47 971
117 115 972
129 34 973
58 33 974
149 54 975
140 80 976
181 22 977
146 143 978
74 45 979
97 179 980
120 193 981
52 171 982
159 154 983
127 190 984
154 162 985
11 81 986
91 148 987
178 176 988
1 68 989
128 68 990
97 142 991
190 77 992
173 61 993
188 60 994
200 142 995
169 32 996
108 184 997
78 35 998
17 111 999
184 109 1000
14 102 1001
12 135 1002
56 12 1003
180 162 1004
192 127 1005
141 68 1006
58 133 1007
194 57 1008
170 37 1009
65 113 1010
161 84 1011
11 141 1012
157 140 1013
3 193 1014
6 29 1015
24 95 1016
1 79 1017
49 87 1018
94 192 1019
160 177 1020
120 104 1021
38 29 1022
22 30 1023
180 170 1024
5 188 1025
166 77 1026
162 179 1027
87 171 1028
112 51 1029
55 75 1030
116 142 1031
100 121 1032
52 58 1033
125 27 1034
62 161 1035
15 100 1036
125 164 1037
39 188 1038
63 11 1039
95 79 1040
99 84 1041
198 171 1042
97 135 1043
100 28 1044
114 36 1045
54 7 1046
122 108 1047
122 185 1048
85 90 1049
114 6 1050
147 55 1051
183 79 1052
120 161 1053
175 180 1054
59 13 1055
53 181 1056
115 128 1057
132 54 1058
59 198 1059
7 178 1060
37 95 1061
88 160 1062
15 141 1063
40 98 1064
45 182 1065
46 182 1066
149 2 1067
167 196 1068
190 20 1069
155 100 1070
125 142 1071
179 148 1072
90 140 1073
29 107 1074
44 37 1075
2 76 1076
195 167 1077
153 78 1078
56 8 1079
104 34 1080
47 145 1081
177 143 1082
18 16 1083
165 183 1084
100 110 1085
161 170 1086
33 156 1087
131 21 1088
100 115 1089
196 200 1090
176 130 1091
86 7 1092
47 39 1093
98 62 1094
55 127 1095
48 125 1096
25 38 1097
149 144 1098
85 154 1099
164 98 1100
73 51 1101
22 2 1102
151 32 1103
49 25 1104
150 98 1105
177 70 1106
189 24 1107
52 1 1108
119 11 1109
71 169 1110
145 126 1111
72 118 1112
145 43 1113
108 119 1114
75 178 1115
96 56 1116
49 159 1117
159 2 1118
192 69 1119
117 77 1120
51 165 1121
82 120 1122
70 83 1123
15 114 1124
139 90 1125
2 72 1126
165 29 1127
80 68 1128
62 131 1129
28 108 1130
84 94 1131
140 52 1132
101 169 1133
20 77 1134
72 180 1135
26 83 1136
69 173 1137
45 116 1138
126 66 1139
83 37 1140
175 199 1141
187 50 1142
95 21 1143
48 67 1144
108 75 1145
136 111 1146
64 182 1147
99 187 1148
47 138 1149
32 62 1150
105 14 1151
163 13 1152
125 115 1153
53 68 1154
59 113 1155
147 140 1156
151 132 1157
3 75 1158
26 181 1159
127 87 1160
95 143 1161
141 23 1162
10 182 1163
153 48 1164
46 77 1165
73 109 1166
177 151 1167
19 22 1168
156 172 1169
17 118 1170
35 124 1171
91 57 1172
142 28 1173
167 177 1174
42 186 1175
146 131 1176
167 98 1177
54 166 1178
72 77 1179
33 132 1180
175 120 1181
107 13 1182
90 131 1183
90 74 1184
67 29 1185
189 184 1186
71 167 1187
79 194 1188
124 163 1189
55 170 1190
31 78 1191
49 31 1192
63 197 1193
38 151 1194
145 54 1195
14 43 1196
91 27 1197
152 64 1198
95 194 1199
93 10 1200
122 172 1201
122 170 1202
54 137 1203
117 133 1204
157 100 1205
44 144 1206
30 20 1207
198 155 1208
35 100 1209
147 169 1210
192 53 1211
139 60 1212
44 135 1213
73 24 1214
17 170 1215
124 180 1216
63 43 1217
14 199 1218
140 164 1219
31 158 1220
133 197 1221
187 73 1222
85 76 1223
145 174 1224
147 58 1225
96 80 1226
57 138 1227
137 168 1228
88 32 1229
34 103 1230
180 19 1231
109 14 1232
8 174 1233
24 159 1234
50 10 1235
47 140 1236
85 80 1237
33 111 1238
76 135 1239
45 192 1240
94 149 1241
126 65 1242
141 137 1243
195 37 1244
89 115 1245
63 14 1246
143 194 1247
42 32 1248
4 13 1249
189 36 1250
123 126 1251
7 47 1252
135 110 1253
130 52 1254
116 149 1255
112 198 1256
60 192 1257
185 23 1258
115 70 1259
48 96 1260
70 28 1261
187 71 1262
12 134 1263
79 85 1264
51 93 1265
14 37 1266
193 25 1267
87 102 1268
181 103 1269
104 44 1270
51 154 1271
78 74 1272
27 42 1273
189 173 1274
68 195 1275
118 125 1276
53 14 1277
14 139 1278
153 134 1279
91 48 1280
156 93 1281
89 105 1282
9 83 1283
152 105 1284
6 7 1285
94 18 1286
107 69 1287
16 98 1288
91 117 1289
7 190 1290
132 156 1291
166 23 1292
189 125 1293
45 78 1294
44 91 1295
95 150 1296
145 107 1297
128 151 1298
143 131 1299
56 28 1300
52 55 1301
85 82 1302
7 72 1303
36 108 1304
100 50 1305
74 80 1306
158 70 1307
69 104 1308
97 93 1309
197 16 1310
93 99 1311
197 28 1312
118 181 1313
172 133 1314
188 183 1315
181 138 1316
165 124 1317
95 3 1318
91 85 1319
124 9 1320
134 187 1321
123 30 1322
12 97 1323
183 122 1324
81 125 1325
47 113 1326
104 138 1327
14 189 1328
192 61 1329
75 78 1330
43 147 1331
108 181 1332
22 77 1333
183 63 1334
171 97 1335
135 108 1336
171 157 1337
51 172 1338
161 148 1339
16 85 1340
93 149 1341
57 158 1342
180 84 1343
1 136 1344
61 135 1345
92 47 1346
59 100 1347
182 76 1348
67 12 1349
110 155 1350
116 14 1351
177 37 1352
185 110 1353
143 188 1354
56 134 1355
50 66 1356
140 105 1357
84 146 1358
77 128 1359
145 155 1360
31 27 1361
108 169 1362
116 128 1363
150 156 1364
49 170 1365
50 42 1366
70 164 1367
180 83 1368
6 71 1369
24 112 1370
184 56 1371
91 71 1372
13 70 1373
94 102 1374
75 51 1375
57 163 1376
156 13 1377
52 76 1378
164 78 1379
88 6 1380
200 185 1381
83 74 1382
196 18 1383
6 20 1384
139 3 1385
157 9 1386
104 100 1387
196 30 1388
44 187 1389
141 29 1390
80 111 1391
52 173 1392
37 7 1393
41 183 1394
134 109 1395
1 164 1396
59 147 1397
85 65 1398
108 159 1399
24 139 1400
144 83 1401
165 187 1402
105 199 1403
43 42 1404
121 30 1405
104 92 1406
129 151 1407
157 74 1408
26 143 1409
8 64 1410
133 39 1411
108 155 1412
85 133 1413
115 13 1414
188 52 1415
138 84 1416
106 131 1417
124 188 1418
142 197 1419
94 162 1420
39 7 1421
124 131 1422
109 47 1423
148 32 1424
146 16 1425
134 49 1426
27 81 1427
88 67 1428
184 63 1429
61 132 1430
71 59 1431
115 146 1432
200 130 1433
172 185 1434
50 155 1435
59 89 1436
98 134 1437
173 132 1438
135 34 1439
78 112 1440
145 22 1441
101 28 1442
52 159 1443
167 150 1444
60 137 1445
152 184 1446
56 92 1447
192 180 1448
134 77 1449
40 7 1450
129 130 1451
102 26 1452
11 122 1453
177 178 1454
20 180 1455
24 87 1456
138 15 1457
149 62 1458
147 158 1459
109 100 1460
141 55 1461
81 170 1462
52 56 1463
13 58 1464
101 143 1465
117 114 1466
125 61 1467
87 172 1468
62 197 1469
93 121 1470
161 162 1471
93 103 1472
93 75 1473
44 142 1474
19 67 1475
104 113 1476
20 197 1477
68 33 1478
183 14 1479
39 18 1480
164 89 1481
38 132 1482
77 176 1483
116 94 1484
151 183 1485
24 91 1486
152 13 1487
109 198 1488
101 46 1489
86 69 1490
19 167 1491
194 56 1492
63 187 1493
93 52 1494
148 86 1495
119 178 1496
182 178 1497
29 142 1498
26 104 1499
174 97 1500
150 111 1501
95 18 1502
23 49 1503
65 40 1504
144 164 1505
191 36 1506
191 148 1507
58 55 1508
24 138 1509
79 38 1510
50 25 1511
84 16 1512
35 196 1513
136 168 1514
135 131 1515
33 92 1516
113 194 1517
192 55 1518
117 156 1519
184 30 1520
87 138 1521
38 46 1522
136 109 1523
59 42 1524
47 58 1525
45 142 1526
135 155 1527
151 107 1528
167 61 1529
152 38 1530
134 127 1531
88 198 1532
191 143 1533
24 171 1534
111 135 1535
76 29 1536
35 39 1537
109 46 1538
190 37 1539
200 70 1540
44 41 1541
51 123 1542
156 185 1543
82 76 1544
111 133 1545
180 80 1546
76 165 1547
112 89 1548
165 197 1549
36 8 1550
34 92 1551
1 129 1552
178 70 1553
124 107 1554
58 32 1555
20 132 1556
159 5 1557
181 105 1558
169 106 1559
139 167 1560
71 84 1561
149 182 1562
126 22 1563
93 54 1564
5 28 1565
42 94 1566
140 93 1567
42 67 1568
116 173 1569
17 120 1570
156 38 1571
18 40 1572
86 149 1573
99 56 1574
169 82 1575
132 78 1576
14 84 1577
45 161 1578
28 181 1579
180 178 1580
87 85 1581
61 164 1582
18 7 1583
21 153 1584
181 86 1585
49 78 1586
103 1 1587
43 46 1588
167 170 1589
8 170 1590
69 48 1591
36 41 1592
163 104 1593
49 149 1594
165 108 1595
129 178 1596
169 94 1597
44 90 1598
20 79 1599
111 190 1600
170 164 1601
157 133 1602
129 99 1603
44 164 1604
104 188 1605
101 87 1606
31 56 1607
33 173 1608
78 65 1609
181 178 1610
13 12 1611
136 150 1612
61 148 1613
191 13 1614
64 30 1615
100 117 1616
189 194 1617
61 90 1618
86 174 1619
145 11 1620
127 100 1621
126 189 1622
157 68 1623
147 51 1624
45 3 1625
23 156 1626
105 35 1627
1 16 1628
138 58 1629
6 136 1630
161 18 1631
119 44 1632
90 197 1633
3 29 1634
187 83 1635
115 56 1636
151 84 1637
51 49 1638
137 133 1639
49 133 1640
134 178 1641
94 143 1642
6 135 1643
126 185 1644
131 150 1645
176 37 1646
96 75 1647
32 145 1648
161 154 1649
33 11 1650
19 194 1651
187 87 1652
116 52 1653
175 93 1654
58 24 1655
197 5 1656
42 30 1657
71 48 1658
161 55 1659
70 19 1660
134 82 1661
70 78 1662
124 48 1663
106 190 1664
93 152 1665
118 121 1666
9 130 1667
54 31 1668
156 74 1669
172 79 1670
129 123 1671
44 195 1672
27 103 1673
163 186 1674
139 108 1675
20 139 1676
188 81 1677
137 128 1678
45 61 1679
80 21 1680
138 153 1681
91 50 1682
4 107 1683
94 159 1684
129 177 1685
29 27 1686
118 139 1687
167 25 1688
116 175 1689
79 125 1690
197 77 1691
76 185 1692
179 106 1693
7 98 1694
164 107 1695
154 47 1696
73 79 1697
196 43 1698
185 144 1699
65 44 1700
66 40 1701
145 141 1702
134 67 1703
79 193 1704
193 181 1705
65 19 1706
75 116 1707
134 39 1708
81 65 1709
195 63 1710
190 56 1711
182 88 1712
46 37 1713
23 108 1714
181 137 1715
112 147 1716
71 133 1717
138 171 1718
187 75 1719
121 102 1720
27 158 1721
73 50 1722
9 168 1723
110 188 1724
47 122 1725
153 20 1726
142 39 1727
159 60 1728
92 196 1729
119 124 1730
100 89 1731
180 122 1732
31 155 1733
163 139 1734
89 200 1735
128 194 1736
192 28 1737
140 24 1738
183 22 1739
21 175 1740
24 172 1741
50 26 1742
95 50 1743
116 28 1744
158 102 1745
159 126 1746
33 176 1747
193 42 1748
199 114 1749
72 55 1750
30 68 1751
173 106 1752
13 80 1753
86 131 1754
18 122 1755
7 63 1756
149 83 1757
171 129 1758
40 121 1759
88 128 1760
139 23 1761
9 24 1762
95 129 1763
8 79 1764
196 67 1765
93 192 1766
86 161 1767
69 120 1768
52 67 1769
60 55 1770
82 64 1771
106 124 1772
58 175 1773
178 56 1774
165 6 1775
28 71 1776
149 173 1777
195 91 1778
191 106 1779
167 87 1780
9 36 1781
131 81 1782
85 128 1783
63 13 1784
151 37 1785
28 37 1786
83 117 1787
43 111 1788
174 56 1789
121 126 1790
150 25 1791
102 112 1792
82 190 1793
114 146 1794
186 165 1795
5 61 1796
117 14 1797
171 110 1798
106 154 1799
178 147 1800
111 156 1801
54 30 1802
177 85 1803
128 32 1804
46 137 1805
27 17 1806
148 88 1807
62 166 1808
65 89 1809
86 180 1810
74 62 1811
159 18 1812
169 6 1813
7 155 1814
162 26 1815
197 74 1816
152 127 1817
163 94 1818
142 91 1819
157 195 1820
23 29 1821
134 85 1822
47 125 1823
90 84 1824
117 138 1825
188 57 1826
95 103 1827
6 158 1828
108 130 1829
195 79 1830
190 142 1831
48 55 1832
37 23 1833
12 171 1834
69 182 1835
4 122 1836
142 72 1837
151 195 1838
99 69 1839
185 8 1840
113 92 1841
92 137 1842
183 173 1843
192 56 1844
96 11 1845
54 35 1846
198 89 1847
198 68 1848
171 152 1849
145 57 1850
53 28 1851
124 70 1852
6 171 1853
65 155 1854
143 182 1855
162 170 1856
185 195 1857
39 181 1858
73 48 1859
153 173 1860
195 9 1861
111 172 1862
49 140 1863
183 131 1864
109 171 1865
62 168 1866
7 102 1867
197 53 1868
41 77 1869
79 66 1870
176 134 1871
147 91 1872
55 172 1873
194 149 1874
190 55 1875
1 161 1876
77 119 1877
195 5 1878
25 94 1879
140 21 1880
158 198 1881
182 171 1882
91 169 1883
141 198 1884
183 4 1885
25 88 1886
198 186 1887
70 118 1888
75 21 1889
95 40 1890
53 183 1891
86 30 1892
29 72 1893
117 96 1894
176 11 1895
13 166 1896
83 69 1897
189 197 1898
66 112 1899
80 3 1900
177 32 1901
135 179 1902
105 34 1903
15 143 1904
146 121 1905
106 108 1906
148 71 1907
52 164 1908
32 152 1909
85 70 1910
76 12 1911
108 96 1912
27 92 1913
138 54 1914
186 94 1915
31 137 1916
159 135 1917
75 57 1918
130 8 1919
34 51 1920
156 31 1921
39 154 1922
34 132 1923
63 52 1924
133 185 1925
45 138 1926
86 151 1927
61 41 1928
138 35 1929
198 12 1930
157 96 1931
139 110 1932
59 8 1933
41 46 1934
31 132 1935
158 36 1936
86 5 1937
51 163 1938
104 14 1939
169 24 1940
101 121 1941
1 73 1942
66 13 1943
86 134 1944
162 10 1945
36 45 1946
184 90 1947
86 155 1948
87 126 1949
81 186 1950
50 64 1951
104 83 1952
57 48 1953
10 94 1954
168 82 1955
86 188 1956
55 122 1957
127 160 1958
77 40 1959
30 150 1960
111 74 1961
122 79 1962
187 169 1963
61 9 1964
157 64 1965
166 22 1966
55 144 1967
123 149 1968
95 174 1969
128 28 1970
182 15 1971
13 31 1972
165 162 1973
182 62 1974
61 33 1975
196 9 1976
88 194 1977
11 16 1978
38 90 1979
158 83 1980
182 40 1981
26 163 1982
37 61 1983
18 106 1984
120 169 1985
5 78 1986
65 11 1987
4 142 1988
175 100 1989
171 106 1990
134 62 1991
47 1 1992
143 46 1993
65 174 1994
192 13 1995
144 63 1996
93 87 1997
139 178 1998
165 109 1999
162 103 2000
156 148 2001
115 161 2002
103 110 2003
27 54 2004
117 68 2005
38 134 2006
127 46 2007
64 97 2008
177 20 2009
185 35 2010
66 120 2011
187 154 2012
63 199 2013
83 128 2014
4 19 2015
79 123 2016
4 167 2017
69 155 2018
25 191 2019
117 155 2020
62 95 2021
31 72 2022
18 55 2023
62 87 2024
37 128 2025
64 92 2026
37 139 2027
39 71 2028
4 112 2029
186 60 2030
54 195 2031
142 170 2032
107 180 2033
105 183 2034
112 26 2035
136 38 2036
133 16 2037
118 97 2038
33 97 2039
174 102 2040
62 191 2041
12 160 2042
56 93 2043
134 75 2044
54 58 2045
24 110 2046
23 59 2047
33 99 2048
152 182 2049
33 128 2050
44 23 2051
71 185 2052
171 45 2053
74 163 2054
61 62 2055
54 61 2056
166 151 2057
64 148 2058
18 135 2059
110 146 2060
32 195 2061
123 66 2062
142 36 2063
70 59 2064
38 181 2065
27 182 2066
125 58 2067
176 96 2068
131 105 2069
168 157 2070
178 92 2071
29 124 2072
195 36 2073
63 47 2074
41 43 2075
68 24 2076
74 1 2077
70 181 2078
19 11 2079
158 4 2080
89 121 2081
45 123 2082
180 61 2083
198 93 2084
146 52 2085
109 53 2086
94 4 2087
119 86 2088
22 160 2089
30 38 2090
73 16 2091
15 192 2092
87 37 2093
140 115 2094
36 56 2095
152 71 2096
39 68 2097
140 28 2098
111 197 2099
26 9 2100
45 98 2101
198 138 2102
101 126 2103
160 34 2104
156 62 2105
137 149 2106
133 64 2107
65 136 2108
152 193 2109
102 198 2110
175 96 2111
37 194 2112
45 112 2113
114 88 2114
6 38 2115
53 9 2116
87 148 2117
171 160 2118
130 73 2119
25 197 2120
42 18 2121
185 97 2122
17 192 2123
196 127 2124
199 85 2125
127 4 2126
31 33 2127
195 136 2128
3 42 2129
68 94 2130
22 15 2131
36 152 2132
115 152 2133
128 31 2134
49 188 2135
101 147 2136
47 156 2137
147 149 2138
153 151 2139
184 153 2140
8 58 2141
146 197 2142
102 157 2143
15 113 2144
160 133 2145
167 26 2146
48 144 2147
102 104 2148
15 52 2149
155 70 2150
198 128 2151
166 159 2152
18 152 2153
137 158 2154
23 105 2155
32 113 2156
5 186 2157
33 137 2158
196 177 2159
55 140 2160
195 117 2161
77 39 2162
13 91 2163
31 92 2164
22 107 2165
72 112 2166
74 130 2167
107 96 2168
122 1 2169
60 62 2170
42 49 2171
85 156 2172
38 173 2173
185 10 2174
27 155 2175
129 72 2176
194 6 2177
19 91 2178
138 159 2179
44 31 2180
175 122 2181
40 175 2182
26 18 2183
190 67 2184
95 94 2185
52 102 2186
75 10 2187
54 167 2188
109 66 2189
36 77 2190
38 163 2191
79 67 2192
5 41 2193
35 10 2194
86 168 2195
124 104 2196
157 25 2197
24 13 2198
109 87 2199
85 22 2200
188 162 2201
87 67 2202
40 32 2203
51 155 2204
160 66 2205
133 161 2206
172 65 2207
3 185 2208
25 168 2209
120 118 2210
34 154 2211
46 164 2212
139 72 2213
170 124 2214
187 173 2215
33 72 2216
54 39 2217
13 61 2218
144 36 2219
197 181 2220
59 155 2221
121 183 2222
170 98 2223
181 168 2224
136 178 2225
104 97 2226
72 3 2227
107 200 2228
12 51 2229
63 25 2230
120 35 2231
33 22 2232
179 103 2233
11 134 2234
76 94 2235
130 62 2236
71 192 2237
128 75 2238
98 91 2239
53 119 2240
152 117 2241
114 72 2242
31 168 2243
88 189 2244
150 45 2245
125 130 2246
113 63 2247
110 109 2248
199 6 2249
95 88 2250
13 137 2251
109 199 2252
120 158 2253
158 5 2254
139 66 2255
106 116 2256
125 110 2257
10 112 2258
182 47 2259
194 1 2260
174 52 2261
144 106 2262
184 151 2263
29 83 2264
169 176 2265
1 158 2266
176 118 2267
94 191 2268
159 76 2269
12 49 2270
129 7 2271
24 132 2272
132 15 2273
75 20 2274
34 52 2275
40 198 2276
95 162 2277
54 108 2278
178 29 2279
180 128 2280
6 197 2281
106 185 2282
43 150 2283
154 31 2284
59 30 2285
187 51 2286
65 118 2287
27 160 2288
16 194 2289
16 50 2290
120 172 2291
133 41 2292
139 152 2293
134 175 2294
127 197 2295
148 152 2296
32 22 2297
146 14 2298
193 124 2299
65 133 2300
156 128 2301
136 199 2302
87 80 2303
86 26 2304
54 180 2305
35 48 2306
140 136 2307
36 123 2308
102 161 2309
43 97 2310
139 197 2311
1 94 2312
134 19 2313
103 167 2314
150 155 2315
48 53 2316
4 159 2317
52 86 2318
154 49 2319
6 65 2320
52 142 2321
124 111 2322
42 189 2323
60 16 2324
145 122 2325
166 66 2326
88 101 2327
32 118 2328
178 106 2329
166 148 2330
125 38 2331
82 34 2332
28 153 2333
111 188 2334
122 64 2335
198 170 2336
33 178 2337
122 21 2338
131 167 2339
39 177 2340
113 8 2341
110 87 2342
26 185 2343
53 52 2344
101 91 2345
39 125 2346
104 176 2347
175 194 2348
147 92 2349
117 54 2350
162 130 2351
13 144 2352
109 129 2353
137 109 2354
163 143 2355
194 136 2356
28 121 2357
139 21 2358
167 129 2359
30 89 2360
91 41 2361
60 132 2362
36 125 2363
30 6 2364
46 189 2365
9 197 2366
135 166 2367
156 42 2368
147 29 2369
53 8 2370
140 163 2371
166 105 2372
31 147 2373
47 97 2374
170 47 2375
104 110 2376
44 92 2377
16 42 2378
109 194 2379
197 52 2380
99 87 2381
8 47 2382
31 87 2383
29 192 2384
161 134 2385
67 59 2386
21 135 2387
44 180 2388
122 112 2389
19 113 2390
30 191 2391
15 94 2392
106 197 2393
136 155 2394
165 166 2395
144 150 2396
144 121 2397
61 147 2398
134 23 2399
151 150 2400
54 95 2401
106 165 2402
131 19 2403
25 153 2404
37 155 2405
94 129 2406
121 41 2407
152 104 2408
187 191 2409
20 84 2410
100 81 2411
147 171 2412
13 147 2413
144 136 2414
165 114 2415
39 94 2416
125 191 2417
14 147 2418
163 176 2419
56 148 2420
12 176 2421
96 100 2422
199 41 2423
187 31 2424
53 74 2425
166 68 2426
13 181 2427
86 1 2428
190 96 2429
16 116 2430
17 177 2431
74 75 2432
64 28 2433
75 73 2434
33 153 2435
175 168 2436
97 119 2437
38 57 2438
173 156 2439
157 1 2440
39 83 2441
19 129 2442
31 57 2443
22 64 2444
122 17 2445
30 57 2446
47 31 2447
48 134 2448
153 13 2449
190 184 2450
85 67 2451
48 44 2452
178 196 2453
7 104 2454
82 86 2455
177 96 2456
115 131 2457
61 122 2458
120 152 2459
85 141 2460
5 175 2461
36 63 2462
146 149 2463
80 103 2464
163 91 2465
29 91 2466
6 2 2467
106 33 2468
11 34 2469
58 15 2470
83 28 2471
103 166 2472
29 198 2473
12 60 2474
188 55 2475
29 32 2476
175 8 2477
128 161 2478
171 91 2479
46 128 2480
34 2 2481
78 167 2482
71 98 2483
3 9 2484
99 181 2485
112 34 2486
147 103 2487
160 71 2488
92 90 2489
11 168 2490
154 117 2491
13 197 2492
64 80 2493
83 141 2494
100 58 2495
127 47 2496
57 16 2497
131 154 2498
176 40 2499
24 137 2500
148 24 2501
40 162 2502
106 140 2503
57 151 2504
35 140 2505
41 118 2506
33 183 2507
21 110 2508
9 163 2509
177 41 2510
161 51 2511
14 92 2512
178 101 2513
40 4 2514
133 123 2515
161 135 2516
110 55 2517
117 21 2518
10 115 2519
184 51 2520
188 198 2521
154 135 2522
163 27 2523
30 96 2524
197 161 2525
45 107 2526
140 7 2527
28 6 2528
156 5 2529
27 68 2530
73 78 2531
141 67 2532
15 78 2533
85 97 2534
100 194 2535
68 83 2536
81 174 2537
23 144 2538
98 4 2539
181 164 2540
53 96 2541
33 14 2542
35 179 2543
5 118 2544
190 149 2545
178 197 2546
186 79 2547
111 21 2548
91 119 2549
105 193 2550
125 44 2551
121 58 2552
59 171 2553
106 64 2554
90 192 2555
99 61 2556
24 99 2557
181 37 2558
164 11 2559
192 88 2560
24 173 2561
64 105 2562
32 37 2563
128 141 2564
9 133 2565
109 111 2566
126 47 2567
183 76 2568
120 167 2569
36 59 2570
82 181 2571
155 181 2572
177 136 2573
181 123 2574
15 196 2575
120 142 2576
60 100 2577
70 172 2578
59 163 2579
114 196 2580
23 56 2581
181 109 2582
94 26 2583
192 189 2584
14 55 2585
83 169 2586
63 172 2587
159 183 2588
176 117 2589
75 15 2590
32 74 2591
20 121 2592
179 187 2593
145 35 2594
9 170 2595
2 114 2596
95 125 2597
119 60 2598
26 186 2599
128 11 2600
126 157 2601
7 176 2602
51 138 2603
166 97 2604
104 38 2605
30 129 2606
149 141 2607
76 139 2608
97 191 2609
199 84 2610
34 57 2611
190 158 2612
51 159 2613
58 136 2614
124 137 2615
109 161 2616
41 99 2617
107 114 2618
176 182 2619
169 45 2620
137 30 2621
78 114 2622
20 107 2623
69 66 2624
184 84 2625
51 58 2626
138 167 2627
143 141 2628
36 53 2629
179 89 2630
122 100 2631
46 165 2632
31 10 2633
55 167 2634
182 54 2635
158 178 2636
171 85 2637
39 69 2638
35 76 2639
6 11 2640
78 141 2641
21 162 2642
133 191 2643
109 158 2644
34 54 2645
79 154 2646
25 115 2647
2 85 2648
135 170 2649
106 5 2650
50 152 2651
188 173 2652
58 191 2653
56 24 2654
110 195 2655
5 73 2656
66 183 2657
175 181 2658
103 21 2659
30 51 2660
39 48 2661
35 149 2662
114 149 2663
146 21 2664
138 129 2665
96 103 2666
12 166 2667
181 42 2668
82 108 2669
40 64 2670
26 93 2671
71 168 2672
103 161 2673
87 135 2674
196 23 2675
174 129 2676
100 144 2677
168 13 2678
122 167 2679
12 14 2680
185 43 2681
63 188 2682
143 65 2683
162 133 2684
130 50 2685
120 81 2686
66 52 2687
106 181 2688
13 170 2689
17 140 2690
149 177 2691
37 123 2692
117 90 2693
43 93 2694
125 14 2695
49 153 2696
32 167 2697
121 65 2698
169 51 2699
1 37 2700
198 114 2701
198 84 2702
67 63 2703
41 19 2704
81 123 2705
149 158 2706
170 136 2707
176 100 2708
157 51 2709
164 101 2710
48 23 2711
98 105 2712
56 7 2713
11 43 2714
105 10 2715
8 38 2716
184 124 2717
134 169 2718
124 49 2719
119 57 2720
99 113 2721
92 168 2722
104 178 2723
4 189 2724
67 92 2725
22 193 2726
17 37 2727
7 136 2728
101 26 2729
102 58 2730
63 104 2731
49 98 2732
140 200 2733
3 28 2734
184 107 2735
27 62 2736
123 141 2737
50 165 2738
99 38 2739
166 132 2740
160 152 2741
153 103 2742
56 123 2743
87 111 2744
99 52 2745
52 11 2746
3 149 2747
144 77 2748
132 68 2749
198 135 2750
19 5 2751
27 94 2752
194 33 2753
7 58 2754
88 117 2755
123 53 2756
70 67 2757
2 116 2758
12 143 2759
161 88 2760
155 120 2761
1 163 2762
123 127 2763
60 138 2764
95 66 2765
166 162 2766
24 183 2767
112 15 2768
147 198 2769
29 46 2770
104 156 2771
20 110 2772
150 13 2773
117 50 2774
65 190 2775
98 122 2776
65 198 2777
38 149 2778
161 27 2779
109 200 2780
71 90 2781
41 138 2782
195 169 2783
122 71 2784
54 90 2785
3 199 2786
95 85 2787
197 152 2788
3 107 2789
87 165 2790
24 113 2791
190 183 2792
105 158 2793
73 129 2794
198 108 2795
183 13 2796
133 186 2797
45 143 2798
12 24 2799
88 29 2800
146 1 2801
142 47 2802
166 89 2803
94 140 2804
12 43 2805
23 78 2806
122 99 2807
62 171 2808
17 99 2809
68 38 2810
181 25 2811
125 10 2812
164 114 2813
41 142 2814
65 170 2815
183 124 2816
196 143 2817
22 68 2818
29 36 2819
76 170 2820
128 81 2821
119 104 2822
192 195 2823
20 113 2824
10 82 2825
136 135 2826
105 19 2827
16 92 2828
76 14 2829
146 166 2830
135 2 2831
2 108 2832
163 54 2833
151 31 2834
83 191 2835
76 188 2836
28 169 2837
33 10 2838
6 104 2839
52 151 2840
119 191 2841
171 139 2842
60 133 2843
62 21 2844
101 138 2845
66 29 2846
192 87 2847
154 15 2848
186 147 2849
67 181 2850
194 137 2851
149 23 2852
114 21 2853
105 127 2854
127 124 2855
181 30 2856
27 33 2857
146 187 2858
200 18 2859
34 55 2860
82 21 2861
47 90 2862
10 183 2863
186 177 2864
167 116 2865
129 139 2866
55 129 2867
15 188 2868
28 159 2869
83 139 2870
86 118 2871
16 97 2872
168 147 2873
108 31 2874
25 7 2875
18 147 2876
4 99 2877
63 153 2878
199 18 2879
197 8 2880
103 123 2881
79 111 2882
102 165 2883
153 195 2884
85 33 2885
55 69 2886
86 130 2887
150 58 2888
37 6 2889
95 161 2890
80 174 2891
155 143 2892
182 35 2893
32 127 2894
129 25 2895
147 184 2896
102 34 2897
100 161 2898
4 71 2899
19 71 2900
84 173 2901
22 197 2902
105 30 2903
54 68 2904
137 101 2905
36 159 2906
104 72 2907
174 31 2908
132 161 2909
27 156 2910
66 10 2911
125 85 2912
2 153 2913
167 199 2914
19 32 2915
164 69 2916
110 140 2917
144 51 2918
49 164 2919
176 16 2920
154 86 2921
39 172 2922
141 121 2923
42 200 2924
110 31 2925
133 67 2926
17 60 2927
42 122 2928
13 52 2929
92 75 2930
135 167 2931
120 116 2932
49 93 2933
3 27 2934
34 194 2935
86 163 2936
168 83 2937
71 197 2938
28 149 2939
186 181 2940
32 140 2941
19 144 2942
121 52 2943
138 141 2944
90 41 2945
175 38 2946
23 34 2947
35 26 2948
112 84 2949
18 115 2950
136 197 2951
124 118 2952
68 159 2953
95 128 2954
56 10 2955
120 34 2956
167 109 2957
34 68 2958
79 15 2959
99 146 2960
148 104 2961
73 150 2962
148 197 2963
13 43 2964
156 163 2965
74 155 2966
74 177 2967
94 32 2968
8 158 2969
42 194 2970
59 47 2971
117 169 2972
23 5 2973
106 117 2974
189 195 2975
122 132 2976
32 171 2977
59 184 2978
164 168 2979
4 143 2980
138 42 2981
64 96 2982
26 34 2983
9 171 2984
125 29 2985
193 46 2986
59 15 2987
163 157 2988
128 191 2989
66 135 2990
68 107 2991
5 68 2992
27 35 2993
44 56 2994
161 125 2995
50 7 2996
199 104 2997
37 51 2998
48 49 2999
147 36 3000
147 2 3001
176 147 3002
68 164 3003
131 186 3004
131 71 3005
97 22 3006
151 140 3007
143 23 3008
70 139 3009
172 96 3010
52 125 3011
186 174 3012
122 101 3013
82 61 3014
68 51 3015
107 99 3016
105 153 3017
119 149 3018
154 18 3019
105 8 3020
90 150 3021
4 132 3022
70 73 3023
174 49 3024
182 30 3025
67 82 3026
101 183 3027
114 33 3028
135 137 3029
131 87 3030
194 174 3031
26 149 3032
163 142 3033
43 80 3034
102 70 3035
83 171 3036
185 49 3037
173 77 3038
37 5 3039
174 173 3040
124 24 3041
40 76 3042
4 62 3043
13 74 3044
195 106 3045
154 164 3046
9 46 3047
40 93 3048
146 35 3049
81 1 3050
190 150 3051
111 38 3052
77 164 3053
16 69 3054
132 107 3055
88 7 3056
73 115 3057
190 38 3058
145 195 3059
130 30 3060
105 63 3061
73 103 3062
2 77 3063
133 107 3064
85 71 3065
3 90 3066
87 50 3067
185 21 3068
82 114 3069
52 32 3070
112 95 3071
26 73 3072
136 126 3073
141 168 3074
94 112 3075
75 61 3076
14 27 3077
193 142 3078
96 91 3079
77 6 3080
124 187 3081
178 150 3082
76 9 3083
98 68 3084
30 101 3085
5 34 3086
31 198 3087
41 185 3088
127 168 3089
157 12 3090
116 122 3091
36 84 3092
171 168 3093
123 88 3094
73 145 3095
127 195 3096
37 53 3097
37 108 3098
76 45 3099
44 43 3100
92 62 3101
181 84 3102
178 25 3103
73 93 3104
198 17 3105
171 158 3106
186 182 3107
77 83 3108
36 28 3109
55 158 3110
163 170 3111
127 120 3112
119 10 3113
91 130 3114
123 152 3115
126 52 3116
196 129 3117
120 41 3118
65 98 3119
170 61 3120
191 115 3121
116 61 3122
143 20 3123
96 143 3124
180 164 3125
197 58 3126
6 79 3127
180 7 3128
88 57 3129
34 173 3130
86 97 3131
144 21 3132
74 168 3133
191 10 3134
174 157 3135
16 155 3136
198 21 3137
46 36 3138
199 188 3139
114 35 3140
122 23 3141
121 112 3142
191 95 3143
8 77 3144
184 175 3145
28 107 3146
188 89 3147
94 156 3148
156 120 3149
35 142 3150
45 58 3151
16 80 3152
12 169 3153
61 195 3154
187 186 3155
55 119 3156
133 4 3157
185 4 3158
186 31 3159
88 92 3160
155 46 3161
46 147 3162
41 161 3163
168 49 3164
138 37 3165
74 50 3166
37 188 3167
9 95 3168
198 118 3169
111 5 3170
79 165 3171
165 115 3172
171 153 3173
127 9 3174
168 7 3175
199 33 3176
82 57 3177
169 191 3178
160 63 3179
166 17 3180
70 11 3181
163 192 3182
172 103 3183
11 175 3184
114 155 3185
125 94 3186
130 170 3187
50 59 3188
112 67 3189
55 64 3190
1 54 3191
159 1 3192
3 160 3193
177 161 3194
19 48 3195
48 68 3196
160 20 3197
139 153 3198
77 179 3199
71 184 3200
81 127 3201
157 184 3202
184 55 3203
82 43 3204
95 138 3205
175 117 3206
75 125 3207
78 180 3208
28 136 3209
36 87 3210
30 104 3211
151 137 3212
180 114 3213
66 85 3214
172 57 3215
154 181 3216
70 146 3217
83 92 3218
80 166 3219
157 48 3220
74 6 3221
114 76 3222
136 74 3223
39 75 3224
142 93 3225
134 95 3226
25 133 3227
160 137 3228
177 5 3229
32 47 3230
35 13 3231
2 52 3232
130 175 3233
109 187 3234
194 98 3235
184 92 3236
23 86 3237
66 5 3238
141 16 3239
109 124 3240
149 178 3241
52 90 3242
106 31 3243
188 148 3244
25 19 3245
174 4 3246
90 37 3247
159 143 3248
165 128 3249
89 120 3250
161 23 3251
73 3 3252
41 87 3253
191 70 3254
68 95 3255
39 174 3256
164 157 3257
153 143 3258
15 63 3259
129 28 3260
52 59 3261
152 157 3262
47 34 3263
174 2 3264
17 121 3265
140 92 3266
79 92 3267
126 86 3268
199 151 3269
3 124 3270
165 139 3271
125 87 3272
55 21 3273
72 22 3274
92 68 3275
26 66 3276
5 198 3277
164 160 3278
73 55 3279
195 25 3280
140 73 3281
46 124 3282
147 131 3283
15 158 3284
111 16 3285
132 165 3286
3 38 3287
140 14 3288
80 14 3289
66 178 3290
160 185 3291
104 112 3292
37 107 3293
62 140 3294
121 79 3295
124 169 3296
112 115 3297
144 182 3298
4 58 3299
143 31 3300
120 143 3301
64 86 3302
197 168 3303
29 113 3304
104 200 3305
167 180 3306
31 29 3307
181 162 3308
121 69 3309
172 62 3310
27 142 3311
18 85 3312
68 78 3313
7 24 3314
15 199 3315
17 25 3316
46 111 3317
26 187 3318
7 195 3319
95 146 3320
176 60 3321
93 114 3322
1 10 3323
103 84 3324
98 175 3325
72 103 3326
116 121 3327
123 125 3328
94 175 3329
24 130 3330
178 111 3331
157 103 3332
65 97 3333
133 143 3334
33 187 3335
183 96 3336
25 155 3337
184 40 3338
193 131 3339
190 29 3340
4 20 3341
143 184 3342
124 141 3343
70 148 3344
199 5 3345
20 76 3346
133 187 3347
85 45 3348
2 178 3349
68 108 3350
48 185 3351
1 121 3352
25 14 3353
116 69 3354
15 115 3355
164 62 3356
169 96 3357
60 90 3358
196 27 3359
9 161 3360
32 17 3361
119 192 3362
196 34 3363
194 185 3364
106 36 3365
33 129 3366
85 109 3367
186 82 3368
69 50 3369
44 96 3370
36 194 3371
41 14 3372
161 192 3373
149 195 3374
52 33 3375
36 60 3376
70 31 3377
29 73 3378
10 158 3379
62 58 3380
195 43 3381
176 26 3382
48 146 3383
191 103 3384
32 198 3385
19 173 3386
189 87 3387
173 135 3388
59 64 3389
167 3 3390
11 87 3391
153 64 3392
116 65 3393
172 151 3394
62 23 3395
95 31 3396
66 28 3397
178 144 3398
198 3 3399
59 136 3400
72 81 3401
138 86 3402
99 110 3403
194 103 3404
34 64 3405
175 165 3406
157 159 3407
200 106 3408
136 37 3409
48 108 3410
153 83 3411
125 70 3412
5 24 3413
113 144 3414
199 98 3415
65 161 3416
164 142 3417
161 53 3418
153 95 3419
139 116 3420
188 125 3421
52 177 3422
199 191 3423
9 129 3424
53 186 3425
124 51 3426
113 166 3427
53 142 3428
3 179 3429
172 157 3430
197 73 3431
86 40 3432
131 41 3433
190 12 3434
180 148 3435
163 76 3436
31 145 3437
89 135 3438
139 124 3439
118 171 3440
39 76 3441
183 154 3442
91 198 3443
11 149 3444
93 148 3445
53 104 3446
128 5 3447
57 102 3448
80 102 3449
68 152 3450
162 116 3451
27 150 3452
195 40 3453
104 47 3454
53 154 3455
109 172 3456
145 3 3457
144 187 3458
32 154 3459
91 177 3460
196 28 3461
30 65 3462
36 76 3463
134 200 3464
132 37 3465
91 168 3466
37 189 3467
72 167 3468
81 156 3469
70 17 3470
124 20 3471
96 141 3472
43 198 3473
170 175 3474
99 193 3475
74 88 3476
15 74 3477
150 38 3478
182 117 3479
134 36 3480
26 16 3481
37 16 3482
58 70 3483
16 48 3484
70 141 3485
162 52 3486
79 138 3487
99 106 3488
38 72 3489
91 73 3490
85 137 3491
161 107 3492
160 159 3493
92 166 3494
178 86 3495
185 188 3496
35 32 3497
121 66 3498
117 61 3499
33 25 3500
95 83 3501
54 121 3502
160 148 3503
148 153 3504
38 176 3505
10 192 3506
106 6 3507
180 89 3508
40 16 3509
197 56 3510
71 66 3511
165 73 3512
121 50 3513
22 87 3514
160 120 3515
27 98 3516
82 23 3517
52 168 3518
48 177 3519
70 76 3520
45 148 3521
184 195 3522
190 186 3523
157 111 3524
46 184 3525
102 9 3526
33 144 3527
46 18 3528
39 49 3529
195 101 3530
168 50 3531
70 190 3532
44 84 3533
34 181 3534
1 56 3535
140 109 3536
121 122 3537
101 162 3538
192 64 3539
140 81 3540
114 63 3541
114 119 3542
16 72 3543
177 141 3544
52 89 3545
61 43 3546
69 67 3547
147 177 3548
171 15 3549
111 19 3550
153 77 3551
95 28 3552
48 101 3553
33 155 3554
6 59 3555
70 24 3556
164 34 3557
87 144 3558
100 193 3559
180 10 3560
81 4 3561
193 175 3562
74 106 3563
136 4 3564
1 186 3565
101 141 3566
190 187 3567
194 198 3568
13 41 3569
158 115 3570
75 189 3571
34 100 3572
116 135 3573
145 140 3574
44 181 3575
7 52 3576
200 48 3577
8 92 3578
35 187 3579
25 23 3580
117 146 3581
171 28 3582
15 186 3583
76 194 3584
137 107 3585
21 159 3586
10 67 3587
165 78 3588
124 190 3589
2 171 3590
62 18 3591
188 105 3592
5 132 3593
51 160 3594
178 156 3595
118 116 3596
119 61 3597
180 188 3598
97 26 3599
155 63 3600
143 17 3601
39 105 3602
80 19 3603
192 125 3604
148 29 3605
117 153 3606
116 101 3607
141 95 3608
190 141 3609
161 151 3610
164 159 3611
54 14 3612
166 196 3613
113 187 3614
182 190 3615
116 15 3616
157 77 3617
160 76 3618
63 126 3619
101 63 3620
103 139 3621
182 184 3622
131 77 3623
82 199 3624
118 31 3625
27 64 3626
62 105 3627
185 199 3628
13 78 3629
10 149 3630
189 65 3631
6 89 3632
102 12 3633
50 172 3634
111 62 3635
56 146 3636
97 20 3637
8 33 3638
122 110 3639
93 8 3640
130 118 3641
87 54 3642
38 161 3643
138 61 3644
54 45 3645
30 170 3646
199 81 3647
175 19 3648
143 93 3649
160 21 3650
14 22 3651
43 159 3652
54 120 3653
188 153 3654
108 67 3655
121 137 3656
92 17 3657
46 73 3658
1 183 3659
72 169 3660
36 110 3661
166 169 3662
1 107 3663
169 92 3664
82 4 3665
158 99 3666
9 62 3667
40 74 3668
105 29 3669
191 4 3670
177 180 3671
142 165 3672
112 175 3673
75 23 3674
18 20 3675
123 185 3676
141 150 3677
101 60 3678
24 181 3679
141 199 3680
24 170 3681
157 138 3682
200 128 3683
87 157 3684
76 38 3685
28 105 3686
23 12 3687
18 56 3688
95 159 3689
147 153 3690
193 159 3691
189 69 3692
102 199 3693
170 139 3694
183 191 3695
172 93 3696
86 19 3697
43 5 3698
99 45 3699
110 118 3700
79 60 3701
114 48 3702
36 44 3703
85 191 3704
170 119 3705
86 153 3706
35 99 3707
132 45 3708
56 62 3709
120 21 3710
98 39 3711
126 193 3712
2 15 3713
108 136 3714
175 118 3715
192 176 3716
22 180 3717
159 165 3718
143 28 3719
192 4 3720
4 104 3721
48 7 3722
108 38 3723
70 112 3724
166 173 3725
167 70 3726
138 175 3727
151 141 3728
22 86 3729
192 169 3730
119 197 3731
40 154 3732
17 43 3733
17 115 3734
114 75 3735
61 72 3736
64 16 3737
84 51 3738
132 199 3739
107 61 3740
26 25 3741
29 24 3742
30 115 3743
57 32 3744
189 165 3745
192 152 3746
14 60 3747
104 68 3748
51 180 3749
24 60 3750
170 185 3751
140 58 3752
52 165 3753
7 163 3754
164 35 3755
21 69 3756
137 179 3757
70 162 3758
65 119 3759
103 91 3760
60 59 3761
117 70 3762
20 161 3763
75 63 3764
111 93 3765
158 154 3766
62 26 3767
118 67 3768
92 51 3769
167 17 3770
92 36 3771
78 62 3772
63 61 3773
11 37 3774
57 196 3775
33 130 3776
72 171 3777
3 26 3778
29 35 3779
173 177 3780
148 8 3781
142 178 3782
97 95 3783
82 115 3784
184 187 3785
86 196 3786
9 123 3787
18 24 3788
109 116 3789
73 123 3790
193 190 3791
142 149 3792
134 50 3793
9 48 3794
88 16 3795
137 105 3796
169 199 3797
19 23 3798
100 105 3799
92 12 3800
97 117 3801
188 87 3802
16 128 3803
7 199 3804
144 160 3805
53 129 3806
190 19 3807
65 48 3808
191 141 3809
14 36 3810
23 73 3811
68 177 3812
140 78 3813
150 74 3814
58 145 3815
146 168 3816
198 23 3817
100 152 3818
185 70 3819
151 198 3820
87 164 3821
164 50 3822
73 102 3823
16 126 3824
104 20 3825
20 126 3826
128 132 3827
24 143 3828
83 59 3829
6 51 3830
146 126 3831
126 67 3832
59 18 3833
84 158 3834
7 87 3835
65 14 3836
33 49 3837
126 92 3838
120 107 3839
157 130 3840
2 32 3841
126 43 3842
22 18 3843
172 126 3844
57 18 3845
111 50 3846
178 73 3847
168 93 3848
200 182 3849
24 119 3850
81 115 3851
103 131 3852
190 185 3853
168 189 3854
23 7 3855
48 154 3856
65 165 3857
150 22 3858
4 70 3859
80 183 3860
17 9 3861
172 197 3862
161 29 3863
1 165 3864
126 182 3865
82 131 3866
83 161 3867
53 162 3868
134 196 3869
98 198 3870
67 41 3871
47 99 3872
48 168 3873
70 82 3874
28 27 3875
140 134 3876
125 26 3877
16 159 3878
29 79 3879
199 124 3880
198 4 3881
118 195 3882
91 77 3883
112 103 3884
114 133 3885
184 161 3886
50 178 3887
24 186 3888
181 196 3889
108 160 3890
27 101 3891
32 91 3892
1 46 3893
39 85 3894
189 104 3895
156 102 3896
103 105 3897
30 144 3898
179 88 3899
138 123 3900
133 173 3901
6 138 3902
188 197 3903
103 100 3904
127 101 3905
164 149 3906
158 59 3907
133 88 3908
42 112 3909
38 185 3910
46 161 3911
160 46 3912
4 190 3913
178 18 3914
82 118 3915
196 125 3916
121 25 3917
128 107 3918
45 31 3919
161 77 3920
193 27 3921
45 81 3922
183 40 3923
7 130 3924
175 192 3925
126 132 3926
199 125 3927
142 71 3928
152 49 3929
178 112 3930
139 190 3931
94 153 3932
180 77 3933
78 162 3934
196 40 3935
41 79 3936
89 55 3937
28 199 3938
124 185 3939
7 66 3940
146 184 3941
37 8 3942
98 119 3943
194 64 3944
151 120 3945
11 170 3946
195 188 3947
146 150 3948
146 12 3949
164 75 3950
117 162 3951
77 191 3952
143 139 3953
80 108 3954
177 76 3955
149 16 3956
116 27 3957
40 166 3958
158 194 3959
40 149 3960
5 171 3961
64 185 3962
74 172 3963
57 154 3964
166 34 3965
61 150 3966
117 141 3967
165 174 3968
139 26 3969
114 173 3970
22 173 3971
4 17 3972
40 29 3973
175 10 3974
117 86 3975
39 28 3976
155 52 3977
129 40 3978
125 197 3979
115 190 3980
6 60 3981
64 140 3982
118 93 3983
44 149 3984
27 118 3985
73 22 3986
127 45 3987
43 138 3988
123 80 3989
57 29 3990
58 137 3991
67 6 3992
127 171 3993
123 162 3994
68 67 3995
33 15 3996
10 42 3997
58 167 3998
30 103 3999
146 106 4000
48 110 4001
22 61 4002
101 136 4003
147 150 4004
114 43 4005
30 84 4006
141 42 4007
126 143 4008
174 40 4009
112 150 4010
92 21 4011
190 154 4012
19 154 4013
119 59 4014
153 10 4015
99 57 4016
84 117 4017
100 182 4018
168 113 4019
101 44 4020
135 79 4021
1 151 4022
32 31 4023
89 84 4024
194 3 4025
47 2 4026
168 124 4027
155 187 4028
8 155 4029
124 176 4030
162 197 4031
153 132 4032
78 191 4033
26 114 4034
185 138 4035
85 101 4036
97 21 4037
148 141 4038
163 43 4039
119 200 4040
12 173 4041
136 82 4042
74 82 4043
26 107 4044
13 151 4045
141 122 4046
193 71 4047
156 32 4048
101 199 4049
187 157 4050
48 24 4051
85 149 4052
129 70 4053
75 122 4054
200 174 4055
23 72 4056
39 2 4057
10 166 4058
141 118 4059
38 31 4060
39 50 4061
165 12 4062
27 2 4063
57 124 4064
41 130 4065
132 59 4066
170 25 4067
149 15 4068
168 27 4069
88 66 4070
197 151 4071
155 76 4072
125 155 4073
155 192 4074
129 63 4075
176 78 4076
33 152 4077
98 79 4078
110 96 4079
87 195 4080
185 162 4081
46 81 4082
120 180 4083
126 115 4084
85 107 4085
174 175 4086
139 135 4087
115 46 4088
142 186 4089
150 143 4090
37 161 4091
82 36 4092
94 83 4093
47 179 4094
89 177 4095
175 15 4096
31 64 4097
92 71 4098
14 74 4099
163 28 4100
123 150 4101
58 180 4102
95 7 4103
13 10 4104
78 17 4105
105 15 4106
105 40 4107
120 97 4108
158 30 4109
192 111 4110
24 20 4111
134 198 4112
184 165 4113
194 40 4114
125 97 4115
124 68 4116
173 67 4117
40 135 4118
62 29 4119
126 31 4120
83 184 4121
130 151 4122
155 174 4123
145 200 4124
105 156 4125
70 149 4126
141 146 4127
25 113 4128
134 27 4129
188 98 4130
74 7 4131
132 84 4132
169 95 4133
66 192 4134
179 200 4135
59 131 4136
188 133 4137
66 142 4138
122 128 4139
198 149 4140
54 16 4141
78 84 4142
124 4 4143
146 111 4144
69 143 4145
107 147 4146
113 107 4147
121 123 4148
109 173 4149
12 70 4150
172 100 4151
186 148 4152
13 101 4153
19 84 4154
126 187 4155
48 141 4156
124 117 4157
87 59 4158
79 177 4159
148 73 4160
125 105 4161
77 118 4162
44 116 4163
82 143 4164
168 128 4165
61 121 4166
128 178 4167
106 53 4168
121 158 4169
163 116 4170
147 50 4171
166 36 4172
116 54 4173
116 124 4174
56 86 4175
14 21 4176
142 92 4177
110 168 4178
18 119 4179
37 180 4180
174 146 4181
86 92 4182
77 11 4183
134 59 4184
3 105 4185
183 123 4186
3 110 4187
66 143 4188
93 68 4189
78 172 4190
132 93 4191
192 25 4192
171 119 4193
3 56 4194
32 157 4195
83 51 4196
190 191 4197
65 191 4198
127 194 4199
76 124 4200
190 75 4201
51 156 4202
9 6 4203
155 11 4204
163 72 4205
54 156 4206
73 149 4207
200 35 4208
13 149 4209
133 182 4210
37 29 4211
37 91 4212
145 176 4213
99 7 4214
79 109 4215
100 126 4216
64 113 4217
134 63 4218
103 26 4219
28 98 4220
129 140 4221
6 69 4222
15 169 4223
192 107 4224
58 6 4225
189 33 4226
96 36 4227
112 87 4228
161 89 4229
176 14 4230
65 111 4231
44 127 4232
163 36 4233
155 6 4234
159 150 4235
60 189 4236
58 132 4237
92 134 4238
185 44 4239
88 19 4240
156 40 4241
34 185 4242
142 189 4243
171 175 4244
83 156 4245
64 181 4246
148 194 4247
73 77 4248
47 13 4249
8 86 4250
70 194 4251
65 180 4252
96 134 4253
46 157 4254
125 172 4255
107 88 4256
65 53 4257
13 77 4258
33 108 4259
186 176 4260
144 92 4261
179 174 4262
139 130 4263
6 139 4264
64 15 4265
132 18 4266
41 123 4267
145 87 4268
44 7 4269
28 188 4270
52 92 4271
183 89 4272
106 85 4273
153 133 4274
149 18 4275
120 177 4276
184 89 4277
162 93 4278
176 31 4279
198 61 4280
110 52 4281
185 103 4282
51 192 4283
54 86 4284
154 198 4285
21 124 4286
98 51 4287
72 168 4288
90 119 4289
67 35 4290
26 137 4291
103 52 4292
25 93 4293
14 58 4294
32 81 4295
5 172 4296
6 124 4297
52 19 4298
192 102 4299
119 36 4300
102 105 4301
54 200 4302
78 57 4303
9 146 4304
5 142 4305
164 37 4306
153 198 4307
50 191 4308
62 42 4309
126 197 4310
33 119 4311
38 54 4312
80 39 4313
142 121 4314
181 140 4315
158 128 4316
57 15 4317
192 52 4318
120 76 4319
181 148 4320
104 13 4321
32 68 4322
41 145 4323
108 148 4324
4 166 4325
84 142 4326
186 140 4327
181 182 4328
114 175 4329
140 167 4330
197 131 4331
52 163 4332
66 188 4333
25 55 4334
2 5 4335
36 179 4336
170 128 4337
145 138 4338
91 100 4339
18 102 4340
140 177 4341
166 125 4342
33 77 4343
144 75 4344
185 86 4345
174 34 4346
183 60 4347
35 165 4348
170 78 4349
116 191 4350
74 160 4351
161 61 4352
86 31 4353
105 4 4354
91 127 4355
181 194 4356
90 39 4357
75 119 4358
176 4 4359
38 167 4360
62 53 4361
148 147 4362
199 24 4363
151 46 4364
100 7 4365
118 54 4366
137 178 4367
144 93 4368
85 132 4369
129 58 4370
96 58 4371
47 193 4372
166 32 4373
94 135 4374
96 22 4375
33 45 4376
200 190 4377
14 157 4378
5 27 4379
175 176 4380
42 39 4381
33 39 4382
39 1 4383
107 72 4384
63 154 4385
77 142 4386
87 42 4387
147 6 4388
46 89 4389
41 147 4390
129 182 4391
22 138 4392
79 130 4393
196 13 4394
88 144 4395
183 59 4396
24 19 4397
74 133 4398
187 70 4399
176 20 4400
111 143 4401
78 177 4402
199 103 4403
148 36 4404
80 66 4405
28 77 4406
35 86 4407
47 181 4408
6 159 4409
66 90 4410
167 59 4411
80 95 4412
92 181 4413
55 156 4414
64 89 4415
110 196 4416
192 9 4417
44 146 4418
128 61 4419
170 191 4420
196 183 4421
144 79 4422
40 163 4423
190 88 4424
145 104 4425
172 164 4426
124 195 4427
177 200 4428
78 124 4429
144 65 4430
35 127 4431
92 111 4432
140 46 4433
96 115 4434
68 146 4435
128 69 4436
164 195 4437
168 111 4438
162 140 4439
81 173 4440
81 23 4441
127 61 4442
47 105 4443
10 45 4444
113 139 4445
168 187 4446
22 101 4447
82 66 4448
30 91 4449
127 67 4450
15 153 4451
124 133 4452
62 194 4453
124 129 4454
137 77 4455
160 48 4456
42 1 4457
41 152 4458
193 192 4459
52 134 4460
13 84 4461
156 73 4462
157 92 4463
6 5 4464
117 12 4465
193 51 4466
113 199 4467
161 193 4468
78 37 4469
57 139 4470
97 11 4471
95 20 4472
152 25 4473
134 164 4474
56 6 4475
133 23 4476
185 183 4477
138 39 4478
77 60 4479
65 194 4480
151 145 4481
154 140 4482
170 116 4483
107 75 4484
83 188 4485
171 19 4486
16 186 4487
71 55 4488
139 12 4489
149 106 4490
134 2 4491
29 58 4492
5 179 4493
89 160 4494
80 134 4495
110 54 4496
74 8 4497
102 191 4498
178 61 4499
50 22 4500
114 58 4501
142 124 4502
151 109 4503
190 105 4504
10 89 4505
168 151 4506
184 68 4507
146 5 4508
48 175 4509
144 69 4510
75 100 4511
20 34 4512
18 86 4513
196 187 4514
79 152 4515
85 23 4516
59 152 4517
199 31 4518
91 43 4519
42 151 4520
78 157 4521
170 129 4522
101 120 4523
180 103 4524
33 91 4525
29 8 4526
196 88 4527
46 105 4528
160 154 4529
102 100 4530
160 115 4531
186 68 4532
148 146 4533
189 178 4534
120 65 4535
56 40 4536
140 100 4537
73 179 4538
63 80 4539
16 31 4540
182 157 4541
182 86 4542
173 137 4543
97 136 4544
36 192 4545
48 192 4546
186 63 4547
26 55 4548
131 97 4549
166 181 4550
39 59 4551
109 125 4552
121 81 4553
85 176 4554
23 50 4555
144 173 4556
151 27 4557
80 199 4558
7 112 4559
113 146 4560
171 78 4561
186 119 4562
157 40 4563
63 65 4564
21 99 4565
8 11 4566
21 141 4567
129 198 4568
192 74 4569
69 147 4570
12 66 4571
194 26 4572
160 107 4573
170 160 4574
152 161 4575
100 19 4576
100 185 4577
95 121 4578
114 200 4579
82 110 4580
136 73 4581
186 48 4582
88 13 4583
95 74 4584
137 176 4585
31 178 4586
58 60 4587
136 185 4588
49 57 4589
25 104 4590
186 98 4591
137 161 4592
115 62 4593
195 155 4594
63 120 4595
61 145 4596
13 139 4597
35 92 4598
123 139 4599
164 67 4600
97 19 4601
102 93 4602
36 101 4603
168 173 4604
29 127 4605
36 39 4606
185 36 4607
191 200 4608
71 100 4609
11 48 4610
68 29 4611
138 137 4612
168 46 4613
176 15 4614
181 72 4615
16 115 4616
193 116 4617
64 127 4618
179 65 4619
185 63 4620
77 74 4621
72 115 4622
27 198 4623
33 100 4624
165 44 4625
91 151 4626
183 52 4627
183 146 4628
18 141 4629
40 88 4630
33 23 4631
48 75 4632
60 128 4633
149 151 4634
152 16 4635
162 77 4636
138 28 4637
54 106 4638
134 69 4639
114 158 4640
53 172 4641
98 11 4642
11 124 4643
183 86 4644
181 129 4645
139 150 4646
35 133 4647
87 128 4648
119 177 4649
79 114 4650
69 18 4651
91 180 4652
85 57 4653
147 52 4654
86 74 4655
178 116 4656
176 51 4657
51 143 4658
45 5 4659
132 10 4660
163 145 4661
151 126 4662
131 46 4663
84 45 4664
53 10 4665
190 61 4666
39 43 4667
151 125 4668
41 181 4669
44 10 4670
106 97 4671
102 166 4672
88 9 4673
99 26 4674
167 68 4675
115 122 4676
42 21 4677
87 43 4678
127 79 4679
16 168 4680
26 33 4681
60 123 4682
8 152 4683
190 104 4684
83 8 4685
56 187 4686
171 88 4687
173 60 4688
5 123 4689
41 40 4690
61 146 4691
189 121 4692
58 82 4693
60 151 4694
120 62 4695
105 124 4696
128 172 4697
187 110 4698
13 145 4699
196 77 4700
104 95 4701
152 35 4702
177 134 4703
183 83 4704
11 130 4705
96 41 4706
131 9 4707
6 190 4708
41 194 4709
168 160 4710
126 111 4711
128 108 4712
125 143 4713
15 122 4714
184 142 4715
50 119 4716
48 105 4717
44 176 4718
195 95 4719
138 30 4720
50 158 4721
29 4 4722
105 36 4723
17 7 4724
143 110 4725
122 177 4726
7 65 4727
47 192 4728
86 186 4729
19 198 4730
101 130 4731
14 23 4732
91 155 4733
68 57 4734
21 177 4735
176 65 4736
149 12 4737
8 111 4738
5 12 4739
185 22 4740
115 164 4741
50 154 4742
189 159 4743
118 168 4744
84 104 4745
132 30 4746
116 57 4747
50 47 4748
147 120 4749
10 140 4750
142 185 4751
133 95 4752
115 167 4753
157 35 4754
138 144 4755
26 192 4756
62 79 4757
128 130 4758
184 24 4759
57 12 4760
60 171 4761
90 121 4762
143 99 4763
40 99 4764
60 103 4765
36 172 4766
40 110 4767
81 76 4768
61 186 4769
179 113 4770
53 191 4771
92 60 4772
142 79 4773
21 10 4774
106 162 4775
174 178 4776
51 117 4777
59 111 4778
166 41 4779
66 194 4780
133 55 4781
114 39 4782
170 171 4783
1 72 4784
150 103 4785
50 4 4786
164 127 4787
172 176 4788
93 196 4789
22 104 4790
106 194 4791
187 104 4792
171 37 4793
28 133 4794
24 128 4795
142 11 4796
101 105 4797
107 183 4798
60 120 4799
34 43 4800
15 65 4801
158 200 4802
20 25 4803
199 142 4804
125 7 4805
139 179 4806
147 122 4807
9 15 4808
74 87 4809
32 194 4810
35 150 4811
136 99 4812
120 129 4813
32 12 4814
11 1 4815
171 142 4816
16 74 4817
26 129 4818
119 150 4819
146 4 4820
145 110 4821
159 26 4822
97 103 4823
112 50 4824
143 149 4825
39 164 4826
162 178 4827
88 73 4828
187 92 4829
29 17 4830
3 4 4831
88 44 4832
139 98 4833
164 72 4834
55 151 4835
64 98 4836
90 187 4837
190 175 4838
72 130 4839
68 136 4840
104 103 4841
196 103 4842
116 143 4843
61 24 4844
53 165 4845
158 174 4846
31 124 4847
139 96 4848
58 161 4849
77 92 4850
21 85 4851
62 72 4852
32 86 4853
154 172 4854
104 179 4855
5 15 4856
80 181 4857
49 45 4858
133 145 4859
100 43 4860
58 30 4861
109 112 4862
147 84 4863
182 125 4864
129 192 4865
191 157 4866
62 110 4867
133 30 4868
183 149 4869
199 157 4870
190 68 4871
161 156 4872
84 106 4873
175 50 4874
70 53 4875
32 24 4876
196 163 4877
53 22 4878
53 45 4879
153 43 4880
159 120 4881
106 105 4882
165 54 4883
85 160 4884
127 183 4885
198 101 4886
198 44 4887
172 192 4888
169 99 4889
25 108 4890
187 138 4891
111 95 4892
124 125 4893
83 120 4894
72 63 4895
181 132 4896
176 129 4897
135 20 4898
76 167 4899
29 25 4900
98 172 4901
58 109 4902
105 20 4903
29 74 4904
6 15 4905
64 99 4906
44 113 4907
142 168 4908
102 136 4909
36 198 4910
200 123 4911
144 117 4912
115 183 4913
39 45 4914
7 138 4915
99 114 4916
162 149 4917
93 32 4918
185 83 4919
81 41 4920
172 129 4921
77 192 4922
182 177 4923
58 37 4924
127 184 4925
177 127 4926
70 75 4927
41 146 4928
151 5 4929
94 196 4930
134 1 4931
200 124 4932
4 153 4933
126 32 4934
14 158 4935
112 29 4936
108 144 4937
138 29 4938
59 68 4939
20 103 4940
28 25 4941
86 67 4942
26 5 4943
47 165 4944
64 189 4945
9 125 4946
7 89 4947
106 29 4948
77 93 4949
81 158 4950
164 141 4951
128 23 4952
60 115 4953
41 1 4954
124 92 4955
22 168 4956
1 177 4957
195 98 4958
1 58 4959
139 159 4960
167 197 4961
78 43 4962
53 35 4963
14 173 4964
134 66 4965
66 161 4966
23 70 4967
24 188 4968
199 150 4969
125 176 4970
90 125 4971
18 77 4972
191 55 4973
88 183 4974
21 11 4975
26 140 4976
92 136 4977
81 119 4978
135 13 4979
186 158 4980
38 64 4981
32 164 4982
32 181 4983
12 17 4984
93 82 4985
189 185 4986
193 160 4987
106 180 4988
178 83 4989
113 140 4990
115 196 4991
92 192 4992
30 98 4993
54 100 4994
17 67 4995
116 97 4996
110 22 4997
99 185 4998
76 179 4999
19 153 5000
107 159 5001
12 159 5002
53 159 5003
197 99 5004
140 29 5005
72 67 5006
61 166 5007
133 183 5008
63 84 5009
142 20 5010
83 45 5011
164 83 5012
100 17 5013
94 60 5014
90 108 5015
76 154 5016
23 40 5017
164 176 5018
189 73 5019
90 23 5020
158 108 5021
184 192 5022
25 57 5023
19 117 5024
147 119 5025
194 134 5026
43 25 5027
21 106 5028
199 192 5029
113 87 5030
131 22 5031
22 63 5032
139 194 5033
82 188 5034
88 103 5035
148 62 5036
162 160 5037
83 34 5038
107 16 5039
21 78 5040
184 75 5041
93 126 5042
154 72 5043
191 104 5044
101 155 5045
198 1 5046
116 171 5047
170 154 5048
58 183 5049
124 54 5050
87 14 5051
19 29 5052
150 125 5053
146 127 5054
140 12 5055
78 99 5056
39 97 5057
156 155 5058
5 127 5059
18 156 5060
198 169 5061
90 55 5062
159 127 5063
131 169 5064
76 37 5065
148 154 5066
140 124 5067
138 131 5068
49 167 5069
107 105 5070
101 89 5071
139 29 5072
119 15 5073
20 165 5074
22 100 5075
120 61 5076
95 23 5077
84 148 5078
25 90 5079
155 39 5080
86 24 5081
70 8 5082
190 152 5083
95 84 5084
138 83 5085
73 33 5086
120 27 5087
120 109 5088
114 185 5089
63 83 5090
109 41 5091
135 29 5092
161 50 5093
39 112 5094
41 72 5095
171 39 5096
2 53 5097
18 109 5098
9 188 5099
113 122 5100
188 142 5101
153 104 5102
174 12 5103
70 60 5104
103 47 5105
26 142 5106
43 84 5107
117 53 5108
69 11 5109
75 79 5110
172 178 5111
19 110 5112
29 47 5113
143 129 5114
163 25 5115
59 75 5116
23 100 5117
43 199 5118
68 64 5119
84 165 5120
14 159 5121
182 127 5122
148 165 5123
101 82 5124
71 81 5125
19 44 5126
18 113 5127
133 120 5128
108 166 5129
91 183 5130
19 179 5131
28 46 5132
200 95 5133
135 37 5134
103 175 5135
26 56 5136
87 21 5137
115 99 5138
76 86 5139
26 160 5140
155 124 5141
195 89 5142
188 102 5143
35 11 5144
45 24 5145
42 106 5146
81 147 5147
193 19 5148
4 26 5149
91 80 5150
18 163 5151
189 8 5152
32 83 5153
123 99 5154
123 38 5155
27 129 5156
191 142 5157
180 52 5158
117 127 5159
22 179 5160
83 50 5161
169 17 5162
66 30 5163
132 150 5164
123 47 5165
154 27 5166
176 49 5167
78 111 5168
156 66 5169
92 55 5170
140 65 5171
147 20 5172
119 163 5173
88 185 5174
33 138 5175
24 167 5176
161 81 5177
95 35 5178
17 144 5179
101 115 5180
192 33 5181
40 34 5182
192 150 5183
200 90 5184
126 98 5185
26 141 5186
147 108 5187
31 184 5188
11 109 5189
8 160 5190
149 61 5191
55 183 5192
152 19 5193
53 118 5194
197 174 5195
74 175 5196
80 97 5197
73 98 5198
24 161 5199
86 120 5200
171 99 5201
21 27 5202
2 128 5203
77 124 5204
98 117 5205
56 9 5206
47 12 5207
121 104 5208
99 156 5209
192 130 5210
46 64 5211
10 107 5212
112 38 5213
125 92 5214
142 54 5215
88 3 5216
53 57 5217
162 156 5218
190 32 5219
99 116 5220
128 52 5221
187 82 5222
62 43 5223
93 80 5224
10 148 5225
113 91 5226
153 32 5227
149 166 5228
128 3 5229
147 191 5230
100 171 5231
156 52 5232
157 16 5233
35 166 5234
152 177 5235
129 161 5236
191 9 5237
193 183 5238
194 85 5239
92 161 5240
64 21 5241
173 28 5242
184 117 5243
178 76 5244
175 200 5245
66 22 5246
94 200 5247
67 38 5248
60 134 5249
54 127 5250
18 37 5251
70 41 5252
142 154 5253
119 17 5254
5 97 5255
10 144 5256
93 101 5257
151 39 5258
137 10 5259
185 87 5260
98 124 5261
129 190 5262
184 20 5263
167 191 5264
101 146 5265
49 173 5266
146 10 5267
87 3 5268
85 28 5269
104 23 5270
137 36 5271
99 49 5272
28 114 5273
15 156 5274
106 125 5275
58 107 5276
63 136 5277
96 197 5278
58 98 5279
12 196 5280
32 18 5281
67 142 5282
190 189 5283
180 3 5284
132 120 5285
39 51 5286
4 9 5287
64 161 5288
10 116 5289
156 194 5290
116 137 5291
70 150 5292
101 187 5293
29 150 5294
93 94 5295
41 28 5296
137 45 5297
169 181 5298
30 160 5299
40 102 5300
89 162 5301
129 108 5302
108 104 5303
185 96 5304
33 80 5305
167 16 5306
100 32 5307
71 5 5308
127 106 5309
103 169 5310
82 175 5311
154 100 5312
66 57 5313
38 121 5314
113 6 5315
158 141 5316
95 171 5317
21 66 5318
136 31 5319
83 109 5320
165 149 5321
179 16 5322
112 28 5323
108 72 5324
96 147 5325
155 139 5326
9 14 5327
121 108 5328
130 112 5329
192 7 5330
128 146 5331
28 44 5332
107 11 5333
89 193 5334
107 169 5335
174 44 5336
72 153 5337
156 142 5338
62 103 5339
144 197 5340
3 178 5341
96 2 5342
7 185 5343
188 32 5344
63 168 5345
155 23 5346
197 60 5347
69 84 5348
89 62 5349
41 158 5350
63 171 5351
2 130 5352
80 190 5353
180 157 5354
13 123 5355
77 169 5356
88 80 5357
43 7 5358
3 41 5359
179 186 5360
135 114 5361
33 125 5362
115 180 5363
6 62 5364
32 125 5365
192 2 5366
134 30 5367
23 183 5368
105 157 5369
34 45 5370
161 67 5371
84 186 5372
19 121 5373
139 42 5374
4 78 5375
163 8 5376
144 135 5377
197 182 5378
113 70 5379
41 52 5380
68 149 5381
168 78 5382
187 166 5383
35 171 5384
134 172 5385
19 26 5386
151 90 5387
139 4 5388
172 146 5389
188 121 5390
160 118 5391
93 22 5392
41 100 5393
49 55 5394
132 137 5395
8 140 5396
139 181 5397
174 120 5398
83 60 5399
15 179 5400
65 146 5401
27 105 5402
57 127 5403
47 144 5404
24 200 5405
28 166 5406
40 111 5407
183 45 5408
29 172 5409
139 39 5410
34 152 5411
178 191 5412
173 126 5413
133 1 5414
59 61 5415
197 85 5416
29 39 5417
193 6 5418
136 70 5419
172 118 5420
5 120 5421
39 74 5422
54 3 5423
34 91 5424
135 141 5425
98 190 5426
109 32 5427
197 78 5428
63 90 5429
190 143 5430
17 154 5431
65 131 5432
75 90 5433
160 40 5434
9 94 5435
196 175 5436
106 91 5437
130 104 5438
26 43 5439
57 111 5440
45 25 5441
152 112 5442
158 160 5443
134 7 5444
94 71 5445
159 141 5446
163 77 5447
11 95 5448
8 19 5449
173 181 5450
86 159 5451
176 81 5452
19 27 5453
20 112 5454
194 29 5455
179 82 5456
141 27 5457
147 118 5458
118 159 5459
177 138 5460
43 88 5461
155 45 5462
167 69 5463
78 16 5464
155 9 5465
85 94 5466
17 50 5467
53 176 5468
100 76 5469
121 67 5470
165 61 5471
149 126 5472
90 110 5473
147 62 5474
113 158 5475
102 181 5476
145 82 5477
14 187 5478
38 138 5479
156 114 5480
21 47 5481
106 107 5482
51 27 5483
131 89 5484
193 167 5485
149 60 5486
21 2 5487
140 34 5488
4 11 5489
127 121 5490
186 134 5491
34 199 5492
193 5 5493
94 89 5494
21 16 5495
80 30 5496
175 78 5497
83 17 5498
191 189 5499
143 57 5500
195 150 5501
153 16 5502
177 97 5503
27 61 5504
68 35 5505
4 131 5506
84 17 5507
108 52 5508
135 11 5509
137 108 5510
132 129 5511
90 155 5512
179 48 5513
41 75 5514
153 187 5515
109 3 5516
199 172 5517
194 191 5518
117 37 5519
123 76 5520
30 28 5521
54 8 5522
88 54 5523
135 175 5524
9 23 5525
169 177 5526
97 62 5527
152 74 5528
147 192 5529
197 79 5530
147 111 5531
140 39 5532
93 33 5533
190 109 5534
135 147 5535
55 3 5536
82 47 5537
9 189 5538
32 7 5539
82 157 5540
119 101 5541
51 45 5542
29 129 5543
138 69 5544
77 174 5545
2 181 5546
49 73 5547
62 125 5548
123 112 5549
60 81 5550
82 185 5551
29 77 5552
150 47 5553
78 101 5554
43 27 5555
4 63 5556
167 157 5557
45 113 5558
144 119 5559
52 185 5560
185 95 5561
5 10 5562
104 129 5563
87 177 5564
22 130 5565
62 124 5566
143 71 5567
141 115 5568
33 41 5569
103 102 5570
69 4 5571
10 123 5572
145 9 5573
175 2 5574
84 56 5575
5 93 5576
196 37 5577
99 23 5578
95 60 5579
158 82 5580
194 101 5581
26 193 5582
40 60 5583
110 166 5584
38 86 5585
138 92 5586
118 75 5587
22 191 5588
149 160 5589
40 20 5590
154 105 5591
112 157 5592
91 59 5593
99 34 5594
131 177 5595
57 74 5596
190 33 5597
64 61 5598
107 116 5599
49 66 5600
131 44 5601
94 132 5602
199 126 5603
167 34 5604
7 41 5605
63 68 5606
1 166 5607
173 180 5608
108 53 5609
141 171 5610
163 21 5611
42 11 5612
178 53 5613
152 23 5614
143 67 5615
68 101 5616
195 15 5617
99 73 5618
150 54 5619
188 106 5620
100 70 5621
199 128 5622
28 81 5623
19 43 5624
50 115 5625
17 126 5626
149 27 5627
144 39 5628
125 83 5629
147 83 5630
48 139 5631
108 99 5632
90 11 5633
148 172 5634
51 54 5635
183 182 5636
44 39 5637
94 145 5638
98 160 5639
70 77 5640
91 17 5641
108 196 5642
85 20 5643
45 185 5644
93 173 5645
140 130 5646
64 1 5647
59 121 5648
18 117 5649
51 74 5650
71 163 5651
108 173 5652
82 194 5653
191 96 5654
146 181 5655
47 130 5656
162 36 5657
54 15 5658
192 21 5659
197 117 5660
102 28 5661
196 44 5662
40 153 5663
10 85 5664
36 169 5665
191 64 5666
93 176 5667
64 119 5668
88 12 5669
98 154 5670
99 105 5671
186 171 5672
180 21 5673
65 127 5674
11 61 5675
59 129 5676
70 38 5677
25 132 5678
160 67 5679
11 140 5680
118 87 5681
14 17 5682
2 180 5683
134 118 5684
104 183 5685
152 176 5686
35 47 5687
114 71 5688
174 116 5689
178 27 5690
59 1 5691
121 143 5692
199 53 5693
34 141 5694
86 190 5695
22 122 5696
47 102 5697
26 90 5698
36 85 5699
23 106 5700
113 77 5701
96 122 5702
140 13 5703
59 99 5704
21 9 5705
131 27 5706
40 126 5707
82 159 5708
88 184 5709
38 162 5710
24 44 5711
150 170 5712
15 161 5713
45 4 5714
152 113 5715
36 37 5716
27 104 5717
124 186 5718
9 134 5719
62 127 5720
195 125 5721
72 120 5722
131 85 5723
117 67 5724
193 98 5725
172 19 5726
39 145 5727
114 11 5728
79 198 5729
21 1 5730
177 128 5731
85 164 5732
167 154 5733
151 51 5734
147 128 5735
107 130 5736
194 123 5737
145 86 5738
192 145 5739
177 4 5740
71 79 5741
134 144 5742
55 68 5743
131 63 5744
42 103 5745
121 63 5746
170 105 5747
175 67 5748
97 99 5749
109 57 5750
26 189 5751
187 139 5752
105 83 5753
126 91 5754
8 191 5755
82 178 5756
168 57 5757
102 81 5758
21 34 5759
92 24 5760
118 113 5761
86 68 5762
167 67 5763
140 193 5764
52 65 5765
137 61 5766
158 130 5767
142 22 5768
192 46 5769
73 173 5770
197 109 5771
93 13 5772
35 119 5773
52 23 5774
167 165 5775
172 8 5776
186 23 5777
114 1 5778
191 24 5779
91 67 5780
43 69 5781
75 106 5782
102 125 5783
65 24 5784
154 197 5785
183 93 5786
189 92 5787
79 13 5788
192 140 5789
197 83 5790
35 128 5791
103 69 5792
136 105 5793
76 30 5794
162 84 5795
15 146 5796
85 130 5797
94 5 5798
117 194 5799
143 186 5800
167 130 5801
55 28 5802
166 93 5803
184 32 5804
37 156 5805
146 125 5806
126 177 5807
127 187 5808
6 39 5809
190 25 5810
77 89 5811
63 117 5812
105 76 5813
128 72 5814
90 135 5815
135 153 5816
196 142 5817
178 173 5818
89 137 5819
79 153 5820
67 13 5821
65 88 5822
9 43 5823
116 22 5824
200 129 5825
99 50 5826
14 123 5827
53 157 5828
130 97 5829
52 8 5830
171 102 5831
128 106 5832
17 160 5833
74 17 5834
142 176 5835
79 136 5836
84 168 5837
192 106 5838
142 133 5839
169 153 5840
190 79 5841
25 103 5842
75 34 5843
121 91 5844
57 9 5845
5 108 5846
163 88 5847
172 16 5848
108 124 5849
66 60 5850
118 178 5851
38 157 5852
113 177 5853
159 54 5854
191 12 5855
155 109 5856
43 31 5857
180 151 5858
38 118 5859
38 28 5860
41 170 5861
185 111 5862
174 190 5863
101 47 5864
169 122 5865
189 118 5866
179 180 5867
183 46 5868
54 41 5869
120 44 5870
11 50 5871
105 176 5872
69 82 5873
16 101 5874
85 5 5875
116 146 5876
167 85 5877
165 113 5878
78 77 5879
70 140 5880
166 133 5881
46 85 5882
176 183 5883
154 173 5884
77 107 5885
95 160 5886
155 122 5887
175 85 5888
75 102 5889
56 151 5890
62 123 5891
178 140 5892
148 58 5893
198 152 5894
50 132 5895
126 142 5896
55 178 5897
9 1 5898
10 174 5899
130 78 5900
33 5 5901
180 158 5902
7 28 5903
46 57 5904
102 2 5905
49 46 5906
155 200 5907
22 10 5908
13 62 5909
9 110 5910
3 71 5911
42 4 5912
122 105 5913
135 182 5914
80 192 5915
103 177 5916
181 144 5917
24 90 5918
191 129 5919
98 136 5920
62 129 5921
73 104 5922
119 156 5923
61 97 5924
186 58 5925
43 77 5926
146 173 5927
71 89 5928
98 178 5929
191 88 5930
91 115 5931
110 59 5932
64 171 5933
97 74 5934
2 184 5935
72 155 5936
170 127 5937
139 32 5938
84 1 5939
25 89 5940
77 58 5941
195 72 5942
86 132 5943
22 94 5944
198 131 5945
125 144 5946
1 109 5947
102 176 5948
40 90 5949
58 79 5950
116 155 5951
149 84 5952
156 25 5953
15 43 5954
1 143 5955
158 25 5956
1 180 5957
136 15 5958
97 4 5959
111 120 5960
144 28 5961
194 120 5962
177 62 5963
91 152 5964
36 130 5965
159 98 5966
8 179 5967
158 63 5968
90 170 5969
187 93 5970
174 48 5971
186 113 5972
162 175 5973
168 135 5974
168 51 5975
69 78 5976
153 156 5977
80 49 5978
24 146 5979
107 2 5980
35 70 5981
42 173 5982
150 154 5983
56 157 5984
158 22 5985
171 75 5986
93 20 5987
191 26 5988
195 18 5989
108 40 5990
17 200 5991
143 21 5992
86 36 5993
187 199 5994
193 119 5995
190 31 5996
84 163 5997
140 101 5998
8 73 5999
107 117 6000
85 62 6001
46 27 6002
109 163 6003
198 26 6004
128 53 6005
144 6 6006
144 70 6007
71 129 6008
163 63 6009
149 131 6010
13 180 6011
191 54 6012
186 185 6013
75 179 6014
124 5 6015
34 107 6016
150 138 6017
40 199 6018
61 157 6019
55 63 6020
186 200 6021
99 152 6022
48 193 6023
71 29 6024
57 80 6025
67 172 6026
115 195 6027
116 190 6028
191 145 6029
13 1 6030
127 1 6031
58 130 6032
11 40 6033
136 23 6034
126 161 6035
154 151 6036
141 1 6037
92 173 6038
145 51 6039
109 157 6040
115 187 6041
53 21 6042
77 35 6043
141 166 6044
80 169 6045
180 199 6046
158 146 6047
184 87 6048
88 46 6049
125 133 6050
136 29 6051
81 168 6052
74 115 6053
87 178 6054
88 52 6055
47 78 6056
60 64 6057
112 170 6058
181 35 6059
95 149 6060
188 132 6061
2 188 6062
62 65 6063
10 173 6064
16 163 6065
97 129 6066
48 77 6067
181 79 6068
35 56 6069
65 147 6070
147 166 6071
6 3 6072
105 114 6073
56 82 6074
119 12 6075
51 149 6076
28 74 6077
53 100 6078
119 136 6079
170 99 6080
121 175 6081
64 33 6082
34 142 6083
39 132 6084
54 134 6085
121 51 6086
146 137 6087
63 167 6088
15 69 6089
75 143 6090
161 140 6091
73 66 6092
135 156 6093
144 12 6094
140 77 6095
63 18 6096
109 182 6097
194 130 6098
186 93 6099
116 7 6100
90 105 6101
81 48 6102
98 33 6103
78 94 6104
117 87 6105
188 80 6106
119 162 6107
114 85 6108
110 116 6109
170 137 6110
85 12 6111
74 151 6112
81 99 6113
178 57 6114
146 152 6115
30 55 6116
25 100 6117
88 1 6118
197 45 6119
85 54 6120
143 91 6121
180 33 6122
43 67 6123
59 66 6124
4 96 6125
92 93 6126
33 103 6127
56 162 6128
135 160 6129
170 10 6130
37 42 6131
50 38 6132
125 140 6133
48 102 6134
82 48 6135
3 112 6136
147 70 6137
111 115 6138
67 144 6139
2 36 6140
39 24 6141
141 127 6142
101 80 6143
158 60 6144
7 21 6145
187 53 6146
71 120 6147
73 166 6148
200 49 6149
163 42 6150
177 6 6151
48 14 6152
39 173 6153
138 66 6154
77 76 6155
5 166 6156
111 14 6157
117 119 6158
132 92 6159
60 27 6160
148 128 6161
136 131 6162
107 86 6163
126 64 6164
17 24 6165
92 127 6166
11 10 6167
142 114 6168
91 161 6169
97 10 6170
172 91 6171
24 135 6172
143 39 6173
58 73 6174
157 65 6175
24 160 6176
7 193 6177
155 92 6178
64 117 6179
43 101 6180
149 102 6181
40 33 6182
143 35 6183
143 85 6184
44 179 6185
57 177 6186
2 93 6187
190 126 6188
93 84 6189
134 146 6190
123 109 6191
73 68 6192
155 127 6193
35 30 6194
167 18 6195
109 17 6196
184 138 6197
187 159 6198
163 98 6199
50 108 6200
57 114 6201
92 97 6202
58 78 6203
168 30 6204
97 152 6205
179 11 6206
119 143 6207
172 80 6208
28 104 6209
102 63 6210
48 118 6211
141 125 6212
116 141 6213
151 24 6214
118 142 6215
74 102 6216
53 115 6217
179 55 6218
150 130 6219
122 56 6220
83 126 6221
32 197 6222
80 35 6223
79 97 6224
117 128 6225
113 160 6226
197 10 6227
170 111 6228
73 143 6229
67 123 6230
89 43 6231
94 154 6232
145 188 6233
95 182 6234
58 174 6235
169 194 6236
55 102 6237
46 102 6238
101 107 6239
89 26 6240
44 151 6241
127 149 6242
44 190 6243
113 174 6244
60 191 6245
151 99 6246
37 9 6247
142 43 6248
21 102 6249
173 5 6250
63 124 6251
16 120 6252
180 74 6253
68 115 6254
76 151 6255
9 92 6256
133 89 6257
102 193 6258
76 8 6259
69 8 6260
106 126 6261
22 67 6262
135 195 6263
166 200 6264
159 69 6265
65 156 6266
140 166 6267
174 181 6268
187 142 6269
78 155 6270
6 82 6271
85 17 6272
34 176 6273
14 152 6274
14 103 6275
160 87 6276
73 154 6277
84 140 6278
22 186 6279
58 116 6280
50 27 6281
21 138 6282
160 156 6283
11 118 6284
42 76 6285
102 143 6286
47 10 6287
95 140 6288
122 2 6289
200 74 6290
69 60 6291
188 38 6292
137 106 6293
36 33 6294
99 48 6295
128 98 6296
80 109 6297
169 145 6298
114 69 6299
195 22 6300
196 111 6301
32 71 6302
108 176 6303
18 9 6304
89 82 6305
136 39 6306
101 171 6307
35 4 6308
31 85 6309
39 186 6310
28 141 6311
182 74 6312
53 141 6313
117 111 6314
53 24 6315
198 76 6316
42 167 6317
105 180 6318
79 86 6319
26 115 6320
124 41 6321
46 5 6322
76 56 6323
154 124 6324
129 135 6325
23 175 6326
74 36 6327
166 64 6328
1 96 6329
190 14 6330
73 131 6331
159 129 6332
138 40 6333
132 105 6334
109 193 6335
90 194 6336
188 182 6337
87 77 6338
156 141 6339
169 142 6340
150 121 6341
55 2 6342
113 128 6343
103 68 6344
139 102 6345
198 83 6346
13 187 6347
124 101 6348
186 193 6349
43 184 6350
196 171 6351
187 16 6352
188 40 6353
14 188 6354
28 22 6355
82 44 6356
72 200 6357
29 52 6358
157 193 6359
30 174 6360
119 48 6361
51 150 6362
55 112 6363
17 135 6364
13 194 6365
150 76 6366
88 135 6367
178 37 6368
9 198 6369
29 137 6370
90 127 6371
34 86 6372
81 57 6373
184 179 6374
182 58 6375
176 189 6376
122 62 6377
95 71 6378
75 152 6379
191 118 6380
186 125 6381
50 52 6382
132 88 6383
30 164 6384
150 191 6385
170 46 6386
27 190 6387
36 69 6388
101 98 6389
73 17 6390
87 75 6391
108 142 6392
132 148 6393
27 102 6394
157 80 6395
36 55 6396
115 172 6397
125 183 6398
160 43 6399
169 173 6400
149 138 6401
82 88 6402
74 11 6403
52 10 6404
108 87 6405
133 61 6406
5 50 6407
28 12 6408
191 184 6409
200 93 6410
150 79 6411
49 192 6412
140 83 6413
96 111 6414
105 197 6415
66 65 6416
10 64 6417
42 164 6418
193 90 6419
98 95 6420
50 75 6421
73 126 6422
77 67 6423
158 88 6424
72 93 6425
50 57 6426
35 19 6427
93 104 6428
157 60 6429
88 97 6430
106 147 6431
100 101 6432
91 36 6433
12 72 6434
19 58 6435
117 185 6436
99 161 6437
200 41 6438
133 69 6439
89 69 6440
162 17 6441
147 144 6442
182 82 6443
51 56 6444
138 192 6445
133 87 6446
164 18 6447
155 28 6448
33 145 6449
43 98 6450
162 60 6451
91 60 6452
194 35 6453
171 73 6454
198 127 6455
171 149 6456
140 3 6457
28 45 6458
113 93 6459
200 141 6460
86 65 6461
164 182 6462
22 133 6463
85 135 6464
73 164 6465
17 173 6466
73 7 6467
9 63 6468
129 20 6469
23 35 6470
102 175 6471
172 177 6472
167 176 6473
11 99 6474
95 178 6475
85 145 6476
150 116 6477
119 96 6478
161 82 6479
137 32 6480
165 90 6481
37 80 6482
115 77 6483
174 132 6484
79 7 6485
194 31 6486
150 173 6487
158 95 6488
189 198 6489
147 90 6490
70 183 6491
73 54 6492
65 72 6493
102 33 6494
182 150 6495
141 86 6496
103 32 6497
72 13 6498
3 188 6499
11 161 6500
137 73 6501
190 101 6502
189 131 6503
121 27 6504
138 111 6505
158 89 6506
154 36 6507
127 66 6508
84 73 6509
187 106 6510
56 200 6511
199 68 6512
11 181 6513
166 95 6514
73 163 6515
75 97 6516
190 53 6517
101 109 6518
80 142 6519
12 105 6520
153 113 6521
45 20 6522
135 4 6523
118 9 6524
194 119 6525
41 168 6526
176 24 6527
101 5 6528
71 135 6529
39 101 6530
55 74 6531
56 29 6532
42 83 6533
92 98 6534
124 38 6535
192 20 6536
8 165 6537
6 111 6538
29 101 6539
26 84 6540
107 179 6541
196 164 6542
190 66 6543
51 11 6544
90 185 6545
131 137 6546
61 188 6547
33 139 6548
12 20 6549
80 124 6550
47 197 6551
12 35 6552
174 150 6553
119 166 6554
167 159 6555
56 61 6556
60 145 6557
59 157 6558
80 24 6559
16 6 6560
22 58 6561
182 119 6562
200 153 6563
19 106 6564
156 10 6565
12 89 6566
65 167 6567
82 155 6568
41 190 6569
9 70 6570
120 99 6571
179 6 6572
175 145 6573
131 162 6574
128 197 6575
21 157 6576
170 178 6577
113 1 6578
97 187 6579
78 42 6580
40 193 6581
9 142 6582
76 181 6583
24 162 6584
159 17 6585
22 120 6586
188 139 6587
184 22 6588
2 29 6589
66 51 6590
81 91 6591
180 85 6592
10 188 6593
16 22 6594
120 1 6595
183 187 6596
163 129 6597
186 157 6598
130 46 6599
91 170 6600
141 12 6601
109 37 6602
60 121 6603
85 159 6604
103 140 6605
21 91 6606
40 3 6607
7 70 6608
4 182 6609
6 83 6610
85 140 6611
10 184 6612
101 76 6613
197 82 6614
108 97 6615
48 196 6616
159 22 6617
30 79 6618
155 196 6619
127 75 6620
155 134 6621
119 56 6622
94 193 6623
5 52 6624
149 176 6625
130 147 6626
181 57 6627
87 29 6628
150 114 6629
10 110 6630
162 113 6631
179 175 6632
37 199 6633
139 15 6634
48 54 6635
97 153 6636
96 31 6637
141 126 6638
102 167 6639
105 128 6640
33 17 6641
41 56 6642
95 44 6643
51 91 6644
174 184 6645
98 76 6646
4 10 6647
14 193 6648
58 172 6649
46 171 6650
149 56 6651
145 55 6652
13 193 6653
45 188 6654
153 158 6655
63 70 6656
133 169 6657
54 13 6658
44 130 6659
84 29 6660
134 122 6661
148 129 6662
116 18 6663
88 152 6664
163 173 6665
187 108 6666
120 185 6667
197 95 6668
133 115 6669
71 12 6670
27 8 6671
16 113 6672
153 108 6673
34 60 6674
25 118 6675
55 100 6676
137 169 6677
88 181 6678
50 29 6679
83 79 6680
190 160 6681
113 121 6682
166 76 6683
11 165 6684
101 177 6685
47 52 6686
175 92 6687
195 100 6688
86 140 6689
18 97 6690
197 40 6691
188 155 6692
111 140 6693
27 65 6694
94 103 6695
151 122 6696
80 32 6697
183 47 6698
149 43 6699
83 66 6700
84 188 6701
118 98 6702
46 144 6703
61 47 6704
46 26 6705
58 39 6706
184 118 6707
186 36 6708
128 118 6709
29 175 6710
196 91 6711
173 129 6712
52 81 6713
186 9 6714
41 45 6715
123 142 6716
34 148 6717
21 181 6718
72 191 6719
77 177 6720
130 68 6721
122 156 6722
177 116 6723
165 58 6724
193 171 6725
74 141 6726
90 45 6727
21 195 6728
191 71 6729
55 77 6730
167 35 6731
147 35 6732
187 112 6733
10 155 6734
130 18 6735
37 82 6736
131 151 6737
104 88 6738
155 107 6739
25 166 6740
114 32 6741
41 10 6742
190 74 6743
160 174 6744
199 61 6745
31 175 6746
10 186 6747
17 80 6748
141 40 6749
156 124 6750
110 130 6751
143 40 6752
100 44 6753
96 196 6754
87 95 6755
126 95 6756
158 26 6757
64 108 6758
13 110 6759
59 196 6760
2 193 6761
82 121 6762
193 130 6763
41 82 6764
105 80 6765
26 42 6766
180 190 6767
113 156 6768
65 58 6769
154 66 6770
30 136 6771
86 87 6772
160 37 6773
143 174 6774
197 31 6775
61 143 6776
133 10 6777
106 8 6778
101 6 6779
141 169 6780
43 56 6781
70 51 6782
155 44 6783
116 88 6784
149 96 6785
145 150 6786
66 18 6787
177 93 6788
46 31 6789
152 142 6790
55 106 6791
157 18 6792
90 32 6793
153 197 6794
22 31 6795
50 15 6796
43 35 6797
99 191 6798
181 98 6799
22 75 6800
81 43 6801
148 137 6802
32 51 6803
79 129 6804
187 111 6805
53 1 6806
5 126 6807
154 144 6808
19 165 6809
150 1 6810
97 2 6811
198 90 6812
48 17 6813
76 176 6814
140 75 6815
21 88 6816
162 68 6817
162 37 6818
83 132 6819
20 128 6820
51 86 6821
124 102 6822
157 107 6823
105 112 6824
78 188 6825
39 21 6826
83 36 6827
15 99 6828
140 152 6829
69 112 6830
148 23 6831
128 70 6832
10 25 6833
101 32 6834
63 62 6835
78 151 6836
6 27 6837
134 71 6838
29 199 6839
67 137 6840
47 36 6841
53 51 6842
117 150 6843
189 158 6844
61 28 6845
57 56 6846
109 95 6847
35 41 6848
126 164 6849
73 107 6850
72 47 6851
157 47 6852
151 29 6853
114 145 6854
185 2 6855
4 52 6856
68 135 6857
138 126 6858
175 147 6859
109 54 6860
114 186 6861
187 132 6862
58 28 6863
188 34 6864
91 9 6865
104 155 6866
196 76 6867
72 54 6868
162 33 6869
120 179 6870
91 160 6871
158 93 6872
129 89 6873
131 179 6874
66 33 6875
66 68 6876
101 56 6877
132 51 6878
56 144 6879
25 114 6880
110 17 6881
53 171 6882
185 81 6883
51 85 6884
98 107 6885
103 127 6886
12 130 6887
53 18 6888
23 179 6889
189 90 6890
62 107 6891
27 147 6892
78 123 6893
172 1 6894
179 130 6895
42 81 6896
142 173 6897
13 51 6898
124 138 6899
176 184 6900
