200 4100 4100
111 182 1
30 129 2
44 41 3
40 34 4
35 171 5
151 125 6
34 185 7
159 40 8
134 27 9
83 34 10
155 134 11
42 112 12
16 69 13
71 129 14
184 187 15
196 163 16
157 77 17
115 146 18
117 118 19
120 1 20
71 90 21
21 1 22
143 188 23
161 61 24
152 42 25
15 122 26
74 82 27
180 7 28
52 32 29
160 152 30
116 121 31
65 11 32
6 11 33
183 187 34
160 148 35
131 41 36
46 81 37
177 138 38
107 86 39
113 91 40
72 3 41
181 18 42
34 148 43
120 143 44
70 8 45
186 98 46
49 73 47
2 171 48
10 116 49
172 100 50
198 131 51
76 167 52
20 126 53
9 83 54
187 199 55
151 132 56
97 135 57
164 76 58
5 50 59
128 3 60
65 136 61
184 161 62
64 15 63
129 20 64
155 122 65
129 190 66
104 134 67
144 38 68
90 39 69
15 168 70
68 149 71
117 12 72
18 106 73
58 24 74
49 188 75
51 58 76
42 200 77
146 126 78
44 180 79
57 56 80
124 5 81
164 157 82
167 191 83
5 10 84
193 6 85
46 144 86
44 127 87
187 70 88
147 29 89
21 85 90
72 115 91
107 190 92
65 44 93
50 119 94
87 116 95
39 101 96
89 116 97
62 95 98
83 14 99
177 200 100
156 42 101
120 61 102
114 85 103
39 181 104
39 71 105
5 198 106
181 37 107
89 105 108
75 143 109
116 88 110
154 164 111
23 156 112
22 138 113
6 124 114
24 160 115
8 160 116
85 159 117
22 100 118
20 200 119
144 6 120
140 75 121
148 86 122
163 95 123
27 142 124
96 36 125
119 156 126
30 98 127
9 6 128
96 100 129
82 117 130
185 138 131
78 94 132
9 23 133
45 61 134
42 186 135
147 108 136
115 128 137
116 142 138
59 53 139
8 140 140
137 10 141
82 194 142
45 142 143
175 96 144
112 38 145
163 61 146
162 179 147
90 170 148
19 43 149
156 5 150
111 197 151
21 175 152
35 196 153
166 114 154
22 68 155
83 69 156
140 33 157
137 106 158
184 24 159
41 168 160
94 26 161
101 60 162
42 4 163
141 121 164
97 19 165
124 137 166
141 126 167
141 168 168
21 16 169
158 89 170
26 43 171
198 89 172
116 194 173
95 20 174
162 115 175
91 177 176
30 9 177
124 51 178
9 163 179
91 155 180
96 91 181
97 41 182
56 111 183
70 76 184
194 186 185
43 147 186
6 20 187
182 15 188
54 93 189
173 106 190
101 98 191
7 70 192
100 112 193
137 32 194
117 21 195
129 72 196
87 177 197
167 17 198
53 21 199
21 78 200
144 160 201
11 141 202
83 79 203
119 16 204
106 131 205
183 52 206
182 54 207
105 20 208
29 58 209
118 31 210
174 158 211
15 174 212
169 92 213
2 77 214
81 2 215
59 1 216
172 159 217
57 15 218
198 149 219
180 151 220
82 143 221
48 175 222
124 185 223
24 20 224
195 152 225
180 49 226
58 103 227
49 55 228
106 146 229
181 57 230
200 141 231
91 84 232
182 127 233
44 10 234
31 147 235
104 188 236
109 41 237
32 22 238
41 16 239
33 152 240
185 70 241
114 175 242
162 93 243
114 36 244
149 62 245
187 51 246
32 164 247
170 116 248
63 197 249
11 170 250
38 64 251
147 165 252
136 179 253
37 134 254
74 92 255
198 76 256
153 158 257
31 158 258
91 198 259
170 129 260
100 106 261
17 67 262
41 99 263
74 115 264
190 175 265
177 189 266
37 194 267
167 199 268
191 36 269
91 67 270
53 24 271
20 84 272
159 54 273
12 35 274
20 72 275
168 30 276
40 198 277
54 76 278
188 62 279
163 129 280
70 11 281
11 43 282
172 146 283
115 70 284
175 172 285
174 2 286
99 7 287
100 50 288
132 54 289
79 138 290
34 159 291
86 163 292
7 63 293
136 105 294
51 56 295
71 192 296
94 5 297
125 61 298
18 141 299
50 57 300
69 182 301
82 120 302
148 58 303
133 39 304
150 156 305
3 86 306
110 166 307
159 126 308
94 145 309
196 111 310
95 143 311
109 182 312
150 98 313
18 1 314
188 166 315
47 165 316
24 186 317
171 39 318
124 61 319
127 87 320
53 172 321
118 113 322
84 51 323
115 187 324
200 129 325
57 138 326
33 111 327
59 13 328
137 166 329
59 42 330
161 107 331
137 105 332
49 159 333
61 123 334
165 115 335
142 197 336
68 136 337
174 196 338
163 143 339
75 10 340
54 95 341
142 173 342
139 143 343
101 169 344
164 62 345
39 59 346
84 56 347
107 130 348
151 198 349
91 3 350
29 27 351
11 97 352
143 174 353
109 124 354
54 135 355
7 105 356
91 100 357
170 164 358
174 34 359
11 87 360
153 22 361
35 179 362
50 115 363
164 18 364
106 91 365
168 45 366
47 36 367
173 156 368
172 46 369
97 162 370
115 161 371
198 121 372
175 93 373
156 163 374
125 191 375
59 171 376
136 132 377
96 196 378
80 164 379
184 56 380
82 54 381
148 152 382
73 131 383
34 199 384
45 31 385
170 136 386
78 77 387
180 89 388
29 177 389
40 33 390
47 52 391
149 138 392
83 92 393
19 26 394
76 132 395
64 171 396
127 149 397
197 56 398
34 176 399
22 2 400
9 161 401
120 121 402
42 173 403
50 22 404
21 124 405
14 193 406
71 184 407
15 78 408
54 120 409
15 192 410
24 13 411
135 34 412
72 167 413
36 152 414
112 169 415
1 183 416
169 194 417
147 140 418
119 149 419
142 174 420
52 76 421
81 44 422
180 85 423
127 61 424
149 96 425
162 116 426
15 143 427
92 173 428
125 87 429
4 17 430
40 3 431
173 126 432
86 188 433
94 193 434
5 28 435
154 151 436
143 21 437
82 114 438
110 78 439
1 186 440
104 103 441
42 103 442
48 7 443
130 112 444
105 183 445
109 14 446
92 111 447
80 174 448
33 132 449
161 1 450
148 137 451
132 137 452
143 81 453
29 158 454
20 43 455
13 180 456
23 144 457
50 108 458
59 155 459
41 158 460
2 5 461
106 115 462
134 95 463
73 98 464
108 136 465
84 163 466
70 150 467
145 11 468
9 70 469
158 197 470
128 72 471
128 28 472
66 5 473
27 17 474
51 165 475
24 18 476
50 165 477
79 85 478
99 38 479
55 144 480
181 116 481
131 89 482
141 194 483
27 95 484
181 109 485
140 12 486
162 68 487
90 110 488
49 149 489
114 145 490
172 99 491
63 47 492
95 79 493
9 146 494
195 5 495
143 57 496
7 72 497
5 97 498
180 77 499
154 197 500
56 25 501
155 107 502
99 191 503
111 5 504
99 6 505
2 9 506
165 75 507
133 107 508
111 50 509
29 79 510
34 69 511
172 62 512
185 97 513
73 134 514
159 183 515
148 24 516
83 28 517
17 111 518
14 17 519
16 171 520
59 15 521
23 5 522
130 175 523
41 72 524
95 146 525
135 141 526
91 187 527
131 23 528
160 137 529
27 104 530
168 135 531
54 7 532
66 190 533
24 26 534
143 90 535
57 106 536
3 107 537
37 16 538
26 5 539
77 74 540
43 31 541
29 175 542
78 141 543
27 187 544
112 89 545
116 122 546
197 168 547
135 128 548
61 48 549
86 131 550
134 39 551
48 49 552
105 6 553
161 147 554
134 175 555
65 87 556
101 115 557
191 103 558
89 82 559
14 158 560
50 155 561
48 44 562
190 187 563
14 69 564
66 41 565
66 178 566
28 105 567
92 192 568
157 64 569
154 49 570
22 75 571
62 21 572
135 147 573
11 49 574
193 19 575
139 29 576
139 194 577
3 176 578
194 6 579
199 151 580
170 33 581
104 78 582
51 155 583
23 34 584
31 178 585
129 130 586
58 174 587
32 74 588
72 77 589
63 14 590
141 118 591
85 160 592
133 1 593
102 12 594
73 33 595
139 32 596
86 154 597
85 47 598
148 154 599
75 58 600
31 33 601
142 178 602
60 137 603
123 99 604
2 152 605
147 62 606
91 170 607
78 114 608
187 31 609
46 169 610
85 101 611
111 74 612
133 89 613
25 114 614
51 163 615
188 98 616
27 62 617
63 13 618
138 123 619
46 189 620
153 32 621
141 150 622
66 60 623
28 169 624
22 86 625
161 55 626
103 139 627
157 92 628
82 64 629
160 159 630
58 136 631
41 40 632
198 169 633
116 69 634
65 58 635
78 62 636
199 124 637
93 196 638
86 87 639
83 188 640
73 61 641
181 30 642
142 11 643
153 104 644
48 190 645
65 180 646
128 167 647
132 30 648
3 57 649
147 84 650
24 162 651
163 21 652
59 113 653
42 194 654
148 29 655
138 66 656
138 54 657
180 93 658
42 189 659
115 172 660
168 173 661
57 74 662
95 162 663
86 155 664
83 60 665
50 66 666
151 120 667
36 39 668
38 28 669
200 190 670
158 194 671
137 36 672
90 185 673
58 73 674
33 5 675
94 18 676
4 62 677
124 101 678
1 143 679
45 3 680
40 4 681
167 18 682
140 115 683
13 31 684
17 170 685
73 17 686
3 65 687
110 195 688
88 29 689
189 165 690
165 161 691
153 133 692
36 159 693
41 116 694
154 47 695
86 69 696
141 52 697
136 3 698
21 34 699
128 132 700
70 39 701
119 101 702
19 173 703
55 156 704
94 192 705
145 150 706
171 102 707
87 126 708
185 36 709
112 95 710
91 168 711
91 115 712
160 37 713
34 173 714
113 160 715
35 166 716
7 30 717
145 188 718
128 43 719
127 184 720
80 183 721
41 170 722
21 190 723
108 159 724
98 95 725
56 135 726
77 76 727
190 160 728
94 143 729
6 139 730
157 1 731
3 41 732
126 65 733
167 34 734
51 159 735
179 174 736
107 200 737
85 82 738
196 200 739
24 188 740
161 127 741
43 101 742
85 132 743
140 109 744
196 41 745
150 138 746
164 149 747
141 122 748
59 157 749
45 112 750
50 26 751
85 70 752
198 4 753
100 152 754
80 21 755
106 6 756
8 79 757
102 34 758
198 138 759
147 91 760
167 175 761
143 35 762
184 68 763
112 115 764
141 105 765
114 117 766
120 118 767
147 44 768
194 110 769
114 63 770
75 116 771
161 89 772
149 176 773
67 195 774
195 25 775
44 92 776
8 152 777
8 179 778
24 132 779
61 89 780
60 115 781
139 190 782
148 104 783
47 184 784
3 193 785
80 102 786
193 116 787
110 59 788
133 61 789
167 197 790
99 52 791
179 130 792
147 36 793
166 196 794
65 198 795
171 150 796
16 93 797
94 32 798
120 167 799
30 104 800
81 1 801
169 6 802
165 24 803
197 196 804
178 29 805
196 171 806
18 193 807
184 55 808
85 156 809
175 118 810
59 184 811
108 99 812
20 193 813
18 97 814
28 12 815
93 22 816
46 147 817
196 129 818
99 48 819
63 25 820
48 154 821
43 7 822
22 56 823
158 173 824
67 144 825
86 25 826
63 126 827
84 94 828
31 85 829
14 21 830
6 135 831
71 81 832
83 128 833
121 126 834
127 47 835
158 18 836
44 56 837
10 192 838
121 91 839
115 167 840
31 168 841
156 93 842
180 193 843
73 66 844
71 43 845
5 62 846
29 39 847
169 82 848
179 89 849
31 198 850
168 124 851
125 92 852
49 29 853
57 18 854
147 131 855
10 140 856
88 16 857
130 78 858
119 56 859
147 128 860
167 16 861
19 32 862
159 99 863
94 159 864
136 135 865
23 70 866
12 130 867
122 56 868
197 5 869
179 48 870
144 136 871
98 187 872
9 188 873
191 175 874
189 162 875
191 71 876
137 131 877
15 153 878
191 89 879
41 183 880
27 2 881
115 77 882
163 8 883
91 151 884
68 51 885
60 123 886
28 166 887
140 3 888
10 148 889
196 164 890
64 140 891
182 40 892
77 80 893
44 137 894
5 126 895
124 70 896
113 157 897
154 172 898
163 94 899
94 200 900
194 103 901
54 180 902
129 177 903
161 104 904
151 109 905
63 69 906
124 91 907
175 74 908
52 10 909
41 194 910
135 19 911
71 25 912
108 144 913
62 131 914
180 178 915
85 65 916
174 48 917
178 144 918
138 29 919
181 79 920
40 20 921
194 35 922
32 118 923
82 23 924
104 34 925
86 7 926
39 172 927
25 155 928
69 50 929
12 46 930
177 4 931
23 100 932
182 88 933
47 97 934
175 117 935
194 191 936
143 93 937
116 135 938
135 182 939
90 41 940
73 150 941
193 163 942
21 177 943
74 36 944
19 22 945
188 105 946
179 103 947
53 111 948
54 30 949
193 190 950
159 39 951
87 95 952
197 124 953
123 38 954
148 128 955
47 145 956
68 57 957
54 31 958
158 79 959
141 23 960
162 37 961
96 31 962
124 163 963
28 114 964
169 89 965
15 146 966
154 198 967
197 53 968
158 88 969
135 160 970
158 160 971
150 173 972
39 128 973
102 100 974
29 18 975
135 37 976
135 156 977
199 5 978
88 135 979
67 82 980
189 20 981
155 200 982
95 83 983
179 113 984
96 143 985
163 116 986
186 31 987
119 192 988
91 36 989
24 2 990
120 116 991
184 129 992
175 176 993
44 96 994
171 85 995
93 101 996
94 109 997
147 70 998
104 88 999
187 159 1000
65 194 1001
173 67 1002
64 16 1003
194 56 1004
161 84 1005
100 121 1006
186 177 1007
157 65 1008
139 158 1009
127 75 1010
41 163 1011
189 173 1012
200 174 1013
70 53 1014
143 129 1015
188 185 1016
145 22 1017
23 183 1018
190 67 1019
113 174 1020
82 159 1021
134 85 1022
129 7 1023
24 146 1024
180 170 1025
35 19 1026
37 156 1027
46 157 1028
68 38 1029
199 68 1030
17 177 1031
87 128 1032
175 38 1033
196 40 1034
9 63 1035
32 12 1036
42 151 1037
175 197 1038
54 13 1039
134 118 1040
14 84 1041
47 65 1042
142 184 1043
151 37 1044
178 191 1045
6 29 1046
37 61 1047
118 9 1048
18 135 1049
103 105 1050
176 118 1051
176 180 1052
68 2 1053
7 102 1054
118 142 1055
186 85 1056
166 151 1057
105 157 1058
7 165 1059
2 159 1060
156 62 1061
63 11 1062
56 69 1063
123 53 1064
35 140 1065
13 145 1066
174 91 1067
46 112 1068
181 164 1069
127 100 1070
4 60 1071
193 130 1072
46 153 1073
189 41 1074
128 130 1075
62 197 1076
15 179 1077
88 185 1078
187 138 1079
130 170 1080
33 153 1081
93 10 1082
195 98 1083
165 78 1084
151 99 1085
56 28 1086
156 185 1087
70 19 1088
132 3 1089
171 129 1090
188 89 1091
127 67 1092
50 7 1093
187 82 1094
124 118 1095
50 191 1096
79 193 1097
67 13 1098
150 130 1099
46 85 1100
105 19 1101
28 141 1102
135 2 1103
93 20 1104
183 173 1105
169 153 1106
162 175 1107
40 166 1108
5 172 1109
116 28 1110
167 70 1111
75 119 1112
53 57 1113
131 169 1114
140 57 1115
16 155 1116
166 162 1117
151 174 1118
80 19 1119
8 58 1120
183 83 1121
168 78 1122
135 99 1123
140 166 1124
49 192 1125
164 127 1126
123 6 1127
41 58 1128
199 191 1129
24 161 1130
3 105 1131
108 53 1132
143 182 1133
82 152 1134
87 111 1135
57 191 1136
117 36 1137
142 154 1138
199 157 1139
151 121 1140
59 121 1141
133 117 1142
184 87 1143
178 101 1144
26 104 1145
91 43 1146
32 195 1147
72 156 1148
159 154 1149
123 25 1150
50 75 1151
100 171 1152
184 20 1153
12 33 1154
178 73 1155
197 152 1156
78 84 1157
102 112 1158
190 96 1159
128 51 1160
117 153 1161
129 93 1162
97 10 1163
183 45 1164
43 35 1165
167 154 1166
187 154 1167
169 32 1168
157 9 1169
134 66 1170
124 104 1171
41 169 1172
6 3 1173
22 101 1174
6 65 1175
185 110 1176
63 61 1177
66 183 1178
60 171 1179
167 116 1180
194 120 1181
128 141 1182
150 37 1183
126 23 1184
73 173 1185
41 185 1186
117 3 1187
58 33 1188
116 126 1189
17 115 1190
156 123 1191
181 123 1192
21 47 1193
56 24 1194
108 183 1195
183 89 1196
138 141 1197
112 36 1198
48 139 1199
129 123 1200
70 67 1201
148 71 1202
51 93 1203
144 12 1204
47 105 1205
48 105 1206
188 32 1207
176 15 1208
99 45 1209
95 18 1210
45 138 1211
6 158 1212
11 61 1213
157 103 1214
125 140 1215
38 90 1216
6 22 1217
22 160 1218
170 99 1219
191 157 1220
61 145 1221
61 105 1222
130 11 1223
83 161 1224
199 2 1225
152 113 1226
180 199 1227
72 81 1228
8 155 1229
1 37 1230
69 66 1231
154 136 1232
123 47 1233
73 54 1234
7 41 1235
97 4 1236
7 61 1237
198 3 1238
84 140 1239
82 115 1240
181 72 1241
4 141 1242
188 133 1243
128 107 1244
106 125 1245
127 197 1246
79 106 1247
24 87 1248
153 187 1249
147 164 1250
4 58 1251
30 103 1252
93 99 1253
8 173 1254
77 6 1255
6 159 1256
123 141 1257
159 141 1258
91 183 1259
19 67 1260
199 103 1261
124 125 1262
128 5 1263
114 173 1264
71 53 1265
152 89 1266
157 51 1267
126 92 1268
121 66 1269
175 145 1270
50 59 1271
52 165 1272
176 31 1273
68 35 1274
17 168 1275
100 44 1276
152 25 1277
190 37 1278
150 109 1279
47 153 1280
19 143 1281
98 103 1282
96 199 1283
36 192 1284
188 109 1285
75 34 1286
61 72 1287
36 84 1288
83 59 1289
140 193 1290
159 129 1291
26 25 1292
107 84 1293
87 138 1294
77 169 1295
55 3 1296
158 130 1297
77 107 1298
96 56 1299
200 18 1300
86 190 1301
156 66 1302
73 3 1303
121 69 1304
200 185 1305
4 189 1306
125 7 1307
33 10 1308
120 109 1309
187 93 1310
138 175 1311
53 28 1312
120 44 1313
90 55 1314
11 50 1315
49 104 1316
23 78 1317
163 10 1318
116 200 1319
163 63 1320
127 120 1321
100 76 1322
132 103 1323
200 100 1324
199 31 1325
150 90 1326
80 66 1327
29 98 1328
64 185 1329
60 103 1330
176 11 1331
87 144 1332
167 25 1333
129 135 1334
63 124 1335
51 149 1336
114 90 1337
165 197 1338
161 162 1339
2 76 1340
152 74 1341
168 113 1342
84 186 1343
132 45 1344
37 123 1345
26 181 1346
124 36 1347
174 12 1348
175 8 1349
186 134 1350
188 155 1351
90 198 1352
126 184 1353
129 140 1354
23 59 1355
70 112 1356
133 168 1357
122 100 1358
116 94 1359
146 197 1360
48 110 1361
129 192 1362
69 157 1363
200 48 1364
81 147 1365
165 54 1366
172 178 1367
174 4 1368
156 148 1369
197 82 1370
87 54 1371
176 129 1372
163 173 1373
173 60 1374
82 142 1375
106 97 1376
140 7 1377
80 103 1378
79 154 1379
134 169 1380
76 124 1381
126 177 1382
23 50 1383
7 155 1384
6 89 1385
108 142 1386
185 81 1387
2 72 1388
18 85 1389
134 141 1390
105 128 1391
60 59 1392
7 67 1393
200 93 1394
171 157 1395
55 122 1396
146 175 1397
39 45 1398
153 43 1399
119 61 1400
95 121 1401
48 176 1402
61 121 1403
43 111 1404
107 113 1405
98 105 1406
129 58 1407
74 56 1408
194 199 1409
191 54 1410
97 2 1411
14 58 1412
132 161 1413
198 152 1414
76 30 1415
67 142 1416
92 48 1417
11 103 1418
140 105 1419
88 19 1420
39 112 1421
113 187 1422
147 55 1423
178 112 1424
27 158 1425
30 150 1426
179 180 1427
175 122 1428
133 16 1429
137 150 1430
148 197 1431
174 157 1432
45 5 1433
143 20 1434
164 159 1435
142 121 1436
32 181 1437
170 171 1438
196 27 1439
28 174 1440
40 102 1441
73 123 1442
180 162 1443
65 191 1444
169 95 1445
94 135 1446
159 150 1447
95 131 1448
139 116 1449
95 88 1450
184 40 1451
77 188 1452
5 73 1453
142 47 1454
129 28 1455
91 48 1456
127 66 1457
158 70 1458
104 66 1459
102 81 1460
122 170 1461
165 187 1462
132 107 1463
35 86 1464
157 153 1465
175 2 1466
162 191 1467
48 101 1468
124 54 1469
199 142 1470
110 12 1471
170 37 1472
182 47 1473
155 100 1474
11 95 1475
46 105 1476
57 48 1477
135 20 1478
32 83 1479
147 92 1480
148 67 1481
177 128 1482
24 140 1483
58 79 1484
186 82 1485
124 180 1486
136 138 1487
73 109 1488
85 121 1489
194 40 1490
61 41 1491
128 27 1492
64 1 1493
27 35 1494
195 167 1495
151 31 1496
74 1 1497
50 27 1498
16 28 1499
56 102 1500
96 134 1501
150 116 1502
138 131 1503
1 46 1504
96 22 1505
117 61 1506
118 171 1507
114 156 1508
106 105 1509
80 14 1510
63 168 1511
53 186 1512
119 60 1513
27 190 1514
4 131 1515
84 173 1516
111 188 1517
22 120 1518
75 152 1519
29 198 1520
79 56 1521
154 100 1522
77 60 1523
146 152 1524
83 51 1525
47 31 1526
150 161 1527
161 63 1528
26 129 1529
56 200 1530
82 86 1531
194 44 1532
175 189 1533
89 115 1534
186 165 1535
195 100 1536
45 37 1537
22 87 1538
34 52 1539
63 62 1540
13 139 1541
153 132 1542
102 104 1543
5 52 1544
55 77 1545
61 74 1546
60 121 1547
179 6 1548
115 122 1549
194 178 1550
118 195 1551
189 198 1552
89 81 1553
70 75 1554
57 12 1555
13 77 1556
55 140 1557
57 111 1558
89 11 1559
121 158 1560
88 117 1561
200 182 1562
20 34 1563
124 14 1564
77 179 1565
139 178 1566
40 93 1567
118 93 1568
171 152 1569
50 133 1570
145 141 1571
139 159 1572
27 198 1573
14 55 1574
99 84 1575
103 26 1576
105 114 1577
43 25 1578
68 67 1579
154 158 1580
24 137 1581
30 160 1582
74 177 1583
17 126 1584
155 187 1585
30 72 1586
42 164 1587
97 119 1588
18 119 1589
4 107 1590
93 149 1591
123 142 1592
81 167 1593
194 101 1594
22 168 1595
149 195 1596
193 175 1597
153 16 1598
61 166 1599
95 50 1600
105 112 1601
1 163 1602
43 97 1603
117 194 1604
90 45 1605
199 172 1606
147 120 1607
159 69 1608
180 84 1609
91 161 1610
17 154 1611
15 169 1612
41 147 1613
79 111 1614
8 111 1615
113 1 1616
189 195 1617
95 138 1618
114 200 1619
86 186 1620
101 121 1621
159 5 1622
13 194 1623
126 22 1624
143 31 1625
170 118 1626
158 4 1627
107 169 1628
106 134 1629
89 42 1630
89 26 1631
13 187 1632
48 102 1633
13 123 1634
1 68 1635
101 183 1636
155 136 1637
61 164 1638
18 156 1639
197 8 1640
113 177 1641
159 18 1642
187 87 1643
26 16 1644
39 68 1645
163 72 1646
147 50 1647
177 122 1648
170 18 1649
195 72 1650
58 167 1651
188 139 1652
126 189 1653
197 182 1654
82 131 1655
45 161 1656
105 14 1657
79 165 1658
60 81 1659
62 79 1660
92 60 1661
24 112 1662
130 147 1663
194 1 1664
140 152 1665
105 130 1666
53 1 1667
150 79 1668
142 39 1669
1 56 1670
105 80 1671
70 72 1672
44 113 1673
92 16 1674
36 194 1675
35 165 1676
29 150 1677
4 195 1678
144 69 1679
147 144 1680
62 142 1681
171 168 1682
28 6 1683
158 30 1684
38 29 1685
196 43 1686
108 166 1687
133 67 1688
176 51 1689
60 10 1690
137 54 1691
181 144 1692
189 6 1693
61 168 1694
149 106 1695
173 44 1696
186 79 1697
4 82 1698
155 64 1699
68 94 1700
154 117 1701
197 16 1702
88 144 1703
33 178 1704
192 52 1705
65 19 1706
84 188 1707
81 186 1708
33 108 1709
142 94 1710
138 129 1711
178 176 1712
195 78 1713
54 8 1714
69 120 1715
141 137 1716
193 131 1717
62 18 1718
130 97 1719
95 198 1720
124 141 1721
63 83 1722
68 13 1723
125 133 1724
23 195 1725
175 101 1726
93 126 1727
70 107 1728
78 101 1729
80 35 1730
193 142 1731
72 55 1732
84 168 1733
95 94 1734
36 45 1735
160 87 1736
82 102 1737
183 67 1738
135 153 1739
95 23 1740
197 135 1741
182 184 1742
21 138 1743
32 18 1744
154 177 1745
96 80 1746
155 23 1747
105 4 1748
168 27 1749
43 159 1750
5 108 1751
6 138 1752
189 121 1753
96 41 1754
12 134 1755
114 155 1756
104 183 1757
134 62 1758
35 149 1759
37 77 1760
38 54 1761
52 150 1762
56 178 1763
47 179 1764
111 135 1765
65 155 1766
142 12 1767
86 30 1768
160 63 1769
64 105 1770
180 61 1771
190 32 1772
190 141 1773
56 47 1774
84 146 1775
181 162 1776
4 21 1777
18 37 1778
62 129 1779
75 51 1780
45 57 1781
71 169 1782
9 110 1783
9 171 1784
106 29 1785
171 153 1786
190 53 1787
199 61 1788
139 135 1789
117 155 1790
135 35 1791
19 39 1792
101 126 1793
47 13 1794
32 91 1795
23 60 1796
24 181 1797
79 130 1798
18 121 1799
148 32 1800
75 179 1801
111 16 1802
117 70 1803
161 151 1804
169 181 1805
175 92 1806
41 79 1807
83 50 1808
127 181 1809
74 11 1810
172 129 1811
68 24 1812
1 121 1813
99 187 1814
37 91 1815
199 114 1816
185 8 1817
184 118 1818
50 52 1819
192 46 1820
82 181 1821
109 116 1822
101 123 1823
18 48 1824
159 186 1825
160 154 1826
122 120 1827
88 187 1828
74 38 1829
175 168 1830
176 183 1831
41 181 1832
58 130 1833
39 69 1834
60 192 1835
12 66 1836
58 42 1837
200 106 1838
181 96 1839
165 183 1840
168 111 1841
4 52 1842
195 46 1843
194 26 1844
124 48 1845
51 49 1846
178 103 1847
133 197 1848
71 98 1849
56 131 1850
127 124 1851
79 109 1852
151 145 1853
192 125 1854
98 117 1855
35 48 1856
134 144 1857
41 130 1858
175 46 1859
80 169 1860
125 130 1861
65 119 1862
175 59 1863
167 98 1864
166 68 1865
6 118 1866
187 75 1867
41 52 1868
185 43 1869
41 43 1870
113 171 1871
183 46 1872
126 185 1873
104 38 1874
42 32 1875
150 154 1876
71 42 1877
67 38 1878
24 200 1879
187 166 1880
45 24 1881
133 187 1882
162 96 1883
109 57 1884
112 84 1885
131 22 1886
120 21 1887
70 73 1888
60 128 1889
81 87 1890
66 161 1891
94 83 1892
81 125 1893
166 105 1894
140 177 1895
61 135 1896
16 85 1897
196 187 1898
37 95 1899
32 72 1900
165 113 1901
40 135 1902
144 127 1903
139 181 1904
86 168 1905
142 124 1906
161 23 1907
140 13 1908
45 113 1909
166 169 1910
88 6 1911
69 104 1912
103 200 1913
77 31 1914
140 77 1915
180 52 1916
29 47 1917
135 47 1918
49 87 1919
94 153 1920
76 165 1921
109 95 1922
87 100 1923
194 64 1924
37 9 1925
180 157 1926
34 194 1927
3 27 1928
146 21 1929
108 148 1930
104 47 1931
66 52 1932
71 59 1933
81 99 1934
85 130 1935
102 33 1936
78 111 1937
168 151 1938
146 14 1939
38 157 1940
101 72 1941
114 1 1942
143 65 1943
118 46 1944
3 180 1945
165 80 1946
62 42 1947
177 125 1948
101 89 1949
69 155 1950
65 89 1951
69 72 1952
76 8 1953
155 192 1954
105 40 1955
123 139 1956
161 13 1957
41 190 1958
49 133 1959
103 47 1960
18 102 1961
72 93 1962
85 164 1963
125 170 1964
183 47 1965
124 195 1966
102 125 1967
97 14 1968
171 158 1969
142 149 1970
82 76 1971
83 66 1972
185 49 1973
50 158 1974
4 19 1975
75 136 1976
96 11 1977
177 95 1978
15 63 1979
2 188 1980
51 95 1981
62 91 1982
160 67 1983
32 71 1984
39 125 1985
185 183 1986
159 1 1987
150 1 1988
128 11 1989
136 178 1990
69 67 1991
134 172 1992
19 153 1993
58 70 1994
143 110 1995
14 173 1996
122 64 1997
4 104 1998
105 63 1999
11 16 2000
23 86 2001
56 9 2002
58 109 2003
37 10 2004
119 191 2005
88 1 2006
163 76 2007
129 182 2008
47 140 2009
19 44 2010
75 12 2011
43 5 2012
80 36 2013
87 60 2014
125 110 2015
164 69 2016
81 41 2017
131 154 2018
30 32 2019
119 10 2020
35 76 2021
163 98 2022
188 182 2023
6 62 2024
73 102 2025
86 56 2026
130 62 2027
70 31 2028
162 156 2029
133 127 2030
15 65 2031
16 76 2032
144 164 2033
32 63 2034
155 133 2035
29 28 2036
145 104 2037
116 14 2038
29 170 2039
153 173 2040
14 74 2041
187 28 2042
190 19 2043
115 56 2044
137 108 2045
26 142 2046
30 174 2047
187 169 2048
93 192 2049
195 43 2050
106 5 2051
82 44 2052
30 170 2053
30 13 2054
91 169 2055
85 80 2056
125 183 2057
147 169 2058
6 167 2059
195 155 2060
17 173 2061
166 132 2062
23 72 2063
98 172 2064
32 86 2065
166 193 2066
37 107 2067
175 10 2068
150 13 2069
187 171 2070
174 31 2071
68 95 2072
61 40 2073
93 82 2074
178 27 2075
44 154 2076
119 86 2077
74 6 2078
125 26 2079
73 24 2080
26 186 2081
80 111 2082
77 58 2083
188 198 2084
58 63 2085
48 130 2086
83 71 2087
148 165 2088
185 2 2089
52 89 2090
4 192 2091
64 30 2092
47 144 2093
163 145 2094
16 116 2095
139 26 2096
157 138 2097
155 139 2098
180 122 2099
116 49 2100
149 84 2101
33 135 2102
175 181 2103
150 191 2104
103 127 2105
108 35 2106
59 163 2107
151 32 2108
172 80 2109
9 123 2110
111 93 2111
147 119 2112
150 121 2113
4 11 2114
136 15 2115
162 129 2116
141 29 2117
4 153 2118
109 129 2119
21 69 2120
34 64 2121
148 8 2122
21 27 2123
172 57 2124
153 197 2125
170 139 2126
46 73 2127
87 29 2128
20 79 2129
30 38 2130
81 123 2131
133 123 2132
91 127 2133
58 133 2134
119 17 2135
190 38 2136
189 184 2137
3 110 2138
47 67 2139
150 22 2140
117 128 2141
138 197 2142
152 181 2143
35 13 2144
25 104 2145
8 154 2146
8 11 2147
70 164 2148
127 101 2149
61 9 2150
9 142 2151
4 143 2152
6 69 2153
189 36 2154
190 191 2155
151 107 2156
7 193 2157
12 70 2158
141 198 2159
100 144 2160
52 58 2161
56 10 2162
195 89 2163
127 187 2164
187 71 2165
191 88 2166
13 51 2167
59 89 2168
72 67 2169
32 145 2170
131 162 2171
177 96 2172
3 182 2173
174 129 2174
126 95 2175
46 111 2176
35 100 2177
14 139 2178
158 39 2179
103 66 2180
187 102 2181
51 156 2182
130 73 2183
110 130 2184
136 111 2185
120 142 2186
96 141 2187
125 96 2188
133 64 2189
190 33 2190
9 48 2191
42 81 2192
70 118 2193
178 79 2194
3 113 2195
187 110 2196
106 31 2197
97 20 2198
110 117 2199
51 160 2200
7 110 2201
55 31 2202
142 168 2203
164 67 2204
168 46 2205
52 173 2206
77 119 2207
92 152 2208
61 97 2209
59 61 2210
23 73 2211
88 103 2212
70 59 2213
186 174 2214
91 148 2215
146 184 2216
3 47 2217
190 88 2218
93 32 2219
96 103 2220
125 143 2221
6 51 2222
165 124 2223
132 156 2224
162 36 2225
77 177 2226
132 88 2227
128 75 2228
111 190 2229
157 47 2230
170 111 2231
140 164 2232
68 168 2233
140 65 2234
44 116 2235
80 192 2236
93 170 2237
172 93 2238
88 13 2239
186 93 2240
133 183 2241
185 67 2242
164 56 2243
126 143 2244
83 141 2245
79 7 2246
198 186 2247
21 2 2248
73 192 2249
59 129 2250
133 169 2251
52 23 2252
147 52 2253
114 133 2254
106 108 2255
93 75 2256
192 140 2257
36 41 2258
155 45 2259
144 77 2260
181 84 2261
174 115 2262
138 15 2263
101 147 2264
76 151 2265
158 25 2266
6 171 2267
22 17 2268
51 154 2269
50 161 2270
68 177 2271
65 131 2272
141 68 2273
10 158 2274
132 199 2275
158 146 2276
69 160 2277
190 158 2278
82 141 2279
74 113 2280
62 43 2281
116 146 2282
145 43 2283
177 85 2284
163 139 2285
25 7 2286
61 100 2287
77 89 2288
151 150 2289
157 80 2290
72 112 2291
24 143 2292
123 149 2293
121 81 2294
76 12 2295
136 23 2296
33 137 2297
122 187 2298
15 69 2299
17 9 2300
50 64 2301
71 197 2302
88 3 2303
35 92 2304
196 91 2305
174 178 2306
186 125 2307
159 14 2308
156 73 2309
90 108 2310
25 132 2311
109 30 2312
169 17 2313
55 172 2314
95 40 2315
148 62 2316
17 99 2317
3 9 2318
46 37 2319
101 165 2320
86 162 2321
73 51 2322
61 122 2323
194 119 2324
91 41 2325
56 40 2326
79 129 2327
15 196 2328
39 51 2329
6 83 2330
197 83 2331
84 73 2332
185 96 2333
11 99 2334
69 48 2335
55 69 2336
39 132 2337
36 28 2338
111 95 2339
143 40 2340
18 14 2341
66 65 2342
112 26 2343
5 123 2344
127 46 2345
185 111 2346
95 85 2347
74 93 2348
52 19 2349
147 191 2350
26 114 2351
125 142 2352
161 27 2353
95 150 2354
51 32 2355
33 129 2356
6 104 2357
104 110 2358
107 13 2359
5 179 2360
99 193 2361
145 5 2362
193 124 2363
192 152 2364
109 17 2365
85 20 2366
149 22 2367
111 120 2368
33 77 2369
34 51 2370
7 190 2371
22 88 2372
36 76 2373
185 195 2374
38 145 2375
167 77 2376
94 140 2377
141 199 2378
86 196 2379
94 103 2380
143 46 2381
33 155 2382
181 137 2383
191 200 2384
110 96 2385
111 19 2386
3 4 2387
26 34 2388
136 150 2389
111 156 2390
119 57 2391
192 169 2392
170 137 2393
101 46 2394
108 119 2395
34 45 2396
164 83 2397
14 127 2398
101 109 2399
165 139 2400
12 143 2401
116 190 2402
190 185 2403
39 97 2404
153 13 2405
34 43 2406
26 55 2407
100 81 2408
57 139 2409
140 167 2410
79 198 2411
159 60 2412
186 148 2413
9 36 2414
185 95 2415
113 194 2416
29 83 2417
95 31 2418
198 17 2419
55 64 2420
162 77 2421
29 172 2422
67 172 2423
163 28 2424
111 21 2425
122 110 2426
48 77 2427
125 10 2428
143 85 2429
59 147 2430
144 92 2431
192 130 2432
74 7 2433
169 177 2434
177 37 2435
191 115 2436
97 74 2437
15 132 2438
112 96 2439
158 108 2440
97 93 2441
10 182 2442
183 131 2443
145 155 2444
28 71 2445
52 102 2446
192 111 2447
122 21 2448
53 8 2449
143 17 2450
101 87 2451
185 4 2452
109 161 2453
17 135 2454
41 85 2455
18 7 2456
81 76 2457
73 78 2458
71 100 2459
176 168 2460
67 181 2461
30 68 2462
36 53 2463
86 74 2464
196 37 2465
53 100 2466
64 119 2467
70 82 2468
2 52 2469
174 146 2470
177 185 2471
175 147 2472
103 102 2473
64 89 2474
43 93 2475
119 44 2476
32 140 2477
191 184 2478
125 144 2479
12 160 2480
173 28 2481
49 45 2482
88 46 2483
58 32 2484
185 83 2485
54 106 2486
5 16 2487
5 34 2488
180 148 2489
112 175 2490
124 130 2491
119 150 2492
155 129 2493
25 133 2494
121 175 2495
135 108 2496
52 92 2497
169 99 2498
192 56 2499
123 88 2500
165 174 2501
47 58 2502
167 59 2503
88 41 2504
105 8 2505
178 57 2506
103 158 2507
52 86 2508
182 125 2509
94 34 2510
155 174 2511
39 43 2512
101 141 2513
45 44 2514
65 72 2515
100 105 2516
43 138 2517
87 178 2518
76 37 2519
66 136 2520
84 17 2521
107 99 2522
15 43 2523
191 142 2524
113 92 2525
197 161 2526
139 12 2527
98 51 2528
61 132 2529
20 121 2530
117 111 2531
53 104 2532
60 138 2533
79 177 2534
14 49 2535
89 160 2536
28 133 2537
143 67 2538
4 190 2539
35 142 2540
200 142 2541
77 39 2542
97 187 2543
126 91 2544
12 101 2545
127 106 2546
135 195 2547
87 191 2548
9 133 2549
150 6 2550
17 80 2551
189 131 2552
28 188 2553
189 197 2554
107 11 2555
102 38 2556
8 64 2557
163 170 2558
181 182 2559
113 199 2560
173 61 2561
104 20 2562
198 84 2563
138 111 2564
79 86 2565
28 22 2566
164 195 2567
147 118 2568
190 61 2569
190 75 2570
187 108 2571
30 81 2572
10 144 2573
5 24 2574
57 102 2575
198 108 2576
138 192 2577
99 116 2578
85 94 2579
171 119 2580
39 7 2581
91 59 2582
125 155 2583
28 199 2584
153 113 2585
63 187 2586
128 68 2587
106 126 2588
192 55 2589
31 155 2590
33 92 2591
197 45 2592
45 159 2593
44 149 2594
117 162 2595
88 9 2596
86 159 2597
145 126 2598
86 67 2599
19 113 2600
163 176 2601
22 58 2602
64 148 2603
113 166 2604
89 69 2605
134 19 2606
19 84 2607
107 147 2608
149 54 2609
87 164 2610
83 171 2611
80 32 2612
194 175 2613
129 63 2614
140 163 2615
102 70 2616
43 198 2617
184 179 2618
90 140 2619
80 199 2620
65 111 2621
95 159 2622
85 140 2623
97 26 2624
155 181 2625
110 155 2626
170 98 2627
149 173 2628
154 135 2629
45 123 2630
177 141 2631
9 168 2632
131 87 2633
185 87 2634
153 134 2635
8 47 2636
95 149 2637
157 18 2638
174 169 2639
199 24 2640
108 19 2641
8 33 2642
145 57 2643
6 68 2644
17 47 2645
108 160 2646
42 49 2647
165 16 2648
18 115 2649
157 169 2650
163 70 2651
112 198 2652
122 108 2653
190 68 2654
142 176 2655
92 181 2656
13 193 2657
41 38 2658
1 177 2659
111 38 2660
124 186 2661
121 34 2662
33 144 2663
181 86 2664
8 17 2665
48 193 2666
15 52 2667
27 156 2668
166 66 2669
162 133 2670
101 155 2671
125 134 2672
92 21 2673
49 167 2674
42 122 2675
139 167 2676
192 145 2677
1 109 2678
1 73 2679
14 152 2680
76 185 2681
191 129 2682
74 8 2683
197 10 2684
158 36 2685
2 65 2686
91 27 2687
195 91 2688
40 88 2689
86 174 2690
133 4 2691
146 166 2692
181 132 2693
159 70 2694
147 6 2695
53 35 2696
43 69 2697
168 147 2698
95 84 2699
45 125 2700
54 167 2701
54 100 2702
29 4 2703
24 171 2704
31 52 2705
88 44 2706
164 90 2707
125 12 2708
194 149 2709
146 10 2710
60 55 2711
70 168 2712
119 200 2713
17 7 2714
92 36 2715
139 98 2716
58 161 2717
98 33 2718
191 64 2719
4 7 2720
9 130 2721
186 58 2722
45 20 2723
142 117 2724
105 16 2725
4 132 2726
1 45 2727
97 22 2728
144 173 2729
17 155 2730
30 89 2731
92 55 2732
133 173 2733
161 60 2734
84 165 2735
109 199 2736
197 131 2737
66 112 2738
34 92 2739
132 70 2740
149 43 2741
195 66 2742
164 141 2743
121 67 2744
30 200 2745
68 78 2746
29 52 2747
33 103 2748
91 60 2749
165 6 2750
74 163 2751
92 17 2752
179 200 2753
93 103 2754
149 12 2755
14 147 2756
127 194 2757
192 177 2758
118 159 2759
28 98 2760
151 90 2761
125 115 2762
194 136 2763
116 65 2764
158 63 2765
58 137 2766
73 163 2767
9 198 2768
147 137 2769
102 165 2770
65 170 2771
144 182 2772
135 170 2773
102 199 2774
61 62 2775
131 97 2776
139 60 2777
187 186 2778
79 38 2779
65 169 2780
98 166 2781
51 143 2782
132 120 2783
136 109 2784
113 6 2785
114 168 2786
177 178 2787
61 143 2788
1 166 2789
39 33 2790
104 97 2791
92 168 2792
56 7 2793
190 74 2794
181 194 2795
181 42 2796
136 199 2797
198 26 2798
48 54 2799
22 197 2800
161 81 2801
87 19 2802
68 83 2803
178 76 2804
193 97 2805
165 73 2806
166 36 2807
108 176 2808
59 131 2809
167 150 2810
192 64 2811
28 159 2812
105 76 2813
149 166 2814
17 95 2815
124 9 2816
53 157 2817
191 86 2818
183 182 2819
133 30 2820
17 114 2821
192 61 2822
139 197 2823
87 77 2824
13 109 2825
48 17 2826
186 38 2827
176 4 2828
117 50 2829
96 2 2830
14 23 2831
155 52 2832
124 68 2833
98 62 2834
129 25 2835
73 82 2836
76 188 2837
195 19 2838
141 42 2839
185 26 2840
106 147 2841
190 55 2842
124 190 2843
98 4 2844
78 35 2845
88 54 2846
7 11 2847
67 12 2848
98 122 2849
10 110 2850
7 195 2851
80 129 2852
59 111 2853
175 113 2854
127 60 2855
141 27 2856
124 107 2857
54 3 2858
1 126 2859
139 3 2860
9 8 2861
17 25 2862
22 61 2863
75 189 2864
192 176 2865
74 75 2866
87 172 2867
83 121 2868
31 73 2869
193 51 2870
152 87 2871
192 13 2872
52 164 2873
184 178 2874
102 166 2875
82 199 2876
95 182 2877
52 65 2878
33 128 2879
13 12 2880
48 125 2881
126 86 2882
88 183 2883
182 35 2884
5 15 2885
186 60 2886
95 44 2887
177 93 2888
169 173 2889
126 64 2890
38 138 2891
39 2 2892
30 52 2893
165 166 2894
71 79 2895
15 74 2896
36 59 2897
93 114 2898
1 94 2899
18 56 2900
22 43 2901
123 80 2902
164 75 2903
198 55 2904
7 138 2905
47 102 2906
127 9 2907
12 169 2908
163 91 2909
53 183 2910
19 23 2911
200 49 2912
71 46 2913
13 166 2914
117 54 2915
168 189 2916
153 77 2917
156 120 2918
104 62 2919
35 41 2920
195 101 2921
137 16 2922
12 97 2923
199 18 2924
138 92 2925
108 93 2926
175 192 2927
111 133 2928
86 149 2929
194 137 2930
156 159 2931
55 74 2932
70 38 2933
5 162 2934
95 140 2935
122 2 2936
16 74 2937
42 136 2938
82 43 2939
80 153 2940
53 14 2941
16 128 2942
187 139 2943
50 38 2944
78 188 2945
105 71 2946
13 10 2947
45 107 2948
147 20 2949
85 128 2950
164 182 2951
11 165 2952
37 7 2953
37 161 2954
30 20 2955
181 140 2956
61 3 2957
174 102 2958
38 46 2959
138 144 2960
68 41 2961
110 17 2962
56 8 2963
76 38 2964
152 127 2965
62 53 2966
172 176 2967
96 95 2968
49 66 2969
134 50 2970
117 185 2971
121 98 2972
152 161 2973
105 193 2974
63 84 2975
71 29 2976
146 1 2977
123 152 2978
51 180 2979
105 34 2980
173 5 2981
119 166 2982
100 197 2983
30 65 2984
147 2 2985
16 13 2986
51 27 2987
94 150 2988
119 197 2989
21 148 2990
146 143 2991
3 29 2992
154 72 2993
160 21 2994
199 81 2995
87 195 2996
160 174 2997
35 70 2998
10 85 2999
151 5 3000
58 168 3001
169 130 3002
190 109 3003
117 53 3004
58 97 3005
112 170 3006
101 56 3007
71 89 3008
98 160 3009
136 197 3010
25 147 3011
117 90 3012
118 116 3013
58 132 3014
52 33 3015
154 31 3016
83 12 3017
117 145 3018
40 74 3019
121 25 3020
24 147 3021
101 136 3022
22 193 3023
47 181 3024
163 164 3025
44 39 3026
109 46 3027
27 160 3028
30 136 3029
182 85 3030
178 100 3031
196 103 3032
98 76 3033
165 58 3034
190 101 3035
175 120 3036
65 14 3037
77 67 3038
117 138 3039
66 115 3040
175 50 3041
98 154 3042
155 44 3043
158 59 3044
52 81 3045
90 37 3046
104 113 3047
40 90 3048
99 113 3049
188 142 3050
145 195 3051
23 35 3052
34 91 3053
152 131 3054
7 130 3055
120 27 3056
104 23 3057
182 157 3058
164 37 3059
107 16 3060
36 60 3061
59 38 3062
172 16 3063
184 151 3064
36 43 3065
95 103 3066
140 83 3067
189 157 3068
187 92 3069
94 162 3070
89 121 3071
116 36 3072
198 61 3073
56 134 3074
141 166 3075
69 143 3076
138 84 3077
116 97 3078
122 185 3079
113 87 3080
144 145 3081
141 55 3082
118 24 3083
39 13 3084
113 82 3085
77 128 3086
27 103 3087
152 47 3088
171 139 3089
33 187 3090
56 146 3091
87 157 3092
62 107 3093
29 124 3094
187 132 3095
190 13 3096
104 112 3097
144 75 3098
50 10 3099
52 168 3100
163 25 3101
86 66 3102
20 25 3103
177 136 3104
86 120 3105
154 36 3106
162 48 3107
57 114 3108
19 58 3109
82 34 3110
137 11 3111
7 176 3112
143 39 3113
86 92 3114
164 98 3115
16 126 3116
94 105 3117
131 177 3118
88 66 3119
147 149 3120
92 90 3121
29 17 3122
196 81 3123
11 131 3124
16 72 3125
181 22 3126
134 109 3127
109 194 3128
180 190 3129
44 151 3130
192 189 3131
114 32 3132
91 77 3133
63 171 3134
196 142 3135
120 99 3136
191 55 3137
110 70 3138
164 176 3139
139 108 3140
86 37 3141
12 43 3142
79 160 3143
142 170 3144
197 58 3145
103 52 3146
127 4 3147
69 78 3148
109 53 3149
97 191 3150
6 15 3151
194 154 3152
85 141 3153
170 47 3154
105 127 3155
136 39 3156
105 158 3157
62 168 3158
126 52 3159
119 107 3160
74 59 3161
126 132 3162
196 76 3163
194 57 3164
24 139 3165
101 82 3166
155 11 3167
127 190 3168
48 96 3169
146 131 3170
44 195 3171
74 160 3172
20 165 3173
44 187 3174
162 120 3175
33 100 3176
117 87 3177
73 129 3178
191 9 3179
31 92 3180
25 118 3181
57 154 3182
122 128 3183
110 54 3184
157 193 3185
152 142 3186
70 141 3187
54 108 3188
184 109 3189
34 86 3190
17 140 3191
116 79 3192
197 60 3193
164 160 3194
180 10 3195
60 120 3196
162 113 3197
184 32 3198
14 157 3199
27 33 3200
118 22 3201
136 29 3202
152 184 3203
192 33 3204
3 28 3205
158 115 3206
103 161 3207
168 13 3208
3 188 3209
186 193 3210
24 167 3211
125 58 3212
22 104 3213
60 105 3214
164 139 3215
101 47 3216
27 182 3217
166 200 3218
59 196 3219
5 171 3220
86 65 3221
2 180 3222
109 66 3223
65 174 3224
61 157 3225
150 38 3226
123 76 3227
154 144 3228
130 52 3229
195 18 3230
180 19 3231
16 120 3232
165 90 3233
75 122 3234
137 161 3235
100 42 3236
200 130 3237
161 176 3238
179 82 3239
32 17 3240
54 86 3241
169 142 3242
82 36 3243
191 26 3244
141 1 3245
148 73 3246
167 68 3247
57 32 3248
1 79 3249
15 197 3250
183 96 3251
147 150 3252
21 10 3253
54 195 3254
71 108 3255
39 105 3256
32 81 3257
44 179 3258
2 116 3259
73 149 3260
77 46 3261
39 186 3262
138 171 3263
172 177 3264
115 13 3265
10 25 3266
135 131 3267
103 69 3268
70 83 3269
66 33 3270
196 28 3271
83 117 3272
81 107 3273
55 68 3274
183 86 3275
104 100 3276
78 124 3277
19 29 3278
24 30 3279
160 133 3280
164 137 3281
2 85 3282
189 194 3283
27 68 3284
5 132 3285
189 153 3286
51 54 3287
183 63 3288
3 178 3289
165 29 3290
40 29 3291
134 198 3292
19 129 3293
19 91 3294
28 124 3295
106 140 3296
70 78 3297
152 66 3298
42 30 3299
152 16 3300
102 93 3301
99 126 3302
74 155 3303
27 64 3304
66 29 3305
167 87 3306
63 153 3307
122 17 3308
191 96 3309
176 96 3310
97 161 3311
159 127 3312
82 31 3313
1 102 3314
137 169 3315
25 108 3316
48 14 3317
84 3 3318
178 92 3319
92 51 3320
39 1 3321
114 58 3322
173 1 3323
99 26 3324
78 167 3325
167 196 3326
199 125 3327
30 115 3328
22 31 3329
8 38 3330
50 15 3331
88 67 3332
116 137 3333
92 172 3334
129 198 3335
11 1 3336
64 61 3337
56 93 3338
131 40 3339
51 117 3340
120 97 3341
14 192 3342
189 8 3343
178 86 3344
140 93 3345
16 6 3346
94 60 3347
118 139 3348
135 91 3349
54 134 3350
183 22 3351
89 40 3352
196 23 3353
81 23 3354
192 28 3355
91 165 3356
119 12 3357
189 185 3358
97 21 3359
40 64 3360
36 169 3361
26 137 3362
137 128 3363
15 156 3364
184 51 3365
191 141 3366
26 107 3367
6 27 3368
184 22 3369
178 116 3370
22 67 3371
25 89 3372
27 101 3373
65 24 3374
77 164 3375
145 35 3376
106 53 3377
18 109 3378
30 164 3379
21 11 3380
99 181 3381
122 156 3382
145 54 3383
19 198 3384
124 176 3385
46 182 3386
190 12 3387
174 49 3388
177 143 3389
139 152 3390
38 86 3391
168 37 3392
23 29 3393
2 28 3394
177 6 3395
110 188 3396
91 85 3397
117 86 3398
48 53 3399
88 184 3400
24 130 3401
36 125 3402
4 78 3403
190 149 3404
176 147 3405
195 34 3406
172 85 3407
113 122 3408
116 38 3409
192 9 3410
189 178 3411
84 104 3412
12 166 3413
164 11 3414
74 102 3415
18 65 3416
128 96 3417
41 87 3418
105 36 3419
18 40 3420
102 157 3421
32 31 3422
100 70 3423
183 87 3424
65 88 3425
58 37 3426
137 176 3427
168 57 3428
103 167 3429
52 151 3430
118 75 3431
44 37 3432
75 79 3433
33 14 3434
4 166 3435
183 93 3436
167 177 3437
193 70 3438
173 137 3439
101 107 3440
98 114 3441
164 72 3442
88 152 3443
91 128 3444
43 184 3445
146 16 3446
175 19 3447
33 130 3448
139 124 3449
197 79 3450
57 29 3451
1 158 3452
178 37 3453
16 168 3454
130 104 3455
198 83 3456
6 82 3457
195 150 3458
126 158 3459
94 149 3460
191 95 3461
140 21 3462
94 38 3463
128 53 3464
177 62 3465
160 185 3466
60 27 3467
60 64 3468
155 49 3469
197 99 3470
15 188 3471
182 150 3472
178 8 3473
48 55 3474
70 146 3475
20 183 3476
45 78 3477
74 130 3478
120 81 3479
144 172 3480
171 26 3481
197 117 3482
37 80 3483
35 187 3484
129 70 3485
112 94 3486
19 46 3487
193 119 3488
191 68 3489
82 48 3490
75 125 3491
88 32 3492
20 137 3493
10 174 3494
194 123 3495
80 108 3496
195 198 3497
24 60 3498
90 84 3499
198 21 3500
193 25 3501
58 46 3502
172 96 3503
158 82 3504
60 62 3505
66 147 3506
4 159 3507
11 40 3508
27 81 3509
19 71 3510
80 191 3511
168 93 3512
40 99 3513
189 132 3514
108 87 3515
126 43 3516
123 66 3517
144 51 3518
94 154 3519
49 98 3520
110 146 3521
187 157 3522
167 165 3523
29 113 3524
96 58 3525
127 195 3526
152 60 3527
2 130 3528
118 125 3529
6 2 3530
187 73 3531
44 176 3532
161 51 3533
72 153 3534
23 179 3535
39 28 3536
18 122 3537
3 90 3538
127 102 3539
164 50 3540
19 117 3541
60 29 3542
122 105 3543
185 10 3544
53 165 3545
124 92 3546
24 95 3547
123 150 3548
80 109 3549
101 15 3550
86 26 3551
83 109 3552
98 39 3553
73 16 3554
190 14 3555
6 161 3556
88 97 3557
93 153 3558
93 148 3559
119 11 3560
103 131 3561
91 17 3562
113 139 3563
161 82 3564
19 27 3565
116 18 3566
80 124 3567
44 164 3568
34 152 3569
34 103 3570
62 72 3571
95 194 3572
176 189 3573
171 73 3574
174 44 3575
94 156 3576
172 19 3577
113 128 3578
106 185 3579
22 173 3580
118 197 3581
26 143 3582
147 177 3583
104 178 3584
19 11 3585
112 147 3586
84 45 3587
187 16 3588
192 7 3589
1 151 3590
111 129 3591
43 42 3592
3 56 3593
182 76 3594
109 187 3595
55 158 3596
99 87 3597
62 110 3598
122 1 3599
68 151 3600
160 103 3601
30 28 3602
151 84 3603
51 197 3604
24 170 3605
27 147 3606
20 23 3607
28 44 3608
125 38 3609
58 82 3610
56 12 3611
10 131 3612
3 35 3613
133 120 3614
66 30 3615
55 167 3616
184 89 3617
185 196 3618
27 118 3619
64 21 3620
24 159 3621
63 104 3622
190 29 3623
82 108 3624
80 68 3625
52 125 3626
79 13 3627
26 189 3628
26 160 3629
66 90 3630
135 39 3631
185 103 3632
129 188 3633
36 108 3634
113 70 3635
166 148 3636
26 33 3637
123 64 3638
178 99 3639
6 79 3640
27 105 3641
80 181 3642
99 57 3643
45 27 3644
4 99 3645
20 181 3646
14 187 3647
121 137 3648
108 72 3649
58 78 3650
53 18 3651
140 81 3652
114 69 3653
58 145 3654
135 137 3655
112 93 3656
109 100 3657
177 5 3658
27 94 3659
97 136 3660
32 194 3661
184 124 3662
148 50 3663
170 160 3664
130 3 3665
22 133 3666
73 179 3667
99 105 3668
134 200 3669
70 162 3670
73 167 3671
184 84 3672
192 195 3673
174 132 3674
163 192 3675
148 141 3676
75 178 3677
188 151 3678
172 118 3679
99 161 3680
99 114 3681
152 177 3682
77 40 3683
87 85 3684
119 177 3685
186 68 3686
176 81 3687
46 57 3688
197 31 3689
18 117 3690
13 58 3691
24 91 3692
83 156 3693
1 136 3694
164 107 3695
163 88 3696
188 57 3697
132 18 3698
198 174 3699
61 51 3700
65 165 3701
142 28 3702
54 166 3703
143 131 3704
164 101 3705
175 78 3706
72 130 3707
88 59 3708
93 17 3709
105 118 3710
183 154 3711
1 72 3712
46 26 3713
48 171 3714
49 164 3715
185 86 3716
172 8 3717
53 51 3718
168 159 3719
183 59 3720
142 54 3721
158 5 3722
20 107 3723
13 110 3724
132 84 3725
191 152 3726
7 104 3727
152 105 3728
23 40 3729
33 15 3730
196 77 3731
106 107 3732
184 117 3733
88 73 3734
176 130 3735
166 95 3736
135 175 3737
182 117 3738
134 187 3739
29 25 3740
114 29 3741
109 193 3742
50 132 3743
141 169 3744
67 123 3745
58 39 3746
161 102 3747
139 130 3748
82 21 3749
133 156 3750
58 191 3751
188 80 3752
126 148 3753
131 105 3754
42 39 3755
189 118 3756
89 62 3757
122 79 3758
106 180 3759
110 128 3760
140 136 3761
79 152 3762
160 34 3763
193 30 3764
68 195 3765
110 55 3766
48 68 3767
87 148 3768
162 84 3769
56 148 3770
37 188 3771
10 149 3772
147 158 3773
199 30 3774
188 183 3775
200 153 3776
171 97 3777
61 90 3778
66 28 3779
88 189 3780
174 36 3781
54 39 3782
49 140 3783
116 101 3784
73 166 3785
23 12 3786
167 130 3787
100 58 3788
110 140 3789
59 68 3790
128 146 3791
4 80 3792
58 15 3793
130 68 3794
67 29 3795
125 29 3796
48 108 3797
120 193 3798
86 5 3799
117 140 3800
127 79 3801
152 38 3802
138 126 3803
180 128 3804
122 71 3805
95 125 3806
71 48 3807
178 106 3808
164 34 3809
14 199 3810
106 197 3811
180 33 3812
115 62 3813
155 127 3814
158 22 3815
80 142 3816
80 24 3817
51 198 3818
124 169 3819
145 174 3820
112 11 3821
47 130 3822
135 4 3823
96 75 3824
120 76 3825
70 139 3826
30 57 3827
25 19 3828
164 78 3829
28 52 3830
45 191 3831
141 12 3832
58 28 3833
73 48 3834
160 179 3835
196 175 3836
45 116 3837
128 151 3838
28 108 3839
85 45 3840
99 156 3841
109 54 3842
97 66 3843
95 35 3844
150 114 3845
98 190 3846
70 140 3847
55 21 3848
41 77 3849
106 190 3850
75 63 3851
137 158 3852
113 144 3853
28 121 3854
58 57 3855
81 57 3856
118 54 3857
85 176 3858
78 22 3859
93 152 3860
56 162 3861
83 126 3862
64 99 3863
89 120 3864
190 150 3865
26 83 3866
72 155 3867
87 84 3868
83 36 3869
149 2 3870
92 137 3871
144 79 3872
86 31 3873
184 144 3874
195 169 3875
147 171 3876
153 10 3877
137 178 3878
148 194 3879
200 90 3880
117 115 3881
96 197 3882
12 20 3883
90 194 3884
138 35 3885
116 171 3886
121 27 3887
61 195 3888
61 47 3889
125 105 3890
56 92 3891
93 50 3892
121 164 3893
192 190 3894
42 76 3895
109 115 3896
79 123 3897
188 60 3898
18 8 3899
198 1 3900
178 196 3901
173 90 3902
111 103 3903
186 119 3904
186 158 3905
108 55 3906
108 173 3907
13 128 3908
21 102 3909
87 43 3910
134 75 3911
196 34 3912
114 158 3913
58 55 3914
93 173 3915
71 185 3916
6 128 3917
170 46 3918
50 29 3919
144 43 3920
189 183 3921
19 154 3922
155 126 3923
74 141 3924
74 133 3925
81 174 3926
189 159 3927
144 93 3928
191 106 3929
72 10 3930
129 40 3931
153 18 3932
146 185 3933
63 65 3934
4 10 3935
91 71 3936
161 148 3937
30 191 3938
128 52 3939
62 87 3940
39 21 3941
39 50 3942
81 158 3943
68 146 3944
185 59 3945
137 61 3946
70 51 3947
28 127 3948
76 29 3949
161 29 3950
156 194 3951
144 36 3952
8 19 3953
162 60 3954
3 17 3955
134 146 3956
9 150 3957
131 27 3958
32 65 3959
126 3 3960
190 181 3961
85 109 3962
128 8 3963
181 178 3964
84 1 3965
109 87 3966
137 45 3967
84 16 3968
35 133 3969
159 134 3970
187 142 3971
70 90 3972
58 116 3973
44 112 3974
90 119 3975
157 74 3976
59 8 3977
29 74 3978
94 175 3979
85 12 3980
59 125 3981
162 155 3982
28 45 3983
199 53 3984
145 3 3985
134 188 3986
39 49 3987
150 163 3988
180 186 3989
139 110 3990
85 154 3991
27 102 3992
187 173 3993
1 179 3994
105 30 3995
103 180 3996
7 47 3997
186 176 3998
124 4 3999
90 197 4000
192 74 4001
18 163 4002
134 49 4003
40 193 4004
129 50 4005
183 146 4006
64 182 4007
117 48 4008
197 74 4009
124 38 4010
15 114 4011
8 77 4012
192 127 4013
162 83 4014
170 178 4015
116 57 4016
129 89 4017
197 77 4018
181 138 4019
37 189 4020
60 151 4021
19 5 4022
90 11 4023
155 178 4024
24 138 4025
47 197 4026
109 75 4027
92 176 4028
161 134 4029
146 35 4030
101 138 4031
6 60 4032
77 192 4033
25 88 4034
54 61 4035
37 43 4036
164 51 4037
87 42 4038
3 71 4039
176 16 4040
38 163 4041
4 167 4042
122 158 4043
28 37 4044
126 73 4045
11 81 4046
52 8 4047
2 89 4048
74 88 4049
26 66 4050
19 106 4051
180 158 4052
177 84 4053
116 161 4054
19 101 4055
61 194 4056
167 26 4057
118 87 4058
161 118 4059
161 193 4060
113 77 4061
169 96 4062
13 80 4063
83 191 4064
178 111 4065
94 119 4066
82 146 4067
135 29 4068
154 27 4069
163 27 4070
70 120 4071
120 107 4072
198 155 4073
182 178 4074
124 131 4075
97 152 4076
181 148 4077
188 40 4078
85 57 4079
82 110 4080
173 177 4081
58 98 4082
71 12 4083
38 31 4084
19 167 4085
159 135 4086
97 95 4087
105 180 4088
168 98 4089
40 199 4090
32 47 4091
185 22 4092
112 34 4093
126 47 4094
190 169 4095
35 128 4096
155 109 4097
135 110 4098
76 56 4099
10 184 4100
