200 3700 3700
94 153 1
88 44 2
60 64 3
20 107 4
21 1 5
48 7 6
183 173 7
4 159 8
183 47 9
78 141 10
12 35 11
193 142 12
138 141 13
90 197 14
82 43 15
88 187 16
98 103 17
149 166 18
183 67 19
174 31 20
117 185 21
31 158 22
23 73 23
20 200 24
3 29 25
76 31 26
40 93 27
122 100 28
122 185 29
183 93 30
185 43 31
105 36 32
179 48 33
51 155 34
91 17 35
19 92 36
146 131 37
126 143 38
117 54 39
40 3 40
165 78 41
83 66 42
36 39 43
82 21 44
191 71 45
169 92 46
24 13 47
129 7 48
131 177 49
105 80 50
147 2 51
159 54 52
29 177 53
77 89 54
2 85 55
186 134 56
149 84 57
55 140 58
145 155 59
85 130 60
84 51 61
150 156 62
143 40 63
30 104 64
7 61 65
60 120 66
5 108 67
83 12 68
40 20 69
55 74 70
196 27 71
189 178 72
164 127 73
190 101 74
158 30 75
32 194 76
7 63 77
134 188 78
178 29 79
156 66 80
74 160 81
197 135 82
6 65 83
27 94 84
31 52 85
128 146 86
129 28 87
161 51 88
35 70 89
181 30 90
113 171 91
118 159 92
200 93 93
18 115 94
138 29 95
81 186 96
6 62 97
177 138 98
185 110 99
2 103 100
118 87 101
187 132 102
26 186 103
6 83 104
141 27 105
196 77 106
184 161 107
114 69 108
33 14 109
156 120 110
174 44 111
28 108 112
47 52 113
57 139 114
184 89 115
174 91 116
188 105 117
5 28 118
127 66 119
45 78 120
92 90 121
43 184 122
123 150 123
1 179 124
175 113 125
85 70 126
116 18 127
151 145 128
5 16 129
186 176 130
142 54 131
189 41 132
149 195 133
44 37 134
125 144 135
159 154 136
55 122 137
10 85 138
90 185 139
137 131 140
22 173 141
168 17 142
116 57 143
43 198 144
194 178 145
133 168 146
44 10 147
101 138 148
9 133 149
193 130 150
42 76 151
22 17 152
85 109 153
88 184 154
83 156 155
71 184 156
54 137 157
172 46 158
114 191 159
122 21 160
87 177 161
20 23 162
198 169 163
88 97 164
192 145 165
147 91 166
128 11 167
190 169 168
122 2 169
57 18 170
178 103 171
70 38 172
192 125 173
174 169 174
122 79 175
120 67 176
159 18 177
105 30 178
60 137 179
70 120 180
150 161 181
183 86 182
164 157 183
22 67 184
45 161 185
24 30 186
156 5 187
167 191 188
64 15 189
90 45 190
157 74 191
190 150 192
188 80 193
65 180 194
171 73 195
79 129 196
168 121 197
45 107 198
93 17 199
160 34 200
64 148 201
3 180 202
122 158 203
46 112 204
1 186 205
124 169 206
18 14 207
53 21 208
193 131 209
148 152 210
96 36 211
54 108 212
197 58 213
164 160 214
55 77 215
138 84 216
84 16 217
29 74 218
178 57 219
4 189 220
76 185 221
180 85 222
46 144 223
41 85 224
74 127 225
45 125 226
94 140 227
104 112 228
120 44 229
17 126 230
163 88 231
135 175 232
14 127 233
6 11 234
41 79 235
73 149 236
147 120 237
112 198 238
150 13 239
27 68 240
161 102 241
60 59 242
42 103 243
88 185 244
123 53 245
135 4 246
157 9 247
58 137 248
65 72 249
127 87 250
144 127 251
113 157 252
31 85 253
73 123 254
131 22 255
94 145 256
123 149 257
109 187 258
59 113 259
109 17 260
19 27 261
69 66 262
119 56 263
15 143 264
133 67 265
40 61 266
134 85 267
11 1 268
27 101 269
191 106 270
193 19 271
80 169 272
50 191 273
175 38 274
75 119 275
135 108 276
193 124 277
171 129 278
25 7 279
13 58 280
79 138 281
54 195 282
147 36 283
180 105 284
3 57 285
19 198 286
4 104 287
43 5 288
102 166 289
97 162 290
18 56 291
125 143 292
144 172 293
120 142 294
91 84 295
79 130 296
116 171 297
7 35 298
70 150 299
151 120 300
19 153 301
107 200 302
75 179 303
150 98 304
130 170 305
106 97 306
44 116 307
101 123 308
166 148 309
164 159 310
171 119 311
186 98 312
101 183 313
125 140 314
111 5 315
65 88 316
73 129 317
27 103 318
83 69 319
71 129 320
30 170 321
197 79 322
190 160 323
14 152 324
53 107 325
169 142 326
160 152 327
60 138 328
194 191 329
124 176 330
184 118 331
127 197 332
96 197 333
172 85 334
37 91 335
122 156 336
195 89 337
117 50 338
7 47 339
124 14 340
115 167 341
186 58 342
97 152 343
82 23 344
117 21 345
158 59 346
128 52 347
36 152 348
30 28 349
65 111 350
6 135 351
100 81 352
186 38 353
28 37 354
41 185 355
42 164 356
86 168 357
163 28 358
188 32 359
147 70 360
112 89 361
199 2 362
180 52 363
51 143 364
168 113 365
98 172 366
49 73 367
1 37 368
71 12 369
4 107 370
150 191 371
91 67 372
75 116 373
118 93 374
20 126 375
183 63 376
192 33 377
104 178 378
66 52 379
49 187 380
185 83 381
49 87 382
31 92 383
181 132 384
139 108 385
101 147 386
172 57 387
78 94 388
153 134 389
162 191 390
131 11 391
129 182 392
64 21 393
123 47 394
33 187 395
110 117 396
101 109 397
30 57 398
190 12 399
70 53 400
144 38 401
155 174 402
188 57 403
149 138 404
190 32 405
6 20 406
162 115 407
102 165 408
107 84 409
95 149 410
21 27 411
99 26 412
109 182 413
140 152 414
84 56 415
74 75 416
150 138 417
91 155 418
135 47 419
146 16 420
61 168 421
15 153 422
199 157 423
50 165 424
101 98 425
70 8 426
45 44 427
40 33 428
150 121 429
5 171 430
27 2 431
63 14 432
6 89 433
190 67 434
42 30 435
111 38 436
22 68 437
91 115 438
127 75 439
102 12 440
176 51 441
176 4 442
85 65 443
74 82 444
100 171 445
144 75 446
188 62 447
148 73 448
5 132 449
141 105 450
19 22 451
171 150 452
123 6 453
109 95 454
24 139 455
15 65 456
5 10 457
93 148 458
37 10 459
130 3 460
134 50 461
57 29 462
90 41 463
1 121 464
99 87 465
99 161 466
41 163 467
140 87 468
126 92 469
8 160 470
165 90 471
91 100 472
73 66 473
64 171 474
157 64 475
173 61 476
137 169 477
117 61 478
38 157 479
107 122 480
188 98 481
48 193 482
75 34 483
47 144 484
58 145 485
190 185 486
136 15 487
117 70 488
13 193 489
197 99 490
67 195 491
148 154 492
183 182 493
168 78 494
185 59 495
59 131 496
22 138 497
125 134 498
109 53 499
1 143 500
116 97 501
194 110 502
4 17 503
25 155 504
185 49 505
147 169 506
74 36 507
111 95 508
111 93 509
200 153 510
11 165 511
50 64 512
26 33 513
70 72 514
114 117 515
167 77 516
191 129 517
54 180 518
189 195 519
133 16 520
29 158 521
160 171 522
173 90 523
194 6 524
68 136 525
163 143 526
16 168 527
61 158 528
137 106 529
197 77 530
36 76 531
164 50 532
136 197 533
181 144 534
110 128 535
105 20 536
20 72 537
84 1 538
41 40 539
167 177 540
57 56 541
163 98 542
52 150 543
128 72 544
189 118 545
33 15 546
106 108 547
13 77 548
164 37 549
187 166 550
174 48 551
140 12 552
116 36 553
168 98 554
70 67 555
187 199 556
104 88 557
185 26 558
109 116 559
62 43 560
114 133 561
83 126 562
43 149 563
83 28 564
95 83 565
164 98 566
30 164 567
43 150 568
197 182 569
148 29 570
146 21 571
91 27 572
3 28 573
75 189 574
144 79 575
134 95 576
172 177 577
130 52 578
136 183 579
175 147 580
158 130 581
84 94 582
97 187 583
152 127 584
162 48 585
61 47 586
165 54 587
71 79 588
82 159 589
79 85 590
137 166 591
96 95 592
123 88 593
9 130 594
48 190 595
119 166 596
31 165 597
71 89 598
133 169 599
171 168 600
83 171 601
198 152 602
190 53 603
170 174 604
9 161 605
35 19 606
170 1 607
29 27 608
124 195 609
119 17 610
69 48 611
60 103 612
141 199 613
90 39 614
30 81 615
140 21 616
161 193 617
141 1 618
14 139 619
10 174 620
65 170 621
21 2 622
141 42 623
76 38 624
195 120 625
63 153 626
130 62 627
18 117 628
9 81 629
153 113 630
41 43 631
50 59 632
19 71 633
195 43 634
43 31 635
169 153 636
181 79 637
37 61 638
183 45 639
62 129 640
124 9 641
187 186 642
99 114 643
193 70 644
197 16 645
134 27 646
140 164 647
26 34 648
193 6 649
35 133 650
98 50 651
54 120 652
139 26 653
175 92 654
137 36 655
101 56 656
134 187 657
195 155 658
82 34 659
11 64 660
156 73 661
32 65 662
132 3 663
84 17 664
4 62 665
125 58 666
26 83 667
73 54 668
200 182 669
126 177 670
126 189 671
131 169 672
13 12 673
80 181 674
165 73 675
147 144 676
52 65 677
150 90 678
153 133 679
122 1 680
6 125 681
12 169 682
39 97 683
194 103 684
45 20 685
55 144 686
50 29 687
118 142 688
74 130 689
68 57 690
24 170 691
164 67 692
138 66 693
142 173 694
36 41 695
94 18 696
114 76 697
200 106 698
171 97 699
14 23 700
135 99 701
52 151 702
117 162 703
145 54 704
93 152 705
73 134 706
27 95 707
83 14 708
139 190 709
111 50 710
125 170 711
94 200 712
11 16 713
176 118 714
175 117 715
182 184 716
43 93 717
116 135 718
135 182 719
58 63 720
187 93 721
58 70 722
139 135 723
32 12 724
141 198 725
153 197 726
98 114 727
79 56 728
199 31 729
191 200 730
112 169 731
155 122 732
190 158 733
162 36 734
58 116 735
64 16 736
133 30 737
117 111 738
86 65 739
114 29 740
5 50 741
99 191 742
171 139 743
23 59 744
130 78 745
44 149 746
156 185 747
62 37 748
6 159 749
131 87 750
41 77 751
118 171 752
72 55 753
81 1 754
19 167 755
59 68 756
190 38 757
52 92 758
198 90 759
129 177 760
35 187 761
65 191 762
40 4 763
85 94 764
196 171 765
190 88 766
47 197 767
185 36 768
82 4 769
152 161 770
160 185 771
192 13 772
59 111 773
99 38 774
30 200 775
130 104 776
80 108 777
151 5 778
131 105 779
168 151 780
105 127 781
125 142 782
108 176 783
15 179 784
11 43 785
57 48 786
50 115 787
9 123 788
196 142 789
183 131 790
58 78 791
79 160 792
14 58 793
67 29 794
10 184 795
33 155 796
195 78 797
109 193 798
13 47 799
82 117 800
42 54 801
73 24 802
119 177 803
67 123 804
33 144 805
167 16 806
99 187 807
86 149 808
197 124 809
108 93 810
184 178 811
154 31 812
67 172 813
113 128 814
145 22 815
103 139 816
88 103 817
67 13 818
192 74 819
60 62 820
16 171 821
115 161 822
94 60 823
38 145 824
133 197 825
103 167 826
71 46 827
94 193 828
116 94 829
186 60 830
95 50 831
79 152 832
19 29 833
1 72 834
28 133 835
98 33 836
190 13 837
16 120 838
19 173 839
137 11 840
123 99 841
199 103 842
46 153 843
8 79 844
114 90 845
26 107 846
120 29 847
194 35 848
40 64 849
163 21 850
157 77 851
131 148 852
140 115 853
133 127 854
168 173 855
98 105 856
88 189 857
43 111 858
91 36 859
87 111 860
192 177 861
92 152 862
53 104 863
189 197 864
167 87 865
105 19 866
94 38 867
137 61 868
67 144 869
150 116 870
62 72 871
8 152 872
187 87 873
27 102 874
48 105 875
191 26 876
77 188 877
69 104 878
163 91 879
146 126 880
175 122 881
56 9 882
76 12 883
134 62 884
5 172 885
110 78 886
97 161 887
93 10 888
164 101 889
1 46 890
33 128 891
152 105 892
83 191 893
70 39 894
128 27 895
154 110 896
65 198 897
49 55 898
121 91 899
31 73 900
124 91 901
29 4 902
58 37 903
18 97 904
14 74 905
125 12 906
24 186 907
39 71 908
155 11 909
114 40 910
144 69 911
103 69 912
79 38 913
122 128 914
147 128 915
115 175 916
199 124 917
189 131 918
30 191 919
187 71 920
106 105 921
157 153 922
161 107 923
117 133 924
191 86 925
139 194 926
13 110 927
83 36 928
126 47 929
200 90 930
70 82 931
9 171 932
49 167 933
200 129 934
121 137 935
51 159 936
183 59 937
86 188 938
119 150 939
104 20 940
47 102 941
98 95 942
98 117 943
79 154 944
28 159 945
182 85 946
39 128 947
101 82 948
10 182 949
132 107 950
112 96 951
41 169 952
30 136 953
81 167 954
59 184 955
50 38 956
29 175 957
190 68 958
21 16 959
190 191 960
181 109 961
181 37 962
60 29 963
110 17 964
81 2 965
185 2 966
93 101 967
51 58 968
18 65 969
5 34 970
95 20 971
117 153 972
95 143 973
186 79 974
124 101 975
104 24 976
173 67 977
147 62 978
100 42 979
157 1 980
29 79 981
169 181 982
195 100 983
75 136 984
62 66 985
175 19 986
79 13 987
171 39 988
136 135 989
115 122 990
79 86 991
33 129 992
114 45 993
108 119 994
178 37 995
148 58 996
44 187 997
120 118 998
155 52 999
66 115 1000
81 87 1001
108 136 1002
196 175 1003
46 85 1004
95 125 1005
177 6 1006
92 17 1007
7 190 1008
21 175 1009
156 159 1010
85 164 1011
99 45 1012
97 4 1013
18 193 1014
192 9 1015
50 133 1016
176 96 1017
126 184 1018
146 14 1019
73 163 1020
184 124 1021
142 94 1022
69 78 1023
63 47 1024
74 1 1025
107 147 1026
62 110 1027
55 13 1028
169 95 1029
96 2 1030
70 83 1031
21 177 1032
77 169 1033
141 137 1034
113 92 1035
195 66 1036
58 73 1037
159 59 1038
35 92 1039
80 102 1040
172 124 1041
1 45 1042
177 5 1043
67 82 1044
190 74 1045
80 153 1046
100 106 1047
79 106 1048
173 137 1049
119 11 1050
145 150 1051
80 21 1052
128 3 1053
14 173 1054
91 3 1055
21 190 1056
74 163 1057
195 198 1058
15 168 1059
35 128 1060
84 73 1061
158 115 1062
184 55 1063
65 136 1064
97 22 1065
33 152 1066
199 114 1067
56 12 1068
150 1 1069
116 194 1070
70 164 1071
137 158 1072
152 89 1073
123 64 1074
186 193 1075
34 69 1076
93 103 1077
152 181 1078
117 138 1079
121 144 1080
120 107 1081
86 30 1082
8 140 1083
197 83 1084
103 131 1085
57 15 1086
102 70 1087
59 89 1088
13 51 1089
122 110 1090
62 107 1091
161 60 1092
137 128 1093
8 47 1094
45 123 1095
58 168 1096
32 145 1097
4 143 1098
134 141 1099
75 10 1100
93 75 1101
30 115 1102
126 86 1103
145 57 1104
61 22 1105
155 100 1106
161 104 1107
181 137 1108
10 25 1109
183 22 1110
124 125 1111
161 118 1112
84 146 1113
123 141 1114
109 57 1115
178 73 1116
68 35 1117
36 169 1118
140 105 1119
143 57 1120
174 49 1121
14 21 1122
4 10 1123
191 184 1124
148 165 1125
189 159 1126
48 101 1127
143 188 1128
128 68 1129
2 180 1130
148 197 1131
116 190 1132
29 47 1133
137 176 1134
192 28 1135
14 157 1136
167 197 1137
195 167 1138
56 102 1139
48 49 1140
101 46 1141
59 125 1142
165 16 1143
86 31 1144
5 98 1145
155 107 1146
180 103 1147
85 159 1148
111 120 1149
119 197 1150
189 8 1151
50 66 1152
1 68 1153
147 131 1154
111 74 1155
131 154 1156
125 96 1157
56 200 1158
65 24 1159
115 56 1160
134 118 1161
134 144 1162
88 9 1163
139 152 1164
170 129 1165
49 45 1166
139 110 1167
94 32 1168
18 40 1169
199 18 1170
18 48 1171
136 138 1172
97 66 1173
54 93 1174
149 176 1175
70 90 1176
146 163 1177
72 130 1178
113 77 1179
49 140 1180
35 86 1181
91 198 1182
64 105 1183
9 6 1184
129 40 1185
165 80 1186
88 67 1187
46 57 1188
127 195 1189
9 150 1190
112 115 1191
152 60 1192
7 138 1193
14 69 1194
4 166 1195
88 1 1196
95 35 1197
119 86 1198
169 99 1199
172 129 1200
41 52 1201
154 151 1202
79 7 1203
134 66 1204
173 1 1205
73 78 1206
114 158 1207
87 157 1208
97 93 1209
103 47 1210
8 64 1211
121 98 1212
141 169 1213
197 152 1214
161 89 1215
33 10 1216
127 101 1217
73 150 1218
95 182 1219
54 167 1220
188 183 1221
59 155 1222
146 166 1223
175 176 1224
120 76 1225
138 126 1226
102 112 1227
3 71 1228
116 79 1229
95 131 1230
164 195 1231
94 143 1232
198 89 1233
14 193 1234
97 41 1235
137 10 1236
108 148 1237
187 142 1238
55 31 1239
92 21 1240
17 135 1241
19 32 1242
13 128 1243
177 136 1244
44 151 1245
44 168 1246
92 181 1247
6 155 1248
7 155 1249
86 159 1250
150 130 1251
35 149 1252
194 123 1253
68 151 1254
4 131 1255
146 35 1256
150 79 1257
124 54 1258
91 59 1259
169 32 1260
46 182 1261
138 175 1262
46 147 1263
106 91 1264
171 26 1265
194 137 1266
176 11 1267
68 146 1268
175 118 1269
2 77 1270
106 134 1271
3 107 1272
129 190 1273
18 37 1274
6 139 1275
89 42 1276
61 122 1277
26 181 1278
59 157 1279
12 43 1280
13 187 1281
198 121 1282
177 4 1283
139 130 1284
31 162 1285
50 15 1286
96 11 1287
160 133 1288
74 115 1289
147 137 1290
180 93 1291
120 1 1292
91 187 1293
69 67 1294
159 69 1295
163 25 1296
168 68 1297
198 174 1298
72 67 1299
103 66 1300
181 18 1301
147 55 1302
81 174 1303
62 79 1304
16 74 1305
159 127 1306
187 110 1307
89 62 1308
64 61 1309
170 46 1310
180 199 1311
26 55 1312
178 159 1313
99 113 1314
82 141 1315
18 7 1316
64 30 1317
138 129 1318
96 143 1319
117 90 1320
171 85 1321
196 23 1322
11 49 1323
65 89 1324
98 52 1325
178 111 1326
56 189 1327
183 52 1328
115 186 1329
28 199 1330
118 116 1331
72 3 1332
175 197 1333
164 75 1334
120 143 1335
173 126 1336
194 40 1337
41 16 1338
140 3 1339
160 21 1340
33 153 1341
100 50 1342
98 187 1343
192 4 1344
197 5 1345
3 95 1346
166 133 1347
72 195 1348
157 193 1349
166 196 1350
63 171 1351
80 124 1352
1 158 1353
151 32 1354
88 66 1355
160 111 1356
160 179 1357
10 192 1358
200 12 1359
19 91 1360
172 176 1361
32 172 1362
151 150 1363
78 111 1364
27 158 1365
42 32 1366
107 169 1367
125 191 1368
14 55 1369
121 34 1370
169 173 1371
29 28 1372
54 95 1373
185 130 1374
116 142 1375
180 128 1376
157 18 1377
20 181 1378
191 141 1379
142 149 1380
182 76 1381
73 109 1382
156 56 1383
72 167 1384
3 110 1385
71 192 1386
8 154 1387
4 154 1388
118 9 1389
117 194 1390
108 53 1391
92 176 1392
76 124 1393
195 18 1394
4 190 1395
20 25 1396
197 56 1397
62 42 1398
81 41 1399
136 109 1400
131 89 1401
177 200 1402
66 90 1403
47 165 1404
66 33 1405
40 199 1406
191 103 1407
117 53 1408
103 200 1409
159 141 1410
177 85 1411
177 84 1412
36 108 1413
138 171 1414
77 164 1415
167 116 1416
24 95 1417
127 187 1418
33 137 1419
81 107 1420
171 153 1421
165 187 1422
144 77 1423
151 107 1424
160 137 1425
42 151 1426
48 102 1427
114 1 1428
74 38 1429
55 156 1430
25 114 1431
192 55 1432
124 185 1433
85 140 1434
87 60 1435
62 131 1436
91 127 1437
91 43 1438
197 82 1439
43 147 1440
140 177 1441
198 149 1442
27 105 1443
51 165 1444
126 95 1445
9 36 1446
71 48 1447
132 88 1448
191 9 1449
20 183 1450
59 13 1451
47 130 1452
64 1 1453
124 63 1454
147 140 1455
199 125 1456
174 102 1457
34 148 1458
85 45 1459
87 126 1460
192 64 1461
116 126 1462
77 48 1463
187 154 1464
87 195 1465
2 116 1466
96 141 1467
172 159 1468
151 109 1469
47 36 1470
54 3 1471
196 200 1472
22 168 1473
103 52 1474
197 18 1475
26 129 1476
161 81 1477
162 113 1478
115 77 1479
28 127 1480
109 100 1481
113 70 1482
87 43 1483
104 23 1484
127 4 1485
181 178 1486
59 8 1487
119 57 1488
163 176 1489
135 20 1490
185 22 1491
168 30 1492
155 127 1493
34 199 1494
30 160 1495
176 189 1496
46 111 1497
160 131 1498
181 42 1499
15 52 1500
26 142 1501
34 52 1502
67 12 1503
27 62 1504
9 63 1505
11 87 1506
107 16 1507
103 127 1508
151 121 1509
92 55 1510
85 82 1511
31 155 1512
52 123 1513
192 189 1514
96 199 1515
196 91 1516
60 123 1517
188 40 1518
87 42 1519
89 26 1520
42 136 1521
186 93 1522
71 185 1523
143 21 1524
18 119 1525
168 27 1526
41 38 1527
183 46 1528
65 44 1529
43 101 1530
57 32 1531
41 72 1532
103 105 1533
106 147 1534
87 14 1535
162 120 1536
38 29 1537
180 19 1538
183 89 1539
108 144 1540
34 43 1541
61 90 1542
81 123 1543
85 20 1544
24 146 1545
15 78 1546
3 4 1547
9 163 1548
110 195 1549
165 58 1550
95 18 1551
79 177 1552
2 152 1553
47 181 1554
119 107 1555
16 13 1556
114 15 1557
6 22 1558
23 86 1559
18 106 1560
147 149 1561
134 200 1562
33 135 1563
46 73 1564
22 197 1565
139 197 1566
118 73 1567
54 39 1568
93 126 1569
127 184 1570
87 54 1571
168 46 1572
70 112 1573
140 93 1574
119 200 1575
160 43 1576
94 159 1577
197 131 1578
110 166 1579
86 69 1580
115 172 1581
155 139 1582
112 38 1583
94 83 1584
188 60 1585
95 88 1586
63 65 1587
159 2 1588
94 150 1589
8 111 1590
143 85 1591
174 12 1592
174 178 1593
119 149 1594
113 174 1595
115 13 1596
114 36 1597
17 154 1598
92 177 1599
174 132 1600
6 51 1601
142 124 1602
42 39 1603
88 183 1604
24 138 1605
171 158 1606
152 142 1607
198 138 1608
171 152 1609
81 99 1610
180 61 1611
45 142 1612
62 95 1613
135 34 1614
104 183 1615
23 72 1616
146 184 1617
21 11 1618
59 196 1619
58 174 1620
11 95 1621
170 3 1622
98 51 1623
190 149 1624
105 128 1625
1 151 1626
58 130 1627
25 118 1628
163 76 1629
85 121 1630
42 49 1631
172 16 1632
82 36 1633
5 26 1634
36 28 1635
166 66 1636
41 99 1637
167 32 1638
19 67 1639
80 32 1640
25 108 1641
8 33 1642
118 197 1643
137 45 1644
100 152 1645
61 121 1646
113 187 1647
33 5 1648
81 23 1649
87 128 1650
89 82 1651
22 160 1652
18 135 1653
178 116 1654
46 81 1655
67 38 1656
40 88 1657
48 139 1658
45 75 1659
55 68 1660
17 111 1661
170 37 1662
2 89 1663
68 195 1664
32 47 1665
52 10 1666
167 59 1667
163 192 1668
100 44 1669
139 98 1670
29 25 1671
48 130 1672
135 110 1673
157 138 1674
84 3 1675
15 21 1676
119 192 1677
47 184 1678
140 81 1679
158 4 1680
183 146 1681
125 183 1682
117 115 1683
184 144 1684
21 102 1685
163 95 1686
76 37 1687
154 117 1688
45 24 1689
180 158 1690
132 54 1691
95 159 1692
30 72 1693
167 154 1694
119 16 1695
70 168 1696
73 33 1697
185 196 1698
149 106 1699
52 81 1700
6 104 1701
176 81 1702
36 84 1703
98 122 1704
141 166 1705
82 48 1706
2 49 1707
178 27 1708
5 146 1709
70 51 1710
29 58 1711
176 130 1712
80 14 1713
161 148 1714
32 83 1715
192 56 1716
59 15 1717
127 79 1718
18 163 1719
73 126 1720
161 27 1721
104 66 1722
153 43 1723
155 49 1724
155 136 1725
27 147 1726
37 156 1727
78 101 1728
149 173 1729
105 8 1730
158 5 1731
199 142 1732
148 8 1733
45 159 1734
36 43 1735
110 146 1736
80 192 1737
43 35 1738
24 161 1739
191 96 1740
88 73 1741
43 42 1742
26 137 1743
35 13 1744
16 6 1745
85 156 1746
50 143 1747
15 122 1748
143 131 1749
170 164 1750
195 46 1751
194 26 1752
166 151 1753
61 41 1754
135 2 1755
3 182 1756
106 31 1757
196 163 1758
81 147 1759
135 141 1760
7 102 1761
60 121 1762
159 99 1763
46 37 1764
86 196 1765
120 27 1766
149 62 1767
75 79 1768
79 193 1769
178 92 1770
56 111 1771
77 128 1772
151 198 1773
162 155 1774
158 25 1775
50 52 1776
38 64 1777
93 173 1778
76 30 1779
40 135 1780
117 86 1781
32 119 1782
14 192 1783
182 178 1784
50 158 1785
35 166 1786
115 96 1787
55 158 1788
89 160 1789
175 8 1790
91 48 1791
135 147 1792
39 51 1793
74 56 1794
167 165 1795
88 29 1796
76 132 1797
31 198 1798
29 172 1799
1 177 1800
81 125 1801
48 154 1802
109 41 1803
167 130 1804
175 94 1805
62 53 1806
58 33 1807
29 170 1808
25 133 1809
74 198 1810
163 139 1811
82 108 1812
160 154 1813
127 120 1814
119 60 1815
19 117 1816
148 32 1817
112 34 1818
163 170 1819
166 114 1820
110 96 1821
11 81 1822
145 188 1823
51 56 1824
68 38 1825
190 29 1826
64 182 1827
52 164 1828
133 39 1829
162 175 1830
180 148 1831
192 127 1832
130 147 1833
88 135 1834
52 58 1835
200 141 1836
35 140 1837
94 105 1838
114 72 1839
185 87 1840
63 69 1841
137 108 1842
56 86 1843
156 62 1844
33 103 1845
163 129 1846
58 46 1847
126 52 1848
71 108 1849
170 153 1850
170 188 1851
181 72 1852
120 99 1853
65 14 1854
115 146 1855
134 39 1856
131 97 1857
136 3 1858
73 61 1859
96 91 1860
69 120 1861
37 107 1862
180 178 1863
8 11 1864
143 46 1865
169 82 1866
144 92 1867
163 173 1868
168 189 1869
121 25 1870
161 61 1871
1 56 1872
185 86 1873
132 18 1874
164 107 1875
96 22 1876
60 171 1877
120 81 1878
198 155 1879
147 50 1880
63 25 1881
51 154 1882
93 114 1883
121 27 1884
29 113 1885
179 82 1886
173 156 1887
14 159 1888
156 114 1889
77 80 1890
7 176 1891
95 138 1892
159 150 1893
101 107 1894
177 185 1895
154 100 1896
9 168 1897
58 133 1898
139 29 1899
59 61 1900
102 38 1901
103 65 1902
73 173 1903
188 139 1904
86 120 1905
75 122 1906
7 67 1907
68 177 1908
164 83 1909
43 25 1910
10 116 1911
95 121 1912
90 55 1913
11 38 1914
49 91 1915
73 131 1916
63 84 1917
75 125 1918
45 31 1919
190 19 1920
158 82 1921
23 35 1922
12 160 1923
134 198 1924
172 96 1925
168 45 1926
71 42 1927
80 164 1928
10 100 1929
22 133 1930
106 125 1931
196 129 1932
111 197 1933
106 190 1934
145 174 1935
133 123 1936
124 137 1937
82 194 1938
5 162 1939
91 51 1940
95 150 1941
61 135 1942
149 54 1943
138 111 1944
97 14 1945
113 177 1946
37 161 1947
75 12 1948
49 98 1949
154 72 1950
32 86 1951
1 166 1952
132 161 1953
132 103 1954
15 188 1955
57 138 1956
51 27 1957
138 92 1958
186 119 1959
54 134 1960
56 93 1961
1 94 1962
48 108 1963
187 16 1964
83 121 1965
198 84 1966
44 176 1967
53 35 1968
45 138 1969
35 100 1970
192 52 1971
190 96 1972
188 198 1973
111 129 1974
147 52 1975
68 149 1976
70 59 1977
184 151 1978
136 150 1979
150 163 1980
180 33 1981
19 46 1982
152 184 1983
9 70 1984
170 160 1985
165 124 1986
138 89 1987
154 27 1988
18 8 1989
172 8 1990
85 128 1991
155 181 1992
49 192 1993
103 166 1994
17 115 1995
45 27 1996
139 12 1997
11 99 1998
119 191 1999
66 161 2000
11 141 2001
156 93 2002
190 66 2003
198 21 2004
61 195 2005
83 141 2006
174 36 2007
56 146 2008
189 162 2009
124 104 2010
123 66 2011
121 175 2012
187 31 2013
193 25 2014
141 122 2015
113 6 2016
24 200 2017
4 58 2018
162 77 2019
188 133 2020
44 179 2021
5 160 2022
121 164 2023
185 4 2024
15 169 2025
91 183 2026
45 115 2027
49 149 2028
61 157 2029
37 194 2030
147 44 2031
164 11 2032
99 52 2033
43 97 2034
26 43 2035
44 195 2036
17 177 2037
95 162 2038
39 181 2039
133 193 2040
57 111 2041
118 75 2042
187 138 2043
49 188 2044
198 76 2045
57 74 2046
112 11 2047
27 160 2048
153 16 2049
82 131 2050
143 93 2051
161 162 2052
52 173 2053
5 198 2054
172 19 2055
100 144 2056
90 84 2057
30 103 2058
5 24 2059
175 181 2060
128 75 2061
15 74 2062
6 44 2063
2 171 2064
193 30 2065
190 175 2066
172 93 2067
68 24 2068
34 176 2069
39 172 2070
147 150 2071
124 5 2072
90 110 2073
61 143 2074
83 117 2075
91 168 2076
1 73 2077
10 110 2078
152 131 2079
110 188 2080
101 89 2081
33 100 2082
56 24 2083
145 195 2084
35 41 2085
185 103 2086
58 32 2087
110 55 2088
155 109 2089
35 48 2090
143 182 2091
124 38 2092
132 120 2093
191 152 2094
176 180 2095
53 51 2096
146 143 2097
118 125 2098
129 130 2099
127 9 2100
37 123 2101
129 63 2102
9 198 2103
112 84 2104
6 2 2105
142 170 2106
29 150 2107
19 11 2108
74 7 2109
200 18 2110
110 70 2111
184 22 2112
33 108 2113
71 169 2114
3 86 2115
71 59 2116
66 60 2117
57 191 2118
174 115 2119
3 47 2120
86 7 2121
36 159 2122
146 197 2123
105 4 2124
53 8 2125
184 87 2126
132 156 2127
14 187 2128
127 60 2129
200 4 2130
194 186 2131
185 183 2132
7 165 2133
70 146 2134
24 160 2135
50 108 2136
45 113 2137
13 145 2138
7 72 2139
42 186 2140
164 141 2141
52 8 2142
176 15 2143
140 25 2144
95 23 2145
50 7 2146
10 148 2147
148 104 2148
91 71 2149
95 140 2150
64 89 2151
36 194 2152
41 168 2153
46 157 2154
43 28 2155
112 175 2156
58 39 2157
192 111 2158
87 138 2159
34 103 2160
182 88 2161
169 130 2162
34 159 2163
178 101 2164
149 12 2165
66 65 2166
39 13 2167
70 75 2168
168 37 2169
14 147 2170
178 144 2171
141 29 2172
138 54 2173
47 105 2174
21 78 2175
196 40 2176
56 131 2177
116 161 2178
22 58 2179
162 37 2180
198 4 2181
58 98 2182
139 3 2183
3 188 2184
162 93 2185
182 40 2186
200 48 2187
152 74 2188
116 69 2189
11 50 2190
200 142 2191
183 154 2192
189 185 2193
136 111 2194
128 53 2195
123 38 2196
132 84 2197
124 179 2198
70 141 2199
154 47 2200
40 198 2201
82 110 2202
96 82 2203
154 197 2204
19 101 2205
115 62 2206
83 188 2207
5 73 2208
32 91 2209
23 100 2210
179 200 2211
69 157 2212
34 92 2213
164 149 2214
193 175 2215
87 77 2216
50 132 2217
175 145 2218
16 76 2219
101 169 2220
63 197 2221
125 130 2222
194 149 2223
1 126 2224
47 145 2225
198 55 2226
181 164 2227
68 83 2228
157 92 2229
53 172 2230
113 122 2231
48 44 2232
170 18 2233
5 15 2234
73 82 2235
139 116 2236
190 55 2237
23 195 2238
26 25 2239
80 139 2240
140 65 2241
104 134 2242
71 98 2243
41 147 2244
29 52 2245
124 70 2246
142 176 2247
60 151 2248
127 100 2249
160 87 2250
64 129 2251
125 7 2252
22 43 2253
179 103 2254
136 105 2255
26 143 2256
17 67 2257
114 173 2258
84 45 2259
58 161 2260
85 47 2261
130 175 2262
1 102 2263
30 65 2264
123 76 2265
168 57 2266
37 43 2267
49 66 2268
97 136 2269
106 181 2270
38 90 2271
59 163 2272
13 166 2273
73 192 2274
94 135 2275
176 183 2276
16 116 2277
117 36 2278
126 22 2279
83 109 2280
51 198 2281
118 195 2282
65 194 2283
157 47 2284
96 100 2285
107 130 2286
127 124 2287
97 135 2288
136 16 2289
97 119 2290
85 80 2291
118 139 2292
195 25 2293
51 49 2294
48 17 2295
12 101 2296
105 158 2297
156 42 2298
85 132 2299
136 39 2300
71 25 2301
72 170 2302
19 5 2303
148 137 2304
142 47 2305
154 49 2306
136 178 2307
86 87 2308
13 109 2309
142 178 2310
68 51 2311
96 75 2312
91 161 2313
100 197 2314
48 125 2315
129 25 2316
108 159 2317
106 126 2318
49 159 2319
26 160 2320
194 1 2321
51 180 2322
124 118 2323
91 128 2324
170 33 2325
2 130 2326
55 20 2327
134 49 2328
32 63 2329
151 84 2330
104 113 2331
160 174 2332
191 55 2333
187 73 2334
123 80 2335
73 3 2336
138 131 2337
103 161 2338
13 194 2339
106 5 2340
100 121 2341
143 174 2342
26 189 2343
78 77 2344
142 39 2345
1 136 2346
104 47 2347
12 66 2348
140 166 2349
125 155 2350
129 140 2351
159 183 2352
181 123 2353
190 75 2354
125 105 2355
123 152 2356
158 63 2357
51 160 2358
86 5 2359
118 54 2360
78 22 2361
8 173 2362
1 163 2363
111 103 2364
40 2 2365
100 112 2366
182 127 2367
93 50 2368
192 195 2369
130 73 2370
191 90 2371
3 113 2372
13 80 2373
38 138 2374
140 193 2375
151 132 2376
76 29 2377
105 63 2378
59 171 2379
125 26 2380
108 183 2381
44 180 2382
88 144 2383
63 61 2384
106 53 2385
6 5 2386
148 141 2387
23 29 2388
92 51 2389
94 5 2390
15 69 2391
102 81 2392
96 196 2393
144 136 2394
119 101 2395
85 141 2396
104 103 2397
30 38 2398
90 119 2399
187 82 2400
154 164 2401
172 146 2402
32 31 2403
27 35 2404
60 115 2405
98 166 2406
157 51 2407
63 83 2408
32 81 2409
11 161 2410
125 115 2411
23 179 2412
143 31 2413
45 97 2414
9 188 2415
133 156 2416
101 141 2417
110 12 2418
5 52 2419
2 136 2420
108 166 2421
44 137 2422
77 60 2423
102 199 2424
197 53 2425
71 81 2426
96 103 2427
61 71 2428
147 92 2429
73 179 2430
80 199 2431
114 155 2432
159 40 2433
105 157 2434
92 168 2435
6 15 2436
3 27 2437
133 69 2438
86 92 2439
144 43 2440
31 33 2441
143 39 2442
175 96 2443
196 103 2444
104 97 2445
152 177 2446
176 147 2447
175 59 2448
144 51 2449
142 117 2450
12 33 2451
180 151 2452
200 130 2453
30 98 2454
95 79 2455
102 104 2456
141 12 2457
199 5 2458
119 12 2459
35 141 2460
141 118 2461
187 102 2462
44 127 2463
108 99 2464
108 160 2465
52 102 2466
82 181 2467
70 162 2468
182 150 2469
55 3 2470
88 41 2471
151 99 2472
197 168 2473
196 111 2474
58 136 2475
77 31 2476
2 76 2477
153 13 2478
165 29 2479
153 173 2480
89 11 2481
20 43 2482
115 70 2483
135 153 2484
24 159 2485
99 181 2486
137 161 2487
35 165 2488
72 81 2489
186 85 2490
145 104 2491
9 83 2492
113 82 2493
170 111 2494
151 7 2495
21 138 2496
116 88 2497
196 37 2498
74 8 2499
124 190 2500
181 57 2501
68 41 2502
108 35 2503
140 117 2504
136 132 2505
105 16 2506
46 189 2507
128 8 2508
112 95 2509
159 39 2510
135 160 2511
117 128 2512
32 140 2513
6 27 2514
196 34 2515
172 62 2516
184 145 2517
91 148 2518
19 143 2519
76 165 2520
178 80 2521
65 155 2522
91 177 2523
33 132 2524
128 141 2525
18 156 2526
195 98 2527
161 151 2528
191 36 2529
178 176 2530
45 116 2531
11 170 2532
98 154 2533
101 155 2534
197 60 2535
98 39 2536
12 97 2537
87 178 2538
95 40 2539
29 124 2540
21 69 2541
126 158 2542
82 76 2543
135 37 2544
131 27 2545
27 198 2546
136 23 2547
180 77 2548
198 108 2549
68 2 2550
32 118 2551
197 116 2552
22 56 2553
97 2 2554
173 5 2555
143 35 2556
99 7 2557
177 141 2558
27 156 2559
177 189 2560
195 19 2561
170 98 2562
117 155 2563
198 3 2564
142 197 2565
109 30 2566
154 198 2567
132 137 2568
143 65 2569
155 192 2570
37 16 2571
113 160 2572
77 67 2573
155 129 2574
95 103 2575
189 121 2576
59 42 2577
173 177 2578
76 188 2579
10 158 2580
148 71 2581
128 51 2582
170 137 2583
93 149 2584
153 132 2585
8 155 2586
168 159 2587
118 113 2588
127 190 2589
24 60 2590
111 21 2591
176 16 2592
160 148 2593
42 194 2594
90 194 2595
157 65 2596
24 162 2597
29 83 2598
104 188 2599
39 112 2600
77 39 2601
78 35 2602
162 179 2603
166 162 2604
143 81 2605
191 89 2606
165 113 2607
94 154 2608
181 84 2609
28 124 2610
193 163 2611
158 36 2612
197 196 2613
184 32 2614
71 90 2615
125 110 2616
117 87 2617
192 130 2618
158 160 2619
116 137 2620
4 52 2621
175 168 2622
4 11 2623
17 140 2624
28 121 2625
167 68 2626
28 166 2627
101 87 2628
95 85 2629
134 70 2630
188 155 2631
116 65 2632
109 66 2633
108 19 2634
11 40 2635
3 35 2636
56 148 2637
172 99 2638
14 84 2639
88 54 2640
186 177 2641
193 190 2642
197 45 2643
50 57 2644
20 84 2645
167 175 2646
113 91 2647
126 91 2648
28 44 2649
92 137 2650
28 6 2651
167 150 2652
165 24 2653
149 2 2654
89 105 2655
147 108 2656
82 143 2657
64 185 2658
87 116 2659
150 114 2660
95 194 2661
177 62 2662
166 68 2663
37 9 2664
52 125 2665
63 11 2666
40 34 2667
91 170 2668
77 179 2669
74 59 2670
166 36 2671
137 105 2672
173 106 2673
24 143 2674
169 194 2675
151 90 2676
102 34 2677
85 176 2678
142 154 2679
28 98 2680
168 124 2681
177 96 2682
4 21 2683
178 100 2684
98 4 2685
160 103 2686
141 126 2687
96 41 2688
48 157 2689
169 96 2690
58 167 2691
58 24 2692
187 75 2693
79 198 2694
118 99 2695
99 57 2696
180 122 2697
133 64 2698
189 198 2699
25 147 2700
133 61 2701
190 187 2702
184 40 2703
124 68 2704
74 177 2705
166 132 2706
105 114 2707
102 93 2708
27 64 2709
105 193 2710
22 193 2711
23 70 2712
43 199 2713
111 135 2714
112 147 2715
79 111 2716
165 183 2717
131 41 2718
41 190 2719
124 130 2720
75 178 2721
187 173 2722
84 163 2723
147 29 2724
97 10 2725
77 40 2726
19 129 2727
66 5 2728
33 39 2729
152 38 2730
140 57 2731
130 97 2732
182 53 2733
45 57 2734
104 110 2735
16 69 2736
63 126 2737
4 19 2738
98 62 2739
167 98 2740
158 70 2741
17 170 2742
102 157 2743
170 178 2744
162 84 2745
184 20 2746
114 88 2747
26 114 2748
104 34 2749
25 89 2750
192 152 2751
178 74 2752
128 167 2753
109 54 2754
67 181 2755
87 95 2756
192 169 2757
41 130 2758
5 126 2759
6 3 2760
192 190 2761
184 187 2762
110 130 2763
19 23 2764
56 40 2765
191 142 2766
91 151 2767
142 11 2768
143 67 2769
159 129 2770
183 112 2771
158 146 2772
141 52 2773
35 142 2774
129 198 2775
101 136 2776
34 91 2777
91 41 2778
50 75 2779
142 121 2780
122 108 2781
94 149 2782
199 191 2783
156 46 2784
195 150 2785
41 158 2786
54 27 2787
177 37 2788
163 70 2789
103 8 2790
156 148 2791
56 47 2792
12 46 2793
82 120 2794
27 33 2795
161 147 2796
91 60 2797
78 188 2798
194 56 2799
195 169 2800
125 38 2801
72 156 2802
15 43 2803
21 34 2804
155 178 2805
113 194 2806
3 41 2807
119 156 2808
97 20 2809
182 117 2810
31 113 2811
87 148 2812
2 72 2813
138 15 2814
72 112 2815
47 67 2816
150 154 2817
68 95 2818
182 35 2819
155 200 2820
30 9 2821
83 50 2822
72 153 2823
4 167 2824
20 121 2825
116 14 2826
6 60 2827
128 151 2828
180 49 2829
178 196 2830
127 194 2831
24 188 2832
62 142 2833
188 182 2834
140 83 2835
78 124 2836
48 14 2837
58 191 2838
57 102 2839
15 132 2840
45 191 2841
97 19 2842
133 4 2843
182 157 2844
17 47 2845
82 54 2846
128 5 2847
171 102 2848
30 174 2849
48 171 2850
38 28 2851
56 7 2852
38 46 2853
117 48 2854
89 81 2855
106 180 2856
114 85 2857
138 35 2858
69 182 2859
177 143 2860
54 106 2861
65 41 2862
79 109 2863
158 108 2864
40 193 2865
126 64 2866
101 126 2867
51 197 2868
197 74 2869
105 40 2870
154 36 2871
108 173 2872
141 84 2873
10 149 2874
22 104 2875
74 102 2876
95 31 2877
143 110 2878
24 167 2879
39 101 2880
106 29 2881
77 192 2882
37 134 2883
101 47 2884
175 2 2885
8 77 2886
106 6 2887
47 58 2888
77 119 2889
163 63 2890
51 117 2891
141 168 2892
16 128 2893
9 23 2894
188 142 2895
186 125 2896
170 136 2897
58 109 2898
180 84 2899
164 56 2900
70 11 2901
172 80 2902
32 17 2903
94 34 2904
30 32 2905
74 88 2906
54 7 2907
28 71 2908
64 119 2909
122 105 2910
28 45 2911
50 27 2912
132 70 2913
155 45 2914
70 19 2915
181 86 2916
61 145 2917
3 105 2918
70 78 2919
48 55 2920
84 186 2921
197 85 2922
198 26 2923
23 12 2924
137 32 2925
59 38 2926
51 156 2927
72 10 2928
65 58 2929
194 101 2930
80 24 2931
94 26 2932
200 49 2933
134 36 2934
134 146 2935
61 97 2936
54 31 2937
24 20 2938
175 50 2939
164 137 2940
29 17 2941
128 132 2942
129 135 2943
86 131 2944
106 140 2945
184 192 2946
52 33 2947
133 183 2948
144 182 2949
184 142 2950
197 10 2951
4 60 2952
124 131 2953
162 129 2954
114 145 2955
198 17 2956
109 194 2957
198 131 2958
45 3 2959
147 84 2960
57 180 2961
15 197 2962
4 153 2963
25 104 2964
25 19 2965
27 104 2966
138 144 2967
39 186 2968
12 20 2969
176 168 2970
122 56 2971
109 46 2972
199 68 2973
168 147 2974
93 22 2975
83 79 2976
50 22 2977
160 63 2978
116 122 2979
184 135 2980
89 120 2981
22 120 2982
157 103 2983
182 15 2984
76 56 2985
15 146 2986
144 12 2987
80 103 2988
9 62 2989
130 68 2990
149 22 2991
5 123 2992
61 164 2993
180 190 2994
119 10 2995
169 17 2996
139 124 2997
194 119 2998
161 176 2999
23 78 3000
174 4 3001
110 59 3002
141 55 3003
53 183 3004
47 179 3005
78 114 3006
111 133 3007
86 37 3008
22 100 3009
145 35 3010
164 69 3011
120 167 3012
140 167 3013
83 161 3014
172 118 3015
129 72 3016
122 71 3017
44 154 3018
187 139 3019
199 61 3020
51 163 3021
161 134 3022
163 145 3023
98 138 3024
124 36 3025
105 76 3026
118 31 3027
39 1 3028
181 182 3029
113 139 3030
42 122 3031
142 28 3032
167 199 3033
24 181 3034
27 190 3035
148 24 3036
163 94 3037
61 105 3038
93 196 3039
83 59 3040
83 60 3041
190 61 3042
200 190 3043
133 173 3044
61 9 3045
70 76 3046
17 99 3047
196 81 3048
124 61 3049
191 64 3050
98 76 3051
186 82 3052
168 13 3053
25 88 3054
78 167 3055
164 182 3056
186 158 3057
146 1 3058
42 173 3059
147 119 3060
120 97 3061
139 181 3062
41 181 3063
37 80 3064
193 97 3065
139 158 3066
23 156 3067
199 81 3068
23 50 3069
15 192 3070
155 23 3071
6 132 3072
101 121 3073
44 39 3074
27 81 3075
158 88 3076
91 85 3077
165 174 3078
105 183 3079
72 19 3080
50 155 3081
6 124 3082
154 172 3083
126 3 3084
146 175 3085
54 30 3086
181 194 3087
182 47 3088
65 119 3089
146 10 3090
138 197 3091
63 187 3092
51 93 3093
81 44 3094
99 6 3095
199 30 3096
78 62 3097
111 156 3098
158 194 3099
105 112 3100
36 192 3101
19 44 3102
36 53 3103
84 140 3104
8 179 3105
73 51 3106
24 132 3107
173 44 3108
8 17 3109
166 200 3110
133 89 3111
15 174 3112
107 11 3113
24 171 3114
92 192 3115
82 146 3116
74 11 3117
170 99 3118
127 102 3119
65 19 3120
31 178 3121
180 186 3122
129 70 3123
165 139 3124
140 136 3125
134 169 3126
88 16 3127
116 28 3128
24 87 3129
14 49 3130
133 187 3131
141 194 3132
171 157 3133
88 46 3134
147 165 3135
46 26 3136
194 64 3137
194 154 3138
170 116 3139
167 34 3140
105 34 3141
181 138 3142
29 198 3143
75 58 3144
136 29 3145
28 114 3146
31 168 3147
125 29 3148
159 126 3149
49 164 3150
8 58 3151
69 143 3152
126 43 3153
135 29 3154
39 68 3155
158 89 3156
12 70 3157
53 157 3158
72 140 3159
38 86 3160
133 120 3161
68 78 3162
80 174 3163
179 113 3164
50 10 3165
64 99 3166
12 143 3167
109 87 3168
187 157 3169
21 47 3170
162 133 3171
63 13 3172
140 163 3173
86 67 3174
120 61 3175
58 97 3176
96 134 3177
124 141 3178
13 137 3179
80 129 3180
59 1 3181
80 35 3182
13 10 3183
38 54 3184
14 17 3185
196 76 3186
109 129 3187
178 112 3188
61 62 3189
48 53 3190
99 156 3191
172 100 3192
132 30 3193
170 171 3194
200 185 3195
58 82 3196
23 183 3197
45 5 3198
73 166 3199
73 98 3200
59 129 3201
180 108 3202
130 11 3203
18 85 3204
161 29 3205
127 67 3206
80 109 3207
77 74 3208
145 3 3209
151 174 3210
139 167 3211
48 68 3212
83 51 3213
176 129 3214
180 162 3215
66 30 3216
96 58 3217
104 62 3218
140 75 3219
21 124 3220
161 55 3221
186 68 3222
160 37 3223
150 109 3224
155 134 3225
180 89 3226
58 103 3227
151 86 3228
137 16 3229
129 89 3230
194 136 3231
110 140 3232
52 19 3233
60 128 3234
24 91 3235
153 22 3236
42 200 3237
113 87 3238
88 3 3239
125 61 3240
48 54 3241
187 159 3242
13 180 3243
187 28 3244
83 92 3245
153 158 3246
92 36 3247
19 26 3248
65 165 3249
152 25 3250
83 128 3251
13 139 3252
33 178 3253
132 167 3254
89 69 3255
68 13 3256
146 152 3257
22 2 3258
109 75 3259
53 100 3260
178 106 3261
186 165 3262
162 156 3263
131 40 3264
147 191 3265
164 34 3266
185 138 3267
51 54 3268
97 21 3269
35 171 3270
27 182 3271
8 38 3272
188 89 3273
10 131 3274
60 192 3275
72 155 3276
128 28 3277
47 31 3278
184 109 3279
2 28 3280
77 46 3281
17 155 3282
99 116 3283
174 146 3284
7 41 3285
184 56 3286
139 60 3287
14 158 3288
59 53 3289
61 166 3290
163 8 3291
97 95 3292
135 156 3293
122 64 3294
61 51 3295
151 31 3296
124 107 3297
39 2 3298
30 89 3299
55 21 3300
107 13 3301
140 33 3302
39 49 3303
141 150 3304
6 69 3305
117 3 3306
6 147 3307
80 142 3308
155 187 3309
129 188 3310
175 172 3311
114 32 3312
154 144 3313
103 102 3314
156 163 3315
19 43 3316
89 115 3317
182 54 3318
184 24 3319
114 168 3320
164 18 3321
56 92 3322
196 28 3323
33 77 3324
194 57 3325
159 5 3326
6 29 3327
115 128 3328
120 121 3329
76 8 3330
181 148 3331
198 1 3332
54 61 3333
160 159 3334
60 27 3335
101 60 3336
101 115 3337
139 159 3338
198 61 3339
84 173 3340
168 135 3341
95 94 3342
3 90 3343
30 150 3344
76 151 3345
114 58 3346
45 112 3347
104 100 3348
17 25 3349
28 169 3350
39 21 3351
73 79 3352
129 50 3353
110 155 3354
106 118 3355
124 163 3356
29 39 3357
110 54 3358
190 109 3359
135 170 3360
193 116 3361
187 51 3362
88 13 3363
192 61 3364
43 69 3365
167 190 3366
162 96 3367
84 188 3368
58 42 3369
109 115 3370
6 118 3371
93 32 3372
30 20 3373
53 24 3374
41 87 3375
85 57 3376
77 177 3377
141 121 3378
90 140 3379
39 7 3380
64 140 3381
36 125 3382
112 36 3383
126 185 3384
61 182 3385
44 92 3386
187 171 3387
19 106 3388
54 76 3389
195 5 3390
103 26 3391
120 193 3392
74 6 3393
94 156 3394
189 36 3395
11 61 3396
62 197 3397
156 194 3398
72 106 3399
33 92 3400
6 128 3401
70 140 3402
41 183 3403
190 141 3404
185 81 3405
99 84 3406
17 95 3407
151 125 3408
144 93 3409
162 68 3410
181 116 3411
18 1 3412
165 115 3413
173 28 3414
12 134 3415
146 185 3416
79 123 3417
91 169 3418
124 4 3419
139 32 3420
169 177 3421
19 58 3422
189 165 3423
47 140 3424
82 64 3425
191 88 3426
89 40 3427
112 93 3428
109 161 3429
61 100 3430
152 113 3431
85 160 3432
167 196 3433
61 74 3434
6 196 3435
100 70 3436
97 26 3437
72 164 3438
74 133 3439
53 186 3440
2 52 3441
131 23 3442
39 28 3443
135 91 3444
52 76 3445
150 37 3446
6 82 3447
28 52 3448
121 67 3449
6 161 3450
148 128 3451
5 179 3452
65 131 3453
168 83 3454
24 130 3455
90 11 3456
127 149 3457
45 61 3458
195 101 3459
54 86 3460
15 196 3461
80 111 3462
179 6 3463
23 144 3464
43 7 3465
86 190 3466
101 72 3467
21 10 3468
34 194 3469
158 22 3470
85 101 3471
48 96 3472
167 26 3473
68 67 3474
9 48 3475
105 14 3476
55 69 3477
17 9 3478
62 87 3479
122 170 3480
16 93 3481
54 166 3482
69 155 3483
170 118 3484
64 34 3485
71 100 3486
183 83 3487
19 39 3488
58 28 3489
169 6 3490
132 199 3491
66 178 3492
42 4 3493
130 142 3494
87 172 3495
87 144 3496
121 81 3497
80 191 3498
4 78 3499
94 192 3500
112 26 3501
44 56 3502
108 142 3503
33 130 3504
71 197 3505
108 72 3506
25 132 3507
170 139 3508
145 126 3509
87 164 3510
55 167 3511
185 97 3512
39 69 3513
62 18 3514
14 199 3515
100 105 3516
144 145 3517
191 54 3518
20 137 3519
55 64 3520
82 115 3521
28 12 3522
40 102 3523
51 149 3524
44 113 3525
121 126 3526
106 197 3527
37 189 3528
179 180 3529
139 178 3530
2 60 3531
191 115 3532
34 45 3533
147 10 3534
140 13 3535
125 87 3536
103 9 3537
59 121 3538
141 23 3539
91 184 3540
72 115 3541
86 74 3542
145 11 3543
160 67 3544
127 47 3545
145 141 3546
151 37 3547
61 72 3548
163 116 3549
185 195 3550
67 142 3551
23 40 3552
73 48 3553
175 134 3554
93 192 3555
32 74 3556
70 118 3557
19 154 3558
20 93 3559
88 6 3560
39 132 3561
179 89 3562
16 85 3563
47 97 3564
193 51 3565
69 72 3566
44 164 3567
104 38 3568
22 86 3569
174 157 3570
125 10 3571
38 163 3572
169 89 3573
46 105 3574
130 112 3575
10 140 3576
52 165 3577
150 22 3578
186 31 3579
119 61 3580
132 45 3581
88 152 3582
107 113 3583
147 171 3584
175 93 3585
122 17 3586
15 63 3587
62 21 3588
3 56 3589
94 162 3590
144 173 3591
77 107 3592
180 157 3593
124 92 3594
97 191 3595
35 179 3596
175 46 3597
59 147 3598
149 96 3599
111 19 3600
174 129 3601
60 10 3602
128 107 3603
95 44 3604
153 18 3605
107 86 3606
175 78 3607
190 14 3608
112 170 3609
200 174 3610
3 176 3611
129 192 3612
99 126 3613
138 178 3614
62 91 3615
177 128 3616
195 77 3617
50 26 3618
111 190 3619
66 112 3620
185 95 3621
84 165 3622
155 44 3623
87 29 3624
186 148 3625
114 6 3626
179 130 3627
124 51 3628
27 187 3629
60 81 3630
196 164 3631
109 124 3632
153 104 3633
34 86 3634
91 165 3635
154 136 3636
134 42 3637
163 27 3638
177 178 3639
178 86 3640
32 22 3641
68 94 3642
92 173 3643
3 9 3644
129 58 3645
180 170 3646
20 165 3647
173 60 3648
39 43 3649
43 159 3650
70 73 3651
174 158 3652
93 82 3653
187 92 3654
40 90 3655
6 57 3656
63 62 3657
15 156 3658
105 6 3659
52 86 3660
5 97 3661
141 68 3662
113 199 3663
170 47 3664
99 48 3665
16 126 3666
55 172 3667
20 34 3668
26 104 3669
161 23 3670
54 23 3671
196 41 3672
28 105 3673
10 144 3674
125 133 3675
153 10 3676
79 165 3677
52 32 3678
184 179 3679
178 79 3680
165 166 3681
150 6 3682
16 152 3683
77 58 3684
27 118 3685
114 200 3686
63 104 3687
174 2 3688
185 10 3689
199 172 3690
60 105 3691
178 76 3692
147 118 3693
99 193 3694
184 51 3695
174 196 3696
126 132 3697
114 63 3698
86 26 3699
164 78 3700
