200 2400 2400
25 108 1
180 19 2
85 128 3
124 91 4
73 24 5
164 98 6
8 79 7
139 32 8
200 185 9
157 18 10
121 137 11
123 80 12
79 123 13
138 144 14
136 23 15
112 91 16
140 163 17
36 192 18
79 7 19
88 187 20
45 3 21
110 70 22
109 66 23
91 3 24
85 141 25
116 36 26
83 59 27
146 185 28
70 162 29
149 54 30
84 56 31
126 109 32
3 56 33
141 23 34
22 168 35
193 142 36
152 149 37
3 107 38
24 171 39
110 146 40
84 146 41
6 135 42
197 124 43
29 175 44
192 9 45
7 61 46
5 52 47
91 170 48
13 187 49
159 99 50
34 69 51
194 191 52
126 52 53
35 70 54
20 137 55
51 180 56
43 159 57
104 66 58
90 11 59
197 56 60
54 24 61
88 1 62
57 18 63
37 161 64
180 61 65
190 109 66
151 84 67
105 20 68
120 143 69
170 164 70
96 36 71
133 187 72
191 115 73
161 51 74
131 22 75
117 133 76
18 37 77
22 61 78
86 7 79
126 184 80
131 27 81
135 182 82
25 133 83
15 168 84
10 182 85
32 74 86
21 11 87
15 174 88
138 141 89
183 154 90
80 181 91
17 99 92
101 109 93
189 198 94
21 34 95
126 132 96
22 104 97
127 194 98
55 31 99
24 95 100
174 48 101
192 4 102
103 105 103
46 144 104
48 53 105
45 19 106
100 112 107
98 113 108
112 128 109
88 184 110
116 161 111
42 103 112
58 167 113
50 26 114
91 177 115
14 21 116
89 26 117
168 13 118
103 139 119
95 40 120
65 180 121
122 21 122
6 69 123
164 107 124
187 166 125
44 176 126
60 151 127
30 32 128
128 132 129
135 4 130
110 166 131
36 62 132
147 108 133
156 73 134
80 192 135
197 16 136
14 49 137
125 29 138
70 72 139
61 74 140
1 72 141
31 198 142
58 97 143
8 58 144
144 182 145
198 90 146
187 142 147
107 171 148
194 136 149
153 10 150
104 38 151
93 17 152
105 4 153
121 164 154
29 177 155
136 138 156
1 151 157
32 118 158
122 1 159
70 51 160
189 84 161
191 96 162
54 93 163
81 30 164
104 20 165
199 172 166
152 16 167
199 61 168
195 155 169
57 111 170
19 46 171
14 84 172
96 22 173
147 84 174
10 110 175
136 109 176
120 193 177
6 11 178
123 88 179
78 114 180
82 146 181
89 11 182
133 123 183
88 13 184
140 164 185
20 200 186
69 48 187
140 81 188
87 95 189
191 9 190
125 140 191
146 184 192
99 6 193
104 110 194
170 37 195
27 198 196
187 110 197
138 197 198
106 147 199
102 34 200
144 38 201
159 129 202
23 100 203
27 190 204
101 46 205
24 143 206
61 143 207
180 84 208
136 197 209
198 17 210
159 54 211
28 127 212
42 136 213
69 78 214
61 40 215
147 169 216
173 60 217
129 182 218
143 31 219
176 118 220
144 127 221
33 77 222
15 192 223
11 16 224
161 29 225
194 101 226
136 3 227
31 67 228
154 117 229
76 12 230
86 69 231
106 126 232
115 13 233
48 14 234
109 75 235
192 188 236
197 131 237
155 178 238
174 178 239
63 153 240
133 156 241
93 126 242
110 55 243
17 135 244
181 123 245
119 147 246
132 103 247
111 135 248
140 13 249
42 4 250
32 63 251
111 50 252
51 156 253
193 124 254
24 87 255
92 176 256
38 163 257
192 189 258
140 3 259
70 102 260
162 120 261
51 197 262
4 78 263
23 40 264
73 150 265
167 154 266
181 182 267
23 195 268
19 23 269
78 115 270
91 43 271
105 157 272
39 186 273
97 10 274
195 46 275
14 55 276
59 157 277
96 91 278
70 140 279
38 54 280
188 182 281
87 157 282
100 171 283
146 126 284
143 59 285
160 96 286
143 40 287
91 27 288
138 20 289
87 43 290
114 58 291
70 19 292
47 97 293
73 109 294
133 64 295
146 16 296
39 71 297
147 91 298
125 115 299
26 143 300
144 12 301
29 86 302
86 5 303
92 17 304
54 108 305
138 29 306
11 170 307
178 92 308
71 100 309
73 33 310
27 101 311
101 82 312
11 61 313
127 120 314
149 166 315
132 54 316
39 68 317
25 118 318
121 81 319
117 3 320
50 10 321
45 121 322
115 50 323
77 67 324
174 49 325
23 156 326
153 133 327
194 35 328
101 98 329
172 93 330
74 82 331
20 84 332
14 73 333
190 29 334
188 57 335
54 95 336
125 12 337
5 24 338
90 45 339
146 35 340
186 158 341
1 143 342
54 134 343
94 193 344
132 3 345
22 173 346
192 28 347
154 172 348
16 171 349
138 129 350
155 45 351
37 91 352
106 125 353
131 23 354
82 120 355
44 151 356
44 56 357
71 129 358
75 179 359
38 83 360
94 156 361
132 70 362
32 194 363
110 96 364
113 182 365
139 190 366
19 39 367
196 171 368
41 76 369
82 117 370
57 32 371
78 141 372
73 131 373
107 13 374
150 130 375
197 82 376
200 129 377
95 18 378
175 117 379
151 109 380
182 40 381
190 191 382
139 26 383
133 39 384
108 144 385
140 152 386
24 132 387
50 29 388
34 103 389
51 159 390
137 108 391
177 178 392
189 121 393
24 30 394
192 145 395
152 127 396
142 176 397
99 126 398
137 16 399
23 70 400
125 96 401
18 7 402
60 121 403
169 32 404
43 184 405
93 173 406
106 53 407
189 195 408
76 165 409
40 20 410
160 103 411
174 169 412
153 13 413
58 161 414
3 113 415
41 100 416
52 8 417
134 192 418
94 150 419
183 173 420
88 46 421
153 134 422
8 154 423
136 168 424
62 72 425
170 129 426
187 157 427
188 155 428
59 171 429
106 5 430
107 200 431
165 58 432
72 156 433
111 19 434
1 179 435
124 101 436
108 176 437
71 98 438
139 12 439
99 26 440
173 106 441
137 105 442
119 166 443
1 163 444
163 88 445
137 106 446
188 89 447
138 92 448
94 60 449
51 151 450
85 140 451
113 163 452
61 9 453
179 103 454
97 26 455
29 180 456
33 14 457
195 35 458
150 13 459
59 38 460
19 106 461
99 187 462
97 41 463
185 59 464
16 76 465
85 109 466
36 84 467
65 44 468
170 178 469
15 188 470
117 48 471
197 152 472
181 144 473
167 68 474
149 84 475
86 30 476
95 20 477
170 137 478
14 18 479
65 111 480
1 37 481
83 188 482
30 174 483
15 74 484
70 53 485
129 177 486
110 188 487
67 13 488
190 16 489
167 197 490
63 126 491
60 123 492
79 198 493
142 117 494
34 148 495
153 197 496
13 128 497
1 186 498
156 42 499
79 56 500
29 136 501
74 75 502
106 180 503
149 12 504
162 84 505
141 169 506
110 128 507
136 135 508
42 122 509
73 48 510
50 191 511
160 133 512
33 128 513
110 130 514
24 146 515
186 98 516
105 19 517
113 87 518
155 129 519
167 26 520
162 191 521
83 92 522
183 59 523
162 96 524
6 128 525
118 54 526
70 39 527
136 150 528
62 95 529
5 16 530
33 108 531
60 105 532
8 2 533
99 87 534
125 134 535
122 177 536
93 139 537
99 161 538
63 104 539
46 73 540
175 145 541
13 80 542
187 82 543
155 11 544
178 111 545
131 87 546
27 2 547
180 151 548
26 5 549
66 52 550
96 134 551
63 171 552
125 110 553
41 181 554
70 28 555
129 7 556
133 127 557
39 101 558
6 27 559
85 132 560
35 86 561
185 195 562
30 98 563
38 138 564
29 25 565
187 171 566
200 106 567
32 81 568
5 97 569
74 88 570
61 100 571
65 136 572
30 89 573
80 108 574
174 31 575
26 189 576
96 103 577
93 152 578
6 161 579
106 31 580
111 159 581
44 10 582
150 116 583
39 1 584
122 156 585
124 51 586
46 85 587
52 179 588
96 199 589
80 124 590
26 43 591
28 121 592
167 87 593
9 161 594
169 82 595
199 125 596
190 5 597
129 190 598
199 5 599
99 114 600
4 62 601
143 131 602
52 81 603
91 36 604
189 162 605
133 89 606
125 143 607
114 29 608
19 101 609
130 173 610
50 59 611
182 157 612
25 167 613
33 135 614
186 165 615
31 155 616
167 59 617
76 29 618
200 175 619
129 130 620
103 167 621
140 65 622
48 7 623
106 108 624
47 89 625
104 97 626
179 130 627
56 200 628
161 89 629
155 134 630
192 190 631
67 29 632
101 147 633
23 183 634
29 194 635
155 139 636
190 187 637
30 28 638
24 159 639
129 63 640
181 18 641
66 90 642
37 64 643
113 171 644
199 31 645
152 161 646
61 10 647
134 39 648
191 71 649
190 169 650
88 144 651
154 36 652
97 14 653
49 73 654
100 44 655
133 61 656
119 156 657
14 69 658
109 161 659
85 160 660
112 147 661
67 38 662
6 51 663
170 136 664
157 103 665
181 138 666
54 120 667
6 2 668
160 137 669
164 11 670
125 38 671
125 130 672
101 60 673
50 64 674
3 4 675
187 51 676
141 194 677
140 93 678
24 188 679
185 2 680
165 90 681
33 187 682
154 198 683
134 50 684
97 162 685
69 157 686
172 177 687
151 198 688
146 14 689
101 56 690
14 192 691
125 191 692
30 160 693
187 154 694
151 99 695
19 198 696
119 61 697
104 188 698
177 84 699
106 190 700
127 4 701
119 17 702
15 156 703
93 196 704
190 14 705
116 142 706
164 50 707
195 5 708
111 190 709
150 154 710
194 57 711
138 66 712
104 178 713
49 159 714
101 107 715
55 117 716
144 75 717
137 166 718
146 172 719
159 2 720
89 62 721
141 166 722
178 29 723
124 36 724
195 25 725
183 52 726
8 11 727
12 70 728
139 124 729
176 11 730
198 76 731
171 102 732
127 149 733
189 36 734
94 159 735
81 167 736
160 21 737
18 117 738
108 23 739
7 138 740
194 40 741
91 127 742
132 107 743
81 107 744
169 17 745
113 70 746
149 43 747
185 196 748
73 149 749
109 54 750
64 1 751
150 161 752
130 97 753
198 21 754
127 87 755
7 26 756
180 162 757
147 36 758
112 93 759
79 111 760
59 111 761
58 145 762
126 189 763
156 163 764
99 191 765
142 54 766
154 144 767
162 36 768
81 13 769
193 51 770
98 95 771
159 126 772
44 92 773
19 153 774
168 78 775
124 4 776
26 137 777
175 59 778
80 14 779
36 152 780
101 155 781
148 8 782
44 187 783
28 105 784
25 7 785
113 187 786
72 130 787
141 29 788
58 34 789
7 176 790
191 200 791
43 111 792
14 187 793
122 56 794
33 152 795
174 157 796
135 160 797
149 96 798
8 173 799
158 30 800
69 120 801
39 56 802
163 143 803
12 20 804
197 52 805
166 200 806
117 111 807
159 39 808
47 130 809
149 62 810
68 151 811
86 196 812
9 32 813
190 101 814
84 1 815
155 187 816
88 16 817
107 84 818
117 155 819
42 151 820
190 19 821
185 43 822
77 58 823
200 90 824
75 189 825
60 27 826
117 153 827
197 135 828
142 127 829
110 140 830
109 129 831
30 38 832
6 15 833
168 27 834
169 153 835
150 114 836
132 45 837
23 35 838
187 93 839
105 34 840
70 78 841
76 56 842
98 172 843
96 75 844
37 9 845
126 185 846
89 42 847
44 198 848
112 115 849
186 93 850
48 55 851
160 174 852
22 86 853
22 43 854
93 22 855
141 150 856
125 155 857
168 135 858
116 88 859
150 109 860
182 76 861
173 44 862
1 58 863
164 137 864
78 116 865
28 199 866
117 21 867
51 154 868
105 6 869
109 124 870
184 56 871
199 157 872
9 83 873
175 92 874
45 20 875
108 142 876
100 129 877
155 127 878
64 186 879
23 59 880
28 166 881
197 78 882
85 45 883
86 131 884
108 99 885
84 165 886
137 161 887
103 26 888
100 106 889
18 115 890
196 164 891
2 180 892
79 97 893
1 121 894
82 115 895
108 157 896
161 27 897
45 191 898
158 59 899
97 93 900
160 154 901
143 67 902
78 124 903
123 149 904
12 143 905
77 188 906
109 95 907
32 83 908
17 154 909
143 133 910
171 139 911
15 132 912
47 184 913
89 81 914
171 85 915
118 113 916
182 178 917
108 93 918
125 200 919
129 28 920
130 112 921
124 125 922
62 129 923
188 105 924
58 98 925
170 98 926
121 91 927
157 9 928
147 6 929
33 153 930
68 2 931
58 137 932
4 189 933
71 59 934
170 118 935
140 167 936
64 171 937
6 22 938
13 58 939
10 192 940
55 68 941
104 62 942
59 15 943
130 62 944
150 98 945
180 190 946
176 15 947
33 155 948
163 98 949
40 106 950
10 131 951
171 152 952
7 165 953
35 92 954
34 92 955
65 165 956
76 48 957
64 21 958
180 122 959
151 132 960
147 120 961
59 184 962
12 66 963
102 199 964
52 125 965
93 10 966
42 49 967
139 135 968
134 49 969
42 194 970
24 130 971
127 79 972
1 68 973
16 13 974
145 141 975
74 7 976
37 61 977
145 11 978
132 108 979
14 159 980
114 133 981
168 189 982
184 24 983
159 127 984
148 14 985
113 128 986
98 114 987
141 122 988
129 58 989
27 64 990
131 177 991
39 43 992
109 194 993
42 32 994
178 116 995
48 125 996
22 120 997
46 112 998
20 72 999
115 77 1000
17 140 1001
70 83 1002
79 165 1003
98 39 1004
48 44 1005
41 43 1006
183 182 1007
59 155 1008
15 179 1009
122 128 1010
84 163 1011
184 87 1012
140 12 1013
80 164 1014
167 165 1015
59 196 1016
4 58 1017
135 47 1018
200 141 1019
147 70 1020
7 102 1021
79 129 1022
13 77 1023
113 160 1024
191 141 1025
188 32 1026
126 64 1027
47 13 1028
149 195 1029
185 183 1030
1 94 1031
15 197 1032
198 84 1033
108 148 1034
91 85 1035
126 177 1036
147 29 1037
17 170 1038
94 200 1039
125 7 1040
191 129 1041
190 93 1042
165 16 1043
193 116 1044
85 156 1045
27 102 1046
134 95 1047
172 19 1048
180 170 1049
134 144 1050
180 157 1051
195 78 1052
9 188 1053
135 34 1054
147 165 1055
164 18 1056
40 199 1057
27 187 1058
53 21 1059
190 185 1060
165 115 1061
103 69 1062
135 66 1063
35 142 1064
188 80 1065
83 51 1066
187 139 1067
93 103 1068
95 150 1069
100 152 1070
141 126 1071
195 169 1072
132 18 1073
134 198 1074
18 135 1075
196 91 1076
194 26 1077
87 172 1078
47 31 1079
198 121 1080
90 110 1081
100 81 1082
163 25 1083
89 120 1084
37 107 1085
38 46 1086
126 91 1087
190 158 1088
28 133 1089
54 3 1090
51 149 1091
147 50 1092
199 191 1093
45 116 1094
107 147 1095
200 182 1096
70 8 1097
65 191 1098
172 118 1099
115 62 1100
104 134 1101
70 146 1102
141 68 1103
29 150 1104
51 143 1105
164 159 1106
103 181 1107
91 59 1108
4 17 1109
68 13 1110
33 92 1111
185 138 1112
101 169 1113
111 45 1114
56 93 1115
95 50 1116
13 193 1117
156 194 1118
53 172 1119
58 132 1120
94 32 1121
178 196 1122
67 181 1123
195 18 1124
138 126 1125
174 44 1126
43 101 1127
101 183 1128
55 167 1129
147 62 1130
178 112 1131
158 82 1132
45 24 1133
164 78 1134
142 173 1135
91 60 1136
151 150 1137
119 56 1138
102 3 1139
54 76 1140
86 159 1141
106 29 1142
190 32 1143
77 183 1144
173 137 1145
21 138 1146
110 17 1147
20 121 1148
175 168 1149
95 131 1150
59 53 1151
18 85 1152
145 22 1153
66 161 1154
90 119 1155
168 30 1156
135 29 1157
129 50 1158
197 182 1159
77 75 1160
120 81 1161
188 183 1162
86 120 1163
101 47 1164
154 49 1165
190 150 1166
29 198 1167
104 113 1168
60 29 1169
134 66 1170
95 31 1171
12 101 1172
71 90 1173
143 188 1174
183 22 1175
182 15 1176
137 63 1177
178 86 1178
193 19 1179
2 171 1180
159 40 1181
173 1 1182
96 2 1183
30 136 1184
57 48 1185
108 160 1186
70 118 1187
38 28 1188
167 196 1189
89 40 1190
48 193 1191
146 175 1192
124 38 1193
80 35 1194
97 187 1195
31 168 1196
183 89 1197
30 150 1198
128 107 1199
183 47 1200
127 60 1201
45 159 1202
127 9 1203
86 87 1204
64 89 1205
61 41 1206
158 115 1207
103 66 1208
165 29 1209
41 52 1210
168 144 1211
153 165 1212
107 169 1213
137 32 1214
66 115 1215
94 175 1216
174 129 1217
142 170 1218
59 1 1219
124 107 1220
186 38 1221
191 26 1222
108 183 1223
152 38 1224
76 8 1225
96 197 1226
124 70 1227
102 81 1228
143 81 1229
108 159 1230
8 77 1231
191 88 1232
83 105 1233
150 90 1234
135 101 1235
113 91 1236
158 88 1237
108 166 1238
167 191 1239
63 187 1240
79 43 1241
158 70 1242
39 13 1243
59 129 1244
114 168 1245
36 145 1246
90 84 1247
75 178 1248
176 147 1249
43 25 1250
5 198 1251
111 114 1252
22 87 1253
191 104 1254
48 139 1255
127 195 1256
9 130 1257
167 150 1258
135 99 1259
27 35 1260
134 188 1261
2 130 1262
160 179 1263
52 165 1264
181 194 1265
128 151 1266
29 79 1267
130 3 1268
175 93 1269
184 51 1270
49 55 1271
71 108 1272
96 11 1273
32 140 1274
117 90 1275
172 85 1276
14 58 1277
2 28 1278
78 167 1279
148 152 1280
58 136 1281
51 155 1282
73 98 1283
114 39 1284
41 72 1285
176 180 1286
147 171 1287
44 164 1288
73 166 1289
5 162 1290
109 17 1291
60 64 1292
53 104 1293
68 83 1294
175 181 1295
35 48 1296
91 148 1297
151 121 1298
84 17 1299
143 57 1300
54 106 1301
30 170 1302
50 108 1303
27 196 1304
161 176 1305
63 170 1306
48 154 1307
22 160 1308
73 123 1309
165 24 1310
58 33 1311
143 93 1312
47 140 1313
5 118 1314
145 3 1315
31 158 1316
196 200 1317
84 94 1318
29 83 1319
178 106 1320
124 176 1321
149 173 1322
179 200 1323
80 103 1324
158 4 1325
106 91 1326
41 169 1327
190 68 1328
160 63 1329
132 84 1330
26 142 1331
50 22 1332
23 144 1333
88 3 1334
16 128 1335
187 87 1336
107 16 1337
100 105 1338
192 74 1339
11 165 1340
79 106 1341
168 113 1342
43 147 1343
84 140 1344
85 80 1345
79 130 1346
197 45 1347
182 150 1348
168 57 1349
188 40 1350
118 93 1351
84 141 1352
200 174 1353
139 197 1354
95 94 1355
160 152 1356
168 159 1357
83 156 1358
15 169 1359
130 52 1360
27 33 1361
138 175 1362
77 31 1363
77 179 1364
91 151 1365
82 34 1366
13 12 1367
83 66 1368
91 17 1369
189 159 1370
148 58 1371
106 107 1372
136 39 1373
153 113 1374
106 138 1375
174 158 1376
122 17 1377
173 67 1378
187 31 1379
96 141 1380
153 18 1381
195 100 1382
120 97 1383
43 93 1384
134 148 1385
134 85 1386
3 9 1387
125 144 1388
41 158 1389
160 41 1390
124 5 1391
52 173 1392
157 47 1393
157 1 1394
156 5 1395
191 64 1396
9 123 1397
58 109 1398
19 44 1399
127 102 1400
140 105 1401
155 109 1402
93 75 1403
95 125 1404
91 48 1405
197 99 1406
100 144 1407
10 148 1408
196 40 1409
91 169 1410
188 142 1411
156 99 1412
41 130 1413
139 152 1414
78 185 1415
108 119 1416
62 197 1417
115 70 1418
74 36 1419
56 111 1420
178 73 1421
116 14 1422
55 156 1423
168 98 1424
161 134 1425
29 4 1426
112 36 1427
115 72 1428
129 140 1429
92 181 1430
74 130 1431
116 135 1432
12 169 1433
29 98 1434
60 120 1435
8 152 1436
116 28 1437
25 155 1438
163 63 1439
64 105 1440
54 31 1441
94 18 1442
18 119 1443
136 166 1444
180 89 1445
50 158 1446
92 90 1447
116 171 1448
137 176 1449
192 174 1450
48 101 1451
15 114 1452
161 81 1453
158 36 1454
172 80 1455
145 35 1456
181 72 1457
43 7 1458
179 82 1459
11 81 1460
178 103 1461
56 40 1462
72 155 1463
141 198 1464
82 21 1465
78 101 1466
92 51 1467
60 192 1468
198 138 1469
197 83 1470
50 133 1471
31 178 1472
63 197 1473
62 131 1474
194 56 1475
94 105 1476
93 32 1477
75 122 1478
194 33 1479
38 29 1480
3 105 1481
122 105 1482
121 27 1483
65 155 1484
77 192 1485
86 149 1486
126 86 1487
78 62 1488
32 47 1489
126 22 1490
176 96 1491
12 134 1492
194 178 1493
86 130 1494
54 61 1495
99 7 1496
172 96 1497
155 181 1498
154 100 1499
13 180 1500
121 98 1501
50 38 1502
140 115 1503
50 165 1504
157 74 1505
164 83 1506
73 179 1507
150 1 1508
101 123 1509
156 148 1510
45 161 1511
15 52 1512
157 51 1513
17 67 1514
124 104 1515
71 185 1516
78 35 1517
37 150 1518
150 121 1519
80 8 1520
183 93 1521
70 67 1522
108 72 1523
192 125 1524
82 159 1525
186 71 1526
58 191 1527
111 120 1528
62 18 1529
59 42 1530
185 22 1531
110 59 1532
33 132 1533
181 42 1534
125 58 1535
142 154 1536
173 28 1537
195 19 1538
124 130 1539
46 182 1540
200 93 1541
34 64 1542
36 70 1543
38 64 1544
184 151 1545
70 168 1546
58 32 1547
69 72 1548
32 22 1549
93 148 1550
149 106 1551
127 75 1552
16 168 1553
63 124 1554
158 89 1555
111 133 1556
159 18 1557
187 73 1558
55 172 1559
131 88 1560
171 153 1561
44 39 1562
2 152 1563
170 99 1564
93 149 1565
18 156 1566
196 111 1567
61 105 1568
70 82 1569
23 86 1570
116 57 1571
94 38 1572
29 27 1573
151 32 1574
63 84 1575
102 12 1576
84 173 1577
6 118 1578
154 27 1579
129 72 1580
102 165 1581
128 51 1582
172 100 1583
158 130 1584
155 52 1585
115 146 1586
66 33 1587
161 118 1588
5 123 1589
187 138 1590
36 137 1591
73 192 1592
118 159 1593
57 138 1594
79 109 1595
138 111 1596
3 182 1597
196 81 1598
37 10 1599
170 160 1600
142 38 1601
119 10 1602
191 55 1603
157 153 1604
160 57 1605
155 44 1606
175 46 1607
191 36 1608
189 178 1609
22 58 1610
181 109 1611
22 68 1612
4 131 1613
68 95 1614
55 74 1615
162 77 1616
31 52 1617
92 79 1618
36 194 1619
156 164 1620
198 149 1621
170 111 1622
154 37 1623
36 108 1624
6 139 1625
160 159 1626
51 163 1627
197 10 1628
148 73 1629
137 158 1630
94 26 1631
111 193 1632
126 95 1633
166 66 1634
88 9 1635
58 133 1636
157 64 1637
98 154 1638
43 5 1639
70 76 1640
112 95 1641
19 173 1642
48 54 1643
66 178 1644
44 127 1645
20 126 1646
114 36 1647
105 30 1648
139 159 1649
38 95 1650
92 168 1651
103 161 1652
174 2 1653
164 34 1654
72 153 1655
18 65 1656
13 139 1657
82 64 1658
150 79 1659
125 170 1660
88 41 1661
188 62 1662
14 68 1663
126 43 1664
105 114 1665
147 140 1666
114 63 1667
27 95 1668
180 153 1669
2 77 1670
79 138 1671
109 87 1672
24 139 1673
154 42 1674
190 74 1675
21 10 1676
19 154 1677
15 63 1678
35 133 1679
97 19 1680
4 107 1681
119 77 1682
58 82 1683
141 12 1684
42 39 1685
97 22 1686
83 191 1687
154 1 1688
139 98 1689
88 54 1690
30 115 1691
54 167 1692
124 163 1693
99 57 1694
60 128 1695
173 156 1696
139 181 1697
135 170 1698
170 4 1699
60 137 1700
9 48 1701
155 136 1702
123 6 1703
174 115 1704
82 4 1705
147 55 1706
19 29 1707
131 89 1708
178 101 1709
177 138 1710
76 188 1711
17 177 1712
32 145 1713
27 68 1714
149 22 1715
54 180 1716
108 19 1717
85 70 1718
192 152 1719
130 147 1720
71 197 1721
106 97 1722
136 105 1723
83 141 1724
67 195 1725
40 34 1726
63 83 1727
133 4 1728
55 140 1729
12 43 1730
71 169 1731
154 72 1732
127 67 1733
98 103 1734
5 108 1735
82 131 1736
64 15 1737
128 3 1738
11 95 1739
48 68 1740
60 10 1741
167 130 1742
62 107 1743
195 72 1744
126 92 1745
172 62 1746
173 126 1747
185 49 1748
153 158 1749
171 168 1750
139 194 1751
30 103 1752
37 16 1753
81 41 1754
56 102 1755
139 167 1756
179 48 1757
72 3 1758
184 178 1759
83 12 1760
41 16 1761
75 116 1762
48 171 1763
191 184 1764
193 70 1765
73 134 1766
5 179 1767
105 14 1768
121 175 1769
186 193 1770
89 115 1771
19 167 1772
11 49 1773
74 38 1774
120 44 1775
200 130 1776
5 172 1777
14 158 1778
82 108 1779
106 197 1780
48 17 1781
9 23 1782
129 188 1783
91 100 1784
37 156 1785
53 100 1786
57 102 1787
118 197 1788
64 16 1789
30 72 1790
163 155 1791
60 171 1792
30 9 1793
153 40 1794
84 44 1795
144 92 1796
26 25 1797
185 92 1798
77 164 1799
74 177 1800
19 22 1801
102 93 1802
183 146 1803
47 52 1804
87 54 1805
77 169 1806
116 79 1807
180 128 1808
113 177 1809
146 166 1810
88 189 1811
91 71 1812
51 17 1813
140 57 1814
133 183 1815
68 146 1816
180 85 1817
6 83 1818
170 33 1819
164 56 1820
125 10 1821
98 111 1822
158 160 1823
192 49 1824
144 145 1825
133 197 1826
52 19 1827
34 43 1828
170 47 1829
83 79 1830
21 1 1831
165 78 1832
1 190 1833
184 124 1834
65 170 1835
29 47 1836
8 160 1837
94 34 1838
171 39 1839
75 119 1840
15 196 1841
91 161 1842
133 30 1843
47 179 1844
124 169 1845
51 56 1846
97 95 1847
9 168 1848
167 16 1849
19 43 1850
67 12 1851
131 41 1852
196 34 1853
84 73 1854
15 122 1855
23 73 1856
34 91 1857
52 33 1858
196 37 1859
190 61 1860
39 51 1861
29 17 1862
95 138 1863
51 49 1864
52 92 1865
100 42 1866
35 179 1867
176 183 1868
4 159 1869
45 27 1870
155 174 1871
59 121 1872
167 177 1873
80 109 1874
159 74 1875
105 76 1876
154 22 1877
135 147 1878
121 126 1879
27 53 1880
79 13 1881
174 132 1882
167 34 1883
64 99 1884
86 190 1885
41 79 1886
156 154 1887
191 54 1888
160 67 1889
200 48 1890
195 167 1891
112 96 1892
62 110 1893
112 198 1894
175 8 1895
61 145 1896
131 105 1897
74 59 1898
68 51 1899
160 37 1900
71 12 1901
58 28 1902
177 185 1903
34 86 1904
80 21 1905
61 164 1906
50 155 1907
164 37 1908
15 153 1909
136 47 1910
96 100 1911
13 10 1912
161 162 1913
40 146 1914
197 191 1915
62 91 1916
4 52 1917
171 129 1918
90 194 1919
40 90 1920
170 171 1921
156 120 1922
36 39 1923
194 110 1924
176 51 1925
66 112 1926
190 75 1927
186 58 1928
81 125 1929
61 47 1930
119 101 1931
37 80 1932
106 184 1933
98 65 1934
190 55 1935
4 21 1936
93 192 1937
35 140 1938
98 33 1939
50 52 1940
180 93 1941
102 166 1942
200 153 1943
176 189 1944
72 81 1945
23 29 1946
161 147 1947
14 157 1948
5 34 1949
43 69 1950
192 177 1951
45 112 1952
128 53 1953
133 168 1954
96 25 1955
3 27 1956
186 110 1957
98 76 1958
163 28 1959
82 76 1960
86 92 1961
171 157 1962
198 108 1963
4 11 1964
97 119 1965
145 188 1966
25 147 1967
185 97 1968
177 5 1969
80 191 1970
178 57 1971
160 51 1972
168 45 1973
98 105 1974
165 124 1975
189 185 1976
117 162 1977
48 102 1978
154 176 1979
34 176 1980
20 25 1981
162 129 1982
119 192 1983
129 40 1984
143 35 1985
1 126 1986
97 2 1987
170 139 1988
69 182 1989
138 54 1990
17 47 1991
30 200 1992
152 113 1993
26 186 1994
7 41 1995
191 142 1996
114 32 1997
92 192 1998
74 163 1999
119 177 2000
36 21 2001
135 20 2002
18 56 2003
82 143 2004
144 136 2005
56 12 2006
162 112 2007
122 64 2008
133 81 2009
177 143 2010
200 18 2011
47 67 2012
145 150 2013
115 172 2014
18 163 2015
21 102 2016
111 21 2017
172 159 2018
152 181 2019
118 31 2020
90 197 2021
109 41 2022
18 8 2023
190 175 2024
112 84 2025
61 195 2026
21 177 2027
196 23 2028
140 193 2029
133 60 2030
145 57 2031
171 73 2032
68 136 2033
61 90 2034
161 193 2035
55 3 2036
51 93 2037
165 73 2038
144 135 2039
136 158 2040
101 89 2041
199 2 2042
151 31 2043
35 41 2044
163 176 2045
41 38 2046
131 154 2047
80 142 2048
95 182 2049
34 159 2050
61 121 2051
9 163 2052
73 51 2053
200 142 2054
24 162 2055
155 200 2056
135 153 2057
39 28 2058
145 195 2059
190 141 2060
162 155 2061
81 123 2062
180 178 2063
104 34 2064
47 165 2065
170 116 2066
45 57 2067
9 189 2068
180 125 2069
157 138 2070
87 126 2071
148 128 2072
147 118 2073
113 119 2074
78 82 2075
43 97 2076
73 173 2077
105 127 2078
134 187 2079
178 100 2080
133 103 2081
72 10 2082
118 87 2083
17 25 2084
172 8 2085
197 126 2086
33 39 2087
111 103 2088
56 148 2089
99 193 2090
112 170 2091
194 186 2092
45 107 2093
117 87 2094
63 14 2095
74 102 2096
58 116 2097
185 90 2098
120 61 2099
87 178 2100
69 104 2101
101 72 2102
19 58 2103
150 6 2104
137 128 2105
44 113 2106
122 185 2107
38 145 2108
75 136 2109
152 177 2110
99 38 2111
69 143 2112
83 109 2113
165 187 2114
29 28 2115
144 173 2116
191 89 2117
5 73 2118
75 34 2119
78 22 2120
128 11 2121
38 157 2122
92 173 2123
96 140 2124
80 32 2125
27 103 2126
161 148 2127
86 156 2128
185 83 2129
71 25 2130
185 26 2131
81 23 2132
62 87 2133
169 99 2134
16 69 2135
173 61 2136
24 60 2137
186 169 2138
77 177 2139
98 85 2140
168 147 2141
106 140 2142
97 135 2143
19 71 2144
86 197 2145
87 42 2146
19 143 2147
44 180 2148
163 173 2149
164 157 2150
141 27 2151
200 195 2152
151 37 2153
105 183 2154
82 110 2155
110 54 2156
102 112 2157
105 8 2158
58 37 2159
63 25 2160
109 116 2161
27 62 2162
125 26 2163
122 158 2164
183 83 2165
91 155 2166
41 190 2167
183 131 2168
18 40 2169
189 118 2170
52 150 2171
102 104 2172
189 8 2173
113 157 2174
194 119 2175
132 80 2176
159 183 2177
142 47 2178
30 191 2179
47 197 2180
114 173 2181
141 42 2182
29 74 2183
70 75 2184
4 19 2185
65 131 2186
96 61 2187
90 54 2188
160 12 2189
57 15 2190
25 89 2191
153 43 2192
158 194 2193
184 40 2194
14 139 2195
132 88 2196
112 11 2197
193 175 2198
50 15 2199
198 131 2200
12 35 2201
164 36 2202
128 167 2203
9 63 2204
139 158 2205
1 69 2206
143 39 2207
26 83 2208
129 89 2209
53 183 2210
86 161 2211
136 15 2212
147 137 2213
130 104 2214
169 130 2215
190 160 2216
21 47 2217
186 176 2218
87 116 2219
155 100 2220
90 55 2221
30 164 2222
105 63 2223
24 200 2224
123 66 2225
126 158 2226
164 67 2227
57 29 2228
36 41 2229
98 117 2230
33 5 2231
22 67 2232
65 89 2233
38 90 2234
134 200 2235
150 138 2236
43 35 2237
121 25 2238
153 22 2239
153 131 2240
127 187 2241
99 181 2242
170 46 2243
195 101 2244
193 130 2245
83 36 2246
57 139 2247
97 20 2248
62 43 2249
183 45 2250
194 123 2251
43 42 2252
197 5 2253
155 49 2254
184 187 2255
105 112 2256
117 115 2257
71 184 2258
86 134 2259
177 141 2260
61 72 2261
58 27 2262
124 185 2263
48 49 2264
149 138 2265
41 185 2266
40 3 2267
141 121 2268
2 116 2269
156 160 2270
185 4 2271
194 6 2272
71 81 2273
139 178 2274
111 129 2275
184 20 2276
164 75 2277
40 135 2278
64 148 2279
169 177 2280
75 12 2281
105 180 2282
7 190 2283
148 24 2284
119 60 2285
195 98 2286
12 97 2287
150 156 2288
191 103 2289
114 155 2290
146 120 2291
88 73 2292
129 70 2293
46 105 2294
59 61 2295
199 81 2296
128 8 2297
104 88 2298
10 174 2299
95 85 2300
182 127 2301
134 169 2302
97 152 2303
125 183 2304
29 55 2305
124 195 2306
166 148 2307
56 24 2308
180 49 2309
197 168 2310
193 25 2311
141 118 2312
143 65 2313
46 157 2314
147 191 2315
180 158 2316
175 2 2317
170 199 2318
142 28 2319
29 52 2320
178 76 2321
9 122 2322
68 24 2323
128 52 2324
100 197 2325
98 166 2326
58 11 2327
171 119 2328
167 116 2329
150 191 2330
177 6 2331
193 190 2332
184 118 2333
114 145 2334
40 4 2335
192 64 2336
121 34 2337
6 60 2338
109 53 2339
138 171 2340
58 70 2341
84 45 2342
14 127 2343
94 135 2344
127 184 2345
9 36 2346
111 156 2347
71 48 2348
6 159 2349
136 132 2350
107 11 2351
74 6 2352
163 145 2353
165 139 2354
147 150 2355
154 164 2356
160 143 2357
152 184 2358
181 84 2359
99 116 2360
137 11 2361
154 94 2362
95 140 2363
39 172 2364
34 199 2365
42 31 2366
14 46 2367
162 113 2368
159 154 2369
152 131 2370
62 142 2371
169 96 2372
179 180 2373
53 157 2374
158 5 2375
19 27 2376
156 66 2377
152 74 2378
111 93 2379
169 142 2380
76 124 2381
68 177 2382
186 125 2383
164 127 2384
64 119 2385
2 52 2386
31 85 2387
142 94 2388
30 65 2389
180 186 2390
94 15 2391
61 97 2392
92 7 2393
51 58 2394
1 9 2395
35 165 2396
53 51 2397
19 26 2398
27 81 2399
48 130 2400
