200 8300 8300
25 108 1
22 130 2
192 122 3
162 49 4
39 76 5
23 40 6
39 139 7
122 110 8
10 179 9
99 173 10
75 173 11
62 95 12
103 110 13
144 119 14
148 146 15
59 42 16
147 131 17
54 50 18
64 161 19
32 157 20
140 58 21
144 79 22
45 27 23
184 109 24
184 153 25
189 183 26
54 35 27
190 175 28
108 176 29
70 118 30
176 147 31
97 66 32
172 41 33
23 49 34
9 63 35
38 29 36
6 2 37
159 2 38
66 183 39
2 152 40
171 28 41
58 109 42
188 150 43
71 120 44
17 118 45
81 170 46
198 23 47
85 5 48
149 60 49
170 160 50
145 35 51
150 103 52
130 170 53
130 151 54
7 139 55
135 110 56
41 75 57
77 188 58
156 142 59
16 128 60
44 113 61
86 128 62
6 59 63
48 108 64
67 92 65
74 177 66
9 143 67
169 24 68
195 89 69
126 132 70
26 142 71
89 32 72
32 152 73
150 143 74
99 48 75
110 166 76
53 28 77
59 73 78
136 132 79
67 6 80
12 17 81
85 80 82
130 30 83
125 87 84
108 87 85
41 100 86
178 111 87
24 138 88
188 32 89
16 76 90
30 6 91
19 114 92
34 57 93
174 158 94
111 152 95
193 5 96
133 90 97
142 95 98
115 61 99
7 61 100
190 71 101
61 147 102
179 11 103
20 103 104
114 72 105
184 64 106
85 141 107
50 152 108
155 174 109
8 47 110
108 139 111
132 13 112
135 166 113
43 25 114
186 119 115
122 79 116
138 39 117
129 146 118
157 1 119
76 181 120
48 185 121
122 99 122
158 160 123
115 183 124
93 152 125
29 107 126
158 36 127
146 149 128
100 185 129
10 144 130
108 144 131
145 146 132
147 52 133
104 66 134
87 159 135
161 105 136
181 182 137
159 26 138
113 128 139
152 74 140
127 26 141
33 5 142
69 171 143
168 113 144
151 132 145
178 72 146
126 91 147
74 21 148
55 158 149
93 33 150
178 28 151
134 127 152
22 170 153
45 159 154
120 167 155
45 143 156
155 175 157
163 72 158
137 109 159
85 45 160
78 35 161
48 150 162
75 189 163
183 60 164
38 44 165
112 110 166
78 124 167
154 72 168
32 68 169
33 119 170
189 131 171
79 109 172
93 75 173
177 189 174
198 75 175
174 129 176
151 122 177
48 44 178
196 55 179
166 131 180
172 190 181
176 148 182
199 30 183
134 175 184
23 5 185
159 151 186
142 39 187
88 184 188
112 147 189
152 56 190
39 147 191
45 182 192
69 67 193
28 79 194
153 112 195
138 159 196
15 113 197
176 31 198
94 5 199
5 108 200
128 107 201
98 198 202
45 37 203
199 20 204
74 62 205
187 106 206
182 85 207
109 200 208
123 80 209
48 163 210
42 200 211
75 46 212
196 9 213
183 59 214
130 68 215
99 52 216
47 173 217
159 141 218
95 182 219
74 82 220
196 28 221
106 7 222
21 102 223
70 168 224
156 189 225
200 71 226
139 197 227
84 51 228
34 9 229
7 161 230
99 69 231
120 28 232
96 103 233
3 193 234
149 101 235
185 144 236
93 126 237
47 1 238
37 125 239
179 21 240
106 52 241
29 79 242
95 174 243
59 1 244
187 75 245
172 164 246
60 189 247
32 81 248
58 199 249
48 183 250
131 22 251
178 101 252
145 22 253
177 5 254
117 67 255
101 184 256
72 182 257
154 181 258
130 147 259
55 173 260
125 49 261
164 69 262
188 96 263
143 81 264
181 42 265
153 13 266
3 113 267
139 4 268
86 186 269
115 172 270
183 118 271
65 53 272
169 32 273
156 128 274
99 156 275
43 60 276
153 151 277
80 84 278
89 90 279
34 100 280
45 192 281
198 21 282
125 164 283
52 1 284
188 64 285
174 98 286
143 71 287
30 81 288
88 29 289
191 70 290
133 27 291
79 159 292
51 197 293
187 82 294
62 79 295
94 175 296
199 158 297
120 179 298
82 120 299
79 152 300
49 66 301
122 21 302
113 74 303
24 167 304
134 188 305
24 125 306
54 156 307
29 130 308
159 127 309
83 133 310
190 99 311
151 107 312
175 131 313
47 36 314
41 146 315
83 126 316
119 100 317
139 159 318
68 8 319
114 119 320
177 65 321
195 25 322
160 34 323
24 186 324
195 198 325
123 126 326
136 126 327
100 28 328
177 41 329
92 110 330
24 121 331
82 110 332
132 161 333
170 119 334
164 89 335
3 29 336
42 11 337
116 88 338
14 147 339
92 127 340
40 126 341
55 167 342
82 131 343
95 171 344
108 149 345
1 54 346
104 176 347
127 154 348
96 2 349
34 152 350
25 94 351
94 154 352
34 176 353
133 55 354
76 50 355
187 186 356
40 110 357
140 100 358
82 21 359
96 158 360
36 84 361
149 126 362
14 27 363
144 133 364
45 25 365
99 62 366
5 118 367
97 187 368
144 36 369
199 31 370
195 136 371
48 177 372
140 177 373
86 143 374
134 30 375
48 154 376
95 74 377
65 89 378
162 10 379
82 4 380
124 24 381
142 117 382
169 96 383
40 3 384
101 87 385
15 65 386
168 147 387
95 44 388
158 198 389
141 23 390
170 111 391
123 99 392
158 59 393
122 100 394
3 143 395
155 6 396
29 83 397
195 66 398
19 91 399
23 72 400
29 199 401
37 155 402
5 41 403
98 127 404
60 40 405
160 46 406
101 82 407
54 39 408
58 136 409
112 34 410
35 166 411
184 22 412
175 49 413
113 156 414
124 38 415
118 113 416
17 38 417
65 189 418
188 189 419
50 29 420
29 154 421
192 130 422
76 139 423
182 63 424
183 13 425
63 117 426
10 192 427
109 172 428
3 65 429
145 20 430
9 6 431
99 38 432
174 169 433
88 1 434
188 57 435
56 123 436
145 188 437
167 116 438
1 37 439
128 141 440
164 51 441
88 46 442
196 91 443
160 120 444
114 39 445
22 143 446
184 84 447
7 102 448
196 183 449
95 26 450
32 47 451
35 70 452
149 96 453
66 22 454
107 11 455
60 27 456
96 122 457
41 170 458
3 15 459
152 71 460
15 77 461
164 83 462
65 146 463
18 7 464
100 121 465
52 115 466
10 67 467
189 159 468
193 103 469
157 68 470
26 90 471
32 91 472
14 22 473
90 119 474
89 135 475
68 33 476
82 31 477
13 109 478
148 36 479
61 40 480
97 95 481
158 102 482
113 145 483
57 59 484
165 54 485
129 178 486
188 156 487
65 155 488
48 168 489
125 110 490
48 101 491
140 65 492
127 87 493
108 154 494
135 167 495
11 1 496
71 66 497
32 197 498
165 113 499
150 125 500
5 8 501
125 16 502
75 54 503
67 98 504
22 2 505
112 115 506
85 76 507
78 141 508
168 189 509
178 8 510
132 10 511
84 18 512
106 131 513
26 192 514
126 86 515
14 37 516
7 176 517
128 130 518
89 73 519
40 33 520
28 191 521
139 116 522
63 61 523
78 167 524
129 28 525
87 128 526
2 132 527
158 18 528
91 73 529
33 125 530
190 141 531
161 101 532
147 137 533
138 135 534
181 15 535
68 108 536
128 52 537
34 145 538
164 114 539
195 5 540
53 147 541
197 83 542
192 177 543
143 188 544
191 153 545
135 149 546
83 188 547
89 163 548
43 150 549
198 155 550
180 151 551
128 118 552
28 141 553
140 75 554
99 114 555
102 198 556
30 79 557
25 60 558
177 93 559
137 9 560
134 109 561
98 79 562
199 118 563
108 35 564
168 173 565
173 44 566
43 98 567
6 197 568
171 175 569
126 47 570
85 65 571
11 124 572
64 105 573
134 112 574
128 9 575
7 178 576
100 17 577
190 169 578
173 198 579
49 170 580
87 54 581
187 142 582
62 25 583
141 12 584
53 45 585
124 1 586
138 126 587
183 182 588
194 101 589
136 3 590
104 155 591
88 54 592
176 18 593
156 93 594
21 167 595
167 170 596
118 171 597
98 142 598
133 98 599
15 99 600
24 91 601
46 111 602
192 28 603
13 43 604
18 85 605
76 194 606
32 22 607
83 8 608
103 158 609
175 92 610
148 165 611
33 49 612
159 126 613
102 165 614
172 178 615
48 190 616
48 197 617
166 36 618
153 183 619
82 90 620
145 49 621
144 51 622
52 78 623
4 20 624
133 135 625
129 50 626
178 71 627
175 180 628
5 179 629
75 40 630
103 57 631
92 47 632
182 179 633
184 55 634
146 152 635
1 146 636
58 63 637
97 136 638
45 81 639
17 7 640
185 69 641
71 25 642
31 39 643
38 181 644
18 163 645
127 171 646
27 42 647
6 109 648
159 150 649
186 146 650
11 109 651
188 40 652
114 32 653
145 54 654
38 21 655
27 101 656
145 62 657
114 146 658
88 194 659
73 164 660
10 42 661
178 176 662
80 130 663
78 93 664
134 27 665
172 79 666
138 11 667
106 190 668
5 24 669
104 82 670
180 83 671
154 10 672
5 73 673
84 104 674
172 193 675
10 167 676
171 122 677
11 99 678
81 2 679
197 161 680
146 10 681
11 161 682
168 78 683
195 128 684
16 169 685
7 130 686
140 29 687
52 8 688
137 106 689
131 19 690
104 178 691
40 130 692
141 68 693
162 178 694
113 39 695
71 42 696
82 159 697
175 8 698
22 104 699
2 43 700
159 39 701
175 145 702
174 157 703
14 113 704
136 29 705
15 141 706
37 161 707
111 93 708
161 47 709
178 11 710
156 159 711
44 145 712
80 154 713
23 124 714
85 130 715
86 26 716
115 167 717
36 53 718
49 87 719
63 187 720
144 106 721
100 7 722
61 100 723
37 53 724
74 27 725
12 97 726
94 167 727
118 93 728
152 104 729
73 113 730
148 88 731
103 69 732
56 28 733
73 190 734
195 18 735
32 122 736
198 140 737
185 101 738
157 9 739
159 129 740
1 68 741
19 27 742
88 154 743
18 106 744
36 173 745
39 83 746
192 125 747
87 176 748
87 148 749
70 141 750
192 169 751
85 97 752
36 169 753
119 11 754
116 185 755
24 60 756
16 69 757
38 28 758
95 35 759
11 165 760
53 186 761
126 22 762
21 159 763
61 121 764
51 49 765
5 50 766
32 74 767
31 27 768
79 136 769
101 20 770
148 32 771
8 160 772
22 120 773
57 158 774
33 135 775
185 58 776
182 47 777
163 77 778
122 108 779
94 89 780
158 22 781
171 91 782
179 113 783
56 134 784
127 106 785
26 107 786
25 46 787
101 44 788
126 50 789
178 76 790
99 34 791
55 103 792
78 172 793
5 28 794
10 89 795
14 74 796
49 159 797
36 159 798
103 32 799
151 121 800
161 193 801
121 52 802
187 111 803
148 128 804
165 166 805
154 47 806
172 146 807
13 126 808
148 194 809
44 187 810
7 163 811
33 108 812
129 40 813
31 52 814
20 72 815
185 36 816
60 16 817
160 154 818
157 193 819
184 21 820
198 128 821
122 23 822
162 33 823
39 128 824
109 124 825
131 21 826
73 50 827
85 156 828
11 181 829
132 188 830
133 16 831
191 141 832
90 37 833
107 105 834
192 106 835
8 66 836
100 110 837
45 174 838
192 127 839
127 108 840
31 184 841
61 143 842
57 56 843
26 104 844
171 37 845
54 167 846
172 149 847
29 159 848
141 67 849
155 136 850
83 17 851
107 183 852
69 4 853
25 19 854
71 180 855
163 94 856
108 129 857
113 62 858
8 86 859
34 45 860
192 91 861
87 29 862
160 142 863
159 143 864
58 176 865
175 117 866
30 200 867
166 181 868
139 21 869
48 193 870
169 17 871
59 79 872
24 162 873
62 192 874
126 3 875
167 25 876
70 164 877
194 57 878
28 74 879
135 132 880
145 176 881
92 48 882
127 183 883
50 27 884
200 124 885
68 78 886
58 73 887
7 155 888
159 1 889
105 158 890
63 171 891
168 157 892
33 17 893
20 128 894
102 167 895
168 124 896
39 59 897
190 150 898
58 116 899
9 110 900
190 25 901
143 182 902
15 158 903
189 33 904
100 81 905
53 157 906
66 141 907
106 36 908
115 190 909
78 154 910
176 118 911
6 145 912
75 131 913
72 10 914
144 38 915
26 83 916
182 177 917
85 57 918
163 143 919
82 181 920
172 57 921
173 129 922
140 81 923
166 64 924
129 24 925
111 103 926
154 3 927
81 192 928
123 147 929
90 74 930
133 4 931
103 102 932
72 31 933
65 161 934
71 5 935
4 107 936
64 86 937
146 4 938
121 158 939
58 174 940
134 82 941
6 65 942
139 12 943
115 97 944
199 192 945
80 30 946
172 85 947
194 144 948
92 62 949
148 137 950
140 115 951
120 171 952
174 146 953
164 159 954
104 20 955
91 84 956
198 108 957
149 134 958
191 200 959
65 198 960
118 166 961
56 29 962
194 123 963
36 172 964
156 102 965
161 82 966
37 6 967
1 121 968
55 156 969
132 35 970
98 62 971
170 181 972
183 87 973
99 87 974
109 87 975
15 78 976
15 196 977
198 44 978
42 72 979
179 159 980
182 62 981
88 183 982
98 68 983
166 2 984
104 149 985
13 74 986
65 58 987
82 109 988
6 11 989
26 48 990
176 96 991
74 165 992
62 26 993
128 32 994
36 102 995
181 116 996
110 52 997
70 140 998
186 85 999
172 77 1000
38 174 1001
191 71 1002
122 56 1003
91 59 1004
23 3 1005
29 25 1006
77 177 1007
190 12 1008
94 102 1009
39 101 1010
160 71 1011
182 125 1012
39 117 1013
145 57 1014
160 59 1015
148 102 1016
93 173 1017
102 193 1018
83 112 1019
107 159 1020
17 52 1021
126 33 1022
138 28 1023
162 37 1024
86 93 1025
113 146 1026
85 62 1027
52 135 1028
175 75 1029
170 106 1030
42 136 1031
35 171 1032
21 11 1033
68 195 1034
161 23 1035
64 119 1036
126 194 1037
184 175 1038
129 145 1039
117 34 1040
149 178 1041
196 72 1042
161 89 1043
102 199 1044
73 104 1045
51 16 1046
158 154 1047
126 158 1048
158 130 1049
35 92 1050
105 29 1051
83 60 1052
136 74 1053
10 184 1054
33 130 1055
65 88 1056
65 48 1057
136 39 1058
61 47 1059
61 185 1060
138 69 1061
54 8 1062
68 51 1063
41 82 1064
48 53 1065
136 15 1066
185 8 1067
129 20 1068
76 132 1069
68 101 1070
69 200 1071
101 130 1072
62 64 1073
161 125 1074
10 115 1075
199 53 1076
93 17 1077
48 102 1078
89 193 1079
189 198 1080
41 169 1081
160 87 1082
88 144 1083
77 58 1084
57 114 1085
103 1 1086
119 56 1087
75 90 1088
10 25 1089
81 57 1090
123 94 1091
198 61 1092
158 78 1093
73 138 1094
156 147 1095
155 46 1096
123 127 1097
24 119 1098
116 23 1099
104 83 1100
14 199 1101
14 139 1102
139 98 1103
71 29 1104
166 148 1105
45 138 1106
83 51 1107
101 6 1108
73 109 1109
20 113 1110
47 12 1111
106 140 1112
150 173 1113
49 25 1114
152 23 1115
14 162 1116
157 51 1117
86 87 1118
53 68 1119
150 161 1120
167 181 1121
122 62 1122
138 188 1123
168 40 1124
110 78 1125
174 4 1126
72 168 1127
122 105 1128
109 3 1129
88 73 1130
150 46 1131
83 37 1132
39 188 1133
116 35 1134
168 144 1135
190 189 1136
175 59 1137
117 48 1138
76 94 1139
109 166 1140
172 99 1141
65 24 1142
116 15 1143
199 52 1144
128 68 1145
94 150 1146
182 178 1147
160 107 1148
41 1 1149
191 4 1150
141 161 1151
151 195 1152
116 190 1153
25 153 1154
132 18 1155
62 190 1156
110 59 1157
13 197 1158
138 129 1159
60 138 1160
139 158 1161
99 82 1162
90 121 1163
164 67 1164
56 8 1165
49 15 1166
64 72 1167
69 50 1168
74 8 1169
89 93 1170
158 146 1171
65 40 1172
93 99 1173
43 69 1174
3 27 1175
45 44 1176
4 66 1177
107 200 1178
31 73 1179
180 188 1180
63 25 1181
20 34 1182
56 148 1183
32 113 1184
171 153 1185
58 103 1186
88 57 1187
116 137 1188
59 157 1189
10 186 1190
59 151 1191
111 190 1192
27 17 1193
32 100 1194
196 40 1195
12 160 1196
38 116 1197
196 161 1198
94 162 1199
24 113 1200
130 46 1201
30 84 1202
105 19 1203
106 64 1204
125 178 1205
147 50 1206
20 107 1207
127 124 1208
55 182 1209
78 190 1210
108 155 1211
7 191 1212
125 55 1213
86 88 1214
140 14 1215
39 2 1216
69 12 1217
130 156 1218
199 124 1219
75 20 1220
133 45 1221
105 199 1222
5 171 1223
98 166 1224
96 41 1225
48 105 1226
84 106 1227
78 177 1228
1 126 1229
194 198 1230
65 191 1231
97 161 1232
195 191 1233
22 173 1234
29 36 1235
185 2 1236
17 200 1237
98 107 1238
86 103 1239
11 50 1240
59 31 1241
111 3 1242
95 138 1243
198 186 1244
134 200 1245
109 14 1246
75 111 1247
103 40 1248
136 104 1249
58 180 1250
30 129 1251
50 104 1252
104 110 1253
190 14 1254
181 157 1255
22 133 1256
44 127 1257
24 139 1258
199 75 1259
133 30 1260
54 169 1261
54 93 1262
171 73 1263
89 105 1264
98 105 1265
45 60 1266
77 174 1267
132 88 1268
91 169 1269
82 117 1270
87 89 1271
17 47 1272
193 155 1273
44 180 1274
146 168 1275
28 121 1276
162 130 1277
151 174 1278
113 187 1279
101 181 1280
95 5 1281
98 134 1282
183 52 1283
29 77 1284
140 114 1285
145 11 1286
122 94 1287
7 65 1288
71 90 1289
120 152 1290
73 48 1291
80 108 1292
15 177 1293
92 90 1294
189 41 1295
136 135 1296
134 50 1297
171 51 1298
9 188 1299
199 151 1300
186 182 1301
91 48 1302
153 134 1303
183 8 1304
91 67 1305
197 40 1306
179 106 1307
145 51 1308
177 96 1309
83 117 1310
126 185 1311
78 101 1312
12 66 1313
78 37 1314
58 33 1315
145 28 1316
155 100 1317
17 67 1318
83 161 1319
29 46 1320
61 145 1321
174 115 1322
186 148 1323
83 92 1324
143 103 1325
171 99 1326
8 63 1327
129 152 1328
46 128 1329
128 28 1330
75 12 1331
21 138 1332
162 26 1333
162 175 1334
194 134 1335
31 178 1336
161 156 1337
155 199 1338
56 7 1339
122 66 1340
35 191 1341
178 27 1342
161 51 1343
92 166 1344
93 137 1345
156 74 1346
113 140 1347
109 182 1348
78 17 1349
135 29 1350
102 136 1351
94 38 1352
181 57 1353
99 57 1354
77 83 1355
182 127 1356
92 17 1357
91 70 1358
29 170 1359
10 174 1360
152 57 1361
6 39 1362
36 108 1363
47 13 1364
108 40 1365
161 118 1366
166 162 1367
34 198 1368
7 98 1369
92 66 1370
78 148 1371
9 62 1372
193 51 1373
186 68 1374
23 35 1375
25 55 1376
141 40 1377
32 71 1378
104 88 1379
101 146 1380
78 62 1381
195 43 1382
10 140 1383
42 67 1384
81 99 1385
185 134 1386
62 110 1387
22 191 1388
127 195 1389
50 26 1390
183 45 1391
38 12 1392
5 132 1393
110 54 1394
66 161 1395
23 59 1396
183 149 1397
127 66 1398
101 80 1399
42 49 1400
153 22 1401
38 121 1402
91 187 1403
120 158 1404
47 14 1405
191 197 1406
22 9 1407
30 72 1408
173 156 1409
79 38 1410
177 97 1411
116 183 1412
87 149 1413
1 72 1414
124 141 1415
102 26 1416
6 124 1417
19 48 1418
142 185 1419
197 181 1420
154 117 1421
194 31 1422
9 23 1423
83 182 1424
47 156 1425
155 158 1426
163 173 1427
120 177 1428
61 33 1429
149 173 1430
59 147 1431
1 136 1432
41 181 1433
56 40 1434
99 141 1435
43 67 1436
116 161 1437
115 164 1438
192 7 1439
94 46 1440
117 145 1441
83 50 1442
83 79 1443
181 123 1444
22 77 1445
71 2 1446
25 132 1447
110 188 1448
176 10 1449
43 46 1450
185 95 1451
9 171 1452
70 38 1453
79 114 1454
183 124 1455
125 130 1456
78 95 1457
161 102 1458
124 111 1459
145 141 1460
16 97 1461
133 115 1462
197 85 1463
60 90 1464
54 100 1465
153 53 1466
98 136 1467
45 107 1468
141 60 1469
192 152 1470
19 29 1471
75 100 1472
70 83 1473
133 187 1474
58 179 1475
109 30 1476
188 47 1477
13 91 1478
146 52 1479
101 105 1480
140 134 1481
21 195 1482
158 93 1483
113 96 1484
18 112 1485
153 108 1486
131 151 1487
163 139 1488
71 12 1489
10 56 1490
76 45 1491
77 92 1492
166 76 1493
78 162 1494
93 192 1495
40 198 1496
29 47 1497
111 91 1498
133 185 1499
91 165 1500
186 48 1501
90 192 1502
20 110 1503
196 127 1504
34 173 1505
54 61 1506
45 163 1507
94 149 1508
71 168 1509
72 189 1510
66 60 1511
186 171 1512
39 173 1513
189 84 1514
152 184 1515
174 32 1516
72 24 1517
121 123 1518
155 73 1519
105 114 1520
30 103 1521
4 104 1522
18 190 1523
64 197 1524
170 175 1525
192 61 1526
155 178 1527
104 6 1528
86 19 1529
29 18 1530
37 23 1531
151 39 1532
78 144 1533
125 10 1534
65 139 1535
129 93 1536
51 172 1537
90 108 1538
18 86 1539
180 170 1540
105 35 1541
91 63 1542
154 100 1543
109 75 1544
119 57 1545
117 61 1546
31 163 1547
155 120 1548
32 140 1549
183 86 1550
39 57 1551
133 39 1552
128 161 1553
86 140 1554
84 45 1555
101 107 1556
157 103 1557
73 167 1558
11 43 1559
46 28 1560
89 120 1561
89 126 1562
164 11 1563
51 159 1564
24 84 1565
59 131 1566
34 7 1567
192 107 1568
5 49 1569
162 60 1570
74 102 1571
53 10 1572
37 108 1573
37 10 1574
130 133 1575
170 37 1576
99 113 1577
34 159 1578
3 35 1579
168 50 1580
16 194 1581
9 70 1582
197 73 1583
113 28 1584
55 28 1585
85 71 1586
63 120 1587
21 190 1588
20 79 1589
57 139 1590
162 51 1591
111 129 1592
106 107 1593
182 157 1594
143 184 1595
165 109 1596
61 41 1597
199 157 1598
146 173 1599
137 161 1600
123 148 1601
113 172 1602
127 181 1603
188 198 1604
120 195 1605
172 126 1606
141 146 1607
68 146 1608
165 198 1609
24 87 1610
106 199 1611
144 135 1612
39 55 1613
172 138 1614
113 52 1615
105 193 1616
118 197 1617
188 55 1618
115 141 1619
116 7 1620
132 3 1621
135 37 1622
55 200 1623
60 151 1624
2 15 1625
80 181 1626
109 41 1627
108 113 1628
33 22 1629
163 88 1630
97 40 1631
23 7 1632
199 68 1633
153 185 1634
114 88 1635
33 100 1636
61 51 1637
24 146 1638
70 41 1639
154 173 1640
19 154 1641
198 135 1642
177 180 1643
111 120 1644
80 35 1645
133 100 1646
129 123 1647
7 87 1648
180 158 1649
38 134 1650
86 105 1651
120 104 1652
115 146 1653
177 143 1654
153 32 1655
78 84 1656
4 166 1657
113 26 1658
87 100 1659
107 96 1660
70 183 1661
7 110 1662
91 170 1663
12 134 1664
28 45 1665
161 60 1666
95 40 1667
63 90 1668
22 101 1669
143 131 1670
87 8 1671
36 28 1672
125 175 1673
154 162 1674
118 125 1675
76 38 1676
38 64 1677
88 15 1678
115 62 1679
131 186 1680
116 126 1681
100 58 1682
58 175 1683
6 46 1684
51 44 1685
157 60 1686
175 159 1687
195 91 1688
195 188 1689
113 77 1690
158 128 1691
113 31 1692
84 42 1693
62 58 1694
131 27 1695
80 14 1696
116 77 1697
110 140 1698
64 13 1699
93 196 1700
74 172 1701
112 36 1702
124 192 1703
188 121 1704
60 91 1705
141 55 1706
81 174 1707
46 27 1708
114 133 1709
168 187 1710
140 109 1711
141 16 1712
42 83 1713
42 1 1714
74 17 1715
61 151 1716
75 51 1717
55 129 1718
12 72 1719
95 85 1720
118 54 1721
175 73 1722
16 159 1723
80 151 1724
185 35 1725
43 147 1726
32 198 1727
178 196 1728
131 39 1729
20 137 1730
57 154 1731
125 12 1732
18 109 1733
84 148 1734
182 40 1735
175 113 1736
34 51 1737
15 156 1738
19 173 1739
196 43 1740
7 66 1741
6 79 1742
195 14 1743
196 111 1744
114 36 1745
197 60 1746
22 39 1747
141 171 1748
48 196 1749
176 130 1750
106 197 1751
91 128 1752
175 122 1753
47 145 1754
166 68 1755
75 15 1756
130 54 1757
90 172 1758
34 52 1759
147 20 1760
125 149 1761
90 32 1762
141 137 1763
165 67 1764
58 107 1765
143 17 1766
173 181 1767
85 15 1768
142 79 1769
185 199 1770
35 176 1771
49 133 1772
47 97 1773
124 110 1774
126 197 1775
195 104 1776
82 138 1777
53 183 1778
190 152 1779
196 30 1780
146 5 1781
101 76 1782
191 95 1783
82 185 1784
70 190 1785
160 40 1786
168 83 1787
175 197 1788
12 35 1789
180 49 1790
130 118 1791
148 46 1792
144 172 1793
40 111 1794
105 180 1795
66 86 1796
71 169 1797
195 78 1798
81 115 1799
24 159 1800
134 78 1801
16 22 1802
51 143 1803
67 113 1804
178 116 1805
95 12 1806
37 51 1807
180 148 1808
120 27 1809
21 177 1810
198 161 1811
19 50 1812
13 60 1813
170 78 1814
166 142 1815
44 181 1816
141 198 1817
53 162 1818
155 102 1819
99 110 1820
59 135 1821
194 33 1822
47 192 1823
78 99 1824
89 84 1825
83 66 1826
199 125 1827
188 153 1828
48 137 1829
99 106 1830
89 81 1831
153 16 1832
142 189 1833
190 31 1834
105 14 1835
19 198 1836
60 145 1837
123 149 1838
59 15 1839
190 20 1840
140 73 1841
185 103 1842
167 23 1843
141 125 1844
21 69 1845
44 154 1846
157 48 1847
198 169 1848
172 139 1849
12 70 1850
166 196 1851
77 56 1852
85 191 1853
157 80 1854
134 189 1855
12 60 1856
53 8 1857
82 36 1858
166 93 1859
35 127 1860
78 57 1861
73 24 1862
8 50 1863
127 160 1864
161 175 1865
65 194 1866
151 32 1867
50 66 1868
178 79 1869
177 161 1870
165 145 1871
174 71 1872
125 155 1873
157 96 1874
49 55 1875
6 22 1876
150 130 1877
56 93 1878
65 169 1879
11 37 1880
73 61 1881
17 126 1882
141 69 1883
85 33 1884
144 163 1885
155 63 1886
121 67 1887
59 38 1888
167 85 1889
200 130 1890
148 154 1891
131 25 1892
149 106 1893
126 62 1894
86 9 1895
13 110 1896
165 61 1897
103 101 1898
184 192 1899
166 79 1900
82 175 1901
172 1 1902
38 54 1903
33 103 1904
82 199 1905
6 118 1906
90 17 1907
116 146 1908
163 76 1909
93 103 1910
149 195 1911
43 88 1912
175 65 1913
67 106 1914
10 76 1915
159 196 1916
69 10 1917
71 112 1918
169 181 1919
13 21 1920
6 161 1921
170 18 1922
103 66 1923
185 79 1924
110 12 1925
34 64 1926
165 29 1927
41 145 1928
190 32 1929
122 101 1930
28 111 1931
122 167 1932
63 124 1933
127 4 1934
95 50 1935
182 24 1936
17 140 1937
125 14 1938
59 53 1939
95 94 1940
80 111 1941
121 66 1942
30 191 1943
2 14 1944
32 65 1945
178 73 1946
19 143 1947
144 150 1948
3 100 1949
60 136 1950
60 62 1951
55 119 1952
10 116 1953
44 176 1954
133 13 1955
62 191 1956
48 175 1957
169 186 1958
118 181 1959
96 81 1960
93 122 1961
131 97 1962
117 185 1963
120 200 1964
159 118 1965
68 29 1966
74 151 1967
90 105 1968
42 106 1969
48 24 1970
102 157 1971
144 173 1972
129 151 1973
129 139 1974
22 188 1975
98 69 1976
104 175 1977
197 117 1978
29 80 1979
17 120 1980
133 107 1981
26 56 1982
15 115 1983
197 53 1984
36 110 1985
98 95 1986
160 152 1987
77 35 1988
20 112 1989
189 90 1990
145 132 1991
54 134 1992
103 175 1993
184 41 1994
72 71 1995
190 67 1996
16 35 1997
133 64 1998
70 120 1999
65 115 2000
198 93 2001
101 109 2002
76 41 2003
56 190 2004
32 1 2005
9 125 2006
32 164 2007
131 23 2008
83 132 2009
13 187 2010
46 137 2011
134 95 2012
86 25 2013
41 72 2014
88 198 2015
147 108 2016
35 133 2017
196 41 2018
125 27 2019
163 186 2020
60 126 2021
74 12 2022
49 57 2023
148 134 2024
183 129 2025
194 85 2026
85 107 2027
94 4 2028
129 7 2029
85 83 2030
115 161 2031
11 171 2032
186 58 2033
5 27 2034
97 89 2035
18 115 2036
145 155 2037
124 101 2038
97 19 2039
84 73 2040
23 183 2041
184 20 2042
58 86 2043
186 94 2044
53 128 2045
1 129 2046
41 79 2047
131 85 2048
180 52 2049
135 63 2050
116 151 2051
190 55 2052
95 28 2053
67 102 2054
24 131 2055
93 104 2056
187 200 2057
28 124 2058
3 8 2059
112 50 2060
5 16 2061
194 157 2062
172 118 2063
183 76 2064
100 42 2065
76 176 2066
130 144 2067
116 61 2068
80 129 2069
47 52 2070
95 198 2071
51 150 2072
169 45 2073
152 19 2074
1 154 2075
199 71 2076
101 51 2077
170 171 2078
147 58 2079
15 25 2080
198 4 2081
150 163 2082
163 157 2083
185 166 2084
46 161 2085
177 70 2086
23 50 2087
94 18 2088
154 86 2089
139 125 2090
59 111 2091
70 72 2092
88 152 2093
109 17 2094
90 10 2095
99 191 2096
29 93 2097
95 125 2098
52 171 2099
33 153 2100
49 45 2101
49 80 2102
16 42 2103
60 137 2104
153 88 2105
183 61 2106
6 51 2107
54 108 2108
137 11 2109
159 17 2110
14 188 2111
116 143 2112
39 74 2113
97 62 2114
189 73 2115
53 74 2116
190 38 2117
176 70 2118
81 168 2119
79 130 2120
16 189 2121
160 58 2122
161 84 2123
177 4 2124
114 168 2125
20 161 2126
94 200 2127
144 136 2128
12 46 2129
8 91 2130
3 184 2131
55 151 2132
43 93 2133
180 85 2134
83 28 2135
116 149 2136
138 141 2137
53 141 2138
52 67 2139
192 46 2140
22 31 2141
15 188 2142
141 150 2143
71 54 2144
8 17 2145
58 82 2146
77 104 2147
42 173 2148
191 96 2149
106 174 2150
111 140 2151
89 11 2152
51 149 2153
148 43 2154
4 96 2155
69 169 2156
71 184 2157
101 121 2158
151 27 2159
175 19 2160
68 94 2161
82 188 2162
151 84 2163
126 187 2164
72 55 2165
127 194 2166
42 12 2167
115 90 2168
83 45 2169
132 165 2170
151 5 2171
95 128 2172
149 2 2173
19 43 2174
96 58 2175
107 129 2176
89 116 2177
65 113 2178
130 195 2179
158 191 2180
164 141 2181
17 170 2182
90 11 2183
191 10 2184
162 155 2185
160 174 2186
109 26 2187
27 54 2188
96 196 2189
91 107 2190
71 46 2191
60 123 2192
95 38 2193
200 105 2194
38 162 2195
123 139 2196
86 190 2197
120 142 2198
76 179 2199
24 132 2200
94 83 2201
119 109 2202
94 45 2203
48 17 2204
114 6 2205
21 66 2206
73 54 2207
150 7 2208
72 93 2209
159 76 2210
96 91 2211
108 169 2212
101 120 2213
34 141 2214
19 165 2215
149 54 2216
44 149 2217
187 191 2218
121 15 2219
59 113 2220
184 142 2221
24 141 2222
94 129 2223
79 97 2224
168 160 2225
182 150 2226
157 74 2227
40 4 2228
182 30 2229
163 190 2230
182 171 2231
188 173 2232
177 178 2233
138 61 2234
184 14 2235
119 60 2236
31 64 2237
9 14 2238
157 151 2239
55 5 2240
13 123 2241
65 181 2242
140 77 2243
67 33 2244
170 129 2245
57 32 2246
3 124 2247
81 107 2248
120 52 2249
96 36 2250
65 97 2251
165 90 2252
37 38 2253
129 14 2254
13 84 2255
193 130 2256
35 46 2257
52 164 2258
109 100 2259
74 117 2260
144 83 2261
48 110 2262
183 22 2263
200 129 2264
43 97 2265
4 52 2266
128 89 2267
38 151 2268
87 80 2269
186 20 2270
120 182 2271
69 8 2272
57 29 2273
46 26 2274
123 112 2275
63 153 2276
196 129 2277
42 94 2278
86 109 2279
74 143 2280
37 9 2281
6 159 2282
72 150 2283
73 173 2284
75 34 2285
198 90 2286
41 185 2287
143 129 2288
25 52 2289
55 66 2290
59 30 2291
35 6 2292
147 165 2293
113 139 2294
141 127 2295
86 24 2296
40 46 2297
114 175 2298
177 127 2299
43 168 2300
53 96 2301
169 109 2302
125 28 2303
112 15 2304
137 105 2305
12 159 2306
77 46 2307
16 171 2308
28 37 2309
62 23 2310
147 29 2311
84 16 2312
186 88 2313
124 14 2314
65 131 2315
107 117 2316
158 5 2317
141 199 2318
24 13 2319
100 118 2320
58 30 2321
24 118 2322
13 70 2323
101 56 2324
180 84 2325
52 30 2326
186 63 2327
36 77 2328
13 181 2329
149 48 2330
121 30 2331
50 59 2332
22 61 2333
2 36 2334
195 155 2335
175 50 2336
140 175 2337
148 86 2338
2 32 2339
108 136 2340
14 148 2341
152 131 2342
48 49 2343
37 194 2344
52 71 2345
20 121 2346
40 175 2347
10 110 2348
25 90 2349
22 81 2350
143 38 2351
54 90 2352
12 89 2353
134 49 2354
19 39 2355
184 56 2356
100 89 2357
67 194 2358
69 66 2359
157 138 2360
55 106 2361
106 194 2362
63 180 2363
197 95 2364
191 88 2365
158 83 2366
14 192 2367
155 187 2368
101 187 2369
139 72 2370
69 48 2371
70 149 2372
38 14 2373
105 83 2374
3 179 2375
158 60 2376
142 176 2377
137 108 2378
48 134 2379
21 2 2380
2 108 2381
27 104 2382
75 21 2383
143 41 2384
180 195 2385
119 162 2386
85 17 2387
162 133 2388
65 87 2389
80 153 2390
1 109 2391
185 21 2392
140 105 2393
171 39 2394
85 73 2395
193 25 2396
5 9 2397
151 109 2398
27 92 2399
137 158 2400
111 191 2401
147 177 2402
42 103 2403
66 147 2404
191 198 2405
124 190 2406
140 39 2407
157 16 2408
119 197 2409
200 74 2410
31 175 2411
66 102 2412
19 167 2413
116 52 2414
105 190 2415
48 67 2416
54 180 2417
175 165 2418
160 159 2419
47 167 2420
144 12 2421
43 35 2422
47 39 2423
29 127 2424
35 11 2425
108 178 2426
2 188 2427
164 50 2428
121 175 2429
86 134 2430
200 149 2431
86 118 2432
54 194 2433
185 195 2434
41 176 2435
13 151 2436
14 43 2437
158 63 2438
160 184 2439
66 194 2440
132 59 2441
83 191 2442
177 200 2443
155 200 2444
32 150 2445
168 7 2446
125 183 2447
52 76 2448
80 24 2449
119 136 2450
129 89 2451
168 151 2452
22 47 2453
32 75 2454
132 69 2455
164 107 2456
73 123 2457
29 124 2458
9 105 2459
170 118 2460
50 67 2461
97 135 2462
136 70 2463
161 134 2464
134 77 2465
45 5 2466
181 164 2467
147 35 2468
48 141 2469
153 132 2470
105 156 2471
39 68 2472
100 117 2473
34 142 2474
18 13 2475
112 95 2476
3 86 2477
140 193 2478
166 151 2479
73 166 2480
64 129 2481
74 123 2482
138 131 2483
3 112 2484
59 196 2485
122 170 2486
33 14 2487
106 29 2488
178 100 2489
191 104 2490
53 130 2491
31 33 2492
134 23 2493
163 63 2494
192 189 2495
180 89 2496
20 23 2497
184 77 2498
7 45 2499
146 111 2500
167 84 2501
133 161 2502
48 188 2503
17 58 2504
58 137 2505
91 85 2506
5 54 2507
157 95 2508
1 186 2509
115 66 2510
143 123 2511
194 149 2512
182 7 2513
185 26 2514
106 162 2515
50 79 2516
105 76 2517
18 77 2518
63 68 2519
200 118 2520
98 160 2521
105 40 2522
27 35 2523
161 18 2524
63 62 2525
37 123 2526
58 172 2527
15 94 2528
38 176 2529
172 162 2530
162 179 2531
174 31 2532
125 140 2533
142 165 2534
121 91 2535
138 144 2536
38 31 2537
169 173 2538
141 105 2539
173 136 2540
111 74 2541
114 48 2542
119 61 2543
145 75 2544
156 52 2545
141 126 2546
13 1 2547
198 138 2548
163 120 2549
93 22 2550
93 170 2551
25 113 2552
185 188 2553
26 181 2554
137 165 2555
177 84 2556
87 171 2557
16 101 2558
177 20 2559
142 121 2560
101 147 2561
146 150 2562
150 58 2563
37 8 2564
145 71 2565
168 26 2566
73 134 2567
164 34 2568
176 14 2569
108 104 2570
149 103 2571
153 66 2572
68 107 2573
59 171 2574
75 102 2575
159 123 2576
109 116 2577
57 138 2578
82 146 2579
107 61 2580
191 54 2581
68 136 2582
19 197 2583
138 123 2584
167 151 2585
167 130 2586
81 44 2587
18 37 2588
160 137 2589
151 145 2590
21 16 2591
27 8 2592
105 8 2593
85 158 2594
103 165 2595
31 114 2596
173 60 2597
18 40 2598
13 62 2599
125 7 2600
25 32 2601
141 140 2602
196 102 2603
128 70 2604
72 167 2605
195 100 2606
5 126 2607
69 72 2608
75 97 2609
31 150 2610
70 146 2611
125 144 2612
171 110 2613
55 183 2614
81 91 2615
94 196 2616
31 158 2617
28 104 2618
175 194 2619
84 94 2620
4 71 2621
103 29 2622
111 5 2623
92 181 2624
117 30 2625
164 56 2626
64 108 2627
164 142 2628
83 121 2629
68 67 2630
75 10 2631
36 37 2632
138 197 2633
1 79 2634
51 93 2635
64 117 2636
70 28 2637
194 110 2638
165 197 2639
195 101 2640
81 147 2641
185 18 2642
158 115 2643
17 155 2644
127 60 2645
70 67 2646
19 26 2647
20 180 2648
112 16 2649
190 186 2650
97 117 2651
194 17 2652
96 199 2653
13 9 2654
150 109 2655
47 184 2656
132 129 2657
177 114 2658
146 16 2659
10 85 2660
70 148 2661
6 138 2662
166 150 2663
176 15 2664
136 199 2665
137 168 2666
176 51 2667
58 32 2668
28 153 2669
58 132 2670
20 84 2671
25 118 2672
188 52 2673
135 91 2674
52 92 2675
110 109 2676
28 133 2677
27 72 2678
104 95 2679
29 32 2680
116 65 2681
49 72 2682
56 102 2683
104 34 2684
124 59 2685
79 106 2686
147 120 2687
137 140 2688
115 195 2689
171 119 2690
68 41 2691
163 14 2692
156 194 2693
168 53 2694
79 90 2695
183 191 2696
149 151 2697
147 55 2698
74 142 2699
157 47 2700
187 92 2701
112 93 2702
112 11 2703
87 111 2704
120 19 2705
4 63 2706
99 181 2707
60 171 2708
17 95 2709
82 64 2710
57 5 2711
27 124 2712
86 120 2713
28 6 2714
16 126 2715
36 69 2716
174 12 2717
147 149 2718
46 147 2719
68 149 2720
66 65 2721
107 41 2722
154 66 2723
168 182 2724
3 178 2725
167 191 2726
97 191 2727
178 61 2728
13 166 2729
74 130 2730
44 96 2731
108 130 2732
155 76 2733
7 193 2734
195 19 2735
154 135 2736
101 91 2737
104 148 2738
21 157 2739
174 36 2740
133 156 2741
21 124 2742
142 113 2743
70 194 2744
171 78 2745
89 137 2746
118 178 2747
69 104 2748
138 35 2749
74 11 2750
80 169 2751
194 119 2752
25 197 2753
165 115 2754
152 64 2755
11 34 2756
117 150 2757
109 198 2758
77 39 2759
114 149 2760
187 159 2761
2 93 2762
190 74 2763
171 168 2764
99 105 2765
174 52 2766
37 134 2767
80 192 2768
195 167 2769
180 186 2770
195 95 2771
14 23 2772
38 118 2773
54 137 2774
34 69 2775
103 44 2776
89 177 2777
174 185 2778
47 102 2779
37 192 2780
196 44 2781
179 81 2782
2 20 2783
153 95 2784
53 100 2785
43 159 2786
142 36 2787
33 11 2788
190 138 2789
30 32 2790
37 189 2791
66 192 2792
168 138 2793
32 118 2794
155 172 2795
181 25 2796
56 61 2797
119 44 2798
151 90 2799
63 103 2800
168 45 2801
58 167 2802
177 139 2803
44 179 2804
33 128 2805
140 130 2806
197 151 2807
153 155 2808
170 136 2809
176 65 2810
101 169 2811
143 35 2812
150 22 2813
163 21 2814
144 197 2815
36 170 2816
192 111 2817
149 83 2818
24 30 2819
22 75 2820
114 7 2821
76 56 2822
125 38 2823
40 76 2824
191 64 2825
24 163 2826
93 20 2827
195 22 2828
193 131 2829
33 129 2830
122 71 2831
56 86 2832
161 29 2833
105 128 2834
64 71 2835
34 107 2836
5 162 2837
74 175 2838
183 40 2839
146 127 2840
196 150 2841
108 159 2842
196 164 2843
42 21 2844
23 34 2845
60 128 2846
197 187 2847
27 97 2848
18 102 2849
39 97 2850
162 64 2851
117 77 2852
189 197 2853
177 62 2854
150 54 2855
135 194 2856
164 168 2857
71 59 2858
171 13 2859
77 142 2860
12 135 2861
100 43 2862
127 67 2863
108 96 2864
107 177 2865
41 45 2866
133 197 2867
71 74 2868
96 167 2869
105 4 2870
188 182 2871
127 121 2872
163 13 2873
130 175 2874
95 31 2875
91 17 2876
96 95 2877
13 31 2878
87 67 2879
87 144 2880
4 112 2881
79 154 2882
15 69 2883
193 71 2884
170 199 2885
4 122 2886
147 195 2887
184 124 2888
111 133 2889
72 103 2890
117 138 2891
169 144 2892
52 55 2893
190 77 2894
102 130 2895
121 34 2896
12 176 2897
29 113 2898
117 194 2899
187 102 2900
106 15 2901
97 153 2902
85 183 2903
93 68 2904
131 162 2905
100 112 2906
153 187 2907
20 181 2908
155 39 2909
185 83 2910
8 158 2911
13 149 2912
126 115 2913
4 159 2914
195 37 2915
98 91 2916
192 78 2917
28 166 2918
107 180 2919
64 127 2920
126 98 2921
15 52 2922
6 7 2923
28 174 2924
11 162 2925
33 138 2926
155 23 2927
162 165 2928
24 130 2929
10 166 2930
62 125 2931
122 177 2932
121 69 2933
13 58 2934
166 34 2935
123 152 2936
69 166 2937
109 115 2938
40 32 2939
142 168 2940
19 67 2941
74 133 2942
145 126 2943
59 99 2944
122 185 2945
192 18 2946
135 13 2947
169 154 2948
60 186 2949
149 23 2950
151 150 2951
141 121 2952
68 35 2953
164 176 2954
167 98 2955
116 18 2956
178 106 2957
79 153 2958
186 200 2959
105 36 2960
53 18 2961
177 26 2962
144 75 2963
106 6 2964
9 92 2965
72 77 2966
40 98 2967
103 26 2968
124 51 2969
90 16 2970
139 152 2971
44 71 2972
50 38 2973
53 118 2974
72 173 2975
14 173 2976
199 33 2977
162 115 2978
62 72 2979
190 66 2980
5 192 2981
29 4 2982
158 161 2983
48 146 2984
170 82 2985
4 167 2986
118 81 2987
200 182 2988
64 80 2989
29 72 2990
58 64 2991
129 72 2992
172 108 2993
121 42 2994
36 41 2995
132 150 2996
171 15 2997
47 31 2998
71 84 2999
50 25 3000
185 93 3001
51 56 3002
23 194 3003
193 181 3004
51 27 3005
79 129 3006
196 187 3007
147 158 3008
48 55 3009
170 191 3010
182 190 3011
174 34 3012
20 74 3013
51 165 3014
3 56 3015
14 49 3016
37 91 3017
168 161 3018
20 5 3019
107 75 3020
107 169 3021
167 87 3022
3 42 3023
104 68 3024
101 89 3025
161 36 3026
83 120 3027
112 120 3028
76 165 3029
109 163 3030
74 75 3031
116 69 3032
155 70 3033
192 55 3034
153 6 3035
123 184 3036
127 1 3037
186 158 3038
92 196 3039
81 186 3040
137 176 3041
18 16 3042
40 62 3043
18 97 3044
105 92 3045
171 142 3046
42 110 3047
33 23 3048
84 22 3049
178 48 3050
93 96 3051
7 28 3052
199 128 3053
188 162 3054
186 193 3055
36 130 3056
177 109 3057
169 142 3058
117 119 3059
114 69 3060
131 71 3061
130 52 3062
25 159 3063
17 64 3064
100 67 3065
98 83 3066
6 128 3067
195 77 3068
139 42 3069
52 32 3070
57 124 3071
57 80 3072
54 177 3073
96 62 3074
81 110 3075
140 170 3076
56 6 3077
64 182 3078
112 29 3079
125 133 3080
116 135 3081
18 1 3082
175 69 3083
127 197 3084
43 111 3085
30 65 3086
134 118 3087
58 168 3088
80 102 3089
184 178 3090
57 16 3091
3 182 3092
47 67 3093
156 42 3094
86 155 3095
189 79 3096
150 155 3097
7 70 3098
184 90 3099
8 192 3100
17 111 3101
139 32 3102
94 60 3103
183 62 3104
16 115 3105
116 79 3106
87 75 3107
179 175 3108
171 106 3109
198 174 3110
187 87 3111
152 182 3112
189 63 3113
108 52 3114
131 41 3115
84 137 3116
42 39 3117
27 160 3118
80 68 3119
46 182 3120
30 174 3121
5 127 3122
181 86 3123
151 125 3124
95 143 3125
94 153 3126
56 172 3127
195 36 3128
30 155 3129
116 36 3130
124 107 3131
94 159 3132
77 93 3133
169 51 3134
57 102 3135
183 96 3136
106 116 3137
28 149 3138
63 168 3139
124 169 3140
176 184 3141
17 37 3142
160 185 3143
53 177 3144
49 149 3145
132 148 3146
168 159 3147
181 178 3148
44 116 3149
120 34 3150
124 130 3151
157 159 3152
110 138 3153
48 139 3154
99 26 3155
3 26 3156
21 166 3157
177 157 3158
57 196 3159
93 50 3160
121 57 3161
116 122 3162
119 86 3163
81 158 3164
165 80 3165
121 50 3166
188 34 3167
128 98 3168
45 116 3169
51 123 3170
73 3 3171
8 35 3172
165 58 3173
136 185 3174
89 26 3175
154 27 3176
190 24 3177
178 173 3178
6 158 3179
105 24 3180
45 161 3181
146 181 3182
108 181 3183
185 70 3184
102 175 3185
50 165 3186
114 63 3187
180 93 3188
170 25 3189
191 75 3190
58 15 3191
75 73 3192
180 114 3193
112 169 3194
113 51 3195
180 15 3196
13 78 3197
60 160 3198
130 81 3199
144 69 3200
62 19 3201
76 8 3202
69 7 3203
85 173 3204
101 199 3205
89 47 3206
159 32 3207
114 155 3208
12 196 3209
152 60 3210
128 123 3211
119 178 3212
13 41 3213
74 59 3214
82 178 3215
85 109 3216
107 16 3217
75 116 3218
71 48 3219
194 103 3220
142 86 3221
117 153 3222
109 187 3223
162 156 3224
109 111 3225
170 127 3226
52 142 3227
47 140 3228
111 188 3229
109 112 3230
70 44 3231
77 107 3232
43 27 3233
30 104 3234
87 77 3235
42 192 3236
65 180 3237
165 16 3238
22 186 3239
194 130 3240
197 52 3241
54 3 3242
28 77 3243
85 140 3244
134 187 3245
143 139 3246
62 140 3247
54 121 3248
191 115 3249
168 33 3250
62 198 3251
8 173 3252
161 130 3253
79 56 3254
172 8 3255
2 116 3256
157 81 3257
35 128 3258
193 6 3259
62 161 3260
62 149 3261
61 97 3262
70 77 3263
93 153 3264
6 29 3265
137 10 3266
53 176 3267
99 49 3268
12 20 3269
143 40 3270
51 86 3271
113 63 3272
57 12 3273
14 123 3274
115 152 3275
132 45 3276
187 157 3277
164 160 3278
192 190 3279
163 176 3280
14 103 3281
52 151 3282
143 28 3283
193 97 3284
132 54 3285
8 64 3286
76 153 3287
197 10 3288
191 89 3289
179 59 3290
35 19 3291
103 169 3292
56 92 3293
24 161 3294
135 147 3295
55 127 3296
181 129 3297
127 190 3298
45 123 3299
84 35 3300
24 20 3301
139 150 3302
106 185 3303
44 151 3304
197 74 3305
84 146 3306
117 156 3307
51 9 3308
79 160 3309
78 9 3310
69 161 3311
97 178 3312
13 145 3313
157 107 3314
4 49 3315
194 185 3316
94 135 3317
175 67 3318
5 64 3319
73 7 3320
170 185 3321
155 44 3322
59 68 3323
76 14 3324
153 198 3325
168 60 3326
186 140 3327
111 16 3328
147 140 3329
150 111 3330
22 29 3331
159 54 3332
94 50 3333
194 56 3334
151 24 3335
24 160 3336
151 94 3337
6 139 3338
121 143 3339
132 21 3340
42 18 3341
26 18 3342
49 173 3343
97 142 3344
104 100 3345
84 117 3346
183 114 3347
52 159 3348
165 44 3349
113 174 3350
33 149 3351
72 22 3352
193 119 3353
53 104 3354
88 3 3355
11 140 3356
100 116 3357
46 112 3358
185 86 3359
181 72 3360
199 41 3361
142 43 3362
164 78 3363
6 121 3364
29 142 3365
92 161 3366
49 192 3367
184 194 3368
90 170 3369
100 182 3370
118 155 3371
149 144 3372
136 54 3373
125 93 3374
55 31 3375
108 173 3376
27 142 3377
180 7 3378
169 49 3379
173 77 3380
25 93 3381
26 66 3382
160 133 3383
66 81 3384
32 37 3385
190 46 3386
94 179 3387
24 95 3388
121 56 3389
32 182 3390
190 19 3391
32 191 3392
76 185 3393
15 132 3394
59 125 3395
66 68 3396
158 89 3397
166 41 3398
29 17 3399
180 199 3400
179 172 3401
185 23 3402
186 31 3403
28 105 3404
140 124 3405
144 65 3406
124 138 3407
95 18 3408
1 56 3409
61 24 3410
120 169 3411
113 121 3412
125 115 3413
199 98 3414
181 84 3415
89 42 3416
186 174 3417
29 179 3418
95 131 3419
50 18 3420
184 179 3421
53 172 3422
125 92 3423
196 1 3424
81 48 3425
154 15 3426
65 72 3427
2 114 3428
187 70 3429
27 148 3430
165 124 3431
128 108 3432
152 149 3433
82 88 3434
121 159 3435
58 99 3436
92 12 3437
47 90 3438
54 68 3439
29 28 3440
98 187 3441
104 13 3442
150 116 3443
22 64 3444
143 67 3445
7 112 3446
184 195 3447
83 159 3448
140 200 3449
61 105 3450
192 150 3451
174 184 3452
116 142 3453
13 89 3454
139 142 3455
167 176 3456
142 11 3457
4 132 3458
39 105 3459
9 1 3460
4 142 3461
55 69 3462
181 148 3463
64 99 3464
112 38 3465
110 195 3466
188 133 3467
111 14 3468
154 124 3469
176 4 3470
133 123 3471
149 177 3472
187 121 3473
88 103 3474
83 34 3475
126 111 3476
117 50 3477
153 43 3478
54 10 3479
178 56 3480
153 18 3481
12 37 3482
199 104 3483
159 161 3484
169 18 3485
90 140 3486
122 158 3487
2 178 3488
189 185 3489
96 56 3490
8 19 3491
26 55 3492
66 90 3493
195 97 3494
185 78 3495
177 116 3496
92 7 3497
186 38 3498
108 148 3499
178 26 3500
145 138 3501
111 143 3502
158 88 3503
59 75 3504
193 171 3505
45 98 3506
90 43 3507
82 43 3508
36 8 3509
95 79 3510
66 52 3511
180 166 3512
30 57 3513
137 61 3514
131 89 3515
52 86 3516
53 181 3517
158 165 3518
147 166 3519
91 77 3520
5 172 3521
140 152 3522
113 177 3523
174 19 3524
127 77 3525
91 198 3526
147 51 3527
147 90 3528
91 161 3529
154 172 3530
65 44 3531
159 100 3532
150 113 3533
90 155 3534
14 158 3535
124 36 3536
198 106 3537
29 35 3538
115 105 3539
132 64 3540
147 92 3541
35 66 3542
104 72 3543
114 54 3544
13 147 3545
171 92 3546
119 163 3547
151 117 3548
124 187 3549
165 183 3550
144 117 3551
46 36 3552
127 101 3553
182 82 3554
41 161 3555
44 135 3556
64 140 3557
51 200 3558
99 56 3559
36 56 3560
79 69 3561
105 110 3562
138 42 3563
41 87 3564
119 156 3565
35 41 3566
24 171 3567
34 68 3568
69 112 3569
29 175 3570
18 123 3571
125 197 3572
33 132 3573
1 16 3574
197 178 3575
177 134 3576
81 123 3577
26 188 3578
135 195 3579
44 146 3580
166 17 3581
97 198 3582
85 185 3583
91 168 3584
9 48 3585
52 150 3586
73 139 3587
130 11 3588
87 21 3589
119 154 3590
7 195 3591
183 173 3592
94 19 3593
83 162 3594
49 93 3595
6 15 3596
167 70 3597
53 129 3598
43 31 3599
44 39 3600
58 60 3601
167 132 3602
49 86 3603
91 127 3604
136 131 3605
147 71 3606
26 117 3607
85 53 3608
143 21 3609
3 47 3610
70 76 3611
2 180 3612
106 147 3613
84 142 3614
120 161 3615
20 178 3616
104 113 3617
117 146 3618
178 70 3619
92 21 3620
166 31 3621
190 191 3622
7 63 3623
29 172 3624
113 138 3625
176 78 3626
58 35 3627
115 77 3628
156 38 3629
54 13 3630
5 175 3631
139 135 3632
70 19 3633
112 157 3634
184 118 3635
67 63 3636
12 41 3637
197 56 3638
53 165 3639
97 112 3640
77 164 3641
41 28 3642
151 198 3643
42 189 3644
41 104 3645
107 116 3646
50 132 3647
166 97 3648
71 81 3649
33 92 3650
140 13 3651
89 43 3652
10 92 3653
197 78 3654
44 10 3655
113 86 3656
181 30 3657
144 98 3658
63 136 3659
79 177 3660
89 176 3661
184 63 3662
60 105 3663
103 127 3664
163 8 3665
15 63 3666
48 144 3667
62 105 3668
62 112 3669
32 51 3670
10 145 3671
109 194 3672
175 192 3673
118 31 3674
184 49 3675
156 163 3676
93 149 3677
14 84 3678
170 116 3679
135 47 3680
16 29 3681
160 43 3682
71 163 3683
179 130 3684
195 152 3685
192 33 3686
86 7 3687
56 12 3688
123 66 3689
174 153 3690
152 89 3691
189 165 3692
158 95 3693
76 30 3694
3 62 3695
117 96 3696
24 142 3697
85 90 3698
171 76 3699
109 57 3700
39 21 3701
83 44 3702
105 80 3703
62 12 3704
87 14 3705
139 194 3706
100 76 3707
153 77 3708
88 44 3709
141 42 3710
14 55 3711
97 4 3712
177 185 3713
198 68 3714
67 12 3715
178 29 3716
99 92 3717
46 124 3718
103 68 3719
117 87 3720
4 78 3721
146 137 3722
13 10 3723
124 137 3724
200 106 3725
119 2 3726
90 194 3727
144 39 3728
52 134 3729
187 71 3730
17 144 3731
37 43 3732
142 133 3733
65 147 3734
3 85 3735
121 41 3736
72 191 3737
59 89 3738
124 92 3739
73 33 3740
139 124 3741
104 188 3742
143 46 3743
45 65 3744
3 81 3745
92 116 3746
37 188 3747
8 154 3748
179 187 3749
158 116 3750
10 155 3751
62 29 3752
21 78 3753
182 15 3754
25 64 3755
129 130 3756
174 120 3757
172 187 3758
159 60 3759
178 103 3760
65 108 3761
44 53 3762
49 26 3763
5 34 3764
34 154 3765
74 45 3766
159 147 3767
19 144 3768
80 124 3769
167 77 3770
154 18 3771
40 102 3772
95 121 3773
127 45 3774
97 152 3775
22 100 3776
7 165 3777
92 134 3778
85 122 3779
188 87 3780
87 114 3781
1 46 3782
29 118 3783
107 190 3784
154 197 3785
88 32 3786
92 49 3787
4 153 3788
160 6 3789
141 86 3790
82 148 3791
133 191 3792
87 42 3793
109 53 3794
193 183 3795
71 55 3796
128 96 3797
124 39 3798
97 22 3799
109 66 3800
138 100 3801
138 62 3802
150 76 3803
111 82 3804
189 69 3805
133 181 3806
36 33 3807
21 76 3808
74 44 3809
112 51 3810
127 136 3811
181 132 3812
50 22 3813
95 162 3814
73 51 3815
10 51 3816
147 162 3817
36 87 3818
110 85 3819
70 81 3820
158 200 3821
138 175 3822
115 171 3823
5 136 3824
54 30 3825
142 22 3826
107 114 3827
155 163 3828
72 13 3829
35 26 3830
177 6 3831
189 162 3832
138 30 3833
50 52 3834
106 158 3835
189 140 3836
147 144 3837
177 39 3838
88 66 3839
134 81 3840
115 187 3841
200 195 3842
7 199 3843
171 156 3844
33 176 3845
102 2 3846
171 85 3847
128 31 3848
140 21 3849
191 189 3850
144 127 3851
103 139 3852
146 30 3853
162 61 3854
52 20 3855
188 102 3856
59 8 3857
53 142 3858
107 2 3859
33 77 3860
94 43 3861
92 152 3862
2 3 3863
43 80 3864
136 86 3865
155 2 3866
67 29 3867
93 128 3868
2 5 3869
30 115 3870
181 138 3871
183 144 3872
190 187 3873
21 135 3874
74 56 3875
23 78 3876
121 98 3877
180 190 3878
11 95 3879
117 115 3880
196 175 3881
156 120 3882
83 139 3883
141 118 3884
180 193 3885
126 67 3886
162 93 3887
40 149 3888
60 175 3889
148 73 3890
118 186 3891
125 191 3892
119 150 3893
50 154 3894
124 118 3895
25 70 3896
197 82 3897
139 110 3898
55 75 3899
145 174 3900
33 167 3901
35 39 3902
26 114 3903
119 173 3904
163 27 3905
124 157 3906
113 199 3907
143 149 3908
193 42 3909
96 100 3910
5 78 3911
69 199 3912
189 158 3913
191 157 3914
187 169 3915
114 11 3916
160 103 3917
26 149 3918
173 62 3919
127 149 3920
177 76 3921
42 122 3922
82 48 3923
145 87 3924
54 135 3925
77 1 3926
52 33 3927
4 13 3928
122 102 3929
159 69 3930
173 106 3931
170 99 3932
144 164 3933
136 66 3934
131 154 3935
17 174 3936
52 90 3937
29 192 3938
41 52 3939
141 172 3940
67 41 3941
22 63 3942
70 17 3943
68 24 3944
121 130 3945
58 130 3946
186 185 3947
127 47 3948
72 155 3949
155 53 3950
125 134 3951
185 162 3952
180 62 3953
110 22 3954
134 75 3955
181 109 3956
153 197 3957
43 9 3958
106 108 3959
73 150 3960
80 3 3961
3 142 3962
68 95 3963
9 134 3964
147 198 3965
188 125 3966
72 63 3967
130 50 3968
189 8 3969
126 129 3970
182 93 3971
120 185 3972
100 127 3973
7 185 3974
80 103 3975
86 30 3976
141 95 3977
92 1 3978
167 34 3979
175 15 3980
198 89 3981
11 61 3982
27 198 3983
95 146 3984
73 115 3985
28 52 3986
67 181 3987
75 152 3988
30 69 3989
107 189 3990
152 84 3991
121 112 3992
158 35 3993
129 3 3994
42 186 3995
15 117 3996
54 45 3997
176 26 3998
180 178 3999
33 173 4000
11 134 4001
99 174 4002
34 103 4003
172 133 4004
32 18 4005
188 183 4006
89 40 4007
184 40 4008
162 140 4009
198 26 4010
45 3 4011
178 5 4012
139 90 4013
45 31 4014
120 97 4015
162 96 4016
116 27 4017
104 38 4018
28 114 4019
41 118 4020
175 78 4021
3 188 4022
22 55 4023
26 16 4024
54 181 4025
148 50 4026
135 182 4027
68 151 4028
22 87 4029
15 146 4030
107 84 4031
189 3 4032
74 36 4033
102 12 4034
166 136 4035
99 45 4036
177 141 4037
195 63 4038
86 67 4039
185 43 4040
128 23 4041
81 125 4042
92 55 4043
84 188 4044
80 66 4045
128 106 4046
151 37 4047
34 60 4048
67 123 4049
167 197 4050
167 38 4051
191 118 4052
90 125 4053
136 4 4054
196 76 4055
124 100 4056
37 7 4057
91 88 4058
77 84 4059
167 159 4060
3 4 4061
40 189 4062
116 70 4063
12 166 4064
94 126 4065
173 126 4066
160 147 4067
196 200 4068
184 30 4069
49 150 4070
135 131 4071
156 165 4072
72 3 4073
106 8 4074
46 165 4075
156 124 4076
11 141 4077
85 101 4078
62 127 4079
33 144 4080
192 178 4081
34 199 4082
60 100 4083
131 46 4084
122 142 4085
22 107 4086
147 153 4087
149 138 4088
196 81 4089
164 37 4090
80 176 4091
123 47 4092
96 31 4093
190 75 4094
8 23 4095
146 166 4096
164 62 4097
112 182 4098
46 85 4099
183 18 4100
183 46 4101
112 84 4102
5 15 4103
22 58 4104
14 24 4105
189 121 4106
147 8 4107
143 93 4108
72 5 4109
169 145 4110
87 50 4111
4 163 4112
116 28 4113
105 15 4114
160 48 4115
55 74 4116
168 37 4117
55 170 4118
168 17 4119
20 126 4120
20 139 4121
187 122 4122
119 191 4123
30 140 4124
16 80 4125
31 132 4126
140 166 4127
13 51 4128
39 50 4129
146 187 4130
101 115 4131
34 148 4132
19 32 4133
155 122 4134
171 152 4135
66 33 4136
14 178 4137
18 56 4138
124 68 4139
97 129 4140
196 142 4141
5 58 4142
53 57 4143
151 29 4144
22 15 4145
134 62 4146
156 10 4147
95 150 4148
140 24 4149
91 80 4150
175 46 4151
126 32 4152
116 128 4153
34 91 4154
163 42 4155
44 126 4156
56 62 4157
112 28 4158
61 72 4159
36 101 4160
97 197 4161
161 170 4162
167 16 4163
123 115 4164
15 197 4165
119 79 4166
88 52 4167
62 197 4168
16 33 4169
72 118 4170
63 13 4171
197 140 4172
119 104 4173
85 55 4174
51 91 4175
116 171 4176
172 62 4177
169 95 4178
120 129 4179
44 56 4180
54 41 4181
70 50 4182
39 112 4183
59 13 4184
116 173 4185
2 72 4186
128 197 4187
147 119 4188
26 174 4189
81 65 4190
72 130 4191
187 25 4192
184 87 4193
84 93 4194
163 116 4195
77 11 4196
159 154 4197
70 8 4198
117 111 4199
141 120 4200
117 12 4201
141 194 4202
11 81 4203
28 25 4204
149 41 4205
57 74 4206
200 48 4207
115 186 4208
128 132 4209
124 128 4210
74 141 4211
88 80 4212
75 23 4213
173 177 4214
186 177 4215
184 149 4216
41 147 4217
18 20 4218
130 146 4219
136 96 4220
88 16 4221
152 46 4222
104 179 4223
136 100 4224
67 130 4225
8 38 4226
76 86 4227
192 87 4228
152 181 4229
85 176 4230
129 70 4231
105 175 4232
82 86 4233
191 145 4234
119 12 4235
70 90 4236
26 9 4237
132 92 4238
112 175 4239
77 38 4240
45 75 4241
99 6 4242
91 35 4243
104 138 4244
165 6 4245
3 110 4246
41 190 4247
114 71 4248
34 14 4249
148 29 4250
73 68 4251
79 42 4252
28 76 4253
27 190 4254
31 17 4255
79 7 4256
21 85 4257
27 33 4258
46 17 4259
143 39 4260
45 113 4261
19 22 4262
159 40 4263
132 68 4264
200 141 4265
22 59 4266
94 145 4267
48 84 4268
137 169 4269
45 67 4270
118 87 4271
129 182 4272
90 45 4273
150 45 4274
106 154 4275
67 195 4276
90 197 4277
140 83 4278
75 143 4279
6 62 4280
133 155 4281
140 163 4282
24 143 4283
79 111 4284
191 86 4285
158 141 4286
54 83 4287
66 85 4288
55 100 4289
37 184 4290
98 39 4291
100 20 4292
192 180 4293
161 72 4294
166 159 4295
22 193 4296
147 164 4297
108 183 4298
135 114 4299
32 195 4300
70 57 4301
96 75 4302
114 196 4303
124 71 4304
16 6 4305
156 32 4306
46 37 4307
22 67 4308
44 31 4309
73 78 4310
138 66 4311
188 142 4312
51 154 4313
51 118 4314
97 182 4315
137 21 4316
87 85 4317
106 83 4318
73 129 4319
138 13 4320
64 113 4321
77 124 4322
84 186 4323
148 62 4324
137 73 4325
12 142 4326
46 105 4327
133 87 4328
110 96 4329
57 111 4330
72 171 4331
88 181 4332
195 148 4333
152 49 4334
39 85 4335
8 41 4336
69 182 4337
87 116 4338
15 169 4339
11 49 4340
12 143 4341
66 28 4342
170 124 4343
114 53 4344
38 163 4345
133 1 4346
50 161 4347
33 10 4348
187 76 4349
66 18 4350
133 32 4351
5 191 4352
106 181 4353
7 154 4354
32 73 4355
136 168 4356
39 28 4357
92 93 4358
191 148 4359
101 162 4360
123 25 4361
33 156 4362
150 175 4363
102 135 4364
189 179 4365
130 166 4366
200 154 4367
63 14 4368
86 149 4369
72 54 4370
129 188 4371
151 183 4372
61 9 4373
179 6 4374
113 122 4375
119 159 4376
26 129 4377
58 78 4378
82 103 4379
147 191 4380
126 177 4381
146 185 4382
125 30 4383
194 121 4384
4 70 4385
24 44 4386
85 164 4387
42 30 4388
70 60 4389
147 83 4390
53 120 4391
62 21 4392
126 31 4393
40 93 4394
194 174 4395
44 54 4396
158 4 4397
17 146 4398
177 136 4399
190 183 4400
8 33 4401
117 90 4402
44 190 4403
119 107 4404
80 142 4405
26 61 4406
163 95 4407
169 140 4408
103 114 4409
117 37 4410
64 189 4411
119 10 4412
42 197 4413
100 101 4414
39 18 4415
93 101 4416
1 177 4417
49 85 4418
89 162 4419
26 143 4420
88 6 4421
11 87 4422
129 63 4423
123 142 4424
101 47 4425
81 189 4426
143 65 4427
59 43 4428
22 168 4429
168 51 4430
7 170 4431
17 25 4432
119 48 4433
126 179 4434
148 172 4435
198 12 4436
75 6 4437
142 173 4438
154 60 4439
16 50 4440
153 83 4441
162 108 4442
178 144 4443
194 64 4444
138 153 4445
21 91 4446
151 46 4447
141 1 4448
91 50 4449
82 118 4450
128 34 4451
3 174 4452
32 167 4453
176 180 4454
153 173 4455
94 26 4456
200 70 4457
35 165 4458
92 97 4459
181 194 4460
114 108 4461
130 69 4462
124 9 4463
66 13 4464
36 39 4465
130 3 4466
197 16 4467
52 9 4468
10 173 4469
74 155 4470
165 114 4471
129 58 4472
182 74 4473
56 180 4474
42 4 4475
43 7 4476
47 2 4477
42 164 4478
47 130 4479
20 43 4480
186 157 4481
64 28 4482
95 20 4483
138 180 4484
61 166 4485
24 35 4486
192 56 4487
30 98 4488
110 128 4489
10 158 4490
59 136 4491
196 134 4492
57 48 4493
4 190 4494
133 127 4495
28 67 4496
90 51 4497
121 27 4498
32 127 4499
107 130 4500
56 125 4501
62 87 4502
25 105 4503
51 59 4504
98 153 4505
114 76 4506
121 92 4507
133 69 4508
6 107 4509
12 18 4510
134 141 4511
155 129 4512
189 36 4513
83 71 4514
1 73 4515
27 129 4516
62 20 4517
187 28 4518
47 113 4519
191 129 4520
186 125 4521
57 127 4522
93 100 4523
53 21 4524
63 126 4525
170 117 4526
187 108 4527
162 29 4528
148 58 4529
198 14 4530
66 30 4531
113 27 4532
58 28 4533
45 57 4534
144 9 4535
194 29 4536
45 24 4537
55 123 4538
150 79 4539
28 107 4540
96 115 4541
18 117 4542
60 59 4543
116 124 4544
115 59 4545
35 4 4546
174 102 4547
186 9 4548
61 200 4549
121 25 4550
69 18 4551
91 160 4552
50 115 4553
189 173 4554
104 23 4555
163 43 4556
14 69 4557
29 101 4558
40 148 4559
132 30 4560
196 37 4561
122 1 4562
132 120 4563
90 185 4564
177 138 4565
78 111 4566
192 64 4567
39 75 4568
84 3 4569
132 196 4570
15 114 4571
114 117 4572
37 156 4573
53 191 4574
147 36 4575
135 179 4576
162 191 4577
128 153 4578
48 176 4579
162 197 4580
25 103 4581
185 5 4582
145 148 4583
140 7 4584
110 146 4585
169 85 4586
56 47 4587
123 30 4588
186 147 4589
27 68 4590
133 143 4591
160 115 4592
197 152 4593
9 161 4594
131 11 4595
111 19 4596
89 69 4597
167 59 4598
13 77 4599
154 140 4600
66 112 4601
6 186 4602
11 175 4603
19 101 4604
82 47 4605
116 57 4606
43 42 4607
2 130 4608
28 44 4609
126 65 4610
56 82 4611
82 114 4612
23 195 4613
20 41 4614
133 173 4615
60 115 4616
86 121 4617
158 25 4618
118 97 4619
36 4 4620
114 145 4621
62 65 4622
169 146 4623
84 17 4624
169 94 4625
85 58 4626
154 189 4627
168 93 4628
148 141 4629
9 94 4630
115 131 4631
131 9 4632
7 52 4633
50 6 4634
62 107 4635
168 13 4636
4 10 4637
156 40 4638
34 132 4639
77 60 4640
94 12 4641
185 67 4642
161 85 4643
86 5 4644
125 29 4645
148 185 4646
98 51 4647
172 100 4648
192 160 4649
187 27 4650
79 165 4651
120 44 4652
134 71 4653
110 87 4654
3 41 4655
169 7 4656
108 160 4657
178 18 4658
137 183 4659
98 2 4660
24 8 4661
28 127 4662
171 26 4663
101 143 4664
9 130 4665
120 62 4666
128 72 4667
96 54 4668
96 49 4669
92 192 4670
122 156 4671
132 103 4672
190 123 4673
174 196 4674
79 60 4675
33 152 4676
174 132 4677
6 190 4678
102 191 4679
111 172 4680
21 34 4681
44 72 4682
7 89 4683
33 45 4684
36 198 4685
91 100 4686
193 160 4687
37 54 4688
101 28 4689
64 97 4690
62 117 4691
115 122 4692
131 40 4693
72 180 4694
79 198 4695
53 135 4696
191 143 4697
143 161 4698
73 82 4699
82 81 4700
173 28 4701
72 153 4702
76 151 4703
199 84 4704
30 51 4705
4 75 4706
118 129 4707
62 159 4708
143 99 4709
165 187 4710
85 148 4711
65 167 4712
110 117 4713
124 102 4714
48 125 4715
82 155 4716
10 148 4717
78 180 4718
86 74 4719
100 50 4720
158 143 4721
135 11 4722
151 126 4723
136 38 4724
37 61 4725
138 15 4726
59 121 4727
32 145 4728
54 58 4729
4 131 4730
10 112 4731
126 64 4732
189 169 4733
133 14 4734
150 170 4735
190 61 4736
181 162 4737
180 162 4738
123 150 4739
43 138 4740
194 1 4741
108 20 4742
22 197 4743
5 142 4744
121 183 4745
5 120 4746
52 81 4747
118 195 4748
73 77 4749
91 155 4750
150 37 4751
40 29 4752
127 15 4753
69 78 4754
65 111 4755
168 135 4756
3 71 4757
91 71 4758
29 169 4759
108 83 4760
14 15 4761
97 57 4762
60 1 4763
190 126 4764
164 48 4765
156 66 4766
122 132 4767
51 70 4768
156 195 4769
186 46 4770
81 173 4771
136 82 4772
4 9 4773
152 105 4774
119 14 4775
28 188 4776
164 18 4777
74 106 4778
14 157 4779
114 29 4780
101 65 4781
63 70 4782
139 153 4783
35 48 4784
85 78 4785
181 137 4786
152 16 4787
50 30 4788
14 187 4789
163 98 4790
197 4 4791
130 104 4792
27 156 4793
185 30 4794
193 175 4795
93 181 4796
149 115 4797
92 19 4798
52 11 4799
58 6 4800
167 180 4801
57 191 4802
1 164 4803
15 161 4804
150 114 4805
153 64 4806
100 78 4807
67 13 4808
69 136 4809
128 81 4810
187 50 4811
27 158 4812
193 90 4813
41 85 4814
37 16 4815
140 33 4816
162 120 4817
96 86 4818
150 38 4819
25 7 4820
155 159 4821
169 82 4822
199 61 4823
94 143 4824
97 41 4825
108 99 4826
5 161 4827
171 19 4828
190 142 4829
58 37 4830
38 173 4831
65 98 4832
77 74 4833
123 64 4834
186 181 4835
62 131 4836
96 134 4837
186 93 4838
149 27 4839
134 19 4840
85 94 4841
9 123 4842
6 5 4843
61 122 4844
24 173 4845
121 137 4846
131 63 4847
167 150 4848
92 172 4849
100 4 4850
2 29 4851
200 190 4852
33 97 4853
87 16 4854
5 166 4855
30 9 4856
137 133 4857
99 146 4858
27 105 4859
181 22 4860
185 115 4861
27 64 4862
36 60 4863
125 142 4864
157 25 4865
60 132 4866
199 142 4867
135 153 4868
22 86 4869
199 18 4870
94 139 4871
98 154 4872
190 101 4873
133 169 4874
21 49 4875
174 55 4876
6 98 4877
175 139 4878
104 47 4879
39 132 4880
16 11 4881
136 178 4882
66 143 4883
192 53 4884
102 70 4885
22 68 4886
188 139 4887
61 112 4888
47 105 4889
12 14 4890
60 110 4891
172 159 4892
32 63 4893
46 153 4894
23 12 4895
94 70 4896
8 109 4897
117 53 4898
190 185 4899
86 65 4900
73 93 4901
123 162 4902
135 156 4903
175 96 4904
22 17 4905
150 25 4906
93 10 4907
5 188 4908
121 193 4909
102 170 4910
1 166 4911
62 123 4912
172 93 4913
119 16 4914
57 7 4915
42 45 4916
3 28 4917
59 184 4918
53 101 4919
145 195 4920
50 47 4921
16 54 4922
174 91 4923
20 183 4924
77 76 4925
38 159 4926
33 72 4927
7 41 4928
71 197 4929
22 18 4930
23 67 4931
145 104 4932
192 9 4933
36 125 4934
123 53 4935
110 17 4936
189 104 4937
114 172 4938
96 22 4939
163 91 4940
85 159 4941
19 106 4942
64 96 4943
34 194 4944
23 68 4945
79 123 4946
119 192 4947
26 186 4948
113 82 4949
81 41 4950
25 155 4951
122 186 4952
49 31 4953
170 47 4954
131 100 4955
28 11 4956
32 83 4957
68 194 4958
92 53 4959
133 182 4960
199 166 4961
52 89 4962
50 42 4963
7 21 4964
67 142 4965
161 27 4966
3 105 4967
123 185 4968
21 27 4969
144 187 4970
26 115 4971
9 133 4972
45 58 4973
178 135 4974
84 165 4975
40 163 4976
192 145 4977
12 169 4978
17 9 4979
130 34 4980
65 119 4981
159 99 4982
80 97 4983
184 24 4984
141 192 4985
165 128 4986
174 181 4987
64 84 4988
63 84 4989
179 55 4990
159 135 4991
142 28 4992
52 177 4993
136 23 4994
78 188 4995
68 13 4996
122 172 4997
84 49 4998
59 64 4999
167 18 5000
120 65 5001
60 29 5002
149 56 5003
39 51 5004
137 30 5005
52 102 5006
137 32 5007
142 178 5008
86 1 5009
16 92 5010
95 149 5011
69 147 5012
78 114 5013
191 13 5014
52 10 5015
33 99 5016
91 152 5017
117 17 5018
29 158 5019
192 13 5020
25 72 5021
148 147 5022
40 193 5023
137 45 5024
104 183 5025
18 135 5026
9 24 5027
62 18 5028
64 171 5029
162 116 5030
8 152 5031
111 156 5032
183 63 5033
179 48 5034
13 144 5035
105 157 5036
80 164 5037
9 129 5038
165 14 5039
111 38 5040
14 161 5041
107 170 5042
173 132 5043
180 74 5044
16 186 5045
25 128 5046
33 137 5047
53 22 5048
61 195 5049
61 108 5050
118 67 5051
128 8 5052
173 18 5053
63 43 5054
5 51 5055
105 174 5056
68 183 5057
95 160 5058
152 157 5059
2 28 5060
48 7 5061
82 141 5062
127 102 5063
162 193 5064
134 5 5065
83 141 5066
17 99 5067
183 67 5068
165 174 5069
24 110 5070
177 49 5071
27 71 5072
161 67 5073
48 68 5074
189 38 5075
198 3 5076
120 61 5077
144 77 5078
17 135 5079
153 113 5080
105 63 5081
146 18 5082
125 44 5083
62 144 5084
49 188 5085
74 104 5086
105 197 5087
44 37 5088
24 133 5089
158 156 5090
167 157 5091
68 168 5092
69 95 5093
17 121 5094
153 182 5095
3 176 5096
193 27 5097
127 3 5098
24 29 5099
187 194 5100
18 65 5101
160 118 5102
29 58 5103
115 118 5104
137 56 5105
53 1 5106
184 89 5107
89 33 5108
12 49 5109
18 141 5110
88 12 5111
66 19 5112
129 99 5113
189 195 5114
196 27 5115
70 73 5116
142 154 5117
138 84 5118
50 7 5119
105 84 5120
97 179 5121
18 193 5122
79 138 5123
120 107 5124
185 183 5125
169 6 5126
174 49 5127
24 112 5128
152 142 5129
96 111 5130
192 52 5131
116 94 5132
143 90 5133
87 177 5134
135 137 5135
93 148 5136
126 193 5137
170 154 5138
172 19 5139
82 143 5140
180 157 5141
24 47 5142
190 96 5143
110 70 5144
139 181 5145
176 16 5146
134 164 5147
147 2 5148
49 146 5149
172 165 5150
35 150 5151
181 140 5152
86 68 5153
55 140 5154
69 58 5155
25 38 5156
199 188 5157
13 170 5158
36 123 5159
99 161 5160
87 126 5161
128 133 5162
185 44 5163
10 188 5164
74 88 5165
130 106 5166
199 150 5167
195 46 5168
186 195 5169
19 84 5170
55 64 5171
127 75 5172
30 38 5173
144 92 5174
25 100 5175
176 183 5176
104 134 5177
116 14 5178
45 125 5179
176 117 5180
91 9 5181
56 24 5182
85 47 5183
105 6 5184
21 106 5185
119 139 5186
83 36 5187
54 24 5188
133 89 5189
152 25 5190
48 77 5191
161 192 5192
198 82 5193
96 147 5194
4 58 5195
179 192 5196
98 122 5197
135 99 5198
46 5 5199
53 154 5200
119 166 5201
179 103 5202
179 122 5203
190 149 5204
61 168 5205
137 178 5206
23 26 5207
136 31 5208
131 199 5209
166 66 5210
158 131 5211
200 35 5212
173 1 5213
33 30 5214
149 84 5215
196 139 5216
113 194 5217
143 85 5218
15 159 5219
29 177 5220
194 137 5221
151 92 5222
114 59 5223
17 80 5224
37 80 5225
42 81 5226
196 34 5227
67 35 5228
76 37 5229
190 184 5230
86 99 5231
182 184 5232
159 190 5233
120 41 5234
187 110 5235
143 91 5236
163 125 5237
150 138 5238
95 66 5239
87 43 5240
2 76 5241
191 26 5242
82 157 5243
106 91 5244
200 95 5245
155 185 5246
46 171 5247
155 192 5248
9 197 5249
44 133 5250
26 160 5251
142 177 5252
46 57 5253
174 122 5254
12 105 5255
135 141 5256
162 160 5257
87 138 5258
185 104 5259
148 23 5260
151 51 5261
179 89 5262
123 109 5263
69 120 5264
104 61 5265
170 137 5266
87 37 5267
187 73 5268
4 60 5269
76 154 5270
37 5 5271
56 200 5272
26 141 5273
53 159 5274
138 171 5275
145 107 5276
175 176 5277
101 58 5278
20 197 5279
35 140 5280
46 64 5281
123 137 5282
61 90 5283
171 75 5284
102 93 5285
168 128 5286
169 199 5287
12 51 5288
135 155 5289
51 156 5290
126 184 5291
189 24 5292
27 65 5293
182 90 5294
66 142 5295
7 104 5296
27 61 5297
154 105 5298
99 20 5299
73 55 5300
197 196 5301
10 130 5302
11 170 5303
52 179 5304
52 22 5305
172 129 5306
23 157 5307
178 147 5308
168 27 5309
192 176 5310
140 34 5311
136 192 5312
62 171 5313
140 28 5314
133 95 5315
18 24 5316
126 52 5317
1 183 5318
126 43 5319
121 79 5320
40 121 5321
11 168 5322
115 107 5323
107 113 5324
119 96 5325
188 148 5326
24 90 5327
194 35 5328
101 5 5329
136 47 5330
122 112 5331
147 103 5332
79 125 5333
79 193 5334
61 186 5335
85 133 5336
152 76 5337
3 38 5338
24 99 5339
8 73 5340
108 67 5341
100 115 5342
109 129 5343
176 129 5344
38 72 5345
35 56 5346
161 53 5347
139 29 5348
108 31 5349
145 150 5350
134 178 5351
69 13 5352
95 178 5353
58 79 5354
188 155 5355
163 104 5356
59 100 5357
167 177 5358
5 189 5359
131 116 5360
36 192 5361
124 5 5362
60 42 5363
116 22 5364
44 84 5365
200 49 5366
28 169 5367
124 188 5368
167 129 5369
94 34 5370
129 43 5371
187 164 5372
178 150 5373
52 23 5374
182 58 5375
128 51 5376
49 140 5377
187 166 5378
198 177 5379
68 38 5380
42 112 5381
104 44 5382
66 135 5383
85 137 5384
111 154 5385
82 54 5386
87 157 5387
128 172 5388
53 35 5389
94 32 5390
194 59 5391
137 16 5392
164 76 5393
86 168 5394
192 86 5395
113 171 5396
93 176 5397
20 163 5398
194 136 5399
98 103 5400
63 65 5401
163 129 5402
38 171 5403
193 167 5404
187 83 5405
97 21 5406
6 171 5407
185 97 5408
197 182 5409
74 115 5410
64 1 5411
185 121 5412
29 129 5413
35 10 5414
41 130 5415
167 26 5416
64 193 5417
95 129 5418
88 101 5419
198 149 5420
184 107 5421
79 102 5422
191 9 5423
94 71 5424
21 181 5425
112 150 5426
43 197 5427
52 58 5428
39 7 5429
155 196 5430
148 152 5431
137 97 5432
122 157 5433
39 49 5434
115 13 5435
51 95 5436
10 45 5437
65 156 5438
16 155 5439
156 5 5440
196 177 5441
152 58 5442
77 62 5443
125 143 5444
39 48 5445
77 128 5446
143 57 5447
117 21 5448
91 119 5449
98 114 5450
154 164 5451
75 119 5452
102 143 5453
185 164 5454
98 76 5455
180 80 5456
86 159 5457
115 56 5458
118 37 5459
195 72 5460
129 161 5461
103 123 5462
51 126 5463
156 141 5464
7 58 5465
169 57 5466
135 4 5467
111 37 5468
56 111 5469
143 173 5470
133 10 5471
39 1 5472
200 185 5473
8 103 5474
124 60 5475
190 33 5476
15 47 5477
189 86 5478
98 119 5479
60 55 5480
10 83 5481
25 114 5482
29 52 5483
62 32 5484
85 121 5485
20 165 5486
196 23 5487
129 147 5488
173 100 5489
117 68 5490
2 97 5491
162 149 5492
5 93 5493
135 86 5494
163 54 5495
134 172 5496
6 20 5497
81 87 5498
85 12 5499
119 149 5500
145 3 5501
8 22 5502
146 21 5503
84 163 5504
68 2 5505
33 181 5506
91 43 5507
196 18 5508
161 107 5509
56 9 5510
40 166 5511
116 175 5512
17 115 5513
47 63 5514
24 137 5515
144 182 5516
38 86 5517
174 2 5518
52 59 5519
41 187 5520
96 25 5521
5 52 5522
26 34 5523
92 98 5524
35 179 5525
29 137 5526
109 46 5527
80 109 5528
4 19 5529
50 10 5530
71 192 5531
125 105 5532
188 157 5533
56 162 5534
118 139 5535
144 158 5536
47 58 5537
40 74 5538
70 82 5539
48 192 5540
150 19 5541
176 11 5542
39 103 5543
131 169 5544
39 94 5545
53 179 5546
9 159 5547
49 46 5548
115 180 5549
22 43 5550
108 184 5551
1 165 5552
120 81 5553
132 55 5554
93 32 5555
112 89 5556
141 29 5557
85 54 5558
120 76 5559
143 195 5560
59 18 5561
146 120 5562
113 166 5563
113 8 5564
196 67 5565
187 112 5566
128 191 5567
194 178 5568
85 132 5569
80 190 5570
91 41 5571
149 18 5572
11 113 5573
158 82 5574
52 119 5575
132 105 5576
200 93 5577
9 170 5578
64 89 5579
53 171 5580
67 144 5581
3 180 5582
166 6 5583
95 3 5584
179 46 5585
125 26 5586
186 82 5587
83 169 5588
44 164 5589
87 172 5590
98 33 5591
7 72 5592
191 142 5593
125 83 5594
3 14 5595
36 152 5596
24 128 5597
69 11 5598
42 183 5599
87 95 5600
167 175 5601
30 170 5602
101 177 5603
86 40 5604
24 183 5605
74 193 5606
48 6 5607
80 71 5608
149 43 5609
139 60 5610
162 36 5611
30 91 5612
25 133 5613
143 179 5614
73 16 5615
114 90 5616
1 58 5617
53 51 5618
77 89 5619
28 98 5620
169 99 5621
147 150 5622
156 144 5623
153 133 5624
175 100 5625
94 199 5626
30 20 5627
80 94 5628
176 62 5629
194 186 5630
40 153 5631
88 97 5632
190 88 5633
26 189 5634
84 120 5635
124 22 5636
190 109 5637
106 97 5638
33 187 5639
33 74 5640
95 84 5641
34 54 5642
15 153 5643
185 59 5644
142 149 5645
189 184 5646
100 194 5647
124 180 5648
10 142 5649
59 155 5650
41 10 5651
108 145 5652
109 199 5653
164 75 5654
193 46 5655
123 38 5656
159 90 5657
123 141 5658
8 165 5659
7 183 5660
84 132 5661
84 158 5662
157 77 5663
35 196 5664
23 25 5665
53 115 5666
24 135 5667
51 45 5668
65 136 5669
15 43 5670
106 5 5671
139 23 5672
99 152 5673
142 47 5674
173 5 5675
58 98 5676
148 71 5677
99 5 5678
143 186 5679
74 76 5680
64 21 5681
188 60 5682
96 80 5683
100 106 5684
38 138 5685
99 7 5686
14 193 5687
79 66 5688
29 73 5689
178 37 5690
199 85 5691
135 2 5692
6 69 5693
113 144 5694
198 152 5695
95 21 5696
198 17 5697
191 152 5698
1 163 5699
110 30 5700
167 68 5701
30 101 5702
186 176 5703
138 167 5704
81 54 5705
127 151 5706
30 68 5707
184 32 5708
108 124 5709
96 143 5710
97 74 5711
179 82 5712
103 52 5713
176 42 5714
59 16 5715
106 111 5716
83 156 5717
125 172 5718
155 111 5719
54 106 5720
25 166 5721
183 178 5722
34 181 5723
112 185 5724
100 52 5725
102 104 5726
104 24 5727
42 151 5728
18 8 5729
158 26 5730
93 24 5731
184 68 5732
25 88 5733
19 129 5734
197 135 5735
19 38 5736
140 93 5737
37 139 5738
11 39 5739
78 43 5740
13 139 5741
177 132 5742
114 185 5743
181 144 5744
161 162 5745
75 122 5746
181 168 5747
195 125 5748
100 152 5749
79 143 5750
87 173 5751
39 13 5752
111 50 5753
164 57 5754
24 188 5755
16 74 5756
166 125 5757
40 7 5758
163 36 5759
194 147 5760
30 164 5761
102 105 5762
138 54 5763
189 39 5764
33 25 5765
61 84 5766
3 172 5767
124 48 5768
25 191 5769
170 178 5770
81 167 5771
171 150 5772
86 188 5773
158 99 5774
180 68 5775
192 140 5776
138 146 5777
168 30 5778
16 32 5779
95 8 5780
92 36 5781
111 67 5782
120 35 5783
177 32 5784
74 162 5785
28 199 5786
137 125 5787
109 95 5788
179 87 5789
196 103 5790
31 10 5791
17 43 5792
144 93 5793
46 157 5794
104 92 5795
190 158 5796
176 40 5797
127 79 5798
130 174 5799
27 95 5800
170 121 5801
38 185 5802
94 40 5803
131 77 5804
100 137 5805
166 95 5806
137 107 5807
41 163 5808
167 69 5809
46 108 5810
60 103 5811
110 31 5812
110 196 5813
59 120 5814
187 56 5815
156 73 5816
48 61 5817
158 70 5818
114 89 5819
22 94 5820
64 30 5821
94 192 5822
136 111 5823
95 7 5824
133 67 5825
170 128 5826
35 1 5827
118 98 5828
80 191 5829
26 25 5830
100 19 5831
190 143 5832
150 121 5833
122 199 5834
95 173 5835
192 195 5836
50 64 5837
147 128 5838
121 51 5839
53 19 5840
197 185 5841
17 152 5842
101 126 5843
53 14 5844
12 24 5845
39 71 5846
114 21 5847
61 188 5848
88 157 5849
139 167 5850
137 149 5851
131 105 5852
2 70 5853
175 120 5854
105 112 5855
120 1 5856
88 185 5857
58 133 5858
23 175 5859
154 84 5860
185 173 5861
172 64 5862
82 115 5863
51 11 5864
3 90 5865
55 63 5866
82 76 5867
192 194 5868
21 153 5869
198 1 5870
82 108 5871
30 136 5872
102 166 5873
148 193 5874
90 39 5875
156 172 5876
9 189 5877
162 17 5878
36 85 5879
148 197 5880
147 47 5881
86 31 5882
107 86 5883
191 181 5884
119 101 5885
115 70 5886
112 170 5887
11 118 5888
33 120 5889
158 194 5890
86 196 5891
102 28 5892
155 28 5893
50 191 5894
15 174 5895
70 39 5896
190 68 5897
94 156 5898
42 76 5899
127 143 5900
76 29 5901
168 57 5902
76 12 5903
68 64 5904
188 105 5905
25 8 5906
79 11 5907
167 61 5908
121 58 5909
57 18 5910
4 148 5911
50 75 5912
87 165 5913
135 121 5914
183 4 5915
169 163 5916
31 87 5917
103 161 5918
141 52 5919
43 77 5920
124 7 5921
29 8 5922
33 145 5923
143 23 5924
95 80 5925
120 26 5926
124 20 5927
12 33 5928
62 91 5929
148 9 5930
162 68 5931
126 92 5932
97 11 5933
45 148 5934
82 34 5935
147 171 5936
184 151 5937
178 86 5938
35 32 5939
161 135 5940
55 2 5941
57 89 5942
146 175 5943
50 178 5944
199 126 5945
194 191 5946
101 46 5947
85 40 5948
161 55 5949
108 45 5950
179 95 5951
100 197 5952
190 154 5953
70 144 5954
113 133 5955
35 124 5956
111 62 5957
151 141 5958
126 161 5959
181 61 5960
85 43 5961
9 168 5962
80 166 5963
191 55 5964
167 3 5965
149 81 5966
199 62 5967
23 17 5968
76 9 5969
41 123 5970
140 3 5971
121 65 5972
87 178 5973
136 84 5974
9 163 5975
113 75 5976
21 89 5977
84 29 5978
193 116 5979
79 85 5980
52 185 5981
92 136 5982
31 168 5983
27 81 5984
79 67 5985
109 161 5986
25 104 5987
36 194 5988
105 70 5989
171 94 5990
101 171 5991
109 102 5992
199 6 5993
102 38 5994
18 14 5995
85 23 5996
106 124 5997
37 82 5998
70 150 5999
43 101 6000
149 179 6001
133 120 6002
30 96 6003
181 131 6004
62 47 6005
181 68 6006
83 128 6007
157 153 6008
66 10 6009
100 166 6010
132 111 6011
73 107 6012
65 170 6013
21 141 6014
79 74 6015
126 189 6016
197 5 6017
150 1 6018
140 12 6019
140 4 6020
36 76 6021
80 39 6022
168 82 6023
40 30 6024
135 79 6025
100 156 6026
164 174 6027
63 11 6028
136 83 6029
128 5 6030
149 131 6031
197 131 6032
200 168 6033
149 111 6034
64 98 6035
61 106 6036
47 174 6037
121 63 6038
31 4 6039
63 199 6040
196 125 6041
44 7 6042
112 6 6043
113 91 6044
113 6 6045
86 97 6046
52 152 6047
198 114 6048
160 156 6049
95 23 6050
102 176 6051
63 167 6052
28 17 6053
126 95 6054
17 49 6055
119 200 6056
62 42 6057
41 77 6058
138 111 6059
105 127 6060
40 199 6061
54 31 6062
125 96 6063
57 9 6064
102 112 6065
17 177 6066
88 106 6067
128 167 6068
172 197 6069
164 101 6070
85 135 6071
156 148 6072
5 12 6073
53 119 6074
78 155 6075
161 140 6076
15 178 6077
154 31 6078
200 41 6079
84 11 6080
123 84 6081
16 116 6082
99 73 6083
155 142 6084
64 148 6085
150 90 6086
98 4 6087
72 81 6088
110 5 6089
94 112 6090
171 45 6091
173 137 6092
122 131 6093
24 172 6094
155 49 6095
200 153 6096
179 180 6097
119 47 6098
63 154 6099
106 25 6100
73 22 6101
78 33 6102
79 15 6103
153 103 6104
135 174 6105
21 52 6106
140 78 6107
29 195 6108
81 23 6109
32 24 6110
185 96 6111
12 43 6112
194 3 6113
50 133 6114
135 35 6115
137 77 6116
129 198 6117
77 176 6118
18 9 6119
155 139 6120
158 76 6121
21 10 6122
135 115 6123
86 69 6124
183 47 6125
70 107 6126
164 149 6127
102 54 6128
155 45 6129
187 29 6130
149 78 6131
8 111 6132
74 160 6133
65 160 6134
185 111 6135
78 22 6136
2 65 6137
31 198 6138
97 44 6139
104 129 6140
70 33 6141
23 106 6142
188 197 6143
197 176 6144
112 164 6145
104 118 6146
78 16 6147
88 128 6148
132 51 6149
84 168 6150
167 67 6151
183 145 6152
82 190 6153
35 99 6154
17 173 6155
106 85 6156
170 98 6157
175 147 6158
175 172 6159
81 43 6160
14 58 6161
141 169 6162
147 132 6163
2 128 6164
198 55 6165
26 5 6166
7 138 6167
26 140 6168
101 72 6169
47 179 6170
144 28 6171
135 175 6172
16 168 6173
198 131 6174
11 64 6175
24 200 6176
53 169 6177
163 113 6178
110 130 6179
31 56 6180
27 102 6181
35 76 6182
67 82 6183
19 117 6184
180 33 6185
146 184 6186
125 170 6187
81 76 6188
185 110 6189
103 200 6190
2 57 6191
42 142 6192
76 124 6193
171 139 6194
188 109 6195
179 88 6196
129 25 6197
107 13 6198
184 138 6199
200 174 6200
77 118 6201
65 174 6202
147 4 6203
123 6 6204
8 174 6205
85 82 6206
35 187 6207
130 73 6208
151 99 6209
6 111 6210
83 171 6211
153 10 6212
187 125 6213
145 122 6214
182 76 6215
198 11 6216
54 166 6217
91 115 6218
105 16 6219
149 176 6220
160 20 6221
2 77 6222
77 191 6223
114 58 6224
5 61 6225
1 161 6226
176 20 6227
74 6 6228
106 126 6229
140 101 6230
70 172 6231
191 106 6232
141 188 6233
158 30 6234
26 84 6235
77 119 6236
58 191 6237
19 23 6238
144 43 6239
47 181 6240
8 92 6241
119 124 6242
140 108 6243
93 94 6244
11 48 6245
102 149 6246
32 7 6247
15 143 6248
164 157 6249
78 72 6250
126 170 6251
62 129 6252
88 160 6253
102 34 6254
142 20 6255
10 149 6256
1 10 6257
108 119 6258
144 21 6259
164 137 6260
195 169 6261
106 105 6262
86 174 6263
75 179 6264
5 186 6265
190 37 6266
14 21 6267
166 133 6268
124 195 6269
166 75 6270
154 136 6271
92 185 6272
146 126 6273
167 29 6274
149 141 6275
65 190 6276
89 115 6277
86 131 6278
63 104 6279
2 85 6280
155 9 6281
134 36 6282
86 130 6283
120 180 6284
13 12 6285
49 103 6286
128 163 6287
139 178 6288
55 21 6289
83 15 6290
16 93 6291
168 111 6292
129 199 6293
9 83 6294
19 113 6295
7 47 6296
92 176 6297
19 46 6298
190 13 6299
192 100 6300
63 83 6301
1 180 6302
128 3 6303
109 171 6304
114 83 6305
164 111 6306
103 192 6307
173 61 6308
2 89 6309
127 9 6310
152 38 6311
72 47 6312
176 37 6313
164 163 6314
50 57 6315
178 92 6316
94 103 6317
101 123 6318
57 8 6319
174 56 6320
147 91 6321
129 100 6322
14 17 6323
125 85 6324
194 98 6325
117 3 6326
147 70 6327
74 30 6328
136 44 6329
87 76 6330
182 86 6331
51 74 6332
53 24 6333
61 135 6334
105 124 6335
80 32 6336
20 77 6337
180 135 6338
144 160 6339
195 15 6340
197 186 6341
169 176 6342
11 149 6343
114 200 6344
117 162 6345
48 54 6346
200 173 6347
173 3 6348
5 123 6349
85 160 6350
145 140 6351
118 13 6352
189 125 6353
60 134 6354
68 175 6355
116 63 6356
160 63 6357
104 200 6358
136 105 6359
193 30 6360
82 23 6361
172 176 6362
69 156 6363
126 66 6364
114 158 6365
195 9 6366
168 46 6367
152 98 6368
55 3 6369
131 1 6370
163 62 6371
40 20 6372
38 157 6373
80 134 6374
28 48 6375
37 42 6376
165 139 6377
37 101 6378
94 49 6379
60 120 6380
73 149 6381
37 79 6382
137 179 6383
145 153 6384
124 131 6385
88 92 6386
199 80 6387
87 186 6388
41 99 6389
79 86 6390
27 157 6391
181 105 6392
124 54 6393
176 100 6394
147 68 6395
174 1 6396
132 93 6397
100 46 6398
100 161 6399
68 57 6400
13 61 6401
135 170 6402
38 135 6403
137 101 6404
113 157 6405
38 57 6406
88 117 6407
56 146 6408
19 5 6409
57 163 6410
138 58 6411
148 57 6412
191 12 6413
102 58 6414
47 75 6415
92 51 6416
69 82 6417
145 86 6418
186 98 6419
104 97 6420
43 84 6421
170 46 6422
17 192 6423
62 194 6424
106 125 6425
197 109 6426
138 29 6427
61 74 6428
24 185 6429
70 24 6430
36 44 6431
186 134 6432
19 58 6433
15 168 6434
68 83 6435
34 169 6436
162 48 6437
40 169 6438
151 120 6439
19 194 6440
195 53 6441
60 64 6442
124 32 6443
185 10 6444
172 91 6445
118 116 6446
117 140 6447
29 74 6448
107 99 6449
195 79 6450
161 88 6451
165 144 6452
117 70 6453
54 127 6454
194 145 6455
69 157 6456
138 2 6457
184 75 6458
147 111 6459
141 122 6460
183 154 6461
102 33 6462
76 134 6463
44 92 6464
167 165 6465
14 102 6466
157 35 6467
95 83 6468
107 69 6469
147 118 6470
195 106 6471
50 146 6472
156 155 6473
177 2 6474
185 81 6475
109 32 6476
13 80 6477
97 162 6478
62 43 6479
64 181 6480
108 38 6481
83 14 6482
188 62 6483
29 39 6484
117 141 6485
146 125 6486
37 180 6487
150 74 6488
73 66 6489
96 114 6490
127 119 6491
75 178 6492
44 91 6493
155 11 6494
184 117 6495
94 21 6496
6 60 6497
58 39 6498
149 12 6499
139 179 6500
77 192 6501
47 168 6502
130 8 6503
1 170 6504
79 194 6505
37 95 6506
4 90 6507
176 8 6508
85 20 6509
85 149 6510
51 191 6511
17 154 6512
90 84 6513
154 73 6514
155 92 6515
148 129 6516
11 122 6517
192 96 6518
95 140 6519
185 113 6520
149 16 6521
75 63 6522
103 167 6523
11 108 6524
159 165 6525
145 9 6526
130 97 6527
187 31 6528
28 136 6529
48 130 6530
126 157 6531
129 190 6532
97 103 6533
111 21 6534
104 62 6535
70 162 6536
55 178 6537
146 14 6538
142 170 6539
43 24 6540
101 155 6541
139 126 6542
73 98 6543
111 115 6544
48 171 6545
83 166 6546
77 80 6547
143 194 6548
8 77 6549
196 60 6550
108 97 6551
35 13 6552
174 48 6553
81 119 6554
30 55 6555
134 128 6556
132 199 6557
174 6 6558
75 136 6559
128 69 6560
89 200 6561
59 178 6562
143 33 6563
38 109 6564
179 200 6565
75 78 6566
118 142 6567
198 16 6568
194 22 6569
61 157 6570
69 84 6571
74 1 6572
59 172 6573
160 67 6574
123 76 6575
134 39 6576
17 60 6577
140 136 6578
59 61 6579
73 103 6580
13 180 6581
172 16 6582
146 34 6583
171 89 6584
47 138 6585
132 156 6586
162 84 6587
32 171 6588
3 166 6589
32 154 6590
23 179 6591
44 124 6592
115 20 6593
97 10 6594
144 145 6595
10 96 6596
80 122 6597
110 38 6598
10 131 6599
6 89 6600
75 57 6601
24 69 6602
9 149 6603
51 117 6604
121 99 6605
163 142 6606
31 92 6607
134 146 6608
173 68 6609
66 99 6610
119 196 6611
162 103 6612
18 156 6613
173 90 6614
11 67 6615
188 89 6616
97 99 6617
167 169 6618
150 154 6619
87 60 6620
196 33 6621
197 124 6622
44 163 6623
41 158 6624
53 26 6625
30 144 6626
192 102 6627
103 198 6628
77 169 6629
21 110 6630
121 122 6631
119 143 6632
115 46 6633
157 130 6634
41 152 6635
27 98 6636
183 146 6637
139 3 6638
163 194 6639
132 107 6640
101 138 6641
7 24 6642
94 168 6643
172 65 6644
26 33 6645
33 139 6646
88 41 6647
54 15 6648
197 58 6649
100 70 6650
138 86 6651
116 54 6652
115 104 6653
189 194 6654
92 137 6655
28 181 6656
100 105 6657
185 37 6658
41 53 6659
23 199 6660
55 77 6661
16 13 6662
188 122 6663
39 174 6664
51 180 6665
122 2 6666
164 35 6667
157 40 6668
149 158 6669
139 130 6670
83 184 6671
124 185 6672
73 79 6673
125 176 6674
144 82 6675
91 180 6676
159 22 6677
64 90 6678
9 146 6679
47 137 6680
143 197 6681
41 14 6682
47 125 6683
23 56 6684
65 11 6685
139 102 6686
70 75 6687
198 49 6688
155 124 6689
100 64 6690
100 126 6691
31 155 6692
100 171 6693
108 53 6694
197 31 6695
185 87 6696
127 116 6697
11 94 6698
66 51 6699
99 84 6700
141 168 6701
183 83 6702
99 185 6703
16 113 6704
113 160 6705
171 97 6706
101 63 6707
181 37 6708
174 173 6709
146 143 6710
90 23 6711
21 162 6712
181 79 6713
187 173 6714
180 19 6715
49 78 6716
185 4 6717
76 188 6718
32 86 6719
36 55 6720
169 194 6721
34 185 6722
175 200 6723
160 21 6724
134 1 6725
33 80 6726
137 117 6727
127 99 6728
137 131 6729
98 172 6730
174 97 6731
16 31 6732
142 93 6733
190 122 6734
62 186 6735
187 171 6736
110 155 6737
121 102 6738
131 121 6739
88 22 6740
42 32 6741
65 56 6742
23 93 6743
120 116 6744
108 72 6745
23 144 6746
12 130 6747
3 57 6748
38 119 6749
45 63 6750
127 184 6751
172 96 6752
35 30 6753
74 18 6754
184 173 6755
173 21 6756
38 149 6757
180 96 6758
193 70 6759
165 24 6760
102 100 6761
73 163 6762
200 183 6763
10 94 6764
153 30 6765
182 117 6766
19 110 6767
22 74 6768
150 13 6769
145 65 6770
85 128 6771
81 146 6772
157 119 6773
31 145 6774
178 57 6775
66 57 6776
195 3 6777
37 146 6778
54 26 6779
75 2 6780
43 32 6781
47 78 6782
87 3 6783
75 58 6784
163 25 6785
135 20 6786
110 116 6787
127 61 6788
36 43 6789
196 77 6790
130 78 6791
66 172 6792
50 4 6793
157 65 6794
33 15 6795
186 150 6796
83 102 6797
34 143 6798
98 178 6799
110 168 6800
186 144 6801
193 192 6802
107 147 6803
108 93 6804
175 199 6805
128 80 6806
110 136 6807
60 121 6808
42 194 6809
82 62 6810
191 68 6811
71 89 6812
63 69 6813
7 190 6814
25 115 6815
19 44 6816
77 40 6817
4 62 6818
99 178 6819
153 104 6820
199 95 6821
192 2 6822
136 197 6823
179 16 6824
154 151 6825
101 98 6826
88 189 6827
134 85 6828
87 102 6829
105 30 6830
192 65 6831
120 172 6832
73 179 6833
73 17 6834
94 176 6835
67 155 6836
195 141 6837
199 134 6838
39 24 6839
143 174 6840
78 14 6841
193 58 6842
196 42 6843
187 51 6844
31 147 6845
102 125 6846
120 143 6847
176 189 6848
41 173 6849
144 6 6850
147 6 6851
72 115 6852
112 96 6853
5 138 6854
128 178 6855
128 146 6856
106 180 6857
41 22 6858
12 101 6859
160 66 6860
95 88 6861
121 164 6862
48 75 6863
112 26 6864
47 10 6865
187 93 6866
152 112 6867
62 166 6868
9 184 6869
25 174 6870
80 6 6871
179 183 6872
45 188 6873
108 142 6874
107 17 6875
156 185 6876
184 144 6877
78 163 6878
52 165 6879
21 148 6880
32 17 6881
165 108 6882
114 137 6883
14 36 6884
119 177 6885
13 125 6886
199 172 6887
52 168 6888
188 80 6889
86 36 6890
37 29 6891
92 156 6892
47 197 6893
64 61 6894
157 18 6895
186 79 6896
164 177 6897
19 153 6898
23 156 6899
176 49 6900
8 58 6901
41 194 6902
38 145 6903
180 103 6904
116 101 6905
57 15 6906
124 61 6907
147 154 6908
44 142 6909
31 29 6910
192 69 6911
57 151 6912
58 70 6913
77 6 6914
110 147 6915
29 30 6916
64 16 6917
131 44 6918
150 47 6919
22 179 6920
4 170 6921
38 132 6922
120 118 6923
95 53 6924
140 92 6925
120 193 6926
21 175 6927
82 194 6928
182 8 6929
122 128 6930
41 46 6931
15 186 6932
100 95 6933
88 187 6934
125 70 6935
46 169 6936
13 194 6937
1 107 6938
160 148 6939
98 75 6940
94 79 6941
55 68 6942
62 124 6943
77 179 6944
187 16 6945
129 135 6946
103 154 6947
171 65 6948
48 132 6949
19 186 6950
76 83 6951
181 103 6952
10 183 6953
94 140 6954
46 53 6955
38 161 6956
121 108 6957
119 190 6958
54 200 6959
161 81 6960
22 60 6961
2 181 6962
189 153 6963
136 176 6964
142 15 6965
20 91 6966
78 151 6967
170 143 6968
39 145 6969
178 109 6970
175 168 6971
10 182 6972
182 88 6973
60 191 6974
87 135 6975
200 45 6976
50 145 6977
91 117 6978
146 12 6979
191 36 6980
22 160 6981
113 93 6982
62 103 6983
41 56 6984
199 191 6985
97 119 6986
176 134 6987
83 1 6988
167 105 6989
18 152 6990
117 155 6991
144 63 6992
187 139 6993
187 154 6994
165 78 6995
194 6 6996
126 164 6997
97 14 6998
74 87 6999
114 173 7000
197 55 7001
155 182 7002
61 28 7003
188 81 7004
164 195 7005
78 123 7006
194 120 7007
40 162 7008
122 126 7009
53 52 7010
115 4 7011
190 29 7012
103 140 7013
101 183 7014
18 48 7015
149 22 7016
26 193 7017
144 115 7018
127 46 7019
116 191 7020
48 113 7021
120 50 7022
88 19 7023
103 100 7024
176 168 7025
6 82 7026
166 114 7027
30 165 7028
90 131 7029
112 67 7030
37 47 7031
98 190 7032
113 1 7033
147 192 7034
118 122 7035
119 17 7036
186 23 7037
102 81 7038
49 153 7039
35 47 7040
118 75 7041
120 21 7042
199 24 7043
129 192 7044
140 52 7045
109 37 7046
96 197 7047
57 177 7048
51 163 7049
4 143 7050
165 62 7051
92 173 7052
131 114 7053
153 48 7054
196 13 7055
162 113 7056
188 98 7057
58 24 7058
36 179 7059
55 157 7060
77 31 7061
66 29 7062
71 98 7063
70 112 7064
41 16 7065
103 21 7066
199 182 7067
148 8 7068
72 67 7069
37 75 7070
54 95 7071
67 25 7072
150 6 7073
200 7 7074
78 42 7075
148 24 7076
40 90 7077
32 59 7078
50 85 7079
22 122 7080
86 163 7081
50 155 7082
79 92 7083
70 181 7084
128 75 7085
164 170 7086
136 109 7087
108 166 7088
87 19 7089
198 121 7090
90 176 7091
91 183 7092
79 33 7093
171 158 7094
14 189 7095
156 62 7096
179 8 7097
150 191 7098
183 14 7099
100 44 7100
84 1 7101
143 110 7102
182 54 7103
161 176 7104
40 135 7105
37 107 7106
187 199 7107
91 177 7108
145 55 7109
64 174 7110
101 141 7111
36 59 7112
44 90 7113
138 92 7114
70 31 7115
139 15 7116
63 82 7117
15 122 7118
168 98 7119
184 187 7120
102 71 7121
124 33 7122
88 67 7123
143 160 7124
44 23 7125
46 144 7126
185 22 7127
186 145 7128
166 74 7129
23 73 7130
162 129 7131
87 195 7132
85 70 7133
1 96 7134
76 170 7135
172 14 7136
176 127 7137
62 142 7138
28 27 7139
29 150 7140
97 26 7141
124 163 7142
108 59 7143
33 183 7144
117 54 7145
130 62 7146
163 170 7147
145 200 7148
61 62 7149
160 45 7150
44 195 7151
58 161 7152
136 88 7153
193 19 7154
124 25 7155
20 25 7156
102 63 7157
14 60 7158
172 116 7159
23 70 7160
152 70 7161
90 127 7162
180 131 7163
105 183 7164
135 34 7165
67 59 7166
26 43 7167
34 180 7168
113 158 7169
18 31 7170
183 132 7171
52 65 7172
165 60 7173
68 164 7174
99 183 7175
187 138 7176
166 89 7177
136 99 7178
167 196 7179
156 25 7180
2 184 7181
154 144 7182
94 44 7183
135 160 7184
97 31 7185
32 125 7186
103 177 7187
65 127 7188
96 65 7189
15 192 7190
128 61 7191
77 67 7192
189 108 7193
80 183 7194
182 35 7195
99 50 7196
171 160 7197
33 178 7198
2 53 7199
91 151 7200
100 187 7201
154 116 7202
84 140 7203
185 138 7204
15 179 7205
1 147 7206
8 79 7207
148 68 7208
52 172 7209
163 28 7210
150 110 7211
19 71 7212
157 56 7213
8 140 7214
146 121 7215
138 83 7216
189 12 7217
132 70 7218
133 145 7219
169 191 7220
33 155 7221
171 129 7222
6 3 7223
91 27 7224
194 154 7225
142 94 7226
106 53 7227
19 85 7228
63 38 7229
29 27 7230
178 175 7231
70 78 7232
158 108 7233
198 83 7234
200 128 7235
68 129 7236
26 82 7237
155 52 7238
91 57 7239
131 177 7240
168 49 7241
170 139 7242
191 103 7243
70 139 7244
151 182 7245
28 108 7246
110 55 7247
47 165 7248
99 193 7249
136 160 7250
41 138 7251
23 63 7252
64 92 7253
123 69 7254
30 8 7255
99 126 7256
9 15 7257
117 14 7258
85 28 7259
113 192 7260
19 11 7261
84 134 7262
41 168 7263
122 17 7264
90 187 7265
68 115 7266
118 39 7267
157 92 7268
49 186 7269
117 36 7270
139 69 7271
197 77 7272
139 26 7273
86 194 7274
117 128 7275
157 195 7276
189 118 7277
193 159 7278
128 62 7279
22 138 7280
1 94 7281
1 199 7282
76 167 7283
41 43 7284
142 197 7285
38 146 7286
35 142 7287
14 152 7288
44 41 7289
71 167 7290
128 194 7291
85 67 7292
137 166 7293
20 76 7294
35 7 7295
54 86 7296
180 77 7297
152 113 7298
195 98 7299
134 66 7300
3 1 7301
2 8 7302
10 64 7303
191 184 7304
155 134 7305
93 82 7306
183 131 7307
93 154 7308
168 125 7309
4 189 7310
40 88 7311
71 108 7312
170 10 7313
27 103 7314
112 87 7315
174 44 7316
4 26 7317
16 45 7318
50 108 7319
103 78 7320
136 37 7321
1 45 7322
89 160 7323
134 69 7324
25 14 7325
55 144 7326
59 129 7327
155 190 7328
105 10 7329
118 121 7330
51 198 7331
101 112 7332
82 46 7333
46 164 7334
176 60 7335
126 142 7336
86 37 7337
148 63 7338
47 34 7339
106 134 7340
190 79 7341
142 71 7342
166 193 7343
100 193 7344
3 135 7345
6 71 7346
102 9 7347
39 125 7348
39 43 7349
7 128 7350
30 13 7351
154 49 7352
13 52 7353
105 195 7354
105 34 7355
153 7 7356
39 181 7357
152 156 7358
118 133 7359
47 99 7360
174 178 7361
80 21 7362
174 175 7363
175 93 7364
3 46 7365
172 151 7366
63 188 7367
47 160 7368
32 31 7369
53 9 7370
67 137 7371
140 46 7372
53 143 7373
149 166 7374
23 29 7375
90 135 7376
181 18 7377
113 92 7378
124 117 7379
173 135 7380
8 155 7381
18 147 7382
113 87 7383
85 56 7384
109 47 7385
152 161 7386
27 118 7387
188 106 7388
90 110 7389
198 30 7390
47 144 7391
57 40 7392
169 153 7393
78 131 7394
154 36 7395
49 167 7396
53 140 7397
200 142 7398
8 144 7399
150 156 7400
62 53 7401
11 182 7402
92 111 7403
47 122 7404
10 123 7405
15 74 7406
44 144 7407
195 92 7408
94 105 7409
172 12 7410
188 38 7411
18 122 7412
26 163 7413
92 57 7414
140 164 7415
136 169 7416
12 173 7417
12 171 7418
18 108 7419
53 160 7420
134 63 7421
157 12 7422
18 35 7423
132 29 7424
166 169 7425
200 123 7426
17 24 7427
49 53 7428
128 174 7429
51 138 7430
167 17 7431
160 37 7432
179 174 7433
154 198 7434
125 61 7435
55 172 7436
149 61 7437
58 183 7438
104 43 7439
171 149 7440
172 80 7441
92 24 7442
187 53 7443
103 105 7444
123 179 7445
198 84 7446
19 89 7447
122 64 7448
93 87 7449
157 140 7450
157 100 7451
139 85 7452
106 117 7453
157 111 7454
81 156 7455
28 63 7456
106 33 7457
27 182 7458
52 19 7459
161 77 7460
93 76 7461
124 66 7462
180 200 7463
42 120 7464
41 40 7465
92 75 7466
181 35 7467
21 1 7468
66 120 7469
124 4 7470
3 120 7471
106 165 7472
159 184 7473
116 121 7474
32 12 7475
103 131 7476
193 124 7477
48 51 7478
149 15 7479
41 183 7480
127 120 7481
1 143 7482
84 173 7483
73 192 7484
180 128 7485
5 97 7486
172 147 7487
55 102 7488
131 179 7489
117 169 7490
67 145 7491
71 185 7492
114 75 7493
22 163 7494
168 120 7495
155 109 7496
151 45 7497
123 19 7498
74 50 7499
22 180 7500
77 159 7501
11 40 7502
140 167 7503
3 185 7504
28 159 7505
161 104 7506
50 172 7507
171 20 7508
96 99 7509
40 64 7510
42 167 7511
124 136 7512
197 8 7513
46 102 7514
135 39 7515
64 185 7516
49 35 7517
34 55 7518
83 109 7519
22 56 7520
50 158 7521
95 103 7522
133 54 7523
21 88 7524
30 28 7525
166 172 7526
58 42 7527
185 196 7528
133 190 7529
65 133 7530
135 58 7531
153 55 7532
131 87 7533
172 185 7534
61 132 7535
95 161 7536
149 5 7537
142 54 7538
155 127 7539
111 197 7540
155 107 7541
131 167 7542
93 121 7543
95 81 7544
24 19 7545
156 13 7546
167 154 7547
132 37 7548
95 152 7549
198 101 7550
16 120 7551
90 55 7552
101 32 7553
177 37 7554
78 77 7555
165 12 7556
9 150 7557
128 43 7558
27 56 7559
174 150 7560
161 61 7561
26 187 7562
85 136 7563
50 15 7564
145 98 7565
171 157 7566
129 177 7567
98 175 7568
75 79 7569
14 159 7570
123 125 7571
102 141 7572
54 120 7573
16 72 7574
102 4 7575
9 198 7576
17 160 7577
194 26 7578
145 110 7579
44 130 7580
125 94 7581
26 63 7582
181 98 7583
16 7 7584
133 183 7585
30 160 7586
166 77 7587
157 184 7588
194 162 7589
28 71 7590
104 103 7591
52 125 7592
51 155 7593
175 181 7594
81 51 7595
172 46 7596
186 36 7597
100 144 7598
93 114 7599
72 169 7600
46 107 7601
14 127 7602
126 143 7603
94 132 7604
124 186 7605
109 173 7606
189 178 7607
94 180 7608
199 103 7609
94 193 7610
58 145 7611
34 2 7612
34 43 7613
1 102 7614
178 156 7615
26 137 7616
95 106 7617
76 135 7618
153 78 7619
5 10 7620
95 60 7621
107 179 7622
146 35 7623
125 58 7624
6 83 7625
192 74 7626
37 128 7627
190 160 7628
157 64 7629
20 200 7630
5 198 7631
148 183 7632
183 93 7633
200 90 7634
98 11 7635
91 130 7636
177 92 7637
86 92 7638
39 81 7639
152 13 7640
104 156 7641
187 132 7642
9 80 7643
193 190 7644
166 23 7645
159 5 7646
198 127 7647
173 52 7648
62 168 7649
9 95 7650
6 27 7651
27 24 7652
162 77 7653
191 24 7654
172 192 7655
48 96 7656
163 145 7657
199 5 7658
135 108 7659
172 48 7660
108 19 7661
20 132 7662
183 122 7663
184 161 7664
51 192 7665
17 53 7666
88 166 7667
176 24 7668
12 93 7669
175 118 7670
131 7 7671
50 119 7672
3 9 7673
35 149 7674
92 39 7675
25 5 7676
99 23 7677
63 197 7678
5 68 7679
173 67 7680
127 187 7681
137 128 7682
161 117 7683
49 98 7684
52 56 7685
179 65 7686
139 96 7687
102 85 7688
127 168 7689
78 82 7690
28 81 7691
46 189 7692
179 186 7693
186 128 7694
160 77 7695
79 13 7696
30 150 7697
142 91 7698
12 21 7699
101 136 7700
133 41 7701
33 41 7702
4 21 7703
198 171 7704
54 7 7705
78 191 7706
142 114 7707
60 10 7708
107 143 7709
155 181 7710
177 184 7711
155 24 7712
199 114 7713
3 151 7714
155 143 7715
189 2 7716
128 11 7717
45 61 7718
166 132 7719
144 121 7720
42 126 7721
97 20 7722
78 94 7723
183 187 7724
166 22 7725
48 93 7726
82 61 7727
170 105 7728
74 80 7729
81 127 7730
18 118 7731
88 135 7732
70 11 7733
70 59 7734
89 159 7735
104 165 7736
41 139 7737
152 177 7738
71 79 7739
197 79 7740
15 199 7741
92 168 7742
18 119 7743
82 121 7744
119 59 7745
66 178 7746
124 91 7747
120 109 7748
50 84 7749
99 61 7750
73 131 7751
68 135 7752
45 185 7753
9 46 7754
41 142 7755
27 112 7756
124 125 7757
109 193 7758
16 48 7759
170 63 7760
136 150 7761
130 18 7762
197 45 7763
175 38 7764
143 141 7765
59 152 7766
199 25 7767
71 133 7768
139 190 7769
148 153 7770
185 49 7771
120 99 7772
3 199 7773
38 90 7774
105 20 7775
79 128 7776
117 133 7777
169 89 7778
133 186 7779
76 147 7780
54 14 7781
164 127 7782
98 124 7783
53 152 7784
89 121 7785
74 7 7786
48 14 7787
63 18 7788
86 161 7789
65 118 7790
45 142 7791
181 91 7792
170 33 7793
95 71 7794
13 137 7795
133 23 7796
40 154 7797
73 143 7798
150 162 7799
57 22 7800
199 2 7801
175 2 7802
65 19 7803
18 113 7804
169 122 7805
54 76 7806
65 14 7807
97 189 7808
148 72 7809
57 123 7810
124 104 7811
121 104 7812
114 43 7813
196 163 7814
82 57 7815
174 40 7816
142 85 7817
22 10 7818
117 163 7819
80 19 7820
147 84 7821
36 45 7822
73 145 7823
61 43 7824
61 136 7825
92 60 7826
186 73 7827
180 10 7828
93 8 7829
78 112 7830
31 78 7831
128 78 7832
46 73 7833
159 183 7834
140 57 7835
82 44 7836
195 40 7837
73 102 7838
78 157 7839
37 30 7840
184 51 7841
51 160 7842
6 135 7843
190 104 7844
197 89 7845
1 34 7846
166 200 7847
151 140 7848
63 2 7849
27 155 7850
138 192 7851
139 183 7852
178 25 7853
12 19 7854
93 80 7855
134 144 7856
143 31 7857
169 92 7858
91 148 7859
178 88 7860
173 180 7861
89 62 7862
131 150 7863
74 168 7864
193 98 7865
167 134 7866
152 117 7867
41 38 7868
90 98 7869
132 137 7870
124 176 7871
83 59 7872
115 196 7873
86 151 7874
73 126 7875
47 193 7876
165 28 7877
39 69 7878
83 12 7879
106 31 7880
2 52 7881
190 53 7882
96 141 7883
24 170 7884
58 55 7885
61 164 7886
62 15 7887
185 147 7888
31 57 7889
57 171 7890
67 38 7891
164 72 7892
42 24 7893
72 120 7894
17 102 7895
43 5 7896
196 171 7897
19 121 7898
139 66 7899
163 70 7900
66 105 7901
87 98 7902
128 27 7903
78 74 7904
10 82 7905
3 160 7906
133 61 7907
88 9 7908
199 190 7909
115 128 7910
152 176 7911
87 59 7912
89 55 7913
149 187 7914
194 40 7915
27 147 7916
9 36 7917
104 112 7918
32 15 7919
40 171 7920
52 51 7921
46 184 7922
169 130 7923
139 104 7924
65 165 7925
87 25 7926
90 163 7927
175 85 7928
11 10 7929
145 43 7930
2 153 7931
29 91 7932
166 32 7933
167 35 7934
23 86 7935
96 11 7936
178 191 7937
151 31 7938
160 179 7939
183 89 7940
128 151 7941
8 170 7942
144 146 7943
189 87 7944
32 181 7945
37 199 7946
71 155 7947
40 99 7948
79 163 7949
16 98 7950
69 160 7951
113 70 7952
31 124 7953
89 82 7954
56 144 7955
167 199 7956
114 94 7957
58 97 7958
49 164 7959
156 114 7960
200 18 7961
27 94 7962
146 162 7963
133 168 7964
9 142 7965
75 106 7966
129 34 7967
40 34 7968
27 150 7969
153 20 7970
136 73 7971
196 143 7972
1 151 7973
116 155 7974
63 52 7975
193 163 7976
131 156 7977
54 195 7978
198 118 7979
74 38 7980
156 98 7981
66 40 7982
6 136 7983
99 187 7984
4 11 7985
81 1 7986
192 4 7987
45 59 7988
174 190 7989
193 84 7990
101 60 7991
142 72 7992
37 131 7993
24 181 7994
161 147 7995
137 36 7996
117 86 7997
170 15 7998
71 100 7999
46 31 8000
159 78 8001
141 27 8002
172 103 8003
4 17 8004
147 169 8005
69 143 8006
75 61 8007
1 179 8008
37 85 8009
36 63 8010
172 157 8011
17 50 8012
74 163 8013
169 106 8014
123 39 8015
176 182 8016
48 109 8017
162 183 8018
80 174 8019
27 2 8020
176 81 8021
59 163 8022
175 10 8023
115 2 8024
38 46 8025
169 177 8026
23 108 8027
116 34 8028
68 159 8029
166 105 8030
163 192 8031
195 150 8032
173 101 8033
40 16 8034
58 123 8035
192 21 8036
45 4 8037
200 171 8038
183 79 8039
138 137 8040
177 128 8041
162 170 8042
124 129 8043
146 131 8044
42 101 8045
28 12 8046
97 93 8047
67 90 8048
70 130 8049
45 78 8050
187 10 8051
136 138 8052
31 137 8053
63 112 8054
30 89 8055
103 84 8056
61 148 8057
152 35 8058
18 55 8059
133 88 8060
133 175 8061
139 166 8062
26 138 8063
156 123 8064
39 45 8065
95 159 8066
167 109 8067
120 121 8068
73 182 8069
157 70 8070
172 177 8071
111 135 8072
88 7 8073
6 21 8074
97 68 8075
27 62 8076
39 154 8077
72 156 8078
8 49 8079
110 141 8080
134 169 8081
87 47 8082
35 119 8083
67 172 8084
146 182 8085
121 126 8086
147 44 8087
184 92 8088
152 193 8089
124 49 8090
85 154 8091
115 9 8092
126 182 8093
21 47 8094
25 57 8095
177 151 8096
161 154 8097
142 186 8098
146 197 8099
115 99 8100
186 162 8101
185 63 8102
143 20 8103
81 4 8104
192 88 8105
51 54 8106
184 165 8107
40 68 8108
141 166 8109
90 41 8110
150 91 8111
180 61 8112
175 13 8113
192 25 8114
9 21 8115
109 157 8116
164 98 8117
69 155 8118
17 94 8119
108 196 8120
66 5 8121
22 30 8122
99 162 8123
112 103 8124
118 9 8125
39 157 8126
43 124 8127
142 124 8128
199 81 8129
191 175 8130
1 138 8131
164 182 8132
35 100 8133
177 100 8134
87 164 8135
94 191 8136
191 19 8137
88 13 8138
46 81 8139
81 166 8140
107 72 8141
46 50 8142
4 86 8143
180 164 8144
51 58 8145
60 192 8146
91 3 8147
33 39 8148
108 75 8149
197 99 8150
130 112 8151
6 63 8152
45 191 8153
123 151 8154
163 174 8155
43 56 8156
114 1 8157
61 150 8158
25 89 8159
161 151 8160
82 66 8161
180 122 8162
39 172 8163
186 165 8164
23 105 8165
45 20 8166
33 91 8167
165 73 8168
143 77 8169
13 128 8170
39 186 8171
14 92 8172
159 18 8173
178 112 8174
26 93 8175
4 182 8176
25 147 8177
103 47 8178
1 158 8179
84 56 8180
105 153 8181
118 168 8182
7 67 8183
157 3 8184
76 110 8185
75 125 8186
111 95 8187
44 137 8188
13 193 8189
142 107 8190
119 15 8191
152 66 8192
192 20 8193
28 22 8194
112 198 8195
129 140 8196
91 36 8197
62 175 8198
49 73 8199
145 190 8200
147 62 8201
123 20 8202
30 180 8203
103 2 8204
34 86 8205
73 13 8206
64 15 8207
117 127 8208
15 100 8209
162 52 8210
199 174 8211
98 117 8212
152 127 8213
134 198 8214
68 177 8215
23 100 8216
107 55 8217
117 58 8218
73 14 8219
16 85 8220
60 133 8221
19 179 8222
43 198 8223
134 122 8224
177 85 8225
38 178 8226
83 69 8227
92 68 8228
56 131 8229
19 78 8230
116 97 8231
189 92 8232
193 142 8233
89 155 8234
78 65 8235
48 40 8236
123 31 8237
43 184 8238
123 88 8239
198 76 8240
31 85 8241
2 171 8242
171 102 8243
165 149 8244
197 174 8245
4 99 8246
55 122 8247
196 5 8248
48 118 8249
33 114 8250
85 22 8251
151 137 8252
95 194 8253
116 194 8254
153 158 8255
150 98 8256
137 200 8257
109 54 8258
72 112 8259
71 129 8260
114 85 8261
107 88 8262
105 118 8263
89 39 8264
52 163 8265
56 177 8266
162 107 8267
29 198 8268
32 194 8269
35 86 8270
161 148 8271
63 80 8272
87 46 8273
10 107 8274
60 81 8275
34 92 8276
166 173 8277
124 133 8278
181 196 8279
33 111 8280
63 172 8281
157 133 8282
44 43 8283
58 46 8284
3 107 8285
8 90 8286
45 112 8287
69 60 8288
20 182 8289
197 168 8290
41 19 8291
124 70 8292
121 81 8293
39 164 8294
70 53 8295
8 11 8296
99 116 8297
196 88 8298
50 200 8299
192 24 8300
