200 3100 3100
32 140 1
148 154 2
36 76 3
12 35 4
6 118 5
53 104 6
26 43 7
39 43 8
156 159 9
101 169 10
27 62 11
79 111 12
127 87 13
25 147 14
178 92 15
106 29 16
150 191 17
69 78 18
110 54 19
64 15 20
159 173 21
16 126 22
78 35 23
48 68 24
74 1 25
81 107 26
20 121 27
196 91 28
20 84 29
189 198 30
124 107 31
75 77 32
113 82 33
26 142 34
155 134 35
96 2 36
141 150 37
57 97 38
70 162 39
94 149 40
108 50 41
163 139 42
8 11 43
29 25 44
118 116 45
171 26 46
197 135 47
196 23 48
85 164 49
169 96 50
85 109 51
89 120 52
166 148 53
61 97 54
124 101 55
70 38 56
12 20 57
200 153 58
155 49 59
61 157 60
26 25 61
61 100 62
82 34 63
68 151 64
61 9 65
148 34 66
168 78 67
16 69 68
102 166 69
34 64 70
191 129 71
95 182 72
3 90 73
159 2 74
48 44 75
55 167 76
133 67 77
162 191 78
24 139 79
84 73 80
129 70 81
39 1 82
120 44 83
181 148 84
188 133 85
116 161 86
178 111 87
143 182 88
181 109 89
158 82 90
5 79 91
190 12 92
30 150 93
126 3 94
35 142 95
105 127 96
8 154 97
132 54 98
183 83 99
100 28 100
125 130 101
62 79 102
132 103 103
189 118 104
58 70 105
153 13 106
25 118 107
69 143 108
112 169 109
154 49 110
109 124 111
110 17 112
154 191 113
167 59 114
77 67 115
17 177 116
174 12 117
55 124 118
29 27 119
106 125 120
192 13 121
186 98 122
131 22 123
73 48 124
190 55 125
75 116 126
6 20 127
200 90 128
137 161 129
107 123 130
190 75 131
57 15 132
177 62 133
183 63 134
73 150 135
184 87 136
143 39 137
31 92 138
84 94 139
127 187 140
2 85 141
162 77 142
96 95 143
175 46 144
186 93 145
65 191 146
84 45 147
69 66 148
196 34 149
35 179 150
47 58 151
11 141 152
1 163 153
136 197 154
59 171 155
171 158 156
37 189 157
139 194 158
109 193 159
160 21 160
175 19 161
190 19 162
131 87 163
71 90 164
65 131 165
44 37 166
147 140 167
55 69 168
195 78 169
34 52 170
172 176 171
160 63 172
128 28 173
181 194 174
171 85 175
15 156 176
127 100 177
108 176 178
40 190 179
89 81 180
81 99 181
10 174 182
61 143 183
126 184 184
183 45 185
3 188 186
45 20 187
125 38 188
95 83 189
94 143 190
56 200 191
179 130 192
20 72 193
39 172 194
196 164 195
178 76 196
139 181 197
24 87 198
91 128 199
65 119 200
66 115 201
71 192 202
28 98 203
39 13 204
164 50 205
174 31 206
104 88 207
188 142 208
175 181 209
39 51 210
170 164 211
66 112 212
37 9 213
88 6 214
78 124 215
106 53 216
97 22 217
158 194 218
155 100 219
170 18 220
119 177 221
48 139 222
87 178 223
133 197 224
180 61 225
47 102 226
195 46 227
99 187 228
85 65 229
83 69 230
140 164 231
182 127 232
151 150 233
65 24 234
3 29 235
107 11 236
184 124 237
114 29 238
55 74 239
127 195 240
140 83 241
43 25 242
4 19 243
30 98 244
105 76 245
153 158 246
124 70 247
44 137 248
11 49 249
107 86 250
82 159 251
68 13 252
181 116 253
178 116 254
77 31 255
194 64 256
48 154 257
192 9 258
170 46 259
54 106 260
154 117 261
98 95 262
99 66 263
184 20 264
59 89 265
65 58 266
42 30 267
89 75 268
163 143 269
112 198 270
152 181 271
35 41 272
130 11 273
7 190 274
95 88 275
149 176 276
60 27 277
3 9 278
198 21 279
42 4 280
169 82 281
8 38 282
155 178 283
93 36 284
176 147 285
47 144 286
126 189 287
108 53 288
175 93 289
165 16 290
40 199 291
136 3 292
149 84 293
10 192 294
6 60 295
4 17 296
4 159 297
50 132 298
59 125 299
6 27 300
103 161 301
31 198 302
58 137 303
191 142 304
177 128 305
157 119 306
163 192 307
12 70 308
179 82 309
179 6 310
118 159 311
27 35 312
193 116 313
123 111 314
67 13 315
87 177 316
18 40 317
121 27 318
187 166 319
152 142 320
58 42 321
129 58 322
63 187 323
100 106 324
93 10 325
106 5 326
109 100 327
161 27 328
128 52 329
185 138 330
43 42 331
34 91 332
56 111 333
139 98 334
61 164 335
111 120 336
152 113 337
187 173 338
199 166 339
9 123 340
83 59 341
124 185 342
94 181 343
106 190 344
164 137 345
22 43 346
28 45 347
17 178 348
123 149 349
154 27 350
57 29 351
31 85 352
12 97 353
158 54 354
115 172 355
73 192 356
200 18 357
80 111 358
62 129 359
199 142 360
106 108 361
169 89 362
157 92 363
170 33 364
9 83 365
24 20 366
189 178 367
42 122 368
83 28 369
116 171 370
65 180 371
117 48 372
104 113 373
20 200 374
187 142 375
93 127 376
80 102 377
166 151 378
22 104 379
158 25 380
118 87 381
95 23 382
149 138 383
113 177 384
20 165 385
74 177 386
178 37 387
40 5 388
59 42 389
88 144 390
2 180 391
42 136 392
3 107 393
3 56 394
194 56 395
81 186 396
24 60 397
60 10 398
30 28 399
199 125 400
3 176 401
6 15 402
71 100 403
15 74 404
108 183 405
172 177 406
131 183 407
158 130 408
192 74 409
108 99 410
2 73 411
196 129 412
111 74 413
53 100 414
173 1 415
31 110 416
54 180 417
114 32 418
195 98 419
36 41 420
105 112 421
122 56 422
73 33 423
67 82 424
43 111 425
101 123 426
80 153 427
104 110 428
189 159 429
144 43 430
35 13 431
101 98 432
59 13 433
131 105 434
78 94 435
125 143 436
58 130 437
169 32 438
103 105 439
126 132 440
195 5 441
14 84 442
157 20 443
160 174 444
115 29 445
63 61 446
41 130 447
147 165 448
41 72 449
141 52 450
77 60 451
23 12 452
92 90 453
76 8 454
186 177 455
162 48 456
142 133 457
161 55 458
138 129 459
135 37 460
32 47 461
57 139 462
70 90 463
194 101 464
110 78 465
42 186 466
181 123 467
162 99 468
169 177 469
71 59 470
40 135 471
163 98 472
60 81 473
59 196 474
157 25 475
30 115 476
75 122 477
126 91 478
159 46 479
33 187 480
21 47 481
23 72 482
15 169 483
40 49 484
108 159 485
91 59 486
131 154 487
113 187 488
89 69 489
106 31 490
50 133 491
70 140 492
93 50 493
162 120 494
148 128 495
50 115 496
28 127 497
110 140 498
82 54 499
10 182 500
13 128 501
122 71 502
200 142 503
88 16 504
150 98 505
154 197 506
18 115 507
97 152 508
13 51 509
128 146 510
139 26 511
182 40 512
117 111 513
167 87 514
5 172 515
158 88 516
47 145 517
82 143 518
183 182 519
85 132 520
99 70 521
58 103 522
187 186 523
99 193 524
85 80 525
51 156 526
2 77 527
128 3 528
85 116 529
139 32 530
19 46 531
63 153 532
124 91 533
199 30 534
138 29 535
77 74 536
6 51 537
146 175 538
7 176 539
20 43 540
195 18 541
34 199 542
85 141 543
164 67 544
118 31 545
177 178 546
82 120 547
108 148 548
165 166 549
90 140 550
45 78 551
36 53 552
130 112 553
146 184 554
128 141 555
117 114 556
147 29 557
200 93 558
53 21 559
82 146 560
157 174 561
172 8 562
25 88 563
153 43 564
149 106 565
14 21 566
196 200 567
191 96 568
137 32 569
96 58 570
187 132 571
103 167 572
156 114 573
177 60 574
61 51 575
98 105 576
3 27 577
91 43 578
94 193 579
136 109 580
26 160 581
178 196 582
190 96 583
165 73 584
54 120 585
41 16 586
105 14 587
76 38 588
24 159 589
25 19 590
119 148 591
191 141 592
101 46 593
139 167 594
127 79 595
52 147 596
2 130 597
186 68 598
28 166 599
87 144 600
108 166 601
71 48 602
54 95 603
197 56 604
65 170 605
65 136 606
58 168 607
17 111 608
5 108 609
3 35 610
132 70 611
140 93 612
134 161 613
187 199 614
154 100 615
68 83 616
138 197 617
31 155 618
24 95 619
110 130 620
164 160 621
178 73 622
59 121 623
50 155 624
102 12 625
133 64 626
97 10 627
82 141 628
33 39 629
54 76 630
170 139 631
86 92 632
89 105 633
181 42 634
61 47 635
198 174 636
145 150 637
14 193 638
120 121 639
135 99 640
128 8 641
61 121 642
183 47 643
61 168 644
138 35 645
164 182 646
61 135 647
59 129 648
179 103 649
72 155 650
59 15 651
104 34 652
100 171 653
162 96 654
82 76 655
96 100 656
19 198 657
74 75 658
96 36 659
126 86 660
159 40 661
80 181 662
165 139 663
85 121 664
1 166 665
124 4 666
15 179 667
33 5 668
80 62 669
76 37 670
117 153 671
64 92 672
101 60 673
128 51 674
47 197 675
150 156 676
67 144 677
39 68 678
110 70 679
164 75 680
159 115 681
38 54 682
32 22 683
97 2 684
161 193 685
50 22 686
34 86 687
106 147 688
198 3 689
140 166 690
2 52 691
79 130 692
56 12 693
33 152 694
87 42 695
161 182 696
69 72 697
15 197 698
37 134 699
193 175 700
27 187 701
193 131 702
143 188 703
104 62 704
132 18 705
150 154 706
80 191 707
75 136 708
14 58 709
103 127 710
172 146 711
22 56 712
65 89 713
65 44 714
74 115 715
168 135 716
197 175 717
170 129 718
38 138 719
140 65 720
107 147 721
39 7 722
18 7 723
137 158 724
50 26 725
21 11 726
72 153 727
49 149 728
182 157 729
26 186 730
99 191 731
157 74 732
27 64 733
14 192 734
165 115 735
48 102 736
37 161 737
25 7 738
161 148 739
194 186 740
168 151 741
129 190 742
82 21 743
151 32 744
132 88 745
138 171 746
71 81 747
19 167 748
141 23 749
51 180 750
135 4 751
76 30 752
155 187 753
180 199 754
4 62 755
149 54 756
46 112 757
10 184 758
115 77 759
68 2 760
60 105 761
9 188 762
94 135 763
113 157 764
173 106 765
124 176 766
194 119 767
37 139 768
73 131 769
52 81 770
172 118 771
24 13 772
68 51 773
18 106 774
98 103 775
194 149 776
144 173 777
93 87 778
107 169 779
133 39 780
58 28 781
6 139 782
119 57 783
13 77 784
88 187 785
22 173 786
97 136 787
121 137 788
143 31 789
90 11 790
7 47 791
135 141 792
171 73 793
142 94 794
64 148 795
68 149 796
95 162 797
56 24 798
163 145 799
113 71 800
30 32 801
133 187 802
136 107 803
81 167 804
52 19 805
164 69 806
127 75 807
186 176 808
40 3 809
198 155 810
199 191 811
192 125 812
175 113 813
197 124 814
126 47 815
180 93 816
87 128 817
86 87 818
58 24 819
24 162 820
51 159 821
93 75 822
154 53 823
197 16 824
159 127 825
148 71 826
94 156 827
22 193 828
188 62 829
103 47 830
154 172 831
184 32 832
9 48 833
48 125 834
81 2 835
153 94 836
63 84 837
150 13 838
147 92 839
88 185 840
178 27 841
94 159 842
97 66 843
111 93 844
192 64 845
111 21 846
88 13 847
9 163 848
96 22 849
45 61 850
140 21 851
123 47 852
9 63 853
168 98 854
187 159 855
188 89 856
97 95 857
90 84 858
124 68 859
76 12 860
47 67 861
49 167 862
117 133 863
37 16 864
106 140 865
51 149 866
34 69 867
29 198 868
19 71 869
17 99 870
158 160 871
19 58 872
78 22 873
29 83 874
173 44 875
84 146 876
79 13 877
187 171 878
59 147 879
74 102 880
118 93 881
84 16 882
84 163 883
161 151 884
5 171 885
166 66 886
23 29 887
178 112 888
196 37 889
75 119 890
44 180 891
155 11 892
200 129 893
74 38 894
142 176 895
61 145 896
165 187 897
90 194 898
45 161 899
178 101 900
180 148 901
18 48 902
138 144 903
147 62 904
111 129 905
22 86 906
123 88 907
93 152 908
135 34 909
113 91 910
39 97 911
109 54 912
91 17 913
180 186 914
124 36 915
33 103 916
187 51 917
93 22 918
139 178 919
96 75 920
3 4 921
93 192 922
125 144 923
146 35 924
122 185 925
108 93 926
107 200 927
136 22 928
119 17 929
79 154 930
3 57 931
99 6 932
181 144 933
63 25 934
125 134 935
188 57 936
29 47 937
18 56 938
2 116 939
32 118 940
199 157 941
62 110 942
190 29 943
51 197 944
133 156 945
154 144 946
105 19 947
33 144 948
83 156 949
86 131 950
180 84 951
48 108 952
178 100 953
73 51 954
33 129 955
6 135 956
43 5 957
109 95 958
98 121 959
145 57 960
24 30 961
63 124 962
101 56 963
35 133 964
164 98 965
196 171 966
60 123 967
153 18 968
28 71 969
134 118 970
122 128 971
121 175 972
192 55 973
189 121 974
39 186 975
58 167 976
172 80 977
12 160 978
87 195 979
92 176 980
195 66 981
156 120 982
167 165 983
100 67 984
72 67 985
22 162 986
33 178 987
185 83 988
14 157 989
52 125 990
197 152 991
91 177 992
95 143 993
182 150 994
96 197 995
178 86 996
197 58 997
33 135 998
38 29 999
150 130 1000
149 195 1001
136 29 1002
161 60 1003
154 31 1004
147 50 1005
147 128 1006
13 109 1007
192 127 1008
45 5 1009
134 169 1010
55 19 1011
56 155 1012
43 35 1013
137 166 1014
24 160 1015
125 96 1016
153 113 1017
85 101 1018
190 13 1019
148 89 1020
125 29 1021
41 99 1022
146 126 1023
147 144 1024
172 16 1025
166 36 1026
4 131 1027
161 162 1028
170 171 1029
159 126 1030
88 29 1031
183 89 1032
85 94 1033
106 105 1034
147 55 1035
1 94 1036
161 107 1037
28 12 1038
60 192 1039
196 27 1040
85 57 1041
91 115 1042
95 40 1043
149 2 1044
35 86 1045
50 52 1046
107 84 1047
81 125 1048
4 189 1049
42 49 1050
145 3 1051
110 146 1052
86 74 1053
194 136 1054
77 46 1055
134 50 1056
82 64 1057
96 196 1058
147 169 1059
82 43 1060
137 16 1061
54 61 1062
175 145 1063
81 23 1064
121 164 1065
97 20 1066
27 68 1067
115 23 1068
136 111 1069
83 188 1070
186 58 1071
91 170 1072
162 93 1073
45 191 1074
109 87 1075
159 54 1076
111 19 1077
91 27 1078
147 70 1079
119 101 1080
29 170 1081
113 70 1082
157 1 1083
159 129 1084
151 84 1085
73 134 1086
36 194 1087
180 128 1088
43 159 1089
66 178 1090
184 178 1091
70 19 1092
6 83 1093
6 69 1094
188 40 1095
71 197 1096
6 161 1097
170 37 1098
58 133 1099
43 101 1100
62 131 1101
172 46 1102
21 34 1103
171 102 1104
121 131 1105
43 31 1106
145 11 1107
46 157 1108
158 22 1109
48 101 1110
93 196 1111
1 121 1112
80 199 1113
70 83 1114
191 26 1115
20 137 1116
129 188 1117
85 160 1118
40 4 1119
102 34 1120
170 111 1121
147 191 1122
35 92 1123
182 47 1124
152 127 1125
108 72 1126
44 113 1127
175 2 1128
94 34 1129
98 76 1130
6 11 1131
136 132 1132
29 39 1133
128 167 1134
141 126 1135
54 195 1136
135 153 1137
91 3 1138
68 38 1139
145 35 1140
25 104 1141
13 110 1142
165 80 1143
15 122 1144
112 96 1145
77 188 1146
197 10 1147
8 160 1148
127 184 1149
50 38 1150
192 33 1151
27 198 1152
10 30 1153
5 73 1154
139 124 1155
187 92 1156
41 85 1157
37 10 1158
176 4 1159
181 178 1160
158 132 1161
77 80 1162
50 27 1163
142 28 1164
113 92 1165
41 158 1166
115 146 1167
38 28 1168
19 153 1169
58 109 1170
93 149 1171
112 42 1172
20 25 1173
158 89 1174
142 47 1175
126 158 1176
8 173 1177
197 79 1178
143 46 1179
198 84 1180
19 29 1181
150 90 1182
109 63 1183
194 137 1184
157 136 1185
27 147 1186
56 131 1187
129 177 1188
20 183 1189
51 143 1190
29 177 1191
99 116 1192
193 124 1193
104 66 1194
158 5 1195
195 167 1196
177 138 1197
48 14 1198
131 27 1199
28 169 1200
165 58 1201
40 90 1202
52 151 1203
25 89 1204
112 89 1205
150 116 1206
148 8 1207
54 166 1208
187 16 1209
1 177 1210
92 17 1211
117 54 1212
158 70 1213
148 152 1214
110 117 1215
65 155 1216
114 63 1217
129 198 1218
178 199 1219
117 162 1220
187 75 1221
137 106 1222
70 146 1223
185 4 1224
129 40 1225
126 95 1226
200 48 1227
200 141 1228
92 173 1229
134 187 1230
5 97 1231
43 7 1232
77 192 1233
116 14 1234
128 27 1235
6 128 1236
142 11 1237
197 99 1238
17 170 1239
44 176 1240
161 58 1241
155 127 1242
105 20 1243
194 26 1244
183 154 1245
19 106 1246
173 90 1247
89 82 1248
141 27 1249
51 93 1250
188 80 1251
101 47 1252
47 140 1253
42 200 1254
15 168 1255
117 138 1256
123 150 1257
192 152 1258
111 38 1259
59 157 1260
190 141 1261
166 196 1262
114 69 1263
193 130 1264
29 175 1265
182 184 1266
93 103 1267
54 7 1268
194 178 1269
53 35 1270
23 195 1271
52 33 1272
97 119 1273
181 132 1274
185 49 1275
149 62 1276
185 97 1277
12 46 1278
23 73 1279
152 105 1280
164 34 1281
33 14 1282
130 3 1283
33 153 1284
124 141 1285
11 165 1286
101 107 1287
53 64 1288
56 148 1289
73 123 1290
140 180 1291
26 104 1292
9 23 1293
176 15 1294
180 157 1295
100 144 1296
111 133 1297
47 165 1298
4 10 1299
85 70 1300
104 47 1301
11 140 1302
124 130 1303
26 55 1304
30 136 1305
84 1 1306
14 159 1307
66 90 1308
173 93 1309
96 141 1310
38 163 1311
5 28 1312
161 176 1313
172 62 1314
160 87 1315
111 197 1316
175 118 1317
10 110 1318
27 33 1319
116 106 1320
184 187 1321
110 59 1322
128 75 1323
18 8 1324
42 194 1325
199 172 1326
71 184 1327
17 67 1328
7 165 1329
142 54 1330
68 168 1331
59 1 1332
157 9 1333
187 139 1334
114 36 1335
158 59 1336
93 17 1337
44 164 1338
141 118 1339
163 170 1340
45 142 1341
187 110 1342
86 31 1343
19 39 1344
82 110 1345
101 126 1346
108 119 1347
98 33 1348
88 46 1349
25 155 1350
198 17 1351
61 40 1352
154 36 1353
33 92 1354
119 107 1355
162 113 1356
155 23 1357
80 35 1358
75 189 1359
134 141 1360
119 196 1361
139 197 1362
170 99 1363
86 196 1364
29 28 1365
112 93 1366
197 182 1367
187 73 1368
100 112 1369
186 82 1370
95 44 1371
179 48 1372
168 13 1373
163 76 1374
79 177 1375
160 133 1376
54 134 1377
128 68 1378
87 116 1379
104 20 1380
155 129 1381
32 31 1382
20 181 1383
176 183 1384
123 141 1385
29 17 1386
83 51 1387
32 63 1388
185 183 1389
170 116 1390
150 79 1391
32 145 1392
18 163 1393
64 89 1394
152 161 1395
106 91 1396
27 118 1397
109 53 1398
1 151 1399
76 188 1400
68 177 1401
186 85 1402
40 34 1403
16 93 1404
130 73 1405
139 130 1406
124 195 1407
61 72 1408
188 60 1409
129 63 1410
123 80 1411
140 105 1412
22 58 1413
168 159 1414
36 28 1415
113 171 1416
19 23 1417
23 144 1418
30 191 1419
24 109 1420
125 12 1421
139 135 1422
87 126 1423
119 192 1424
55 3 1425
117 185 1426
156 163 1427
119 60 1428
199 61 1429
70 11 1430
80 109 1431
15 192 1432
17 9 1433
77 86 1434
130 69 1435
167 26 1436
42 103 1437
146 166 1438
35 70 1439
15 63 1440
152 184 1441
71 108 1442
119 191 1443
139 12 1444
76 29 1445
151 198 1446
119 166 1447
23 187 1448
80 21 1449
48 53 1450
191 89 1451
86 190 1452
164 9 1453
82 115 1454
83 92 1455
187 93 1456
115 62 1457
10 148 1458
195 101 1459
99 84 1460
189 8 1461
182 178 1462
151 132 1463
190 185 1464
117 128 1465
24 161 1466
150 1 1467
31 33 1468
79 138 1469
120 167 1470
152 74 1471
130 147 1472
127 149 1473
60 128 1474
36 39 1475
31 168 1476
175 8 1477
9 150 1478
66 60 1479
151 37 1480
23 40 1481
162 133 1482
125 7 1483
126 64 1484
66 33 1485
125 191 1486
104 188 1487
30 38 1488
41 38 1489
60 29 1490
57 74 1491
199 2 1492
33 128 1493
36 108 1494
175 92 1495
141 169 1496
21 138 1497
157 64 1498
17 195 1499
5 16 1500
191 103 1501
30 160 1502
175 117 1503
125 10 1504
48 190 1505
190 38 1506
69 120 1507
185 26 1508
117 90 1509
26 137 1510
27 156 1511
70 141 1512
13 139 1513
62 95 1514
60 137 1515
10 85 1516
184 40 1517
176 129 1518
198 169 1519
11 16 1520
166 68 1521
28 121 1522
108 144 1523
160 148 1524
149 12 1525
14 158 1526
34 103 1527
194 110 1528
138 84 1529
184 55 1530
45 116 1531
98 154 1532
16 168 1533
150 6 1534
194 123 1535
144 77 1536
97 187 1537
140 152 1538
89 62 1539
58 33 1540
63 126 1541
93 84 1542
95 150 1543
18 117 1544
143 35 1545
94 192 1546
100 44 1547
1 72 1548
113 160 1549
84 165 1550
143 81 1551
141 42 1552
38 46 1553
139 159 1554
162 193 1555
105 114 1556
22 120 1557
177 101 1558
94 175 1559
105 16 1560
51 117 1561
185 10 1562
186 119 1563
18 37 1564
75 35 1565
104 134 1566
141 168 1567
36 159 1568
193 19 1569
40 33 1570
189 195 1571
140 33 1572
193 25 1573
43 147 1574
153 133 1575
105 180 1576
95 125 1577
93 32 1578
27 103 1579
56 40 1580
54 167 1581
57 18 1582
176 48 1583
55 158 1584
135 20 1585
132 120 1586
167 116 1587
184 118 1588
22 68 1589
105 6 1590
87 43 1591
80 108 1592
64 30 1593
24 186 1594
105 8 1595
138 15 1596
138 141 1597
163 176 1598
164 107 1599
91 155 1600
184 56 1601
155 109 1602
17 47 1603
52 165 1604
184 161 1605
198 138 1606
173 156 1607
70 67 1608
172 19 1609
138 175 1610
195 72 1611
128 107 1612
74 6 1613
162 137 1614
62 170 1615
3 47 1616
134 66 1617
4 104 1618
180 158 1619
168 41 1620
21 16 1621
91 41 1622
99 26 1623
6 104 1624
86 5 1625
71 98 1626
18 135 1627
141 68 1628
125 58 1629
32 12 1630
41 169 1631
140 12 1632
141 121 1633
177 6 1634
77 119 1635
177 143 1636
127 4 1637
23 59 1638
141 198 1639
114 168 1640
66 161 1641
1 37 1642
131 89 1643
77 58 1644
116 28 1645
59 155 1646
57 56 1647
12 143 1648
116 79 1649
75 12 1650
130 104 1651
87 95 1652
12 113 1653
88 1 1654
152 131 1655
111 50 1656
88 54 1657
14 74 1658
68 35 1659
138 126 1660
29 52 1661
102 165 1662
144 127 1663
9 168 1664
89 40 1665
48 54 1666
198 108 1667
118 197 1668
104 178 1669
187 157 1670
37 91 1671
23 86 1672
39 28 1673
142 121 1674
13 166 1675
64 105 1676
45 159 1677
124 131 1678
135 91 1679
92 192 1680
57 32 1681
129 7 1682
19 154 1683
99 161 1684
135 110 1685
191 36 1686
11 50 1687
199 18 1688
36 152 1689
85 20 1690
83 50 1691
48 49 1692
138 131 1693
95 131 1694
24 143 1695
190 109 1696
111 190 1697
85 156 1698
190 14 1699
29 150 1700
180 19 1701
139 152 1702
164 141 1703
62 43 1704
113 87 1705
46 73 1706
176 96 1707
14 127 1708
39 21 1709
126 149 1710
180 85 1711
13 180 1712
34 176 1713
90 110 1714
141 29 1715
58 116 1716
200 174 1717
88 97 1718
56 93 1719
41 185 1720
21 10 1721
27 190 1722
147 171 1723
80 103 1724
44 116 1725
94 18 1726
1 56 1727
161 51 1728
73 179 1729
45 3 1730
70 150 1731
51 58 1732
164 127 1733
61 11 1734
153 197 1735
53 157 1736
89 26 1737
82 131 1738
189 36 1739
195 19 1740
67 195 1741
138 54 1742
91 161 1743
147 6 1744
14 199 1745
36 125 1746
50 191 1747
144 69 1748
132 199 1749
53 138 1750
17 156 1751
129 72 1752
197 131 1753
184 89 1754
94 200 1755
99 87 1756
165 78 1757
42 76 1758
171 150 1759
91 100 1760
187 82 1761
168 46 1762
6 2 1763
136 15 1764
83 191 1765
12 169 1766
145 155 1767
54 3 1768
186 31 1769
153 16 1770
3 110 1771
180 170 1772
190 158 1773
66 52 1774
117 3 1775
160 15 1776
83 117 1777
122 21 1778
30 174 1779
140 115 1780
71 12 1781
175 59 1782
61 41 1783
117 86 1784
174 129 1785
5 50 1786
194 191 1787
105 158 1788
192 52 1789
162 165 1790
147 84 1791
35 165 1792
161 89 1793
135 29 1794
151 99 1795
87 14 1796
44 56 1797
127 60 1798
102 199 1799
123 6 1800
22 17 1801
173 28 1802
138 111 1803
35 48 1804
161 118 1805
127 47 1806
148 24 1807
126 22 1808
75 79 1809
133 127 1810
130 68 1811
18 65 1812
190 169 1813
86 65 1814
174 178 1815
109 116 1816
88 73 1817
168 189 1818
129 50 1819
140 81 1820
28 44 1821
84 140 1822
197 196 1823
190 149 1824
109 57 1825
109 182 1826
143 57 1827
16 108 1828
12 101 1829
153 134 1830
180 162 1831
91 127 1832
134 49 1833
50 29 1834
65 111 1835
160 103 1836
122 17 1837
168 147 1838
68 146 1839
63 11 1840
21 177 1841
30 89 1842
78 62 1843
146 21 1844
95 50 1845
134 62 1846
70 75 1847
45 44 1848
197 83 1849
181 164 1850
119 150 1851
167 197 1852
16 128 1853
195 155 1854
155 139 1855
165 24 1856
190 191 1857
120 143 1858
91 169 1859
140 143 1860
23 156 1861
128 53 1862
167 177 1863
191 64 1864
112 84 1865
104 103 1866
160 137 1867
94 32 1868
62 18 1869
4 167 1870
34 92 1871
100 197 1872
83 36 1873
68 95 1874
50 75 1875
97 135 1876
62 142 1877
81 41 1878
104 183 1879
63 65 1880
52 76 1881
83 141 1882
192 145 1883
112 147 1884
60 64 1885
70 78 1886
78 101 1887
146 16 1888
163 129 1889
124 5 1890
184 151 1891
18 119 1892
167 16 1893
55 144 1894
197 82 1895
37 61 1896
12 66 1897
103 26 1898
139 110 1899
106 97 1900
190 68 1901
171 168 1902
12 134 1903
186 125 1904
170 47 1905
23 125 1906
180 151 1907
141 137 1908
57 102 1909
19 143 1910
196 179 1911
169 153 1912
44 127 1913
167 130 1914
82 117 1915
95 149 1916
80 192 1917
24 91 1918
178 176 1919
65 19 1920
127 102 1921
161 177 1922
95 85 1923
24 171 1924
14 173 1925
150 121 1926
79 86 1927
33 132 1928
197 45 1929
96 199 1930
32 86 1931
189 162 1932
167 68 1933
136 153 1934
111 135 1935
6 62 1936
132 45 1937
14 69 1938
167 150 1939
101 155 1940
48 130 1941
48 193 1942
96 103 1943
116 57 1944
178 198 1945
120 61 1946
61 74 1947
117 61 1948
113 77 1949
32 194 1950
38 145 1951
112 115 1952
14 139 1953
97 14 1954
64 1 1955
136 135 1956
106 126 1957
8 111 1958
177 126 1959
25 133 1960
164 11 1961
62 1 1962
143 93 1963
103 69 1964
99 114 1965
99 181 1966
27 2 1967
121 126 1968
180 178 1969
149 43 1970
132 107 1971
143 131 1972
114 58 1973
66 32 1974
72 115 1975
67 12 1976
134 95 1977
40 20 1978
164 95 1979
196 142 1980
92 181 1981
122 100 1982
147 36 1983
192 28 1984
143 185 1985
119 197 1986
142 170 1987
154 61 1988
4 166 1989
73 166 1990
1 143 1991
161 29 1992
147 150 1993
44 195 1994
19 43 1995
53 24 1996
174 36 1997
140 13 1998
127 120 1999
120 81 2000
15 132 2001
193 188 2002
94 100 2003
99 45 2004
53 186 2005
125 110 2006
170 137 2007
75 34 2008
105 4 2009
154 159 2010
85 128 2011
168 30 2012
132 161 2013
45 27 2014
106 197 2015
52 86 2016
58 98 2017
47 97 2018
102 104 2019
9 36 2020
148 58 2021
192 56 2022
13 187 2023
157 164 2024
30 57 2025
200 185 2026
22 67 2027
88 9 2028
98 172 2029
130 62 2030
126 52 2031
133 30 2032
40 198 2033
68 195 2034
82 4 2035
77 179 2036
23 35 2037
95 81 2038
107 16 2039
110 128 2040
155 45 2041
189 45 2042
50 59 2043
188 155 2044
59 61 2045
148 73 2046
141 55 2047
196 81 2048
161 81 2049
160 37 2050
160 152 2051
52 150 2052
182 35 2053
193 172 2054
170 160 2055
75 125 2056
77 169 2057
24 37 2058
80 142 2059
15 103 2060
36 38 2061
8 33 2062
76 165 2063
156 66 2064
3 113 2065
24 146 2066
99 38 2067
17 25 2068
64 99 2069
86 120 2070
175 168 2071
67 29 2072
9 70 2073
10 128 2074
29 172 2075
73 109 2076
30 81 2077
192 4 2078
137 128 2079
97 93 2080
173 61 2081
162 155 2082
144 75 2083
144 92 2084
52 4 2085
137 176 2086
41 190 2087
163 88 2088
109 66 2089
174 2 2090
185 43 2091
30 65 2092
79 106 2093
132 3 2094
95 94 2095
44 154 2096
115 70 2097
136 39 2098
70 82 2099
88 189 2100
101 82 2101
140 167 2102
63 14 2103
60 151 2104
103 102 2105
169 130 2106
53 172 2107
79 165 2108
61 122 2109
122 64 2110
175 122 2111
190 101 2112
178 57 2113
62 197 2114
26 5 2115
10 144 2116
56 146 2117
112 36 2118
94 83 2119
7 138 2120
195 100 2121
183 67 2122
59 53 2123
183 122 2124
183 173 2125
150 161 2126
35 128 2127
52 8 2128
90 39 2129
70 53 2130
124 137 2131
54 30 2132
86 149 2133
111 103 2134
110 166 2135
70 168 2136
173 67 2137
197 5 2138
14 187 2139
119 156 2140
197 104 2141
50 165 2142
13 12 2143
102 112 2144
4 58 2145
121 91 2146
127 124 2147
190 187 2148
84 173 2149
124 38 2150
93 148 2151
27 105 2152
156 73 2153
110 188 2154
188 182 2155
192 189 2156
155 181 2157
171 157 2158
34 43 2159
177 5 2160
185 196 2161
132 84 2162
142 117 2163
46 182 2164
95 31 2165
138 92 2166
80 12 2167
149 166 2168
97 19 2169
29 74 2170
135 160 2171
69 104 2172
71 129 2173
99 126 2174
193 97 2175
90 45 2176
180 190 2177
148 137 2178
186 193 2179
118 54 2180
117 115 2181
141 199 2182
5 24 2183
71 42 2184
131 177 2185
72 130 2186
111 68 2187
179 200 2188
144 38 2189
97 162 2190
9 161 2191
194 40 2192
191 106 2193
146 185 2194
152 16 2195
55 172 2196
134 27 2197
158 30 2198
112 11 2199
178 103 2200
87 172 2201
58 118 2202
68 94 2203
3 180 2204
105 30 2205
94 26 2206
47 181 2207
117 87 2208
152 177 2209
135 170 2210
127 9 2211
146 14 2212
176 118 2213
46 111 2214
92 21 2215
82 88 2216
159 69 2217
140 57 2218
19 44 2219
24 184 2220
51 160 2221
4 78 2222
62 87 2223
24 167 2224
72 112 2225
58 37 2226
134 39 2227
23 70 2228
74 133 2229
143 65 2230
143 174 2231
72 10 2232
138 66 2233
118 75 2234
181 18 2235
140 193 2236
5 34 2237
19 5 2238
142 39 2239
38 64 2240
122 1 2241
183 52 2242
148 141 2243
48 55 2244
72 156 2245
49 164 2246
145 54 2247
89 115 2248
164 159 2249
26 189 2250
103 66 2251
136 150 2252
80 169 2253
171 39 2254
151 145 2255
41 52 2256
67 181 2257
165 174 2258
95 56 2259
165 90 2260
161 3 2261
155 122 2262
47 31 2263
96 11 2264
41 87 2265
42 32 2266
103 139 2267
100 81 2268
51 163 2269
89 168 2270
191 200 2271
61 146 2272
121 25 2273
194 6 2274
117 200 2275
3 105 2276
59 111 2277
199 31 2278
145 188 2279
102 93 2280
67 38 2281
56 76 2282
88 184 2283
94 154 2284
187 31 2285
183 93 2286
131 41 2287
121 51 2288
141 12 2289
141 166 2290
41 181 2291
32 81 2292
18 156 2293
148 150 2294
70 8 2295
160 59 2296
198 131 2297
113 128 2298
64 119 2299
139 116 2300
170 136 2301
149 22 2302
167 175 2303
47 105 2304
183 146 2305
133 61 2306
181 182 2307
25 108 2308
144 79 2309
134 198 2310
133 123 2311
200 130 2312
10 116 2313
8 77 2314
163 28 2315
124 169 2316
158 36 2317
48 7 2318
140 177 2319
119 12 2320
11 99 2321
95 18 2322
155 136 2323
105 183 2324
58 145 2325
8 155 2326
178 106 2327
90 55 2328
11 95 2329
185 59 2330
193 142 2331
180 49 2332
54 31 2333
8 58 2334
99 52 2335
137 11 2336
19 27 2337
99 48 2338
159 18 2339
70 164 2340
73 149 2341
130 78 2342
90 119 2343
173 137 2344
174 146 2345
160 159 2346
45 125 2347
120 142 2348
46 144 2349
147 120 2350
114 173 2351
109 17 2352
154 151 2353
121 34 2354
121 81 2355
91 168 2356
31 158 2357
191 88 2358
37 194 2359
108 19 2360
13 10 2361
39 2 2362
190 160 2363
147 108 2364
109 129 2365
28 199 2366
100 105 2367
168 192 2368
99 57 2369
53 47 2370
146 98 2371
162 84 2372
70 51 2373
44 187 2374
91 151 2375
1 102 2376
6 65 2377
109 161 2378
79 123 2379
84 186 2380
174 158 2381
101 183 2382
133 183 2383
194 35 2384
75 178 2385
199 81 2386
86 69 2387
148 31 2388
150 138 2389
1 73 2390
155 52 2391
176 189 2392
36 192 2393
85 176 2394
72 81 2395
60 121 2396
160 67 2397
124 61 2398
91 67 2399
95 20 2400
174 115 2401
190 32 2402
100 152 2403
69 182 2404
154 72 2405
50 64 2406
2 28 2407
174 132 2408
178 29 2409
142 154 2410
162 129 2411
200 106 2412
63 83 2413
83 12 2414
185 2 2415
52 58 2416
109 75 2417
188 32 2418
190 175 2419
145 22 2420
193 51 2421
137 10 2422
65 72 2423
76 132 2424
46 153 2425
71 185 2426
145 141 2427
22 61 2428
63 47 2429
88 3 2430
36 43 2431
124 118 2432
33 155 2433
144 136 2434
53 183 2435
156 194 2436
187 154 2437
112 95 2438
117 21 2439
32 74 2440
47 130 2441
81 174 2442
166 114 2443
14 49 2444
172 93 2445
98 117 2446
147 44 2447
68 24 2448
181 137 2449
85 140 2450
128 11 2451
74 130 2452
52 92 2453
90 197 2454
31 178 2455
43 93 2456
5 15 2457
100 135 2458
101 89 2459
164 78 2460
73 61 2461
57 138 2462
96 134 2463
141 194 2464
30 170 2465
46 57 2466
45 24 2467
137 36 2468
154 198 2469
37 96 2470
136 189 2471
129 89 2472
144 182 2473
123 66 2474
151 121 2475
158 115 2476
22 2 2477
33 108 2478
152 171 2479
7 102 2480
15 146 2481
156 62 2482
162 36 2483
64 171 2484
79 152 2485
67 172 2486
29 4 2487
109 41 2488
157 39 2489
197 53 2490
17 135 2491
44 151 2492
160 34 2493
148 32 2494
163 116 2495
129 182 2496
33 77 2497
28 105 2498
13 80 2499
116 135 2500
37 80 2501
2 171 2502
166 200 2503
186 38 2504
70 72 2505
82 194 2506
147 137 2507
49 55 2508
168 57 2509
181 84 2510
124 125 2511
159 39 2512
62 72 2513
170 178 2514
84 3 2515
130 97 2516
149 96 2517
30 200 2518
63 171 2519
37 43 2520
54 108 2521
30 104 2522
23 179 2523
58 136 2524
143 110 2525
95 121 2526
135 47 2527
77 177 2528
8 79 2529
174 169 2530
124 104 2531
19 173 2532
1 186 2533
61 90 2534
105 40 2535
107 13 2536
63 197 2537
180 89 2538
176 180 2539
171 119 2540
149 173 2541
127 67 2542
47 52 2543
161 102 2544
109 30 2545
73 24 2546
83 14 2547
164 83 2548
16 13 2549
37 156 2550
79 56 2551
196 40 2552
80 6 2553
115 157 2554
96 91 2555
114 155 2556
165 124 2557
193 70 2558
91 71 2559
17 140 2560
93 18 2561
21 1 2562
123 64 2563
88 41 2564
136 91 2565
151 31 2566
75 179 2567
77 164 2568
107 85 2569
118 195 2570
1 45 2571
175 96 2572
1 126 2573
124 163 2574
120 193 2575
181 138 2576
39 71 2577
25 132 2578
147 118 2579
18 85 2580
114 133 2581
97 26 2582
191 54 2583
122 105 2584
156 148 2585
129 28 2586
78 141 2587
144 145 2588
18 14 2589
54 86 2590
192 130 2591
190 74 2592
98 39 2593
92 168 2594
55 31 2595
127 194 2596
167 191 2597
74 36 2598
56 102 2599
88 44 2600
137 131 2601
172 85 2602
163 70 2603
5 198 2604
200 190 2605
198 90 2606
148 197 2607
151 109 2608
112 34 2609
19 22 2610
83 109 2611
85 130 2612
157 103 2613
79 198 2614
154 82 2615
119 61 2616
164 56 2617
124 190 2618
190 61 2619
74 59 2620
21 2 2621
185 110 2622
55 151 2623
189 65 2624
59 184 2625
70 59 2626
183 22 2627
119 56 2628
26 143 2629
157 193 2630
3 182 2631
35 140 2632
15 196 2633
1 68 2634
191 55 2635
187 87 2636
173 60 2637
4 21 2638
198 76 2639
171 129 2640
70 112 2641
126 83 2642
77 89 2643
11 170 2644
82 108 2645
34 159 2646
85 45 2647
140 3 2648
14 55 2649
11 1 2650
183 59 2651
176 16 2652
188 183 2653
46 85 2654
7 61 2655
195 25 2656
112 57 2657
19 101 2658
163 63 2659
196 28 2660
66 30 2661
69 157 2662
172 100 2663
91 36 2664
164 18 2665
193 190 2666
99 169 2667
50 66 2668
47 8 2669
10 131 2670
77 128 2671
55 68 2672
14 147 2673
112 170 2674
148 165 2675
52 10 2676
144 12 2677
15 188 2678
133 168 2679
2 152 2680
196 111 2681
150 37 2682
116 94 2683
125 133 2684
169 17 2685
6 22 2686
99 113 2687
24 130 2688
42 39 2689
126 92 2690
97 41 2691
150 114 2692
106 180 2693
86 30 2694
125 155 2695
40 88 2696
108 142 2697
153 10 2698
135 182 2699
73 66 2700
168 27 2701
91 85 2702
140 163 2703
122 156 2704
80 164 2705
135 108 2706
23 100 2707
131 97 2708
64 16 2709
22 160 2710
127 7 2711
30 9 2712
62 21 2713
119 86 2714
27 81 2715
11 81 2716
130 52 2717
133 169 2718
136 138 2719
29 79 2720
76 124 2721
177 141 2722
137 108 2723
123 130 2724
39 101 2725
60 59 2726
135 147 2727
163 173 2728
170 98 2729
141 122 2730
199 68 2731
176 51 2732
55 140 2733
191 9 2734
93 126 2735
71 25 2736
4 11 2737
5 52 2738
142 173 2739
74 7 2740
57 48 2741
136 105 2742
15 174 2743
81 87 2744
125 140 2745
124 51 2746
52 102 2747
21 102 2748
94 150 2749
58 32 2750
73 78 2751
50 15 2752
100 42 2753
168 113 2754
24 132 2755
167 154 2756
181 37 2757
143 40 2758
31 52 2759
129 130 2760
191 184 2761
5 179 2762
70 39 2763
179 180 2764
198 121 2765
114 78 2766
28 133 2767
125 142 2768
154 164 2769
166 132 2770
147 91 2771
91 48 2772
119 10 2773
108 160 2774
44 39 2775
167 34 2776
105 34 2777
126 185 2778
91 148 2779
140 160 2780
186 158 2781
17 154 2782
74 163 2783
78 167 2784
89 11 2785
42 173 2786
172 96 2787
174 48 2788
58 191 2789
114 90 2790
79 7 2791
153 22 2792
196 77 2793
198 149 2794
127 101 2795
185 22 2796
98 166 2797
16 171 2798
42 164 2799
26 107 2800
105 63 2801
178 144 2802
19 32 2803
137 105 2804
62 107 2805
120 97 2806
48 17 2807
59 38 2808
98 114 2809
116 36 2810
73 173 2811
15 114 2812
80 14 2813
102 81 2814
28 108 2815
168 45 2816
4 107 2817
74 88 2818
87 111 2819
145 174 2820
128 132 2821
86 159 2822
79 38 2823
133 89 2824
157 51 2825
70 76 2826
51 155 2827
171 139 2828
71 169 2829
165 29 2830
15 52 2831
61 62 2832
30 44 2833
32 83 2834
200 182 2835
6 124 2836
56 47 2837
182 15 2838
104 38 2839
79 129 2840
61 195 2841
107 90 2842
143 67 2843
125 115 2844
15 153 2845
11 40 2846
27 102 2847
151 174 2848
9 130 2849
118 113 2850
198 61 2851
104 97 2852
118 139 2853
5 123 2854
140 26 2855
120 76 2856
157 153 2857
50 7 2858
7 41 2859
157 138 2860
51 154 2861
58 73 2862
194 2 2863
126 43 2864
192 169 2865
40 102 2866
174 49 2867
100 70 2868
43 184 2869
43 69 2870
68 78 2871
41 79 2872
72 3 2873
52 173 2874
53 120 2875
134 85 2876
26 114 2877
101 147 2878
84 117 2879
164 37 2880
174 44 2881
167 196 2882
45 57 2883
125 170 2884
186 165 2885
92 51 2886
77 40 2887
125 183 2888
97 191 2889
191 115 2890
181 72 2891
47 184 2892
124 54 2893
47 13 2894
27 95 2895
81 147 2896
94 60 2897
123 99 2898
58 78 2899
28 37 2900
152 38 2901
159 183 2902
101 72 2903
26 83 2904
122 110 2905
139 190 2906
163 25 2907
156 5 2908
6 159 2909
145 195 2910
87 157 2911
30 164 2912
82 48 2913
45 138 2914
113 139 2915
114 145 2916
86 7 2917
73 3 2918
122 2 2919
199 13 2920
111 55 2921
74 82 2922
38 157 2923
128 151 2924
23 183 2925
169 6 2926
16 76 2927
110 96 2928
174 91 2929
12 43 2930
116 112 2931
41 183 2932
38 90 2933
5 162 2934
65 194 2935
155 174 2936
111 156 2937
129 25 2938
61 197 2939
27 182 2940
127 40 2941
160 179 2942
191 71 2943
51 56 2944
55 156 2945
99 7 2946
134 188 2947
180 52 2948
51 49 2949
46 105 2950
184 51 2951
68 136 2952
109 194 2953
94 38 2954
83 79 2955
143 85 2956
49 159 2957
194 57 2958
95 138 2959
19 67 2960
50 158 2961
13 58 2962
129 140 2963
150 109 2964
159 99 2965
116 142 2966
156 42 2967
159 80 2968
189 185 2969
35 171 2970
144 129 2971
50 10 2972
189 165 2973
79 109 2974
49 73 2975
98 187 2976
23 78 2977
63 104 2978
197 168 2979
59 113 2980
64 21 2981
80 124 2982
98 51 2983
119 16 2984
177 84 2985
58 97 2986
47 179 2987
24 200 2988
139 158 2989
65 165 2990
185 195 2991
1 179 2992
58 82 2993
160 154 2994
177 185 2995
8 64 2996
192 177 2997
158 4 2998
187 138 2999
54 93 3000
60 120 3001
63 62 3002
95 194 3003
151 90 3004
60 171 3005
105 157 3006
110 55 3007
134 200 3008
89 42 3009
22 168 3010
157 47 3011
69 48 3012
147 119 3013
123 158 3014
136 23 3015
157 18 3016
134 144 3017
125 26 3018
142 197 3019
182 76 3020
27 101 3021
180 122 3022
122 158 3023
88 152 3024
172 159 3025
16 85 3026
117 155 3027
45 107 3028
6 89 3029
188 105 3030
116 97 3031
169 142 3032
30 72 3033
22 100 3034
116 122 3035
24 188 3036
177 4 3037
43 97 3038
84 56 3039
30 103 3040
192 190 3041
13 193 3042
36 84 3043
170 118 3044
37 107 3045
53 51 3046
26 181 3047
115 13 3048
173 126 3049
63 69 3050
65 88 3051
94 105 3052
101 109 3053
171 153 3054
176 11 3055
44 10 3056
131 23 3057
182 54 3058
41 43 3059
87 54 3060
199 176 3061
137 186 3062
95 140 3063
91 60 3064
155 44 3065
62 91 3066
98 122 3067
165 113 3068
32 65 3069
117 74 3070
133 4 3071
2 72 3072
122 79 3073
121 52 3074
57 111 3075
44 92 3076
73 98 3077
198 55 3078
45 112 3079
83 66 3080
161 147 3081
84 17 3082
42 151 3083
19 26 3084
80 32 3085
70 118 3086
190 150 3087
20 126 3088
8 152 3089
199 5 3090
195 169 3091
128 5 3092
73 54 3093
155 200 3094
48 171 3095
113 199 3096
11 24 3097
4 190 3098
61 105 3099
116 88 3100
