200 6100 6100
86 186 1
69 78 2
20 183 3
183 154 4
34 45 5
198 55 6
13 43 7
184 187 8
55 123 9
108 67 10
194 98 11
167 150 12
87 177 13
175 8 14
62 129 15
56 131 16
126 43 17
97 119 18
113 157 19
91 177 20
94 49 21
15 141 22
159 150 23
13 180 24
59 172 25
121 104 26
33 138 27
58 15 28
22 75 29
188 38 30
15 63 31
183 4 32
121 159 33
163 176 34
166 169 35
27 33 36
163 129 37
87 126 38
190 186 39
115 122 40
197 131 41
2 180 42
66 57 43
65 87 44
110 70 45
97 26 46
112 16 47
97 99 48
192 61 49
14 192 50
1 186 51
177 128 52
122 172 53
129 199 54
94 103 55
124 111 56
90 194 57
120 143 58
73 54 59
17 121 60
24 30 61
48 172 62
170 191 63
46 111 64
127 60 65
152 127 66
113 171 67
108 40 68
129 192 69
189 73 70
46 64 71
32 181 72
37 7 73
194 154 74
185 21 75
25 90 76
58 39 77
68 71 78
5 15 79
59 64 80
123 25 81
46 112 82
26 199 83
68 29 84
96 147 85
14 74 86
25 55 87
167 26 88
105 118 89
135 37 90
196 171 91
39 81 92
77 40 93
87 37 94
32 31 95
189 69 96
128 27 97
135 91 98
112 84 99
168 53 100
4 52 101
160 43 102
189 173 103
95 18 104
126 182 105
67 59 106
40 199 107
88 66 108
43 42 109
36 159 110
147 153 111
136 47 112
1 107 113
56 9 114
70 140 115
1 166 116
103 139 117
105 197 118
70 73 119
119 163 120
124 169 121
94 4 122
13 194 123
143 110 124
146 166 125
192 88 126
65 136 127
192 125 128
26 34 129
64 16 130
134 49 131
63 167 132
183 187 133
160 103 134
20 76 135
21 124 136
186 171 137
136 73 138
171 157 139
14 199 140
27 95 141
170 10 142
184 84 143
128 141 144
152 84 145
116 61 146
105 157 147
177 139 148
70 53 149
146 12 150
102 165 151
95 131 152
22 179 153
140 100 154
68 51 155
197 82 156
66 115 157
121 34 158
129 178 159
196 27 160
101 143 161
141 55 162
121 50 163
27 150 164
7 190 165
136 39 166
193 131 167
95 60 168
181 144 169
190 189 170
28 149 171
174 97 172
116 54 173
66 52 174
119 110 175
38 31 176
55 106 177
73 16 178
112 11 179
145 104 180
144 38 181
37 188 182
74 102 183
62 29 184
62 161 185
175 59 186
198 120 187
85 54 188
85 156 189
127 183 190
44 146 191
125 12 192
32 152 193
139 12 194
86 163 195
18 122 196
200 70 197
16 98 198
53 183 199
82 61 200
104 155 201
11 170 202
199 124 203
92 60 204
175 118 205
198 152 206
54 24 207
78 35 208
90 32 209
85 73 210
156 25 211
13 128 212
68 24 213
171 15 214
50 132 215
22 101 216
104 61 217
199 188 218
136 178 219
8 33 220
152 181 221
31 175 222
30 65 223
200 128 224
54 167 225
80 153 226
166 200 227
181 168 228
64 140 229
172 157 230
180 83 231
34 51 232
11 95 233
189 92 234
60 123 235
52 168 236
161 55 237
154 124 238
144 106 239
37 82 240
150 109 241
3 90 242
119 15 243
115 172 244
6 111 245
135 29 246
59 111 247
3 56 248
30 174 249
162 140 250
169 154 251
20 161 252
103 110 253
1 73 254
13 187 255
71 168 256
184 20 257
45 27 258
102 175 259
88 44 260
110 140 261
8 17 262
42 103 263
154 105 264
51 197 265
195 106 266
50 133 267
44 7 268
88 16 269
191 9 270
89 82 271
196 43 272
69 120 273
125 70 274
53 24 275
171 160 276
106 194 277
198 76 278
129 130 279
134 169 280
18 123 281
36 56 282
24 188 283
14 127 284
197 56 285
89 39 286
44 41 287
13 12 288
119 44 289
21 188 290
118 171 291
151 126 292
122 1 293
127 197 294
126 91 295
156 102 296
109 124 297
79 125 298
168 49 299
47 197 300
127 87 301
173 126 302
159 151 303
47 144 304
89 26 305
95 31 306
170 178 307
159 5 308
88 6 309
47 140 310
1 121 311
117 21 312
199 18 313
58 133 314
136 29 315
45 25 316
171 73 317
170 171 318
149 178 319
75 90 320
58 30 321
185 4 322
78 124 323
96 199 324
5 97 325
120 193 326
123 152 327
196 28 328
165 6 329
62 79 330
6 124 331
180 158 332
166 151 333
12 196 334
166 181 335
88 152 336
44 43 337
64 89 338
35 142 339
174 49 340
127 9 341
177 143 342
79 109 343
163 70 344
88 97 345
114 48 346
166 32 347
118 139 348
34 199 349
16 155 350
99 87 351
106 131 352
162 68 353
173 90 354
91 84 355
135 39 356
48 61 357
82 66 358
39 145 359
98 83 360
181 105 361
191 129 362
152 112 363
164 160 364
142 114 365
30 147 366
60 29 367
42 189 368
29 198 369
152 60 370
183 149 371
105 34 372
39 105 373
180 52 374
116 23 375
25 153 376
19 46 377
105 20 378
167 130 379
152 66 380
149 176 381
90 185 382
188 60 383
75 119 384
58 98 385
39 43 386
120 118 387
3 193 388
69 155 389
23 199 390
9 163 391
24 171 392
10 158 393
141 52 394
1 56 395
195 167 396
44 181 397
9 171 398
163 139 399
69 18 400
157 193 401
8 47 402
102 198 403
109 199 404
17 173 405
172 164 406
178 135 407
34 43 408
129 72 409
136 168 410
176 189 411
110 166 412
187 70 413
109 14 414
5 28 415
105 29 416
129 177 417
11 34 418
120 180 419
128 146 420
73 68 421
7 61 422
32 74 423
196 103 424
6 3 425
19 71 426
188 85 427
141 105 428
26 55 429
63 171 430
66 142 431
99 62 432
105 158 433
24 132 434
57 12 435
116 15 436
82 121 437
119 48 438
106 125 439
19 26 440
126 115 441
144 135 442
181 109 443
99 110 444
11 99 445
169 181 446
73 33 447
184 151 448
74 160 449
133 23 450
95 121 451
121 27 452
16 31 453
46 157 454
88 41 455
183 186 456
117 50 457
76 181 458
83 188 459
15 192 460
28 71 461
63 43 462
164 182 463
141 122 464
198 44 465
130 18 466
93 17 467
168 37 468
113 172 469
141 67 470
76 151 471
155 127 472
153 16 473
111 103 474
91 59 475
124 5 476
71 29 477
106 64 478
186 36 479
4 143 480
192 140 481
149 16 482
109 193 483
181 194 484
89 43 485
14 159 486
76 132 487
21 102 488
127 195 489
160 63 490
98 122 491
6 39 492
168 151 493
166 159 494
5 171 495
7 28 496
181 72 497
81 174 498
191 54 499
160 137 500
25 7 501
127 4 502
190 77 503
26 33 504
185 59 505
39 97 506
151 27 507
45 125 508
88 29 509
128 61 510
167 16 511
91 100 512
146 126 513
171 110 514
139 108 515
120 116 516
13 31 517
124 195 518
15 156 519
128 28 520
178 70 521
115 13 522
81 1 523
70 148 524
7 193 525
175 92 526
65 19 527
46 169 528
23 34 529
125 85 530
94 70 531
36 87 532
83 132 533
156 42 534
25 14 535
140 75 536
65 40 537
84 45 538
162 115 539
172 85 540
42 72 541
54 68 542
143 31 543
32 24 544
58 145 545
136 111 546
34 176 547
2 5 548
42 200 549
38 145 550
113 139 551
174 35 552
44 127 553
183 96 554
98 114 555
87 159 556
42 136 557
70 146 558
88 46 559
167 199 560
10 192 561
137 106 562
115 180 563
114 1 564
31 137 565
156 147 566
3 100 567
119 14 568
94 18 569
117 162 570
54 120 571
187 199 572
22 186 573
140 93 574
112 115 575
137 149 576
46 57 577
199 5 578
36 108 579
187 102 580
65 134 581
10 89 582
49 188 583
157 47 584
103 102 585
31 85 586
11 48 587
162 170 588
178 26 589
72 171 590
199 68 591
64 105 592
45 113 593
156 93 594
49 98 595
142 168 596
147 131 597
138 83 598
100 28 599
152 89 600
143 20 601
188 89 602
115 1 603
77 38 604
116 173 605
39 173 606
187 106 607
55 122 608
171 51 609
119 10 610
104 112 611
163 36 612
44 96 613
136 15 614
103 69 615
25 104 616
164 195 617
105 30 618
161 18 619
106 197 620
74 38 621
125 87 622
52 151 623
75 12 624
4 60 625
198 4 626
197 31 627
69 66 628
200 182 629
139 130 630
58 116 631
13 123 632
128 31 633
30 68 634
190 123 635
36 192 636
83 121 637
82 76 638
182 82 639
198 138 640
116 143 641
175 147 642
87 165 643
171 37 644
194 149 645
3 27 646
93 192 647
120 1 648
43 101 649
70 41 650
54 90 651
19 58 652
117 156 653
101 98 654
21 78 655
127 168 656
141 23 657
90 39 658
38 17 659
44 10 660
33 15 661
6 20 662
180 49 663
140 167 664
121 63 665
6 79 666
128 81 667
26 141 668
100 42 669
117 37 670
158 102 671
116 36 672
153 132 673
155 23 674
187 186 675
112 28 676
13 170 677
27 156 678
179 180 679
44 144 680
59 61 681
61 33 682
156 148 683
71 120 684
117 111 685
46 31 686
9 146 687
94 5 688
79 138 689
140 163 690
13 77 691
118 168 692
151 109 693
179 65 694
184 92 695
99 187 696
97 22 697
105 156 698
65 58 699
72 168 700
102 176 701
19 5 702
149 83 703
158 128 704
129 63 705
158 82 706
99 106 707
23 56 708
149 43 709
10 92 710
167 154 711
50 25 712
162 133 713
27 187 714
57 163 715
57 29 716
116 52 717
98 95 718
26 66 719
114 63 720
121 126 721
138 39 722
150 156 723
153 113 724
39 172 725
155 9 726
81 167 727
17 154 728
174 32 729
165 73 730
99 73 731
7 98 732
134 27 733
156 172 734
111 5 735
183 83 736
140 12 737
80 174 738
13 109 739
61 9 740
3 47 741
104 38 742
89 11 743
96 100 744
122 23 745
100 19 746
117 138 747
92 161 748
125 133 749
61 121 750
181 140 751
125 94 752
192 180 753
194 64 754
107 13 755
172 65 756
34 152 757
88 185 758
69 82 759
19 179 760
100 126 761
91 127 762
29 175 763
34 92 764
27 92 765
31 178 766
32 65 767
44 91 768
125 105 769
137 166 770
37 128 771
39 125 772
27 2 773
83 51 774
14 22 775
64 61 776
71 169 777
131 97 778
160 156 779
181 79 780
47 193 781
20 128 782
70 118 783
139 167 784
39 16 785
65 48 786
41 19 787
195 100 788
56 29 789
145 150 790
192 195 791
90 45 792
29 83 793
130 118 794
37 107 795
124 117 796
15 43 797
54 15 798
193 183 799
116 18 800
106 6 801
131 179 802
85 191 803
36 152 804
35 92 805
114 173 806
17 146 807
124 118 808
92 36 809
60 145 810
116 69 811
8 66 812
77 58 813
59 30 814
58 79 815
61 72 816
158 18 817
6 171 818
147 191 819
86 92 820
31 92 821
71 185 822
87 157 823
189 159 824
26 160 825
101 46 826
197 45 827
137 108 828
139 159 829
133 182 830
194 130 831
192 122 832
125 158 833
58 191 834
37 10 835
162 92 836
100 171 837
87 128 838
192 28 839
78 111 840
24 87 841
196 76 842
47 113 843
39 164 844
25 108 845
143 65 846
188 57 847
6 139 848
106 31 849
96 41 850
16 194 851
140 3 852
109 163 853
171 152 854
181 68 855
160 159 856
160 37 857
18 14 858
89 135 859
98 3 860
147 149 861
62 65 862
1 138 863
122 17 864
74 175 865
97 187 866
68 2 867
5 175 868
37 61 869
104 103 870
99 56 871
60 101 872
195 37 873
127 3 874
27 105 875
187 139 876
162 26 877
96 134 878
51 138 879
55 183 880
103 21 881
26 9 882
189 158 883
162 156 884
103 105 885
155 182 886
170 124 887
23 29 888
79 193 889
131 46 890
120 61 891
170 111 892
97 161 893
17 126 894
17 192 895
4 104 896
54 61 897
186 60 898
165 124 899
198 12 900
145 200 901
36 41 902
174 190 903
124 180 904
181 57 905
149 96 906
27 129 907
136 31 908
190 183 909
52 55 910
151 107 911
95 84 912
148 141 913
90 119 914
109 53 915
129 123 916
161 77 917
113 1 918
174 132 919
102 81 920
86 190 921
87 172 922
189 36 923
32 68 924
58 37 925
75 79 926
159 18 927
138 86 928
126 161 929
116 121 930
128 32 931
77 179 932
10 110 933
19 143 934
78 94 935
73 192 936
190 68 937
115 187 938
9 48 939
66 85 940
120 109 941
180 122 942
187 173 943
135 2 944
35 133 945
53 1 946
66 68 947
133 156 948
35 140 949
109 115 950
188 142 951
68 107 952
132 156 953
91 152 954
106 124 955
191 26 956
26 18 957
35 119 958
137 16 959
120 27 960
68 41 961
83 161 962
174 2 963
30 81 964
119 191 965
172 96 966
41 28 967
145 9 968
188 183 969
68 192 970
103 84 971
150 155 972
186 193 973
22 160 974
77 119 975
44 137 976
93 103 977
186 93 978
192 127 979
167 157 980
163 72 981
99 57 982
68 146 983
108 183 984
197 53 985
167 98 986
51 27 987
35 99 988
50 38 989
20 72 990
129 190 991
84 16 992
170 160 993
153 134 994
187 50 995
34 132 996
1 79 997
183 173 998
62 168 999
198 90 1000
58 28 1001
146 168 1002
172 178 1003
197 196 1004
56 93 1005
146 4 1006
30 89 1007
30 136 1008
106 58 1009
29 46 1010
197 95 1011
4 112 1012
38 178 1013
19 50 1014
66 120 1015
133 145 1016
163 77 1017
158 83 1018
97 152 1019
21 1 1020
139 4 1021
168 159 1022
190 12 1023
27 35 1024
5 188 1025
82 190 1026
42 183 1027
118 195 1028
56 92 1029
147 118 1030
18 56 1031
132 165 1032
192 150 1033
76 37 1034
62 124 1035
165 115 1036
124 101 1037
125 29 1038
188 182 1039
118 116 1040
192 176 1041
46 85 1042
27 8 1043
105 76 1044
32 125 1045
41 194 1046
161 72 1047
42 24 1048
186 73 1049
92 152 1050
200 93 1051
172 16 1052
78 43 1053
120 41 1054
62 42 1055
124 104 1056
54 13 1057
12 143 1058
199 191 1059
105 80 1060
33 130 1061
169 130 1062
157 64 1063
177 4 1064
85 47 1065
187 159 1066
78 157 1067
13 166 1068
132 129 1069
132 161 1070
92 48 1071
80 108 1072
98 117 1073
91 119 1074
26 83 1075
38 138 1076
23 72 1077
171 150 1078
121 124 1079
39 49 1080
40 29 1081
29 39 1082
50 26 1083
47 1 1084
51 160 1085
195 101 1086
135 35 1087
83 109 1088
159 154 1089
161 176 1090
50 59 1091
145 57 1092
134 187 1093
120 97 1094
94 153 1095
74 106 1096
104 179 1097
85 82 1098
24 60 1099
181 157 1100
73 24 1101
114 155 1102
197 109 1103
33 156 1104
193 19 1105
185 183 1106
124 102 1107
188 139 1108
99 69 1109
83 169 1110
111 133 1111
107 190 1112
37 43 1113
195 188 1114
157 40 1115
140 7 1116
124 36 1117
32 37 1118
143 67 1119
185 8 1120
10 182 1121
175 10 1122
147 84 1123
32 118 1124
98 134 1125
171 91 1126
104 88 1127
94 145 1128
113 174 1129
136 131 1130
171 106 1131
76 12 1132
131 151 1133
107 114 1134
130 104 1135
51 86 1136
22 18 1137
120 177 1138
36 39 1139
76 154 1140
135 4 1141
145 176 1142
32 171 1143
128 197 1144
160 120 1145
135 175 1146
1 180 1147
187 51 1148
14 27 1149
187 166 1150
69 112 1151
184 149 1152
47 31 1153
143 123 1154
136 199 1155
62 58 1156
179 103 1157
165 78 1158
43 25 1159
194 115 1160
163 88 1161
74 75 1162
81 99 1163
135 167 1164
52 90 1165
128 52 1166
124 100 1167
64 86 1168
40 141 1169
24 142 1170
123 38 1171
48 53 1172
192 33 1173
127 160 1174
16 93 1175
111 14 1176
134 200 1177
101 28 1178
183 132 1179
62 142 1180
174 36 1181
192 7 1182
75 116 1183
125 142 1184
149 23 1185
166 114 1186
83 71 1187
18 109 1188
6 149 1189
22 138 1190
177 76 1191
12 166 1192
171 26 1193
58 82 1194
187 132 1195
86 19 1196
71 98 1197
98 107 1198
151 145 1199
124 137 1200
193 30 1201
71 191 1202
87 60 1203
30 160 1204
94 83 1205
128 194 1206
40 193 1207
27 42 1208
8 144 1209
155 134 1210
133 168 1211
9 6 1212
106 134 1213
161 140 1214
75 189 1215
172 8 1216
126 31 1217
50 57 1218
106 108 1219
112 34 1220
147 192 1221
63 65 1222
47 14 1223
11 141 1224
168 83 1225
180 61 1226
145 90 1227
51 150 1228
164 72 1229
34 141 1230
194 137 1231
57 177 1232
191 86 1233
95 88 1234
42 167 1235
54 86 1236
30 104 1237
13 197 1238
76 139 1239
149 54 1240
35 70 1241
8 64 1242
125 144 1243
18 55 1244
98 178 1245
28 25 1246
58 55 1247
19 173 1248
82 21 1249
114 196 1250
141 121 1251
18 24 1252
164 159 1253
140 105 1254
141 194 1255
84 11 1256
72 54 1257
49 192 1258
157 9 1259
147 164 1260
103 123 1261
56 10 1262
122 2 1263
193 159 1264
174 91 1265
56 61 1266
103 131 1267
99 156 1268
148 36 1269
133 32 1270
70 82 1271
68 13 1272
29 30 1273
49 78 1274
2 85 1275
110 5 1276
97 4 1277
197 168 1278
200 123 1279
93 126 1280
94 102 1281
180 103 1282
176 24 1283
108 136 1284
134 62 1285
170 37 1286
165 80 1287
7 185 1288
99 84 1289
95 159 1290
151 51 1291
178 92 1292
103 68 1293
153 22 1294
145 107 1295
194 26 1296
194 123 1297
151 29 1298
192 13 1299
8 19 1300
26 90 1301
157 56 1302
149 166 1303
105 19 1304
46 26 1305
37 189 1306
191 106 1307
191 152 1308
34 91 1309
64 21 1310
113 122 1311
185 36 1312
95 28 1313
185 144 1314
148 194 1315
191 115 1316
99 26 1317
39 85 1318
121 137 1319
12 43 1320
84 168 1321
16 168 1322
98 154 1323
161 101 1324
68 149 1325
71 79 1326
163 173 1327
95 35 1328
100 121 1329
197 99 1330
179 106 1331
24 167 1332
108 159 1333
142 79 1334
164 56 1335
16 72 1336
47 130 1337
27 104 1338
161 29 1339
198 114 1340
134 82 1341
124 51 1342
47 138 1343
52 142 1344
10 123 1345
30 79 1346
59 163 1347
80 199 1348
60 42 1349
3 176 1350
179 82 1351
172 93 1352
147 177 1353
97 74 1354
76 30 1355
140 200 1356
21 175 1357
43 80 1358
158 200 1359
162 179 1360
172 129 1361
53 57 1362
11 16 1363
138 66 1364
124 187 1365
170 139 1366
169 95 1367
162 191 1368
138 84 1369
86 131 1370
152 25 1371
149 106 1372
7 41 1373
172 162 1374
49 66 1375
146 10 1376
131 44 1377
62 43 1378
100 197 1379
50 4 1380
133 120 1381
157 138 1382
28 181 1383
105 35 1384
67 137 1385
100 152 1386
151 90 1387
66 90 1388
194 134 1389
57 154 1390
174 52 1391
186 140 1392
55 167 1393
128 132 1394
154 49 1395
136 82 1396
128 178 1397
6 161 1398
133 173 1399
35 26 1400
189 195 1401
146 182 1402
36 123 1403
157 74 1404
79 92 1405
91 60 1406
181 132 1407
73 164 1408
29 58 1409
72 81 1410
181 138 1411
109 194 1412
28 77 1413
102 93 1414
103 26 1415
30 129 1416
191 4 1417
166 36 1418
47 97 1419
83 15 1420
135 195 1421
106 180 1422
19 22 1423
96 180 1424
37 6 1425
16 126 1426
154 136 1427
2 29 1428
142 117 1429
101 112 1430
110 188 1431
29 158 1432
172 57 1433
114 90 1434
164 98 1435
22 94 1436
155 109 1437
160 154 1438
181 22 1439
165 197 1440
82 138 1441
194 40 1442
84 94 1443
21 181 1444
32 197 1445
29 74 1446
161 102 1447
106 105 1448
19 23 1449
108 38 1450
29 72 1451
168 30 1452
71 192 1453
108 142 1454
87 3 1455
123 47 1456
162 70 1457
110 109 1458
129 188 1459
184 24 1460
84 56 1461
101 183 1462
101 89 1463
26 186 1464
61 40 1465
146 152 1466
59 68 1467
128 72 1468
18 106 1469
167 196 1470
44 151 1471
92 7 1472
152 64 1473
196 30 1474
174 178 1475
4 21 1476
102 157 1477
60 16 1478
158 194 1479
142 39 1480
94 193 1481
136 23 1482
46 81 1483
92 24 1484
173 5 1485
3 41 1486
122 105 1487
86 120 1488
112 95 1489
41 77 1490
91 168 1491
27 198 1492
183 146 1493
123 80 1494
187 191 1495
165 187 1496
61 97 1497
101 107 1498
44 56 1499
108 19 1500
91 36 1501
33 128 1502
104 138 1503
113 138 1504
71 46 1505
137 131 1506
56 102 1507
77 192 1508
81 41 1509
164 62 1510
137 77 1511
19 194 1512
21 110 1513
111 135 1514
190 79 1515
138 126 1516
125 115 1517
22 77 1518
106 5 1519
23 73 1520
128 69 1521
182 62 1522
19 27 1523
36 28 1524
6 118 1525
185 78 1526
170 128 1527
116 88 1528
163 28 1529
196 23 1530
194 191 1531
48 118 1532
181 116 1533
108 104 1534
71 90 1535
73 126 1536
63 153 1537
1 45 1538
155 199 1539
10 148 1540
139 96 1541
93 114 1542
78 37 1543
144 160 1544
185 49 1545
62 166 1546
82 36 1547
21 153 1548
109 57 1549
52 125 1550
79 154 1551
64 99 1552
47 179 1553
16 74 1554
82 31 1555
142 28 1556
62 91 1557
37 108 1558
185 87 1559
35 187 1560
87 29 1561
199 151 1562
8 22 1563
73 48 1564
176 49 1565
3 113 1566
142 186 1567
39 18 1568
18 135 1569
175 181 1570
93 196 1571
93 99 1572
38 157 1573
107 84 1574
61 145 1575
5 192 1576
6 11 1577
119 200 1578
33 145 1579
169 82 1580
186 38 1581
52 164 1582
91 138 1583
39 94 1584
13 145 1585
122 56 1586
194 185 1587
178 144 1588
48 141 1589
154 197 1590
13 51 1591
192 64 1592
110 117 1593
16 13 1594
122 170 1595
37 155 1596
184 144 1597
64 171 1598
162 10 1599
161 88 1600
166 6 1601
42 49 1602
134 75 1603
137 176 1604
63 168 1605
200 195 1606
139 102 1607
83 45 1608
142 121 1609
12 171 1610
9 14 1611
85 70 1612
42 112 1613
150 37 1614
12 70 1615
77 118 1616
1 96 1617
101 169 1618
108 99 1619
94 179 1620
133 185 1621
59 181 1622
135 137 1623
76 41 1624
124 91 1625
21 88 1626
77 74 1627
155 70 1628
194 118 1629
192 130 1630
148 29 1631
189 194 1632
188 125 1633
88 181 1634
79 129 1635
12 160 1636
46 153 1637
83 112 1638
25 147 1639
190 53 1640
100 185 1641
57 7 1642
159 69 1643
7 163 1644
124 48 1645
154 72 1646
132 10 1647
91 148 1648
58 137 1649
53 176 1650
120 35 1651
184 87 1652
185 44 1653
70 107 1654
192 152 1655
163 43 1656
77 67 1657
26 93 1658
79 160 1659
200 142 1660
65 14 1661
15 179 1662
131 23 1663
173 129 1664
71 152 1665
66 81 1666
19 167 1667
134 23 1668
8 35 1669
102 136 1670
123 30 1671
155 100 1672
104 113 1673
22 104 1674
13 78 1675
118 67 1676
21 9 1677
180 85 1678
134 146 1679
112 198 1680
79 11 1681
58 42 1682
190 175 1683
177 180 1684
116 97 1685
143 35 1686
94 34 1687
23 183 1688
176 70 1689
133 10 1690
118 93 1691
127 47 1692
1 163 1693
137 178 1694
136 105 1695
175 2 1696
125 26 1697
101 147 1698
41 130 1699
59 15 1700
55 140 1701
156 194 1702
10 82 1703
170 98 1704
148 24 1705
22 173 1706
118 181 1707
105 190 1708
41 38 1709
81 173 1710
171 39 1711
86 1 1712
55 75 1713
145 155 1714
122 99 1715
55 157 1716
136 99 1717
83 184 1718
114 200 1719
65 88 1720
72 22 1721
60 64 1722
50 104 1723
85 141 1724
137 179 1725
74 115 1726
170 105 1727
167 191 1728
40 20 1729
164 83 1730
52 86 1731
87 164 1732
113 199 1733
60 103 1734
28 12 1735
85 65 1736
161 51 1737
13 110 1738
153 95 1739
195 155 1740
61 112 1741
52 102 1742
118 121 1743
181 35 1744
177 161 1745
189 19 1746
186 157 1747
75 63 1748
189 125 1749
57 84 1750
74 6 1751
166 105 1752
95 50 1753
178 79 1754
190 33 1755
197 74 1756
190 19 1757
190 143 1758
94 156 1759
149 131 1760
43 147 1761
62 23 1762
33 91 1763
103 140 1764
142 154 1765
85 62 1766
166 76 1767
39 174 1768
99 162 1769
88 1 1770
88 183 1771
93 153 1772
178 8 1773
27 118 1774
1 136 1775
35 39 1776
144 6 1777
191 175 1778
142 94 1779
178 56 1780
161 135 1781
64 161 1782
29 179 1783
138 11 1784
33 111 1785
136 104 1786
141 27 1787
128 51 1788
174 196 1789
133 161 1790
50 52 1791
162 96 1792
169 142 1793
24 130 1794
53 181 1795
82 4 1796
91 73 1797
153 10 1798
156 5 1799
79 56 1800
39 76 1801
186 48 1802
35 4 1803
119 56 1804
75 51 1805
29 35 1806
114 119 1807
43 31 1808
88 187 1809
52 173 1810
122 64 1811
152 74 1812
86 134 1813
192 74 1814
117 194 1815
88 15 1816
88 101 1817
39 188 1818
94 162 1819
2 53 1820
158 154 1821
109 87 1822
177 134 1823
12 33 1824
9 123 1825
194 29 1826
24 139 1827
113 82 1828
82 23 1829
131 87 1830
196 44 1831
121 123 1832
20 79 1833
95 150 1834
14 23 1835
118 75 1836
108 35 1837
19 153 1838
154 140 1839
135 108 1840
175 96 1841
48 55 1842
123 127 1843
81 91 1844
119 104 1845
120 172 1846
63 104 1847
74 44 1848
171 119 1849
179 113 1850
59 129 1851
48 96 1852
197 79 1853
86 5 1854
130 62 1855
88 57 1856
18 86 1857
1 126 1858
76 188 1859
153 18 1860
164 75 1861
185 95 1862
19 144 1863
128 108 1864
86 99 1865
192 177 1866
150 163 1867
85 17 1868
5 172 1869
117 185 1870
56 8 1871
183 67 1872
109 187 1873
143 188 1874
141 118 1875
41 163 1876
181 25 1877
119 16 1878
10 115 1879
96 122 1880
42 4 1881
61 122 1882
2 89 1883
33 153 1884
24 138 1885
74 111 1886
60 115 1887
30 9 1888
61 164 1889
119 59 1890
3 160 1891
40 111 1892
135 153 1893
8 11 1894
176 26 1895
93 8 1896
64 30 1897
99 161 1898
189 41 1899
79 198 1900
34 57 1901
65 89 1902
72 167 1903
170 175 1904
98 68 1905
175 200 1906
144 119 1907
36 172 1908
188 155 1909
162 113 1910
52 91 1911
128 11 1912
6 135 1913
96 143 1914
125 92 1915
157 12 1916
110 78 1917
87 54 1918
65 24 1919
157 18 1920
166 66 1921
77 31 1922
195 78 1923
70 76 1924
129 93 1925
30 115 1926
167 197 1927
20 200 1928
163 145 1929
21 66 1930
120 129 1931
192 145 1932
197 83 1933
53 52 1934
45 3 1935
42 106 1936
172 118 1937
157 65 1938
139 197 1939
3 29 1940
70 112 1941
9 159 1942
87 59 1943
187 28 1944
56 86 1945
117 61 1946
171 139 1947
133 187 1948
73 143 1949
144 36 1950
70 50 1951
171 153 1952
123 125 1953
84 51 1954
50 115 1955
90 17 1956
28 133 1957
40 102 1958
190 67 1959
193 171 1960
4 63 1961
14 163 1962
14 139 1963
92 93 1964
42 194 1965
147 70 1966
180 151 1967
79 163 1968
177 200 1969
17 135 1970
128 3 1971
7 47 1972
49 159 1973
149 177 1974
90 131 1975
151 198 1976
183 13 1977
39 59 1978
27 158 1979
148 154 1980
176 168 1981
4 11 1982
49 153 1983
74 88 1984
139 125 1985
30 6 1986
66 30 1987
133 123 1988
22 87 1989
45 191 1990
136 185 1991
33 137 1992
59 13 1993
196 15 1994
153 64 1995
188 173 1996
75 58 1997
189 197 1998
80 183 1999
78 65 2000
51 172 2001
112 157 2002
59 169 2003
137 105 2004
36 198 2005
162 149 2006
110 168 2007
69 84 2008
55 63 2009
79 111 2010
168 173 2011
195 152 2012
49 170 2013
116 65 2014
149 18 2015
104 183 2016
98 119 2017
57 102 2018
154 15 2019
80 111 2020
148 58 2021
42 83 2022
152 182 2023
173 156 2024
21 69 2025
88 19 2026
30 98 2027
196 164 2028
50 161 2029
125 130 2030
24 121 2031
40 4 2032
105 14 2033
101 162 2034
122 158 2035
116 128 2036
142 11 2037
116 57 2038
158 146 2039
138 58 2040
159 60 2041
6 138 2042
26 140 2043
94 175 2044
135 110 2045
198 161 2046
6 2 2047
148 146 2048
9 23 2049
109 95 2050
57 48 2051
142 178 2052
132 103 2053
200 95 2054
113 187 2055
16 159 2056
113 91 2057
7 67 2058
179 130 2059
54 31 2060
26 107 2061
21 138 2062
133 186 2063
54 177 2064
29 107 2065
99 7 2066
62 87 2067
182 117 2068
195 91 2069
181 182 2070
117 169 2071
102 167 2072
8 140 2073
176 81 2074
126 33 2075
163 95 2076
163 27 2077
160 152 2078
150 154 2079
105 127 2080
174 158 2081
161 125 2082
2 76 2083
158 93 2084
91 107 2085
45 24 2086
51 95 2087
76 176 2088
163 142 2089
86 65 2090
160 179 2091
192 4 2092
86 30 2093
129 20 2094
149 173 2095
50 29 2096
46 5 2097
134 122 2098
157 81 2099
40 7 2100
11 43 2101
185 2 2102
25 88 2103
16 97 2104
100 81 2105
145 54 2106
15 132 2107
18 119 2108
7 139 2109
152 156 2110
132 37 2111
186 181 2112
36 76 2113
1 177 2114
182 54 2115
83 28 2116
138 197 2117
164 18 2118
160 72 2119
51 154 2120
119 61 2121
163 98 2122
159 135 2123
109 66 2124
71 108 2125
61 148 2126
16 128 2127
106 97 2128
28 121 2129
121 41 2130
71 81 2131
23 157 2132
89 162 2133
71 163 2134
76 94 2135
16 101 2136
96 58 2137
24 172 2138
135 99 2139
66 161 2140
192 102 2141
103 161 2142
27 61 2143
68 115 2144
37 9 2145
132 30 2146
167 87 2147
130 170 2148
54 108 2149
26 16 2150
180 157 2151
118 54 2152
34 103 2153
53 159 2154
16 116 2155
72 112 2156
6 51 2157
114 29 2158
71 133 2159
58 136 2160
97 93 2161
196 200 2162
36 43 2163
124 141 2164
3 112 2165
21 177 2166
156 142 2167
2 116 2168
193 103 2169
148 86 2170
155 28 2171
84 163 2172
145 122 2173
76 165 2174
163 76 2175
140 166 2176
117 128 2177
82 108 2178
47 145 2179
163 91 2180
7 72 2181
113 63 2182
40 99 2183
78 141 2184
95 21 2185
31 73 2186
13 70 2187
178 156 2188
34 86 2189
32 91 2190
188 98 2191
25 31 2192
40 121 2193
65 44 2194
75 87 2195
169 122 2196
89 32 2197
17 184 2198
113 6 2199
136 61 2200
19 29 2201
144 127 2202
4 190 2203
87 173 2204
89 105 2205
60 59 2206
74 82 2207
21 16 2208
29 73 2209
194 57 2210
126 177 2211
16 69 2212
129 40 2213
44 176 2214
94 60 2215
147 119 2216
133 64 2217
33 144 2218
191 36 2219
63 84 2220
171 19 2221
78 112 2222
155 178 2223
194 178 2224
169 173 2225
151 32 2226
161 193 2227
90 11 2228
140 73 2229
103 158 2230
55 127 2231
164 11 2232
138 131 2233
53 104 2234
103 130 2235
38 163 2236
181 37 2237
150 161 2238
118 113 2239
2 153 2240
128 43 2241
175 145 2242
106 29 2243
86 188 2244
100 112 2245
108 53 2246
143 179 2247
94 192 2248
98 175 2249
60 55 2250
114 117 2251
193 51 2252
89 42 2253
144 117 2254
152 117 2255
83 139 2256
11 81 2257
169 177 2258
8 165 2259
45 61 2260
191 148 2261
195 40 2262
77 60 2263
51 54 2264
130 112 2265
180 33 2266
163 94 2267
73 50 2268
27 147 2269
16 54 2270
5 142 2271
23 70 2272
185 103 2273
103 169 2274
71 2 2275
186 174 2276
118 155 2277
177 6 2278
132 199 2279
128 23 2280
108 52 2281
107 169 2282
41 168 2283
180 93 2284
182 190 2285
188 40 2286
29 199 2287
127 66 2288
135 151 2289
33 10 2290
146 14 2291
89 120 2292
40 198 2293
10 67 2294
187 82 2295
36 53 2296
162 160 2297
161 151 2298
95 125 2299
189 8 2300
30 164 2301
134 141 2302
111 93 2303
30 150 2304
106 147 2305
3 4 2306
15 146 2307
73 154 2308
70 78 2309
169 89 2310
7 66 2311
117 115 2312
50 119 2313
101 44 2314
109 172 2315
147 55 2316
21 135 2317
101 121 2318
185 81 2319
78 148 2320
150 116 2321
127 100 2322
151 174 2323
133 16 2324
97 10 2325
192 190 2326
101 82 2327
74 59 2328
68 195 2329
187 73 2330
179 122 2331
152 16 2332
65 111 2333
199 33 2334
133 88 2335
22 193 2336
127 79 2337
55 100 2338
48 7 2339
95 40 2340
127 194 2341
66 19 2342
162 37 2343
48 54 2344
96 75 2345
186 98 2346
32 194 2347
14 60 2348
56 200 2349
97 66 2350
27 81 2351
170 78 2352
52 56 2353
73 104 2354
70 67 2355
142 189 2356
91 161 2357
47 52 2358
188 87 2359
129 28 2360
22 43 2361
48 168 2362
31 64 2363
72 169 2364
164 35 2365
155 192 2366
32 17 2367
14 188 2368
39 181 2369
87 14 2370
10 174 2371
103 44 2372
110 55 2373
46 73 2374
36 44 2375
165 174 2376
116 55 2377
90 155 2378
36 60 2379
194 174 2380
147 62 2381
28 52 2382
179 88 2383
159 26 2384
168 160 2385
137 45 2386
135 147 2387
132 45 2388
109 30 2389
61 195 2390
106 190 2391
96 56 2392
59 99 2393
75 136 2394
11 49 2395
150 6 2396
41 190 2397
144 182 2398
79 165 2399
166 125 2400
93 75 2401
116 124 2402
82 118 2403
155 142 2404
157 103 2405
81 2 2406
158 198 2407
184 22 2408
150 13 2409
80 169 2410
119 11 2411
45 148 2412
44 84 2413
114 133 2414
175 113 2415
141 137 2416
10 51 2417
186 85 2418
169 92 2419
42 11 2420
170 47 2421
161 82 2422
115 56 2423
19 32 2424
71 5 2425
100 50 2426
183 47 2427
162 116 2428
130 78 2429
57 16 2430
22 197 2431
39 13 2432
129 96 2433
49 140 2434
126 64 2435
102 100 2436
181 98 2437
29 25 2438
193 142 2439
169 191 2440
125 46 2441
86 26 2442
11 149 2443
27 54 2444
14 69 2445
46 165 2446
162 155 2447
161 148 2448
68 35 2449
106 107 2450
24 160 2451
174 6 2452
122 177 2453
73 17 2454
9 168 2455
141 126 2456
68 136 2457
59 75 2458
8 58 2459
101 47 2460
150 22 2461
3 35 2462
27 190 2463
41 85 2464
60 178 2465
87 135 2466
69 50 2467
124 70 2468
176 100 2469
163 192 2470
36 33 2471
189 131 2472
128 96 2473
68 38 2474
93 50 2475
63 187 2476
189 90 2477
195 66 2478
200 74 2479
143 23 2480
26 189 2481
189 33 2482
147 111 2483
32 100 2484
125 134 2485
58 180 2486
74 7 2487
51 159 2488
89 115 2489
42 67 2490
186 125 2491
82 48 2492
24 173 2493
28 45 2494
41 145 2495
30 13 2496
14 158 2497
65 11 2498
153 77 2499
54 45 2500
42 39 2501
39 68 2502
104 188 2503
83 126 2504
37 16 2505
164 101 2506
151 150 2507
117 133 2508
120 34 2509
152 193 2510
85 159 2511
52 32 2512
196 163 2513
15 115 2514
29 150 2515
178 106 2516
146 1 2517
138 159 2518
3 110 2519
92 55 2520
195 46 2521
60 110 2522
184 56 2523
9 129 2524
156 159 2525
188 109 2526
145 51 2527
156 195 2528
17 67 2529
60 138 2530
105 183 2531
120 21 2532
169 17 2533
139 23 2534
55 178 2535
63 25 2536
154 151 2537
139 123 2538
94 26 2539
52 177 2540
77 142 2541
104 175 2542
107 88 2543
150 90 2544
136 175 2545
54 30 2546
192 21 2547
169 145 2548
149 158 2549
38 64 2550
167 109 2551
5 108 2552
74 151 2553
157 68 2554
183 60 2555
196 81 2556
178 73 2557
142 170 2558
109 161 2559
155 107 2560
2 8 2561
83 8 2562
178 197 2563
102 38 2564
95 7 2565
191 103 2566
133 45 2567
131 177 2568
152 177 2569
101 136 2570
190 14 2571
79 152 2572
142 47 2573
35 190 2574
115 62 2575
97 179 2576
35 124 2577
176 20 2578
48 130 2579
59 47 2580
177 178 2581
128 68 2582
137 125 2583
104 13 2584
78 62 2585
37 85 2586
156 73 2587
57 111 2588
76 9 2589
106 185 2590
147 140 2591
70 168 2592
109 182 2593
87 95 2594
181 30 2595
39 101 2596
93 170 2597
81 147 2598
98 187 2599
180 190 2600
77 124 2601
27 62 2602
97 172 2603
64 189 2604
26 114 2605
115 131 2606
189 198 2607
44 90 2608
68 151 2609
148 8 2610
137 36 2611
159 54 2612
170 118 2613
63 117 2614
102 104 2615
151 84 2616
109 198 2617
123 6 2618
139 98 2619
166 148 2620
77 46 2621
127 124 2622
90 23 2623
83 59 2624
147 58 2625
82 34 2626
72 55 2627
111 120 2628
119 139 2629
176 118 2630
23 100 2631
25 118 2632
181 129 2633
66 22 2634
150 173 2635
33 155 2636
102 112 2637
142 91 2638
147 91 2639
85 130 2640
33 108 2641
20 132 2642
136 138 2643
129 70 2644
193 155 2645
127 181 2646
94 105 2647
62 192 2648
35 100 2649
109 129 2650
76 185 2651
62 107 2652
155 174 2653
131 89 2654
45 192 2655
22 58 2656
127 61 2657
94 32 2658
141 95 2659
71 59 2660
88 103 2661
104 178 2662
197 161 2663
198 118 2664
184 142 2665
16 76 2666
36 169 2667
7 63 2668
190 88 2669
166 64 2670
83 69 2671
186 176 2672
78 177 2673
21 159 2674
152 19 2675
70 141 2676
30 38 2677
52 89 2678
146 184 2679
21 131 2680
74 133 2681
22 168 2682
9 24 2683
139 32 2684
70 51 2685
150 47 2686
24 112 2687
19 44 2688
92 127 2689
122 101 2690
114 89 2691
132 3 2692
71 66 2693
8 174 2694
176 11 2695
147 6 2696
67 12 2697
199 128 2698
55 21 2699
144 150 2700
65 147 2701
107 61 2702
138 13 2703
106 33 2704
147 150 2705
42 142 2706
99 45 2707
159 22 2708
110 52 2709
139 110 2710
103 32 2711
36 55 2712
40 88 2713
137 30 2714
165 166 2715
144 93 2716
32 86 2717
130 175 2718
147 198 2719
43 27 2720
17 111 2721
172 159 2722
49 25 2723
102 166 2724
39 45 2725
134 175 2726
91 3 2727
65 53 2728
63 14 2729
19 84 2730
115 46 2731
68 95 2732
164 176 2733
65 174 2734
178 112 2735
85 22 2736
180 166 2737
158 95 2738
158 63 2739
54 10 2740
62 18 2741
24 161 2742
131 167 2743
129 182 2744
136 126 2745
66 99 2746
105 193 2747
1 72 2748
171 149 2749
27 160 2750
52 171 2751
85 140 2752
125 44 2753
174 169 2754
94 140 2755
191 12 2756
15 197 2757
120 121 2758
141 86 2759
30 57 2760
145 140 2761
134 118 2762
39 2 2763
97 20 2764
11 165 2765
161 84 2766
18 113 2767
142 36 2768
84 186 2769
116 142 2770
188 105 2771
12 20 2772
10 25 2773
80 32 2774
13 181 2775
117 153 2776
161 60 2777
59 113 2778
51 165 2779
28 44 2780
138 15 2781
100 110 2782
59 125 2783
70 139 2784
129 50 2785
21 148 2786
104 97 2787
124 133 2788
97 135 2789
174 12 2790
6 158 2791
154 117 2792
3 26 2793
140 115 2794
61 105 2795
144 92 2796
130 11 2797
18 37 2798
144 145 2799
100 182 2800
172 139 2801
9 188 2802
42 30 2803
140 21 2804
26 104 2805
155 39 2806
158 115 2807
48 190 2808
78 180 2809
4 65 2810
180 193 2811
54 156 2812
185 10 2813
102 12 2814
40 175 2815
11 1 2816
83 34 2817
9 63 2818
139 135 2819
186 177 2820
194 6 2821
82 114 2822
138 54 2823
162 17 2824
129 135 2825
4 68 2826
97 162 2827
15 94 2828
47 192 2829
48 67 2830
53 165 2831
1 10 2832
173 67 2833
43 93 2834
22 15 2835
4 132 2836
112 170 2837
35 149 2838
134 109 2839
159 127 2840
120 50 2841
81 43 2842
112 15 2843
101 91 2844
21 141 2845
173 180 2846
61 135 2847
185 83 2848
120 44 2849
94 89 2850
85 176 2851
144 63 2852
124 7 2853
120 158 2854
68 94 2855
189 121 2856
117 146 2857
176 37 2858
168 124 2859
91 115 2860
160 87 2861
97 73 2862
157 153 2863
17 49 2864
6 128 2865
57 127 2866
137 10 2867
145 11 2868
28 159 2869
63 126 2870
7 102 2871
169 51 2872
126 111 2873
39 186 2874
107 116 2875
188 198 2876
65 118 2877
138 175 2878
44 23 2879
91 17 2880
42 186 2881
117 127 2882
170 137 2883
144 136 2884
90 108 2885
85 57 2886
42 18 2887
147 128 2888
16 120 2889
53 10 2890
181 178 2891
107 17 2892
70 90 2893
70 75 2894
78 101 2895
79 153 2896
19 198 2897
23 50 2898
153 173 2899
190 158 2900
157 96 2901
114 32 2902
5 132 2903
52 76 2904
161 162 2905
79 66 2906
71 77 2907
180 74 2908
153 187 2909
75 178 2910
92 172 2911
195 18 2912
50 154 2913
89 55 2914
42 44 2915
174 4 2916
39 128 2917
33 183 2918
183 87 2919
191 104 2920
165 58 2921
69 48 2922
198 26 2923
29 27 2924
92 75 2925
96 31 2926
167 35 2927
111 190 2928
5 126 2929
27 17 2930
192 55 2931
4 39 2932
197 77 2933
183 89 2934
66 51 2935
20 121 2936
25 57 2937
94 135 2938
150 121 2939
123 149 2940
39 21 2941
34 68 2942
136 197 2943
27 148 2944
193 25 2945
53 142 2946
97 21 2947
155 111 2948
10 131 2949
57 158 2950
33 45 2951
136 109 2952
47 10 2953
59 147 2954
78 57 2955
9 70 2956
170 33 2957
29 17 2958
191 184 2959
97 153 2960
113 128 2961
116 185 2962
12 130 2963
7 138 2964
18 117 2965
77 89 2966
181 84 2967
182 125 2968
85 67 2969
72 13 2970
4 9 2971
68 83 2972
190 37 2973
145 22 2974
93 101 2975
98 198 2976
105 114 2977
97 19 2978
48 44 2979
82 155 2980
15 122 2981
67 144 2982
18 1 2983
113 144 2984
172 99 2985
121 58 2986
147 2 2987
10 85 2988
87 116 2989
184 124 2990
82 44 2991
95 85 2992
17 64 2993
94 143 2994
160 118 2995
23 156 2996
116 155 2997
165 60 2998
104 72 2999
37 174 3000
193 71 3001
20 137 3002
161 192 3003
50 108 3004
26 181 3005
183 171 3006
121 66 3007
117 48 3008
142 149 3009
1 158 3010
175 172 3011
26 174 3012
165 44 3013
4 122 3014
109 17 3015
158 89 3016
62 197 3017
162 84 3018
96 91 3019
119 86 3020
35 196 3021
196 177 3022
194 1 3023
57 114 3024
98 39 3025
199 134 3026
74 1 3027
124 163 3028
97 13 3029
90 55 3030
184 118 3031
6 65 3032
72 3 3033
60 121 3034
185 162 3035
1 102 3036
193 116 3037
109 75 3038
89 81 3039
50 64 3040
189 153 3041
10 42 3042
28 81 3043
58 33 3044
195 5 3045
127 102 3046
160 185 3047
193 190 3048
177 84 3049
177 151 3050
73 66 3051
175 122 3052
126 92 3053
178 176 3054
105 40 3055
39 1 3056
102 34 3057
41 158 3058
106 53 3059
67 13 3060
110 54 3061
136 74 3062
55 40 3063
177 127 3064
122 128 3065
114 71 3066
197 16 3067
177 97 3068
54 14 3069
186 146 3070
34 148 3071
2 57 3072
43 97 3073
140 65 3074
110 31 3075
75 122 3076
44 164 3077
186 63 3078
124 107 3079
29 28 3080
137 161 3081
69 72 3082
57 139 3083
49 87 3084
86 37 3085
167 17 3086
183 22 3087
180 10 3088
86 74 3089
119 57 3090
142 113 3091
37 80 3092
12 46 3093
15 52 3094
129 140 3095
199 85 3096
139 3 3097
142 133 3098
124 38 3099
57 32 3100
27 103 3101
198 83 3102
52 81 3103
121 57 3104
65 105 3105
83 159 3106
8 23 3107
185 97 3108
168 7 3109
127 190 3110
101 72 3111
106 116 3112
71 104 3113
69 67 3114
2 77 3115
8 155 3116
166 68 3117
25 113 3118
22 86 3119
58 174 3120
65 97 3121
132 70 3122
146 35 3123
197 135 3124
20 43 3125
23 40 3126
11 64 3127
5 162 3128
105 4 3129
93 121 3130
51 117 3131
50 47 3132
126 194 3133
132 120 3134
73 103 3135
46 189 3136
73 163 3137
59 53 3138
151 195 3139
90 37 3140
74 56 3141
46 102 3142
31 78 3143
200 141 3144
178 103 3145
147 137 3146
101 123 3147
77 188 3148
47 12 3149
36 45 3150
5 198 3151
165 61 3152
176 40 3153
149 61 3154
175 192 3155
8 73 3156
1 94 3157
161 89 3158
117 25 3159
125 143 3160
139 29 3161
85 45 3162
29 142 3163
24 143 3164
96 111 3165
147 158 3166
10 112 3167
64 97 3168
13 80 3169
89 193 3170
44 180 3171
184 117 3172
55 77 3173
23 144 3174
35 166 3175
144 121 3176
164 141 3177
181 42 3178
188 52 3179
24 44 3180
155 136 3181
24 159 3182
30 170 3183
146 16 3184
48 139 3185
38 28 3186
108 144 3187
5 93 3188
92 12 3189
45 5 3190
45 143 3191
88 54 3192
28 195 3193
166 162 3194
185 196 3195
44 179 3196
103 47 3197
53 130 3198
72 31 3199
77 76 3200
62 72 3201
32 167 3202
40 32 3203
133 39 3204
56 111 3205
200 130 3206
117 36 3207
185 35 3208
193 119 3209
84 104 3210
187 16 3211
58 129 3212
156 155 3213
99 49 3214
82 143 3215
61 90 3216
18 85 3217
25 197 3218
172 133 3219
4 10 3220
51 58 3221
177 93 3222
180 178 3223
108 160 3224
26 5 3225
191 70 3226
52 58 3227
61 132 3228
195 19 3229
191 157 3230
38 54 3231
84 173 3232
78 167 3233
71 184 3234
76 14 3235
120 62 3236
11 140 3237
177 96 3238
166 31 3239
44 154 3240
135 179 3241
184 109 3242
81 186 3243
3 86 3244
8 86 3245
68 135 3246
163 104 3247
35 19 3248
70 83 3249
75 143 3250
109 171 3251
165 29 3252
116 135 3253
46 128 3254
127 46 3255
54 76 3256
102 199 3257
95 138 3258
72 115 3259
197 85 3260
58 60 3261
10 94 3262
5 24 3263
15 100 3264
194 22 3265
152 38 3266
196 41 3267
67 181 3268
162 130 3269
152 142 3270
27 101 3271
128 118 3272
13 91 3273
106 193 3274
133 41 3275
83 50 3276
32 127 3277
93 152 3278
4 99 3279
52 10 3280
73 51 3281
41 79 3282
15 174 3283
60 171 3284
128 130 3285
7 104 3286
34 100 3287
159 39 3288
198 155 3289
115 164 3290
133 69 3291
175 168 3292
136 21 3293
157 1 3294
49 45 3295
175 194 3296
153 182 3297
196 134 3298
140 130 3299
70 39 3300
70 11 3301
111 154 3302
31 57 3303
97 191 3304
24 99 3305
68 78 3306
97 41 3307
194 101 3308
155 78 3309
128 8 3310
165 67 3311
136 37 3312
193 130 3313
48 102 3314
59 1 3315
76 29 3316
52 51 3317
117 54 3318
175 67 3319
113 156 3320
95 66 3321
178 111 3322
45 123 3323
117 155 3324
168 189 3325
194 136 3326
152 105 3327
108 93 3328
133 4 3329
134 19 3330
174 185 3331
66 178 3332
84 73 3333
86 174 3334
173 177 3335
185 70 3336
198 186 3337
48 154 3338
194 95 3339
88 144 3340
158 36 3341
182 47 3342
176 147 3343
155 185 3344
53 9 3345
91 183 3346
4 166 3347
67 195 3348
11 134 3349
29 52 3350
162 48 3351
58 63 3352
154 47 3353
111 188 3354
114 58 3355
120 107 3356
15 65 3357
200 190 3358
21 47 3359
57 9 3360
30 103 3361
190 96 3362
86 109 3363
134 39 3364
116 94 3365
30 91 3366
90 110 3367
71 12 3368
100 43 3369
123 99 3370
174 56 3371
106 140 3372
194 110 3373
17 140 3374
99 6 3375
48 49 3376
61 24 3377
100 161 3378
11 118 3379
70 38 3380
73 134 3381
94 196 3382
147 52 3383
54 195 3384
115 196 3385
163 21 3386
162 103 3387
50 155 3388
43 9 3389
45 78 3390
190 66 3391
106 8 3392
198 108 3393
30 144 3394
155 49 3395
14 147 3396
42 76 3397
130 133 3398
174 48 3399
125 27 3400
111 197 3401
142 43 3402
152 23 3403
161 134 3404
119 101 3405
19 106 3406
86 159 3407
121 56 3408
139 153 3409
88 32 3410
160 66 3411
39 69 3412
160 48 3413
21 162 3414
167 177 3415
164 50 3416
133 143 3417
2 171 3418
59 155 3419
141 169 3420
135 155 3421
46 17 3422
99 191 3423
130 97 3424
174 44 3425
140 134 3426
178 196 3427
66 10 3428
93 104 3429
173 28 3430
39 7 3431
57 124 3432
1 58 3433
127 120 3434
150 38 3435
15 199 3436
104 20 3437
111 115 3438
107 72 3439
144 79 3440
52 65 3441
197 8 3442
77 39 3443
100 58 3444
10 140 3445
79 80 3446
190 38 3447
52 134 3448
83 12 3449
82 117 3450
33 22 3451
17 118 3452
72 191 3453
61 62 3454
104 95 3455
164 157 3456
172 177 3457
199 103 3458
54 35 3459
64 1 3460
53 172 3461
45 142 3462
67 161 3463
83 156 3464
185 138 3465
117 90 3466
80 14 3467
190 46 3468
114 146 3469
140 77 3470
101 56 3471
150 191 3472
190 74 3473
85 154 3474
72 156 3475
170 179 3476
41 169 3477
40 76 3478
194 56 3479
191 189 3480
7 195 3481
111 50 3482
53 35 3483
75 152 3484
114 11 3485
80 24 3486
3 65 3487
40 148 3488
125 164 3489
170 164 3490
20 41 3491
123 64 3492
70 190 3493
172 79 3494
16 48 3495
136 3 3496
3 124 3497
147 36 3498
45 159 3499
151 24 3500
65 190 3501
182 35 3502
79 13 3503
179 187 3504
74 163 3505
145 141 3506
53 51 3507
173 132 3508
105 15 3509
4 117 3510
83 79 3511
62 105 3512
63 199 3513
82 64 3514
24 162 3515
164 127 3516
14 157 3517
17 200 3518
63 124 3519
102 70 3520
47 173 3521
164 145 3522
168 147 3523
72 155 3524
143 174 3525
22 63 3526
112 29 3527
21 85 3528
21 190 3529
70 22 3530
55 64 3531
33 178 3532
90 84 3533
17 62 3534
65 170 3535
92 168 3536
180 170 3537
197 52 3538
52 152 3539
120 99 3540
75 57 3541
175 85 3542
95 103 3543
40 3 3544
191 181 3545
122 21 3546
132 59 3547
142 173 3548
18 112 3549
26 187 3550
134 50 3551
30 72 3552
85 128 3553
50 75 3554
2 72 3555
147 83 3556
11 50 3557
99 38 3558
70 72 3559
56 24 3560
193 26 3561
98 4 3562
137 173 3563
35 41 3564
28 174 3565
127 187 3566
30 200 3567
185 195 3568
133 127 3569
25 19 3570
144 77 3571
90 187 3572
98 33 3573
128 167 3574
180 114 3575
68 57 3576
16 6 3577
145 35 3578
189 178 3579
96 158 3580
194 35 3581
141 42 3582
79 123 3583
138 100 3584
72 189 3585
142 107 3586
68 168 3587
52 159 3588
56 148 3589
70 31 3590
152 131 3591
195 95 3592
13 1 3593
13 10 3594
143 46 3595
39 28 3596
116 194 3597
181 103 3598
196 86 3599
17 115 3600
109 54 3601
13 193 3602
75 102 3603
191 145 3604
24 91 3605
150 1 3606
28 199 3607
36 77 3608
6 15 3609
81 4 3610
181 18 3611
98 105 3612
165 139 3613
41 10 3614
177 37 3615
126 86 3616
81 125 3617
109 37 3618
179 48 3619
25 93 3620
57 138 3621
133 155 3622
9 143 3623
90 121 3624
22 180 3625
137 32 3626
56 6 3627
30 8 3628
85 132 3629
196 148 3630
5 27 3631
179 200 3632
200 90 3633
110 195 3634
110 96 3635
20 77 3636
199 30 3637
8 173 3638
42 1 3639
6 136 3640
37 91 3641
66 29 3642
197 182 3643
185 121 3644
25 155 3645
46 182 3646
1 109 3647
86 161 3648
12 51 3649
46 184 3650
149 84 3651
67 123 3652
195 198 3653
160 147 3654
89 62 3655
190 13 3656
147 120 3657
53 8 3658
96 2 3659
177 141 3660
190 152 3661
191 142 3662
77 11 3663
108 173 3664
78 77 3665
196 175 3666
119 143 3667
128 5 3668
166 95 3669
132 18 3670
108 148 3671
123 126 3672
14 49 3673
111 21 3674
124 4 3675
143 182 3676
118 31 3677
104 62 3678
54 95 3679
68 177 3680
158 160 3681
53 162 3682
26 143 3683
76 86 3684
87 43 3685
3 188 3686
110 130 3687
91 48 3688
124 125 3689
49 46 3690
171 129 3691
125 191 3692
38 176 3693
191 89 3694
159 129 3695
139 66 3696
112 36 3697
54 200 3698
141 146 3699
32 18 3700
72 10 3701
8 170 3702
178 37 3703
178 61 3704
3 71 3705
187 83 3706
119 162 3707
8 152 3708
86 149 3709
120 167 3710
165 12 3711
86 151 3712
84 140 3713
91 187 3714
98 11 3715
46 37 3716
118 87 3717
106 85 3718
129 161 3719
44 187 3720
47 165 3721
108 87 3722
198 84 3723
32 140 3724
185 22 3725
17 24 3726
67 142 3727
174 120 3728
36 84 3729
182 88 3730
3 105 3731
141 29 3732
123 150 3733
161 27 3734
78 84 3735
158 88 3736
123 141 3737
101 187 3738
191 24 3739
171 168 3740
186 31 3741
176 96 3742
53 14 3743
92 51 3744
48 192 3745
59 100 3746
65 56 3747
144 137 3748
156 120 3749
49 167 3750
79 106 3751
59 171 3752
58 167 3753
92 181 3754
141 199 3755
44 39 3756
35 86 3757
76 124 3758
57 15 3759
177 116 3760
150 79 3761
197 181 3762
99 146 3763
37 194 3764
4 70 3765
152 161 3766
147 29 3767
23 106 3768
6 59 3769
197 78 3770
37 180 3771
56 82 3772
17 9 3773
131 162 3774
83 191 3775
53 45 3776
186 119 3777
106 91 3778
167 3 3779
35 128 3780
108 31 3781
134 85 3782
31 27 3783
199 114 3784
182 76 3785
78 114 3786
169 32 3787
88 3 3788
49 55 3789
69 182 3790
89 160 3791
112 26 3792
171 78 3793
34 14 3794
76 45 3795
3 42 3796
111 19 3797
93 173 3798
186 200 3799
112 38 3800
161 107 3801
12 173 3802
180 77 3803
164 49 3804
17 80 3805
128 53 3806
108 166 3807
66 33 3808
158 26 3809
92 166 3810
166 196 3811
95 94 3812
110 59 3813
16 22 3814
127 101 3815
147 92 3816
40 74 3817
111 156 3818
78 22 3819
92 173 3820
97 95 3821
47 181 3822
8 179 3823
109 41 3824
132 84 3825
15 143 3826
74 172 3827
80 164 3828
196 77 3829
54 180 3830
140 57 3831
73 55 3832
16 80 3833
163 13 3834
99 185 3835
41 185 3836
184 153 3837
80 142 3838
157 111 3839
59 184 3840
187 169 3841
123 142 3842
40 135 3843
63 70 3844
21 76 3845
67 196 3846
117 53 3847
176 134 3848
18 8 3849
168 78 3850
164 34 3851
14 173 3852
43 150 3853
130 52 3854
62 110 3855
9 95 3856
195 72 3857
3 57 3858
4 19 3859
162 49 3860
82 110 3861
91 117 3862
73 109 3863
62 95 3864
191 96 3865
8 111 3866
58 103 3867
163 186 3868
150 76 3869
110 24 3870
67 136 3871
153 83 3872
126 95 3873
187 71 3874
139 150 3875
61 168 3876
60 105 3877
196 91 3878
142 71 3879
85 121 3880
85 20 3881
179 16 3882
95 20 3883
179 174 3884
175 100 3885
41 100 3886
30 32 3887
44 149 3888
72 63 3889
19 113 3890
149 22 3891
146 131 3892
58 70 3893
12 89 3894
12 66 3895
75 179 3896
37 156 3897
26 10 3898
87 148 3899
86 93 3900
88 117 3901
183 93 3902
11 87 3903
162 120 3904
55 68 3905
22 30 3906
64 119 3907
15 78 3908
116 137 3909
20 180 3910
21 195 3911
95 160 3912
163 157 3913
6 83 3914
85 137 3915
132 150 3916
92 90 3917
9 142 3918
164 48 3919
197 117 3920
174 157 3921
41 72 3922
25 115 3923
75 20 3924
195 79 3925
175 165 3926
107 86 3927
172 192 3928
41 181 3929
143 40 3930
119 197 3931
181 137 3932
94 71 3933
7 130 3934
121 164 3935
106 199 3936
65 165 3937
128 191 3938
38 134 3939
156 40 3940
138 141 3941
83 128 3942
38 46 3943
184 51 3944
193 175 3945
12 14 3946
98 2 3947
11 122 3948
75 187 3949
167 69 3950
14 21 3951
97 31 3952
141 150 3953
5 52 3954
145 188 3955
32 22 3956
171 102 3957
98 136 3958
32 198 3959
40 34 3960
131 22 3961
165 109 3962
109 112 3963
91 169 3964
135 182 3965
85 12 3966
43 5 3967
134 30 3968
84 148 3969
48 51 3970
92 192 3971
105 16 3972
104 200 3973
60 151 3974
162 129 3975
24 29 3976
136 44 3977
34 69 3978
30 51 3979
12 159 3980
193 27 3981
148 137 3982
148 104 3983
139 26 3984
45 57 3985
146 5 3986
136 38 3987
199 2 3988
122 100 3989
59 196 3990
65 180 3991
73 78 3992
39 24 3993
65 98 3994
162 36 3995
121 102 3996
195 98 3997
134 178 3998
184 63 3999
60 120 4000
82 86 4001
163 190 4002
43 77 4003
160 34 4004
155 46 4005
45 116 4006
193 181 4007
4 153 4008
153 197 4009
67 116 4010
4 131 4011
55 102 4012
174 71 4013
124 61 4014
5 12 4015
198 3 4016
190 32 4017
187 87 4018
144 75 4019
39 75 4020
8 37 4021
180 89 4022
127 75 4023
79 7 4024
184 178 4025
199 98 4026
7 165 4027
131 154 4028
114 75 4029
196 142 4030
160 133 4031
114 149 4032
146 197 4033
95 149 4034
124 129 4035
4 189 4036
151 182 4037
43 198 4038
108 130 4039
88 9 4040
39 132 4041
7 87 4042
178 101 4043
7 65 4044
39 112 4045
135 160 4046
69 143 4047
156 124 4048
63 61 4049
190 141 4050
134 172 4051
94 150 4052
62 123 4053
24 20 4054
45 107 4055
94 149 4056
157 77 4057
18 97 4058
101 155 4059
77 164 4060
160 21 4061
138 123 4062
10 107 4063
99 126 4064
148 152 4065
12 134 4066
11 124 4067
198 121 4068
199 104 4069
9 125 4070
113 194 4071
186 79 4072
152 13 4073
176 31 4074
101 32 4075
42 21 4076
145 174 4077
130 151 4078
80 192 4079
119 149 4080
152 113 4081
99 116 4082
57 74 4083
195 169 4084
40 163 4085
190 29 4086
58 32 4087
24 146 4088
122 79 4089
73 3 4090
166 22 4091
172 62 4092
46 27 4093
133 183 4094
200 18 4095
185 43 4096
118 81 4097
153 30 4098
98 172 4099
182 40 4100
146 111 4101
82 194 4102
116 101 4103
150 114 4104
126 65 4105
73 77 4106
147 50 4107
148 50 4108
63 13 4109
164 107 4110
166 193 4111
126 132 4112
42 173 4113
48 105 4114
134 198 4115
140 152 4116
58 73 4117
164 149 4118
9 161 4119
147 20 4120
18 115 4121
37 51 4122
105 36 4123
34 173 4124
155 45 4125
75 34 4126
188 132 4127
51 93 4128
119 150 4129
83 36 4130
148 165 4131
93 20 4132
47 58 4133
139 181 4134
115 161 4135
15 188 4136
178 27 4137
154 31 4138
125 61 4139
173 61 4140
126 185 4141
171 85 4142
101 109 4143
4 13 4144
193 70 4145
80 102 4146
81 87 4147
193 160 4148
95 140 4149
138 35 4150
101 63 4151
124 157 4152
96 167 4153
54 41 4154
109 32 4155
147 71 4156
191 13 4157
46 105 4158
39 139 4159
92 97 4160
67 28 4161
120 76 4162
149 62 4163
113 166 4164
140 46 4165
104 47 4166
98 62 4167
4 78 4168
120 161 4169
83 66 4170
199 150 4171
76 38 4172
127 184 4173
132 54 4174
107 147 4175
166 2 4176
153 158 4177
188 133 4178
164 69 4179
112 175 4180
139 158 4181
190 169 4182
85 164 4183
126 184 4184
151 125 4185
27 94 4186
85 109 4187
133 67 4188
40 90 4189
65 119 4190
84 29 4191
53 186 4192
86 36 4193
40 166 4194
123 185 4195
41 138 4196
160 148 4197
175 78 4198
19 39 4199
170 29 4200
130 3 4201
39 51 4202
166 17 4203
187 110 4204
39 177 4205
84 17 4206
128 172 4207
42 164 4208
33 129 4209
117 68 4210
85 101 4211
138 28 4212
83 37 4213
102 191 4214
48 68 4215
22 2 4216
178 76 4217
174 34 4218
122 110 4219
33 5 4220
21 27 4221
27 142 4222
102 33 4223
198 68 4224
22 17 4225
141 1 4226
116 28 4227
190 122 4228
86 67 4229
162 60 4230
144 69 4231
195 15 4232
102 125 4233
71 180 4234
137 128 4235
147 51 4236
16 92 4237
28 169 4238
159 99 4239
28 136 4240
151 137 4241
156 163 4242
193 97 4243
1 54 4244
134 77 4245
182 150 4246
91 67 4247
124 131 4248
144 177 4249
191 118 4250
43 111 4251
47 184 4252
133 115 4253
114 72 4254
29 195 4255
74 155 4256
12 97 4257
28 166 4258
174 175 4259
190 109 4260
163 56 4261
55 170 4262
17 7 4263
61 157 4264
73 173 4265
45 20 4266
29 4 4267
38 57 4268
14 103 4269
30 28 4270
15 168 4271
106 165 4272
6 27 4273
148 147 4274
183 14 4275
116 14 4276
167 77 4277
9 197 4278
65 169 4279
73 82 4280
88 189 4281
157 195 4282
133 30 4283
81 115 4284
192 52 4285
74 11 4286
60 189 4287
116 48 4288
182 58 4289
107 69 4290
16 50 4291
130 106 4292
60 62 4293
23 59 4294
45 63 4295
2 152 4296
29 154 4297
121 67 4298
125 140 4299
33 77 4300
104 134 4301
146 125 4302
127 106 4303
73 167 4304
90 127 4305
95 146 4306
51 155 4307
116 190 4308
151 132 4309
35 76 4310
48 24 4311
156 74 4312
8 160 4313
29 101 4314
177 136 4315
138 29 4316
24 186 4317
106 181 4318
52 23 4319
123 66 4320
72 130 4321
120 65 4322
29 47 4323
23 195 4324
182 30 4325
3 156 4326
19 154 4327
170 46 4328
190 104 4329
153 198 4330
26 63 4331
84 93 4332
66 183 4333
192 56 4334
31 168 4335
87 77 4336
155 124 4337
40 110 4338
80 129 4339
80 191 4340
117 3 4341
64 92 4342
56 162 4343
55 74 4344
168 111 4345
140 33 4346
66 65 4347
31 56 4348
134 144 4349
6 190 4350
118 197 4351
107 99 4352
112 96 4353
35 171 4354
33 103 4355
198 127 4356
80 68 4357
96 11 4358
138 192 4359
20 103 4360
196 125 4361
153 43 4362
117 58 4363
176 117 4364
115 167 4365
183 40 4366
43 98 4367
168 82 4368
174 173 4369
114 69 4370
82 148 4371
12 105 4372
63 62 4373
189 24 4374
53 28 4375
74 50 4376
180 19 4377
133 107 4378
5 118 4379
200 35 4380
157 107 4381
156 123 4382
161 154 4383
19 129 4384
178 86 4385
181 148 4386
73 61 4387
10 183 4388
67 102 4389
137 11 4390
108 97 4391
59 8 4392
126 189 4393
123 76 4394
143 71 4395
140 58 4396
138 30 4397
20 84 4398
111 172 4399
121 175 4400
31 33 4401
37 95 4402
62 131 4403
16 113 4404
116 146 4405
175 117 4406
38 181 4407
94 200 4408
98 103 4409
125 155 4410
28 108 4411
86 7 4412
67 172 4413
180 164 4414
40 33 4415
173 60 4416
56 28 4417
8 38 4418
190 150 4419
176 182 4420
34 194 4421
45 44 4422
61 41 4423
34 60 4424
34 38 4425
103 200 4426
54 7 4427
49 57 4428
1 68 4429
169 153 4430
112 150 4431
116 79 4432
75 23 4433
128 107 4434
155 143 4435
64 80 4436
151 37 4437
70 183 4438
142 176 4439
129 89 4440
36 93 4441
93 10 4442
88 52 4443
46 144 4444
19 91 4445
183 52 4446
101 146 4447
73 179 4448
65 113 4449
80 66 4450
66 5 4451
173 77 4452
179 55 4453
69 169 4454
91 180 4455
114 88 4456
173 1 4457
199 61 4458
199 24 4459
87 178 4460
69 160 4461
152 49 4462
122 71 4463
61 150 4464
134 164 4465
50 10 4466
58 99 4467
119 156 4468
83 141 4469
33 139 4470
75 125 4471
17 47 4472
167 165 4473
83 60 4474
160 20 4475
150 25 4476
198 21 4477
40 93 4478
81 158 4479
130 147 4480
102 105 4481
187 157 4482
159 1 4483
195 63 4484
91 41 4485
95 74 4486
71 197 4487
114 43 4488
1 179 4489
187 31 4490
187 53 4491
57 56 4492
156 62 4493
162 93 4494
174 102 4495
199 126 4496
170 99 4497
131 105 4498
26 192 4499
163 143 4500
133 1 4501
15 169 4502
177 41 4503
175 197 4504
12 176 4505
92 17 4506
2 93 4507
99 114 4508
86 130 4509
86 69 4510
20 23 4511
85 94 4512
39 83 4513
167 175 4514
46 124 4515
182 8 4516
131 71 4517
131 150 4518
83 171 4519
168 51 4520
196 139 4521
65 194 4522
96 80 4523
41 161 4524
71 25 4525
1 160 4526
23 35 4527
4 58 4528
166 133 4529
17 6 4530
139 179 4531
22 100 4532
124 185 4533
38 72 4534
14 84 4535
53 119 4536
52 103 4537
34 52 4538
199 84 4539
6 62 4540
126 47 4541
52 2 4542
71 200 4543
77 107 4544
87 19 4545
85 33 4546
109 116 4547
6 22 4548
103 167 4549
6 60 4550
157 16 4551
74 141 4552
192 41 4553
59 31 4554
158 25 4555
62 21 4556
33 97 4557
93 22 4558
137 169 4559
17 170 4560
143 28 4561
11 40 4562
82 131 4563
167 70 4564
41 147 4565
106 7 4566
133 169 4567
193 124 4568
123 53 4569
50 22 4570
95 162 4571
74 8 4572
170 185 4573
187 138 4574
25 133 4575
54 8 4576
81 23 4577
96 36 4578
108 75 4579
121 98 4580
139 194 4581
56 7 4582
129 151 4583
151 31 4584
68 159 4585
186 82 4586
113 93 4587
133 197 4588
151 122 4589
5 73 4590
48 77 4591
111 129 4592
192 189 4593
77 93 4594
35 47 4595
97 14 4596
131 63 4597
125 83 4598
113 87 4599
99 105 4600
39 71 4601
80 109 4602
1 16 4603
182 177 4604
32 51 4605
153 103 4606
62 15 4607
91 85 4608
33 135 4609
28 37 4610
100 76 4611
175 93 4612
70 59 4613
33 173 4614
32 81 4615
163 8 4616
169 60 4617
91 151 4618
200 124 4619
172 46 4620
135 156 4621
53 115 4622
65 191 4623
56 12 4624
163 116 4625
96 103 4626
25 94 4627
21 52 4628
3 178 4629
25 132 4630
140 83 4631
17 95 4632
189 185 4633
71 84 4634
150 103 4635
28 27 4636
109 111 4637
175 50 4638
65 131 4639
178 29 4640
120 152 4641
119 17 4642
114 158 4643
159 40 4644
103 100 4645
35 12 4646
133 61 4647
183 45 4648
18 48 4649
141 198 4650
101 138 4651
70 181 4652
196 7 4653
63 90 4654
23 86 4655
83 133 4656
85 90 4657
135 63 4658
6 89 4659
198 101 4660
147 171 4661
15 74 4662
3 38 4663
198 174 4664
81 76 4665
61 143 4666
145 138 4667
49 173 4668
115 195 4669
137 61 4670
185 67 4671
111 62 4672
20 126 4673
18 163 4674
125 58 4675
34 107 4676
186 134 4677
74 165 4678
97 2 4679
162 77 4680
37 161 4681
100 193 4682
53 68 4683
99 48 4684
65 155 4685
22 122 4686
113 121 4687
88 73 4688
155 11 4689
134 79 4690
25 166 4691
10 116 4692
181 123 4693
111 38 4694
12 135 4695
81 119 4696
60 128 4697
9 130 4698
147 108 4699
86 194 4700
108 72 4701
114 168 4702
127 67 4703
112 103 4704
200 41 4705
187 154 4706
70 19 4707
56 40 4708
126 98 4709
53 100 4710
163 120 4711
48 101 4712
172 146 4713
31 29 4714
154 135 4715
90 41 4716
59 18 4717
175 176 4718
169 144 4719
71 42 4720
20 34 4721
194 157 4722
169 96 4723
191 88 4724
162 52 4725
6 104 4726
29 192 4727
196 111 4728
42 151 4729
169 194 4730
29 91 4731
48 108 4732
145 126 4733
110 17 4734
58 46 4735
26 25 4736
176 16 4737
169 99 4738
141 168 4739
90 163 4740
17 144 4741
121 193 4742
40 162 4743
159 165 4744
184 114 4745
36 194 4746
186 68 4747
126 143 4748
87 171 4749
143 85 4750
195 36 4751
105 6 4752
17 177 4753
167 59 4754
109 200 4755
198 61 4756
72 180 4757
189 104 4758
38 162 4759
129 7 4760
9 83 4761
51 11 4762
190 55 4763
18 20 4764
142 22 4765
189 87 4766
143 21 4767
168 13 4768
96 196 4769
32 83 4770
110 146 4771
63 80 4772
165 114 4773
78 151 4774
68 8 4775
188 62 4776
146 173 4777
28 22 4778
79 60 4779
69 157 4780
118 142 4781
183 63 4782
24 200 4783
18 156 4784
108 196 4785
104 100 4786
78 42 4787
84 1 4788
72 93 4789
3 199 4790
53 21 4791
177 132 4792
56 134 4793
146 175 4794
124 68 4795
29 18 4796
124 188 4797
176 65 4798
121 65 4799
87 100 4800
194 33 4801
52 1 4802
135 98 4803
134 36 4804
80 21 4805
8 77 4806
84 3 4807
180 7 4808
40 153 4809
30 101 4810
178 191 4811
186 165 4812
164 37 4813
48 126 4814
164 137 4815
26 43 4816
167 18 4817
71 129 4818
30 191 4819
4 167 4820
129 25 4821
20 181 4822
110 30 4823
14 55 4824
56 47 4825
158 5 4826
15 186 4827
3 182 4828
138 129 4829
116 66 4830
116 122 4831
32 145 4832
3 9 4833
79 38 4834
88 7 4835
105 199 4836
100 54 4837
33 132 4838
41 183 4839
179 89 4840
175 38 4841
138 144 4842
182 85 4843
10 188 4844
139 15 4845
82 181 4846
107 200 4847
94 132 4848
21 10 4849
9 133 4850
128 75 4851
174 146 4852
16 186 4853
185 96 4854
187 142 4855
190 160 4856
139 124 4857
172 80 4858
119 60 4859
86 168 4860
61 43 4861
112 89 4862
33 43 4863
48 125 4864
167 85 4865
14 193 4866
160 115 4867
77 80 4868
76 167 4869
68 108 4870
149 15 4871
25 89 4872
73 166 4873
55 2 4874
114 39 4875
81 107 4876
66 28 4877
91 170 4878
134 63 4879
85 160 4880
73 22 4881
65 156 4882
73 115 4883
116 7 4884
113 77 4885
115 152 4886
106 176 4887
9 62 4888
26 129 4889
87 42 4890
131 9 4891
84 142 4892
196 40 4893
161 147 4894
195 43 4895
82 159 4896
13 144 4897
147 144 4898
140 136 4899
83 17 4900
192 111 4901
23 179 4902
167 176 4903
21 2 4904
113 146 4905
181 164 4906
105 180 4907
122 167 4908
112 67 4909
47 36 4910
190 138 4911
85 23 4912
184 55 4913
171 75 4914
53 191 4915
57 18 4916
10 144 4917
134 188 4918
140 119 4919
164 89 4920
96 197 4921
171 97 4922
31 147 4923
87 195 4924
48 110 4925
76 8 4926
45 161 4927
64 15 4928
92 176 4929
166 93 4930
63 68 4931
72 103 4932
164 78 4933
87 85 4934
50 152 4935
194 186 4936
192 169 4937
148 23 4938
4 20 4939
43 46 4940
142 197 4941
135 11 4942
102 193 4943
82 54 4944
183 144 4945
116 161 4946
193 46 4947
195 25 4948
43 159 4949
74 189 4950
12 101 4951
186 94 4952
29 77 4953
100 89 4954
111 143 4955
198 128 4956
117 70 4957
171 99 4958
91 43 4959
108 155 4960
147 165 4961
95 161 4962
139 21 4963
148 172 4964
51 198 4965
181 162 4966
88 160 4967
121 158 4968
68 81 4969
136 135 4970
47 125 4971
22 67 4972
27 65 4973
150 74 4974
54 135 4975
196 34 4976
62 125 4977
77 128 4978
35 165 4979
156 13 4980
19 117 4981
142 124 4982
171 175 4983
105 124 4984
69 104 4985
142 54 4986
193 163 4987
144 43 4988
53 185 4989
101 87 4990
42 122 4991
149 27 4992
170 116 4993
176 4 4994
185 134 4995
139 42 4996
120 169 4997
186 185 4998
184 40 4999
41 99 5000
111 97 5001
58 143 5002
47 67 5003
97 136 5004
159 183 5005
124 9 5006
82 43 5007
190 187 5008
72 67 5009
103 127 5010
197 124 5011
170 18 5012
116 198 5013
61 100 5014
183 182 5015
116 126 5016
29 32 5017
61 5 5018
13 58 5019
87 67 5020
182 15 5021
95 198 5022
20 107 5023
141 188 5024
7 112 5025
14 58 5026
78 131 5027
190 75 5028
59 42 5029
79 86 5030
196 187 5031
1 151 5032
87 144 5033
134 127 5034
29 127 5035
17 60 5036
118 159 5037
40 106 5038
191 68 5039
2 65 5040
177 70 5041
61 47 5042
77 169 5043
16 171 5044
182 157 5045
167 34 5046
27 102 5047
4 26 5048
57 80 5049
74 17 5050
147 44 5051
53 22 5052
62 14 5053
111 16 5054
41 16 5055
32 71 5056
51 149 5057
80 190 5058
136 132 5059
139 72 5060
98 124 5061
175 46 5062
23 7 5063
7 58 5064
1 37 5065
31 155 5066
179 6 5067
168 157 5068
164 174 5069
117 140 5070
144 21 5071
36 130 5072
55 69 5073
168 98 5074
183 46 5075
55 144 5076
168 113 5077
118 9 5078
21 34 5079
173 109 5080
52 19 5081
191 55 5082
149 2 5083
63 155 5084
72 47 5085
149 144 5086
54 93 5087
119 192 5088
14 17 5089
115 183 5090
88 13 5091
130 73 5092
172 100 5093
148 197 5094
177 62 5095
163 25 5096
33 41 5097
51 143 5098
134 53 5099
58 109 5100
110 155 5101
81 123 5102
19 186 5103
158 59 5104
126 164 5105
58 132 5106
74 130 5107
44 37 5108
114 145 5109
139 190 5110
112 169 5111
32 195 5112
161 53 5113
172 19 5114
9 1 5115
186 182 5116
170 117 5117
145 195 5118
180 128 5119
157 92 5120
32 7 5121
91 128 5122
84 134 5123
134 71 5124
65 198 5125
151 99 5126
155 52 5127
58 168 5128
159 2 5129
62 175 5130
35 179 5131
24 137 5132
39 50 5133
143 99 5134
9 170 5135
22 133 5136
78 188 5137
87 80 5138
143 139 5139
56 62 5140
104 149 5141
80 134 5142
58 161 5143
94 129 5144
129 198 5145
73 102 5146
105 128 5147
45 31 5148
180 84 5149
172 197 5150
175 82 5151
93 100 5152
24 19 5153
10 149 5154
156 52 5155
122 185 5156
23 78 5157
141 12 5158
60 192 5159
198 1 5160
108 176 5161
158 108 5162
149 195 5163
6 159 5164
176 78 5165
152 162 5166
176 130 5167
23 12 5168
199 6 5169
62 140 5170
149 138 5171
33 187 5172
103 57 5173
66 147 5174
123 112 5175
42 81 5176
14 37 5177
121 69 5178
74 62 5179
73 150 5180
148 46 5181
73 7 5182
37 125 5183
196 37 5184
22 61 5185
147 132 5186
51 56 5187
167 116 5188
120 142 5189
22 68 5190
1 129 5191
9 134 5192
58 24 5193
163 125 5194
31 52 5195
71 89 5196
44 195 5197
143 93 5198
82 157 5199
165 145 5200
104 34 5201
82 199 5202
90 140 5203
36 63 5204
55 8 5205
157 60 5206
115 128 5207
188 32 5208
71 48 5209
166 132 5210
200 129 5211
194 120 5212
149 12 5213
94 154 5214
5 41 5215
151 121 5216
95 143 5217
32 164 5218
167 68 5219
165 108 5220
144 164 5221
184 179 5222
158 4 5223
110 196 5224
168 50 5225
161 170 5226
48 196 5227
117 96 5228
79 128 5229
52 150 5230
89 40 5231
107 11 5232
1 143 5233
128 151 5234
166 41 5235
125 10 5236
165 183 5237
18 65 5238
19 11 5239
9 150 5240
107 2 5241
41 40 5242
150 58 5243
147 182 5244
95 83 5245
112 110 5246
199 142 5247
67 29 5248
9 92 5249
90 105 5250
155 83 5251
184 161 5252
165 14 5253
34 142 5254
155 139 5255
119 124 5256
118 125 5257
64 185 5258
170 136 5259
27 182 5260
191 141 5261
50 158 5262
117 12 5263
94 159 5264
133 191 5265
101 76 5266
106 126 5267
34 181 5268
114 85 5269
182 178 5270
34 159 5271
2 36 5272
33 14 5273
140 13 5274
168 45 5275
126 52 5276
154 198 5277
88 67 5278
75 10 5279
48 17 5280
140 34 5281
5 50 5282
16 85 5283
45 138 5284
149 126 5285
91 165 5286
124 190 5287
85 80 5288
24 181 5289
12 169 5290
153 32 5291
87 138 5292
119 96 5293
175 120 5294
45 58 5295
104 156 5296
150 45 5297
141 166 5298
143 131 5299
89 116 5300
185 110 5301
83 117 5302
17 25 5303
176 51 5304
153 133 5305
158 30 5306
101 115 5307
186 147 5308
33 80 5309
53 157 5310
51 49 5311
167 25 5312
63 154 5313
200 106 5314
29 79 5315
174 150 5316
54 3 5317
112 93 5318
33 11 5319
58 6 5320
141 171 5321
14 36 5322
17 50 5323
73 149 5324
30 55 5325
70 17 5326
24 183 5327
78 123 5328
125 7 5329
183 79 5330
37 134 5331
51 45 5332
74 36 5333
43 7 5334
15 114 5335
139 152 5336
33 100 5337
79 97 5338
81 57 5339
51 74 5340
150 125 5341
112 147 5342
92 111 5343
28 105 5344
31 158 5345
110 128 5346
38 90 5347
83 14 5348
91 57 5349
82 178 5350
190 185 5351
15 158 5352
197 60 5353
121 51 5354
19 43 5355
154 27 5356
4 107 5357
74 104 5358
156 114 5359
4 17 5360
160 174 5361
122 156 5362
62 20 5363
104 110 5364
101 199 5365
37 5 5366
115 146 5367
110 87 5368
67 6 5369
63 83 5370
48 14 5371
127 108 5372
54 137 5373
160 46 5374
192 9 5375
168 128 5376
141 125 5377
196 9 5378
73 129 5379
134 95 5380
189 184 5381
29 124 5382
67 35 5383
193 6 5384
113 92 5385
41 52 5386
93 82 5387
192 46 5388
107 130 5389
33 152 5390
70 8 5391
143 184 5392
199 157 5393
24 90 5394
52 8 5395
35 30 5396
18 7 5397
187 92 5398
151 140 5399
197 58 5400
86 128 5401
26 137 5402
20 165 5403
168 46 5404
112 87 5405
196 129 5406
42 32 5407
187 93 5408
158 130 5409
125 176 5410
159 126 5411
140 177 5412
18 40 5413
34 135 5414
171 28 5415
185 188 5416
198 89 5417
127 121 5418
9 46 5419
197 152 5420
92 21 5421
124 130 5422
150 170 5423
184 68 5424
50 66 5425
63 11 5426
105 83 5427
34 185 5428
168 57 5429
38 29 5430
9 110 5431
86 31 5432
84 188 5433
109 100 5434
143 81 5435
79 15 5436
74 177 5437
98 91 5438
97 129 5439
109 46 5440
108 119 5441
140 109 5442
185 86 5443
20 139 5444
131 169 5445
198 169 5446
132 137 5447
187 108 5448
186 58 5449
96 95 5450
116 171 5451
172 176 5452
91 198 5453
67 82 5454
139 60 5455
152 184 5456
166 23 5457
100 70 5458
138 111 5459
2 28 5460
124 176 5461
28 114 5462
139 126 5463
54 39 5464
13 60 5465
165 113 5466
88 80 5467
79 114 5468
199 172 5469
151 5 5470
21 11 5471
98 142 5472
9 94 5473
119 136 5474
169 94 5475
81 156 5476
130 68 5477
37 123 5478
108 184 5479
140 193 5480
117 75 5481
88 128 5482
200 49 5483
178 100 5484
181 86 5485
53 18 5486
69 4 5487
35 13 5488
117 87 5489
144 51 5490
44 113 5491
79 177 5492
198 23 5493
73 131 5494
10 166 5495
144 28 5496
54 106 5497
146 127 5498
50 42 5499
144 12 5500
36 59 5501
188 34 5502
119 166 5503
119 107 5504
129 167 5505
147 169 5506
114 36 5507
180 80 5508
63 120 5509
145 3 5510
56 146 5511
117 86 5512
50 165 5513
108 32 5514
100 101 5515
64 182 5516
55 172 5517
71 112 5518
95 182 5519
147 103 5520
132 88 5521
48 177 5522
14 152 5523
145 43 5524
150 98 5525
60 27 5526
100 44 5527
77 177 5528
146 21 5529
123 88 5530
24 170 5531
59 131 5532
176 129 5533
12 72 5534
13 151 5535
135 170 5536
95 23 5537
171 13 5538
28 6 5539
104 23 5540
110 12 5541
86 25 5542
85 149 5543
67 38 5544
100 17 5545
53 120 5546
83 92 5547
80 166 5548
140 108 5549
51 163 5550
177 189 5551
68 164 5552
66 60 5553
22 10 5554
76 56 5555
155 196 5556
8 158 5557
196 102 5558
103 66 5559
37 139 5560
173 106 5561
186 23 5562
195 150 5563
17 99 5564
26 142 5565
58 78 5566
90 197 5567
43 184 5568
86 87 5569
165 90 5570
93 176 5571
189 162 5572
5 123 5573
96 141 5574
131 41 5575
91 27 5576
75 6 5577
4 159 5578
82 120 5579
91 155 5580
143 39 5581
184 32 5582
101 126 5583
106 63 5584
172 185 5585
185 26 5586
3 28 5587
162 175 5588
65 167 5589
22 55 5590
61 28 5591
47 13 5592
18 141 5593
178 116 5594
123 162 5595
62 53 5596
154 18 5597
55 3 5598
126 193 5599
78 172 5600
148 32 5601
144 194 5602
105 195 5603
70 164 5604
100 4 5605
20 25 5606
105 112 5607
107 117 5608
194 85 5609
123 109 5610
145 65 5611
200 174 5612
176 180 5613
1 161 5614
79 130 5615
91 71 5616
154 100 5617
24 95 5618
186 158 5619
124 92 5620
144 173 5621
124 186 5622
191 200 5623
36 8 5624
124 24 5625
76 179 5626
162 178 5627
45 185 5628
161 105 5629
44 92 5630
98 166 5631
107 113 5632
61 166 5633
164 168 5634
102 63 5635
52 92 5636
161 118 5637
58 175 5638
161 81 5639
33 92 5640
61 147 5641
190 149 5642
177 185 5643
180 199 5644
72 153 5645
199 81 5646
11 61 5647
15 69 5648
190 101 5649
32 113 5650
146 187 5651
126 142 5652
98 190 5653
45 112 5654
58 107 5655
74 18 5656
135 20 5657
57 196 5658
125 183 5659
126 22 5660
195 89 5661
56 123 5662
33 120 5663
196 88 5664
95 79 5665
115 70 5666
83 120 5667
120 104 5668
85 135 5669
14 187 5670
160 113 5671
137 158 5672
89 84 5673
169 6 5674
154 36 5675
54 166 5676
7 176 5677
189 165 5678
6 29 5679
100 106 5680
31 145 5681
10 64 5682
19 67 5683
8 79 5684
5 10 5685
2 32 5686
154 66 5687
52 33 5688
180 162 5689
55 31 5690
139 178 5691
85 107 5692
13 139 5693
22 56 5694
100 105 5695
4 62 5696
132 64 5697
158 70 5698
3 107 5699
33 17 5700
82 141 5701
158 22 5702
125 38 5703
146 185 5704
127 1 5705
98 76 5706
95 44 5707
73 79 5708
63 47 5709
199 31 5710
199 53 5711
44 135 5712
161 23 5713
101 105 5714
59 157 5715
155 129 5716
142 165 5717
78 162 5718
57 191 5719
131 27 5720
183 59 5721
100 144 5722
28 127 5723
140 81 5724
85 76 5725
49 133 5726
143 57 5727
38 86 5728
7 70 5729
50 27 5730
154 144 5731
104 66 5732
96 22 5733
121 25 5734
190 191 5735
47 105 5736
22 120 5737
18 193 5738
125 14 5739
35 48 5740
46 36 5741
119 178 5742
80 103 5743
95 174 5744
155 120 5745
125 170 5746
161 61 5747
182 127 5748
137 107 5749
155 92 5750
105 8 5751
150 138 5752
141 68 5753
182 184 5754
19 101 5755
7 155 5756
133 89 5757
103 1 5758
24 119 5759
148 153 5760
153 104 5761
53 169 5762
93 148 5763
50 7 5764
46 147 5765
113 70 5766
94 38 5767
194 119 5768
81 44 5769
13 41 5770
146 143 5771
176 183 5772
192 53 5773
117 145 5774
29 177 5775
51 156 5776
34 64 5777
197 10 5778
148 62 5779
95 129 5780
61 51 5781
155 200 5782
160 67 5783
9 198 5784
155 122 5785
115 77 5786
140 78 5787
177 85 5788
59 121 5789
63 197 5790
5 179 5791
48 171 5792
8 154 5793
130 30 5794
163 170 5795
156 185 5796
29 113 5797
200 153 5798
59 38 5799
65 72 5800
60 137 5801
40 154 5802
113 140 5803
198 17 5804
5 127 5805
153 78 5806
101 5 5807
11 109 5808
91 80 5809
148 73 5810
84 165 5811
99 23 5812
82 146 5813
55 158 5814
165 100 5815
179 186 5816
168 135 5817
73 123 5818
31 198 5819
174 115 5820
140 164 5821
68 67 5822
8 92 5823
191 64 5824
28 141 5825
139 69 5826
178 57 5827
194 103 5828
174 31 5829
139 116 5830
76 135 5831
48 175 5832
200 185 5833
64 148 5834
32 63 5835
155 44 5836
25 100 5837
113 177 5838
80 124 5839
132 105 5840
159 143 5841
174 129 5842
138 171 5843
147 35 5844
92 137 5845
79 136 5846
69 20 5847
82 115 5848
79 85 5849
200 122 5850
60 134 5851
189 118 5852
32 12 5853
125 110 5854
144 83 5855
143 129 5856
190 61 5857
93 149 5858
143 90 5859
24 13 5860
154 181 5861
119 177 5862
175 15 5863
48 193 5864
2 130 5865
20 113 5866
126 3 5867
43 69 5868
13 149 5869
54 134 5870
84 146 5871
59 89 5872
198 131 5873
173 181 5874
60 10 5875
168 27 5876
55 156 5877
121 81 5878
6 197 5879
196 143 5880
52 165 5881
18 77 5882
89 121 5883
38 18 5884
66 102 5885
126 125 5886
165 54 5887
101 141 5888
137 73 5889
75 15 5890
36 85 5891
18 102 5892
55 142 5893
155 187 5894
176 15 5895
154 164 5896
121 108 5897
136 150 5898
32 47 5899
174 184 5900
80 181 5901
23 5 5902
183 86 5903
64 96 5904
3 180 5905
119 12 5906
104 92 5907
99 113 5908
177 138 5909
77 176 5910
80 19 5911
138 92 5912
121 91 5913
125 96 5914
156 146 5915
158 60 5916
180 186 5917
168 187 5918
131 186 5919
168 93 5920
114 33 5921
135 141 5922
9 36 5923
64 113 5924
86 155 5925
77 6 5926
28 124 5927
183 131 5928
17 155 5929
61 74 5930
135 47 5931
121 52 5932
87 111 5933
40 64 5934
52 59 5935
135 13 5936
111 95 5937
5 34 5938
70 120 5939
72 77 5940
144 172 5941
146 52 5942
1 46 5943
10 184 5944
28 188 5945
22 64 5946
167 159 5947
191 95 5948
22 31 5949
157 80 5950
41 170 5951
155 181 5952
90 192 5953
134 66 5954
17 37 5955
5 16 5956
117 77 5957
6 69 5958
151 120 5959
47 78 5960
114 175 5961
45 182 5962
145 55 5963
152 157 5964
10 167 5965
41 43 5966
120 81 5967
197 5 5968
136 100 5969
165 24 5970
29 36 5971
33 39 5972
1 183 5973
188 80 5974
63 69 5975
200 48 5976
27 68 5977
99 52 5978
30 20 5979
81 59 5980
131 40 5981
124 14 5982
124 54 5983
105 63 5984
50 191 5985
164 114 5986
10 173 5987
165 16 5988
175 19 5989
31 87 5990
51 180 5991
178 150 5992
14 189 5993
177 20 5994
128 161 5995
15 117 5996
59 152 5997
121 183 5998
32 154 5999
178 173 6000
182 171 6001
164 67 6002
164 142 6003
28 98 6004
53 171 6005
36 125 6006
88 184 6007
180 148 6008
67 63 6009
163 194 6010
153 13 6011
199 125 6012
2 184 6013
97 11 6014
54 127 6015
156 66 6016
101 177 6017
185 111 6018
101 120 6019
82 109 6020
13 84 6021
25 114 6022
198 170 6023
71 100 6024
187 171 6025
148 71 6026
43 35 6027
108 169 6028
44 116 6029
53 129 6030
66 112 6031
66 172 6032
178 147 6033
47 102 6034
14 92 6035
27 64 6036
184 89 6037
173 44 6038
135 131 6039
58 97 6040
150 130 6041
170 129 6042
50 30 6043
195 136 6044
89 69 6045
99 193 6046
190 184 6047
4 164 6048
88 135 6049
198 149 6050
98 51 6051
78 74 6052
139 104 6053
49 73 6054
171 158 6055
128 106 6056
66 192 6057
6 71 6058
137 101 6059
159 141 6060
150 143 6061
48 132 6062
70 150 6063
58 130 6064
29 172 6065
3 185 6066
126 158 6067
50 15 6068
161 104 6069
157 51 6070
99 181 6071
163 63 6072
91 77 6073
80 35 6074
41 87 6075
154 172 6076
15 153 6077
49 149 6078
127 149 6079
176 14 6080
197 40 6081
73 98 6082
148 128 6083
143 17 6084
171 45 6085
107 16 6086
132 107 6087
6 82 6088
93 32 6089
159 76 6090
68 101 6091
122 108 6092
74 45 6093
5 78 6094
60 81 6095
70 77 6096
34 4 6097
177 5 6098
84 158 6099
186 148 6100
