200 200 200
138 113 1
20 99 2
103 152 3
129 72 4
183 12 5
51 180 6
13 123 7
193 185 8
113 57 9
18 105 10
3 131 11
105 171 12
59 13 13
161 197 14
10 68 15
30 118 16
180 55 17
133 95 18
119 116 19
170 25 20
51 46 21
134 167 22
100 176 23
106 137 24
47 96 25
162 97 26
198 71 27
193 38 28
20 174 29
95 50 30
147 37 31
95 115 32
95 186 33
34 33 34
91 141 35
65 135 36
83 102 37
133 20 38
19 158 39
151 84 40
198 82 41
170 177 42
139 178 43
95 35 44
196 67 45
66 164 46
133 15 47
78 136 48
72 9 49
78 80 50
5 14 51
166 111 52
134 183 53
98 175 54
71 125 55
163 87 56
65 51 57
171 61 58
6 101 59
135 191 60
132 44 61
18 198 62
193 110 63
109 43 64
105 36 65
91 140 66
105 100 67
190 17 68
124 70 69
78 163 70
5 155 71
18 5 72
62 27 73
170 194 74
146 10 75
65 78 76
55 28 77
130 126 78
193 29 79
33 189 80
103 169 81
191 127 82
18 107 83
130 45 84
16 182 85
197 144 86
111 62 87
133 31 88
196 98 89
59 179 90
160 159 91
113 200 92
196 134 93
185 108 94
44 1 95
13 151 96
87 6 97
130 114 98
157 121 99
133 170 100
36 157 101
138 39 102
10 165 103
87 117 104
71 3 105
81 145 106
47 52 107
133 139 108
3 184 109
18 133 110
20 90 111
107 73 112
67 34 113
78 23 114
121 143 115
51 21 116
158 130 117
175 53 118
28 153 119
86 56 120
153 104 121
128 148 122
22 32 123
195 11 124
122 30 125
133 162 126
164 40 127
83 188 128
96 75 129
6 26 130
36 129 131
18 147 132
82 94 133
184 87 134
67 58 135
51 122 136
26 48 137
132 91 138
38 22 139
36 47 140
23 79 141
193 195 142
163 106 143
125 64 144
147 92 145
13 7 146
44 181 147
3 154 148
166 190 149
19 76 150
14 150 151
62 128 152
36 16 153
71 196 154
121 119 155
162 81 156
174 8 157
178 187 158
5 93 159
18 42 160
158 193 161
103 109 162
36 63 163
74 24 164
139 88 165
28 2 166
13 199 167
124 166 168
120 49 169
162 138 170
162 65 171
62 112 172
198 142 173
141 86 174
199 69 175
122 172 176
78 19 177
162 103 178
125 54 179
119 41 180
146 149 181
182 60 182
190 132 183
82 156 184
162 74 185
138 4 186
34 83 187
128 66 188
162 120 189
26 173 190
73 85 191
120 161 192
165 168 193
123 89 194
5 124 195
154 77 196
193 146 197
115 160 198
10 192 199
198 59 200
