100 100
5 90 76 52 60 75 53 86 19 78 94 85 39 64 3 5 22 77 49 56 44 65 55 53 92 81 70 32 5 91 32 89 69 15 4 97 52 96 21 12 49 71 4 83 80 11 16 98 76 67 32 22 1 51 79 71 30 41 2 24 74 54 62 58 98 23 82 56 15 84 55 44 93 18 55 34 49 2 59 51 67 41 42 2 72 69 11 95 73 1 87 29 85 57 81 33 83 73 49 46
33 72 26 65 50 88 75 64 95 23 25 84 73 31 71 42 4 99 47 37 28 58 58 24 32 30 63 69 20 56 78 50 13 65 83 14 63 70 14 78 40 46 6 34 50 2 17 12 65 83 54 76 83 30 38 21 87 36 39 62 58 46 87 77 45 20 15 20 73 22 92 30 55 76 21 39 62 27 18 51 6 72 23 11 27 99 86 67 60 38 32 72 48 66 72 16 49 11 23 66
38 83 84 88 52 5 67 23 23 23 74 45 28 10 57 45 63 13 50 15 15 100 34 5 35 35 42 17 40 41 26 6 78 54 53 90 35 4 62 10 32 19 64 100 65 44 73 73 15 21 53 35 90 45 78 57 77 96 63 79 33 24 48 2 31 92 60 27 51 25 56 80 9 35 60 88 11 12 75 52 93 19 25 48 35 12 17 44 57 52 81 74 89 71 68 72 62 45 52 10
24 87 75 18 24 69 57 87 43 77 30 89 96 16 28 63 94 74 49 22 89 42 16 71 22 27 46 95 90 86 88 37 92 57 91 42 77 76 65 94 83 21 72 63 38 68 81 22 65 4 8 25 40 73 68 29 26 84 15 50 66 23 88 33 17 76 8 54 79 37 66 18 99 36 30 32 58 64 38 93 76 26 63 30 68 28 53 56 49 23 74 87 51 61 36 65 1 31 6 86
49 91 46 48 73 47 57 31 58 18 14 32 42 47 37 23 7 71 25 76 49 47 97 14 15 7 17 1 55 22 68 92 12 82 55 71 28 27 71 71 1 67 25 86 14 69 65 65 34 21 1 58 15 86 54 73 45 29 32 76 35 86 74 54 41 42 11 9 20 28 53 3 10 69 39 25 26 33 5 48 43 51 41 88 61 20 49 43 29 60 31 63 61 81 30 75 86 100 13 64
12 33 1 35 48 99 3 89 10 90 18 100 75 2 81 94 5 55 16 31 72 68 86 32 70 60 44 9 38 20 100 60 65 8 78 31 50 19 37 30 75 19 16 98 27 96 66 39 54 39 100 28 51 41 19 69 29 24 34 53 98 78 41 67 18 97 59 71 41 26 38 59 11 48 80 74 31 54 94 87 38 47 9 61 73 7 81 70 50 42 83 37 4 1 50 45 80 87 85 75
21 82 61 74 92 73 84 56 12 13 61 47 94 42 79 71 87 69 95 78 70 85 44 51 20 44 48 46 85 78 42 38 4 73 72 35 3 22 77 87 69 15 57 64 5 75 58 62 25 10 33 33 98 69 49 13 49 26 81 43 80 63 77 10 96 17 15 23 98 63 43 12 59 75 52 1 98 2 87 70 26 76 34 63 89 67 36 17 33 2 80 64 7 85 4 84 5 52 27 69
61 67 20 98 63 25 40 68 45 58 12 39 81 58 92 13 13 80 27 50 36 96 49 75 73 64 89 35 23 28 23 79 5 11 1 12 84 13 74 4 58 57 73 93 91 10 39 66 5 51 32 27 43 88 84 91 13 50 94 17 78 43 94 23 17 53 95 55 8 4 16 99 28 94 34 89 45 49 80 79 86 3 83 34 87 99 1 43 40 34 73 93 24 36 12 69 81 27 2 61
67 58 79 98 61 25 98 86 74 39 35 19 88 31 29 100 11 15 12 58 60 13 86 83 27 12 35 79 54 10 97 79 44 12 10 42 72 53 3 60 28 71 31 13 60 94 41 57 73 92 89 1 68 96 50 76 91 7 4 39 50 78 76 24 61 22 89 94 21 60 99 94 38 60 81 84 31 76 8 49 86 89 93 69 65 76 95 17 43 69 91 3 96 82 80 59 11 2 33 53
31 59 77 2 58 72 47 61 3 70 7 20 26 55 8 47 41 79 62 47 92 91 72 85 54 52 49 98 80 82 22 57 62 28 23 32 4 86 99 45 11 96 34 29 92 30 53 75 61 32 50 47 95 80 44 16 46 57 98 24 15 49 92 71 74 44 86 50 74 66 19 14 38 80 56 65 64 66 63 44 70 55 54 30 62 35 89 38 16 8 54 64 25 38 63 49 77 26 69 15
65 2 33 97 7 43 85 31 47 17 20 74 86 32 71 5 64 16 12 87 38 11 20 64 45 68 36 55 62 10 83 2 64 25 32 16 39 69 94 29 44 39 24 2 28 97 55 100 50 17 53 46 100 15 74 98 53 53 14 79 83 83 75 70 41 37 23 26 71 75 46 13 28 91 48 47 81 9 5 73 68 67 25 48 84 84 33 14 81 86 55 45 68 96 91 39 77 75 91 65
99 76 39 6 59 55 83 15 8 87 20 34 35 47 79 17 100 60 41 90 62 38 39 63 95 46 39 98 44 40 15 14 40 17 99 10 6 10 39 100 11 59 11 34 76 23 94 77 73 1 10 62 85 55 39 76 58 17 6 59 5 82 42 45 10 37 84 46 83 93 80 93 18 91 63 8 32 36 91 17 40 62 100 92 11 49 74 30 47 73 62 96 43 27 87 82 68 47 68 59
81 6 36 9 82 32 9 17 17 80 67 19 36 75 88 59 27 46 74 93 6 56 47 12 51 82 8 50 37 48 17 42 2 3 67 9 30 40 30 58 24 81 94 39 64 88 68 82 42 90 99 33 77 90 73 100 58 18 60 100 19 16 25 23 69 52 15 52 66 4 36 92 81 44 78 91 28 59 99 62 51 36 63 47 94 6 83 38 88 45 37 96 96 1 50 91 7 98 72 36
23 10 49 73 6 47 15 75 93 37 82 15 30 2 80 81 54 97 46 77 6 33 29 69 53 30 27 97 2 17 69 64 54 32 54 53 70 72 38 5 99 50 47 13 69 38 81 72 91 76 54 15 95 46 82 10 46 80 98 77 96 58 37 15 9 70 40 58 27 89 80 82 55 59 11 3 68 26 89 66 27 62 12 86 87 24 33 24 87 3 23 59 1 62 60 76 75 19 90 56
8 54 76 21 8 84 28 79 3 76 97 16 94 41 17 42 88 79 53 11 93 38 96 28 81 100 97 27 55 72 23 52 70 30 17 20 39 54 55 55 44 15 38 37 87 91 78 63 60 32 51 1 27 43 91 33 2 62 49 54 23 81 14 64 93 52 75 85 69 82 50 79 25 7 1 86 1 73 24 88 3 7 68 60 1 95 23 87 22 6 12 35 79 45 32 15 94 24 1 45
3 3 47 13 19 46 33 79 92 26 79 62 31 87 31 48 82 38 39 57 42 84 5 89 39 52 86 41 23 74 88 79 10 43 79 2 15 54 18 95 2 34 34 10 9 79 39 90 15 6 19 48 13 61 3 35 65 91 87 7 80 85 41 21 26 63 83 36 95 48 20 6 64 76 6 34 32 76 40 15 23 44 12 99 57 62 36 84 9 94 16 69 16 13 97 89 25 43 14 79
52 1 71 11 95 15 18 9 63 4 47 64 29 88 99 42 51 17 19 48 62 48 10 79 18 80 12 48 82 50 38 89 53 24 8 1 64 79 63 32 75 68 49 95 73 78 99 28 41 20 83 37 34 54 34 11 4 4 1 23 39 8 10 68 19 82 49 13 1 48 27 2 84 91 88 99 77 16 23 64 57 100 73 36 47 67 75 38 47 5 33 54 89 35 92 20 92 42 20 40
83 43 91 13 42 43 64 38 22 45 76 5 31 50 85 36 72 40 7 8 53 48 97 73 1 80 32 75 40 71 56 39 34 91 84 7 39 63 87 21 34 13 48 99 38 79 58 31 70 5 23 17 42 20 29 53 33 23 30 66 36 47 100 69 57 59 3 82 1 42 59 43 40 92 11 33 93 2 69 7 17 39 44 71 51 21 85 67 88 64 77 14 55 12 25 40 68 76 71 22
1 62 19 82 92 18 51 18 12 74 23 37 39 40 99 36 29 52 75 85 95 7 60 77 74 77 86 23 79 16 44 67 47 2 7 51 81 3 43 54 68 42 17 26 51 36 64 9 87 43 26 35 49 36 6 95 62 96 78 35 6 85 64 59 53 19 12 40 74 25 27 22 87 99 35 8 32 77 36 76 80 9 51 18 86 25 98 65 59 95 52 55 77 38 8 75 69 71 54 52
54 17 39 92 63 35 34 2 47 78 61 53 49 19 41 87 64 48 21 81 78 3 58 52 79 76 88 34 91 56 6 14 88 77 87 17 66 67 63 73 62 22 65 94 18 63 42 82 83 10 49 52 74 78 56 42 96 46 59 42 64 67 23 61 37 73 88 77 12 27 94 61 62 55 79 92 70 68 84 84 85 98 93 52 73 57 61 83 98 25 19 81 7 87 81 90 27 78 81 100
25 72 74 76 17 66 97 76 30 81 13 23 20 76 57 30 54 62 14 25 80 89 39 18 83 9 41 91 3 18 57 97 48 96 46 88 96 6 88 6 65 37 89 81 34 59 77 56 51 85 24 65 38 18 37 35 6 37 47 15 98 52 17 62 68 62 2 90 48 39 63 54 68 86 70 34 23 22 27 34 35 76 53 92 65 45 17 90 60 83 85 63 99 4 50 91 53 17 68 89
80 31 52 50 17 79 23 60 55 21 95 29 50 88 57 95 72 69 37 97 98 5 56 98 35 33 16 18 13 31 17 29 19 73 8 93 93 80 5 38 57 3 19 73 83 93 71 80 3 5 84 20 35 37 24 61 15 76 22 3 46 56 79 63 55 56 33 3 14 18 47 82 14 17 7 18 39 96 87 1 54 16 60 84 47 3 28 30 42 32 26 8 62 12 67 53 67 27 7 57
65 5 37 42 55 86 1 77 71 100 94 65 76 9 47 80 50 60 88 22 94 18 56 6 66 50 91 92 14 22 3 40 47 18 85 13 3 89 43 10 23 92 37 1 87 83 48 97 28 68 80 1 100 89 37 15 79 41 55 42 100 87 13 79 78 32 50 22 17 28 63 80 29 12 10 72 44 45 11 33 90 89 50 26 30 84 90 37 98 28 62 32 70 80 38 18 76 9 79 4
33 52 1 49 40 60 8 52 16 17 96 69 90 38 46 70 100 25 80 12 91 48 4 99 58 67 14 81 92 2 8 18 1 23 78 79 43 65 50 31 52 70 19 43 79 74 58 34 92 2 41 69 75 24 40 82 93 4 73 11 71 97 87 6 52 57 97 19 13 56 3 54 72 41 27 63 48 63 40 83 70 69 58 69 40 73 46 56 10 5 35 99 85 51 32 68 33 5 39 24
91 96 99 22 11 53 83 76 32 48 75 94 73 14 78 100 10 24 21 90 27 81 97 51 46 11 35 69 74 67 93 76 99 6 100 43 45 18 25 38 75 91 49 1 14 6 17 33 84 44 85 30 46 16 36 57 85 3 88 67 97 56 98 58 23 36 27 28 2 83 89 90 41 51 42 69 48 36 100 84 20 38 71 94 21 68 47 81 80 62 9 17 58 44 27 72 1 45 57 25
21 35 38 47 8 91 72 20 41 10 45 33 68 53 32 10 18 24 25 14 55 47 27 11 58 60 96 74 66 55 44 74 9 32 87 89 65 18 22 93 80 55 86 66 45 13 20 19 21 50 85 24 33 9 68 82 20 11 53 80 89 7 48 100 84 31 17 54 39 19 57 39 68 95 47 61 87 35 72 4 48 20 37 24 63 44 53 65 76 81 41 48 11 81 95 2 8 35 98 77
39 61 14 64 81 72 34 71 9 74 44 93 75 55 16 33 39 68 6 82 88 56 25 41 88 6 2 32 94 58 56 41 97 30 37 66 39 81 8 9 85 30 46 53 63 64 9 96 64 88 82 9 22 90 27 14 41 80 76 33 63 33 26 63 29 68 25 43 12 89 69 22 13 33 48 80 45 38 69 92 57 53 52 34 75 84 68 41 69 93 73 69 80 94 77 39 13 41 75 4
38 16 74 46 39 82 42 63 43 44 81 47 58 37 47 82 32 37 95 30 69 78 26 17 100 45 59 4 86 29 76 25 22 64 22 48 98 48 57 26 61 36 18 81 44 21 66 17 82 36 96 93 47 30 10 41 21 18 28 84 29 19 95 42 52 53 51 20 74 10 98 97 56 78 49 86 94 92 21 38 17 30 25 75 15 35 14 57 14 26 18 76 83 100 23 16 78 64 37 58
78 53 26 72 100 15 21 13 6 100 60 11 89 17 30 68 14 95 32 78 32 97 79 38 89 11 33 84 60 26 27 92 73 68 44 16 100 91 72 64 70 79 41 88 25 14 70 20 15 54 21 25 75 2 93 81 40 88 56 5 46 14 12 87 68 19 11 35 62 50 15 46 81 6 40 11 40 84 31 99 58 14 60 33 42 90 24 47 88 93 26 13 28 68 66 64 93 31 60 29
19 84 83 34 90 22 7 39 10 79 17 31 87 12 42 35 12 44 18 60 14 55 71 40 78 86 77 36 8 83 59 42 6 24 99 63 55 26 15 5 98 42 89 59 62 72 6 12 93 47 4 2 25 32 62 2 43 8 56 44 35 8 79 55 76 34 22 9 33 89 11 68 25 75 88 48 17 95 88 47 81 90 90 45 43 20 34 5 83 71 78 24 16 59 14 25 50 73 94 52
41 67 37 38 73 32 1 75 15 11 95 15 30 42 68 94 41 100 48 41 62 17 94 16 69 25 29 54 85 54 5 22 6 38 14 72 92 100 9 62 7 62 56 36 47 49 84 5 71 55 51 23 33 20 76 95 58 7 97 57 99 47 85 93 30 27 67 56 88 91 69 55 73 71 21 60 37 66 86 89 58 30 4 76 55 5 43 4 6 12 35 47 65 71 91 26 82 14 17 97
93 96 72 1 75 81 38 97 85 5 56 97 67 88 24 9 96 73 53 85 68 65 19 52 96 86 23 39 50 58 64 61 80 63 11 45 21 64 39 90 60 87 93 74 8 53 76 66 70 10 90 57 6 96 59 51 62 82 60 34 65 49 99 3 50 98 86 92 16 83 85 37 48 89 22 29 51 25 94 3 30 2 83 92 20 86 68 70 45 50 49 81 38 50 80 25 57 26 100 55
32 8 59 48 68 67 55 66 94 72 50 22 91 46 96 58 65 98 87 3 50 51 66 91 28 33 4 18 92 10 51 42 69 1 18 52 40 9 13 64 96 6 63 8 12 35 97 3 62 65 93 81 38 81 59 89 35 25 77 61 72 5 61 77 5 38 25 32 83 7 71 62 48 84 37 51 16 78 63 32 6 86 42 26 13 53 11 52 5 83 45 15 56 2 55 5 90 100 41 68
100 61 66 67 73 83 82 18 87 18 44 85 17 24 77 93 64 19 17 99 99 20 86 33 82 21 33 89 34 32 52 88 39 35 54 4 98 35 6 12 81 89 33 39 19 90 58 14 97 34 31 79 20 88 9 78 2 20 21 82 6 16 9 87 38 68 61 12 40 84 42 42 21 33 88 2 74 30 95 86 92 15 80 38 51 68 65 12 15 68 62 76 13 86 94 62 72 8 45 33
4 34 96 81 49 31 99 78 9 51 13 60 41 12 42 88 25 25 62 38 69 70 10 85 18 31 72 17 9 56 56 66 23 5 14 88 9 7 35 50 52 23 91 64 16 62 40 61 27 91 11 36 11 31 95 88 85 12 80 22 45 66 7 9 92 19 77 10 81 34 11 39 86 90 39 43 45 65 7 92 20 55 54 76 60 32 88 35 24 97 21 91 73 33 7 92 87 10 78 33
2 46 69 72 18 67 64 80 13 72 40 89 54 28 78 76 88 59 83 64 98 66 57 46 95 10 99 67 93 40 57 4 84 53 89 74 55 56 96 86 60 75 42 24 3 20 23 89 60 87 22 84 11 64 24 100 23 90 65 52 19 73 79 64 41 35 54 8 96 24 15 58 97 78 8 50 66 78 81 5 55 68 52 51 67 78 93 83 37 47 29 9 30 75 94 11 66 29 43 3
97 81 67 39 82 72 80 39 62 10 68 18 93 69 73 93 67 1 77 92 100 69 50 85 24 1 40 27 48 90 27 9 58 65 18 5 90 50 65 17 34 54 16 3 93 60 100 88 4 96 18 4 20 18 33 88 37 31 29 82 59 42 80 5 65 10 5 10 72 15 45 86 63 10 87 31 76 96 34 18 6 60 17 86 90 50 93 49 63 14 73 87 59 17 68 1 32 49 52 13
95 79 90 30 33 57 41 26 7 72 22 32 4 91 9 31 60 67 99 7 57 27 29 69 80 71 94 61 42 72 85 18 93 59 79 46 28 8 16 15 32 34 36 22 49 81 56 64 12 7 66 13 31 74 93 13 2 37 92 29 83 19 62 27 49 27 84 66 88 1 89 66 76 78 82 42 8 2 82 11 9 81 66 87 52 34 60 92 58 22 95 69 44 44 100 80 2 92 19 28
6 37 76 90 25 36 68 46 27 28 85 92 50 32 63 82 68 9 86 91 97 69 12 3 100 66 44 79 13 8 30 49 6 35 71 69 70 31 11 46 48 8 8 33 44 45 34 16 44 44 69 95 51 45 92 78 23 19 32 62 40 22 74 35 87 79 30 33 25 35 8 36 95 85 88 76 46 46 3 69 56 32 36 54 56 20 82 59 14 16 3 100 81 47 69 6 57 38 34 39
3 24 77 22 56 41 79 3 98 1 42 26 21 90 83 45 61 2 18 40 73 91 93 51 11 70 22 98 3 57 2 95 45 83 23 91 15 13 16 70 24 63 94 51 77 27 24 37 6 24 82 96 75 78 72 55 49 39 10 55 37 44 42 21 96 47 51 17 68 71 48 73 82 41 80 29 75 59 4 73 68 63 71 97 57 36 95 31 82 89 18 63 77 74 63 75 44 58 82 34
17 93 63 48 6 99 13 86 75 82 48 18 36 23 32 20 96 85 8 53 9 57 55 100 3 95 71 79 63 41 61 44 80 47 62 90 8 49 69 94 13 40 9 38 66 23 68 9 91 74 96 47 25 46 99 62 78 6 2 51 4 30 28 49 42 82 54 92 53 64 81 88 64 28 8 45 34 26 96 71 54 2 51 90 78 68 64 45 34 94 21 33 48 19 56 92 59 64 57 31
75 45 70 46 58 32 57 35 70 35 73 46 40 3 19 21 60 27 39 21 12 58 51 99 45 38 56 13 84 91 11 28 62 14 55 2 46 16 91 99 19 61 65 52 68 85 30 65 31 88 26 1 99 34 90 82 66 25 71 61 94 32 16 59 60 58 76 25 33 27 31 64 24 14 27 51 6 74 87 22 19 66 70 16 38 26 63 59 30 6 69 29 46 97 57 14 48 49 64 56
60 51 85 23 44 8 86 19 14 7 98 45 3 55 6 66 32 64 57 29 18 44 85 58 76 27 83 42 45 41 86 39 95 76 44 51 87 59 35 27 39 16 61 38 59 97 57 5 94 10 77 29 76 62 89 26 57 85 21 3 5 99 88 51 79 51 6 17 40 30 84 22 93 6 37 19 95 32 40 20 43 52 50 70 75 81 39 47 8 13 71 80 86 80 27 97 66 43 79 1
91 98 79 71 87 74 63 70 41 77 48 35 64 62 41 63 28 18 66 4 83 4 29 45 20 61 53 13 63 48 11 50 31 25 58 42 92 4 96 23 54 1 66 77 32 5 87 18 36 50 45 37 36 55 74 2 15 36 67 71 100 88 24 98 70 91 39 66 58 57 96 1 26 94 49 100 85 36 49 34 96 66 86 6 69 61 38 95 33 13 99 37 22 38 93 77 6 96 15 86
38 42 99 24 38 41 83 40 46 16 88 36 46 76 99 35 5 79 21 16 90 14 60 66 99 48 79 84 89 16 80 23 56 36 88 84 76 20 16 53 73 8 36 62 78 76 61 98 92 34 7 9 39 76 32 43 18 77 85 19 45 10 87 2 32 11 5 9 32 67 35 58 54 41 38 15 83 63 56 38 99 3 70 80 27 83 71 45 29 27 21 97 100 78 39 82 37 37 3 37
40 98 94 65 47 70 3 53 87 84 28 88 5 96 92 73 47 65 77 86 43 1 15 12 49 94 5 14 65 61 57 88 13 30 39 92 94 74 67 30 87 57 48 53 90 47 74 70 15 56 66 27 69 99 52 44 88 89 93 14 37 97 44 19 90 17 32 95 69 79 71 20 15 20 39 14 94 93 87 1 15 51 53 49 29 55 18 75 41 78 68 56 73 7 87 97 87 89 97 91
81 56 60 11 32 47 45 51 10 78 78 37 38 76 11 49 28 69 72 64 71 62 13 31 24 29 66 74 63 98 26 97 71 36 6 32 91 55 12 28 3 86 11 61 49 15 55 24 35 3 13 30 42 62 96 45 93 46 60 29 12 19 9 78 85 87 100 25 17 82 93 81 81 44 45 12 61 67 64 4 83 38 68 15 83 63 27 55 28 47 44 94 2 25 45 38 99 32 82 92
96 94 36 94 70 53 56 25 35 24 18 27 48 10 18 71 81 3 72 73 50 84 2 83 39 14 38 50 43 22 18 53 47 80 32 71 53 72 90 4 99 65 73 85 36 99 50 48 99 14 49 63 83 68 16 40 27 57 11 22 18 53 46 1 88 22 84 97 36 17 79 15 34 55 54 13 8 6 16 4 77 16 80 75 91 64 22 51 25 7 8 20 24 69 19 92 89 40 84 10
64 14 71 23 63 27 57 14 31 20 84 53 35 79 63 3 43 31 82 67 71 89 65 63 49 82 10 59 34 55 16 33 52 100 52 43 28 65 43 19 80 19 78 74 89 35 53 15 39 38 81 6 7 40 25 48 18 71 77 35 72 53 44 48 35 96 56 73 94 13 4 86 90 9 17 23 100 10 56 80 100 81 4 62 69 86 13 80 2 45 93 14 40 47 60 81 25 54 43 40
44 49 88 32 43 89 95 67 2 76 18 74 2 65 27 75 5 83 56 72 92 93 72 81 38 43 31 17 87 28 2 49 82 71 14 64 48 48 61 10 26 2 38 42 66 1 95 54 62 72 85 41 100 78 34 24 57 96 23 83 9 93 99 3 11 24 2 95 45 71 96 89 55 54 11 71 82 78 15 32 14 74 95 93 52 44 15 82 46 48 37 87 42 22 43 1 56 73 20 63
92 8 43 9 7 97 68 72 3 17 21 48 91 100 85 74 34 55 66 14 32 49 87 54 87 61 27 100 41 66 23 83 86 84 33 2 21 74 11 73 57 53 87 7 8 6 2 25 64 61 68 37 6 49 9 23 1 70 75 36 34 6 57 17 22 42 80 32 65 30 13 68 31 56 66 29 44 79 43 43 9 68 92 71 22 92 83 38 12 78 18 19 84 2 29 23 16 12 67 36
60 17 88 87 88 34 36 97 87 68 1 8 90 98 92 1 83 59 7 95 80 34 31 11 100 29 93 58 58 73 27 14 81 52 12 69 2 57 93 37 67 99 92 79 2 78 77 24 17 9 81 69 88 77 1 91 21 51 57 41 40 5 3 66 99 31 58 76 68 77 30 89 65 6 45 25 51 100 98 100 35 89 55 62 17 55 87 40 5 30 84 12 44 4 29 76 88 73 31 3
2 65 11 40 13 97 59 52 71 62 82 32 49 4 69 64 19 9 94 56 74 80 11 65 30 8 67 53 62 16 11 19 83 21 90 79 99 35 20 26 20 29 24 25 53 27 43 98 96 86 28 53 24 67 3 7 56 42 43 66 30 8 50 13 58 24 33 12 65 20 40 72 53 2 36 69 96 34 33 23 90 44 4 53 21 74 24 35 100 26 40 20 93 92 28 17 61 2 68 53
4 91 58 12 1 5 74 70 85 28 75 52 71 17 72 12 66 23 97 90 44 54 39 4 37 23 26 24 23 13 45 7 83 75 89 32 22 62 24 53 51 57 33 97 2 34 82 90 58 1 28 68 82 80 36 52 80 96 27 4 86 84 94 97 58 32 16 59 88 30 68 72 21 59 86 93 2 23 91 62 26 53 7 23 7 89 60 53 58 59 88 33 66 59 89 42 48 38 33 82
99 35 56 5 70 56 49 80 29 74 90 77 26 61 86 34 80 55 6 41 13 96 94 13 76 9 62 54 19 15 84 77 80 76 39 86 53 47 53 63 92 72 49 15 94 14 57 91 56 60 40 38 38 35 59 85 85 67 38 94 82 17 2 28 31 37 51 72 72 39 33 45 67 23 100 52 28 11 59 53 6 58 18 73 6 11 36 38 10 92 39 100 28 26 23 37 41 25 85 73
96 31 10 83 16 100 47 74 92 37 43 45 48 90 84 15 97 71 68 71 42 20 32 84 64 60 31 20 6 32 19 16 85 47 80 12 6 71 28 62 91 55 77 100 23 51 79 34 77 53 71 49 75 18 91 83 87 70 4 26 7 33 40 49 38 89 88 62 77 99 33 23 16 64 76 47 71 6 52 48 50 7 99 20 64 11 80 82 28 63 60 27 66 31 14 93 54 46 66 27
45 39 64 79 7 74 81 84 47 42 4 78 60 86 12 85 75 11 81 55 78 8 8 44 99 8 47 28 53 21 73 52 88 24 39 3 60 39 62 74 68 36 2 86 46 9 95 10 63 60 45 75 61 29 95 37 56 42 12 91 16 23 14 73 86 11 34 44 39 5 14 41 84 29 34 96 78 44 54 58 66 1 85 50 47 22 12 100 95 68 41 72 66 10 47 99 61 23 94 45
4 47 53 57 4 9 93 35 86 79 5 73 51 12 43 6 27 96 37 29 63 54 83 37 20 46 23 73 63 67 64 9 70 51 59 92 77 43 11 51 27 69 75 32 16 86 88 45 64 63 10 17 3 68 90 30 29 34 19 13 36 34 55 90 27 60 50 27 80 49 60 28 55 42 63 42 72 74 9 66 99 98 1 43 34 16 82 12 93 76 93 87 36 46 66 25 67 31 85 41
29 59 78 78 94 60 52 44 94 50 73 31 55 43 72 81 84 43 69 71 7 17 45 16 11 96 76 54 22 17 16 68 15 86 35 58 82 73 9 14 36 41 57 33 33 19 93 40 17 69 51 29 48 69 79 30 66 56 92 42 71 88 60 65 1 11 20 70 30 42 45 64 3 91 70 63 9 1 47 30 97 15 11 45 74 4 18 15 60 64 95 97 59 50 85 36 16 55 79 76
32 66 86 34 62 24 53 51 1 62 29 67 60 56 80 21 60 33 72 42 42 24 20 83 58 15 24 61 50 5 90 86 19 18 40 11 47 76 39 43 63 7 75 69 35 78 54 72 3 22 56 80 97 20 61 57 30 72 32 34 75 12 36 41 10 93 60 30 79 42 28 71 2 88 11 47 69 91 58 74 32 51 54 89 97 40 83 31 71 22 40 62 21 35 3 43 2 99 5 21
66 10 56 1 3 79 62 94 47 42 86 84 34 100 90 50 31 83 16 91 97 70 15 68 77 51 9 91 96 93 95 75 64 41 83 16 85 49 69 9 89 18 94 13 14 38 81 1 54 43 41 78 83 72 92 64 61 63 78 45 47 47 18 51 96 6 8 63 50 64 25 49 64 45 32 38 66 32 18 78 92 14 48 59 1 95 46 99 4 65 35 55 6 2 83 27 1 94 46 76
15 81 85 14 33 18 41 78 10 16 62 56 88 74 32 63 22 55 70 48 54 53 10 16 41 32 39 38 40 82 58 86 6 20 12 12 12 18 74 45 100 64 20 52 55 81 22 86 7 81 97 78 70 86 34 78 96 36 52 54 70 76 22 77 38 82 84 15 2 42 18 78 66 58 23 68 92 99 86 21 45 97 76 15 57 96 28 71 82 69 55 47 79 21 79 31 25 37 30 27
70 56 66 70 100 65 16 41 84 99 36 66 55 86 7 40 20 18 52 6 62 60 13 91 68 27 57 11 61 91 87 20 43 31 88 48 19 62 35 24 97 72 30 30 73 38 72 84 49 67 93 67 48 49 23 70 93 3 60 88 24 95 15 52 33 59 14 79 73 56 17 32 38 73 94 36 56 93 77 84 15 6 89 27 6 50 43 87 3 19 13 29 45 68 66 37 4 99 10 17
82 38 3 31 96 32 42 14 40 46 25 84 34 18 2 62 25 67 58 59 31 8 55 12 90 72 17 25 39 30 88 71 33 50 69 38 11 5 75 83 31 87 77 71 97 33 38 86 1 48 91 82 80 29 32 82 94 96 9 24 6 92 8 85 100 69 1 2 79 7 56 61 65 38 20 68 25 18 27 72 66 35 27 84 99 99 61 89 100 90 36 76 73 45 47 71 30 1 5 47
84 27 19 1 91 32 50 48 97 19 78 14 94 4 43 86 19 84 85 76 78 67 35 12 30 68 37 41 64 13 40 40 49 15 6 72 63 47 14 2 6 100 50 60 65 6 79 26 97 85 68 93 5 52 19 8 3 27 83 36 43 79 11 86 88 21 8 5 12 96 97 30 30 39 86 56 2 61 72 8 87 2 17 39 4 87 74 30 66 1 24 99 68 58 19 79 94 51 79 87
46 90 94 16 83 52 24 80 7 100 38 65 83 24 66 61 1 76 48 15 100 47 5 52 81 61 65 24 31 67 77 22 30 92 39 26 13 81 8 68 54 80 62 41 6 80 88 47 16 1 74 56 94 72 35 18 29 34 75 39 56 100 40 7 63 91 72 45 22 11 34 13 78 34 73 18 18 7 78 81 43 7 85 75 27 96 13 47 74 69 86 32 66 41 19 94 60 73 40 5
4 38 49 26 69 59 5 87 35 22 84 17 87 31 59 21 87 83 58 100 24 50 91 42 14 5 81 54 43 38 91 30 46 12 96 16 85 86 12 21 50 100 80 91 28 51 40 51 27 73 56 43 3 51 93 70 28 11 66 89 57 36 59 18 84 56 47 78 87 66 67 49 6 82 6 37 94 40 92 38 40 23 60 50 3 59 8 43 15 32 74 77 78 87 18 62 46 46 55 78
43 5 47 7 84 45 57 87 81 54 44 26 12 62 10 80 55 79 19 6 65 65 76 23 61 26 64 57 2 99 67 7 45 76 4 79 89 89 83 85 17 51 79 25 96 77 56 23 18 43 3 94 93 18 60 4 94 2 53 39 32 92 48 8 35 10 57 36 92 57 56 56 40 53 18 6 56 35 75 75 90 30 44 70 74 43 78 52 78 59 88 20 85 62 43 50 33 96 20 75
40 86 13 45 68 96 97 71 14 55 50 43 64 87 96 66 36 28 13 85 72 46 22 91 88 39 83 87 77 91 16 34 32 4 10 20 35 34 74 53 73 100 88 93 46 49 57 63 84 57 41 66 86 6 43 69 65 10 82 47 92 100 15 11 6 63 21 58 51 37 74 19 36 75 29 18 60 44 33 13 2 60 79 91 24 93 95 71 57 1 12 65 70 82 86 92 92 76 47 89
60 52 47 38 92 25 2 15 23 87 70 50 74 56 24 80 21 47 48 15 66 72 79 87 97 63 22 76 3 6 46 100 82 8 90 94 99 62 41 79 8 91 53 79 72 91 33 39 11 39 18 39 80 97 86 73 86 83 76 25 66 2 27 16 22 80 92 6 44 47 53 92 61 75 18 49 27 56 58 11 84 42 66 18 37 85 67 65 88 65 78 26 90 38 11 28 3 98 77 75
24 1 57 3 47 8 75 10 4 52 35 85 36 48 4 60 43 21 32 46 62 10 67 14 34 42 87 41 55 61 69 6 10 76 58 45 73 33 7 28 19 83 42 31 18 76 38 74 29 58 40 66 81 54 16 52 40 8 100 45 67 2 61 50 29 100 1 2 3 97 64 95 74 11 21 10 66 63 72 72 9 29 20 65 82 22 81 16 70 93 60 40 76 4 100 23 12 37 82 14
92 19 76 57 18 100 97 66 30 22 27 90 69 96 81 82 83 98 61 15 82 5 47 29 1 31 52 44 62 80 4 13 55 30 10 15 75 3 11 36 92 81 58 38 26 30 91 75 100 10 84 59 48 34 41 90 4 78 13 38 73 65 4 14 98 27 60 17 29 64 32 99 83 98 96 3 29 12 2 32 99 18 11 52 47 90 19 44 31 38 91 58 5 37 27 85 77 33 57 71
24 95 73 85 27 50 66 3 7 69 7 35 17 91 90 13 86 82 3 74 92 79 15 37 16 93 63 85 1 95 69 87 41 32 72 1 100 95 74 86 67 36 93 71 38 53 85 56 22 9 59 72 73 73 56 26 99 45 45 4 42 18 8 42 56 8 59 52 21 12 1 25 29 53 13 53 89 54 51 3 37 97 36 55 85 63 6 69 46 77 8 36 27 47 85 70 48 28 32 26
99 67 80 39 69 66 44 61 2 34 94 46 61 4 11 92 37 33 73 30 50 53 41 44 73 77 47 4 24 71 76 42 52 41 62 49 85 54 97 73 24 35 98 55 57 32 99 61 40 11 34 16 65 56 84 38 53 100 63 31 41 95 11 23 2 54 63 75 17 93 84 85 6 26 84 37 77 69 93 80 70 94 33 61 84 26 58 11 68 8 21 43 52 56 9 18 74 38 26 77
51 45 45 99 67 32 30 61 53 36 84 61 97 61 25 48 27 94 100 36 90 42 9 73 20 83 81 82 93 54 1 38 84 47 46 90 87 13 53 60 6 56 45 15 16 62 41 16 94 50 61 69 52 92 98 62 37 43 8 2 46 35 70 3 23 84 38 32 41 57 100 30 14 20 16 92 10 20 49 9 98 26 92 98 85 22 78 95 89 89 70 96 27 90 83 25 46 78 94 40
4 91 35 4 98 58 82 51 66 71 54 70 46 79 51 11 49 22 15 21 20 41 76 12 44 56 90 95 21 77 42 68 89 63 19 11 40 52 44 99 80 6 67 62 26 96 77 19 10 60 62 78 67 52 66 89 30 42 23 74 95 63 74 69 50 69 81 85 3 47 57 90 4 23 93 72 82 56 86 73 58 33 5 84 51 92 28 84 20 6 17 70 23 82 70 87 54 93 95 21
75 39 39 25 99 61 29 9 24 87 73 75 7 67 98 8 44 83 66 41 31 4 42 36 72 27 94 33 55 46 17 81 8 94 74 45 75 31 12 86 75 30 61 92 88 100 7 30 46 88 18 7 98 84 36 37 22 44 42 27 63 64 76 37 18 100 97 88 26 42 74 27 79 72 29 3 93 96 39 20 38 52 84 80 68 66 54 87 57 43 23 23 36 49 70 54 47 19 9 59
56 28 55 51 87 31 72 29 40 82 24 75 54 89 28 7 74 94 76 80 64 85 87 68 24 88 59 15 84 39 31 79 69 54 89 49 76 98 93 36 100 16 30 48 88 93 29 17 8 58 69 98 33 94 16 43 72 93 1 13 12 67 85 81 45 63 1 78 69 66 9 89 94 43 54 55 3 58 23 78 62 60 58 41 61 82 67 27 93 86 11 63 45 3 16 63 53 67 58 81
48 40 55 47 41 24 33 4 51 47 80 9 48 80 24 25 17 96 58 13 57 13 63 80 59 83 31 75 23 61 96 31 49 21 98 33 81 48 85 100 82 94 10 34 5 76 25 74 89 86 72 84 62 83 39 29 79 64 16 35 87 38 66 98 3 22 26 88 87 23 43 60 66 45 98 54 25 2 23 85 19 50 75 22 96 100 14 40 52 77 60 20 59 46 91 32 15 75 92 36
61 95 1 73 52 43 47 95 37 75 98 46 96 17 75 74 92 28 75 24 15 36 15 94 41 48 76 6 13 76 72 48 5 98 87 81 85 90 76 23 12 69 31 42 49 62 59 49 32 2 100 73 62 37 50 69 31 63 82 56 59 95 21 2 7 87 44 59 75 33 46 53 83 94 73 37 61 44 39 52 60 30 47 36 23 57 27 87 89 26 10 41 46 47 47 13 28 27 2 12
74 60 12 76 78 54 95 58 98 80 60 59 53 100 27 40 25 7 91 55 37 11 26 6 7 37 41 5 73 77 6 24 66 79 73 21 40 48 86 21 72 96 92 10 76 15 6 92 24 57 92 42 91 58 21 36 56 67 41 81 99 3 35 98 11 93 88 64 46 39 59 14 35 52 35 70 84 54 32 75 14 19 6 17 29 75 15 49 12 17 80 98 3 5 6 47 43 65 44 62
88 61 84 66 35 40 18 75 21 52 28 29 14 69 38 32 23 70 45 42 11 40 85 58 16 76 2 7 84 11 88 95 18 92 76 41 32 30 34 38 76 10 84 1 9 4 60 61 50 68 83 76 40 36 87 17 77 32 37 10 28 37 73 11 59 77 83 28 83 93 59 99 93 71 39 28 84 97 66 24 67 73 10 57 31 72 73 81 28 11 74 100 72 88 53 59 19 67 37 19
13 92 27 51 15 77 38 95 71 30 29 35 81 24 84 68 57 87 19 20 60 28 91 24 22 45 38 39 34 70 48 8 58 5 51 4 27 5 32 76 11 99 97 87 96 89 32 74 96 46 51 45 96 82 15 68 96 100 56 48 57 53 33 13 44 25 80 93 85 30 96 22 51 84 66 86 43 21 40 93 87 49 100 57 55 70 16 48 84 44 42 85 24 84 83 71 71 99 63 75
78 71 21 45 43 67 76 48 60 30 8 82 50 77 52 83 55 35 17 43 53 58 2 85 77 12 89 26 97 68 40 5 50 44 73 54 33 90 72 26 66 98 24 25 2 15 46 24 50 54 32 87 31 19 29 46 90 39 86 25 14 6 93 39 15 17 99 62 11 95 41 52 56 54 69 40 35 98 74 44 40 24 38 28 62 93 86 19 29 81 89 87 88 73 42 43 80 74 96 38
73 26 77 60 47 53 54 41 44 86 98 12 70 28 14 66 94 67 18 97 39 5 88 73 18 18 39 100 67 14 61 95 83 95 69 86 48 1 17 82 91 82 74 26 61 93 30 8 95 37 95 84 2 23 18 51 58 58 59 46 8 50 8 20 59 55 59 64 53 86 19 27 1 7 55 44 41 42 85 71 39 98 21 67 1 28 83 3 72 33 9 85 22 73 38 25 1 88 6 90
22 76 44 7 64 27 59 56 56 18 21 49 80 63 42 16 36 53 15 33 90 21 67 22 80 73 53 32 94 90 81 44 22 13 74 18 92 39 33 41 26 77 3 73 28 13 98 70 52 9 38 58 11 4 76 50 59 55 37 42 99 53 84 34 93 53 24 43 92 76 77 72 84 47 70 35 24 76 72 80 54 12 65 79 47 38 2 95 90 32 16 44 83 68 87 91 94 16 89 11
97 50 16 23 30 68 42 80 85 46 7 17 44 75 86 37 68 10 64 11 94 61 49 59 90 18 50 43 34 75 1 75 88 58 46 48 27 21 81 57 24 97 77 22 58 35 5 86 22 85 85 69 80 54 55 9 31 72 81 43 95 63 57 94 27 70 37 56 80 59 93 19 4 17 21 69 9 17 81 87 90 62 19 42 74 87 63 97 48 80 50 35 77 14 95 38 62 61 94 13
36 19 29 46 63 5 26 87 34 76 60 92 1 16 9 82 68 6 41 81 87 15 18 44 25 97 42 10 67 98 45 34 97 35 67 65 5 57 6 55 92 30 3 99 87 63 9 96 47 70 90 10 59 14 18 67 34 34 89 41 58 81 78 5 20 45 34 70 88 39 30 81 27 63 70 98 85 59 11 60 21 96 6 35 93 35 14 21 96 22 39 67 51 69 97 7 68 33 20 76
7 45 2 9 61 95 41 30 89 65 5 49 77 19 97 99 29 37 64 92 74 89 66 1 59 76 27 28 8 86 51 66 29 45 97 13 98 36 95 91 13 70 75 82 8 72 11 9 52 31 39 36 25 96 77 40 52 8 12 63 94 56 62 73 5 39 38 90 53 66 46 11 31 99 68 30 96 20 35 82 87 24 3 54 59 6 19 5 25 94 79 98 18 60 34 22 12 49 77 6
95 17 76 68 20 54 4 4 53 6 29 17 59 57 40 62 9 84 76 50 28 48 75 84 44 84 56 43 76 40 16 97 73 12 51 88 41 93 42 9 7 38 96 94 56 60 78 87 42 6 11 48 6 71 99 62 75 87 4 10 86 46 38 63 60 15 99 23 18 43 52 34 60 27 83 95 45 51 46 1 40 38 96 74 90 86 66 67 41 17 16 66 80 90 21 56 29 30 84 56
98 22 23 74 65 16 53 73 41 38 30 49 94 48 87 40 33 24 87 67 99 43 60 25 71 15 1 43 20 10 92 47 66 88 64 81 70 65 100 17 97 55 33 49 53 74 40 41 66 6 58 74 79 10 43 88 85 19 6 22 53 87 77 67 23 50 44 13 63 40 50 10 59 42 47 100 60 30 82 21 88 79 8 41 60 74 38 2 16 95 83 92 81 61 58 36 54 67 3 25
63 11 33 35 86 19 100 82 4 54 42 43 77 77 45 31 49 55 74 15 65 54 65 7 73 20 18 74 18 72 67 16 42 27 79 18 3 33 35 37 88 44 60 22 13 77 59 3 41 36 15 14 89 33 71 15 33 72 6 44 87 41 38 3 60 80 18 82 69 3 98 47 65 95 17 72 15 24 59 15 54 23 20 18 32 83 51 39 87 51 58 65 33 69 62 58 29 2 41 84
9 16 34 67 68 89 65 54 20 25 81 81 38 57 37 73 86 83 100 88 31 34 79 33 27 17 90 49 4 31 79 48 4 79 34 56 28 71 27 70 86 80 12 68 48 61 62 56 60 37 37 93 73 71 90 68 33 56 25 17 70 74 94 27 42 38 3 76 1 76 81 8 18 79 18 51 39 74 94 44 35 42 19 34 23 32 38 24 51 22 18 39 28 26 49 92 42 90 21 15
9 35 63 94 17 30 42 91 89 89 4 16 42 76 66 95 13 6 11 97 77 39 49 61 37 86 88 11 94 54 62 98 6 3 11 65 92 44 81 22 43 65 65 51 90 42 77 82 100 20 24 17 8 51 33 79 80 85 83 77 57 89 45 25 85 27 32 12 27 85 87 73 42 19 80 14 17 27 87 96 68 71 72 68 67 45 46 66 72 69 33 75 88 92 51 18 3 85 32 73
29 77 27 90 10 9 30 70 7 60 85 53 38 70 6 27 63 36 18 46 12 2 75 77 35 70 40 44 46 1 3 99 91 48 42 79 62 37 1 29 82 43 73 71 35 96 53 98 99 11 94 46 13 26 40 60 90 70 43 37 79 56 67 50 61 2 100 42 33 20 75 92 2 19 29 65 55 69 21 34 40 24 85 42 76 38 56 76 74 3 27 97 25 76 10 96 35 96 90 22
79 32 54 46 91 84 27 58 28 76 43 22 51 30 19 90 26 92 60 75 36 72 98 61 100 2 64 99 79 66 89 47 40 31 71 39 42 64 59 69 56 69 73 19 98 27 26 22 92 57 51 44 6 2 23 46 21 74 83 16 23 18 56 89 55 80 46 79 47 79 37 84 80 96 50 49 70 44 68 2 44 51 10 68 72 15 46 32 50 91 93 81 96 2 9 83 77 47 36 45
17 3 17 6 28 36 26 5 36 63 11 44 81 94 32 43 60 30 98 67 76 61 85 46 60 31 50 88 73 47 96 28 50 15 4 4 62 24 80 99 18 4 20 30 100 100 46 34 98 1 63 56 28 12 99 65 83 34 32 34 89 57 46 98 42 13 24 45 74 68 89 71 63 67 100 80 41 2 82 46 86 17 78 76 51 43 84 84 14 92 64 37 71 14 32 88 89 99 42 99
35 7 72 69 9 99 31 41 93 80 29 92 17 74 16 64 20 96 25 30 29 27 57 33 50 8 9 2 90 41 58 60 69 10 88 52 71 81 50 37 69 65 23 61 95 14 36 39 45 84 81 66 29 33 90 16 30 80 13 95 21 95 87 66 9 2 46 97 33 50 17 71 79 60 47 67 39 67 91 52 58 12 94 15 90 99 41 95 31 41 41 7 51 88 23 96 42 82 69 16
12 11 3 44 47 89 21 65 72 12 89 86 90 93 45 59 4 70 88 24 94 13 32 86 35 4 77 44 4 76 71 94 87 61 30 56 29 100 76 78 54 91 59 80 22 52 43 26 9 79 89 8 50 17 36 10 8 37 68 21 24 52 43 7 61 10 3 59 38 19 73 54 33 86 42 45 96 73 78 99 40 21 71 44 100 30 4 97 24 38 99 64 23 65 48 18 56 63 33 73
67 65 76 13 68 98 20 71 15 53 89 22 86 7 41 23 55 86 29 26 80 100 72 69 72 94 73 45 4 55 95 46 81 90 1 94 94 97 22 82 68 79 89 50 54 19 78 35 68 32 83 33 78 65 19 36 79 6 94 51 22 4 48 86 75 48 71 99 79 93 67 54 92 61 100 56 16 27 85 48 33 14 46 42 25 41 82 68 72 49 84 53 8 79 60 25 42 6 80 27
61 100 84 6 52 50 69 45 34 4 69 67 66 93 21 36 70 79 84 48 58 82 31 13 88 79 19 53 33 21 99 44 34 15 27 36 64 86 78 43 78 40 12 98 76 64 70 41 93 51 11 1 61 11 19 99 81 33 27 2 56 73 2 7 98 72 86 2 11 3 26 64 55 70 64 64 19 51 20 50 36 19 39 36 87 37 36 96 97 90 98 93 63 28 18 41 68 52 76 71
66
