140 140
75 100 70 109 87 60 98 121 80 132 97 21 56 82 47 106 11 138 132 19 123 84 113 136 24 100 92 25 137 36 93 60 108 72 45 111 38 77 41 6 48 103 117 45 7 88 81 48 62 85 3 48 3 91 139 49 105 126 20 28 103 22 35 75 44 112 98 71 99 66 86 52 47 136 130 116 81 89 28 21 14 32 137 100 115 83 57 35 100 115 24 60 95 47 88 133 110 15 3 7 41 19 66 60 139 53 97 133 91 31 89 82 127 69 140 86 6 129 45 133 12 104 138 114 137 87 108 4 108 35 31 94 103 7 7 102 95 22 97 52
102 65 16 22 22 99 71 32 7 90 44 27 87 35 98 13 22 98 116 95 94 126 92 5 129 24 33 57 122 52 48 139 108 104 24 99 101 98 108 111 48 40 79 41 125 101 2 97 101 73 108 74 100 13 8 46 29 89 4 26 136 44 57 39 28 133 7 46 98 28 91 69 71 25 112 44 59 136 86 62 40 103 54 114 13 22 81 14 121 28 17 92 76 119 86 32 47 91 128 42 83 57 47 138 22 88 3 91 28 121 85 123 113 32 117 84 70 27 110 27 21 134 36 47 114 75 127 94 57 16 4 128 70 3 48 111 35 47 108 39
69 18 105 137 126 65 28 116 56 130 3 133 18 117 4 124 95 111 72 88 63 42 14 122 60 46 138 62 128 122 94 80 84 96 54 68 38 10 28 70 80 120 3 112 86 53 34 21 115 19 112 127 34 20 50 17 15 107 133 1 96 10 125 39 59 95 90 24 43 24 101 64 14 84 14 37 129 124 109 89 109 47 138 68 35 65 81 75 80 24 124 91 111 132 13 105 100 103 71 23 27 24 85 23 107 40 34 83 119 26 91 42 9 67 95 71 106 30 115 115 16 110 112 97 84 65 57 4 32 64 25 55 41 138 104 65 33 29 43 38
47 109 13 4 42 104 117 46 28 2 116 104 44 46 21 62 131 133 30 116 132 50 105 137 87 131 38 113 124 77 8 70 129 84 26 90 109 27 114 60 66 131 130 57 131 137 89 31 103 40 50 113 57 128 60 52 95 110 2 97 104 44 28 106 15 52 91 55 82 128 93 36 79 87 26 31 123 35 133 65 120 12 64 89 100 14 24 7 116 74 49 78 91 140 28 6 95 126 104 89 99 17 80 119 34 91 32 10 69 104 32 139 45 77 87 104 123 99 29 130 15 60 25 6 65 85 36 76 22 31 28 89 100 140 114 122 35 72 75 21
27 95 11 43 51 12 49 40 139 102 1 120 61 98 61 24 46 37 7 128 104 14 132 134 88 9 44 6 124 133 17 50 85 137 119 89 99 36 56 58 65 127 118 121 59 70 116 76 40 64 96 96 1 114 9 12 66 6 73 134 49 56 85 19 133 133 74 127 20 10 133 77 22 121 13 11 2 111 112 116 122 72 92 140 83 7 10 105 137 121 133 139 36 131 135 35 71 79 45 58 119 106 80 30 135 3 30 48 36 111 10 54 64 15 106 5 90 88 124 23 17 76 37 39 107 19 31 34 34 58 52 31 52 4 64 28 18 101 119 111
128 109 18 115 69 34 98 24 48 111 124 98 135 105 121 9 6 89 131 59 110 88 45 13 93 20 6 22 65 95 37 43 130 27 135 44 114 104 90 85 89 45 88 95 113 54 136 124 117 98 13 72 74 63 24 43 68 67 39 80 87 88 101 28 13 37 28 135 28 28 78 89 62 58 137 78 94 120 120 30 3 118 74 118 42 47 117 129 11 90 52 19 104 86 48 53 30 121 134 17 61 37 25 129 112 88 23 101 75 111 71 4 57 13 56 108 89 88 112 27 49 137 115 13 114 112 37 97 42 136 71 23 56 70 52 55 35 84 137 116
95 73 136 140 135 32 126 64 43 45 18 4 53 109 50 73 77 25 31 31 52 102 124 26 13 35 87 96 109 130 60 132 7 20 46 90 82 119 3 31 23 93 114 44 12 127 75 55 47 45 14 19 54 69 15 115 89 111 98 105 36 19 116 68 90 132 88 63 119 117 75 65 29 20 3 97 71 81 89 35 92 126 127 129 84 110 69 130 44 23 28 96 95 6 55 109 39 138 61 39 93 56 20 131 25 66 82 19 95 53 57 5 104 119 102 6 20 84 104 104 117 3 96 95 119 24 12 55 45 46 32 38 58 68 29 30 89 7 79 110
15 61 134 50 72 107 17 40 114 93 80 88 28 41 69 21 7 69 21 76 15 73 60 58 103 55 85 10 65 85 44 61 58 56 1 140 112 91 28 23 20 61 121 44 8 14 74 79 69 10 103 44 84 50 41 58 101 54 106 6 62 126 51 9 44 123 37 115 116 100 59 99 133 77 9 109 25 2 52 109 79 91 83 40 75 112 4 129 133 31 116 78 122 121 27 63 81 47 62 139 28 56 26 130 95 88 75 114 55 30 22 2 90 105 38 14 2 21 36 137 75 89 41 25 84 78 54 19 92 1 68 128 114 132 81 98 73 73 74 132
77 108 89 79 39 36 108 62 17 102 99 38 122 45 138 98 133 131 74 88 50 37 29 9 139 129 97 133 140 30 72 91 77 5 45 119 70 7 138 17 128 77 100 53 41 68 75 12 27 70 10 25 90 28 126 67 121 33 52 85 88 122 33 56 62 126 10 4 79 1 50 139 111 116 7 100 85 108 39 44 94 90 107 36 53 89 60 44 41 127 22 84 140 124 21 52 35 30 45 104 116 98 67 65 45 6 3 36 123 3 9 85 19 135 88 90 117 116 102 56 80 22 10 81 100 67 17 32 102 134 20 65 94 6 10 129 42 66 79 136
33 50 73 43 84 60 62 90 108 49 9 89 120 52 136 66 131 33 53 16 45 76 51 54 100 128 56 7 64 49 22 1 81 84 54 86 98 48 74 112 89 72 54 101 105 123 121 7 13 29 64 138 138 74 22 30 17 38 110 31 75 87 140 72 128 13 80 105 65 109 101 107 7 27 86 109 51 84 19 98 91 109 84 62 1 85 53 59 123 125 134 84 25 55 132 88 92 51 106 41 93 27 40 44 21 47 122 62 139 116 116 45 65 125 110 86 94 139 81 38 59 15 120 42 5 51 84 95 47 88 60 17 136 34 25 12 117 48 29 79
42 48 71 128 118 58 136 88 46 127 64 55 68 14 62 118 14 121 50 95 49 43 119 98 51 35 54 8 95 11 43 60 114 58 123 116 89 96 125 43 96 140 55 49 72 105 135 61 56 125 137 56 48 71 138 70 53 43 92 122 4 42 125 133 69 98 111 38 25 17 2 98 59 132 115 74 103 27 98 122 61 140 26 57 114 22 12 75 44 42 10 139 62 22 86 56 74 10 43 32 62 1 18 108 37 97 94 75 11 101 68 105 6 94 124 50 11 4 116 118 99 15 55 97 74 109 66 62 50 74 120 27 14 86 42 119 80 55 55 68
72 139 4 105 98 22 140 133 116 65 21 135 109 72 94 140 1 21 136 66 71 69 120 85 108 100 19 100 139 94 114 31 113 109 81 56 106 100 81 77 64 40 107 16 99 53 77 132 52 126 84 131 39 18 8 50 123 33 53 77 140 32 45 109 83 67 57 67 59 125 82 101 78 131 107 118 62 38 127 99 42 85 47 97 64 94 7 112 127 86 66 48 7 92 90 133 120 27 128 102 28 66 29 18 47 89 83 7 46 117 32 43 55 140 70 17 37 71 71 53 58 119 11 94 139 131 96 75 77 35 57 69 126 68 45 15 13 46 89 29
108 3 26 119 54 111 24 98 71 50 31 107 24 63 96 91 97 87 1 75 14 95 123 99 32 98 86 126 140 70 35 113 95 13 111 38 53 79 26 123 111 33 129 107 129 90 126 134 7 28 66 56 28 101 131 58 137 23 68 110 101 14 38 68 136 38 86 60 16 121 25 91 38 136 46 60 31 28 7 84 27 128 25 28 47 37 129 127 112 20 57 54 23 40 101 86 6 76 130 125 62 90 117 31 36 5 80 59 107 48 60 78 58 83 47 27 101 85 9 91 109 110 52 135 103 36 8 63 137 35 127 54 121 105 66 123 71 96 139 66
18 61 121 91 46 79 84 67 112 9 57 62 18 43 83 134 70 119 133 119 86 120 84 33 34 109 58 75 91 126 96 25 41 81 117 2 19 74 108 95 87 116 61 126 121 59 11 109 42 92 9 108 97 2 75 46 60 26 2 75 10 55 120 75 58 59 15 19 80 35 27 16 130 127 53 87 33 95 131 76 83 56 8 123 32 110 106 64 134 60 129 61 49 66 60 116 116 17 128 123 42 23 53 51 39 90 57 15 93 99 101 36 121 76 94 103 127 37 6 117 16 92 29 60 129 15 124 125 47 85 66 40 31 88 76 55 119 99 57 58
64 82 94 125 81 138 107 46 30 87 132 81 74 82 21 93 68 115 69 87 69 140 21 130 99 107 60 29 43 6 116 138 114 82 5 44 83 80 19 114 69 113 35 63 138 52 34 69 136 56 46 88 46 56 51 49 119 13 89 63 75 6 69 36 69 139 84 109 115 78 13 71 132 15 52 17 101 114 123 44 31 116 49 101 48 67 58 49 18 126 90 124 100 79 21 78 132 61 67 96 71 108 25 110 26 43 94 140 66 35 31 130 136 78 105 21 107 6 119 136 39 125 99 45 17 9 83 12 65 10 67 32 81 139 62 128 133 91 24 81
64 85 70 139 35 89 127 136 103 60 123 101 120 114 130 74 100 105 26 60 49 55 20 62 99 24 103 129 38 117 32 139 15 101 104 10 56 138 119 67 50 86 110 4 57 68 43 71 128 108 22 139 130 42 111 111 117 47 139 50 101 84 46 79 4 60 108 51 57 10 52 6 135 18 95 46 95 54 68 44 19 98 117 106 100 122 104 117 62 126 35 121 90 65 45 138 71 53 99 137 30 96 13 6 89 14 88 123 90 118 74 116 4 32 9 46 111 2 48 96 112 35 61 124 93 102 82 78 15 84 140 124 21 98 84 136 34 52 86 115
132 127 51 116 86 45 47 18 56 88 38 128 121 17 15 80 82 126 69 46 73 34 4 8 14 43 78 5 51 18 55 108 119 78 131 92 39 63 73 67 59 35 98 111 102 119 111 92 124 83 88 27 99 38 113 79 23 18 8 90 29 123 93 129 54 21 74 78 26 65 40 88 106 82 67 137 20 68 39 116 110 18 21 111 34 80 137 64 9 112 110 12 33 15 139 139 80 138 1 117 67 59 109 34 4 52 82 53 125 77 84 136 38 44 108 132 84 126 13 131 47 105 60 136 139 85 112 99 55 28 98 111 20 94 44 71 22 57 111 62
66 96 134 18 41 23 73 70 59 67 108 20 2 99 45 66 91 64 66 102 125 82 135 21 14 76 37 121 29 1 122 57 58 50 17 133 22 58 31 135 31 8 17 46 23 63 84 79 44 89 64 95 80 110 136 5 44 22 124 30 106 74 24 110 132 1 34 11 44 41 122 42 137 112 111 18 52 108 17 96 3 97 28 49 44 100 3 14 31 137 137 105 61 28 139 87 98 5 99 26 96 131 86 100 74 2 71 129 91 68 93 138 22 98 81 8 97 103 59 64 88 23 27 122 66 118 107 21 61 131 112 41 52 33 69 9 106 23 43 125
47 138 2 44 116 129 6 107 6 67 84 37 61 55 104 82 103 137 46 90 131 101 72 6 22 85 87 28 109 29 68 112 27 51 42 93 69 62 116 109 56 50 140 23 61 98 89 9 4 58 72 52 59 22 129 129 110 36 131 15 86 111 9 29 94 6 50 13 126 106 122 137 61 79 82 124 64 70 133 130 18 102 56 47 116 118 13 82 74 53 74 16 68 78 23 112 126 96 62 114 134 57 37 7 55 125 104 121 19 140 43 56 76 84 38 86 54 92 118 13 85 90 133 11 47 1 15 137 97 9 103 20 100 49 70 102 138 112 91 95
105 55 99 58 12 109 71 33 71 101 52 119 8 108 63 42 44 31 5 91 9 10 4 49 101 126 36 40 7 5 30 83 30 56 9 99 81 15 109 25 18 116 106 46 120 72 56 113 136 23 132 37 42 88 33 105 44 95 2 99 138 102 10 54 139 65 110 132 82 105 112 135 50 78 114 139 71 62 122 37 138 68 134 83 24 90 29 86 41 73 17 7 9 137 119 56 35 78 70 60 88 28 64 134 66 67 136 18 48 119 96 75 114 73 2 17 132 10 82 60 131 79 26 109 113 110 22 56 63 90 88 48 30 55 84 31 85 52 5 49
66 120 38 18 8 94 98 32 104 52 61 129 120 124 139 110 19 21 37 139 116 99 104 135 117 53 48 122 69 52 42 108 76 83 59 27 19 132 61 55 74 89 132 100 13 129 76 57 20 86 65 15 50 39 88 123 12 45 10 1 88 11 80 122 116 118 45 54 82 22 126 115 71 72 61 82 38 123 43 79 66 25 81 18 120 3 30 34 58 38 62 39 111 106 122 3 20 129 12 138 79 96 95 22 57 65 52 86 108 107 79 96 73 35 12 61 20 59 127 114 53 2 4 14 96 73 28 95 51 63 21 40 3 118 94 37 60 84 6 86
102 57 26 42 85 97 25 41 86 14 28 137 21 117 133 103 44 21 99 18 109 9 98 17 56 86 59 121 56 104 74 11 9 65 122 50 103 16 36 8 33 28 106 125 114 131 77 35 71 60 9 101 92 44 50 70 31 70 31 29 90 84 11 79 117 107 83 77 58 112 109 86 84 95 33 100 38 7 29 54 127 118 4 41 92 110 103 68 31 34 22 72 54 71 78 37 19 40 33 136 102 20 45 31 130 109 85 128 90 82 87 129 112 129 36 10 57 98 92 90 130 86 9 77 75 29 106 10 13 137 9 7 93 110 50 106 88 14 119 62
134 126 67 83 38 139 49 48 22 26 99 55 15 73 91 35 101 92 22 139 12 51 82 114 50 30 107 108 131 82 122 90 11 45 60 28 65 65 67 133 43 103 64 14 123 83 44 43 30 50 98 87 125 37 125 128 132 37 38 88 137 23 20 69 49 67 16 133 113 69 98 91 21 50 115 11 77 96 85 11 68 88 101 38 131 20 79 138 59 61 26 123 44 3 75 78 107 63 74 99 39 65 43 125 63 28 108 127 138 62 45 82 21 68 30 128 59 15 34 42 100 84 26 4 26 83 78 134 43 48 63 126 1 116 128 18 5 49 72 16
67 14 35 66 6 100 1 34 100 95 55 10 78 79 92 8 70 96 6 72 16 45 85 43 89 80 33 95 109 6 139 124 107 101 127 105 86 24 98 29 116 84 70 66 140 44 131 105 23 4 86 4 39 58 47 12 18 68 32 62 53 68 138 54 134 108 112 64 112 87 13 21 97 87 30 15 121 26 109 43 33 49 30 48 65 67 4 1 69 131 20 134 38 119 140 108 108 49 28 57 95 45 85 15 65 37 97 60 78 90 26 50 96 131 69 135 88 7 41 105 91 74 99 111 34 49 17 108 14 109 25 25 119 72 129 112 79 46 46 34
20 19 133 36 139 3 105 136 106 34 116 20 104 29 88 89 5 94 31 88 129 53 118 66 120 91 64 107 5 108 107 20 38 48 11 57 138 120 95 135 21 126 120 92 25 80 119 132 109 137 116 87 90 56 48 113 8 49 84 123 75 48 116 48 103 15 50 62 113 6 8 58 79 44 49 123 131 3 105 117 87 114 119 66 10 34 29 61 8 23 5 44 81 39 88 17 43 54 65 86 105 76 121 110 14 133 3 53 95 61 85 129 124 33 64 131 60 136 91 13 66 38 10 55 52 116 137 1 111 130 22 115 43 37 7 60 55 102 109 72
10 135 116 66 128 131 75 74 115 94 112 36 85 22 4 51 79 112 81 6 50 19 99 96 55 14 21 70 72 82 67 74 2 30 123 104 88 27 13 52 33 119 126 113 32 45 70 136 14 133 50 60 128 37 29 87 96 90 30 126 139 89 124 78 2 9 78 129 97 139 37 134 109 133 24 121 92 48 130 130 100 56 116 95 116 75 40 76 78 12 107 117 73 115 108 39 17 64 16 42 29 110 88 39 116 28 95 55 54 121 66 69 72 127 84 98 92 44 60 105 40 10 118 21 110 83 40 126 27 124 16 42 28 55 13 131 88 65 3 46
12 57 35 76 34 62 48 133 116 64 83 90 26 128 2 11 77 119 21 94 8 134 21 71 21 81 102 79 118 104 115 16 19 1 52 99 130 70 137 133 67 53 137 106 23 106 40 24 8 21 58 23 18 108 17 116 62 129 82 40 26 92 15 43 1 50 62 20 3 15 22 36 57 42 89 105 130 11 86 95 79 121 50 8 11 31 115 129 2 51 62 13 36 136 52 37 27 100 78 128 85 123 56 65 48 96 140 32 5 136 124 117 19 89 10 34 65 76 86 103 8 21 124 83 135 32 125 11 107 119 56 25 82 77 43 41 109 133 15 100
37 20 69 92 120 64 92 126 29 48 92 98 64 136 67 67 80 105 112 88 128 7 106 107 128 15 119 51 136 17 106 21 125 90 137 54 6 33 89 15 42 101 125 57 66 87 122 24 93 11 117 69 110 45 86 8 43 3 114 33 103 131 70 109 49 140 104 4 139 3 27 125 138 24 30 50 31 80 52 8 32 82 107 88 23 126 51 22 33 60 94 116 7 82 31 16 62 5 138 73 23 26 79 117 133 6 126 4 53 134 87 11 68 25 62 67 116 33 68 26 70 12 9 134 138 102 136 79 29 125 14 136 49 71 13 138 87 42 51 29
13 47 18 137 12 4 52 103 25 122 47 36 86 137 96 120 62 20 138 136 126 106 45 33 46 41 109 120 72 116 9 93 103 92 51 78 133 17 81 122 97 93 61 86 25 100 98 4 20 43 38 7 138 116 138 107 102 18 24 15 87 42 122 20 61 122 23 23 125 35 65 36 10 98 125 57 51 138 9 74 2 17 133 80 38 132 96 73 52 36 87 54 65 126 78 103 99 34 3 102 37 131 34 88 137 63 45 93 115 99 123 126 46 12 58 10 23 47 93 47 58 49 113 96 28 89 30 6 89 102 22 83 8 85 114 27 113 49 57 108
120 125 105 114 139 45 78 133 134 2 5 8 131 30 132 18 37 49 19 62 94 124 129 29 4 4 130 64 6 119 62 43 132 40 103 62 112 98 18 6 99 14 10 63 22 53 7 113 63 38 95 76 23 107 78 42 28 129 59 59 22 121 54 5 3 61 20 62 3 122 19 100 16 38 75 63 48 39 63 77 89 24 8 36 73 77 66 121 54 90 98 120 92 65 46 89 88 121 73 134 6 113 29 69 130 44 70 15 42 55 70 75 17 123 17 9 53 99 39 60 63 86 49 34 67 36 58 136 41 23 132 82 60 63 83 93 96 18 45 127
118 94 40 50 74 102 99 97 111 98 126 34 121 120 61 53 83 59 31 47 49 127 43 82 16 13 109 61 25 126 11 122 16 79 1 125 122 35 13 124 109 1 136 32 23 136 14 68 9 47 100 7 121 76 53 66 34 78 86 126 127 51 71 44 57 22 90 136 124 104 47 51 130 90 139 87 99 127 62 33 36 65 99 136 105 67 36 124 93 72 3 56 55 44 33 61 55 57 20 4 22 67 66 137 83 75 16 90 9 39 29 116 101 106 60 109 16 108 83 1 50 71 105 133 44 130 116 120 48 15 45 105 130 55 130 51 132 101 29 29
77 81 7 63 114 54 139 98 53 48 18 87 126 91 3 39 51 47 112 93 123 135 99 21 32 120 119 75 46 50 129 23 23 36 28 64 114 63 11 5 33 12 19 90 80 7 132 139 87 33 30 28 133 38 92 63 47 39 77 98 81 109 70 31 103 135 51 95 117 44 52 46 93 106 35 26 110 117 115 87 11 90 44 42 127 27 18 129 20 102 97 140 12 36 1 41 103 5 21 44 39 4 42 79 39 55 88 22 57 37 104 137 59 62 61 95 21 138 52 98 138 67 72 57 76 9 74 69 24 36 127 63 120 25 124 54 8 126 66 78
19 39 70 63 6 16 110 60 129 12 113 42 10 14 125 90 101 44 116 11 27 87 84 109 38 22 32 53 13 37 85 76 78 65 79 14 89 30 21 25 110 99 106 86 43 70 48 85 75 96 61 47 103 93 38 48 55 79 98 125 110 53 25 107 137 115 33 74 109 49 26 59 21 48 88 13 33 21 88 101 107 14 55 129 73 54 45 67 127 5 52 79 38 111 94 44 111 51 58 99 123 56 3 60 99 106 20 83 58 30 25 134 120 135 111 71 110 27 58 116 129 63 11 20 67 113 87 122 43 58 38 60 67 7 65 75 115 61 54 75
63 1 124 30 139 110 88 32 53 125 27 30 40 133 104 12 9 44 85 129 138 109 45 86 27 24 119 102 20 91 115 108 125 125 89 126 20 29 71 119 66 37 62 43 16 65 91 80 130 13 30 118 17 8 55 128 63 17 48 59 83 74 130 28 121 64 23 124 42 108 19 123 118 127 105 114 55 3 49 1 25 58 34 75 121 107 38 60 123 52 60 45 3 110 50 12 25 42 70 67 8 86 136 132 92 39 127 118 132 77 119 43 85 140 131 83 85 102 135 106 110 35 75 50 80 116 70 92 112 4 113 23 97 89 53 94 76 124 8 113
119 99 113 22 98 44 21 33 113 38 90 136 22 31 89 129 115 125 140 75 54 119 126 6 58 95 69 105 1 46 111 136 39 78 54 127 37 116 114 15 5 28 55 37 27 56 63 122 42 19 77 107 97 61 17 13 10 134 7 72 32 3 112 42 98 45 15 24 107 21 62 113 92 42 122 108 13 136 80 97 132 98 139 11 93 32 15 67 75 71 108 115 95 111 48 42 78 87 64 42 121 38 133 133 128 72 49 65 42 27 70 76 124 44 120 122 40 3 91 69 37 48 118 103 12 108 54 48 92 74 26 44 61 134 43 105 68 26 52 42
78 123 26 140 83 137 17 127 97 110 8 11 59 64 28 23 3 18 16 104 9 105 127 35 138 73 107 77 51 84 67 47 97 31 86 32 17 134 55 138 137 17 40 15 94 71 91 69 58 117 129 126 93 25 126 105 5 15 91 20 51 90 98 40 18 133 137 4 132 130 106 61 123 39 35 99 40 20 61 59 34 39 125 97 78 137 136 26 78 31 7 123 24 15 106 118 26 131 82 109 71 28 117 81 54 108 19 18 67 73 52 130 17 93 124 97 8 63 9 92 12 103 37 108 114 14 67 72 103 88 4 50 94 72 4 36 36 52 9 109
90 60 99 2 97 119 81 66 116 12 55 14 10 72 80 129 137 104 17 62 62 97 7 133 63 100 129 10 34 71 27 30 93 57 35 66 87 94 138 39 49 89 124 133 13 1 13 64 132 102 72 18 68 32 91 66 105 132 62 54 90 128 55 132 43 9 131 22 20 126 92 34 45 14 48 20 123 61 24 31 7 63 115 131 27 54 6 123 30 125 84 13 60 130 107 133 23 32 100 104 52 32 56 138 85 133 134 98 115 36 35 97 65 53 28 113 6 94 23 29 92 130 46 98 84 68 87 24 35 46 104 72 131 19 120 128 43 76 2 96
89 83 120 77 32 45 55 43 119 98 116 116 18 92 10 50 120 102 69 93 53 99 51 99 136 26 109 32 107 130 61 51 59 42 93 72 92 61 108 10 123 39 100 41 66 84 36 101 111 125 124 128 61 116 95 70 86 15 16 15 138 27 34 125 95 44 61 131 67 14 11 41 86 15 59 7 13 52 50 47 47 19 135 19 139 123 75 120 52 116 116 71 117 13 40 5 107 92 91 51 14 47 105 131 36 115 111 27 3 113 56 60 81 27 20 53 93 90 71 134 55 88 123 38 62 36 136 36 110 80 91 15 42 85 65 31 99 139 113 49
56 122 81 24 112 125 80 62 93 126 111 86 101 19 134 111 4 41 113 114 21 71 45 116 38 16 109 56 21 77 32 122 98 2 138 123 64 137 91 27 13 50 129 108 65 110 130 124 42 13 108 16 32 104 100 62 35 74 17 135 81 102 39 22 25 66 11 75 97 132 35 45 48 129 98 123 10 48 133 119 7 94 56 40 28 16 76 131 124 32 57 71 102 97 29 10 1 12 26 72 33 93 104 123 11 75 98 5 47 9 41 60 55 109 86 14 106 24 26 35 71 75 86 91 66 113 65 30 103 124 128 54 115 128 5 65 79 87 62 88
64 66 71 123 116 56 78 137 42 103 50 40 71 120 111 17 116 105 14 61 25 61 80 132 117 51 95 62 18 65 84 27 123 119 42 81 121 82 139 34 103 41 3 70 97 79 25 64 64 88 69 82 33 138 98 6 96 81 46 110 76 74 106 63 68 73 85 27 59 123 60 8 89 62 84 22 93 79 78 42 60 39 99 15 137 113 82 113 112 84 15 73 49 135 25 13 65 57 14 136 18 51 44 32 57 103 7 82 17 7 7 73 92 84 68 5 111 99 115 125 113 80 105 72 13 19 19 23 29 91 130 134 87 110 101 106 70 7 83 36
39 36 21 74 128 41 87 42 44 133 76 118 132 126 57 115 92 16 16 75 114 58 96 93 14 133 125 96 53 11 30 46 4 112 82 78 70 45 46 131 50 31 33 48 23 133 87 22 51 51 126 100 47 99 134 87 61 36 113 136 85 54 59 51 75 7 99 102 91 96 128 139 56 101 1 42 26 4 76 138 118 85 15 46 78 103 133 25 81 128 91 103 100 68 93 4 90 112 119 111 31 24 77 26 97 139 34 62 87 33 34 29 137 31 132 121 2 115 48 9 114 110 123 48 74 54 62 69 53 102 52 67 53 101 57 34 64 86 39 91
24 73 125 69 25 51 75 119 43 127 10 80 16 71 41 97 11 83 87 12 126 130 22 53 26 10 113 14 101 107 101 30 34 96 102 118 28 89 47 34 23 93 38 61 28 103 113 62 90 30 66 23 90 48 38 40 130 47 46 83 129 5 60 39 115 101 76 9 58 63 125 36 74 17 67 40 39 114 36 135 24 116 65 112 138 60 17 129 92 126 133 61 116 18 99 87 91 35 91 3 120 96 43 51 102 76 2 32 80 137 54 14 35 20 6 83 83 136 57 3 87 108 128 67 46 3 107 71 39 94 96 72 94 11 19 22 4 94 60 16
91 26 81 31 106 78 95 74 81 79 89 19 82 119 6 78 25 105 42 35 25 35 45 64 76 40 133 95 7 1 37 15 80 14 68 12 96 107 79 95 8 27 46 125 137 63 75 36 27 102 88 71 53 81 137 56 32 85 96 103 96 15 29 106 75 82 136 50 84 78 129 54 74 33 55 125 75 84 36 36 87 138 9 8 3 114 128 117 24 105 52 44 121 50 49 13 39 55 124 122 33 71 26 6 18 129 34 60 105 33 101 16 34 117 140 135 85 44 124 138 30 37 127 37 10 13 24 46 95 127 40 106 129 9 62 13 38 15 120 23
89 94 115 27 105 57 92 7 104 54 47 138 89 123 65 110 115 27 53 55 87 26 19 130 98 99 85 92 132 104 33 113 66 2 27 138 106 5 65 65 80 108 138 71 124 16 123 79 38 16 2 112 66 53 33 136 23 106 124 55 134 54 128 99 26 99 24 116 7 25 38 108 26 70 23 101 10 103 80 103 9 22 24 137 128 99 134 94 3 57 32 118 113 74 29 45 47 103 115 138 55 122 132 11 125 129 136 93 49 13 107 112 39 115 98 109 124 105 94 44 82 13 90 33 139 87 63 59 28 129 98 138 80 107 53 116 121 81 89 44
62 87 43 124 16 42 17 78 115 70 33 99 93 24 38 86 35 104 58 119 85 2 18 4 29 94 16 63 90 73 63 132 76 112 24 55 73 76 105 96 5 71 44 104 7 80 100 93 22 55 107 133 47 107 23 122 133 116 48 23 133 95 136 115 19 94 101 28 126 128 118 31 52 35 72 19 104 8 12 84 39 75 133 53 123 97 65 124 120 110 130 71 88 73 50 54 102 131 67 75 111 99 138 63 80 98 86 137 111 102 29 77 128 34 15 111 66 119 53 95 97 65 114 20 104 65 1 10 98 2 81 97 129 33 121 137 67 10 47 72
137 52 98 54 34 37 8 50 81 80 5 83 27 119 73 88 96 68 3 110 50 39 99 51 27 48 61 103 19 8 99 44 34 6 107 96 118 138 88 80 75 106 43 134 27 99 95 122 80 109 92 125 15 58 111 91 6 120 99 50 34 42 20 23 67 66 71 6 92 27 65 40 3 125 29 46 79 94 28 14 123 112 74 4 85 78 8 34 59 81 70 131 21 41 68 51 62 123 36 126 19 79 116 7 96 6 126 25 127 74 129 95 50 122 133 63 52 112 22 131 95 68 111 21 120 109 30 105 4 128 29 106 107 72 77 23 131 6 122 111
22 52 9 20 115 96 74 43 84 10 5 36 49 41 92 77 19 11 126 97 92 100 111 49 11 83 132 13 114 65 36 45 25 13 40 97 11 49 110 107 131 5 19 112 22 78 57 125 6 59 67 76 138 46 34 45 113 107 51 4 131 114 105 40 81 58 79 9 72 35 113 8 119 38 36 43 29 13 47 38 134 77 41 112 25 88 25 57 92 53 99 75 6 78 130 127 107 76 13 5 73 33 66 18 40 59 128 31 22 53 114 82 78 27 97 18 111 106 72 30 31 61 10 92 51 34 124 78 133 13 89 107 39 10 17 113 50 121 90 25
83 61 76 73 51 121 12 101 63 115 55 136 127 127 56 54 74 15 84 107 80 62 1 22 65 33 32 85 117 133 40 61 36 23 106 88 80 78 40 135 75 25 18 49 130 14 118 79 73 21 34 44 83 3 58 15 70 99 45 72 80 26 47 63 81 137 113 106 45 104 120 11 103 59 60 5 88 92 37 130 52 118 18 137 133 95 3 70 16 42 84 101 117 105 66 36 96 27 35 63 95 21 101 47 10 99 94 100 39 103 129 25 61 6 43 26 42 39 48 107 66 73 18 104 45 26 46 40 22 69 128 136 8 108 105 134 73 116 128 26
27 27 1 72 39 135 10 117 14 44 40 64 2 8 126 122 79 95 97 63 128 92 134 131 81 67 10 103 72 28 12 77 63 98 63 103 93 93 2 138 139 57 19 109 67 11 131 126 131 69 77 83 84 38 121 10 37 104 50 137 33 26 49 83 64 135 119 10 119 32 71 80 89 109 106 74 108 49 58 17 29 74 59 139 45 140 49 110 82 14 36 57 93 6 25 79 98 114 52 29 19 91 135 140 36 16 110 42 76 67 92 36 33 126 12 117 9 55 88 87 69 34 70 45 81 10 128 108 91 3 74 107 58 108 54 7 16 47 4 48
21 69 36 87 52 33 134 82 64 51 101 42 90 38 7 110 135 6 55 123 64 34 36 81 113 113 57 35 20 46 112 138 98 86 42 139 112 59 102 133 39 35 54 20 17 49 37 19 129 103 47 132 50 28 80 11 58 105 28 131 66 116 139 91 94 108 105 120 135 4 105 79 46 139 62 90 47 3 8 125 116 109 103 54 56 94 106 48 112 39 42 78 82 67 58 134 64 5 115 19 140 72 57 137 22 113 48 42 117 45 30 60 98 110 23 94 59 26 1 22 114 55 104 139 6 107 62 113 8 133 132 10 61 105 136 83 70 77 52 65
28 126 26 1 90 122 122 109 53 44 130 85 13 5 125 81 76 2 76 70 99 28 45 123 74 54 30 129 8 18 35 62 78 35 75 79 40 15 28 34 93 117 19 9 54 23 137 82 58 56 66 131 37 128 30 6 73 16 117 138 77 23 140 15 1 96 53 5 110 56 131 122 42 53 88 62 19 74 5 74 16 1 67 97 86 138 29 139 32 3 128 64 80 23 55 132 42 10 26 128 23 28 123 64 22 129 116 64 58 119 117 90 17 89 98 94 52 138 82 3 86 79 50 38 67 118 33 92 49 92 84 11 43 50 60 15 80 91 40 89
107 112 26 135 99 4 42 34 104 91 28 28 123 64 15 62 32 19 127 123 39 102 83 121 83 95 61 29 113 59 91 123 121 71 72 113 9 97 121 63 27 27 15 24 128 104 119 134 102 102 67 91 137 34 131 47 12 96 1 103 24 37 13 54 14 112 126 137 114 111 41 132 120 10 23 81 102 72 95 115 59 98 59 94 24 69 46 132 30 7 96 97 127 100 114 14 82 123 2 61 93 53 138 5 122 97 18 24 80 110 49 129 64 31 8 120 123 31 130 73 68 37 136 51 119 21 36 42 43 111 29 7 86 28 43 48 82 140 123 86
9 79 99 105 26 41 24 75 83 40 77 54 102 126 51 90 69 127 81 89 7 82 138 112 119 27 114 105 134 120 135 8 9 79 65 125 129 69 28 7 1 39 55 82 98 22 103 11 116 37 39 15 49 100 102 119 32 55 23 18 103 107 104 40 95 139 48 82 46 26 104 112 39 1 69 43 18 130 39 27 61 43 43 114 98 114 133 18 86 94 39 52 54 46 27 109 129 47 138 3 6 132 121 139 119 92 54 101 98 25 99 66 57 93 49 121 11 129 45 123 12 135 127 89 70 56 114 14 47 25 56 83 8 102 123 9 18 91 32 61
74 123 44 65 24 84 30 129 98 73 19 87 3 32 49 61 72 53 118 106 19 51 77 89 103 98 36 55 126 102 48 22 17 16 25 103 113 41 70 15 47 96 1 133 113 39 20 8 120 81 39 13 40 48 99 76 65 33 102 69 89 132 61 68 82 34 109 35 71 64 42 53 113 43 43 119 30 26 4 49 36 42 108 131 1 63 126 22 9 88 85 89 54 115 12 70 98 95 81 17 9 125 75 50 67 76 123 82 36 112 1 19 13 134 125 103 27 107 5 58 21 5 13 16 98 66 140 41 67 29 69 55 59 108 72 68 119 1 91 80
56 52 14 48 5 113 61 79 107 91 61 113 4 97 84 30 112 103 46 85 112 32 69 88 59 106 46 104 10 73 131 97 133 138 107 127 76 116 60 138 107 12 57 60 110 56 109 61 98 121 40 110 46 140 99 111 103 44 133 122 96 39 11 119 5 53 114 44 136 9 132 76 137 91 133 96 89 4 106 113 34 56 16 44 60 134 86 12 78 16 45 31 47 60 91 81 9 135 125 70 135 93 67 78 129 100 23 19 22 127 64 69 95 58 54 24 98 130 69 127 37 3 71 124 131 33 28 79 3 120 37 105 102 38 73 4 77 65 112 74
76 16 95 115 130 119 14 81 128 129 69 75 46 89 23 8 13 73 82 56 6 26 135 80 17 27 113 23 66 93 134 64 44 110 82 11 110 73 107 23 28 80 42 119 8 18 31 81 119 48 76 139 105 43 125 59 122 20 130 19 103 2 70 4 19 6 61 117 34 41 104 20 55 106 15 61 87 102 4 6 124 37 116 82 26 57 94 100 92 42 114 89 81 121 92 101 38 99 54 41 12 84 63 118 108 99 104 83 52 21 122 128 55 34 54 41 32 101 135 8 5 47 21 119 134 13 78 12 129 116 125 28 21 103 35 78 16 80 5 18
11 39 122 77 39 81 47 19 57 54 80 11 68 55 80 11 130 113 59 20 16 13 40 107 33 109 82 65 1 77 11 74 94 16 112 98 29 90 56 88 53 35 47 55 134 105 133 42 75 101 9 44 72 125 88 45 3 130 16 56 114 124 71 29 100 39 58 12 15 97 46 43 104 96 25 14 47 4 47 130 27 96 7 63 9 56 139 108 116 114 55 9 57 104 6 91 85 5 114 1 16 124 126 50 120 65 43 120 127 25 74 10 31 89 20 6 52 12 114 128 14 22 140 74 90 54 134 48 72 7 14 110 64 36 105 115 56 66 125 91
31 57 85 2 86 127 91 75 27 50 47 134 14 28 67 44 119 75 130 75 94 72 86 107 14 114 104 130 117 55 18 100 111 13 108 119 47 83 123 58 16 123 45 39 135 96 50 50 14 5 68 44 85 14 99 58 72 33 96 104 31 129 108 51 103 106 77 129 132 133 98 96 6 31 123 46 67 40 27 45 67 68 138 61 70 33 12 12 12 104 140 129 13 89 71 34 52 51 45 3 37 11 54 3 114 77 78 91 132 73 37 79 57 49 98 37 60 7 35 48 30 32 88 133 3 32 69 76 121 127 127 64 30 32 42 7 107 85 126 5
93 74 25 82 103 81 37 58 102 123 72 12 90 79 12 97 102 113 69 1 109 123 21 126 89 12 50 24 111 49 40 90 18 25 28 65 113 60 96 124 46 18 122 120 35 139 2 102 43 135 2 40 25 23 16 3 112 10 128 22 41 24 72 52 14 127 80 34 122 127 2 60 95 110 111 110 103 78 115 94 51 1 118 93 125 37 76 82 80 97 31 134 6 96 112 109 1 47 58 121 116 61 41 114 12 136 8 133 32 30 108 109 5 10 104 78 24 74 46 91 128 136 131 27 94 85 62 39 14 68 78 131 33 39 11 70 116 6 44 8
65 138 23 100 88 20 101 9 58 118 130 133 58 36 45 34 128 21 61 58 114 71 109 99 137 121 18 124 124 11 6 9 27 94 5 84 71 104 91 140 102 64 33 67 128 93 102 44 8 8 81 61 102 73 101 71 119 26 37 128 64 111 59 40 45 42 15 99 38 86 80 101 21 43 68 8 118 63 113 20 86 140 118 81 24 87 128 18 127 127 21 78 85 34 113 139 125 96 124 90 24 95 6 107 42 14 60 135 25 67 40 112 131 44 63 88 12 12 10 40 62 84 1 121 45 121 3 86 109 81 1 128 124 24 87 89 4 21 33 114
40 36 75 73 83 62 35 4 89 121 8 3 54 83 21 54 57 111 14 32 13 7 140 88 56 35 110 84 131 25 4 41 17 10 43 23 91 118 65 66 59 110 42 120 6 11 97 72 68 15 128 33 72 74 134 15 76 127 90 99 33 95 12 110 105 96 21 63 49 130 91 52 12 110 57 79 115 102 102 71 100 94 1 99 51 54 24 49 67 81 94 88 15 46 66 27 130 103 81 133 100 97 69 69 88 116 87 139 23 77 17 46 132 65 98 76 118 76 111 102 65 114 109 56 74 84 137 87 139 41 74 52 23 76 93 121 115 74 39 81
56 3 58 7 7 14 112 76 71 123 97 19 89 72 47 58 7 37 47 98 94 14 95 71 102 93 49 16 56 73 60 20 48 140 82 10 126 60 23 55 140 33 73 1 58 33 1 103 15 121 41 9 115 55 37 59 16 31 23 105 36 39 50 80 139 134 68 26 85 43 66 6 84 61 32 96 64 92 28 39 25 2 97 45 79 125 119 77 35 60 123 84 12 48 126 72 72 34 114 40 49 84 63 73 27 71 42 74 13 53 52 24 63 134 46 1 70 15 130 10 132 136 24 66 69 96 34 123 14 85 102 129 34 73 24 51 67 46 97 124
9 6 85 47 113 8 90 104 64 75 101 119 7 9 37 125 56 3 64 73 84 134 40 133 11 50 102 41 68 44 116 61 60 80 23 46 44 12 110 31 128 106 71 15 50 95 67 81 10 125 97 72 56 85 135 80 48 132 84 34 126 26 104 50 48 79 108 125 5 116 110 93 109 79 42 70 6 125 67 62 75 111 5 138 108 133 90 20 137 84 99 56 34 14 28 4 26 21 30 48 61 102 85 90 82 139 57 23 80 28 30 82 67 11 81 54 21 1 61 23 48 14 27 136 107 66 98 20 14 97 87 46 23 72 105 82 101 25 96 110
19 63 43 8 45 15 65 34 78 131 105 63 122 62 97 65 21 18 82 103 136 3 62 40 124 24 132 28 21 102 128 72 140 122 103 23 10 44 113 37 11 134 16 1 85 115 132 28 51 58 71 20 11 11 91 11 114 14 65 18 95 133 113 108 2 96 51 86 91 111 26 50 37 140 28 106 18 50 100 107 111 51 98 3 54 130 28 138 53 6 50 120 123 14 137 138 58 6 15 71 104 11 3 76 69 41 20 98 70 64 35 133 73 80 108 77 70 10 70 6 40 1 136 116 121 96 84 111 13 89 107 102 7 53 83 18 92 46 136 137
112 135 74 29 55 43 27 72 117 59 12 138 117 64 140 33 86 16 61 113 122 79 5 95 100 4 107 94 101 98 10 26 101 43 116 12 72 63 124 103 49 78 123 135 44 87 107 52 106 104 89 130 67 70 76 102 29 20 41 118 104 24 57 89 50 130 99 97 110 72 72 41 62 48 1 133 117 109 49 100 82 55 49 21 116 126 31 119 46 37 53 29 126 95 131 121 35 106 65 89 95 24 71 71 92 67 13 89 139 50 77 69 88 121 43 3 66 100 138 140 102 26 85 39 121 95 118 140 138 110 53 91 81 26 47 49 10 123 106 21
95 29 12 55 24 112 8 30 25 113 97 103 16 48 138 2 128 132 104 26 113 132 135 72 139 57 61 94 113 110 123 35 69 28 79 85 7 81 61 108 78 22 49 89 59 69 114 68 43 42 30 82 77 105 53 22 131 47 69 14 108 13 135 58 68 64 106 82 116 52 2 92 8 7 85 4 87 114 28 29 56 65 2 105 11 70 125 102 25 106 136 92 63 41 42 42 70 83 128 82 44 87 74 28 124 37 83 12 69 128 77 99 43 39 6 120 4 1 129 135 131 27 98 24 27 107 129 133 75 65 103 45 31 55 59 105 46 103 92 74
38 5 51 66 45 30 42 47 52 22 133 15 65 138 101 84 101 127 39 133 103 9 134 131 137 3 21 72 35 24 71 105 31 136 14 45 26 67 30 20 37 45 130 30 3 49 17 127 105 107 53 75 81 123 88 2 51 1 71 35 4 13 65 78 103 14 77 69 74 118 77 17 22 113 124 139 64 63 82 35 1 71 116 123 98 51 108 37 38 128 49 63 132 105 101 4 99 50 79 131 91 26 87 117 6 88 64 19 72 56 110 94 98 132 86 40 70 116 52 81 28 74 32 16 17 29 66 67 123 135 115 123 71 105 92 38 84 99 66 53
131 78 138 129 20 65 118 64 92 33 110 108 74 16 19 9 129 45 26 44 43 20 72 38 121 82 41 3 97 76 75 114 17 39 81 91 50 36 6 21 71 105 11 113 20 116 2 20 77 57 93 129 118 77 47 58 98 69 77 3 103 55 86 4 112 57 57 44 72 16 45 136 15 65 105 95 37 121 79 28 107 68 61 96 126 6 24 6 65 124 49 79 103 66 116 7 80 71 67 7 31 77 10 15 73 32 95 57 56 30 98 84 111 80 131 75 108 31 114 55 69 96 20 89 59 136 72 125 61 34 63 16 130 41 40 134 112 1 80 15
85 56 92 13 123 114 14 24 66 35 18 39 7 10 29 84 51 27 29 53 103 122 13 99 49 76 94 51 136 75 130 59 132 135 98 62 114 95 127 13 22 89 139 84 6 124 136 55 29 22 117 54 89 13 74 134 78 84 81 70 44 55 71 65 109 71 86 9 77 69 32 86 117 31 48 16 66 87 28 15 49 16 25 27 62 30 18 7 64 112 50 77 17 18 9 101 20 54 78 82 22 61 25 99 3 10 102 22 122 82 111 102 12 5 135 48 113 36 12 108 116 110 59 114 86 85 20 35 43 112 94 56 38 23 94 54 76 95 76 113
67 108 36 34 127 110 88 6 120 44 117 97 65 109 126 13 10 18 7 94 121 93 72 128 87 59 130 104 15 65 92 93 61 22 140 96 110 49 40 126 68 90 103 104 119 116 110 23 74 2 42 12 60 47 96 23 129 25 122 120 42 65 6 37 9 25 123 69 7 109 93 16 36 30 100 114 51 84 58 81 8 64 41 125 44 17 33 119 135 6 13 18 68 124 130 71 74 31 114 7 121 110 9 63 21 12 103 90 23 138 80 45 9 112 80 59 47 4 116 22 115 37 94 2 83 85 78 136 73 17 123 94 20 61 82 108 60 16 81 87
33 117 30 34 48 11 18 18 105 60 50 61 9 104 83 79 112 88 44 18 39 44 108 98 26 38 91 78 122 29 80 91 123 16 107 82 34 127 100 35 109 46 107 126 137 139 10 17 12 109 5 81 73 2 129 54 28 56 111 120 40 28 6 56 61 1 136 10 41 82 90 122 6 74 25 13 30 25 125 136 71 11 130 28 130 29 18 63 14 30 26 69 136 27 92 8 70 114 71 112 105 38 74 101 123 120 121 55 90 59 47 37 50 69 100 135 99 40 70 68 60 62 10 55 84 83 27 74 86 14 95 91 23 30 31 134 14 16 39 49
108 25 100 2 91 90 59 28 135 37 74 90 100 97 132 62 88 39 17 115 44 51 81 8 38 32 127 123 74 61 13 7 12 125 38 86 72 101 115 136 40 86 17 70 129 91 67 115 40 75 85 125 79 3 57 116 3 62 89 46 12 5 35 33 21 84 60 94 42 109 93 10 72 57 53 7 118 133 7 133 4 30 37 78 27 10 29 140 48 45 71 103 83 83 52 49 98 7 129 79 15 131 53 118 58 111 101 70 56 121 36 72 100 105 62 67 97 116 94 131 120 122 65 103 138 34 66 69 73 45 26 32 17 21 46 134 6 21 131 72
92 88 63 102 2 85 39 54 38 41 122 25 18 34 27 33 31 100 85 63 22 66 119 27 57 138 91 92 20 111 133 31 70 81 23 50 49 119 91 128 52 21 76 119 34 50 133 1 5 133 11 108 88 10 131 140 72 78 79 13 98 85 12 121 5 121 19 118 105 73 50 47 37 98 101 66 121 125 70 21 87 6 97 101 137 107 75 98 48 36 96 53 100 64 100 43 76 72 132 29 55 43 132 132 95 89 115 13 117 77 29 18 104 59 7 112 9 34 7 114 48 139 138 20 130 36 91 72 84 88 117 40 74 89 24 7 101 27 57 16
121 47 50 121 101 58 13 135 19 19 2 138 67 84 126 59 52 28 137 26 106 126 16 50 17 55 18 60 5 6 59 33 26 32 7 9 73 88 78 35 4 113 71 78 102 1 15 139 129 70 96 41 45 51 65 48 110 2 75 120 118 33 118 125 79 118 82 60 25 34 99 61 130 90 106 19 19 92 42 123 61 12 104 39 132 8 89 77 56 64 21 23 51 8 97 119 124 47 8 24 138 83 41 134 137 110 36 134 70 6 59 123 125 56 115 122 103 35 98 22 55 24 24 7 22 8 31 95 60 95 46 117 61 71 114 97 60 87 7 89
96 92 97 32 94 137 2 129 5 22 60 62 41 88 77 95 20 97 80 93 78 102 27 100 66 46 119 127 87 88 115 110 5 117 1 136 123 140 9 49 38 39 90 17 53 99 105 27 127 40 24 129 73 2 120 47 85 58 34 31 131 42 22 125 126 68 64 64 92 7 42 2 104 134 52 26 9 13 18 107 46 94 134 54 121 89 126 81 16 78 126 29 121 89 126 29 108 127 137 46 118 133 129 131 129 89 3 59 46 113 36 128 131 136 23 91 9 124 25 99 56 37 40 95 80 33 82 95 82 17 90 14 77 127 108 91 26 83 33 35
4 133 68 107 120 56 137 132 132 53 108 77 114 31 19 101 70 63 107 31 79 8 116 80 18 8 134 129 104 108 109 9 17 8 66 6 27 55 19 67 128 34 119 75 83 56 47 101 6 56 63 16 82 14 15 56 100 5 35 81 6 84 72 80 133 58 72 73 68 52 72 49 49 85 59 107 84 57 50 16 133 42 96 93 56 84 51 105 59 10 9 21 124 54 21 136 53 86 26 112 75 127 24 66 72 43 72 140 20 89 36 99 75 47 27 53 9 79 38 8 78 140 20 90 94 39 125 122 83 90 50 11 16 71 91 81 86 19 26 19
128 129 25 7 53 56 47 138 127 55 113 52 88 68 36 122 16 65 8 50 118 30 17 2 55 50 17 100 83 49 9 71 115 91 122 107 98 125 113 21 100 26 133 30 68 26 29 1 59 54 73 41 111 129 72 127 102 51 81 68 63 67 54 64 136 88 53 133 135 24 118 87 131 58 85 1 22 85 112 139 34 32 36 40 11 109 110 60 44 65 88 108 110 43 22 17 4 94 39 135 78 132 18 116 35 124 54 130 129 96 43 83 9 83 85 77 104 101 115 63 117 45 34 60 120 138 132 9 103 58 94 77 127 20 93 106 15 29 63 51
58 20 82 14 7 13 5 11 72 139 66 59 43 19 7 33 49 2 125 66 29 131 59 101 135 121 27 89 69 55 14 4 133 123 37 118 131 89 5 138 106 64 133 23 49 18 130 113 26 13 30 77 77 103 30 81 49 4 40 105 19 98 90 5 44 10 26 128 120 104 41 139 111 81 21 63 64 20 110 79 57 135 54 19 65 9 82 112 26 11 25 20 94 23 109 18 112 124 138 58 52 88 57 4 3 4 125 47 37 47 114 32 42 38 96 32 57 54 4 18 119 73 111 67 133 125 130 94 20 13 95 97 92 64 121 106 14 29 76 126
54 130 127 26 105 129 138 115 7 35 5 86 112 48 2 9 97 140 31 84 12 63 75 35 2 45 97 107 108 7 105 1 72 92 98 98 128 89 52 106 61 104 47 58 4 38 36 138 9 54 106 134 70 138 32 77 7 102 60 113 24 46 4 126 72 91 77 47 69 126 29 64 111 18 100 87 78 13 136 56 73 59 42 51 105 96 16 64 51 73 45 77 98 15 24 92 33 22 99 100 105 72 21 24 126 113 57 10 31 78 83 124 117 30 97 123 76 61 18 13 18 79 134 27 67 45 37 28 84 13 41 73 28 84 94 93 63 126 75 74
103 44 45 38 78 32 6 53 73 38 76 96 135 83 137 136 88 102 11 140 97 133 115 77 41 30 31 103 117 38 119 120 85 113 8 70 114 39 120 132 16 100 98 108 133 68 129 16 32 2 21 101 52 110 122 7 23 37 99 58 45 138 89 133 70 77 57 117 79 117 86 103 39 129 51 133 59 113 106 114 120 5 128 30 90 121 60 55 1 70 125 54 98 74 120 140 15 32 85 107 61 10 48 10 84 65 109 87 28 62 123 106 119 127 2 37 8 46 99 140 74 52 45 50 11 137 28 140 32 75 104 91 105 50 89 110 96 96 69 116
23 35 6 136 5 80 4 1 93 18 32 42 90 78 86 63 22 2 97 14 58 57 51 133 77 76 40 11 17 128 130 86 38 25 58 39 122 58 53 64 99 139 76 109 120 20 24 83 86 4 88 105 107 126 54 91 23 2 50 2 82 2 22 126 86 69 1 93 78 54 136 123 4 12 34 133 111 132 107 51 85 34 31 118 51 44 91 126 90 7 90 127 24 84 57 131 106 63 65 11 120 4 83 82 93 68 95 32 68 63 11 129 115 68 54 72 15 61 60 110 48 106 20 82 140 131 130 10 127 104 42 101 90 23 51 121 71 69 55 21
48 47 123 100 39 38 28 47 1 112 68 90 19 56 129 31 51 63 38 115 44 33 38 114 96 35 24 111 37 51 83 131 110 117 12 88 126 100 113 19 132 107 61 35 24 42 89 51 93 11 31 43 47 105 103 77 30 96 28 19 27 40 115 129 84 120 116 28 16 66 66 105 4 126 134 93 138 40 6 35 73 91 95 47 34 58 46 43 54 89 65 13 131 37 20 38 101 13 32 59 134 52 70 118 34 75 22 34 48 25 114 103 99 136 28 64 95 48 75 106 100 52 57 51 4 140 99 22 98 5 28 10 95 52 46 45 96 55 19 54
11 89 90 103 101 13 53 105 90 64 97 40 3 65 48 71 70 20 41 22 119 101 130 54 5 134 24 56 8 116 126 55 70 101 136 50 78 89 136 55 82 114 83 33 5 112 92 112 19 89 40 16 132 43 93 104 74 56 57 139 1 94 20 40 72 96 135 32 129 105 67 62 113 103 24 139 38 42 58 102 45 67 139 78 122 135 1 35 127 13 132 115 98 85 90 49 108 138 137 81 124 84 121 101 111 12 80 19 58 32 89 35 126 125 28 76 79 94 94 90 11 42 44 36 95 116 16 63 25 77 46 91 14 1 5 37 52 35 82 50
1 46 114 64 131 56 87 80 17 34 4 88 4 92 114 116 60 115 7 5 48 56 70 92 48 97 33 35 121 52 45 122 81 122 10 107 82 15 45 115 73 29 128 79 26 14 15 88 96 71 47 20 76 62 58 4 55 89 32 80 41 98 107 2 50 103 88 75 65 34 128 82 79 88 46 80 29 105 54 103 38 77 32 117 127 27 117 112 111 105 13 49 136 67 39 120 39 123 24 33 100 136 15 58 125 139 19 68 57 104 101 97 71 93 105 106 6 66 120 83 137 13 49 44 22 98 121 37 71 4 45 78 60 107 76 26 140 139 116 122
66 115 133 64 138 100 53 38 15 100 73 32 8 44 102 71 45 98 87 53 110 64 64 119 37 139 63 99 22 114 44 107 103 128 121 130 74 78 16 117 14 32 27 7 115 88 6 49 92 95 53 28 34 37 88 90 22 16 78 98 58 37 119 77 70 134 136 110 81 110 68 35 11 54 137 4 117 134 18 55 82 78 121 120 53 25 119 37 3 27 12 22 53 39 100 120 3 28 9 26 114 95 119 64 73 18 67 128 97 137 55 8 128 41 77 113 84 4 35 98 140 86 86 38 74 78 25 21 108 79 28 24 57 9 68 77 29 101 84 67
110 135 69 68 54 103 37 55 18 59 55 27 88 14 100 125 108 58 124 36 31 89 92 11 76 82 3 9 64 39 54 49 123 105 69 53 105 71 11 58 8 89 28 48 9 90 14 19 50 12 134 44 6 48 81 85 62 28 21 29 63 64 136 139 90 75 71 118 13 110 73 9 119 99 140 72 69 126 126 106 11 139 125 13 95 119 113 70 127 38 85 117 72 102 108 66 20 17 103 124 60 100 23 116 45 78 118 102 6 125 39 7 12 84 76 89 133 53 58 59 135 27 133 55 140 27 67 11 71 117 9 83 119 86 36 117 52 101 120 97
38 135 81 125 65 5 8 44 134 42 105 133 68 133 29 72 68 111 2 22 96 62 33 18 110 101 38 117 69 80 119 47 36 91 16 100 22 98 7 75 137 131 89 66 140 71 30 4 69 115 7 78 71 75 8 53 134 114 46 64 97 86 112 102 109 32 77 16 94 68 116 20 29 113 135 96 130 134 12 78 119 104 122 132 63 139 78 67 25 88 91 116 25 87 47 135 73 139 13 89 138 1 81 68 57 76 66 15 11 1 7 58 134 76 113 115 19 49 17 99 27 63 109 51 63 85 138 87 40 110 115 118 136 119 119 15 116 70 39 75
89 110 105 67 55 121 24 12 18 140 111 126 69 122 137 41 47 96 126 77 20 117 89 111 86 130 103 81 39 119 25 90 118 78 94 111 99 83 59 10 91 138 92 130 42 33 2 50 20 37 10 101 130 112 59 136 10 83 117 68 28 16 64 94 103 59 34 8 64 89 121 122 74 67 30 56 101 137 76 103 135 93 26 93 5 17 139 5 63 1 49 125 49 42 128 107 123 55 14 104 140 123 38 107 78 115 5 33 138 75 51 78 35 124 53 102 63 131 93 94 35 98 67 33 85 103 134 19 23 111 45 79 42 121 99 58 64 56 46 111
38 96 35 64 119 34 65 58 52 62 62 59 80 106 129 18 114 74 78 63 93 83 116 90 77 138 81 23 54 105 25 84 22 39 1 133 116 83 93 14 34 35 124 66 28 84 93 56 62 19 28 36 58 68 52 31 77 4 98 116 51 60 73 121 4 98 113 32 26 1 104 37 106 53 42 3 77 16 63 43 132 23 116 34 54 76 24 116 3 109 103 100 102 68 95 17 32 101 95 135 56 8 69 64 117 98 135 66 43 24 24 13 124 61 101 20 114 57 92 126 60 106 62 77 96 127 113 22 135 69 60 50 100 51 36 43 77 47 121 103
13 139 23 76 120 36 22 105 54 51 140 32 43 17 20 133 100 40 127 51 33 97 124 22 59 74 71 78 33 16 44 41 133 42 125 109 40 33 92 1 57 38 103 62 120 135 69 38 20 80 69 20 67 118 1 76 100 107 74 42 64 73 18 103 28 51 81 18 106 130 39 58 91 115 44 100 4 48 44 60 86 140 77 55 122 17 106 126 137 4 36 113 44 134 83 47 106 124 45 19 108 137 81 82 84 113 109 130 39 25 71 31 62 15 109 109 25 60 139 70 14 66 114 54 103 119 102 127 66 52 40 17 21 123 37 61 73 27 67 87
67 92 30 27 130 23 51 10 33 30 72 33 62 114 34 62 24 27 111 125 56 133 52 1 109 28 81 2 7 101 21 116 125 101 19 105 132 121 105 37 102 4 87 18 101 4 3 5 72 17 113 82 46 1 36 133 34 36 21 46 72 91 85 59 94 65 25 48 111 42 74 115 59 21 8 140 139 118 49 55 90 122 51 36 38 38 49 28 104 134 116 84 113 30 12 115 17 100 122 44 31 104 125 87 137 51 10 110 124 46 10 26 6 91 136 101 73 22 91 96 13 115 14 4 35 120 25 33 85 71 40 100 105 100 83 9 119 131 119 39
25 43 104 1 29 101 103 21 97 52 86 39 123 46 124 139 2 131 31 124 50 123 127 84 106 135 10 5 117 55 135 68 22 2 120 134 84 113 26 67 34 132 78 69 11 131 51 78 15 47 9 110 77 99 30 32 102 46 10 44 36 101 114 128 124 58 50 122 114 92 38 43 32 29 72 47 40 63 58 53 99 7 18 76 102 112 117 140 65 112 81 9 30 53 33 126 94 29 12 75 24 82 27 9 124 10 65 135 134 80 87 80 65 54 86 115 130 102 106 129 80 30 116 57 72 9 12 86 76 3 72 73 69 28 25 129 28 106 123 58
43 13 134 123 114 139 34 96 2 44 129 83 55 25 119 111 66 6 69 5 62 121 31 118 15 97 44 70 107 75 111 121 113 47 94 104 80 116 22 96 113 66 137 57 40 43 93 126 69 93 1 19 42 128 121 114 106 122 113 34 95 2 59 107 111 119 43 34 135 119 38 20 99 109 15 85 83 121 135 127 31 39 55 87 93 99 24 20 70 86 59 136 16 95 88 77 85 93 35 22 42 15 55 54 60 117 20 4 17 119 40 12 136 22 62 73 115 43 113 62 3 123 98 76 106 69 54 76 65 118 121 25 137 14 85 71 9 126 132 108
136 30 75 91 7 121 128 45 22 104 101 46 77 2 26 96 44 131 83 120 92 56 112 120 88 78 52 61 21 120 112 44 83 47 81 128 108 92 11 22 100 58 138 15 28 84 26 15 125 14 37 2 40 21 44 120 59 70 29 29 21 40 94 24 31 116 58 125 41 15 105 125 116 100 83 26 38 9 74 5 37 97 127 104 106 41 4 1 133 90 44 31 39 43 129 108 18 61 42 96 62 68 81 54 66 90 79 111 79 49 96 96 128 140 87 24 139 108 76 94 78 78 49 21 105 105 50 6 91 69 6 56 62 12 93 79 140 11 53 5
123 18 66 135 133 99 45 14 94 27 76 64 14 45 13 74 127 110 140 88 47 78 135 25 105 127 70 82 15 53 51 135 34 50 34 62 68 69 23 123 113 22 125 86 28 34 89 15 102 94 42 83 75 105 42 55 107 12 128 116 104 129 120 19 58 104 55 56 94 58 121 18 44 88 59 138 118 108 95 73 127 34 53 137 133 111 69 114 21 100 80 64 129 13 123 63 44 113 123 89 103 126 67 64 100 38 7 4 80 16 116 128 24 34 19 15 107 85 131 75 77 50 71 83 120 104 43 28 49 59 140 62 120 18 88 33 54 126 117 133
82 61 92 129 5 91 91 64 17 115 124 88 17 6 117 113 119 116 138 40 139 6 134 109 6 6 108 121 51 122 95 135 92 129 124 71 139 46 112 66 78 45 4 110 5 127 4 88 61 124 119 42 53 53 114 15 49 30 125 56 127 69 135 55 7 106 87 43 21 88 14 80 116 51 127 37 72 34 137 63 30 18 59 41 81 33 11 86 8 126 63 52 107 22 43 135 30 66 121 17 67 122 106 80 84 131 8 64 84 68 108 58 49 23 54 55 47 72 40 126 57 53 84 20 30 79 18 2 24 48 134 70 74 125 127 70 138 112 100 84
38 139 25 95 37 13 11 60 107 48 65 30 19 74 83 88 18 125 115 98 46 90 6 73 125 60 137 140 98 31 73 69 51 57 90 85 21 61 19 86 25 16 98 108 76 103 3 2 84 132 140 34 40 27 117 122 58 68 54 57 135 6 17 109 108 139 70 125 87 104 112 40 57 23 125 60 139 57 113 131 48 82 100 30 97 13 30 19 18 130 36 136 51 22 15 25 100 87 127 6 125 15 79 13 5 75 41 16 114 11 33 52 77 63 70 106 63 134 31 33 55 82 19 86 22 39 44 48 53 51 60 79 116 8 7 67 8 57 37 41
19 17 105 118 91 10 8 2 1 127 11 58 64 12 136 136 106 80 72 46 91 140 77 48 44 23 136 100 81 11 66 31 52 15 44 93 90 8 20 28 100 80 90 108 121 85 67 42 65 28 110 10 128 96 109 110 92 93 129 2 26 8 20 79 60 35 75 117 89 9 17 73 100 11 9 30 24 86 90 68 1 72 27 107 79 5 120 47 115 132 105 122 28 131 87 16 59 117 66 100 28 4 115 51 83 131 68 64 12 125 42 64 2 112 86 2 1 42 133 88 46 37 57 127 75 62 93 50 22 139 68 2 90 113 123 104 23 38 42 50
77 80 50 81 18 100 65 126 69 104 29 63 73 30 89 112 121 3 9 30 62 71 11 127 114 82 117 74 103 136 131 48 5 45 108 54 80 52 131 131 79 88 67 57 110 118 139 58 86 139 8 56 91 111 28 63 96 65 132 20 82 28 118 119 25 60 8 71 78 97 2 69 49 88 27 56 26 53 33 21 22 69 96 28 140 73 16 77 14 1 30 66 46 127 53 47 63 71 89 72 106 117 9 48 65 65 45 34 100 128 123 119 29 38 93 36 105 3 79 74 22 122 59 126 5 31 112 137 63 96 61 89 95 101 94 73 10 84 57 124
79 140 90 133 133 87 33 45 20 122 7 8 77 110 37 138 4 69 49 48 97 14 90 114 32 33 66 140 68 133 136 39 58 89 114 66 82 4 21 40 98 126 51 6 51 123 140 73 33 67 40 64 61 14 8 88 68 49 74 99 108 4 82 65 89 37 85 81 68 56 106 64 98 33 7 90 140 24 112 88 81 139 18 43 58 89 54 92 131 117 110 100 140 22 32 29 26 19 102 27 132 19 41 60 91 52 58 109 106 11 93 138 132 140 14 3 16 20 11 4 134 16 132 1 54 4 54 46 129 101 39 41 138 6 64 124 24 69 67 53
103 41 103 25 88 102 5 138 99 12 15 59 80 116 133 110 7 61 9 92 47 92 65 41 117 104 139 110 111 79 88 13 56 99 69 109 68 25 101 71 42 69 65 6 32 101 108 113 77 57 39 54 124 130 77 100 93 3 8 47 67 7 40 108 111 6 30 21 5 131 89 86 50 65 130 126 102 93 80 96 140 111 111 51 1 128 89 56 107 85 104 124 108 78 84 97 121 120 67 5 77 17 56 6 75 66 17 105 126 102 1 22 95 90 15 5 43 139 56 113 42 38 7 75 80 83 22 126 92 99 6 21 47 126 10 13 111 111 140 52
101 79 104 18 133 17 13 59 27 129 77 23 136 91 46 77 93 30 86 57 6 138 16 64 129 31 12 1 19 27 22 105 67 77 125 11 86 5 20 135 127 66 93 101 45 132 13 96 25 36 9 71 106 62 72 63 31 138 103 40 4 52 21 43 108 117 128 113 123 38 49 67 105 44 54 44 116 129 113 24 27 43 124 110 69 42 8 25 21 27 64 11 54 90 46 91 29 93 72 45 63 112 6 99 75 135 14 137 103 132 63 38 88 134 30 115 79 137 58 105 57 30 27 102 25 106 69 64 49 128 108 47 66 74 65 111 51 83 33 12
99 30 131 74 65 101 105 5 111 79 79 74 84 56 122 129 109 15 140 10 84 48 32 66 117 60 1 7 19 116 86 120 130 107 76 56 84 51 116 44 110 7 12 49 102 8 4 140 62 26 57 48 97 14 96 15 82 138 99 81 25 73 40 49 28 40 4 16 22 117 73 25 88 128 100 53 102 26 13 64 7 67 127 40 2 91 50 39 18 13 16 71 70 84 107 31 60 8 99 91 45 135 18 101 49 104 59 31 90 20 87 4 32 39 89 79 52 105 40 87 133 36 73 3 26 122 89 130 125 29 80 81 29 113 50 128 45 75 61 112
118 11 10 122 94 97 60 95 23 90 108 112 121 98 90 70 46 10 41 1 104 98 91 118 84 111 50 18 45 138 26 82 10 106 40 112 84 72 53 133 31 12 13 67 130 65 53 6 123 31 114 33 83 69 134 81 25 114 25 48 98 86 94 64 3 52 52 99 108 47 86 45 101 135 70 134 89 37 64 43 54 106 44 61 126 89 19 73 100 114 19 68 135 45 62 33 117 88 59 49 137 119 116 135 139 45 18 51 23 52 12 89 137 77 86 78 132 96 17 74 139 120 108 18 104 49 19 88 62 65 126 101 67 47 44 108 130 109 106 91
41 58 21 59 26 51 135 94 116 104 134 99 118 105 57 84 62 55 107 129 48 61 108 107 31 112 4 76 102 52 132 48 18 83 64 20 99 5 133 139 128 31 10 105 21 41 59 45 15 51 29 16 38 85 33 38 133 25 16 122 70 123 136 136 94 78 74 126 78 106 129 118 125 24 39 108 40 36 54 39 8 130 65 96 1 112 66 48 33 89 136 127 115 60 73 135 38 84 33 93 36 93 48 61 28 115 133 131 135 76 117 131 5 2 43 55 138 134 6 109 14 84 111 13 139 131 4 86 51 21 37 123 44 81 6 91 64 110 112 127
49 133 42 76 67 46 103 43 52 104 77 84 139 101 36 134 82 62 123 16 114 46 69 115 68 26 65 21 86 41 88 18 121 89 32 138 2 26 79 134 59 114 99 37 124 126 52 21 32 43 132 140 106 87 72 61 66 95 11 28 52 31 73 48 140 66 17 127 66 52 92 55 140 48 108 117 86 83 56 9 36 45 18 100 100 38 113 101 91 67 35 79 107 126 127 86 30 43 100 80 116 140 27 33 104 140 72 99 37 134 55 109 81 32 32 23 85 61 63 128 122 117 92 46 130 94 79 92 120 81 126 120 94 46 76 27 21 48 137 41
127 66 72 129 54 50 105 1 136 32 8 50 34 71 101 139 9 102 54 53 106 107 131 42 113 37 66 14 122 98 44 80 106 17 85 55 92 24 42 45 124 124 97 92 138 7 134 8 13 93 20 78 126 22 75 77 66 100 82 44 83 15 67 9 55 101 57 53 29 72 66 110 72 28 101 85 116 81 23 21 67 42 50 125 58 98 17 73 18 89 11 41 76 32 62 28 84 63 86 10 137 79 32 63 5 93 105 83 134 83 140 27 48 41 96 103 102 35 106 24 47 103 131 22 135 38 103 69 9 7 72 66 56 42 87 121 50 116 93 62
29 77 93 104 116 87 14 114 117 73 81 38 85 53 103 60 40 19 126 33 124 59 43 74 80 134 26 7 140 133 23 140 1 140 46 40 128 114 62 46 110 125 130 100 34 26 34 54 31 129 63 29 93 109 110 58 123 46 110 10 64 99 56 135 125 106 87 119 42 105 38 29 106 128 85 132 108 83 140 84 20 114 83 128 74 77 68 56 40 111 11 29 60 110 7 88 139 42 129 118 110 115 23 30 92 62 52 22 63 136 5 128 123 82 139 128 64 107 1 11 102 47 134 33 38 103 11 77 85 95 98 19 131 129 6 79 25 20 41 137
27 91 115 111 124 90 102 51 139 44 113 6 115 43 85 42 74 124 57 134 121 13 123 65 117 52 76 50 53 62 101 72 56 10 55 99 112 81 87 73 99 115 37 62 124 140 134 62 18 76 108 4 79 17 55 83 54 71 72 90 115 19 121 43 34 23 8 119 127 137 46 121 123 39 9 86 56 96 46 51 22 22 103 107 51 23 47 76 133 108 40 119 88 80 23 10 121 48 30 18 94 52 20 123 95 103 102 90 11 81 135 20 94 43 19 44 114 134 78 31 27 3 79 32 7 48 125 21 23 132 24 30 90 130 102 89 56 93 12 17
116 83 38 69 38 89 35 57 2 76 33 16 54 67 107 39 52 25 10 70 104 83 90 114 21 63 42 17 15 43 97 72 15 53 117 117 102 133 51 16 90 121 71 37 69 97 81 83 30 25 113 103 95 131 121 22 82 61 47 106 100 70 28 60 2 50 139 106 91 65 80 43 26 15 68 8 46 42 63 36 42 24 94 136 79 135 42 95 75 20 34 91 90 124 30 76 10 27 48 24 91 15 128 57 74 136 114 12 137 43 24 106 81 129 7 66 18 2 126 88 2 72 33 81 139 90 125 47 140 25 34 77 116 79 128 18 18 58 134 16
102 16 119 140 24 17 13 105 44 5 9 26 37 102 56 8 11 135 39 66 101 8 93 124 125 5 57 83 101 115 97 106 22 52 120 117 84 50 22 135 138 5 81 43 109 49 23 119 91 86 26 105 136 133 52 43 113 65 35 74 41 27 3 66 105 92 129 96 101 74 48 65 70 97 25 105 32 127 55 71 41 103 20 114 124 124 77 75 57 135 43 116 50 10 33 48 31 1 140 118 97 49 95 17 118 20 86 45 95 129 134 50 70 106 18 53 75 38 78 22 79 79 94 42 102 29 121 5 136 17 51 98 27 54 93 31 69 112 75 88
107 58 130 65 124 96 20 75 70 26 131 107 140 122 81 5 59 41 10 127 53 57 66 55 115 99 19 74 2 68 59 140 3 92 28 136 110 122 77 99 74 89 16 16 120 99 78 130 140 22 125 120 12 95 120 9 104 11 96 42 6 61 28 103 57 119 116 16 78 60 100 51 60 83 70 87 105 8 138 14 114 114 12 15 47 124 9 137 69 121 127 36 28 1 8 131 24 99 27 125 52 52 91 88 59 70 64 66 122 69 10 136 97 57 46 105 99 4 85 58 92 106 77 91 93 102 62 58 103 83 140 46 99 70 94 1 74 44 78 92
81 65 54 140 47 19 39 55 12 79 22 83 79 99 104 53 48 2 111 71 113 69 101 5 97 77 94 85 30 103 6 134 98 106 97 43 74 69 111 49 87 117 140 126 29 121 85 128 123 110 22 56 19 41 126 24 133 24 132 76 98 1 30 9 104 78 21 22 84 83 85 12 26 117 61 84 51 1 66 73 68 103 137 124 106 87 101 116 89 51 40 135 121 85 57 70 99 36 13 130 83 70 76 103 44 36 130 82 50 1 93 106 10 44 44 127 133 72 116 114 85 69 75 24 69 94 140 110 25 80 79 130 58 43 12 35 71 52 75 59
9 80 81 27 115 34 67 60 32 23 138 117 30 9 109 53 90 28 115 77 113 105 118 23 89 90 50 68 52 126 16 128 42 114 134 33 71 72 110 100 137 23 10 114 119 95 70 19 7 25 68 26 15 21 105 121 127 26 28 105 129 89 74 45 55 113 26 67 115 68 100 6 15 74 117 7 8 43 92 109 127 138 114 41 30 32 61 69 36 119 119 28 8 121 55 118 125 81 75 63 103 124 77 116 132 72 107 12 87 8 95 8 17 67 12 29 106 71 73 16 71 87 8 86 3 2 11 12 40 67 42 65 138 74 123 76 76 122 99 53
9 109 123 97 116 7 120 26 41 105 39 45 45 69 93 125 14 73 84 134 16 37 26 127 37 75 111 52 15 77 62 65 132 75 5 56 9 111 7 136 108 121 99 57 139 131 43 1 123 66 43 88 110 68 91 112 3 108 110 3 104 8 101 34 108 131 115 108 12 11 32 109 40 53 35 79 82 105 16 47 99 130 122 133 26 111 130 16 124 112 109 39 113 125 134 12 92 135 124 89 109 27 120 60 17 44 133 108 111 73 64 43 4 128 115 82 120 49 59 30 112 30 128 63 7 9 68 72 37 126 120 57 41 106 107 114 93 107 125 88
12 81 15 3 99 78 93 103 86 30 10 72 98 98 109 92 77 73 140 91 15 28 1 106 56 129 52 32 6 64 137 112 55 42 137 113 68 57 53 89 137 104 91 89 69 63 17 35 74 64 133 101 92 69 63 27 24 136 129 92 28 60 99 62 52 84 22 45 18 67 86 139 62 121 97 29 107 118 118 116 69 36 23 62 122 119 114 129 52 32 9 108 134 65 131 74 102 49 26 20 69 107 122 132 133 114 76 87 21 123 9 23 29 14 28 55 21 10 138 32 35 65 79 24 20 116 26 49 55 104 121 109 76 112 126 33 96 24 61 108
105 138 101 131 138 118 42 15 108 69 91 118 106 86 31 56 49 25 21 33 50 31 48 119 109 37 2 92 69 91 69 118 60 38 126 37 70 98 137 133 30 34 17 14 28 103 135 54 78 8 75 138 3 67 31 119 89 94 64 83 82 99 106 138 84 129 113 68 139 128 13 17 17 90 47 62 80 88 51 32 23 71 99 99 119 84 16 92 92 93 1 74 135 102 97 87 52 128 122 28 8 117 97 106 126 9 14 46 87 113 45 108 85 107 109 13 112 114 6 124 113 1 17 21 85 14 12 60 20 135 61 113 135 78 99 93 101 29 47 97
82 113 113 18 15 136 104 53 39 80 93 42 132 72 98 75 110 126 77 50 64 75 131 65 100 122 2 15 51 127 20 57 102 95 80 128 110 32 103 114 90 30 97 20 125 102 57 133 47 101 112 125 25 110 74 90 51 11 16 11 80 100 88 118 71 72 130 30 63 13 74 114 11 89 77 68 28 43 97 81 72 51 123 85 19 2 125 63 94 140 62 31 3 81 81 9 8 59 58 11 31 118 58 24 69 6 61 1 5 52 118 72 109 117 27 57 82 44 62 58 9 69 110 113 83 4 23 87 89 136 85 116 130 26 118 127 10 120 109 84
81 57 6 42 26 28 117 55 66 128 45 136 21 95 88 38 44 104 65 11 100 21 2 32 135 135 59 42 125 77 90 111 18 115 61 20 71 83 71 58 14 64 112 1 67 30 138 120 128 132 31 22 22 81 79 125 117 42 76 60 109 81 79 24 3 116 117 24 123 110 59 100 73 7 35 95 38 57 98 10 68 101 126 23 94 73 131 127 138 94 45 18 107 77 48 56 110 21 106 104 114 101 43 50 127 27 108 22 77 122 78 127 32 48 135 65 126 113 65 58 6 120 89 108 28 84 97 62 97 68 106 67 56 126 16 72 38 55 31 46
132 139 91 65 109 54 79 107 93 46 51 132 41 62 110 92 140 93 11 105 92 94 102 114 126 46 74 120 118 73 110 47 126 34 121 106 79 51 82 108 71 64 33 90 114 79 26 38 79 73 75 47 54 73 17 139 27 19 68 96 99 5 36 57 2 106 101 100 127 109 140 34 20 23 70 100 136 51 40 74 37 61 101 97 47 89 107 138 2 30 135 41 39 21 113 87 23 61 102 63 107 73 24 31 43 24 91 9 109 106 113 54 132 116 53 105 132 87 62 26 29 106 99 19 134 55 60 123 114 18 120 69 83 113 17 4 9 32 137 14
76 98 10 97 114 48 70 21 109 51 21 93 25 37 31 89 71 65 77 92 71 28 40 103 113 115 46 119 16 95 64 6 139 132 48 100 21 139 39 12 107 70 110 57 126 99 79 55 111 54 102 76 23 62 48 98 104 124 4 26 63 59 63 24 117 18 33 78 72 91 15 105 52 30 30 44 74 111 95 83 106 127 1 53 46 95 113 39 50 85 127 106 20 138 68 106 124 57 46 50 140 13 53 59 17 19 57 54 8 6 53 35 94 69 50 71 71 126 94 40 140 99 24 99 132 8 38 84 108 106 63 90 46 45 4 104 81 61 118 23
112 83 132 59 28 52 135 51 26 110 13 5 94 76 116 5 101 13 118 134 140 1 60 54 62 90 87 57 34 12 129 14 37 61 36 123 91 84 109 128 71 101 60 86 115 79 44 16 62 98 96 43 7 83 12 26 120 97 35 69 90 86 84 31 88 31 5 57 36 115 10 32 11 123 94 91 50 71 130 110 123 96 30 90 66 24 50 55 10 99 124 129 117 136 73 133 83 120 98 63 50 64 29 84 113 88 40 26 125 12 71 57 14 117 92 116 110 57 87 3 60 10 135 37 106 110 123 15 80 25 48 4 26 56 124 56 92 76 29 108
11 128 95 132 132 24 80 76 118 75 133 70 38 38 44 120 48 82 109 134 76 70 91 85 101 26 31 50 51 15 4 119 115 39 78 58 42 118 95 116 102 9 114 1 92 131 54 88 100 7 117 133 12 25 18 100 41 24 51 68 42 14 8 102 1 113 20 75 33 29 126 50 11 100 119 136 44 137 11 12 113 30 115 40 78 80 136 29 98 61 42 116 91 2 46 15 135 44 103 51 14 27 73 109 8 40 95 136 131 73 65 65 110 94 20 23 60 115 58 31 135 136 137 98 107 78 83 135 102 114 107 67 80 87 3 32 128 60 47 29
107 132 130 45 60 91 112 137 88 106 72 40 121 126 60 78 26 89 6 8 44 102 107 38 34 55 125 46 101 129 40 100 139 15 74 6 91 4 107 135 105 13 38 138 81 37 125 125 31 120 41 3 83 139 49 111 102 129 101 139 55 76 13 20 128 59 42 9 21 80 90 2 129 52 101 130 22 48 4 52 33 26 127 13 48 75 112 122 73 1 35 79 70 68 33 74 3 6 58 101 93 60 91 98 67 31 138 34 98 41 114 126 80 119 72 129 20 69 23 30 38 27 30 29 26 119 133 22 76 77 78 59 39 98 74 11 38 49 69 87
125 113 64 27 15 140 95 49 18 138 3 13 113 104 70 79 54 40 45 136 68 7 78 57 33 39 2 37 77 5 74 68 35 108 135 3 72 10 77 90 2 41 86 20 83 7 5 105 18 39 3 37 101 86 137 108 44 108 63 8 28 139 77 72 121 48 83 23 110 53 82 48 26 28 85 16 135 127 75 10 2 106 25 74 28 12 139 22 45 68 117 27 11 47 76 27 76 40 44 9 25 20 104 96 136 136 123 77 105 109 34 103 108 77 41 16 136 64 118 91 114 120 37 8 88 35 66 137 41 114 56 96 128 60 98 2 11 68 68 23
121 47 116 112 90 91 92 117 134 26 84 62 70 55 122 21 91 106 54 99 15 1 1 127 44 62 101 10 30 27 8 135 44 37 38 84 138 91 138 50 37 113 126 5 41 83 18 116 112 113 71 126 4 18 50 105 115 122 44 136 84 62 20 104 121 93 89 83 11 96 89 83 100 65 61 76 75 7 21 17 11 101 131 44 122 59 14 85 27 131 12 16 115 19 136 41 117 97 72 111 86 107 46 57 132 99 28 102 1 136 39 36 6 70 111 136 13 38 9 133 81 76 127 76 32 65 32 87 107 37 118 65 23 103 37 93 23 110 132 28
110 80 95 47 129 116 22 74 30 23 42 25 26 2 94 137 82 93 51 42 20 52 16 123 16 107 42 1 72 80 49 48 138 54 61 62 113 20 115 19 132 107 35 100 55 12 133 124 98 94 24 139 125 73 21 123 44 30 65 65 1 38 62 85 21 57 13 76 51 93 46 79 139 90 18 47 32 37 136 38 48 126 34 62 50 99 72 101 98 108 62 72 128 140 105 83 133 5 41 35 74 4 57 56 35 86 140 123 131 19 103 39 52 128 40 114 70 105 83 108 102 28 103 106 99 132 75 92 63 69 108 113 48 81 71 63 68 64 99 84
90 95 21 54 46 23 71 19 4 113 140 48 116 10 3 121 6 18 94 125 137 31 10 76 119 93 113 128 63 58 81 130 82 115 79 78 87 131 27 34 13 71 88 94 33 15 31 123 111 12 79 140 95 54 63 40 62 3 71 100 108 75 52 20 104 19 82 122 108 55 19 8 53 112 118 27 91 25 28 135 119 36 59 108 42 27 22 103 136 79 68 22 105 27 128 99 62 125 50 129 13 108 53 48 98 30 66 33 51 22 130 89 20 78 56 43 107 4 22 33 95 129 63 85 76 37 121 18 21 84 59 98 109 132 2 37 94 68 102 10
49 51 107 2 120 36 3 90 91 18 97 116 20 33 85 65 127 79 59 60 38 18 125 12 71 53 96 10 24 81 57 24 97 119 39 31 16 17 49 85 51 16 93 87 119 99 138 132 114 22 26 39 49 109 17 118 45 83 5 64 102 32 133 47 59 17 85 41 131 11 47 81 17 73 5 59 125 71 77 71 77 24 82 68 123 108 80 102 122 110 36 123 103 97 31 85 18 47 41 140 59 91 94 50 125 78 22 13 130 110 1 84 31 111 19 13 127 41 37 131 119 109 133 77 136 87 80 37 62 3 9 20 49 83 52 132 22 140 56 48
4 87 18 62 64 112 3 123 119 104 104 116 78 19 26 117 36 90 70 96 24 76 134 47 82 22 109 46 132 105 75 103 92 117 87 91 62 66 68 119 94 57 115 19 69 39 104 25 134 96 68 33 48 74 15 81 51 56 14 84 92 100 103 72 82 23 83 57 118 3 72 109 67 58 25 115 33 84 57 62 24 128 101 126 104 128 93 26 26 63 48 122 64 5 89 33 36 90 14 61 105 77 28 1 138 7 71 37 78 14 105 126 128 38 80 75 111 37 68 104 140 48 18 48 64 9 56 12 90 32 67 78 75 39 18 91 127 116 48 58
64 135 27 40 109 5 139 88 71 19 90 96 77 65 116 63 125 57 96 62 2 22 22 45 123 129 109 107 60 107 83 58 45 18 87 58 69 68 2 7 101 50 98 9 20 131 86 88 107 12 124 88 59 129 116 136 57 80 50 70 92 59 90 80 22 97 106 58 20 118 97 20 17 130 25 63 52 67 85 60 47 20 140 33 30 107 45 133 16 2 27 118 30 70 127 113 127 125 37 35 57 3 4 140 61 26 63 85 4 83 22 93 100 109 58 92 116 14 61 109 45 83 21 59 27 43 131 28 109 113 104 63 90 95 68 21 72 64 105 139
23 130 124 65 115 31 17 55 76 87 9 70 13 99 128 37 102 55 102 136 13 127 33 114 76 17 61 71 57 8 13 27 56 74 107 115 17 123 111 75 139 2 140 109 55 40 18 111 110 121 82 29 38 11 42 84 88 8 36 128 77 85 9 102 92 76 68 131 46 6 77 96 133 41 67 13 54 15 4 74 49 133 137 88 100 14 68 114 83 61 115 23 27 45 32 58 133 62 55 62 93 3 135 7 82 53 107 2 17 61 83 55 84 122 41 137 26 45 87 46 71 132 37 116 109 140 57 52 104 13 15 123 131 123 114 28 27 23 70 101
1 136 32 48 39 8 66 81 76 126 57 118 20 62 64 40 5 117 70 42 130 112 73 61 50 120 78 120 81 73 136 29 99 140 65 78 107 96 24 47 119 91 28 70 2 90 42 91 42 31 48 132 28 24 108 103 132 107 38 44 107 79 72 113 135 24 71 80 52 130 54 61 82 76 46 103 89 36 85 34 116 13 133 126 48 28 89 129 64 139 27 94 13 130 89 22 92 27 108 87 41 96 132 64 45 90 38 133 95 58 106 5 40 14 49 96 13 86 68 56 53 13 47 31 80 70 94 25 136 92 112 85 92 128 114 41 117 6 113 90
132 140 125 109 81 3 128 66 31 128 17 79 95 21 41 125 47 127 44 70 48 114 112 3 97 8 118 29 31 100 76 101 18 64 140 39 36 5 21 66 108 68 86 102 111 98 103 60 11 117 35 80 78 104 41 83 98 19 108 127 24 136 44 21 103 72 28 21 70 28 134 104 56 121 80 128 86 19 10 57 109 27 110 108 78 102 94 73 131 13 29 51 75 4 113 29 74 42 30 109 107 21 65 16 139 75 76 56 58 61 66 47 106 83 27 27 35 112 20 71 50 64 135 72 129 112 128 104 18 89 101 26 135 111 78 82 61 92 61 93
128 108 56 77 63 81 106 28 68 18 76 8 50 103 33 109 116 9 34 84 66 116 136 103 20 109 56 54 46 13 2 130 114 118 110 60 85 1 40 15 108 10 115 73 70 57 132 92 73 23 98 37 103 13 43 140 62 61 106 23 39 74 94 68 140 31 131 36 132 137 13 31 106 54 58 136 74 128 126 20 15 43 104 24 119 65 72 44 93 22 54 87 104 111 11 16 4 34 124 44 81 71 62 41 49 140 65 131 132 115 12 76 85 106 97 56 3 129 40 3 80 78 31 52 66 33 11 22 54 25 75 40 13 110 117 24 33 119 35 69
50 11 41 86 6 92 62 7 76 95 79 49 126 118 70 127 57 60 34 98 115 131 50 72 115 105 23 22 23 30 116 130 133 62 23 21 57 40 82 131 11 107 20 48 92 15 38 71 44 99 49 135 118 81 42 20 43 121 68 122 121 119 35 68 11 26 72 96 122 127 85 76 6 81 90 88 92 81 120 54 109 101 19 60 61 78 46 66 10 96 117 60 15 103 50 119 79 125 99 74 18 106 80 93 113 23 115 56 105 42 40 32 36 24 91 13 119 52 90 8 48 53 126 140 53 118 21 19 98 81 37 55 84 47 136 39 67 50 103 39
38 56 35 97 25 31 81 27 121 83 101 44 52 32 29 7 90 133 11 136 79 67 133 21 125 92 122 7 98 61 65 117 35 31 58 119 16 56 140 103 74 86 45 59 93 106 33 84 140 54 73 104 73 23 114 15 17 138 132 71 96 130 44 18 42 91 17 109 61 85 46 105 42 49 87 30 70 68 27 132 14 38 42 61 104 19 106 25 33 36 114 58 4 139 65 26 76 139 86 39 129 80 54 109 136 122 140 129 71 44 86 87 67 104 105 89 47 135 106 66 47 128 111 88 128 33 93 32 23 69 88 4 101 33 63 15 53 1 123 23
114 111 111 27 127 37 4 9 120 15 59 62 61 93 2 61 77 126 115 18 16 58 106 127 82 40 16 20 121 54 25 62 17 31 5 60 7 23 132 128 32 113 136 98 4 23 96 5 23 31 92 118 8 84 21 102 49 81 17 118 22 93 64 35 101 100 8 122 54 97 90 50 21 98 95 133 136 76 31 107 124 3 108 13 10 17 42 30 54 51 137 122 129 35 61 10 9 36 16 119 20 124 56 24 127 84 47 65 119 32 109 109 98 23 4 3 10 52 109 133 96 132 45 47 124 3 48 47 76 21 73 78 132 39 36 13 48 2 13 76
103 55 104 47 85 14 140 120 49 48 119 30 94 58 49 82 20 21 50 75 38 133 137 29 111 7 132 36 126 72 80 87 42 112 7 47 40 92 22 35 30 110 7 60 116 104 22 133 60 42 110 101 80 33 29 101 68 114 31 104 95 136 56 91 128 5 91 27 137 110 13 135 95 104 100 15 7 47 115 72 66 16 17 71 43 72 139 30 13 91 86 140 14 91 36 132 54 138 113 68 132 73 124 139 9 88 25 48 138 43 80 134 113 86 68 3 53 87 77 44 95 30 22 98 76 5 128 50 95 47 31 87 137 136 6 64 106 114 110 49
126 51 60 5 21 84 110 54 13 22 90 108 128 135 105 118 30 71 101 137 138 101 42 10 44 64 134 5 6 84 83 88 137 130 114 27 124 24 1 8 93 135 132 7 83 76 21 56 81 86 137 135 39 79 33 68 104 24 46 103 6 74 136 21 135 80 30 36 121 41 14 45 15 97 96 91 131 65 94 25 75 5 27 56 67 120 1 134 7 73 91 19 119 65 93 33 63 26 107 121 34 77 117 71 132 130 72 102 5 18 45 54 94 49 87 47 17 99 140 34 78 51 123 64 97 77 34 40 41 76 68 27 111 62 70 124 57 108 133 1
59 71 79 63 55 16 19 111 10 62 65 133 40 87 31 120 37 52 137 23 104 78 65 120 54 84 69 125 76 128 99 8 118 66 97 127 111 49 30 136 86 107 57 70 136 40 66 80 79 98 116 132 75 80 37 37 94 84 54 82 2 65 103 75 39 21 67 109 53 89 38 55 106 16 50 21 64 54 64 97 30 78 38 50 8 85 22 94 128 97 86 81 98 5 14 56 106 106 63 25 104 94 74 87 30 137 112 119 46 2 86 21 120 3 58 95 96 85 43 83 97 69 122 51 125 66 70 140 127 7 50 42 76 75 5 134 6 55 26 12
11
