130 130
78 12 79 92 58 127 28 4 8 95 92 75 125 27 23 56 36 104 4 21 53 112 48 75 19 116 37 65 55 13 62 31 120 1 122 99 25 128 120 40 96 59 116 4 28 106 80 55 4 5 62 17 78 15 120 13 119 34 6 101 8 78 38 14 70 71 51 11 16 113 31 42 95 49 48 52 70 123 110 58 65 112 31 31 34 8 40 100 44 111 55 58 25 116 51 27 78 66 1 97 40 110 84 16 81 100 71 88 25 33 126 6 125 106 28 44 6 3 68 66 57 115 85 90 50 63 87 74 119 19
77 5 48 109 35 121 102 32 97 125 18 126 97 38 83 92 27 82 38 10 25 85 129 114 54 40 25 35 128 69 82 78 94 27 11 116 129 60 113 23 76 101 91 90 4 79 26 48 36 17 6 5 30 82 121 13 40 49 28 23 97 8 106 6 19 22 19 121 126 22 75 54 63 66 18 30 29 110 105 57 34 25 64 102 93 126 89 91 60 108 109 124 110 97 27 49 62 37 31 72 92 24 100 9 105 103 2 23 67 70 67 94 1 6 90 61 85 110 79 105 94 48 18 49 98 126 21 95 113 93
66 3 102 107 74 69 30 33 13 19 48 122 44 125 42 64 130 108 121 53 48 23 6 69 29 106 53 29 52 35 126 2 14 77 80 21 15 74 82 14 97 129 71 107 8 23 84 67 21 8 6 73 118 101 80 2 29 23 123 27 69 71 87 37 50 18 50 113 110 103 51 28 120 70 71 83 111 57 99 37 62 5 59 46 45 12 59 25 59 7 63 1 123 74 20 110 38 72 99 128 114 85 73 44 66 50 99 31 16 54 81 69 109 125 57 52 89 85 4 96 38 109 31 124 125 42 62 60 52 93
35 22 24 29 59 124 58 57 35 99 63 81 28 7 68 63 49 32 84 101 100 70 113 104 25 120 62 102 88 45 82 29 28 57 112 67 121 60 51 101 28 98 10 99 31 111 116 40 70 39 39 19 62 71 58 27 107 42 33 25 30 90 43 49 2 50 31 93 41 99 127 92 88 118 54 1 79 38 61 73 10 123 122 95 22 107 44 17 14 127 126 105 20 50 39 54 16 86 35 42 107 85 129 58 60 113 103 127 127 56 79 76 43 104 110 61 51 31 35 56 127 127 3 9 2 100 54 29 110 107
56 71 105 15 88 118 121 120 50 26 66 103 111 114 41 74 86 60 45 82 42 15 5 92 39 32 43 105 30 29 27 126 10 121 119 33 24 17 39 18 71 68 77 70 8 78 60 30 115 18 58 43 21 7 72 114 11 51 2 115 65 78 109 54 37 56 44 130 128 18 124 127 113 70 10 74 7 112 52 26 110 71 57 69 18 122 126 5 43 8 102 16 57 8 28 63 98 29 80 85 13 15 76 125 45 96 58 128 96 119 56 84 38 99 114 25 13 33 63 27 70 43 118 88 80 128 76 6 14 9
68 103 7 127 111 13 68 130 81 44 14 98 77 82 57 93 55 41 92 36 26 110 103 37 22 124 120 37 14 28 74 76 58 120 113 63 41 113 89 121 14 66 127 40 118 89 88 19 34 101 39 97 28 104 13 9 43 87 75 69 119 75 48 31 53 130 57 66 41 115 63 79 51 14 119 56 76 29 119 62 44 74 55 10 84 26 42 57 7 10 120 31 32 26 29 71 24 16 118 108 114 92 126 58 85 130 15 49 15 104 91 80 96 46 52 23 12 20 100 60 8 93 122 68 46 26 13 8 122 130
1 42 128 23 19 107 6 50 27 117 15 60 7 4 105 42 53 8 2 128 109 38 58 80 25 105 88 14 67 20 87 41 3 120 45 8 63 127 11 16 78 10 69 24 74 113 103 8 31 34 58 68 43 69 27 105 44 10 118 83 120 84 100 29 69 4 106 16 106 28 96 51 118 50 49 64 18 88 80 123 3 30 108 55 120 128 121 21 119 56 73 118 36 47 63 128 44 87 113 78 129 20 8 99 102 114 122 12 57 78 61 13 127 117 13 43 90 57 53 95 74 17 55 61 41 88 125 17 93 121
35 116 107 10 16 103 65 32 101 19 31 118 47 35 36 23 85 11 64 99 64 129 18 17 94 93 68 40 115 19 78 41 13 29 61 18 105 44 10 60 87 75 119 15 83 24 35 80 83 70 55 84 3 98 52 45 60 11 54 79 21 47 16 44 106 116 114 84 61 34 11 16 84 22 30 124 11 108 29 1 31 124 119 125 80 84 64 8 96 87 66 14 13 121 116 30 111 118 121 125 113 26 104 36 32 126 95 55 95 9 128 50 39 48 128 50 27 128 17 58 65 124 12 39 25 25 59 79 29 85
48 54 128 16 24 120 16 47 75 89 83 110 106 25 5 128 30 54 18 59 124 121 50 110 36 71 104 35 109 123 46 40 34 129 51 47 126 103 33 100 102 100 89 127 81 78 30 48 16 114 43 109 118 72 60 128 112 26 37 58 10 124 65 96 13 65 92 13 29 86 118 100 117 75 81 96 10 94 84 51 70 101 56 122 46 110 30 105 99 85 68 80 10 96 43 108 64 19 81 121 29 46 2 80 31 92 4 52 62 43 129 94 125 1 87 17 59 14 81 89 89 72 95 34 30 1 25 74 115 64
9 130 90 56 34 11 22 45 46 122 54 13 122 8 85 15 130 50 68 58 40 102 49 12 63 77 73 114 43 79 35 128 46 69 51 58 32 124 58 124 109 63 110 60 70 22 106 45 109 2 6 9 1 55 7 12 65 121 110 113 122 57 69 67 10 71 64 76 49 109 89 18 107 66 34 101 128 51 112 42 94 2 31 9 60 18 38 100 67 81 128 50 98 66 77 124 87 1 116 86 41 42 95 71 50 118 72 44 28 73 88 1 120 117 70 19 45 51 26 98 94 46 49 111 94 66 104 98 88 81
71 61 129 117 99 42 85 16 98 35 40 63 21 90 93 60 47 117 23 71 25 3 103 118 66 119 93 124 48 47 13 86 61 116 75 85 86 37 35 49 42 100 126 91 75 99 84 54 9 42 24 33 80 10 68 40 3 116 59 71 104 119 37 68 17 26 24 64 95 88 127 71 75 25 112 45 83 104 70 32 66 68 101 97 18 34 35 27 14 44 4 72 12 72 24 98 44 23 101 110 77 70 45 91 102 93 37 19 106 51 127 120 96 17 39 88 48 7 84 8 123 36 94 23 125 48 99 17 48 59
98 26 69 31 26 65 63 117 122 97 98 78 122 84 114 27 13 49 45 99 104 89 20 12 62 128 97 70 11 110 110 65 15 123 88 71 21 111 112 125 78 93 130 92 1 118 58 101 12 84 84 115 57 90 15 112 126 39 96 97 65 61 67 9 83 5 46 40 52 55 120 117 14 41 12 84 112 4 63 43 43 18 74 12 29 1 94 50 27 49 48 111 58 101 129 57 80 101 104 4 110 25 1 104 125 76 50 62 95 48 20 123 117 66 100 8 87 21 59 9 55 106 23 104 4 112 84 20 39 16
118 42 15 126 98 129 5 55 69 70 23 104 23 27 76 31 2 74 105 120 51 27 62 70 6 59 65 121 61 115 84 45 96 4 78 104 48 28 85 90 36 112 67 124 45 23 125 15 35 124 85 89 17 80 35 68 85 83 99 89 64 91 104 55 78 48 17 115 80 98 70 14 4 66 87 123 7 36 27 129 90 81 81 130 27 102 95 82 30 116 111 64 17 104 129 45 29 22 49 100 123 52 41 61 32 74 107 83 73 27 89 26 102 62 41 16 64 94 47 48 69 67 21 119 72 30 33 41 109 108
102 37 91 107 80 68 79 104 92 25 35 62 87 109 72 56 12 72 2 68 46 112 121 130 113 93 24 105 128 106 66 99 46 102 93 107 83 30 93 18 108 99 17 45 8 37 76 13 33 128 67 28 95 123 59 61 119 104 56 81 11 44 97 85 108 102 4 91 64 52 77 100 114 79 36 115 59 37 124 89 83 26 30 73 43 106 26 71 36 20 116 50 89 115 24 33 105 91 125 43 109 102 59 30 111 26 114 58 52 104 77 19 120 8 58 61 21 16 66 95 99 71 48 26 73 33 58 55 106 2
70 31 130 98 112 31 47 117 51 37 17 103 124 34 7 116 103 70 31 71 24 124 86 127 66 93 101 83 59 65 70 74 40 63 106 54 80 104 84 125 70 46 79 53 90 105 63 82 14 35 18 98 129 11 68 123 5 98 44 122 36 76 68 121 14 33 119 130 113 129 91 68 42 35 71 103 47 96 44 125 4 91 66 47 66 44 126 76 55 57 17 120 116 20 20 3 60 18 18 59 35 103 68 75 76 23 13 103 2 54 105 73 74 104 32 9 118 43 55 126 112 100 126 19 119 1 60 41 115 109
123 82 46 74 63 2 75 126 83 9 67 67 78 119 16 67 69 79 18 118 63 76 101 38 23 82 48 95 45 53 44 122 121 85 121 71 16 87 46 99 59 1 22 107 91 69 80 81 81 24 7 113 2 45 37 83 112 43 114 96 98 129 129 61 6 125 87 26 42 65 54 48 88 107 44 40 61 112 24 106 98 82 99 66 102 38 68 122 84 20 81 28 106 9 101 104 69 69 115 20 8 106 92 84 72 50 77 92 130 58 110 32 59 55 107 50 46 95 81 3 56 42 20 20 72 119 62 116 102 77
98 82 94 130 80 13 30 37 106 47 11 88 119 78 44 80 37 125 129 72 16 71 75 32 68 111 103 100 83 48 19 130 119 36 54 110 12 63 114 107 66 60 76 42 15 122 115 97 41 31 80 40 7 73 78 80 71 56 116 121 57 90 6 25 95 54 43 112 69 105 83 44 58 78 76 49 5 41 92 57 39 25 126 93 68 111 24 128 26 75 2 34 34 98 1 90 44 75 17 20 70 98 93 57 65 107 82 14 34 126 118 87 94 45 46 105 71 15 58 88 22 127 24 6 56 14 111 108 18 65
36 84 125 25 65 32 103 93 57 18 73 46 37 78 54 53 102 9 47 91 91 120 86 20 51 112 110 14 23 121 120 18 93 100 35 122 80 130 44 99 39 16 48 74 108 30 11 18 31 107 40 83 104 3 102 25 54 14 69 61 106 53 32 21 74 27 56 70 106 125 124 91 119 3 39 21 48 42 92 10 96 49 51 72 16 126 74 43 119 11 52 113 68 17 17 112 118 32 4 13 106 66 73 5 62 34 124 64 42 38 101 2 10 9 39 34 2 73 118 103 87 19 122 96 107 122 107 22 22 96
127 39 48 88 10 32 74 105 84 106 83 2 88 118 99 39 6 96 112 73 115 23 81 6 21 47 93 73 6 115 76 16 59 10 116 47 31 35 107 1 11 102 80 1 123 15 108 36 26 129 17 105 100 39 82 107 99 64 121 22 4 89 7 26 121 6 109 77 43 3 130 59 109 64 46 105 83 38 78 51 17 32 2 73 86 104 128 2 129 101 56 7 113 16 121 107 6 52 59 21 53 57 1 59 1 103 78 14 81 105 83 5 47 15 113 80 103 10 38 112 125 85 26 76 45 70 128 56 28 3
71 37 32 12 47 125 65 106 119 52 55 13 17 62 14 3 59 130 88 8 14 91 125 68 65 81 7 44 129 92 117 48 110 45 80 33 91 27 97 68 87 129 120 72 17 74 74 97 56 70 44 41 79 111 94 74 70 65 99 75 109 84 18 20 39 126 75 96 112 107 104 73 62 21 83 32 72 122 51 7 38 43 22 81 71 53 3 30 60 5 16 6 41 116 98 111 1 122 64 39 40 29 128 122 6 108 123 76 93 122 52 107 56 77 126 45 74 109 62 49 86 57 9 7 127 122 46 106 129 40
21 71 21 24 43 124 52 125 123 100 59 65 123 55 47 105 90 106 8 87 58 41 128 114 10 114 52 34 47 71 95 40 111 92 118 27 102 6 39 48 98 60 9 22 50 108 126 55 9 91 37 79 98 13 78 59 17 98 112 54 90 23 21 4 36 18 110 14 23 16 29 21 14 17 108 20 30 115 82 124 116 128 16 56 1 104 71 77 69 49 39 65 34 111 18 113 20 94 89 120 88 43 103 108 60 121 72 35 99 14 38 82 28 37 116 24 43 73 62 12 61 123 3 114 78 129 59 8 52 98
73 77 85 102 22 5 62 81 94 49 21 83 73 98 122 130 65 50 24 20 124 128 14 50 49 8 9 110 107 7 34 76 64 113 100 110 34 37 113 114 25 27 42 57 77 107 33 83 2 53 80 46 15 114 115 6 56 73 21 38 52 95 88 124 107 105 62 5 113 81 85 21 8 106 36 48 50 24 59 52 58 125 102 99 35 42 5 24 67 48 43 84 7 97 108 2 44 103 5 126 117 92 84 26 107 103 55 114 50 8 100 11 49 91 42 86 100 46 89 64 86 127 106 45 70 55 11 93 48 6
39 72 117 74 8 9 29 59 78 93 46 84 40 89 35 111 64 30 125 121 35 82 28 21 8 98 119 70 107 102 3 67 108 107 23 36 7 25 64 100 25 42 119 74 73 42 69 62 103 115 59 24 33 117 102 58 48 110 51 1 53 103 90 41 105 77 57 65 130 38 112 47 7 46 123 50 102 62 47 105 28 33 85 117 37 112 46 106 57 49 47 8 90 102 59 74 13 47 18 79 35 29 72 128 56 56 53 86 115 77 67 78 116 116 115 3 63 63 20 29 116 2 71 104 101 117 118 125 75 130
7 114 21 104 42 15 35 99 12 2 54 108 76 107 55 21 14 66 65 88 112 115 86 9 20 24 16 14 47 59 78 6 87 71 79 47 108 42 114 13 20 113 95 99 94 19 17 95 3 126 79 1 77 12 6 43 7 94 43 89 29 104 92 20 61 100 125 104 109 126 32 12 85 95 50 19 123 36 79 4 100 30 89 124 62 99 110 63 36 127 118 30 110 41 130 18 16 124 9 65 117 115 108 17 112 94 98 81 102 69 118 118 87 62 12 53 65 108 105 1 105 107 40 86 73 115 56 111 77 107
8 121 35 26 87 12 7 69 105 12 79 107 87 36 9 69 1 48 7 98 59 103 28 50 105 120 24 31 113 1 53 57 88 66 106 70 63 46 50 14 54 24 8 92 41 46 24 23 107 14 24 39 86 61 93 65 118 129 24 44 79 57 73 47 19 91 68 48 9 81 125 56 99 66 117 82 112 120 123 1 74 80 96 63 40 85 44 95 126 59 110 72 130 40 106 34 29 2 98 121 40 58 33 57 64 60 58 118 52 102 37 107 114 53 8 90 5 35 62 126 78 61 34 16 12 128 61 7 93 129
49 45 80 117 36 16 8 82 40 10 123 63 111 106 48 2 96 110 12 28 130 105 55 48 10 47 106 114 27 37 83 71 101 32 22 52 8 39 58 63 111 64 117 24 83 5 15 19 14 54 70 104 129 105 32 82 91 104 24 57 125 68 58 124 109 121 117 2 69 31 102 74 72 127 86 125 46 16 95 121 102 129 84 117 80 30 106 110 1 88 52 111 9 101 120 80 18 5 22 110 60 9 88 62 126 70 101 125 54 29 1 84 81 52 45 13 111 109 102 118 39 6 114 105 23 89 83 98 43 125
19 49 28 53 45 16 7 61 76 91 32 58 21 32 52 49 3 75 118 121 113 124 4 54 12 68 44 21 100 12 14 89 103 16 74 86 119 104 45 22 117 63 66 30 36 128 54 6 68 98 43 96 61 93 97 32 20 85 22 64 10 76 64 3 56 7 92 3 118 72 26 55 114 69 88 71 7 29 55 18 126 118 99 111 84 77 48 64 86 59 25 57 42 101 104 5 109 94 67 112 111 123 32 57 25 34 80 71 103 35 22 2 35 111 14 27 17 37 29 64 64 85 66 120 109 97 16 56 50 120
29 126 59 95 74 118 85 60 99 33 45 105 26 67 77 104 14 127 121 95 96 44 90 28 57 73 94 16 78 13 113 81 54 62 79 18 34 95 70 50 27 115 102 73 111 20 15 2 97 85 104 42 91 105 63 54 56 114 109 110 16 104 7 100 97 24 80 70 46 101 62 99 48 74 18 59 103 33 90 8 99 30 86 19 123 40 52 77 110 17 105 103 115 41 74 97 125 16 115 37 76 40 66 9 99 95 21 104 84 52 42 21 23 107 75 76 112 81 68 65 91 57 83 88 60 61 77 108 59 49
93 124 58 17 6 37 18 97 5 101 2 11 129 58 128 100 116 74 80 75 71 31 33 111 102 96 50 118 113 22 59 3 91 3 4 100 89 34 64 65 106 25 107 3 40 81 99 44 14 110 43 98 96 80 1 101 110 103 104 43 66 24 77 23 119 79 57 6 23 70 78 108 102 91 27 81 102 84 130 16 14 43 52 52 6 81 42 6 106 120 117 119 23 109 75 128 68 79 95 20 116 115 5 117 41 111 79 76 54 103 128 75 41 55 67 115 117 9 14 95 14 9 76 99 123 102 71 6 21 57
18 125 79 90 30 125 36 79 113 23 21 109 98 50 130 116 97 108 107 55 6 112 86 113 124 5 89 69 89 25 17 68 127 59 20 130 120 48 14 112 36 118 112 102 81 28 38 12 62 120 111 53 28 10 14 90 25 3 101 45 123 86 6 7 71 51 97 22 7 86 48 81 114 75 123 101 95 96 15 54 24 38 80 130 20 38 102 126 99 17 82 72 115 64 106 84 109 121 124 46 40 80 23 127 24 40 120 81 58 81 23 106 59 110 95 29 23 82 79 93 92 15 71 36 59 63 125 4 44 11
84 17 41 109 71 107 49 55 34 67 69 101 100 53 2 107 99 92 8 57 117 49 68 109 86 62 43 96 114 77 97 102 71 67 112 116 116 98 57 1 111 48 58 28 57 31 29 46 17 1 76 122 43 4 49 119 62 30 13 112 38 75 88 31 89 68 64 2 23 76 126 24 66 85 97 92 101 124 52 36 39 66 18 64 24 62 35 120 102 71 98 125 101 126 72 104 24 104 28 68 119 83 126 110 45 2 41 81 11 31 99 125 85 34 58 49 94 27 39 35 54 115 69 108 102 24 8 20 2 118
118 38 46 90 50 123 33 98 69 44 113 125 116 108 111 73 63 107 5 24 26 48 123 93 79 21 107 39 23 54 19 105 23 91 6 128 76 32 21 99 17 90 87 98 4 62 7 121 39 115 45 111 41 15 29 47 83 23 129 14 73 37 63 101 17 120 127 93 17 122 68 106 9 63 28 70 84 60 94 127 5 18 108 84 59 71 104 38 10 80 46 22 70 40 75 72 101 26 40 63 40 67 67 80 120 129 126 128 28 71 23 38 129 65 33 127 39 105 39 101 42 59 96 26 25 67 61 104 93 57
107 62 129 26 118 22 77 83 127 96 51 120 124 45 56 71 101 64 90 2 79 49 21 77 106 62 71 78 40 4 68 33 13 82 96 82 121 3 23 41 109 47 63 58 80 17 52 64 59 118 35 13 14 2 125 63 88 79 49 112 97 29 67 69 102 80 69 128 83 52 78 119 28 95 7 26 22 122 118 105 42 43 90 58 29 109 96 6 28 80 128 54 21 95 58 9 111 18 26 102 102 6 67 40 115 110 65 118 123 121 58 12 45 54 33 64 56 48 85 28 77 76 26 123 14 38 116 41 60 127
21 15 89 116 119 46 95 77 102 84 38 86 69 14 5 18 61 91 85 62 85 33 82 105 121 80 92 122 114 39 28 14 55 25 49 54 128 81 15 116 14 80 105 40 4 33 126 88 105 128 99 119 13 110 112 123 40 88 46 18 19 46 18 6 28 79 92 116 39 74 22 85 78 22 125 53 122 121 82 114 47 118 114 95 58 54 6 68 102 111 76 67 116 127 88 87 119 69 106 88 48 52 47 18 93 43 16 37 5 72 88 107 63 129 36 62 87 73 113 19 27 114 19 38 98 112 79 81 101 77
13 41 22 101 77 11 82 57 54 5 94 113 63 93 72 88 24 1 65 83 9 28 45 35 25 111 89 19 119 6 23 97 128 63 123 80 71 30 101 19 23 31 8 112 16 23 96 56 53 39 114 23 5 53 50 60 4 95 118 126 111 81 102 77 100 59 78 82 5 9 12 13 127 91 102 76 109 64 106 113 111 85 108 65 54 5 54 14 106 44 66 114 43 66 41 86 105 21 121 129 68 43 124 52 36 73 76 13 69 50 129 58 120 40 62 33 22 106 67 92 109 70 129 73 115 122 118 9 65 54
106 109 109 69 69 59 51 78 45 90 37 66 32 77 69 103 67 106 68 25 54 24 125 124 128 84 52 124 50 96 3 16 1 98 66 88 26 4 123 106 104 90 34 103 42 57 119 54 52 108 31 56 77 97 124 63 44 103 122 122 112 40 84 34 91 36 105 38 60 34 52 121 111 38 115 75 39 79 120 112 40 52 45 95 85 23 116 85 38 85 47 15 50 41 62 75 5 124 118 116 30 13 77 40 97 74 39 19 108 113 10 30 82 84 54 1 101 23 34 3 13 65 8 41 105 72 5 11 126 77
110 106 12 128 108 95 42 15 6 28 30 34 4 72 12 50 46 49 11 83 46 22 115 116 97 112 121 103 75 35 103 13 90 97 24 93 65 30 46 122 71 103 30 117 102 100 81 1 18 37 89 66 56 32 40 74 66 130 6 63 113 65 22 59 86 61 9 38 45 33 84 94 10 117 7 58 81 129 86 96 66 98 50 104 80 90 31 25 50 66 74 126 31 22 19 40 19 108 48 104 109 77 108 64 50 54 6 122 33 29 95 45 30 87 70 39 47 109 112 77 102 13 46 125 51 37 107 56 116 92
45 17 34 108 74 23 87 95 86 62 61 125 124 113 93 64 109 82 84 91 5 61 42 72 27 56 48 119 2 83 128 51 70 110 27 24 74 83 20 124 11 63 48 104 63 16 61 81 99 16 18 121 90 47 123 126 95 9 29 127 121 59 92 76 78 117 111 116 42 110 46 104 8 6 79 109 124 73 95 107 99 78 13 126 39 54 14 43 43 17 56 25 42 100 87 21 56 74 31 71 25 25 117 109 45 121 45 46 1 53 38 117 39 91 71 36 76 22 115 97 38 45 68 100 9 79 101 5 53 41
13 120 97 97 46 54 96 86 55 82 109 75 39 111 45 67 56 124 16 74 76 16 66 25 41 3 82 127 75 61 15 95 82 61 12 111 25 113 62 83 50 36 130 104 99 36 96 52 31 25 43 18 119 30 127 72 83 20 13 118 48 95 66 31 66 82 89 36 18 49 64 44 113 70 72 33 70 73 91 38 6 115 120 51 112 71 18 63 87 115 3 98 76 105 26 24 66 22 17 50 126 22 12 81 65 64 16 115 75 54 104 57 73 127 97 83 11 41 116 53 115 55 62 41 40 21 69 27 82 53
64 59 40 40 20 101 25 46 16 29 103 65 47 22 70 76 82 121 113 52 32 129 122 42 22 102 86 78 92 103 5 75 62 36 82 88 47 75 1 98 73 100 130 99 38 82 92 64 13 118 69 43 22 72 45 7 16 34 52 27 23 43 111 19 45 126 111 68 49 20 115 49 61 90 18 100 79 83 66 113 27 79 49 124 14 82 99 130 77 13 90 66 73 77 16 90 126 117 18 89 84 107 11 87 111 7 4 106 109 99 64 31 128 22 93 46 58 17 26 91 45 53 16 110 15 69 34 97 112 27
33 125 129 72 112 1 28 19 53 71 123 61 73 107 85 29 78 111 58 73 106 118 81 94 11 105 4 97 98 53 81 4 35 20 53 119 12 71 38 8 4 16 78 63 71 114 40 8 18 110 19 122 60 72 98 82 93 74 66 7 115 113 78 54 91 107 66 128 10 14 106 54 130 10 84 38 17 23 66 95 2 93 94 64 59 39 63 53 78 75 84 16 36 60 95 41 75 116 103 108 90 101 38 21 35 22 95 21 126 66 24 86 4 41 77 94 60 116 63 13 67 34 114 77 46 79 65 55 17 129
20 113 25 11 45 10 80 110 37 58 120 104 24 53 42 123 62 67 107 33 48 74 63 10 58 4 5 9 98 62 21 3 114 86 53 12 81 58 5 41 58 112 114 13 85 9 96 70 98 118 32 62 125 82 48 26 94 115 107 98 53 52 62 14 5 44 111 70 124 46 65 106 74 129 93 69 27 46 24 1 123 102 36 116 119 98 126 74 10 125 2 112 59 73 111 116 72 83 8 22 3 55 35 100 16 79 96 83 15 20 47 125 21 86 5 103 44 19 60 34 57 87 7 50 110 129 12 41 2 119
47 49 51 82 7 111 58 36 38 12 38 30 128 5 9 79 52 56 57 32 9 7 105 66 113 100 101 41 114 113 74 121 113 89 126 26 94 13 12 90 61 46 67 12 59 112 64 80 86 37 107 19 44 98 93 9 103 124 9 57 48 113 62 23 2 25 84 66 32 44 22 48 97 39 36 99 24 63 29 65 71 45 1 75 51 120 47 73 36 79 124 128 78 33 23 22 41 18 101 126 70 92 114 115 35 75 52 78 26 12 39 55 39 122 67 61 79 50 55 86 75 6 5 11 46 108 77 114 98 96
102 100 70 62 79 49 14 100 82 128 123 51 111 28 58 67 24 98 20 22 20 105 36 34 92 120 53 121 20 68 27 116 83 38 71 127 97 96 23 42 53 68 83 79 23 71 99 107 13 43 110 81 24 73 14 44 39 79 51 74 88 25 6 56 108 72 24 77 74 57 8 2 75 103 88 77 105 95 115 100 70 55 34 50 36 94 103 73 8 77 78 47 21 71 37 93 125 46 91 107 121 36 60 64 63 67 83 94 34 47 89 113 77 38 6 88 93 121 68 50 14 40 46 53 92 29 86 35 89 110
88 26 43 61 56 65 91 36 65 41 115 25 129 51 122 129 126 96 86 90 43 112 113 114 59 32 121 116 77 58 78 6 16 98 86 1 44 119 129 28 88 81 97 88 64 71 95 93 77 90 45 44 6 102 106 52 44 24 19 117 32 70 85 23 29 4 100 19 39 18 105 90 88 126 117 115 102 49 119 77 82 69 113 45 69 10 49 87 115 101 49 9 22 46 48 44 5 83 118 42 77 120 62 57 16 89 70 107 119 53 108 15 64 41 104 24 89 74 112 5 115 99 28 38 47 41 67 106 92 121
113 79 96 74 32 24 66 92 18 27 99 89 19 63 75 67 21 29 129 109 53 38 126 81 62 52 53 25 102 43 87 103 14 77 111 80 96 26 26 5 43 26 65 9 44 63 41 47 130 101 8 41 40 93 64 19 14 98 50 119 79 117 102 101 90 66 125 26 71 103 1 122 81 40 98 117 21 100 88 96 60 77 118 72 94 28 23 115 19 3 100 54 59 52 54 111 44 18 13 57 74 96 13 35 17 57 3 125 68 73 65 47 40 105 127 62 84 112 72 111 48 126 55 12 83 43 45 3 98 71
123 14 119 129 48 59 18 30 124 83 26 94 1 5 14 57 101 10 9 113 127 6 61 117 50 76 21 69 20 96 14 3 29 85 64 69 96 48 17 52 13 107 123 55 28 77 28 103 41 11 25 2 77 21 102 59 11 14 98 69 81 67 47 95 57 42 63 12 53 79 69 6 10 110 85 72 46 61 41 58 26 17 91 93 52 38 72 59 91 57 54 81 90 2 110 39 87 61 66 73 5 19 62 42 106 112 69 56 95 100 60 128 101 32 22 64 85 72 53 103 39 54 46 126 17 61 60 40 74 84
57 108 84 12 51 83 113 6 91 29 102 31 69 16 6 25 27 91 109 34 100 127 7 104 77 120 87 124 95 29 15 102 22 42 102 7 51 87 38 92 39 121 67 116 127 119 71 121 127 87 83 39 8 19 58 69 58 108 8 19 23 100 68 47 99 55 103 88 73 116 55 2 89 20 10 38 95 60 116 46 49 128 110 85 123 2 75 70 130 125 47 24 75 64 97 50 41 58 42 78 104 29 44 106 55 93 4 99 79 108 55 46 107 39 9 2 75 88 74 69 66 88 79 79 38 79 126 13 35 97
56 95 85 68 86 20 47 113 113 25 87 60 27 102 10 126 64 68 1 50 115 97 125 104 50 65 115 80 88 78 130 60 101 100 38 56 50 91 41 30 11 97 46 10 96 113 115 60 115 85 28 117 69 64 105 84 90 125 79 3 22 62 55 87 92 62 90 89 74 127 128 60 125 54 1 98 91 106 8 24 58 15 61 71 1 91 43 118 11 78 5 28 87 84 68 99 60 79 27 120 80 49 55 96 42 4 8 122 104 93 80 92 43 57 50 56 126 105 86 94 10 49 48 126 41 97 47 84 34 21
88 26 79 29 4 91 118 75 90 93 29 15 88 50 112 97 97 93 120 64 18 62 53 108 88 126 55 58 54 93 63 117 52 100 14 27 58 10 16 41 115 95 80 122 21 110 31 67 16 42 105 129 99 9 97 9 5 108 99 47 86 35 113 38 126 52 11 53 122 17 72 4 30 6 17 109 55 1 124 50 47 117 21 77 29 80 102 74 13 11 7 102 37 62 114 59 95 110 40 84 47 96 72 52 24 59 88 49 52 28 47 91 19 118 5 27 55 75 59 50 130 40 87 103 108 25 66 47 125 12
88 38 26 67 22 6 60 83 46 34 70 35 34 16 84 110 43 113 78 42 57 30 87 67 32 124 30 106 101 119 92 106 51 115 79 3 127 65 8 47 111 108 122 118 117 52 62 46 88 24 118 23 73 34 65 89 12 91 47 18 74 107 45 111 85 68 46 66 53 63 95 14 116 46 61 69 121 40 39 96 82 21 115 35 24 123 121 65 10 6 19 99 22 29 103 49 99 69 112 112 39 43 14 108 42 66 24 93 78 99 27 11 119 112 13 87 69 85 44 46 10 98 40 29 63 130 84 23 60 112
28 44 77 109 47 36 104 7 86 67 84 26 47 97 113 44 100 31 19 86 23 25 25 50 121 94 76 114 46 10 36 53 117 23 106 44 40 56 10 50 103 44 103 70 29 109 53 71 56 74 72 27 121 35 20 40 98 51 119 46 120 56 107 117 129 16 114 128 108 74 76 58 40 130 127 37 45 40 117 65 63 91 36 89 36 70 14 53 1 44 95 25 32 38 129 70 13 25 70 127 85 73 127 38 23 6 73 88 79 57 86 39 15 92 58 33 88 76 60 125 85 118 93 90 129 34 34 14 1 72
78 85 103 109 80 17 44 39 54 63 4 47 45 64 97 60 126 56 13 96 94 121 30 21 113 9 42 129 55 20 53 43 22 24 90 34 8 21 96 101 60 83 76 10 11 65 9 11 28 52 72 77 9 54 81 50 91 77 15 85 43 95 44 44 45 20 42 71 44 27 129 123 40 96 39 69 100 90 110 88 129 67 84 21 16 3 115 16 117 70 46 86 56 2 86 117 45 108 47 8 81 81 123 102 56 45 18 122 67 49 59 63 6 4 52 100 74 90 26 122 22 91 20 107 67 38 121 96 79 48
81 34 103 109 15 1 17 1 83 119 49 115 19 49 129 91 84 7 50 43 129 47 24 1 34 10 111 73 24 57 56 127 78 84 75 89 91 101 82 67 130 127 129 57 92 37 70 64 61 89 74 37 8 74 44 113 12 12 30 22 110 25 122 30 119 31 104 96 80 34 18 130 66 98 75 36 127 30 9 123 102 95 115 77 43 62 24 37 16 105 84 49 44 2 108 20 103 39 37 99 109 24 58 114 33 78 124 33 12 11 32 76 32 46 14 55 62 21 108 106 94 11 127 101 82 94 48 90 97 8
63 3 6 85 112 85 104 60 117 47 40 111 84 26 85 5 57 85 22 5 115 92 60 3 33 43 37 121 36 28 94 78 28 25 103 36 106 79 67 93 128 76 105 84 20 50 54 101 90 110 119 69 30 76 120 19 50 9 124 23 41 130 2 29 65 55 72 116 69 36 39 112 55 29 64 67 29 76 52 54 32 18 62 64 13 47 118 70 49 4 55 55 7 125 93 105 4 4 7 87 104 91 47 130 16 87 90 105 21 28 103 69 82 12 99 29 52 113 44 1 91 38 21 106 17 63 70 13 28 120
79 78 126 59 27 127 3 42 50 78 56 109 38 56 74 25 85 32 94 112 102 42 108 106 13 40 13 80 12 111 84 30 67 87 21 103 77 85 19 12 8 96 124 51 15 92 124 6 112 107 20 46 2 45 51 128 19 79 39 68 129 6 1 10 55 56 58 109 90 123 115 79 25 88 68 55 123 37 110 57 17 31 115 120 92 35 22 1 121 67 83 69 11 54 89 111 124 21 47 77 44 34 103 42 19 123 30 5 14 103 57 121 65 100 106 47 77 79 31 63 55 81 108 128 38 50 100 93 52 15
89 34 65 81 58 88 99 113 74 115 36 20 8 32 23 123 113 7 19 91 20 11 38 73 70 18 49 98 4 42 109 55 108 129 77 32 60 84 29 80 91 49 57 79 20 102 90 118 86 25 78 80 60 49 24 91 126 20 71 22 115 120 23 8 111 81 125 78 42 65 93 82 41 108 66 44 94 9 77 42 98 123 72 98 8 72 27 24 61 96 98 118 29 36 103 37 127 64 63 61 119 83 116 92 110 63 78 43 49 26 30 93 78 81 121 56 26 63 9 16 104 34 79 86 3 84 18 112 123 119
111 44 17 111 90 110 60 28 69 42 18 22 7 55 111 49 19 102 93 26 91 28 53 50 49 107 91 117 126 46 79 55 61 87 75 114 50 60 48 78 63 87 16 31 78 61 33 45 34 56 127 62 22 11 30 55 62 84 45 70 45 99 128 9 34 75 13 67 124 128 31 76 29 64 25 36 11 30 125 60 80 2 43 113 67 127 62 35 36 25 78 110 107 78 66 80 45 76 16 11 93 86 124 109 38 57 20 90 128 21 8 8 98 8 111 14 122 93 15 64 39 5 52 123 109 58 46 29 67 104
99 15 93 104 62 9 70 96 59 67 126 111 109 72 51 1 73 35 102 101 67 74 52 112 114 108 42 86 80 76 100 112 129 62 105 119 32 11 24 66 91 11 93 121 17 95 106 15 105 20 86 97 67 113 79 120 96 69 55 78 35 4 39 7 125 111 21 124 122 7 92 103 37 54 75 110 13 4 69 113 115 109 93 29 42 64 13 8 49 52 108 108 15 84 81 113 106 113 113 42 122 60 34 73 112 70 49 17 2 37 99 51 60 90 126 76 112 99 21 23 1 125 98 103 94 44 100 73 99 128
27 35 8 88 27 61 8 86 42 58 88 100 4 20 5 54 44 38 102 82 54 9 94 25 28 114 41 31 111 118 92 26 116 8 21 66 125 115 97 25 40 84 109 1 72 118 28 28 28 28 16 101 43 5 4 46 83 113 82 48 106 111 125 19 40 74 79 113 35 129 22 87 59 39 95 87 126 63 100 97 94 66 118 63 99 94 12 90 124 56 123 122 59 11 87 16 23 102 96 12 93 128 35 42 36 120 123 101 29 112 19 128 113 17 58 124 96 61 4 104 96 34 85 43 36 118 51 104 57 61
33 87 19 100 90 121 84 6 117 83 116 22 99 128 48 111 96 42 103 67 110 17 130 18 89 11 107 22 127 9 35 106 15 75 101 126 37 108 37 113 52 114 37 26 51 113 81 91 39 70 97 47 68 127 50 79 106 46 84 3 85 15 25 80 118 77 79 73 87 56 12 63 75 4 96 27 12 68 56 57 59 61 46 7 91 71 88 110 7 104 45 1 85 8 101 34 2 86 81 120 55 5 46 109 119 42 3 57 125 59 76 62 79 65 111 102 130 124 46 10 50 58 108 68 39 43 52 71 53 97
81 53 113 111 110 97 16 11 13 124 30 81 39 2 118 93 26 111 118 114 78 51 70 21 38 40 102 21 115 110 70 30 38 60 83 107 44 104 51 16 56 41 72 28 47 13 124 25 52 101 87 32 7 47 2 91 107 90 82 40 5 18 103 50 126 102 1 128 104 60 68 101 48 73 30 119 30 104 88 20 71 92 47 82 31 53 108 101 69 82 35 92 104 27 108 32 5 62 104 67 52 2 69 21 116 105 77 97 106 97 123 39 88 71 36 81 67 129 115 72 19 70 71 109 72 104 93 65 37 47
54 76 3 106 27 127 19 87 86 121 25 59 38 130 107 5 101 42 26 9 71 22 125 57 98 73 88 101 107 112 15 14 57 130 91 71 110 24 10 82 31 121 114 94 12 115 63 85 6 73 118 35 110 18 89 85 27 17 118 82 104 46 120 30 84 86 124 99 31 79 13 48 57 33 74 19 65 72 42 86 25 36 108 64 29 43 106 15 102 115 116 121 55 70 39 20 31 92 85 93 48 51 21 73 58 66 3 9 12 39 49 81 49 27 44 120 6 88 58 92 58 13 118 26 36 67 38 113 96 70
104 126 69 117 44 34 41 17 95 126 38 79 59 114 62 125 54 10 37 93 78 124 24 20 77 10 112 105 79 21 90 108 47 70 13 48 90 67 129 11 23 120 32 116 60 10 19 115 24 63 59 59 124 36 50 91 41 24 74 18 57 113 110 14 79 87 26 113 105 80 1 49 36 40 75 26 42 105 84 104 81 36 54 9 109 60 97 69 78 20 33 31 121 116 17 54 41 102 120 117 25 20 41 99 115 47 49 101 38 28 127 55 28 98 81 22 123 47 70 84 5 11 57 99 8 26 102 66 123 21
39 96 36 73 5 91 11 106 21 91 16 68 106 21 34 75 26 20 36 63 7 2 7 77 10 72 85 40 87 10 50 59 122 59 114 5 58 83 24 89 13 108 108 6 4 56 11 106 17 80 23 121 12 19 79 81 45 29 36 90 115 11 65 78 105 13 29 45 20 28 120 83 3 97 28 36 128 62 40 1 54 61 106 123 63 5 106 114 47 63 19 20 2 70 5 88 89 49 1 26 51 128 66 79 22 97 118 73 88 128 91 88 52 39 59 87 91 82 124 110 106 97 10 103 5 87 56 105 74 81
29 125 128 74 20 92 123 87 64 25 86 64 9 83 17 107 34 89 7 40 20 34 51 11 70 64 62 42 91 44 78 80 22 13 111 123 62 103 16 105 59 74 46 122 125 126 68 55 108 54 41 120 17 70 77 70 31 90 6 125 52 92 65 58 101 5 109 75 39 1 129 12 92 50 36 106 70 9 79 53 13 22 119 88 67 92 64 4 88 101 61 123 32 95 3 30 68 18 78 117 75 82 4 37 21 51 24 74 129 121 117 121 107 40 52 68 29 30 14 35 102 11 92 78 99 75 84 68 67 9
86 55 3 92 36 119 50 42 124 15 20 87 60 46 67 84 42 78 79 34 104 105 89 15 10 111 53 117 21 83 114 51 57 64 101 42 37 32 32 5 100 43 97 78 28 60 107 130 76 9 103 34 80 90 114 92 16 6 32 68 12 15 89 102 5 96 64 28 14 45 52 54 108 49 61 48 64 68 24 107 123 29 55 2 44 114 32 48 36 11 75 117 120 83 88 100 22 88 39 21 89 9 90 93 75 81 41 122 130 40 90 53 111 51 116 109 94 110 114 2 121 74 36 20 95 118 50 100 111 116
46 96 57 86 116 96 3 48 84 26 61 38 94 47 90 126 82 32 54 118 38 20 60 36 42 61 17 88 88 6 124 74 83 50 77 89 117 60 37 10 38 93 57 36 89 72 54 96 115 110 40 106 68 42 67 1 88 120 23 15 38 15 43 31 64 91 10 123 67 43 9 97 26 34 93 52 48 47 63 39 129 88 53 105 9 2 31 23 122 107 110 50 107 67 59 114 80 108 89 54 15 61 32 121 78 71 96 1 127 13 71 17 91 108 35 42 70 19 73 122 16 92 51 31 88 54 54 47 53 83
128 45 116 41 73 124 61 2 27 22 69 64 113 119 12 66 19 52 44 94 36 98 104 80 82 14 113 71 2 62 34 120 27 95 30 91 99 101 122 18 60 116 109 65 118 101 19 5 19 43 22 18 110 128 49 90 24 129 73 79 74 44 72 87 116 8 4 121 42 35 70 52 27 35 5 9 38 121 47 23 65 7 40 14 25 41 8 105 115 8 119 13 18 84 94 96 67 110 16 82 106 117 50 58 100 92 47 65 80 12 56 87 99 20 122 120 130 102 72 116 129 54 16 113 93 86 110 64 123 75
100 112 96 126 26 2 57 30 85 66 65 78 98 72 24 116 33 54 30 122 106 82 95 83 121 38 120 33 129 84 73 18 14 130 98 105 73 62 40 10 93 89 66 91 74 111 105 66 81 63 20 13 128 64 112 116 60 98 114 88 3 47 112 33 105 108 92 50 38 62 87 3 80 57 37 86 93 23 120 8 78 66 123 94 3 57 81 9 52 38 8 81 54 108 49 7 34 117 2 69 126 22 128 103 19 1 34 41 3 55 23 104 63 82 83 102 61 108 74 66 117 129 61 93 62 105 84 110 13 19
7 31 105 27 100 101 1 45 20 14 56 88 18 91 68 120 63 107 124 16 26 50 59 42 43 111 18 2 78 96 102 125 54 98 129 81 47 17 105 79 61 105 47 78 72 76 17 129 21 5 87 40 54 90 70 59 78 22 20 44 58 44 20 47 18 33 40 21 100 71 89 19 72 47 34 90 40 108 52 56 77 29 32 105 10 108 56 3 105 129 64 32 69 123 37 110 96 31 43 43 30 5 104 28 106 120 58 82 115 35 110 59 48 28 77 57 74 42 6 127 31 47 74 84 83 37 30 82 100 41
86 130 53 92 87 114 102 128 109 44 96 44 120 64 83 122 41 6 91 94 71 7 48 105 33 16 24 19 45 100 127 54 38 86 101 24 122 120 42 43 1 96 62 114 95 50 116 78 23 99 45 34 16 68 84 126 78 65 9 121 19 62 115 102 47 129 25 54 120 47 5 57 105 10 8 4 124 68 99 46 49 36 85 98 63 79 100 85 58 39 72 96 5 35 41 11 116 112 40 13 20 118 72 41 27 47 68 128 119 11 100 41 33 27 35 110 2 23 52 2 18 44 23 9 52 73 71 30 40 74
98 90 85 88 102 87 43 24 1 33 111 113 98 1 109 49 118 93 92 120 3 4 76 31 28 21 92 22 100 105 16 112 50 41 60 20 39 111 97 104 120 64 55 80 65 30 34 116 47 17 105 84 7 20 118 28 11 95 81 64 112 6 111 91 20 97 80 23 112 52 63 8 67 57 50 2 60 52 126 64 93 28 14 40 11 4 78 44 7 43 86 116 9 105 105 35 97 8 121 62 20 93 77 44 77 96 1 18 93 26 129 112 61 14 59 42 4 4 44 58 80 42 43 38 95 93 8 79 55 101
8 37 3 129 39 13 13 36 33 70 24 56 91 27 69 118 99 60 56 69 10 73 60 51 48 12 12 23 94 44 126 7 16 125 27 122 20 57 118 123 70 16 77 86 88 21 31 63 44 126 33 57 124 52 23 32 92 12 49 44 68 26 18 17 12 114 125 58 14 26 94 127 47 100 19 98 14 108 20 62 117 48 60 118 8 38 58 44 59 114 26 48 98 85 20 66 70 77 101 56 74 109 101 66 4 33 34 20 97 81 17 68 101 48 20 6 75 39 75 49 82 108 124 93 30 106 29 117 1 93
59 96 84 88 56 50 78 74 76 110 66 45 35 37 113 31 75 78 121 105 107 90 43 76 79 104 78 27 67 85 58 116 11 62 71 21 118 106 35 111 45 20 72 90 13 8 98 33 120 79 126 126 44 52 92 33 115 22 130 124 51 73 97 120 73 123 64 100 39 17 105 2 66 30 46 126 102 46 33 58 104 109 64 117 91 126 13 22 43 90 62 65 72 87 87 77 108 113 25 91 54 78 28 99 129 6 57 121 130 85 49 125 109 101 87 108 2 36 23 103 125 37 85 10 41 44 67 108 70 105
54 18 112 61 79 60 107 42 27 108 124 108 52 88 29 38 56 32 80 44 24 88 21 108 34 3 89 70 45 54 101 122 17 75 16 100 21 112 57 47 79 85 16 111 5 119 122 28 3 116 45 35 84 51 16 56 38 6 89 47 41 116 51 108 31 18 44 60 103 101 65 126 30 47 28 48 124 20 94 24 26 17 11 114 51 101 127 63 104 23 82 51 78 39 40 109 66 26 96 59 75 69 64 3 53 72 118 2 96 49 4 82 43 123 77 16 25 16 93 108 76 129 118 74 38 41 57 102 93 6
79 100 2 116 33 25 60 103 1 83 38 89 28 86 10 37 5 5 28 32 57 55 126 105 101 105 41 57 31 103 5 122 40 42 128 130 49 43 88 52 11 117 114 62 33 68 115 97 52 100 127 56 78 74 84 47 70 48 12 70 117 52 64 77 40 105 31 31 21 2 30 34 109 46 45 69 82 49 94 125 45 72 40 28 10 61 20 3 50 29 56 113 4 99 62 76 91 66 101 10 59 41 34 73 27 48 124 129 44 70 99 110 31 47 106 120 94 17 74 9 87 6 126 105 6 129 68 81 27 19
111 35 96 44 66 18 8 31 93 1 101 82 75 18 15 24 124 4 9 84 125 112 70 90 105 36 37 83 128 57 115 125 28 52 101 76 70 107 118 15 74 67 72 110 93 116 130 124 18 80 121 53 32 69 117 15 46 1 10 97 60 29 49 44 14 108 97 2 39 120 20 70 69 2 31 19 104 66 21 12 13 114 108 15 79 71 121 25 18 36 116 68 51 75 55 108 15 30 48 115 33 50 11 28 70 35 112 84 113 41 115 123 89 39 81 125 19 33 100 43 101 85 120 5 63 15 56 101 12 72
17 108 37 20 59 101 43 59 75 27 64 101 42 49 60 76 106 63 3 111 128 57 40 61 33 66 24 34 77 61 48 41 98 119 70 35 95 61 127 52 67 82 43 70 116 58 91 95 116 125 72 110 126 101 48 114 24 27 75 19 65 97 106 55 116 42 35 50 27 121 72 114 102 106 60 66 12 122 119 110 34 99 4 23 38 99 100 114 49 74 79 53 22 92 112 75 115 32 70 65 92 41 93 27 74 71 25 13 80 62 26 112 124 45 79 10 65 87 92 113 87 24 126 116 44 24 100 68 76 43
2 70 70 84 78 103 60 75 96 76 53 44 33 73 50 96 21 15 31 102 21 70 2 64 63 4 93 102 35 33 75 124 21 69 69 47 40 25 60 35 95 77 107 72 57 122 27 44 17 71 27 22 30 116 115 65 115 56 9 65 46 48 43 108 96 54 17 80 10 96 12 118 61 50 118 128 6 74 39 46 82 56 84 40 128 26 63 24 127 92 107 55 78 6 72 18 68 17 24 17 55 56 64 119 26 112 100 124 35 96 11 21 86 15 88 114 30 29 56 26 121 7 112 59 115 130 15 96 78 82
75 85 117 126 80 47 43 109 11 69 74 7 50 50 106 27 94 93 16 57 61 56 112 91 13 28 28 34 104 13 67 80 104 110 84 118 62 8 84 118 129 69 106 24 2 69 102 116 127 76 79 119 33 112 19 57 118 4 94 51 118 32 78 44 51 56 52 56 68 15 60 42 129 37 38 65 8 58 61 88 114 106 63 64 65 38 23 44 6 34 63 55 83 16 79 76 109 107 52 1 75 27 51 107 16 104 62 122 106 66 82 129 44 128 56 125 114 106 27 38 109 22 112 108 31 80 61 57 32 77
82 23 30 64 78 128 91 75 116 116 37 108 98 28 113 47 52 127 80 67 117 98 118 22 24 127 93 23 88 101 109 107 56 99 22 58 31 79 33 73 74 34 54 117 41 24 108 72 50 5 50 86 128 47 110 25 108 64 118 113 99 69 128 43 56 99 92 2 72 124 63 122 60 105 97 54 45 99 16 116 15 15 18 27 32 107 91 77 76 4 44 58 90 109 47 85 105 3 25 80 102 56 31 61 70 32 105 24 122 105 4 51 113 42 74 25 84 124 66 119 103 94 113 32 77 54 38 110 57 15
17 58 86 64 60 130 106 30 17 85 34 101 67 92 121 122 18 116 38 109 54 95 22 77 107 5 31 86 121 73 69 115 47 65 14 128 118 96 63 96 46 73 76 48 127 105 17 104 16 61 93 15 49 31 117 23 26 122 51 9 50 50 128 55 78 19 10 34 62 53 59 118 100 90 102 39 109 104 44 7 1 69 41 116 111 96 33 115 68 6 93 92 60 115 76 38 105 70 117 8 67 54 52 106 8 113 52 43 61 45 41 86 39 60 128 72 111 125 81 55 31 129 37 16 94 16 122 112 126 107
129 26 111 128 51 129 55 66 4 29 44 42 114 106 76 103 84 30 91 100 12 26 63 129 78 85 71 38 62 47 123 40 28 44 73 115 68 14 89 8 107 122 96 10 60 36 2 119 22 17 28 68 42 110 122 90 43 15 8 39 52 21 24 43 34 10 77 105 75 108 31 98 73 117 84 106 13 30 74 100 123 68 36 75 11 20 42 4 63 100 114 108 85 128 130 55 102 128 119 121 13 15 95 3 13 28 37 92 65 36 14 52 54 61 2 31 119 11 85 17 55 45 100 115 63 65 13 13 93 63
60 75 51 30 91 125 86 105 107 77 53 46 37 73 76 78 130 49 80 122 6 57 67 113 110 85 104 73 62 57 113 2 52 75 79 3 115 56 25 46 57 38 71 61 104 73 88 124 110 90 90 107 24 29 3 46 112 57 47 50 84 111 106 63 60 11 49 129 75 59 77 48 126 52 126 96 2 28 103 45 96 68 12 77 102 106 82 79 120 112 23 125 83 94 14 63 49 118 112 104 13 93 62 46 13 127 107 52 37 118 3 70 82 96 79 110 26 56 35 79 68 103 27 13 95 60 122 124 105 25
95 14 117 50 10 105 108 118 70 102 72 120 79 91 125 118 93 112 121 43 88 94 81 110 67 54 87 114 54 72 72 56 75 6 82 118 50 102 56 13 103 69 99 46 82 121 110 72 75 119 118 77 97 58 15 129 48 80 4 77 127 26 76 108 130 17 116 59 58 42 75 76 88 124 117 69 113 35 117 98 53 103 16 49 1 59 128 36 31 98 58 24 101 70 1 19 106 36 51 16 57 98 75 41 98 40 98 15 109 82 86 19 129 38 3 117 36 29 108 124 48 13 68 54 122 78 100 3 34 8
15 41 68 37 128 79 89 122 120 8 28 15 25 113 46 66 81 12 36 50 101 107 52 57 2 92 118 57 11 22 18 125 39 75 53 47 62 117 100 61 99 109 48 118 74 122 107 122 76 64 82 10 4 49 87 52 33 40 111 110 7 12 23 2 76 90 111 96 125 75 99 18 92 65 114 99 2 60 76 46 34 8 9 33 73 21 68 51 42 61 76 9 19 2 105 81 22 18 17 24 125 41 67 36 11 64 110 15 49 46 102 61 86 74 13 23 20 62 32 67 24 115 129 122 18 110 49 89 98 93
56 35 22 58 6 64 84 77 127 120 23 99 112 82 84 91 24 49 46 66 92 28 83 97 99 32 25 82 36 110 36 117 1 103 107 29 62 60 54 128 76 3 34 30 92 66 86 81 72 109 84 58 123 2 71 74 45 59 66 94 97 97 8 7 45 34 116 33 7 107 1 16 72 109 60 104 40 103 21 27 104 85 76 13 73 110 21 91 94 15 72 80 96 69 38 85 49 15 44 11 73 116 61 25 108 56 27 27 15 127 35 25 73 120 88 89 56 30 93 27 87 56 79 73 24 73 50 76 31 115
54 84 60 19 83 130 47 48 44 98 90 105 110 90 103 16 34 104 22 61 92 33 15 6 9 92 83 45 11 4 84 33 100 85 128 9 93 129 106 125 51 51 98 40 12 101 128 7 16 41 23 110 129 85 102 119 113 60 106 59 105 104 65 6 94 29 18 72 127 30 48 46 124 86 96 59 108 8 8 24 113 13 26 106 40 25 12 65 93 115 75 41 100 37 113 90 21 3 64 128 55 76 29 76 32 1 5 110 124 32 62 108 12 21 119 72 75 61 52 64 121 24 47 7 29 31 78 98 121 12
124 118 17 9 14 46 87 117 77 82 23 25 130 96 123 36 29 5 55 88 115 87 36 105 13 72 125 94 73 84 105 119 24 110 48 60 111 106 3 33 93 124 73 65 26 101 24 88 94 10 119 28 59 99 33 73 58 24 80 26 13 65 73 81 59 24 104 84 19 23 90 43 22 56 116 119 48 83 80 107 115 120 89 117 103 78 92 19 16 14 73 3 35 35 103 71 2 53 81 76 60 72 31 39 10 57 23 98 110 39 79 75 89 79 74 36 23 53 77 21 47 64 5 93 9 104 115 4 106 126
85 14 122 57 95 64 57 99 1 88 99 18 128 11 126 52 83 95 53 82 72 82 84 41 66 4 76 81 31 3 35 115 2 54 17 71 127 93 11 73 18 24 112 21 109 105 107 32 19 52 107 18 101 1 72 82 76 100 10 84 27 21 59 70 106 69 29 99 60 81 62 61 4 93 1 14 17 23 12 21 53 7 98 7 93 130 88 96 75 128 112 119 108 58 65 33 14 56 26 76 3 69 112 55 27 96 47 50 29 44 48 16 28 1 112 6 77 112 14 130 87 20 1 39 93 70 80 103 68 21
119 10 65 64 115 94 44 99 40 98 14 50 96 128 83 29 58 6 77 18 26 31 20 105 95 97 2 27 110 87 78 18 120 60 120 50 98 83 116 68 58 46 61 30 58 84 87 27 19 92 72 59 89 55 43 50 68 64 78 34 115 111 86 61 80 45 18 90 108 101 19 130 25 8 77 17 62 107 121 105 35 92 66 50 81 125 36 5 36 60 97 75 102 77 68 69 119 63 28 107 97 58 68 93 38 86 49 30 128 93 92 10 28 120 117 100 121 121 112 53 107 82 48 48 80 104 53 109 107 3
21 111 44 108 41 52 128 86 64 96 105 63 13 117 116 29 85 80 35 90 126 50 113 90 122 87 25 34 46 34 47 91 42 2 22 76 13 58 60 21 91 79 130 117 63 97 126 36 38 75 127 101 72 111 93 37 34 78 66 46 22 73 66 87 44 80 69 24 12 116 27 2 57 106 35 127 1 5 62 13 85 16 20 116 15 71 19 54 49 23 110 121 105 124 29 129 48 89 123 70 60 58 60 44 79 10 102 59 77 34 24 8 67 83 105 123 109 26 109 120 44 26 23 87 86 55 109 67 123 54
78 66 12 1 61 121 92 96 6 2 23 75 105 5 120 79 98 29 106 93 104 22 26 82 102 45 43 20 22 72 34 53 67 90 39 116 110 68 23 43 90 120 105 100 84 115 24 74 52 23 63 34 105 97 111 11 124 26 72 77 56 57 85 117 53 89 21 36 116 36 19 71 87 105 79 13 20 36 44 28 58 23 91 96 73 63 105 20 30 95 83 86 26 14 69 111 11 128 32 4 28 117 58 51 29 2 93 26 73 84 98 68 117 96 39 58 117 36 126 39 48 27 72 13 6 11 109 99 39 127
11 8 101 58 35 54 72 86 41 94 17 111 3 37 37 112 67 49 97 28 3 96 65 7 72 4 60 53 22 99 15 33 59 14 53 28 5 88 18 111 102 112 25 53 114 15 54 110 84 44 34 35 129 18 12 83 67 114 100 14 99 48 126 126 69 101 116 88 90 121 10 87 12 5 99 69 119 50 62 68 64 127 45 77 113 41 102 27 30 4 67 82 94 91 29 45 67 118 119 90 64 22 31 30 85 82 48 12 96 67 122 109 63 21 107 54 116 80 15 113 60 47 44 25 15 98 102 105 16 55
112 111 116 93 22 124 84 8 123 122 106 18 57 71 78 11 67 34 107 64 86 80 86 58 116 18 85 95 118 29 119 31 120 54 97 112 56 3 28 29 55 62 27 53 110 30 48 34 87 53 16 93 1 61 68 127 1 44 109 4 39 111 119 118 51 109 66 98 72 123 67 115 127 66 96 118 59 97 93 26 79 119 12 26 76 8 88 115 48 65 116 37 5 92 36 35 62 31 105 108 98 48 70 36 62 66 119 60 32 84 83 116 117 85 44 21 122 104 86 47 13 1 114 17 54 13 49 97 112 71
45 106 46 66 24 91 26 60 105 113 54 83 23 39 38 12 93 24 90 119 124 113 39 130 41 87 63 96 1 95 97 25 33 73 115 22 96 49 19 53 94 124 129 35 42 32 93 66 92 94 120 130 7 80 99 2 57 2 33 107 88 41 129 98 33 99 90 115 23 15 104 130 43 82 54 41 54 83 4 76 30 16 118 1 80 90 59 99 106 11 95 56 9 114 125 56 5 49 50 56 113 72 14 45 20 127 80 14 63 66 112 126 95 60 84 84 122 13 106 46 74 80 50 99 114 43 13 1 73 47
29 29 100 119 65 2 119 100 110 34 50 49 100 95 67 13 71 63 71 77 89 120 98 21 97 39 73 79 15 69 123 4 30 63 76 16 18 124 125 74 96 101 19 40 4 1 29 23 123 41 128 84 120 12 7 6 124 29 64 4 24 103 33 77 36 85 98 112 24 47 39 123 38 113 86 19 120 21 35 97 81 74 129 31 125 16 110 88 10 3 38 93 67 22 97 114 78 128 122 107 50 130 75 60 75 48 125 59 53 56 30 92 70 60 66 94 113 102 31 80 57 125 112 83 21 46 29 64 128 107
45 51 34 22 18 80 29 79 18 42 68 89 43 74 36 12 126 94 39 84 82 8 53 65 48 102 102 123 9 108 60 36 60 20 16 22 118 63 46 99 47 113 90 104 59 86 71 38 1 127 73 98 92 101 77 9 69 27 87 44 88 115 53 104 77 67 20 128 5 67 92 24 18 53 11 104 87 17 49 99 14 97 9 94 91 119 130 95 18 74 46 97 5 100 2 4 119 52 55 96 113 100 44 115 127 9 106 30 71 19 71 63 87 15 8 113 93 112 59 46 7 104 2 103 63 83 126 101 20 101
15 60 130 81 17 6 100 61 70 74 7 24 112 20 67 55 22 125 92 61 66 99 77 19 13 122 109 85 100 58 125 118 65 85 77 91 19 46 31 96 14 113 124 70 67 45 83 18 56 54 112 63 122 37 18 17 43 17 81 116 13 124 90 34 37 97 58 57 83 68 78 128 6 16 51 55 60 56 66 50 48 28 40 19 46 1 63 81 47 116 126 42 23 16 122 69 85 121 102 3 86 54 20 50 34 68 87 108 100 2 98 37 64 88 92 122 56 111 56 2 84 10 101 108 12 71 114 77 75 79
69 24 111 106 88 28 109 108 47 59 91 52 97 4 110 55 13 86 4 123 48 104 130 122 33 86 3 47 91 100 1 125 10 64 116 76 16 63 64 16 124 65 90 118 1 119 38 79 4 35 64 95 61 70 75 76 73 102 21 92 82 112 9 93 119 48 3 82 22 70 34 22 73 98 4 41 84 11 62 118 66 71 49 109 84 126 19 87 68 111 31 82 47 112 83 78 91 77 111 125 44 63 82 42 76 114 15 81 106 130 92 96 17 32 117 119 121 18 102 9 28 100 44 49 6 52 108 123 2 5
1 10 35 114 79 116 78 15 114 10 58 19 119 12 27 116 4 27 82 115 124 123 109 91 79 14 78 65 2 106 65 73 129 82 79 105 24 86 16 65 81 79 27 9 10 88 8 100 86 58 66 75 51 103 61 90 51 51 75 107 115 64 23 5 36 88 96 95 60 51 66 98 29 92 72 68 59 85 95 26 85 85 113 92 79 105 129 50 126 106 43 128 128 53 65 19 107 98 16 7 128 91 78 36 76 94 45 103 115 109 41 98 72 29 69 67 41 70 89 100 75 92 39 42 11 93 55 97 69 95
47 64 93 68 122 99 52 24 43 118 5 12 29 72 19 118 91 106 14 79 27 46 17 81 1 89 69 114 82 2 38 115 14 111 81 89 61 9 122 34 127 100 6 4 14 108 64 6 29 40 2 25 67 15 92 70 118 48 110 121 66 15 121 120 125 1 105 26 111 30 16 55 105 76 63 37 130 88 20 106 11 19 112 66 114 123 27 51 70 13 82 14 119 80 52 63 59 78 58 3 115 34 35 111 110 55 26 91 78 98 66 63 33 126 78 32 27 126 96 56 52 101 28 124 63 53 74 19 12 9
122 129 60 8 80 15 69 39 100 86 23 45 19 81 125 129 123 99 58 52 4 54 90 55 105 43 121 117 5 124 92 16 25 107 25 83 52 56 63 44 57 27 103 77 109 11 112 125 84 54 112 4 62 71 63 19 48 79 115 100 44 78 70 91 1 106 126 38 20 20 31 70 117 123 32 60 107 103 86 35 92 126 119 112 49 46 4 129 60 39 41 55 105 10 38 91 52 129 57 112 39 86 33 107 126 70 46 111 91 97 38 10 129 87 122 78 39 24 93 17 112 31 59 40 118 83 103 15 94 2
18 63 109 130 12 19 7 122 91 8 108 19 54 93 13 10 17 41 99 82 70 83 80 128 27 126 23 33 88 21 43 56 26 45 100 9 86 48 17 117 12 97 119 8 31 118 85 83 79 80 8 22 109 52 12 122 118 118 108 33 51 78 47 114 100 38 73 63 84 42 89 63 9 61 108 93 48 10 35 126 126 107 87 30 42 12 35 57 77 97 68 129 66 32 48 20 92 4 59 31 18 16 120 120 41 55 69 102 73 93 51 129 12 11 25 55 99 115 35 19 107 63 74 58 79 57 78 4 15 27
51 125 55 53 11 36 20 104 79 107 120 129 117 116 10 70 127 38 38 90 7 68 91 15 17 14 82 35 60 32 92 106 37 48 74 16 7 104 27 116 3 16 28 46 20 36 99 61 75 100 14 7 111 33 34 24 117 54 3 49 121 55 69 110 32 121 14 111 112 98 52 101 113 109 117 31 70 119 93 61 97 127 104 116 18 66 90 70 98 34 120 94 31 10 77 96 110 85 27 32 34 114 18 70 55 64 13 78 85 74 78 11 9 123 73 47 31 101 52 96 121 56 72 27 35 92 106 118 1 69
42 30 49 55 36 113 31 77 41 24 21 24 77 120 40 22 77 42 108 2 28 18 29 8 26 118 4 68 37 103 36 77 123 52 14 42 84 22 45 25 47 102 9 34 7 79 13 112 126 128 22 109 2 104 3 71 47 10 77 4 19 109 17 79 45 100 127 44 121 5 92 63 83 129 126 74 40 14 111 126 91 104 42 94 40 22 2 22 121 66 28 121 55 56 71 129 83 54 116 82 2 37 31 54 50 102 86 94 21 70 62 15 85 6 83 62 26 66 66 44 98 117 69 112 60 40 20 70 37 116
124 93 117 94 126 29 102 76 82 123 79 114 56 29 92 38 38 125 18 42 119 22 71 45 86 59 66 7 16 73 78 101 90 84 37 63 10 90 67 82 80 1 74 42 55 114 105 104 37 95 1 42 59 3 61 40 57 55 10 26 71 100 10 104 67 29 42 67 67 93 97 46 82 18 12 105 38 100 67 89 12 5 36 86 30 78 104 87 67 77 3 90 54 37 67 19 118 80 35 102 15 125 95 19 126 18 121 121 79 31 2 106 77 41 3 106 50 116 74 92 18 85 113 22 98 13 116 102 53 102
26 44 61 88 56 23 113 74 90 30 48 126 7 97 123 73 118 26 83 80 42 83 85 4 54 52 61 43 76 112 62 23 50 3 12 100 129 88 67 108 73 74 116 113 41 92 72 20 33 4 47 127 5 54 121 73 20 122 94 73 118 109 15 15 70 109 66 128 81 115 52 107 114 3 20 130 104 65 72 3 124 20 53 37 92 121 107 58 31 40 64 104 42 32 35 38 85 17 71 7 82 56 45 109 110 64 25 46 63 59 74 66 44 115 3 112 73 120 111 54 34 45 18 18 114 105 107 7 113 58
85 53 76 113 101 59 24 68 61 98 28 52 116 39 54 5 35 76 9 105 50 62 98 12 68 20 97 93 108 94 130 57 69 44 22 20 18 110 89 18 125 76 27 125 89 2 89 109 41 90 48 97 75 20 96 49 112 57 15 100 14 95 33 35 72 87 29 35 119 85 58 23 108 74 50 59 74 7 50 106 101 124 36 97 26 103 72 102 124 117 13 56 51 58 104 8 38 96 52 89 41 45 51 129 11 39 118 112 63 119 91 64 130 8 64 6 92 28 105 53 104 34 89 85 127 55 42 89 74 70
2 41 46 83 111 88 116 48 69 9 111 94 124 102 4 107 122 20 28 25 124 47 5 2 128 85 13 30 23 48 49 44 32 31 25 90 31 51 75 122 39 85 49 28 101 6 54 22 38 14 48 103 81 4 17 55 45 106 14 35 80 98 124 64 54 61 118 115 14 40 71 87 54 57 111 45 98 15 115 38 116 23 11 101 123 35 87 118 81 83 128 103 38 100 12 127 59 109 48 19 5 102 114 122 55 96 54 125 11 71 23 40 17 58 67 123 86 126 102 88 122 100 46 84 61 12 98 30 112 95
102 15 73 111 11 33 117 103 101 62 91 116 92 103 23 52 63 68 15 65 64 116 127 78 112 45 34 50 49 59 77 21 99 29 64 85 110 6 49 128 110 25 13 73 73 122 3 17 69 59 22 6 42 109 23 44 109 9 46 59 64 51 77 65 117 27 53 12 33 122 110 20 12 57 12 125 10 48 27 100 95 59 105 28 54 83 107 64 130 116 52 50 37 42 68 8 107 43 65 2 21 49 87 70 62 38 105 44 111 125 75 37 121 17 92 64 100 116 115 130 126 86 130 43 20 100 96 108 32 127
31 27 81 59 51 3 41 8 26 12 91 20 47 120 58 16 68 33 49 71 124 32 84 35 63 110 107 27 126 118 38 12 14 71 5 25 110 84 46 102 59 75 17 126 89 72 2 77 40 68 120 118 17 40 6 25 33 101 87 117 18 64 55 107 4 57 32 60 91 125 48 108 105 117 28 41 95 1 63 65 49 77 9 94 119 51 29 94 111 99 85 79 39 3 19 35 39 39 76 1 42 117 93 92 10 105 116 38 54 34 91 122 33 86 26 100 7 35 6 33 85 125 77 49 102 42 47 102 48 81
129 118 95 19 112 31 50 68 76 46 60 13 35 74 73 42 94 10 41 17 1 123 59 85 130 111 7 54 78 17 9 22 66 87 37 2 38 25 121 107 92 127 79 97 44 69 119 84 130 23 8 15 42 52 36 89 125 100 122 113 11 70 98 122 72 119 56 10 38 35 123 130 66 14 4 38 36 129 22 123 73 119 96 127 93 72 69 1 19 9 28 69 40 78 74 67 36 122 110 53 70 69 77 79 103 23 84 91 70 51 101 82 35 89 121 35 127 78 33 49 26 91 94 67 14 62 83 83 4 119
117 123 114 124 91 75 45 48 112 111 2 78 50 17 119 119 78 71 31 106 60 98 2 41 1 7 62 38 102 86 83 128 37 6 103 75 39 12 40 129 40 33 47 124 54 15 83 16 36 46 2 45 29 65 21 28 70 77 44 2 74 9 6 94 55 67 108 99 57 126 33 92 16 51 27 46 42 41 43 101 60 94 91 69 95 93 60 94 119 103 86 102 126 106 72 8 61 58 36 48 77 69 70 17 114 18 71 115 75 117 59 36 16 113 125 57 71 8 9 78 45 130 26 125 103 11 46 61 92 120
43 19 126 48 41 127 21 35 112 107 46 57 21 125 41 27 119 37 78 24 19 77 77 104 75 68 49 124 61 27 38 120 5 27 77 61 14 48 27 88 112 66 13 8 124 79 45 40 115 81 30 126 53 1 125 101 1 61 127 80 31 90 85 48 26 114 20 8 25 125 94 81 1 30 55 14 55 98 74 76 61 95 48 118 52 75 38 47 22 110 36 17 102 69 74 101 58 3 101 123 130 109 88 80 98 95 20 38 110 47 85 83 68 61 78 43 27 39 1 124 42 51 80 118 84 33 31 51 1 120
49 2 64 41 41 101 47 121 2 93 84 110 94 125 100 121 66 41 12 89 37 112 103 18 101 17 117 125 61 32 16 87 56 105 78 76 111 30 14 100 79 47 111 107 52 43 81 98 112 55 87 78 88 121 54 88 48 96 42 3 25 116 73 22 6 96 69 10 11 112 122 126 18 39 125 129 15 82 31 68 59 49 17 89 75 128 28 90 120 61 122 7 79 28 101 43 2 129 39 11 6 105 49 53 118 22 121 111 121 22 117 120 96 86 24 10 40 121 114 26 92 2 66 130 77 49 93 33 126 103
6 60 73 53 113 21 63 115 104 67 83 86 65 18 113 120 66 66 107 108 22 62 39 23 13 66 47 53 104 96 112 123 88 52 91 18 44 9 70 83 127 24 11 54 20 124 48 102 94 93 18 65 11 118 52 2 29 36 105 127 73 85 107 42 58 88 121 57 14 73 102 79 52 97 98 77 56 10 61 5 14 8 37 125 82 104 93 74 47 50 1 67 102 93 32 43 23 33 6 26 47 13 27 2 5 14 82 111 123 6 47 113 105 31 15 15 103 111 24 93 64 75 2 58 41 88 17 127 88 35
117 113 108 105 5 130 4 6 48 38 9 60 103 72 89 102 119 114 25 83 127 118 66 31 64 127 4 48 75 4 97 95 14 127 108 100 125 44 87 94 104 12 42 30 5 70 81 125 35 17 126 5 96 70 79 36 130 70 56 7 120 118 92 58 104 56 110 109 67 124 11 19 74 70 87 5 35 82 54 78 75 37 27 61 101 108 105 8 120 57 24 27 59 16 29 81 93 35 68 51 42 70 112 12 73 63 66 42 56 129 54 48 125 123 93 74 64 95 118 7 93 103 8 100 81 47 38 21 128 124
81 81 6 102 63 25 72 85 11 33 129 26 57 25 122 17 124 75 9 106 26 112 74 75 100 116 67 15 57 58 55 64 16 12 100 79 101 127 63 111 34 115 83 22 25 110 79 33 70 60 21 109 48 125 106 32 31 65 16 11 5 82 23 69 12 65 104 48 125 58 100 15 17 14 105 55 40 80 87 14 57 40 4 48 45 81 16 107 31 65 114 106 95 30 16 13 16 20 110 81 12 65 126 69 21 111 1 116 100 7 80 90 74 64 76 91 74 82 109 56 75 123 16 91 52 68 13 127 104 127
55 76 6 85 42 93 104 124 62 72 19 79 90 107 68 11 99 116 97 15 33 55 92 105 109 50 40 58 78 4 50 101 36 98 69 31 22 21 128 82 12 38 44 7 57 38 66 57 13 34 64 112 109 42 68 75 72 57 91 50 48 7 130 117 119 82 87 54 65 26 16 52 104 88 118 45 6 89 128 42 121 119 51 116 50 88 111 8 50 49 49 22 67 35 77 24 98 89 107 49 25 50 76 13 19 65 63 121 112 30 128 2 97 46 89 61 83 32 127 85 118 82 37 60 91 86 66 33 85 88
59 25 55 84 97 96 70 92 73 119 110 11 109 113 60 19 27 4 55 125 37 120 90 126 78 71 97 49 109 108 41 43 109 11 103 122 75 43 121 31 84 14 16 58 64 52 105 57 9 7 125 90 18 57 100 114 114 81 83 25 130 124 8 34 107 74 77 61 126 110 29 94 95 129 8 38 124 50 32 112 27 45 95 129 69 22 81 64 113 64 49 87 71 111 75 120 6 46 76 80 119 1 47 130 64 6 19 126 75 77 3 17 43 99 93 73 113 30 23 80 34 34 95 69 76 104 26 29 104 73
55 70 80 96 107 61 5 24 64 77 53 84 2 70 48 41 89 80 48 12 102 5 68 18 25 5 81 54 5 58 70 117 44 58 125 101 10 38 76 30 98 10 8 52 7 63 65 108 3 51 72 107 101 72 47 50 32 112 103 67 115 18 76 3 37 130 54 94 94 76 130 97 39 82 103 116 95 77 66 69 11 15 74 74 2 42 62 116 19 84 65 29 67 116 65 42 60 91 116 6 39 110 129 64 63 28 4 36 30 51 55 21 24 124 129 1 45 69 39 128 113 121 55 108 34 99 1 106 93 99
129 57 51 117 45 40 124 43 23 73 66 72 89 35 45 129 56 6 118 119 46 70 109 114 17 52 69 78 108 83 85 82 48 84 35 7 110 54 26 83 34 34 96 126 112 3 97 37 6 128 45 121 44 48 121 32 16 79 54 62 47 6 10 43 112 116 90 76 22 112 41 68 49 99 29 6 99 40 119 41 20 101 72 57 45 12 98 106 69 24 99 5 30 98 27 50 66 77 103 61 29 128 33 6 9 44 59 123 20 14 102 48 74 12 12 105 91 23 18 112 86 7 33 87 95 123 14 51 53 88
1 43 13 57 103 37 70 59 55 48 128 122 107 111 113 105 83 93 29 114 92 3 81 21 25 29 24 103 65 22 63 20 100 105 40 112 99 28 123 68 126 102 101 78 33 94 61 74 75 86 113 49 118 100 29 16 93 120 65 6 79 1 91 130 122 32 43 6 96 114 90 53 32 107 4 64 18 66 6 100 28 89 130 71 95 18 130 29 50 101 28 78 56 9 76 110 120 67 97 103 54 88 126 107 119 121 66 50 102 12 6 7 63 110 110 14 91 31 87 52 8 64 95 24 69 22 53 52 53 124
37 100 68 107 128 75 78 59 52 76 59 76 28 83 57 97 68 36 32 16 103 116 70 96 72 28 9 126 49 9 102 17 123 19 35 49 118 86 103 85 120 77 77 90 64 35 53 83 93 77 62 48 58 125 101 45 116 100 129 46 41 21 99 20 30 61 19 83 7 75 71 126 19 69 101 31 74 41 125 48 6 96 62 27 112 62 22 119 65 93 125 129 87 7 96 126 1 88 81 63 108 62 100 24 54 109 125 81 54 34 80 67 78 38 11 6 81 68 92 25 13 8 74 127 18 26 70 25 14 44
16 63 49 66 82 42 104 95 17 80 54 71 72 7 96 47 107 58 110 45 120 58 110 99 46 123 75 79 126 128 115 43 21 74 103 120 75 111 115 28 90 24 125 107 80 71 33 112 94 54 85 41 115 71 57 41 51 114 72 87 103 60 71 58 51 62 45 41 25 10 61 57 31 81 70 98 124 31 63 17 123 17 13 117 9 64 23 69 65 74 8 107 68 8 2 123 25 4 128 64 116 9 49 73 41 43 84 57 73 76 90 63 94 1 69 82 73 60 28 14 26 17 27 108 8 115 15 75 72 126
24 102 7 22 111 57 75 49 45 70 36 80 52 98 94 83 82 102 27 12 130 62 38 62 55 121 120 120 71 24 40 110 22 79 69 45 61 26 120 28 65 1 7 115 73 22 102 69 88 93 96 59 47 51 13 101 17 124 45 32 130 47 15 128 92 73 70 47 100 77 15 20 2 84 23 87 57 13 16 46 76 16 130 60 111 10 49 118 2 108 96 14 16 21 116 67 94 21 66 80 94 79 9 54 72 8 130 68 38 85 15 8 100 58 16 109 78 67 103 22 94 16 49 35 82 130 54 59 99 121
95 38 124 81 130 29 48 128 47 5 3 84 95 1 112 8 87 14 50 125 36 67 127 94 125 100 80 17 22 69 127 15 17 74 101 130 27 4 52 63 9 43 31 91 113 28 94 79 33 60 97 104 39 95 126 120 112 17 77 46 80 1 99 89 116 11 91 60 20 10 9 118 86 36 111 122 124 94 18 81 95 17 23 20 41 32 124 118 27 124 59 74 48 87 79 110 45 105 116 125 14 103 29 105 92 27 64 101 111 126 2 112 44 73 72 85 37 3 56 29 48 44 91 125 110 94 29 50 95 60
61 110 53 86 90 29 55 91 115 36 39 108 118 51 1 40 37 22 36 2 113 61 106 62 72 29 49 67 51 129 119 50 62 74 113 36 128 82 114 99 107 13 5 129 27 39 102 46 5 25 16 57 103 1 20 127 47 26 63 126 5 51 54 12 91 115 68 38 73 16 89 53 118 53 9 31 3 117 58 13 91 90 76 50 108 129 18 81 103 74 98 26 54 79 90 94 90 43 70 21 65 76 4 12 22 129 13 104 7 102 25 92 44 19 104 91 89 81 21 110 54 112 98 88 74 112 128 77 117 114
94 30 20 36 65 118 14 97 66 123 17 70 89 83 90 84 57 64 127 103 101 79 111 37 26 3 8 51 122 24 74 32 39 20 19 109 70 64 79 93 107 70 72 25 100 91 6 87 26 107 65 72 24 99 85 21 101 79 18 74 101 67 9 74 16 62 99 110 129 27 61 63 43 105 30 115 109 39 88 106 7 14 49 95 75 33 96 75 54 60 75 9 3 29 56 82 19 8 120 13 98 47 82 73 34 97 97 101 47 94 85 99 80 56 52 111 47 43 43 121 99 50 103 117 70 74 113 81 124 8
6
