120 120
30 36 9 4 51 77 113 58 13 83 87 60 54 21 88 24 4 98 80 93 41 75 101 34 27 73 116 115 20 58 41 98 6 98 97 71 70 85 57 27 46 97 116 4 57 100 120 70 56 81 51 90 61 114 115 97 76 105 44 58 119 31 1 8 111 6 38 77 72 112 14 98 106 115 15 56 110 107 92 50 50 13 40 112 28 98 118 61 7 9 118 49 86 23 93 52 70 67 43 113 47 76 28 117 14 107 48 73 63 52 23 120 49 54 35 15 120 44 99 27
35 113 92 14 68 103 57 12 5 48 16 40 113 42 56 55 112 2 67 103 88 16 4 28 75 101 86 95 5 5 3 79 89 25 48 116 120 50 24 33 106 7 78 6 65 27 117 60 20 24 111 110 18 24 54 64 107 44 56 16 59 54 67 20 102 88 100 68 83 96 107 49 75 13 100 53 66 76 93 38 12 63 85 33 115 47 70 94 91 113 91 54 76 19 86 61 83 91 47 103 27 66 45 25 59 30 1 96 62 29 42 102 67 35 96 110 24 6 3 30
14 120 111 78 96 60 63 96 43 69 100 71 81 4 116 37 107 7 21 86 97 70 61 39 9 6 1 113 11 43 118 28 10 80 69 99 57 100 112 77 30 83 99 33 102 114 107 118 52 111 92 19 104 111 42 79 55 93 36 104 78 44 14 44 48 116 30 107 70 70 56 2 46 9 55 87 44 69 85 73 91 39 113 103 57 3 73 25 93 110 117 89 30 52 26 103 23 74 118 72 10 48 15 23 16 98 25 56 99 103 54 114 25 3 20 13 99 34 110 119
116 68 118 113 91 55 33 84 39 105 90 33 46 39 69 38 18 107 62 75 74 41 96 107 27 100 85 100 80 83 76 63 54 57 11 24 115 10 93 96 61 112 81 19 83 74 119 21 54 111 99 36 115 41 70 7 60 114 69 33 22 73 87 29 32 64 97 15 111 78 69 75 82 9 113 11 9 110 74 19 37 5 91 101 110 92 67 101 78 103 25 61 89 53 18 102 13 94 30 9 105 2 68 119 19 42 62 15 72 5 80 22 67 100 62 25 97 103 2 61
69 10 54 16 21 75 22 62 11 54 94 60 10 6 115 70 20 47 113 89 36 102 76 69 109 78 115 34 26 1 83 33 25 37 69 103 77 78 60 64 86 25 37 86 71 105 96 23 45 24 82 53 69 61 45 94 22 12 107 50 20 120 38 12 13 5 67 27 22 36 102 30 96 62 50 6 8 101 116 103 42 26 8 98 72 2 98 82 88 34 3 103 54 88 57 6 24 82 32 63 18 100 27 60 34 54 24 88 11 117 16 58 108 50 60 97 40 80 68 16
83 114 85 102 90 31 18 87 95 67 67 10 62 65 106 91 33 77 99 110 23 110 9 67 3 74 9 113 13 38 118 75 87 95 115 110 22 62 85 13 65 112 78 29 90 53 42 100 81 60 118 98 3 113 4 68 51 3 109 23 17 78 27 47 19 52 108 37 89 33 36 96 39 114 75 45 7 94 98 23 24 80 100 53 32 117 62 85 44 32 24 36 61 66 75 14 19 68 112 101 38 35 74 49 76 105 52 81 53 58 37 25 64 21 105 104 48 19 45 33
91 73 75 99 39 80 42 8 35 21 45 84 104 17 93 76 76 12 23 2 31 61 13 117 19 111 55 96 42 83 114 92 2 16 58 3 109 113 45 2 89 94 49 69 5 57 84 95 29 118 29 67 64 59 87 17 18 76 17 10 37 80 113 2 7 35 31 23 85 74 86 101 101 94 80 110 75 93 112 25 54 32 81 40 65 108 108 1 92 84 80 110 88 113 11 29 18 82 34 70 31 53 6 3 17 92 9 32 66 37 44 70 41 26 92 41 83 64 74 55
5 113 77 60 92 112 73 79 92 22 116 41 84 81 104 22 44 112 64 106 53 8 87 42 40 95 57 70 79 86 90 67 66 47 68 22 68 43 117 15 12 64 80 25 100 27 15 92 58 48 70 120 93 10 51 65 29 69 72 88 112 27 74 27 90 50 73 45 94 66 100 66 46 9 7 17 42 43 55 108 98 106 57 1 76 39 24 22 17 88 27 79 86 96 78 60 120 74 88 113 67 11 53 27 70 5 26 74 28 105 15 98 97 89 49 77 69 13 59 45
53 101 14 42 94 9 58 85 57 91 37 67 2 100 9 46 24 118 48 9 97 102 21 120 82 69 102 1 107 24 58 15 33 18 44 51 56 111 5 33 103 39 106 30 74 74 5 64 119 26 32 37 105 5 21 107 91 111 106 45 102 8 1 114 49 118 87 89 110 65 14 100 27 18 20 79 64 51 27 37 56 9 63 21 51 91 68 49 10 44 113 10 87 25 40 81 23 40 28 63 73 64 66 39 19 15 28 80 86 117 69 40 51 91 58 52 87 14 80 46
22 16 85 78 117 89 53 22 16 73 74 45 56 106 90 74 100 110 83 81 80 81 4 71 12 114 18 94 38 51 60 53 83 109 106 104 54 67 64 83 26 26 44 22 19 71 43 91 111 25 115 36 53 44 47 71 80 32 53 61 69 43 39 105 103 42 17 114 18 116 99 11 80 7 2 78 20 39 97 31 120 67 33 43 117 41 87 95 63 16 26 83 92 91 81 16 5 55 4 30 30 39 7 60 75 39 46 47 22 52 110 7 12 56 89 102 119 1 120 54
75 80 27 58 11 19 81 69 79 16 51 29 19 9 117 18 72 116 55 48 59 104 86 49 100 75 17 23 50 74 74 29 91 118 88 108 76 113 58 103 15 97 73 9 23 8 36 2 8 118 87 114 80 47 19 16 71 16 48 21 78 34 104 4 4 11 11 71 116 29 69 20 51 69 99 36 96 72 78 51 20 79 42 69 82 49 65 86 82 26 106 27 17 27 108 7 32 68 90 2 63 5 93 79 109 52 54 85 76 71 74 108 110 112 115 36 20 106 32 91
63 83 103 11 71 39 84 53 83 6 107 16 116 84 41 118 1 93 47 23 60 53 30 106 36 49 88 104 116 63 19 102 114 115 44 3 54 98 28 90 110 40 79 116 15 98 39 112 105 96 29 114 40 100 64 97 36 56 55 108 98 51 27 9 118 9 4 14 6 74 68 72 36 27 14 91 92 62 46 72 53 54 113 87 105 20 112 32 12 96 70 57 66 56 84 36 111 2 113 4 100 102 57 14 18 28 98 64 114 22 97 96 55 90 27 41 33 60 54 43
19 36 102 74 87 104 3 17 118 74 36 43 25 81 75 117 80 55 36 10 102 85 34 2 10 66 33 15 67 16 31 8 36 111 79 66 49 2 80 64 108 20 110 79 67 72 101 24 17 40 54 3 32 53 47 69 3 119 46 22 59 75 93 21 102 45 91 116 7 10 11 24 41 67 25 58 62 33 69 58 63 65 76 7 87 50 69 105 11 50 4 58 45 38 88 84 57 83 86 17 95 41 120 46 85 71 115 63 103 53 19 78 36 3 23 118 6 57 12 118
117 23 102 26 71 94 36 115 67 63 74 106 47 77 108 34 78 36 6 90 52 40 69 23 109 70 58 14 21 13 62 13 52 101 60 66 68 16 81 50 44 86 111 83 55 7 94 38 62 43 31 109 23 77 82 16 31 29 7 113 58 68 106 98 28 86 66 53 108 59 26 32 22 17 56 73 35 10 23 67 34 117 64 115 90 54 38 76 91 70 61 43 1 3 96 38 61 5 110 5 85 101 93 114 92 107 92 120 16 119 19 58 112 64 31 118 107 68 100 41
83 118 74 95 104 64 55 70 104 22 83 60 14 7 71 50 119 66 13 5 41 32 110 104 59 45 112 31 39 65 67 105 15 113 72 5 57 58 7 19 21 63 49 14 72 26 75 15 70 114 63 17 92 63 51 105 104 108 62 38 27 79 111 63 92 2 119 82 64 95 33 79 6 34 37 115 90 51 61 10 11 12 63 97 23 9 44 83 6 5 38 5 89 57 81 11 87 6 103 19 101 84 67 31 30 14 36 98 46 62 113 86 102 97 106 13 42 96 106 63
23 111 29 65 88 47 85 67 78 23 104 86 29 102 10 63 24 14 37 78 16 22 34 117 6 23 90 119 78 100 19 114 6 17 50 93 65 33 52 55 47 66 119 43 6 49 61 114 37 25 25 67 104 61 109 24 35 65 100 54 63 21 104 16 87 1 94 107 42 104 70 99 92 40 47 21 46 93 36 14 51 53 72 72 3 34 104 56 101 2 13 17 39 33 120 50 59 20 32 44 62 107 44 67 50 5 16 53 43 40 90 92 93 18 79 108 60 40 103 1
37 36 106 4 63 31 82 110 68 93 6 48 80 102 43 16 13 34 32 14 43 1 87 91 76 69 48 8 94 47 81 13 17 41 92 102 48 101 69 46 76 40 10 102 28 29 92 49 17 102 96 118 71 119 46 79 22 55 48 53 53 78 113 61 9 62 73 89 70 78 24 118 116 47 62 47 107 111 76 78 56 80 38 108 30 52 21 38 97 48 107 109 7 66 30 67 89 32 46 49 98 89 96 86 92 81 6 103 2 81 25 32 61 36 74 70 40 106 35 54
18 33 39 49 84 56 1 45 96 75 4 84 114 117 47 48 46 43 115 31 35 13 79 41 68 79 76 45 45 38 91 7 26 35 59 55 78 51 62 105 13 36 34 89 38 79 120 68 33 50 116 33 48 117 70 15 42 104 69 58 9 48 59 22 21 95 81 72 51 32 24 58 28 118 30 83 57 12 86 37 74 45 69 4 75 104 115 41 109 84 81 45 97 44 11 11 62 3 34 112 105 22 115 29 6 4 26 66 41 19 21 102 22 109 113 37 24 15 118 76
12 111 51 5 95 68 71 40 86 104 24 10 54 92 106 35 13 114 75 23 110 19 11 84 21 18 94 47 71 1 54 44 111 29 63 50 9 22 109 5 90 70 46 29 30 98 41 98 22 78 106 53 21 96 104 27 52 37 34 87 111 43 62 60 53 90 91 120 109 86 100 43 13 38 98 41 113 95 13 57 22 50 5 100 45 114 107 63 92 38 84 113 39 16 100 52 111 10 2 29 40 28 95 42 110 91 65 2 55 54 97 46 71 49 7 31 93 85 79 42
41 29 35 23 100 32 28 48 91 3 67 89 8 90 4 19 51 111 23 51 29 20 38 12 112 118 64 43 84 95 38 109 6 1 30 73 91 63 23 50 82 16 59 103 36 78 56 18 64 25 105 47 40 52 120 15 100 56 110 95 28 47 40 72 20 115 37 30 94 94 61 33 69 69 77 116 83 4 57 19 68 28 3 83 60 89 45 36 7 89 60 94 18 34 14 19 116 61 59 57 93 44 111 62 85 43 50 112 21 12 63 47 115 64 73 83 62 58 5 20
52 65 33 56 56 40 56 25 74 17 90 107 82 23 106 25 16 22 63 93 94 19 51 60 111 94 111 69 117 90 42 32 74 30 24 109 35 76 75 116 32 23 59 33 47 77 117 86 54 111 101 120 94 35 107 68 15 104 3 109 32 40 84 61 77 87 93 68 19 66 63 29 83 98 66 32 65 73 77 16 77 37 6 57 53 60 104 109 79 46 70 75 59 85 71 66 100 24 46 95 80 100 31 47 66 65 1 45 36 61 94 111 99 111 39 62 22 3 72 78
7 8 79 68 46 111 24 69 52 104 64 44 20 68 86 82 56 72 101 86 61 78 19 12 81 6 100 74 12 5 60 45 120 107 81 63 97 101 32 53 11 104 15 101 77 48 2 41 36 70 59 10 88 13 56 73 109 64 79 66 89 82 28 94 80 106 56 97 102 41 96 42 38 65 110 9 88 87 48 49 36 68 34 14 116 118 32 51 29 89 112 106 9 90 113 61 11 110 25 100 69 117 32 70 56 97 71 49 22 49 79 82 54 108 20 48 41 4 60 88
119 24 18 17 101 33 2 61 76 27 6 30 1 82 79 41 93 33 112 36 21 114 60 49 53 91 25 6 54 82 83 85 18 47 61 112 5 1 31 91 17 4 4 71 80 115 100 99 34 101 52 2 120 41 117 52 45 67 5 17 54 37 97 37 26 88 13 35 109 5 104 62 40 106 90 55 80 119 107 13 66 4 69 15 70 48 40 84 2 106 52 61 51 13 101 41 59 111 72 89 36 36 30 66 78 98 78 23 85 13 116 44 15 22 59 79 66 74 37 67
75 17 115 35 100 41 73 71 67 43 80 100 108 98 48 51 55 54 107 50 82 103 80 111 105 63 2 41 81 108 31 13 103 100 16 37 54 48 67 115 52 76 110 120 102 29 35 19 67 78 51 78 79 48 73 60 34 99 34 49 46 116 110 118 111 14 99 68 110 61 76 39 68 28 66 48 114 96 114 56 11 14 59 91 20 43 66 101 111 96 19 62 117 7 28 50 65 18 25 50 32 33 57 96 18 17 87 47 77 108 8 70 108 86 87 96 44 7 80 73
10 50 82 117 33 17 56 75 43 74 102 75 21 2 98 21 105 120 117 3 40 36 72 89 114 112 44 15 22 19 115 64 68 45 104 15 95 36 35 65 109 114 40 102 1 66 114 34 65 116 16 94 94 101 67 119 88 107 4 85 33 52 119 94 109 87 82 96 81 94 68 98 37 91 89 3 42 63 5 4 106 74 7 34 83 23 32 117 69 70 78 34 94 72 95 18 96 45 95 17 94 37 116 68 61 92 92 46 39 5 9 56 90 116 80 23 62 67 55 21
38 104 99 87 48 105 38 83 49 9 118 71 86 59 11 117 67 91 54 21 4 15 18 86 80 114 111 39 100 54 77 14 33 45 102 25 30 89 119 108 43 17 44 70 79 29 103 89 47 118 31 6 93 82 55 101 58 108 116 15 35 63 77 24 66 97 33 22 89 29 120 62 58 91 108 119 66 104 77 71 88 81 77 76 19 70 120 98 102 44 76 22 49 81 63 39 27 76 9 30 35 13 32 44 66 70 53 98 112 80 9 58 64 19 113 52 99 37 85 107
96 61 54 40 116 48 118 107 2 93 20 13 81 90 70 10 116 116 55 118 94 113 49 11 53 4 106 120 46 99 11 69 54 10 78 51 75 91 20 110 65 10 79 41 37 54 24 61 30 56 79 20 107 48 43 19 39 14 37 39 17 97 44 90 15 20 106 54 22 10 116 70 30 99 9 26 83 39 58 118 72 69 81 45 39 94 36 10 17 79 28 21 63 46 111 36 10 106 35 89 102 60 4 106 76 85 1 15 120 21 118 53 107 79 86 22 90 68 12 106
70 27 48 78 74 43 84 100 112 89 30 48 88 56 9 85 97 58 100 49 91 32 74 108 62 106 14 100 74 54 12 114 24 92 15 9 56 79 18 28 104 21 46 38 52 96 112 57 12 49 58 22 43 35 35 93 99 103 21 40 33 66 109 42 45 90 7 93 48 76 50 102 107 115 68 31 34 104 40 54 120 73 2 79 10 115 86 85 80 112 103 24 44 65 34 93 19 42 68 25 36 101 70 87 89 37 24 105 30 31 63 93 62 41 86 42 98 62 25 89
88 22 83 40 45 55 28 13 95 11 109 9 108 17 115 67 44 12 17 7 106 38 45 10 9 104 52 20 50 33 14 60 26 98 3 11 87 33 88 31 29 66 60 31 32 25 51 12 52 102 94 109 111 25 56 61 14 25 10 7 87 65 119 118 111 73 28 116 73 106 78 2 103 54 52 62 114 115 109 3 90 60 34 38 111 7 51 58 96 23 25 71 98 42 21 48 74 64 97 29 73 83 84 90 75 64 24 68 96 30 73 3 114 68 78 81 107 37 100 113
9 78 4 24 93 116 115 77 45 60 79 112 102 75 114 90 104 105 62 28 47 31 23 107 37 108 1 6 81 36 119 52 73 66 8 40 67 64 11 3 91 116 94 49 109 86 107 71 109 49 102 91 115 100 45 23 26 23 17 4 95 2 21 76 98 50 17 81 99 14 21 109 72 37 107 27 59 35 44 7 54 116 95 36 29 78 9 64 75 113 97 96 45 114 42 105 56 60 20 62 14 34 112 27 61 100 107 99 16 81 95 75 44 44 68 107 100 51 86 77
47 99 22 38 90 6 64 1 3 78 116 20 45 65 31 106 34 52 50 114 9 27 9 120 9 109 97 98 65 63 92 76 83 63 39 116 115 116 61 118 67 3 44 27 115 39 23 63 52 35 69 44 34 120 13 54 96 19 43 34 118 48 85 27 9 6 113 3 57 57 37 83 12 102 48 36 118 32 11 110 43 64 117 32 13 47 4 80 63 8 42 74 21 104 95 29 91 31 79 56 7 100 110 88 17 5 54 75 70 2 105 8 56 104 108 52 57 60 69 53
97 32 83 89 89 24 113 29 55 85 97 39 35 26 115 38 42 64 79 63 7 62 117 46 86 120 24 20 73 86 69 100 84 17 28 16 73 46 79 110 32 68 75 96 117 97 46 14 91 51 54 93 21 60 108 52 39 99 51 13 66 44 81 91 34 74 75 18 23 53 59 64 32 98 66 98 40 98 38 115 67 98 101 95 85 81 38 48 64 116 68 106 102 52 44 95 87 56 120 14 67 47 23 17 107 24 101 46 32 105 95 119 31 19 24 18 72 87 40 13
76 73 83 95 38 16 29 52 91 83 26 109 87 36 106 12 3 49 88 32 23 92 86 27 119 81 84 91 54 113 18 85 49 109 39 77 54 47 79 96 80 108 77 33 28 67 45 52 101 71 23 55 101 96 57 51 5 6 113 32 62 42 30 28 82 26 15 84 25 100 16 73 83 89 103 110 110 3 23 75 60 115 69 34 91 52 39 78 8 5 12 41 76 73 59 112 8 93 90 55 117 85 77 93 2 105 65 63 44 49 118 104 89 97 90 41 109 38 22 3
36 55 26 94 53 4 30 98 47 69 102 25 79 17 2 101 75 72 70 12 101 58 16 10 7 48 52 83 109 66 7 51 29 105 119 20 28 34 29 30 22 78 60 119 100 93 27 107 48 61 1 93 78 99 104 90 27 80 79 74 113 55 89 79 44 81 13 75 20 44 54 53 89 15 98 76 99 30 37 96 2 109 13 91 58 63 91 33 27 17 33 95 2 12 5 110 99 11 17 48 18 102 73 45 21 51 41 73 102 44 73 84 110 6 111 112 13 24 51 118
72 46 26 109 104 56 30 8 53 38 82 91 104 31 39 111 114 108 31 46 63 114 81 110 48 3 27 42 72 51 94 106 68 54 115 41 4 41 62 74 1 98 97 71 17 17 51 104 52 84 93 115 29 22 45 115 96 27 114 116 54 68 30 72 103 63 69 28 59 98 112 104 2 7 36 95 4 65 101 41 67 39 85 110 83 4 26 112 4 35 26 17 13 73 66 61 26 77 53 75 6 115 75 3 12 64 47 32 91 116 31 3 118 63 7 17 75 108 77 56
89 98 10 63 73 93 26 101 1 7 43 69 63 89 39 17 91 43 80 3 70 19 74 14 82 35 24 87 17 93 51 40 18 81 5 73 119 68 70 74 72 99 29 65 101 48 67 45 74 119 2 78 64 46 88 4 100 49 77 16 21 104 15 117 41 19 13 104 16 87 17 48 36 7 103 14 16 107 58 4 37 61 81 28 41 19 17 114 70 61 91 110 31 7 21 96 2 115 84 32 71 2 57 43 65 91 109 37 66 54 61 114 102 28 90 25 1 89 45 39
87 4 115 25 68 2 115 70 87 70 120 19 7 76 119 80 57 32 33 63 17 117 90 28 25 100 96 59 89 94 74 98 15 43 98 28 24 109 114 86 112 26 118 78 1 72 110 30 63 16 90 84 67 93 2 101 43 17 56 75 39 12 12 82 107 82 13 9 105 75 45 79 42 88 69 58 72 16 32 19 40 6 14 83 49 68 36 62 38 98 91 17 54 76 83 82 44 28 11 112 57 98 57 46 52 73 25 108 35 107 95 113 71 120 43 111 88 96 36 48
91 99 9 19 120 68 96 73 77 61 18 39 28 63 87 25 7 113 40 52 84 107 74 81 34 75 35 103 41 32 89 8 83 12 79 83 75 86 41 29 7 42 10 75 58 110 44 85 24 63 85 21 101 44 58 96 65 66 120 98 25 98 90 81 119 25 101 83 52 77 120 67 61 71 23 31 43 21 78 45 69 64 15 72 17 82 39 16 14 76 86 111 30 106 91 73 29 119 93 38 100 41 19 7 31 11 54 80 25 107 108 84 64 84 62 84 100 120 21 67
105 35 57 91 23 1 5 43 100 3 37 104 98 29 64 22 55 69 84 101 29 68 67 90 101 86 104 37 89 38 96 11 91 40 88 110 14 44 51 113 107 69 10 56 85 97 58 19 76 41 26 37 23 78 66 33 52 35 73 48 18 56 85 65 58 11 8 4 26 46 95 47 13 8 4 31 29 33 99 36 9 51 24 8 114 70 102 91 37 25 88 38 5 67 39 49 115 102 68 40 108 71 84 32 62 106 106 56 74 106 58 108 25 102 93 48 1 37 36 53
25 48 86 5 5 42 30 95 106 55 82 29 1 113 102 115 120 104 66 23 53 3 70 39 44 7 82 114 52 47 6 97 4 65 31 45 46 6 25 105 90 30 85 97 85 100 19 92 7 58 24 41 26 47 81 82 101 27 112 50 80 22 31 113 102 116 69 50 83 120 80 56 103 79 78 34 76 3 74 25 91 49 51 2 25 79 77 75 10 100 54 29 68 23 67 51 98 30 78 55 101 112 90 8 21 109 16 83 45 96 55 91 53 97 92 16 74 82 111 93
31 85 78 1 88 75 91 88 99 49 13 16 28 9 59 67 94 89 69 116 104 96 75 37 81 91 96 62 23 78 19 49 85 97 38 64 85 113 23 71 33 11 68 22 69 81 43 120 103 47 112 33 107 15 18 88 117 115 6 117 13 105 72 116 68 74 83 36 105 59 44 101 119 106 105 31 36 96 51 50 114 7 107 39 95 24 1 7 40 76 86 11 15 91 54 115 48 43 109 20 87 106 113 100 83 27 25 60 111 54 14 120 14 64 32 59 65 29 120 84
37 81 11 25 1 41 112 114 117 58 112 11 71 115 90 74 89 45 18 65 58 114 119 95 112 40 25 61 2 14 7 70 24 11 65 22 89 62 67 110 76 42 47 94 43 94 52 56 93 52 18 27 65 46 89 11 100 28 39 64 82 79 66 58 9 67 61 34 6 34 72 101 64 15 32 68 5 114 22 108 99 119 93 96 32 120 16 107 75 104 10 79 89 116 10 76 2 17 72 5 120 90 87 18 35 111 90 31 37 16 96 90 79 120 46 59 72 112 33 9
57 75 94 10 52 6 42 95 7 80 72 110 55 56 101 30 55 70 120 105 120 48 98 47 30 64 62 63 77 26 59 76 19 80 28 118 98 59 41 5 67 39 45 83 21 69 119 32 30 32 73 55 50 78 102 75 100 63 111 113 25 22 88 57 13 97 76 99 54 74 68 75 46 70 114 94 41 54 59 80 110 52 115 46 114 103 31 63 78 99 109 41 84 119 120 95 34 105 102 71 87 96 10 45 34 77 56 93 8 72 57 105 61 103 101 1 88 13 56 63
30 79 38 12 11 21 95 81 24 95 10 16 67 12 14 110 54 95 93 68 77 8 64 100 119 120 99 37 99 51 3 77 97 29 103 1 6 70 63 84 112 29 9 24 1 3 75 110 77 68 31 74 78 59 40 33 92 111 113 100 8 14 103 115 61 32 40 13 75 40 64 51 37 54 87 66 42 60 86 91 57 92 31 53 101 58 63 11 113 54 90 84 39 82 54 48 42 51 85 106 62 117 91 69 56 69 13 11 20 52 107 57 81 86 27 41 55 38 61 91
64 82 95 89 14 105 4 101 77 108 71 73 86 71 83 66 84 88 35 63 56 78 52 49 16 114 68 112 81 76 89 3 6 55 55 22 7 97 37 66 23 14 71 16 2 24 24 110 40 68 62 100 88 63 14 17 84 99 19 83 34 40 50 44 99 86 21 58 35 13 74 90 3 67 110 44 59 71 64 92 49 40 76 70 94 115 47 87 6 112 12 95 105 4 75 90 86 115 40 62 108 52 111 8 23 79 38 13 1 55 106 85 79 12 117 66 116 33 62 118
35 73 78 40 105 52 39 44 16 89 72 115 76 119 82 77 57 89 87 106 103 21 10 59 30 98 90 26 4 56 109 39 29 63 38 4 78 8 25 51 27 10 7 10 102 39 2 47 112 17 59 71 10 13 32 2 87 63 34 60 48 117 70 32 65 38 95 5 2 39 50 7 112 5 15 28 73 31 95 9 119 68 85 33 106 14 39 52 2 62 119 44 112 79 18 19 57 42 14 34 25 18 60 7 24 98 16 101 119 56 44 119 95 46 113 26 51 11 42 113
105 60 8 9 10 78 21 92 91 23 102 80 19 43 93 76 97 102 99 107 22 42 71 54 112 4 83 118 22 78 89 104 91 4 71 106 106 23 39 14 54 24 31 101 106 51 96 99 1 1 52 68 65 101 61 119 19 55 97 60 58 73 18 96 107 9 44 60 97 97 118 106 82 94 87 84 73 40 10 51 115 117 97 59 73 109 7 97 15 58 60 34 61 42 33 2 62 53 25 52 37 59 40 104 100 81 114 91 72 29 109 66 120 61 79 33 8 120 16 61
2 102 103 60 91 7 6 21 32 69 70 60 115 83 108 62 7 71 48 8 48 120 86 28 70 49 62 21 86 52 68 26 28 18 10 73 98 61 71 120 79 119 36 29 10 31 29 17 40 69 4 29 12 31 90 23 53 39 65 5 49 17 118 96 14 76 39 113 33 65 35 63 28 71 48 2 109 63 76 115 99 65 45 27 99 95 98 113 78 84 6 72 63 17 89 8 85 74 86 63 102 51 15 120 20 48 76 101 81 57 13 74 14 11 25 118 96 60 32 82
107 88 15 65 70 52 16 113 79 18 46 102 117 56 99 113 69 59 109 99 101 67 3 65 33 118 71 105 114 82 119 103 119 50 120 55 105 70 28 58 56 75 116 90 107 90 40 83 38 8 99 69 60 16 89 67 16 96 119 19 65 120 36 86 119 59 83 117 112 114 84 45 57 66 33 91 25 42 90 101 14 61 10 60 93 30 37 44 92 47 59 38 74 50 3 14 86 39 39 93 45 65 45 16 58 107 88 66 17 46 87 25 8 61 100 83 26 120 41 16
7 118 75 12 112 93 95 98 112 32 93 56 63 91 118 69 65 56 28 12 75 101 50 58 68 82 10 14 46 82 22 86 68 104 78 49 57 101 24 71 87 33 70 5 85 91 15 50 115 12 37 36 46 31 76 108 95 98 3 2 110 5 74 54 56 54 40 109 29 24 38 71 9 33 88 3 84 81 2 19 84 3 69 19 96 109 54 44 64 8 13 75 13 97 107 96 81 73 27 32 37 89 106 18 2 94 63 7 104 25 77 4 109 1 31 84 12 50 2 102
20 16 24 54 37 34 28 83 75 67 119 58 37 72 97 12 85 97 65 63 1 58 45 41 97 98 27 116 83 116 57 47 65 115 11 18 56 116 10 96 87 21 9 37 71 67 28 33 13 108 114 80 119 59 75 109 50 26 72 69 39 31 101 114 11 63 53 112 116 114 112 38 4 41 78 24 13 104 48 25 51 75 26 88 69 94 62 70 30 65 35 21 28 55 48 86 57 98 105 9 83 14 5 115 55 106 93 76 80 113 2 99 90 17 35 116 32 103 72 31
82 21 85 19 36 105 108 95 48 33 81 28 25 54 103 16 90 12 38 41 92 34 87 105 20 98 119 42 77 112 87 36 116 50 38 114 24 40 94 2 71 65 106 99 8 91 35 40 103 87 102 112 40 9 74 7 71 103 11 45 87 99 100 19 104 72 73 98 101 93 80 56 55 72 84 19 86 41 60 95 116 107 6 118 90 72 51 33 34 103 5 107 102 115 78 58 18 51 58 44 51 43 87 21 71 23 111 117 39 14 65 20 65 13 4 1 99 79 23 37
64 60 8 103 58 119 41 12 6 24 42 48 45 45 90 113 26 51 5 106 56 20 101 38 104 75 62 57 104 84 53 59 55 30 92 47 81 41 101 102 46 89 11 76 67 14 41 107 105 75 103 3 9 106 97 47 120 82 23 71 32 90 112 34 31 96 56 70 18 69 21 102 53 60 64 56 86 42 84 53 20 9 64 34 20 10 65 50 35 112 69 109 99 52 57 27 55 48 26 94 108 58 48 55 97 98 105 58 85 117 16 23 116 62 29 97 90 7 95 36
41 92 58 30 44 117 31 72 18 92 33 98 90 120 66 6 53 21 7 103 93 17 19 104 98 56 11 60 51 100 5 102 104 34 43 50 46 83 19 68 18 25 16 62 64 25 49 93 80 104 88 75 2 80 108 95 66 58 77 46 10 106 103 115 105 113 58 34 73 88 86 100 71 39 109 14 4 119 85 52 10 6 72 66 51 25 102 106 26 82 107 55 55 61 96 79 94 68 117 83 116 90 1 16 63 10 64 67 92 37 103 28 47 7 9 37 100 16 48 85
71 114 118 70 65 17 52 35 81 47 31 119 71 35 42 97 72 115 13 113 4 38 27 43 48 76 98 98 80 57 61 107 46 76 102 84 51 7 74 65 73 5 44 15 8 71 21 62 32 120 115 84 36 79 117 4 27 113 66 24 86 59 99 12 103 19 23 105 19 84 81 13 49 81 102 95 62 2 28 99 38 69 109 6 38 58 104 112 36 77 107 13 70 115 117 44 66 59 53 11 71 33 32 104 14 75 13 59 13 111 41 106 78 118 101 65 75 23 16 66
37 119 78 104 34 72 26 48 43 119 95 44 61 101 11 45 105 4 66 16 21 17 8 55 77 83 90 104 105 11 46 107 120 66 95 21 101 64 20 14 86 42 11 30 17 114 48 102 73 40 30 63 112 85 10 69 75 52 75 66 11 93 53 55 28 28 49 63 15 98 103 4 100 65 62 55 57 88 80 43 39 14 46 65 49 53 57 30 46 50 99 63 25 43 67 93 14 86 23 85 20 16 28 105 76 55 19 96 31 62 96 81 102 108 57 120 44 99 75 64
93 42 32 69 16 112 35 45 76 13 16 10 54 93 30 77 109 63 33 31 17 98 47 10 10 7 21 91 63 110 51 64 91 5 12 62 2 57 102 44 45 60 90 57 70 49 76 93 59 40 94 73 9 35 109 41 42 88 46 3 3 111 106 89 54 35 107 85 39 1 94 74 90 118 13 108 75 20 69 118 86 105 71 81 74 87 108 83 106 100 37 76 94 62 47 57 8 55 60 117 113 25 57 112 57 93 7 115 44 42 29 89 102 92 30 76 104 99 68 20
85 38 46 53 85 85 54 20 89 77 41 98 115 20 29 20 71 77 37 42 86 7 64 70 56 17 15 23 65 120 92 75 83 42 78 56 58 55 96 68 84 77 13 23 21 70 36 47 26 25 90 85 9 35 87 117 9 15 61 13 49 27 81 49 114 76 82 41 9 117 115 59 36 74 46 62 14 22 107 31 100 6 88 89 54 81 46 30 49 43 38 96 19 106 99 29 101 97 96 116 81 80 7 87 8 24 66 58 34 103 6 114 112 35 85 3 74 8 69 42
52 67 67 65 43 90 109 119 28 30 64 60 57 9 82 102 10 14 39 86 39 74 84 71 71 104 62 28 108 24 32 112 29 39 45 74 119 63 5 5 44 78 98 54 104 34 32 4 74 96 60 30 116 56 62 110 9 11 73 31 88 104 26 32 7 43 61 108 120 113 106 98 23 74 60 65 118 41 36 61 61 72 30 68 20 23 61 69 9 108 87 25 91 106 32 40 50 33 10 30 56 98 92 47 39 83 38 50 11 99 107 45 40 84 82 30 57 5 85 72
29 55 91 18 41 27 86 8 50 40 7 56 42 64 84 80 110 109 50 49 60 99 99 43 105 1 41 64 117 54 91 67 92 3 96 91 96 48 3 45 56 96 42 47 56 70 25 113 74 12 7 47 117 101 75 71 120 58 12 16 81 24 112 62 4 40 70 17 46 89 48 18 55 56 61 115 77 8 111 14 37 37 103 67 39 30 96 12 94 39 42 119 114 80 57 7 65 67 90 105 44 46 36 56 19 9 39 14 101 62 64 4 17 60 78 23 38 20 27 84
113 70 60 27 97 60 109 103 65 12 73 36 96 27 15 66 53 56 32 75 3 112 23 12 63 63 96 100 103 88 43 110 53 7 64 84 58 90 23 28 2 120 2 82 57 68 76 101 108 106 73 4 98 56 25 6 89 57 46 115 107 47 62 75 62 11 1 41 19 33 51 23 79 110 108 63 60 73 65 109 44 69 91 116 56 36 73 30 39 87 116 66 10 70 2 61 40 94 75 115 103 44 102 64 7 70 90 48 89 79 53 93 54 73 29 89 25 1 32 103
99 100 106 73 98 14 6 52 85 118 20 85 72 114 83 83 95 14 54 34 5 2 73 106 14 40 31 62 104 87 17 38 70 73 105 17 59 37 51 103 101 41 83 68 23 86 104 90 65 6 76 17 86 106 60 104 28 108 73 40 78 66 20 34 89 27 27 24 13 107 44 59 74 40 110 73 85 8 110 91 70 28 115 62 77 102 63 1 72 48 103 100 83 77 65 120 25 75 25 78 56 46 13 19 98 89 28 85 16 107 57 72 66 66 38 75 72 54 96 108
70 4 27 14 32 99 23 58 99 37 4 37 101 6 115 2 48 54 10 2 34 101 36 69 31 87 65 91 109 61 36 3 15 24 117 18 40 102 22 100 62 19 45 5 27 59 104 66 45 118 44 74 78 37 70 95 37 91 22 12 31 106 97 7 23 24 85 51 41 34 27 9 112 30 52 61 48 46 1 33 10 116 59 3 7 45 15 101 27 74 116 36 24 111 17 60 47 77 3 4 49 61 90 114 1 44 9 53 110 32 15 76 74 2 43 64 49 24 7 44
66 8 92 104 15 90 40 25 63 20 112 72 3 28 16 64 54 30 42 11 90 64 38 94 115 61 58 39 85 95 29 53 102 26 85 101 86 107 86 76 104 6 6 8 106 17 108 98 114 50 116 72 79 54 115 81 42 15 108 24 114 24 84 23 22 84 69 88 33 74 44 65 19 30 75 49 19 92 82 65 60 17 104 2 114 62 106 119 100 27 110 14 2 96 20 120 46 89 29 113 9 21 90 67 103 6 112 35 66 9 7 46 84 85 23 61 75 1 104 101
53 19 65 8 55 56 104 115 70 92 93 108 68 48 33 58 66 86 73 103 109 87 38 14 104 65 53 60 52 21 48 114 53 83 9 119 69 5 6 5 82 17 52 108 98 25 99 11 27 101 98 88 74 11 82 46 79 84 64 43 59 61 59 36 106 81 51 93 29 116 95 5 103 81 24 52 5 9 34 100 102 105 59 81 120 35 89 3 2 20 102 91 91 57 17 108 86 102 82 8 118 107 23 9 71 61 17 39 43 41 105 113 47 35 98 44 46 83 73 20
29 91 30 34 26 60 58 66 85 78 9 102 45 88 80 89 120 31 40 36 96 67 119 33 3 10 91 64 117 107 63 113 17 65 106 33 50 53 68 4 82 39 51 71 80 17 41 35 87 73 64 57 104 101 53 62 12 1 90 66 112 84 64 50 85 96 57 68 17 19 20 61 30 117 29 86 22 23 101 6 54 58 39 27 90 55 92 111 73 67 116 58 53 96 56 26 84 44 30 116 117 88 120 107 62 94 63 108 48 98 28 89 102 79 98 120 47 61 112 109
48 28 26 61 118 33 3 118 56 57 88 102 21 70 15 3 61 13 9 92 102 14 78 93 39 45 90 120 20 118 68 62 17 45 98 96 102 65 88 25 8 54 85 82 23 87 95 36 27 16 103 95 116 99 107 52 16 70 33 32 41 1 85 50 81 115 75 56 19 35 54 11 12 38 99 105 83 20 7 43 48 53 99 2 73 12 110 85 33 111 72 120 114 115 107 29 4 54 26 35 69 46 117 111 78 64 48 53 100 44 111 32 81 49 74 31 48 13 23 2
15 115 48 106 85 93 99 89 114 96 61 73 80 50 91 50 107 6 110 3 79 35 56 66 85 13 115 94 37 68 59 17 113 81 104 93 119 79 37 17 92 114 88 24 99 35 24 47 68 82 41 117 70 44 112 21 73 82 80 86 7 92 12 36 56 39 60 100 79 22 28 77 117 68 105 3 88 43 1 31 111 43 63 31 43 46 65 58 33 101 110 57 21 87 80 115 45 49 2 58 32 2 33 77 115 8 96 111 57 10 115 112 57 47 48 87 16 47 19 74
22 48 107 111 20 101 92 4 83 10 90 46 86 24 8 37 80 112 15 94 12 35 109 25 112 45 61 84 114 47 118 30 104 30 37 3 88 32 102 45 32 63 10 106 13 75 21 18 113 69 47 111 11 94 65 109 74 16 106 95 70 17 11 43 91 23 39 15 105 28 21 27 44 25 96 22 50 44 7 77 21 88 113 21 11 4 53 9 4 82 27 96 73 69 89 116 34 90 59 91 6 84 85 72 99 6 37 9 45 73 85 19 82 3 111 17 53 27 114 100
21 26 37 113 73 43 67 24 92 58 14 4 76 65 53 77 111 74 24 84 96 8 56 26 83 19 113 39 53 105 112 22 64 22 119 7 63 41 98 111 119 94 65 39 117 47 36 12 39 4 58 23 21 81 66 84 100 9 23 6 31 65 79 81 56 40 70 55 100 11 40 59 100 109 76 77 17 97 70 62 28 71 95 20 67 67 81 54 60 112 11 88 12 94 119 89 27 99 56 63 67 43 58 56 87 4 78 94 6 38 90 113 17 75 108 114 11 31 88 1
87 70 95 15 102 96 25 13 36 50 63 49 66 71 23 29 72 46 65 55 71 67 75 97 40 35 46 72 40 97 73 8 82 43 112 59 61 16 44 41 92 70 41 99 99 73 38 8 118 106 69 116 79 86 31 49 76 5 25 112 119 27 13 17 66 87 86 13 100 98 50 71 100 107 33 23 29 82 30 81 106 50 86 97 113 80 69 57 80 45 75 87 79 68 114 48 68 90 89 28 35 59 87 33 114 66 63 31 29 106 18 47 3 42 44 106 102 28 95 108
51 108 116 93 82 32 22 54 56 36 61 60 107 85 23 95 105 45 98 22 50 81 44 73 59 59 39 66 92 109 97 72 35 106 117 103 45 16 50 14 19 110 115 29 80 111 52 104 53 104 48 89 98 117 49 19 2 43 4 85 118 34 76 8 19 98 24 32 67 57 99 26 117 100 42 33 40 34 119 4 93 18 62 119 118 87 46 15 57 115 27 115 10 23 48 107 30 6 42 6 75 23 106 5 97 54 67 19 99 34 38 6 3 28 73 24 102 18 118 25
42 40 89 11 16 1 33 65 1 68 7 3 1 42 62 77 108 51 106 76 100 66 106 21 71 1 57 43 73 54 56 120 34 108 91 25 51 23 24 23 115 115 73 35 25 43 32 100 67 40 99 48 102 78 4 120 63 30 62 48 57 1 83 11 43 67 106 92 78 89 92 117 19 86 111 70 4 73 7 55 10 45 100 52 17 20 117 100 22 111 53 21 63 1 100 40 13 12 61 79 89 26 75 46 37 85 111 62 98 54 41 92 32 54 100 3 110 61 107 7
36 115 112 36 83 64 84 19 6 100 118 77 21 45 114 10 67 100 110 25 71 80 81 42 20 18 58 82 108 69 42 103 9 37 59 109 64 17 60 115 4 118 15 59 39 96 109 45 26 14 30 23 16 61 35 43 10 71 31 62 79 118 17 67 98 83 104 32 40 27 57 105 11 86 29 37 72 108 73 94 87 79 61 30 65 77 47 72 32 2 37 83 111 86 85 51 73 113 5 120 102 7 24 93 77 87 95 73 90 86 103 58 104 115 4 25 20 71 15 117
46 112 14 9 7 118 114 118 56 48 56 24 112 15 119 43 8 114 19 73 8 2 83 13 119 91 29 22 65 91 71 20 42 74 1 68 62 25 33 102 52 102 44 61 22 57 82 78 64 48 120 110 42 8 70 65 73 51 7 17 68 55 41 18 11 66 118 77 119 84 15 22 120 92 76 21 81 86 94 92 15 119 13 109 101 9 6 65 56 81 21 77 29 86 117 45 29 43 33 104 6 59 23 17 88 73 22 7 33 75 22 59 92 3 75 108 69 47 71 17
8 84 6 102 33 8 115 3 42 105 110 57 58 10 120 99 37 18 45 119 40 56 11 18 52 27 41 12 60 89 118 100 42 60 117 66 85 106 30 93 29 99 109 81 83 92 79 82 27 35 25 3 78 34 80 32 11 84 90 89 44 74 114 89 36 29 111 115 94 55 56 68 35 39 40 27 49 3 49 69 12 35 116 28 85 18 19 111 61 89 30 72 69 72 60 55 97 16 13 112 65 12 43 69 59 17 35 2 103 117 41 81 110 29 80 96 114 120 1 68
63 6 114 54 97 56 4 78 36 76 65 33 91 108 79 95 86 15 14 8 106 107 81 100 39 94 93 93 34 3 9 53 120 4 85 67 81 21 21 118 88 80 15 69 88 62 54 62 95 69 5 38 83 46 106 7 72 41 25 76 108 79 74 85 7 23 18 111 13 78 19 33 4 18 74 40 24 53 119 15 79 14 27 48 47 22 55 106 35 13 114 10 85 44 73 70 74 33 78 21 107 101 19 44 104 6 76 104 102 59 88 103 64 49 3 64 43 17 15 3
68 29 92 51 50 85 89 105 39 22 107 38 4 38 1 48 40 19 76 41 83 42 33 45 97 66 47 109 36 32 81 88 15 110 38 24 82 53 66 38 39 28 95 117 104 4 97 10 6 92 106 22 76 86 50 92 64 75 11 36 1 30 102 27 93 101 88 98 101 32 89 115 47 24 25 63 43 66 60 53 38 118 28 114 33 108 37 100 111 18 34 96 68 61 85 72 113 32 108 114 53 13 44 9 29 58 104 54 9 110 74 113 95 80 2 19 100 98 100 94
105 97 114 78 40 31 18 37 103 88 59 113 4 34 104 46 23 10 44 108 64 35 88 115 17 18 39 40 28 6 42 14 55 25 32 37 93 118 63 13 48 107 6 92 55 13 71 39 29 62 94 3 53 105 10 39 6 88 68 7 95 80 43 25 107 92 48 102 4 102 114 19 88 41 87 76 114 53 70 84 74 52 24 109 51 95 103 107 103 29 38 60 108 30 49 99 19 68 113 6 37 62 52 70 2 14 11 12 21 111 114 117 4 4 10 109 70 45 102 31
48 45 17 43 1 79 44 25 33 12 57 6 54 96 120 46 78 12 7 85 14 67 91 73 32 44 45 96 24 6 53 104 71 90 19 54 29 43 53 109 17 119 93 15 22 16 49 27 68 71 92 111 116 58 34 37 98 42 36 6 76 72 90 30 28 58 97 40 40 72 67 117 38 109 17 118 112 4 61 49 20 77 102 97 81 38 72 108 29 59 23 59 5 99 105 76 120 112 52 82 18 33 32 26 89 64 57 107 63 11 78 101 63 61 57 73 97 23 31 96
16 65 42 57 23 19 114 84 24 24 33 38 69 97 89 65 30 108 69 4 75 103 19 29 64 83 12 63 68 100 19 61 1 34 69 114 6 55 40 85 86 27 97 66 64 14 43 70 85 119 16 15 38 55 57 79 104 19 119 120 84 61 67 58 82 100 51 71 41 82 57 85 88 59 79 48 118 43 70 45 55 40 40 60 72 64 87 99 89 99 83 65 63 37 25 35 75 44 51 118 71 112 110 96 24 66 47 12 93 88 7 12 88 74 50 65 45 107 21 92
93 30 37 18 24 119 48 46 36 69 15 41 67 80 77 73 10 63 70 92 75 23 85 118 40 74 11 28 56 92 5 13 83 30 108 57 115 101 54 23 37 82 27 79 42 92 119 81 101 70 11 20 69 60 41 55 116 106 69 80 14 23 119 78 52 41 15 78 118 15 89 78 61 55 20 68 64 97 102 83 40 93 4 28 36 77 13 113 36 44 1 108 17 110 79 107 12 86 11 12 70 92 32 71 7 31 1 33 101 72 30 115 85 48 91 54 63 58 105 14
91 81 82 68 31 77 49 72 112 72 5 97 77 27 53 15 25 5 86 43 60 49 113 9 73 59 2 118 51 57 37 79 85 54 13 53 51 34 42 55 69 53 77 70 73 36 40 15 105 98 41 116 73 82 77 8 49 38 60 93 9 37 37 99 20 81 36 1 115 48 104 95 17 33 31 80 79 28 106 50 2 80 85 30 102 107 107 8 33 34 86 18 59 8 5 8 65 107 93 101 24 25 65 68 3 17 107 75 47 95 82 112 28 35 4 59 83 2 95 11
51 100 4 15 4 104 67 69 20 77 116 117 2 28 93 59 8 59 71 59 76 69 74 41 47 65 93 33 101 20 56 103 2 115 115 75 28 83 55 107 52 88 3 79 11 75 86 50 77 115 11 28 89 117 28 35 111 11 58 1 46 108 103 62 43 4 101 16 90 7 96 55 63 85 70 103 10 8 4 52 72 50 108 120 100 30 63 70 42 62 65 83 38 57 9 95 74 61 48 30 61 56 44 8 10 27 91 111 87 66 110 106 88 10 110 50 106 115 73 26
108 70 44 78 40 72 109 30 67 64 84 103 4 83 38 88 119 40 89 37 102 96 56 32 41 88 8 12 106 102 37 83 71 46 4 16 13 29 33 37 74 50 76 68 26 32 54 51 96 59 72 119 45 120 63 1 53 103 43 57 110 117 61 4 97 22 54 110 110 5 77 23 91 117 64 105 97 57 64 15 69 111 77 99 90 98 77 52 77 22 108 87 58 43 48 71 119 24 13 103 45 113 101 22 20 56 77 7 47 86 30 47 80 17 38 51 43 29 93 20
56 2 24 65 15 32 93 72 80 11 82 41 21 101 100 15 70 80 23 19 92 54 95 109 70 1 41 82 22 99 114 56 94 96 23 20 37 35 51 30 33 79 95 100 35 5 27 64 42 47 119 47 70 81 61 33 117 59 116 3 13 90 20 96 86 60 120 73 76 10 58 3 119 99 11 41 41 35 50 47 86 85 43 112 54 20 24 68 75 86 45 34 80 106 115 13 35 94 92 103 28 48 47 55 78 106 64 9 90 12 93 102 84 1 8 99 43 1 35 49
83 21 16 34 38 17 21 80 116 37 82 70 38 57 93 31 70 20 32 93 59 65 6 9 41 9 45 86 77 21 89 65 32 86 77 118 14 8 108 39 43 97 60 103 105 24 91 28 12 43 95 96 56 21 49 107 18 89 12 72 3 62 111 95 73 117 28 86 111 33 96 91 111 18 21 5 50 40 113 49 74 60 111 24 25 27 20 76 118 28 9 21 61 104 97 69 4 104 85 44 83 107 50 75 113 46 34 11 55 93 50 110 61 66 20 6 3 38 44 16
114 86 5 25 119 36 110 38 48 105 38 104 70 95 6 73 116 48 68 46 99 38 11 39 34 81 41 59 38 82 81 5 20 63 61 35 89 111 40 89 44 66 113 110 72 63 57 1 17 118 79 69 114 40 4 109 112 89 41 13 78 17 25 95 64 26 51 15 107 67 65 15 23 40 37 2 96 109 65 53 115 35 43 67 95 21 11 89 118 14 110 24 89 76 30 108 44 99 20 112 90 23 98 2 47 62 89 5 9 52 88 42 97 32 101 41 50 2 24 47
104 95 58 54 7 28 119 83 76 80 32 30 16 46 40 37 6 53 72 69 39 68 24 37 29 109 58 97 60 72 47 31 74 46 109 11 74 110 21 39 65 28 100 30 93 51 49 8 107 74 29 112 2 56 34 41 61 115 100 113 18 46 1 11 1 36 22 101 9 65 57 52 5 4 57 109 43 1 100 40 74 67 114 8 94 53 39 18 7 59 100 93 71 115 90 67 21 21 97 115 76 117 46 24 102 116 8 113 58 3 69 84 77 53 55 59 109 66 31 47
80 82 40 12 111 19 54 60 88 17 99 23 68 13 40 27 41 76 32 15 108 96 105 68 110 24 103 32 62 12 62 14 40 66 118 63 49 40 37 19 105 82 9 63 106 96 12 44 39 65 113 19 106 67 76 26 15 114 22 81 77 46 21 30 85 19 65 75 81 71 100 113 66 22 39 15 48 31 10 96 84 76 64 30 60 3 40 61 57 55 90 112 46 71 3 117 33 16 93 84 85 24 89 99 89 41 73 42 22 84 33 56 118 55 108 99 96 110 63 113
2 51 86 11 115 43 49 99 22 20 29 109 16 48 104 29 109 25 28 18 94 107 59 66 24 16 104 113 91 93 21 94 84 114 38 104 102 57 42 110 5 103 8 106 26 5 80 83 91 12 90 43 16 55 21 112 86 2 108 3 53 100 72 26 35 109 88 30 38 67 99 117 83 90 37 20 69 69 66 84 58 120 50 79 53 68 2 57 4 103 90 86 96 111 82 99 8 16 40 73 88 72 40 96 37 61 7 82 81 71 64 71 47 75 15 118 82 54 97 56
110 22 109 100 105 45 104 43 31 116 56 13 94 28 17 66 2 97 30 40 69 8 22 44 36 116 14 10 52 87 40 109 53 70 45 42 118 95 119 85 94 39 52 17 73 96 14 20 58 111 21 85 89 83 115 35 36 74 60 7 18 3 36 43 3 63 80 23 38 67 102 26 102 61 55 111 53 63 14 43 63 15 67 25 86 50 83 64 102 44 108 103 40 58 111 43 89 111 49 40 85 77 72 117 77 110 104 44 60 110 25 80 20 59 6 61 11 42 15 115
112 78 73 77 69 92 102 89 47 12 79 97 26 37 49 67 41 32 40 24 57 20 78 96 74 67 9 72 84 31 35 113 114 104 88 16 64 66 8 95 39 117 119 102 69 25 119 55 92 61 73 76 4 6 96 105 61 96 76 84 14 3 36 17 3 10 67 7 10 36 96 36 113 31 110 73 74 59 35 5 86 6 48 81 59 118 58 48 55 67 53 115 62 81 49 65 17 45 7 32 86 32 119 78 97 91 60 103 83 30 38 56 100 82 113 103 14 51 58 119
50 19 36 41 1 54 61 35 19 89 30 87 51 23 41 14 81 38 99 16 57 52 66 94 59 84 47 72 102 62 114 55 59 120 87 84 30 65 116 102 59 113 15 57 49 108 28 73 113 11 48 14 28 45 40 65 120 22 48 45 50 94 107 19 40 89 5 84 28 56 1 72 47 45 60 72 10 62 41 105 96 95 105 87 57 67 61 108 62 96 100 90 60 54 68 63 1 79 10 28 26 79 44 21 6 10 56 41 4 110 117 1 48 59 112 107 10 116 107 64
17 30 106 120 80 112 55 7 50 36 75 92 111 47 65 55 4 98 43 44 45 41 42 89 18 21 18 2 22 69 29 21 96 44 83 2 41 96 49 29 37 80 28 27 4 61 95 79 31 66 45 113 37 113 102 76 105 106 13 42 27 7 71 7 52 36 7 36 49 24 17 83 33 100 115 84 81 3 33 60 113 4 37 106 21 51 74 114 81 66 100 17 73 6 44 53 80 76 78 65 113 11 100 88 27 58 76 33 89 25 35 117 83 1 17 93 68 100 3 17
6 104 58 94 43 5 45 61 22 5 55 46 50 51 81 67 113 115 89 87 39 56 94 81 15 47 88 28 52 120 14 105 56 92 116 106 115 116 75 6 111 106 84 47 8 1 54 114 53 83 38 7 114 20 94 57 108 101 62 103 77 71 96 44 41 112 87 32 90 16 25 20 4 30 44 41 7 32 105 55 83 112 13 33 77 105 83 44 77 112 96 7 72 11 43 44 61 15 66 111 32 49 103 2 83 95 52 100 57 42 23 39 64 51 109 111 95 56 83 34
13 106 1 52 17 104 99 36 72 34 35 90 67 56 17 89 94 55 1 104 62 9 86 67 22 48 2 55 39 6 64 10 120 23 89 80 23 105 65 33 11 47 104 4 28 11 67 38 96 13 110 34 118 37 110 12 47 88 37 35 61 115 54 55 84 72 88 50 94 97 109 94 47 77 32 105 101 24 65 46 62 26 68 90 73 55 62 76 20 117 22 60 59 58 9 114 94 30 116 29 26 84 6 93 99 79 84 47 117 56 51 4 35 40 79 35 33 17 66 65
28 9 63 20 67 75 50 37 104 15 70 65 60 61 28 101 37 73 55 80 88 86 55 19 108 19 79 1 107 116 106 43 31 57 85 74 9 52 83 100 110 117 71 57 8 72 66 107 4 26 39 71 41 87 108 46 13 35 41 105 109 59 53 39 78 31 8 85 102 38 47 82 107 94 84 70 80 45 105 32 120 51 65 76 27 107 1 82 11 74 26 39 24 14 85 116 107 66 118 107 98 75 68 57 24 55 112 79 24 20 1 118 86 58 65 95 17 34 26 42
91 17 20 56 82 96 25 80 54 114 38 59 17 91 43 48 98 86 100 10 9 99 9 26 71 62 117 26 69 54 114 101 46 109 95 60 23 83 97 12 10 20 105 35 81 104 87 59 111 113 15 80 42 16 107 23 5 7 26 34 1 66 24 75 33 9 8 53 24 112 15 40 8 36 43 48 91 3 95 19 74 24 72 107 38 88 28 54 72 120 63 2 26 36 7 78 2 72 99 9 113 1 50 3 105 120 110 95 71 67 49 76 13 86 39 110 23 86 108 67
7 64 99 40 58 27 29 50 114 115 99 30 113 110 96 34 75 76 45 106 89 107 10 76 38 7 47 106 108 53 89 77 68 67 55 80 81 120 30 61 26 6 63 87 24 33 40 55 3 113 23 73 65 102 26 69 24 101 96 109 2 99 67 40 18 100 33 28 94 34 106 99 76 106 101 57 80 105 20 13 110 91 35 8 1 80 54 79 106 87 87 60 89 110 1 118 69 114 100 78 94 55 118 94 83 76 27 111 86 15 118 81 76 49 36 36 30 110 102 59
21 67 94 94 37 100 68 109 99 6 97 3 78 36 69 101 46 54 55 41 84 21 98 58 32 6 112 107 65 33 20 69 10 11 47 41 59 23 27 15 57 120 52 66 64 29 59 31 29 67 55 107 25 75 104 99 51 113 61 36 16 79 101 4 71 93 27 116 29 72 106 10 12 49 12 102 39 80 33 43 112 41 26 15 89 65 45 31 108 51 12 37 69 18 48 8 111 114 72 89 8 89 68 106 106 54 30 110 65 32 102 114 92 95 59 23 63 11 4 40
63 91 17 89 57 42 120 19 63 37 19 62 51 29 82 87 10 37 62 34 59 43 59 64 107 14 55 71 7 49 118 119 37 17 21 97 59 50 1 34 15 43 62 100 73 43 21 93 12 47 114 6 67 83 50 43 25 92 15 36 91 10 65 68 46 86 44 39 39 87 9 82 81 73 111 64 47 72 80 84 52 4 23 59 119 89 108 86 58 82 108 42 105 9 77 49 91 39 25 34 9 31 1 64 106 5 75 15 68 20 47 12 10 59 88 37 80 69 60 29
82 23 70 68 71 30 22 36 105 26 77 99 101 80 41 71 98 69 20 14 113 115 38 67 48 92 81 79 70 64 8 66 44 34 60 60 52 62 79 68 82 87 57 62 112 43 45 77 103 106 19 58 111 34 53 106 81 50 78 71 13 92 20 25 66 46 95 77 18 93 108 66 7 111 115 34 85 117 108 115 22 46 10 2 117 12 21 58 59 108 68 15 38 7 56 14 76 12 44 97 30 47 87 16 59 51 62 76 53 29 48 41 118 113 78 111 25 63 60 32
80 51 84 60 59 2 92 113 20 60 12 109 80 12 103 61 90 16 97 96 16 102 42 56 16 44 98 68 89 61 28 44 57 94 117 88 29 103 88 120 49 34 6 111 43 82 77 47 57 94 63 103 117 93 44 72 3 39 74 32 60 37 117 48 110 45 42 88 58 37 110 73 3 45 38 6 22 44 91 46 27 102 76 46 2 3 81 50 91 118 92 29 64 8 16 62 4 20 15 98 61 55 119 105 54 30 24 103 72 25 111 37 40 47 18 37 74 15 26 5
79 95 20 73 62 100 100 82 30 101 108 61 73 38 61 82 42 85 54 80 92 71 52 40 70 66 91 54 40 82 8 114 28 29 57 70 27 17 52 107 8 17 19 29 99 14 119 104 71 21 21 37 119 40 47 98 59 112 22 16 109 74 113 27 26 42 114 51 120 13 30 35 55 106 3 117 73 103 120 33 24 48 83 87 98 86 41 51 34 1 22 106 75 24 60 36 41 107 104 69 114 61 112 21 28 81 55 19 3 57 4 67 78 100 44 107 71 27 61 37
60 108 48 12 79 83 52 63 3 108 22 9 111 5 66 85 46 107 100 90 115 36 7 99 32 22 112 14 68 112 45 105 26 78 76 18 111 24 18 28 92 60 103 102 68 19 61 41 90 36 103 35 66 83 98 73 3 91 53 74 1 102 66 117 81 94 70 13 102 91 105 43 81 20 77 98 90 71 69 62 94 115 26 92 17 89 59 98 73 2 69 34 90 110 74 43 113 19 86 70 102 116 64 37 33 57 109 112 96 47 104 78 92 24 19 116 98 32 51 22
4 44 115 28 96 29 48 78 55 24 113 109 105 14 12 14 86 50 73 21 84 77 62 112 38 38 6 41 20 75 22 56 53 104 78 73 36 68 87 106 49 86 63 83 2 103 94 119 47 71 62 32 57 65 30 58 87 108 37 97 5 92 117 97 22 73 4 73 15 80 90 84 49 46 99 44 119 21 44 56 101 104 33 51 82 25 53 75 3 86 27 2 37 24 98 80 2 35 35 49 16 26 1 39 104 16 35 33 102 26 78 29 101 66 111 71 62 105 37 23
97 75 102 68 63 15 23 57 116 77 16 7 9 48 11 87 70 79 1 94 43 88 75 39 35 57 14 52 66 93 6 9 85 107 1 109 36 2 42 110 44 76 58 49 80 55 111 19 117 50 50 52 9 79 88 25 35 80 5 70 83 72 4 59 60 16 49 71 89 111 51 95 84 8 75 107 75 38 61 82 54 21 120 116 36 110 77 35 96 18 59 5 19 109 55 48 73 65 97 19 23 100 40 55 111 85 58 9 67 99 91 36 37 21 24 116 59 8 97 105
85 37 76 17 32 88 42 71 44 43 13 56 16 3 75 88 107 22 43 38 80 65 35 98 85 28 54 10 120 54 23 102 32 58 39 33 26 13 94 82 33 17 21 68 36 52 42 22 91 18 44 5 81 77 57 44 64 8 101 26 10 111 15 57 19 23 64 8 58 119 57 118 120 68 89 94 14 90 72 22 105 97 12 1 79 99 49 70 9 16 52 5 13 15 21 71 77 3 93 10 19 68 90 116 90 100 35 95 95 62 56 84 106 114 48 112 104 111 81 89
3 1 116 58 98 17 81 23 83 86 12 65 85 20 58 110 8 39 104 1 31 25 45 43 57 88 33 108 32 47 117 101 95 64 73 103 18 103 35 109 117 36 95 105 63 10 86 15 25 5 3 33 89 27 103 102 79 48 35 53 10 17 45 54 76 33 94 45 88 102 50 117 66 35 30 34 68 73 71 93 114 43 118 61 5 35 65 23 94 15 9 98 77 91 63 68 26 49 13 119 63 76 44 41 85 66 49 84 55 102 119 65 51 97 74 111 84 64 119 106
100 63 32 62 92 22 75 70 66 103 30 49 48 102 106 49 22 46 8 63 10 71 10 31 38 72 102 90 81 83 5 49 76 39 112 114 63 80 49 51 5 16 118 5 66 33 20 9 22 48 15 50 81 64 11 33 68 99 85 102 27 31 54 74 74 14 98 15 115 106 7 62 113 63 97 15 23 13 115 87 42 20 30 105 101 82 14 5 14 15 25 32 106 67 3 19 34 4 89 114 33 6 86 19 37 47 100 83 68 49 83 19 107 1 22 5 33 96 45 37
38 31 20 113 5 97 50 2 57 31 99 112 91 1 114 6 69 109 107 105 5 27 26 91 21 35 69 39 120 79 53 28 76 62 44 107 88 103 61 90 20 86 9 116 120 113 4 11 118 34 120 78 23 100 59 51 34 89 20 5 80 93 25 71 53 25 118 115 14 101 44 90 100 21 45 70 91 90 64 83 119 26 88 40 27 60 77 4 34 48 40 54 67 97 65 110 95 43 71 63 71 95 48 8 36 104 44 70 103 63 87 33 4 48 79 8 68 117 56 43
115 104 74 86 32 21 73 80 89 70 5 82 112 54 38 21 77 48 4 98 45 21 74 98 19 88 52 118 55 61 110 96 3 61 8 39 90 67 49 108 30 23 115 51 4 29 120 35 86 34 10 93 111 120 113 100 21 117 28 47 119 112 110 50 84 78 112 42 71 118 5 115 99 20 47 34 107 27 14 80 64 57 114 2 65 110 11 101 23 81 111 94 36 82 106 17 40 3 111 55 98 33 24 75 67 12 61 81 18 74 84 7 46 78 83 11 34 94 46 4
79 12 103 79 13 89 84 116 27 111 72 75 107 102 86 64 120 40 79 7 83 14 55 34 23 4 74 117 120 33 46 107 56 38 78 5 45 118 105 35 98 48 10 23 26 8 119 43 18 112 120 80 115 72 105 95 81 43 15 67 46 26 25 68 16 83 64 19 52 72 24 58 29 57 79 70 5 15 85 68 40 22 91 102 98 117 33 25 51 46 106 65 15 16 95 3 108 3 75 11 46 83 37 59 102 106 86 2 116 106 64 65 51 73 111 53 76 85 104 116
65 52 57 97 30 55 23 29 29 41 71 20 85 84 93 71 116 30 100 35 106 87 16 42 114 52 28 75 51 46 5 23 52 105 28 19 34 41 113 61 114 110 108 3 81 94 12 105 28 13 99 83 5 99 73 57 91 109 25 8 39 81 96 88 22 48 43 114 110 98 49 42 73 92 64 90 88 109 113 46 72 31 17 88 23 50 16 43 76 48 16 49 49 53 23 115 9 70 111 41 1 86 5 7 19 13 36 80 118 16 37 11 53 12 32 84 109 88 67 103
28 51 69 44 21 25 104 2 63 87 49 12 44 40 8 112 27 17 39 9 76 77 28 43 14 55 58 113 51 87 108 60 53 56 60 111 61 69 7 84 114 112 33 50 35 81 7 90 4 95 84 36 102 106 15 29 65 73 62 31 97 34 43 12 75 80 64 64 114 106 35 53 13 39 44 115 72 68 27 88 97 65 107 118 95 4 31 79 4 82 120 46 112 106 71 87 80 105 73 70 38 72 61 47 68 105 119 105 21 74 13 30 85 92 79 67 92 70 38 16
110 32 42 18 93 36 83 104 24 108 68 94 77 60 2 4 55 40 56 14 76 49 87 116 71 102 76 36 120 6 47 111 26 74 18 89 83 33 41 57 40 12 58 56 29 1 79 106 71 120 1 6 90 118 80 108 67 91 4 10 91 93 9 12 39 13 12 25 52 60 107 49 76 79 118 111 3 56 114 23 88 3 110 83 91 117 69 12 84 49 31 5 8 60 101 39 93 88 67 120 29 73 111 4 117 82 38 62 40 3 103 92 107 92 22 45 92 1 60 91
55 66 116 58 118 7 112 14 75 37 14 59 104 82 51 107 13 10 109 57 115 80 103 53 24 107 49 65 97 38 119 33 104 117 109 83 55 99 62 18 86 6 71 21 109 87 70 3 92 18 16 43 55 21 93 8 110 106 92 9 77 111 92 25 12 39 91 37 21 38 16 115 57 110 83 103 12 9 23 81 82 49 33 27 18 68 55 70 117 40 77 11 33 85 113 70 4 118 103 19 73 5 1 34 64 84 9 87 83 55 113 58 85 24 43 38 37 10 30 100
101 6 112 58 30 1 42 80 22 5 107 22 103 90 49 32 34 73 74 94 42 99 11 35 41 34 2 50 79 73 38 4 82 43 19 5 62 24 7 99 16 31 113 44 72 45 55 77 33 96 110 62 117 104 86 25 82 77 15 114 49 63 36 75 84 107 49 32 95 47 100 66 39 11 89 103 89 100 118 28 96 79 53 14 50 64 105 19 49 37 42 83 38 116 32 15 87 66 67 101 82 78 19 86 39 78 107 54 90 77 92 58 46 43 27 48 82 40 35 57
41 103 116 71 73 66 33 104 89 53 113 102 120 110 91 111 19 15 72 104 117 101 111 7 81 43 13 103 116 13 12 28 34 85 28 82 24 6 88 63 14 87 117 39 90 64 3 46 29 43 68 62 86 44 119 105 34 68 70 4 56 83 76 106 113 8 84 27 47 85 12 97 62 46 34 26 101 119 94 36 95 16 104 39 117 43 50 83 16 108 42 19 16 114 86 4 62 120 24 25 32 58 88 1 89 77 45 79 60 80 100 3 37 66 80 101 86 111 78 82
32 60 92 76 110 42 43 55 33 92 2 27 5 115 7 20 3 98 75 90 32 23 69 64 38 73 102 57 50 64 101 59 8 10 62 93 120 84 85 83 71 46 10 30 15 57 73 118 9 41 47 119 65 48 99 27 45 35 61 90 12 67 11 109 68 104 37 116 93 42 77 104 60 12 24 108 67 80 55 35 67 7 63 84 26 98 12 79 95 100 57 90 98 78 8 65 3 70 77 22 6 113 45 16 76 62 52 106 72 69 117 16 65 66 101 90 41 13 79 20
55
